1.800000000000000000e+02
2.640000000000000000e+02
7.020000000000000000e+02
7.530000000000000000e+02
1.031000000000000000e+03
3.102000000000000000e+03
3.314000000000000000e+03
7.302000000000000000e+03
7.770000000000000000e+03
7.793000000000000000e+03
7.797000000000000000e+03
8.025000000000000000e+03
8.094000000000000000e+03
3.127600000000000000e+04
6.246500000000000000e+04
4.409170000000000000e+05
6.377580000000000000e+05
8.534330000000000000e+05
2.733294000000000000e+06
5.281167000000000000e+06
5.281168000000000000e+06
