#oID	descriptor	value	sigma
8658	INTENSITY/STRENGTH	57.23546724	0.979059205527
7720	INTENSITY/STRENGTH	50.8009652069	0.999743381895
325	INTENSITY/STRENGTH	62.6909390003	0.935576026916
521238	INTENSITY/STRENGTH	46.4545907739	0.994972029368
8051	INTENSITY/STRENGTH	51.1740091729	0.999448680985
62444	INTENSITY/STRENGTH	52.1478070491	0.998154769952
101604	INTENSITY/STRENGTH	48.06228174	0.998498099178
778574	INTENSITY/STRENGTH	47.2013788626	0.996867087892
7820	INTENSITY/STRENGTH	50.6243666142	0.999844066532
31265	INTENSITY/STRENGTH	48.8615290384	0.999481553548
8615	INTENSITY/STRENGTH	46.9036447544	0.996165033677
1551246	INTENSITY/STRENGTH	50.4201765223	0.999929380676
6584	INTENSITY/STRENGTH	38.3488381038	0.945700170587
5960	INTENSITY/STRENGTH	34.9285785991	0.909140902783
61918	INTENSITY/STRENGTH	53.9492473661	0.993761378096
8797	INTENSITY/STRENGTH	50.5380745611	0.999884190307
31260	INTENSITY/STRENGTH	35.6339035894	0.917446109568
18554	INTENSITY/STRENGTH	42.5622544405	0.977871976397
12748	INTENSITY/STRENGTH	46.53947395	0.995209903783
11525	INTENSITY/STRENGTH	49.0142342985	0.999611306393
440967	INTENSITY/STRENGTH	47.1162907542	0.996673688394
31234	INTENSITY/STRENGTH	48.6251518334	0.999243917008
7409	INTENSITY/STRENGTH	62.5760795829	0.93673688893
6106	INTENSITY/STRENGTH	32.9358821761	0.883526353157
8918	INTENSITY/STRENGTH	42.9031191782	0.97985371304
10748	INTENSITY/STRENGTH	53.2174064556	0.99585931828
7122	INTENSITY/STRENGTH	53.3611944257	0.995480948813
24197	INTENSITY/STRENGTH	47.9133963525	0.998258434087
11980	INTENSITY/STRENGTH	50.1923706455	0.999985197414
11086	INTENSITY/STRENGTH	61.7431491549	0.944839379171
7937	INTENSITY/STRENGTH	44.5711214931	0.988210911263
7792	INTENSITY/STRENGTH	48.2793771994	0.998815782871
13436	INTENSITY/STRENGTH	47.3043716045	0.997093435021
326	INTENSITY/STRENGTH	64.3760696916	0.917331448089
62332	INTENSITY/STRENGTH	48.120236782	0.998586596098
13561	INTENSITY/STRENGTH	46.7303777497	0.995723828136
7361	INTENSITY/STRENGTH	41.7695159863	0.97290365316
93375	INTENSITY/STRENGTH	55.250816197	0.988971571706
7147	INTENSITY/STRENGTH	53.2199962488	0.995852649663
641423	INTENSITY/STRENGTH	47.4838369629	0.997467569428
17617	INTENSITY/STRENGTH	47.364231803	0.997221090405
8082	INTENSITY/STRENGTH	47.9718753058	0.99835468409
7593	INTENSITY/STRENGTH	47.2569737565	0.996990322811
8137	INTENSITY/STRENGTH	46.3404006216	0.994642932956
8175	INTENSITY/STRENGTH	45.9680770972	0.993497439082
62900	INTENSITY/STRENGTH	49.7725569703	0.999979307867
8184	INTENSITY/STRENGTH	42.7568748191	0.979014855046
16324	INTENSITY/STRENGTH	50.1051537022	0.99999557708
7059	INTENSITY/STRENGTH	50.3425755644	0.999953056793
8908	INTENSITY/STRENGTH	46.5919819187	0.995354165103
638014	INTENSITY/STRENGTH	50.5581620817	0.999875382036
5541	INTENSITY/STRENGTH	49.1598516575	0.999717660305
637566	INTENSITY/STRENGTH	50.5872160961	0.999862070903
2969	INTENSITY/STRENGTH	45.5673812428	0.992140756381
7047	INTENSITY/STRENGTH	48.9261865713	0.999538769888
98330	INTENSITY/STRENGTH	41.8199012613	0.97323439385
61386	INTENSITY/STRENGTH	40.9552422716	0.967276943054
7654	INTENSITY/STRENGTH	48.4794996868	0.999075231519
243	INTENSITY/STRENGTH	54.0477157038	0.993446399033
61192	INTENSITY/STRENGTH	50.0797553802	0.999997455632
62580	INTENSITY/STRENGTH	51.8928573745	0.998566836384
12810	INTENSITY/STRENGTH	49.312527325	0.999810952528
8658	VALENCE/PLEASANTNESS	57.1145528557	0.979753255065
7720	VALENCE/PLEASANTNESS	44.7257984921	0.988873119382
325	VALENCE/PLEASANTNESS	44.4542360086	0.987697800701
521238	VALENCE/PLEASANTNESS	45.911451607	0.993313508815
8051	VALENCE/PLEASANTNESS	45.7804160925	0.992878044659
62444	VALENCE/PLEASANTNESS	28.8229222832	0.820612551751
101604	VALENCE/PLEASANTNESS	46.1825420141	0.99417080581
778574	VALENCE/PLEASANTNESS	45.6268784314	0.992350323099
7820	VALENCE/PLEASANTNESS	46.1431516303	0.994049888261
61199	VALENCE/PLEASANTNESS	44.7286046106	0.98888495626
31265	VALENCE/PLEASANTNESS	46.740141212	0.995749328273
8615	VALENCE/PLEASANTNESS	46.0312759149	0.993699691655
1551246	VALENCE/PLEASANTNESS	45.3520502515	0.991358625254
6584	VALENCE/PLEASANTNESS	46.0721814539	0.993828896588
5960	VALENCE/PLEASANTNESS	45.0591990116	0.990235394237
61918	VALENCE/PLEASANTNESS	44.9560285808	0.989823340929
8797	VALENCE/PLEASANTNESS	45.6637555028	0.992478793464
31260	VALENCE/PLEASANTNESS	43.7396360516	0.984323137294
18554	VALENCE/PLEASANTNESS	44.1436708505	0.986281363557
12748	VALENCE/PLEASANTNESS	43.3763070041	0.982450676439
11525	VALENCE/PLEASANTNESS	44.5823090868	0.988259450068
8063	VALENCE/PLEASANTNESS	44.3666949246	0.987306349571
440967	VALENCE/PLEASANTNESS	44.8185660299	0.989261096805
31234	VALENCE/PLEASANTNESS	44.5923303917	0.988302843763
7409	VALENCE/PLEASANTNESS	44.2774991563	0.986901193638
6106	VALENCE/PLEASANTNESS	39.0600579691	0.952127067344
8918	VALENCE/PLEASANTNESS	46.2388807799	0.994341592885
10748	VALENCE/PLEASANTNESS	45.5636556713	0.992127539599
62725	VALENCE/PLEASANTNESS	28.5701800988	0.816305127601
7122	VALENCE/PLEASANTNESS	45.4813529608	0.991832731574
24197	VALENCE/PLEASANTNESS	46.3784698883	0.99475380786
1032	VALENCE/PLEASANTNESS	44.9350950309	0.989738695062
11980	VALENCE/PLEASANTNESS	45.7888906959	0.992906623371
11086	VALENCE/PLEASANTNESS	45.4024224369	0.99154491222
7937	VALENCE/PLEASANTNESS	44.2267749368	0.986667948948
7792	VALENCE/PLEASANTNESS	44.4491776499	0.987675348495
13436	VALENCE/PLEASANTNESS	28.119920575	0.808504849742
326	VALENCE/PLEASANTNESS	58.3116202157	0.972366787756
62332	VALENCE/PLEASANTNESS	45.7875088692	0.992901967389
13561	VALENCE/PLEASANTNESS	45.8409946384	0.993081069761
7361	VALENCE/PLEASANTNESS	43.7766426112	0.984507929125
93375	VALENCE/PLEASANTNESS	44.644753703	0.988528534839
7147	VALENCE/PLEASANTNESS	44.4097529057	0.98749965497
641423	VALENCE/PLEASANTNESS	45.7574293676	0.992800237772
17617	VALENCE/PLEASANTNESS	46.3495392057	0.994669654396
8082	VALENCE/PLEASANTNESS	43.5380292991	0.983297173864
7593	VALENCE/PLEASANTNESS	45.3304893944	0.991278268282
8137	VALENCE/PLEASANTNESS	46.1169122301	0.993968651748
8175	VALENCE/PLEASANTNESS	44.9169695356	0.989665120519
62900	VALENCE/PLEASANTNESS	45.2713775855	0.991056052025
8184	VALENCE/PLEASANTNESS	44.7596072937	0.989015313714
16324	VALENCE/PLEASANTNESS	46.1015227684	0.99392075011
7059	VALENCE/PLEASANTNESS	44.3938221241	0.98742830785
8908	VALENCE/PLEASANTNESS	46.3712969237	0.994733005594
638014	VALENCE/PLEASANTNESS	45.5617759327	0.992120866851
12587	VALENCE/PLEASANTNESS	38.087811409	0.943239905189
5541	VALENCE/PLEASANTNESS	46.0758066653	0.993840282669
61670	VALENCE/PLEASANTNESS	44.1679247247	0.986394759193
637566	VALENCE/PLEASANTNESS	45.2993667158	0.991161618691
2969	VALENCE/PLEASANTNESS	37.2988331702	0.935472144465
7047	VALENCE/PLEASANTNESS	44.486356608	0.987839894618
98330	VALENCE/PLEASANTNESS	43.9761837534	0.985485455131
61386	VALENCE/PLEASANTNESS	46.0401221003	0.993727746808
7654	VALENCE/PLEASANTNESS	45.8195643589	0.99300958314
243	VALENCE/PLEASANTNESS	36.5495751999	0.927634429078
61192	VALENCE/PLEASANTNESS	45.658286144	0.992459808317
61130	VALENCE/PLEASANTNESS	44.9232443916	0.989690620997
62580	VALENCE/PLEASANTNESS	46.0743464611	0.993835697717
12810	VALENCE/PLEASANTNESS	45.4331401211	0.991657516338
8658	BAKERY	7.64492767791	0.282419139436
7720	BAKERY	2.40076396679	0.0937250916218
325	BAKERY	3.63032920963	0.139941452317
521238	BAKERY	2.72590652818	0.106064034567
8051	BAKERY	2.4946997652	0.0972985798407
62444	BAKERY	3.64488797651	0.140481435716
101604	BAKERY	3.03229909375	0.117614028632
778574	BAKERY	3.88008809156	0.149181490223
7820	BAKERY	3.72008575943	0.143267815154
61199	BAKERY	4.86401792225	0.185097248751
31265	BAKERY	2.97940010376	0.115625274159
8615	BAKERY	3.61429115106	0.139346405833
1551246	BAKERY	2.86335369942	0.111254630213
6584	BAKERY	3.89644006898	0.149784704675
5960	BAKERY	4.4985053435	0.17184559361
61918	BAKERY	5.0014975191	0.190053909791
8797	BAKERY	4.41670804229	0.168865397719
31260	BAKERY	2.69263111285	0.10480513959
18554	BAKERY	3.84415311917	0.147855119485
12748	BAKERY	5.23544658129	0.198453902889
11525	BAKERY	3.19196854004	0.123603276337
8063	BAKERY	3.10939511128	0.120508469268
440967	BAKERY	2.44246167815	0.0953122195063
31234	BAKERY	3.02559225977	0.117362006982
7409	BAKERY	3.6124176391	0.139276881084
6106	BAKERY	3.89178615127	0.149613046272
8918	BAKERY	2.6349920078	0.10262240716
10748	BAKERY	5.05405487273	0.191944806646
62725	BAKERY	4.08070722579	0.156567420447
7122	BAKERY	3.6835053213	0.141912928271
24197	BAKERY	3.96005650796	0.1521294413
1032	BAKERY	3.90698918654	0.15017374166
11980	BAKERY	4.90042792354	0.186411439408
11086	BAKERY	4.75009914946	0.180978589206
7937	BAKERY	3.94546388578	0.151591881321
7792	BAKERY	2.44686549362	0.0954797594471
13436	BAKERY	3.21204533349	0.12435491925
326	BAKERY	6.44424223802	0.241158386312
62332	BAKERY	3.77639802325	0.145351448118
13561	BAKERY	2.34886037668	0.0917475570397
7361	BAKERY	4.31151571143	0.165024961365
93375	BAKERY	3.3760613979	0.130483339691
7147	BAKERY	3.60535769317	0.139014866089
641423	BAKERY	3.87883264618	0.149135168768
17617	BAKERY	3.01825283746	0.117086173422
8082	BAKERY	2.43822723907	0.0951511087351
7593	BAKERY	2.83433474126	0.11016000828
8137	BAKERY	2.88945046874	0.112238449145
8175	BAKERY	2.39996280141	0.0936945834772
62900	BAKERY	3.12682453551	0.12116216875
8184	BAKERY	2.24934409721	0.0879499443413
16324	BAKERY	3.35445456329	0.129677236365
7059	BAKERY	3.866626882	0.148684753902
8908	BAKERY	2.85545104198	0.110956601418
638014	BAKERY	2.90860489165	0.1129602027
12587	BAKERY	3.15677065176	0.122284745691
5541	BAKERY	3.84888776748	0.14802993588
61670	BAKERY	4.27065348398	0.163530746887
637566	BAKERY	2.73207682461	0.106297375474
2969	BAKERY	2.58789283772	0.100836837773
7047	BAKERY	3.35373689428	0.129650455309
98330	BAKERY	4.58998423557	0.17517218731
61386	BAKERY	2.51073877962	0.0979080274969
7654	BAKERY	3.74984822399	0.144369384279
243	BAKERY	4.24101452393	0.16244609928
61192	BAKERY	5.43672356945	0.20564575751
61130	BAKERY	3.49322451914	0.134847933749
62580	BAKERY	4.58460278691	0.174976678391
12810	BAKERY	2.9501348066	0.114524074113
8658	SWEET	30.6499197761	0.850229758132
7720	SWEET	14.8563097148	0.505968413256
325	SWEET	13.4424767632	0.465418997918
521238	SWEET	15.9410606598	0.53599546041
8051	SWEET	15.7894679601	0.53185579902
62444	SWEET	15.1542819897	0.514310374538
101604	SWEET	15.5641036917	0.525667618176
778574	SWEET	14.8448449673	0.505646029851
7820	SWEET	16.0244312142	0.538264290274
61199	SWEET	14.6032584285	0.498828274448
31265	SWEET	17.044193181	0.565565918764
8615	SWEET	14.8930390933	0.507000518358
1551246	SWEET	15.1306462305	0.513651267078
6584	SWEET	15.5896138988	0.526370131348
5960	SWEET	14.9260315192	0.507926694002
61918	SWEET	14.565937965	0.497770899079
8797	SWEET	17.4051609345	0.575030586518
31260	SWEET	13.1900969066	0.458012413701
18554	SWEET	13.3873034619	0.463804180883
12748	SWEET	12.1905869031	0.428179312508
11525	SWEET	13.6718413072	0.472105954396
8063	SWEET	14.9811073606	0.509470863324
440967	SWEET	13.5845267562	0.469565323372
31234	SWEET	13.4258058031	0.464931327538
7409	SWEET	12.9231635427	0.450123279329
6106	SWEET	14.7934752602	0.504200246299
8918	SWEET	15.9989360688	0.537571060618
10748	SWEET	14.5643478321	0.497725822176
62725	SWEET	13.0095080737	0.452681402819
7122	SWEET	14.3288050136	0.491026339297
24197	SWEET	16.4655040656	0.55017503297
1032	SWEET	14.5555097761	0.497475245106
11980	SWEET	15.4874092932	0.523552433082
11086	SWEET	14.4239572531	0.493738072989
7937	SWEET	13.1746133191	0.457556358322
7792	SWEET	14.1954594825	0.487213951334
13436	SWEET	12.6949273822	0.443332622793
326	SWEET	31.5232949211	0.86344454777
62332	SWEET	14.661180073	0.500467122466
13561	SWEET	15.9505725012	0.536254594801
7361	SWEET	12.4271830625	0.435313370952
93375	SWEET	14.1355924381	0.485497708094
7147	SWEET	13.6565909754	0.471662648187
641423	SWEET	14.9242442481	0.507876543374
17617	SWEET	16.1799560835	0.542481851793
8082	SWEET	10.0894721054	0.362859905271
7593	SWEET	14.1606557133	0.486216560439
8137	SWEET	15.9773622325	0.536984047738
8175	SWEET	15.038127994	0.511067002335
62900	SWEET	15.0613643499	0.511716695563
8184	SWEET	14.5037995107	0.496007900328
16324	SWEET	16.4606301654	0.550044268439
7059	SWEET	12.8552892721	0.448108185977
8908	SWEET	16.1921107964	0.542810651039
638014	SWEET	14.7331755785	0.502500438089
12587	SWEET	14.1918894596	0.487111687809
5541	SWEET	15.7510056373	0.530802554057
61670	SWEET	12.6627738371	0.442372616984
637566	SWEET	14.8362419858	0.505404048926
2969	SWEET	15.1467899062	0.514101498463
7047	SWEET	12.5036285297	0.437608850626
98330	SWEET	12.0144319372	0.422838647579
61386	SWEET	15.8203148136	0.532699648224
7654	SWEET	14.9212949751	0.50779378151
243	SWEET	13.7747615785	0.475092840522
61192	SWEET	15.1664897086	0.514650624312
61130	SWEET	14.078737372	0.483865156483
62580	SWEET	15.5642033567	0.525670363818
12810	SWEET	15.0440474339	0.51123255208
8658	FRUIT	9.96068529336	0.358741311129
7720	FRUIT	8.18313298355	0.300539853171
325	FRUIT	4.59088508245	0.175204912962
521238	FRUIT	9.52763398267	0.344795035584
8051	FRUIT	11.5582697116	0.408893348974
62444	FRUIT	8.73677883648	0.318938631684
101604	FRUIT	6.32020558924	0.236830224093
778574	FRUIT	5.79797302308	0.218472324453
7820	FRUIT	7.81793267731	0.288269278554
61199	FRUIT	5.23484287647	0.198432283082
31265	FRUIT	20.5351656694	0.652729415149
8615	FRUIT	5.56101361502	0.21007059563
1551246	FRUIT	6.59436404243	0.246380306848
6584	FRUIT	7.10249442886	0.26392160631
5960	FRUIT	5.94974521545	0.223830021366
61918	FRUIT	5.65621964639	0.21345165758
8797	FRUIT	5.46355178447	0.206601912138
31260	FRUIT	5.20760636022	0.197456588808
18554	FRUIT	4.73867681054	0.180565049256
12748	FRUIT	4.10098833977	0.157312291446
11525	FRUIT	4.76721032479	0.181597895279
8063	FRUIT	8.20379255344	0.301230817234
440967	FRUIT	4.83083062048	0.183898455026
31234	FRUIT	4.92864384952	0.187429141903
7409	FRUIT	4.42380929339	0.16912433627
6106	FRUIT	3.43395113895	0.132641237388
8918	FRUIT	8.52308342622	0.311866156613
10748	FRUIT	4.84442070359	0.184389463362
62725	FRUIT	4.69691635824	0.179052245019
7122	FRUIT	5.01249759483	0.190449850938
24197	FRUIT	9.63545674575	0.34828145915
1032	FRUIT	6.68709224066	0.249596808573
11980	FRUIT	7.09253103245	0.26357964272
11086	FRUIT	5.19704417768	0.197078059833
7937	FRUIT	4.37320491332	0.167278228047
7792	FRUIT	6.00687008887	0.225841808249
13436	FRUIT	4.19292303171	0.160684679849
326	FRUIT	10.1816565749	0.365799810753
62332	FRUIT	5.32929205661	0.201811140735
13561	FRUIT	8.81992102829	0.321680438353
7361	FRUIT	4.24209211321	0.16248554633
93375	FRUIT	4.98518020762	0.189466399624
7147	FRUIT	4.7552609428	0.181165435058
641423	FRUIT	5.82799440093	0.219533568542
17617	FRUIT	7.35137821128	0.272438023809
8082	FRUIT	2.64924369601	0.103162350976
7593	FRUIT	5.16431440472	0.195904518881
8137	FRUIT	8.42744180147	0.308688961932
8175	FRUIT	7.15383603608	0.265682493431
62900	FRUIT	6.96891071717	0.259330142053
8184	FRUIT	6.52435517622	0.243947322863
16324	FRUIT	10.8720706902	0.387602059172
7059	FRUIT	4.10988715728	0.157639017313
8908	FRUIT	10.460428878	0.374648926196
638014	FRUIT	5.56132532626	0.210081677297
12587	FRUIT	4.09686233746	0.157160781094
5541	FRUIT	6.84779220988	0.255154785135
61670	FRUIT	4.09348744581	0.157036842045
637566	FRUIT	6.58559135359	0.246075648753
2969	FRUIT	4.28212282815	0.16395028276
7047	FRUIT	4.08926632966	0.15688181354
98330	FRUIT	3.31007480426	0.128020354086
61386	FRUIT	8.0241339163	0.295210666609
7654	FRUIT	5.94853669356	0.223787432225
243	FRUIT	1.35514028073	0.053471049157
61192	FRUIT	6.40585110689	0.239820072914
61130	FRUIT	5.08225052231	0.192958312744
62580	FRUIT	5.59193909216	0.211169650562
12810	FRUIT	6.7381909547	0.251366351251
8658	FISH	1.19709336942	0.0473105217629
7720	FISH	1.06353318842	0.0420888863996
325	FISH	1.14274103986	0.0451872987606
521238	FISH	1.02975091296	0.0407658817414
8051	FISH	1.03769374469	0.0410770264645
62444	FISH	5.76919161418	0.217454235815
101604	FISH	1.10066857792	0.0435421545895
778574	FISH	1.17502309234	0.0464486519865
7820	FISH	1.11342734975	0.0440412058047
61199	FISH	1.09044980171	0.0431423597602
31265	FISH	1.0281207758	0.0407020181002
8615	FISH	1.26591212623	0.0499954716446
1551246	FISH	1.15656716929	0.0457276277247
6584	FISH	1.03129804244	0.0408264914367
5960	FISH	1.15881475656	0.0458154496064
61918	FISH	1.10310782057	0.0436375740773
8797	FISH	1.10029386505	0.0435274959661
31260	FISH	1.11322200267	0.0440331748158
18554	FISH	1.27792181624	0.050463638982
12748	FISH	3.82459521483	0.14713279717
11525	FISH	1.10466556398	0.0436985081559
8063	FISH	1.16033373838	0.0458747997814
440967	FISH	1.11070825997	0.0439348612632
31234	FISH	1.34830633551	0.0532050814306
7409	FISH	1.25751798108	0.049668178654
6106	FISH	1.08843968948	0.0430637071963
8918	FISH	0.988690410845	0.0391566129424
10748	FISH	1.16421961926	0.0460266218417
62725	FISH	3.73062577864	0.143658003666
7122	FISH	1.15052294877	0.0454914367287
24197	FISH	1.07879752708	0.0426863794414
1032	FISH	1.10641213638	0.0437668263288
11980	FISH	1.17417574803	0.0464155544464
11086	FISH	1.15876532107	0.0458135180149
7937	FISH	1.18475207511	0.0468286280125
7792	FISH	1.07919887221	0.0427020868062
13436	FISH	5.49089269736	0.207575746849
326	FISH	1.09137736945	0.0431786529531
62332	FISH	1.24205844681	0.0490652541983
13561	FISH	1.03034654106	0.0407892160447
7361	FISH	1.34528577355	0.053087513417
93375	FISH	1.12680545209	0.044564341873
7147	FISH	1.25323403537	0.0495011231958
641423	FISH	1.23671614369	0.0488568590197
17617	FISH	1.13708325085	0.0449661467062
8082	FISH	1.56544467948	0.0616375403615
7593	FISH	1.28022209023	0.0505532961691
8137	FISH	1.03793568815	0.0410865033291
8175	FISH	1.0393865317	0.041143331523
62900	FISH	1.0908292411	0.0431572062708
8184	FISH	0.968685108512	0.0383720640047
16324	FISH	1.11681384177	0.0441736444078
7059	FISH	1.22331947334	0.0483341747202
8908	FISH	1.01545815689	0.0402058641684
638014	FISH	1.05354633298	0.0416978693687
12587	FISH	1.1002793695	0.0435269289035
5541	FISH	1.11138640607	0.0439613843453
61670	FISH	1.23681891646	0.0488608682456
637566	FISH	1.1247748119	0.0444849451251
2969	FISH	1.01037638402	0.0400067111858
7047	FISH	1.30558962873	0.0515417594378
98330	FISH	4.19701838028	0.160834749897
61386	FISH	0.996510624142	0.0394632115961
7654	FISH	1.24257418549	0.0490853711768
243	FISH	1.23561980244	0.0488140895793
61192	FISH	3.9864169613	0.153100070376
61130	FISH	1.11206621396	0.0439879720528
62580	FISH	1.11018608931	0.0439144383114
12810	FISH	1.08769286245	0.0430344841928
8658	GARLIC	2.62845800518	0.102374803613
7720	GARLIC	2.88505984021	0.112072965496
325	GARLIC	2.79971744232	0.10885333059
521238	GARLIC	2.64837204171	0.10312933188
8051	GARLIC	2.66980372516	0.103941008234
62444	GARLIC	7.94882365354	0.292679427152
101604	GARLIC	2.7803104858	0.108120368873
778574	GARLIC	2.688291908	0.104640910967
7820	GARLIC	2.7898643669	0.108481237402
61199	GARLIC	2.8540280088	0.110902930002
31265	GARLIC	2.58215686133	0.10061926083
8615	GARLIC	2.55305608108	0.099515005102
1551246	GARLIC	2.96113589593	0.114938105519
6584	GARLIC	2.83117897705	0.110040929322
5960	GARLIC	2.98276586403	0.115751877681
61918	GARLIC	2.80080621735	0.108894442507
8797	GARLIC	2.61715641704	0.101946453597
31260	GARLIC	3.23678811398	0.125280805641
18554	GARLIC	2.99380419923	0.116167022536
12748	GARLIC	3.50481190177	0.135278993484
11525	GARLIC	3.77504518581	0.14530142097
8063	GARLIC	2.81164729331	0.109303747531
440967	GARLIC	3.29076518555	0.127298953219
31234	GARLIC	2.86576774567	0.111345659918
7409	GARLIC	2.79472033507	0.108664628702
6106	GARLIC	2.91722906008	0.113285072248
8918	GARLIC	2.60595474125	0.101521789605
10748	GARLIC	2.59658422161	0.101166469017
62725	GARLIC	3.23695685498	0.125287118327
7122	GARLIC	2.58991779794	0.100913642237
24197	GARLIC	2.73611504628	0.106450071633
1032	GARLIC	2.96351370847	0.115027582939
11980	GARLIC	2.7235102834	0.105973408031
11086	GARLIC	2.64225964354	0.102897771332
7937	GARLIC	2.80573531079	0.109080552178
7792	GARLIC	3.0137795946	0.116918036806
13436	GARLIC	6.24501401339	0.234200480525
326	GARLIC	2.62763434268	0.102343588812
62332	GARLIC	2.58830333647	0.100852407794
13561	GARLIC	2.64697646821	0.103076464959
7361	GARLIC	3.20580327327	0.12412126108
93375	GARLIC	3.03545983642	0.117732786889
7147	GARLIC	2.80348468014	0.108995576665
641423	GARLIC	2.67685969066	0.104208156505
17617	GARLIC	3.44907273855	0.13320446844
8082	GARLIC	4.52276527089	0.172728448557
7593	GARLIC	2.64499459621	0.103001385283
8137	GARLIC	2.65805472479	0.103496087023
8175	GARLIC	2.64553145492	0.103021723525
62900	GARLIC	2.84781338485	0.110668518964
8184	GARLIC	2.75672709062	0.107229265924
16324	GARLIC	2.72034060595	0.105853523033
7059	GARLIC	2.74528857162	0.106796899128
8908	GARLIC	2.60385824623	0.101442298743
638014	GARLIC	2.81146530284	0.109296877254
12587	GARLIC	2.91439788838	0.113178429515
5541	GARLIC	2.78502744622	0.108298546698
61670	GARLIC	2.78960547322	0.10847145945
637566	GARLIC	2.92103171626	0.113428298136
2969	GARLIC	2.67551788553	0.104157357039
7047	GARLIC	2.63529267018	0.102633799824
98330	GARLIC	7.08901381043	0.263458905695
61386	GARLIC	2.61109052624	0.101716503555
7654	GARLIC	2.68175165612	0.104393349467
243	GARLIC	2.68224896506	0.104412174798
61192	GARLIC	3.05465662357	0.118453894108
61130	GARLIC	2.89732463152	0.112535189253
62580	GARLIC	2.68558985619	0.104538637097
12810	GARLIC	2.9798676365	0.115642861007
8658	SPICES	7.18136584246	0.266625827553
7720	SPICES	5.57082432249	0.210419339447
325	SPICES	8.02280247174	0.295165955069
521238	SPICES	5.47553509058	0.207028809812
8051	SPICES	5.38879706511	0.203936229081
62444	SPICES	5.78183451994	0.217901536631
101604	SPICES	6.12451324812	0.229976664914
778574	SPICES	6.72067684717	0.250760074973
7820	SPICES	5.77496911876	0.217658657421
61199	SPICES	6.69249835069	0.249784120358
31265	SPICES	5.29535829759	0.200598004104
8615	SPICES	6.40230112113	0.239696260987
1551246	SPICES	5.9430544459	0.223594219377
6584	SPICES	5.93234422037	0.223216685635
5960	SPICES	5.68503826718	0.214473666647
61918	SPICES	6.3567401543	0.238106348016
8797	SPICES	7.23066309535	0.268313528295
31260	SPICES	6.329595849	0.237158320515
18554	SPICES	6.81692862919	0.254088938793
12748	SPICES	7.33290676223	0.271807661856
11525	SPICES	6.62003109452	0.247271319104
8063	SPICES	5.42949562083	0.205388055754
440967	SPICES	6.80390429178	0.253638926227
31234	SPICES	6.68127911892	0.249395368491
7409	SPICES	7.4329768667	0.275219416628
6106	SPICES	6.04858044744	0.227309087726
8918	SPICES	5.17763862531	0.196382368319
10748	SPICES	7.21553814939	0.267795929662
62725	SPICES	7.02248586676	0.261173311571
7122	SPICES	6.91166834105	0.257358269939
24197	SPICES	5.65472621545	0.213398677189
1032	SPICES	5.71790773922	0.215638522003
11980	SPICES	6.32569281115	0.23702195663
11086	SPICES	6.81496277317	0.254021023887
7937	SPICES	7.60852973746	0.281185299592
7792	SPICES	5.94762725933	0.223755382367
13436	SPICES	7.22967771008	0.268279812487
326	SPICES	7.76911586594	0.286620970102
62332	SPICES	6.57957111365	0.24586654213
13561	SPICES	5.25244849504	0.199062653724
7361	SPICES	7.16201858844	0.265962939433
93375	SPICES	6.6813841233	0.249399007411
7147	SPICES	6.97211283653	0.259440370499
641423	SPICES	6.62532465994	0.247455015658
17617	SPICES	5.80780733909	0.218820043129
8082	SPICES	6.47014083523	0.242060544438
7593	SPICES	6.47948565009	0.242385932288
8137	SPICES	5.38761316214	0.203893976252
8175	SPICES	5.06747658308	0.192427335755
62900	SPICES	5.83555280339	0.219800641527
8184	SPICES	5.0101453915	0.190365192922
16324	SPICES	5.55560987554	0.209878474586
7059	SPICES	7.96868229881	0.293347332921
8908	SPICES	5.29959421584	0.200749489092
638014	SPICES	6.45640383242	0.241582093118
12587	SPICES	5.95293527601	0.22394243568
5541	SPICES	5.76915729534	0.217453021454
61670	SPICES	7.50512622182	0.277674281031
637566	SPICES	5.9405163726	0.223504760995
2969	SPICES	5.10516621179	0.193781559652
7047	SPICES	7.32456976258	0.27152306162
98330	SPICES	7.77959924216	0.286975103939
61386	SPICES	5.2020629917	0.19725793592
7654	SPICES	6.40151509105	0.239668845457
243	SPICES	6.75329022996	0.251888837626
61192	SPICES	6.27972539804	0.235415035492
61130	SPICES	6.64639430326	0.248185949237
62580	SPICES	7.33148069624	0.27175898417
12810	SPICES	5.71335255124	0.2154771431
8658	COLD	5.02093499963	0.190753484677
7720	COLD	5.00756161592	0.190272195302
325	COLD	5.1295670521	0.194657698827
521238	COLD	5.00917068806	0.19033011113
8051	COLD	4.95185987231	0.188266028414
62444	COLD	2.76719236538	0.107624753181
101604	COLD	5.37450811442	0.203426189588
778574	COLD	4.95423019751	0.18835144916
7820	COLD	4.83639105269	0.184099370742
61199	COLD	5.17940786618	0.19644580831
31265	COLD	4.892286045	0.186117656702
8615	COLD	4.85903459489	0.184917296918
1551246	COLD	4.91333906911	0.186877202441
6584	COLD	5.01264823697	0.19045527254
5960	COLD	4.67245911849	0.178165615054
61918	COLD	4.96863003996	0.188870287809
8797	COLD	5.13706033169	0.194926657727
31260	COLD	5.11653221129	0.194189727704
18554	COLD	4.98686625969	0.189527116351
12748	COLD	3.02746341526	0.117432322718
11525	COLD	6.18281719419	0.232021796385
8063	COLD	4.89509444849	0.186218998076
440967	COLD	6.22504074531	0.2335011769
31234	COLD	4.89508110128	0.186218516456
7409	COLD	5.07269599201	0.192614941829
6106	COLD	4.95694837635	0.188449400172
8918	COLD	4.99644169061	0.189871895797
10748	COLD	5.01481869487	0.190533385178
62725	COLD	3.02092377198	0.117186558705
7122	COLD	4.97116176831	0.188961491002
24197	COLD	4.89710567736	0.186291569488
1032	COLD	4.83655742892	0.184105382051
11980	COLD	4.89909968248	0.18636351622
11086	COLD	5.0702139832	0.192525731394
7937	COLD	5.11105029941	0.193992877911
7792	COLD	5.06254070774	0.192249900943
13436	COLD	2.57711227446	0.100427887908
326	COLD	5.11740411481	0.194221034643
62332	COLD	4.87103625971	0.185350652691
13561	COLD	4.91749602567	0.187027134162
7361	COLD	4.94016905611	0.187844654123
93375	COLD	5.6471837775	0.213131077253
7147	COLD	5.01822770166	0.19065606436
641423	COLD	4.89861718314	0.186346107203
17617	COLD	5.20869950068	0.197495759832
8082	COLD	7.67674965708	0.283496992164
7593	COLD	4.86630541692	0.185179845313
8137	COLD	4.94857051591	0.188147480576
8175	COLD	5.00530216132	0.190190866562
62900	COLD	5.26979173359	0.199683387377
8184	COLD	5.03430546488	0.19123452599
16324	COLD	4.82727232078	0.183769869607
7059	COLD	4.97646168225	0.18915239894
8908	COLD	4.99373542589	0.189774459634
638014	COLD	5.44996862807	0.206117881904
12587	COLD	4.94569498413	0.188043839815
5541	COLD	4.94516482493	0.188024730939
61670	COLD	4.94373907952	0.187973340746
637566	COLD	4.92530795908	0.187308854967
2969	COLD	4.88489889912	0.185851061063
7047	COLD	4.97836403576	0.189220918041
98330	COLD	4.18253244305	0.160303866667
61386	COLD	4.90204355734	0.186469729879
7654	COLD	4.90473257387	0.186566742306
243	COLD	4.91162430898	0.186815351018
61192	COLD	2.85399544886	0.110901701945
61130	COLD	5.68958333085	0.214634789842
62580	COLD	4.98436760632	0.189437136079
12810	COLD	5.337601035	0.202108047476
8658	SOUR	7.6515952808	0.282645047095
7720	SOUR	8.69151050105	0.317443478126
325	SOUR	7.87718222173	0.290267288968
521238	SOUR	8.60679948831	0.31464118056
8051	SOUR	9.07118205975	0.329932744805
62444	SOUR	9.53231899648	0.344946717679
101604	SOUR	8.20352016081	0.301221709221
778574	SOUR	8.0180242238	0.295005483971
7820	SOUR	9.11771642627	0.331455555919
61199	SOUR	8.2523098404	0.302852146535
31265	SOUR	8.71548902917	0.31823566156
8615	SOUR	7.85693026889	0.289584669455
1551246	SOUR	9.05815352747	0.329506082968
6584	SOUR	8.83152476014	0.32206265857
5960	SOUR	12.5999191162	0.440493579954
61918	SOUR	8.35405816278	0.306246211396
8797	SOUR	7.91685659769	0.291603616552
31260	SOUR	8.84461989473	0.322493875356
18554	SOUR	8.11665068852	0.298314020181
12748	SOUR	8.08972022002	0.297411379506
11525	SOUR	7.83734533902	0.288924220775
8063	SOUR	14.2901281326	0.489922020487
440967	SOUR	7.88866473819	0.290654176987
31234	SOUR	8.03054849991	0.295426056313
7409	SOUR	7.72397346932	0.285095032311
6106	SOUR	9.0386394538	0.328866776882
8918	SOUR	8.38773078029	0.307367620154
10748	SOUR	7.61148092034	0.281285380093
62725	SOUR	8.34128444387	0.305820567285
7122	SOUR	7.76952733352	0.286634871346
24197	SOUR	8.65815873393	0.316340864292
1032	SOUR	14.2217164633	0.487965770867
11980	SOUR	8.20063803412	0.301125335698
11086	SOUR	7.85737092706	0.289599525928
7937	SOUR	7.81662376479	0.288225107759
7792	SOUR	8.7249318171	0.318547498599
13436	SOUR	7.47178912181	0.2765405118
326	SOUR	7.66837300821	0.283213342491
62332	SOUR	7.85355758691	0.289470956768
13561	SOUR	8.69326296771	0.317501390298
7361	SOUR	7.99848898028	0.294349228824
93375	SOUR	12.3220775615	0.432149664286
7147	SOUR	7.90982632814	0.291366912109
641423	SOUR	8.14261359388	0.2991836813
17617	SOUR	8.75023511662	0.319382758826
8082	SOUR	7.09198945734	0.263561052508
7593	SOUR	7.95120092266	0.292759398461
8137	SOUR	8.60626785849	0.314623575759
8175	SOUR	12.0353731119	0.423474842098
62900	SOUR	8.42232700065	0.308518843184
8184	SOUR	8.41181083317	0.30816900873
16324	SOUR	9.90709901757	0.357023716325
7059	SOUR	7.54660993881	0.279083868925
8908	SOUR	8.54983327318	0.312753471327
638014	SOUR	8.12969844769	0.298751139167
12587	SOUR	14.3493514389	0.491612502869
5541	SOUR	8.72693355812	0.318613594594
61670	SOUR	7.62895118403	0.281877688894
637566	SOUR	9.07386312128	0.330020528074
2969	SOUR	12.4492185969	0.435975526406
7047	SOUR	7.3471330254	0.272293175539
98330	SOUR	7.80851951723	0.287951589869
61386	SOUR	8.31449859203	0.304927588946
7654	SOUR	8.07185436269	0.296812241367
243	SOUR	11.1800059374	0.397203224391
61192	SOUR	8.38454778719	0.307261654849
61130	SOUR	12.169163846	0.427531134355
62580	SOUR	7.93886624641	0.292344410945
12810	SOUR	8.25585644786	0.302970591639
8658	BURNT	6.27133655879	0.235121597458
7720	BURNT	4.99779303424	0.189920547284
325	BURNT	6.15687240596	0.231112065109
521238	BURNT	4.89122565236	0.186079390741
8051	BURNT	4.86773333057	0.185231402112
62444	BURNT	5.71563725093	0.215558086364
101604	BURNT	5.26148510787	0.199386114099
778574	BURNT	5.62245436178	0.212253377251
7820	BURNT	4.99586790807	0.189851237861
61199	BURNT	6.00646784296	0.225827651339
31265	BURNT	4.73451172851	0.180414228618
8615	BURNT	5.66730641786	0.213844911901
1551246	BURNT	4.98750659994	0.189550175164
6584	BURNT	5.04110038418	0.191478938134
5960	BURNT	5.2483562796	0.198916153729
61918	BURNT	6.31537536936	0.236661428352
8797	BURNT	5.87763609842	0.221286801495
31260	BURNT	5.35860727301	0.202858422158
18554	BURNT	7.38391667452	0.273547776798
12748	BURNT	6.77942222182	0.252792662608
11525	BURNT	7.3412564129	0.272092638228
8063	BURNT	4.96390339635	0.188700001083
440967	BURNT	5.86875543117	0.220973301123
31234	BURNT	6.01863017772	0.226255643422
7409	BURNT	6.24326848831	0.234139378966
6106	BURNT	5.26955306985	0.199674846972
8918	BURNT	4.93672526175	0.187720507946
10748	BURNT	6.1943688357	0.232426671319
62725	BURNT	7.82318938765	0.288446658628
7122	BURNT	6.11280469664	0.229565635362
24197	BURNT	4.90635923463	0.186625425009
1032	BURNT	5.16671639156	0.195990672354
11980	BURNT	6.03995868906	0.227005907176
11086	BURNT	6.12961079174	0.230155580286
7937	BURNT	6.57013625811	0.245538774145
7792	BURNT	5.29337239326	0.200526979213
13436	BURNT	11.4476008415	0.40548500765
326	BURNT	6.00290046008	0.22570209283
62332	BURNT	5.74188040568	0.21648753999
13561	BURNT	4.88212760893	0.185751036361
7361	BURNT	7.55202714842	0.279267840317
93375	BURNT	6.52387372801	0.243930577753
7147	BURNT	6.07109393715	0.228100484848
641423	BURNT	5.64509066284	0.213056807077
17617	BURNT	4.88540749629	0.18586941729
8082	BURNT	5.45157549895	0.20617514979
7593	BURNT	5.85686459448	0.220553438628
8137	BURNT	4.94280849357	0.187939797421
8175	BURNT	5.11458840258	0.194119930292
62900	BURNT	5.51091269216	0.208288444206
8184	BURNT	5.23498686886	0.198437439748
16324	BURNT	4.75933844639	0.181313016877
7059	BURNT	6.88226353414	0.256344320824
8908	BURNT	4.82779418245	0.183788728631
638014	BURNT	5.55817621195	0.209969719357
12587	BURNT	5.21100467558	0.197578359132
5541	BURNT	4.95976997794	0.188551071824
61670	BURNT	7.22032136334	0.267959638298
637566	BURNT	5.00260816091	0.190093891072
2969	BURNT	5.10464951643	0.193763001983
7047	BURNT	6.89565505006	0.256806178575
98330	BURNT	6.04281497897	0.227106354011
61386	BURNT	5.05862663784	0.192109184129
7654	BURNT	5.67565656763	0.214141031716
243	BURNT	6.03295258537	0.226759496656
61192	BURNT	5.61135525738	0.211859287165
61130	BURNT	5.68862992684	0.214600992896
62580	BURNT	5.72769078326	0.215985054647
12810	BURNT	5.68813542713	0.21458346323
8658	ACID	6.39966017052	0.239604146702
7720	ACID	6.98980209608	0.260049150506
325	ACID	7.1430669813	0.265313316892
521238	ACID	6.60594899935	0.246782535101
8051	ACID	6.63333532809	0.247732958094
62444	ACID	6.29819318741	0.236060832526
101604	ACID	6.53231119131	0.244224011852
778574	ACID	6.5050726593	0.243276518251
7820	ACID	6.13624690347	0.230388465715
61199	ACID	6.42974113379	0.240653016933
31265	ACID	6.24023792994	0.234033289429
8615	ACID	6.16977130764	0.23156442111
1551246	ACID	6.53601464966	0.244352790986
6584	ACID	6.28868659377	0.235728432121
5960	ACID	5.97836114723	0.224838125087
61918	ACID	6.3262373986	0.237040984095
8797	ACID	6.41835372371	0.240256043139
31260	ACID	7.1679189025	0.266165131543
18554	ACID	6.74174857953	0.251489473617
12748	ACID	6.377061631	0.238815699222
11525	ACID	8.72935466801	0.318693533552
8063	ACID	6.57776262334	0.245803720482
440967	ACID	7.36171354571	0.272790611297
31234	ACID	6.76064751124	0.252143358541
7409	ACID	7.03023923017	0.261439863754
6106	ACID	6.35103564738	0.237907164377
8918	ACID	6.43915993395	0.240981285096
10748	ACID	6.26159092993	0.234780628808
62725	ACID	7.5758251825	0.280075756422
7122	ACID	6.65115494853	0.248351053081
24197	ACID	6.13762927239	0.230436973662
1032	ACID	6.33908013051	0.23748963046
11980	ACID	6.20082937684	0.232653061089
11086	ACID	6.2444133023	0.234179453096
7937	ACID	6.81814770954	0.254131053106
7792	ACID	7.05518625109	0.262297188828
13436	ACID	6.65455425095	0.248468933127
326	ACID	6.84678694272	0.255120081133
62332	ACID	6.32487519152	0.236993389186
13561	ACID	6.59216658023	0.246303999121
7361	ACID	6.48437463822	0.242556139749
93375	ACID	6.87349164619	0.256041710883
7147	ACID	7.0738256581	0.262937422547
641423	ACID	6.25261076632	0.234466374095
17617	ACID	6.3722644889	0.238648277669
8082	ACID	7.80494849024	0.287831051236
7593	ACID	6.61675034245	0.24715745966
8137	ACID	6.37632406256	0.238789959082
8175	ACID	6.61530167855	0.247107180623
62900	ACID	6.64439912811	0.248116749215
8184	ACID	6.82971821642	0.25453070829
16324	ACID	6.15383863795	0.231005653525
7059	ACID	6.73671169826	0.251315154128
8908	ACID	6.40005181415	0.239617807276
638014	ACID	6.86206524476	0.255647434021
12587	ACID	6.66642980733	0.248880677743
5541	ACID	6.25361787194	0.234501620282
61670	ACID	6.52304807192	0.243901860417
637566	ACID	6.6627540654	0.248753245922
2969	ACID	6.51205198386	0.243519350938
7047	ACID	6.77661238711	0.252695505306
98330	ACID	6.7761626079	0.252679952441
61386	ACID	6.44176182364	0.241071954789
7654	ACID	6.41291050989	0.240066251912
243	ACID	6.39634111092	0.239488372594
61192	ACID	5.99201556369	0.225318922342
61130	ACID	6.76939624927	0.252445959739
62580	ACID	6.2172238175	0.233227403901
12810	ACID	6.8544803406	0.255385653328
8658	WARM	6.78487888216	0.252981322708
7720	WARM	5.29947726591	0.20074530692
325	WARM	6.12812188263	0.230103324182
521238	WARM	5.31577559435	0.201328035706
8051	WARM	5.2979397508	0.200690323791
62444	WARM	5.46188932134	0.20654267887
101604	WARM	5.6817971859	0.214358759731
778574	WARM	6.02229964791	0.226384748697
7820	WARM	5.56144993243	0.210086107157
61199	WARM	6.12369021468	0.229947775849
31265	WARM	5.41250377679	0.204782072218
8615	WARM	5.9611470872	0.22423177365
1551246	WARM	5.48135763927	0.207236192943
6584	WARM	5.51733309381	0.208516937965
5960	WARM	5.707963861	0.215286213865
61918	WARM	5.87480509544	0.221186869854
8797	WARM	6.0767554375	0.228299434841
31260	WARM	5.51874813172	0.208567292892
18554	WARM	7.17771453659	0.266500747076
12748	WARM	6.05207596876	0.227431989338
11525	WARM	6.44523606467	0.241193015415
8063	WARM	5.54269057118	0.20941905534
440967	WARM	6.03162156282	0.226712679042
31234	WARM	6.03237861848	0.226739308021
7409	WARM	6.18411866263	0.232067417052
6106	WARM	5.64896986277	0.213194450307
8918	WARM	5.19110063585	0.196865015109
10748	WARM	6.33221574076	0.237249847155
62725	WARM	5.86919194651	0.220988712218
7122	WARM	6.19941991748	0.232603673774
24197	WARM	5.62257713129	0.212257735813
1032	WARM	5.62499747434	0.212343660339
11980	WARM	6.41775287835	0.240235094331
11086	WARM	6.16442102378	0.231376806328
7937	WARM	6.19886764745	0.232584321854
7792	WARM	5.45033989354	0.20613111376
13436	WARM	6.23175940943	0.233736446242
326	WARM	6.70239691512	0.250127026842
62332	WARM	6.0447374587	0.22717395797
13561	WARM	5.26984090253	0.199685146846
7361	WARM	7.24232421507	0.268712464588
93375	WARM	6.2790474411	0.235391322937
7147	WARM	6.14536553756	0.230708414466
641423	WARM	6.07078068742	0.228089476235
17617	WARM	5.67120687257	0.213983239946
8082	WARM	5.77266607161	0.217577173435
7593	WARM	6.02249411357	0.226391590404
8137	WARM	5.3186309747	0.20143010481
8175	WARM	5.28667722353	0.200287506515
62900	WARM	5.68581293138	0.214501129779
8184	WARM	5.14585238003	0.195242176514
16324	WARM	5.54401956441	0.209466321404
7059	WARM	6.34983896027	0.237865376482
8908	WARM	5.23478735869	0.198430294871
638014	WARM	5.87985868387	0.221365252098
12587	WARM	5.57826549078	0.210683801277
5541	WARM	5.50111086792	0.207939546404
61670	WARM	6.28487068313	0.235594987524
637566	WARM	5.48316806197	0.20730066968
2969	WARM	5.3010488241	0.20080150551
7047	WARM	6.33214844422	0.237247496201
98330	WARM	6.27185203376	0.235139630177
61386	WARM	5.34935914018	0.202528108323
7654	WARM	5.96975216231	0.224534910141
243	WARM	6.17156793545	0.231627417105
61192	WARM	5.71991728793	0.215709710005
61130	WARM	6.09425463658	0.228914209633
62580	WARM	6.06265493837	0.227803883574
12810	WARM	5.70060031225	0.215025274922
8658	MUSKY	7.76129643282	0.286356768386
7720	MUSKY	7.55559219751	0.279388898518
325	MUSKY	7.7952130757	0.28750238427
521238	MUSKY	7.29678728928	0.270574249673
8051	MUSKY	7.62411042155	0.281713592974
62444	MUSKY	7.96593786628	0.293255048216
101604	MUSKY	7.21018593222	0.267612724818
778574	MUSKY	7.6886461885	0.283899735455
7820	MUSKY	7.49962067785	0.277487102989
61199	MUSKY	7.56485036442	0.279703230162
31265	MUSKY	7.26412487374	0.269457990877
8615	MUSKY	7.80581018324	0.287860138283
1551246	MUSKY	7.62424334301	0.281718099099
6584	MUSKY	7.28937733662	0.270321084682
5960	MUSKY	8.19066863258	0.300791924244
61918	MUSKY	9.85789181866	0.355444460303
8797	MUSKY	7.50473583452	0.277661009403
31260	MUSKY	7.9187360538	0.291666889876
18554	MUSKY	8.14178572731	0.299155959161
12748	MUSKY	8.34817760267	0.306050276393
11525	MUSKY	7.32009668295	0.271370341139
8063	MUSKY	8.02957440347	0.295393350098
440967	MUSKY	7.26657281937	0.269541680559
31234	MUSKY	8.2109990689	0.301471760472
7409	MUSKY	8.1172958734	0.298335638018
6106	MUSKY	12.105964015	0.425616814706
8918	MUSKY	7.2454205636	0.268818374887
10748	MUSKY	7.64223167145	0.28232778489
62725	MUSKY	8.04139504458	0.295790188078
7122	MUSKY	7.81157935239	0.288054865304
24197	MUSKY	7.22459056082	0.268105738924
1032	MUSKY	8.8598392156	0.322994868253
11980	MUSKY	9.94010776918	0.358082013782
11086	MUSKY	7.81641469968	0.288218052484
7937	MUSKY	8.01203539088	0.294804331193
7792	MUSKY	7.68555144683	0.283794977456
13436	MUSKY	8.38342260461	0.307224194358
326	MUSKY	7.6002433524	0.28090425449
62332	MUSKY	7.78111615829	0.287026338864
13561	MUSKY	7.44439307385	0.275608127659
7361	MUSKY	8.38204424351	0.30717830346
93375	MUSKY	7.51279508195	0.277934967301
7147	MUSKY	8.04072510333	0.295767700058
641423	MUSKY	7.86840781179	0.289971575875
17617	MUSKY	7.34761669486	0.272309679357
8082	MUSKY	6.88932389591	0.256587842339
7593	MUSKY	8.07664997458	0.296973089058
8137	MUSKY	7.3655783055	0.27292243471
8175	MUSKY	7.67424606665	0.283412221589
62900	MUSKY	7.43424539987	0.275262614128
8184	MUSKY	7.64206128082	0.282322010985
16324	MUSKY	8.1192620014	0.298401513877
7059	MUSKY	8.17502327052	0.300268528631
8908	MUSKY	7.24276782098	0.268727638556
638014	MUSKY	7.32705651044	0.271607957575
12587	MUSKY	13.612763769	0.470387615788
5541	MUSKY	9.83229371931	0.354622148859
61670	MUSKY	8.79643171749	0.320906384315
637566	MUSKY	7.69437609434	0.284093674381
2969	MUSKY	12.5708517349	0.43962354406
7047	MUSKY	8.38502303192	0.307277476779
98330	MUSKY	7.56643303607	0.279756957887
61386	MUSKY	7.31411998526	0.271166258947
7654	MUSKY	7.72859987817	0.285251492696
243	MUSKY	14.6891364658	0.501257166588
61192	MUSKY	7.47733463324	0.276729172043
61130	MUSKY	7.411178047	0.274476897862
62580	MUSKY	7.43283604966	0.27521462129
12810	MUSKY	7.42024565688	0.274785808032
8658	SWEATY	3.28183697811	0.126965297544
7720	SWEATY	3.87734886317	0.149080420844
325	SWEATY	3.55828469903	0.137266831961
521238	SWEATY	3.65920285272	0.141012207902
8051	SWEATY	4.01285306664	0.154072926772
62444	SWEATY	4.28357400686	0.164003357765
101604	SWEATY	3.51152181878	0.135528558558
778574	SWEATY	3.55860568487	0.137278757627
7820	SWEATY	3.88484200597	0.149356881274
61199	SWEATY	3.64584537146	0.14051693947
31265	SWEATY	3.7459843711	0.144226415281
8615	SWEATY	3.5483510464	0.136897723797
1551246	SWEATY	3.92886973805	0.150980382555
6584	SWEATY	3.64161764579	0.1403601542
5960	SWEATY	4.49824056847	0.171835955454
61918	SWEATY	3.68220188794	0.14186463122
8797	SWEATY	3.36394336274	0.13003128853
31260	SWEATY	4.12965131131	0.158364444471
18554	SWEATY	3.74953313566	0.144357725932
12748	SWEATY	3.75479986658	0.144552585848
11525	SWEATY	3.50806285851	0.135399912333
8063	SWEATY	6.91430492853	0.257449152083
440967	SWEATY	3.43595206796	0.132715776073
31234	SWEATY	3.79068898502	0.145879830208
7409	SWEATY	3.56144741794	0.137384333633
6106	SWEATY	7.64825940536	0.282532027442
8918	SWEATY	3.67392384544	0.141557867249
10748	SWEATY	3.25704264404	0.126038375048
62725	SWEATY	3.80811514965	0.146523909589
7122	SWEATY	3.39896112127	0.131337270169
24197	SWEATY	3.75254683206	0.144469230192
1032	SWEATY	5.12788242163	0.194597225613
11980	SWEATY	3.5889947075	0.138407435096
11086	SWEATY	3.45263824444	0.133337245439
7937	SWEATY	3.49879721167	0.135055255695
7792	SWEATY	3.96754241869	0.15240513961
13436	SWEATY	3.49946585694	0.135080129764
326	SWEATY	3.34308066516	0.129252751273
62332	SWEATY	3.56033035285	0.137342833225
13561	SWEATY	3.82354910235	0.147094152999
7361	SWEATY	3.85121849484	0.148115986236
93375	SWEATY	6.05234225103	0.227441351352
7147	SWEATY	3.60953508513	0.139169905993
641423	SWEATY	3.63201710554	0.14000406492
17617	SWEATY	3.81572296991	0.146805022083
8082	SWEATY	3.76477439427	0.144921565275
7593	SWEATY	3.66473530438	0.141217298235
8137	SWEATY	3.68935589746	0.142129697123
8175	SWEATY	6.56773876444	0.245455473587
62900	SWEATY	3.69598474633	0.142375268555
8184	SWEATY	4.03524269371	0.15489643431
16324	SWEATY	4.54051299393	0.173374016458
7059	SWEATY	3.39760997699	0.131286897657
8908	SWEATY	3.66390808357	0.141186634365
638014	SWEATY	3.47687593517	0.134239570899
12587	SWEATY	9.13619725513	0.332059850091
5541	SWEATY	3.69559116214	0.142360688871
61670	SWEATY	3.47839866779	0.134296243795
637566	SWEATY	4.02678760154	0.154585496707
2969	SWEATY	7.38076471422	0.273440313462
7047	SWEATY	3.39623047426	0.131235466397
98330	SWEATY	3.87673685105	0.149057838597
61386	SWEATY	3.76163218697	0.144805336795
7654	SWEATY	3.60875235849	0.139140856906
243	SWEATY	8.80911921952	0.321324536211
61192	SWEATY	3.63387693634	0.140073052818
61130	SWEATY	5.93645507983	0.223361603627
62580	SWEATY	3.43249358752	0.132586938609
12810	SWEATY	3.67659234313	0.141656761222
8658	AMMONIA/URINOUS	5.77346717222	0.217605517613
7720	AMMONIA/URINOUS	5.65063057124	0.213253372508
325	AMMONIA/URINOUS	5.55646324122	0.209908816148
521238	AMMONIA/URINOUS	3.98357624697	0.152995497993
8051	AMMONIA/URINOUS	5.71959642551	0.215698343712
62444	AMMONIA/URINOUS	6.13088821784	0.230200412578
101604	AMMONIA/URINOUS	5.68825939392	0.214587857784
778574	AMMONIA/URINOUS	5.5024951136	0.207988823554
7820	AMMONIA/URINOUS	4.94098614121	0.187874108029
61199	AMMONIA/URINOUS	6.38886692429	0.239227628741
31265	AMMONIA/URINOUS	4.81856665924	0.18345523251
8615	AMMONIA/URINOUS	5.99328477966	0.225363606206
1551246	AMMONIA/URINOUS	4.47550440639	0.171008120379
6584	AMMONIA/URINOUS	5.51701693122	0.208505686921
5960	AMMONIA/URINOUS	5.48373406834	0.207320827001
61918	AMMONIA/URINOUS	5.5251786206	0.208796105308
8797	AMMONIA/URINOUS	4.48592323726	0.171387526574
31260	AMMONIA/URINOUS	6.74792607879	0.251703240606
18554	AMMONIA/URINOUS	6.31948095592	0.236804902416
12748	AMMONIA/URINOUS	7.77342929184	0.286766690491
11525	AMMONIA/URINOUS	7.00426942611	0.260546860967
8063	AMMONIA/URINOUS	6.59718530413	0.24647827059
440967	AMMONIA/URINOUS	7.4142534074	0.27458167486
31234	AMMONIA/URINOUS	6.49282795001	0.242850392085
7409	AMMONIA/URINOUS	6.78312181867	0.252920576104
6106	AMMONIA/URINOUS	5.76252276167	0.217218243035
8918	AMMONIA/URINOUS	5.12155492499	0.19437006706
10748	AMMONIA/URINOUS	4.08308403538	0.156654731319
62725	AMMONIA/URINOUS	6.78118245522	0.252853524012
7122	AMMONIA/URINOUS	5.59801976667	0.211385660544
24197	AMMONIA/URINOUS	3.57660431627	0.137947333277
1032	AMMONIA/URINOUS	5.80249938058	0.218632375599
11980	AMMONIA/URINOUS	5.2367521075	0.198500655246
11086	AMMONIA/URINOUS	6.04344214791	0.227128408718
7937	AMMONIA/URINOUS	6.07176604257	0.228124104553
7792	AMMONIA/URINOUS	4.96469120063	0.188728384538
13436	AMMONIA/URINOUS	7.21726629666	0.267855078748
326	AMMONIA/URINOUS	5.05583690422	0.192008881448
62332	AMMONIA/URINOUS	5.92078552581	0.222809140535
13561	AMMONIA/URINOUS	5.20054362508	0.197203483404
7361	AMMONIA/URINOUS	6.37110363533	0.2386077608
93375	AMMONIA/URINOUS	6.82637186086	0.254415133321
7147	AMMONIA/URINOUS	6.60412026862	0.246719048936
641423	AMMONIA/URINOUS	5.33167604401	0.201896333985
17617	AMMONIA/URINOUS	5.54571887298	0.209526755792
8082	AMMONIA/URINOUS	7.95910422653	0.293025233026
7593	AMMONIA/URINOUS	6.35581730071	0.238074126605
8137	AMMONIA/URINOUS	4.86095434964	0.18498662311
8175	AMMONIA/URINOUS	5.40606552955	0.204552403378
62900	AMMONIA/URINOUS	5.14346649244	0.195156560674
8184	AMMONIA/URINOUS	5.72555488195	0.215909403796
16324	AMMONIA/URINOUS	4.5525827891	0.173812907543
7059	AMMONIA/URINOUS	6.09718923871	0.229017282903
8908	AMMONIA/URINOUS	4.66102921437	0.17775109124
638014	AMMONIA/URINOUS	5.13118668106	0.19471583654
12587	AMMONIA/URINOUS	6.14110448621	0.230558913724
5541	AMMONIA/URINOUS	1.52500810806	0.0600700644307
61670	AMMONIA/URINOUS	6.09996236466	0.229114678246
637566	AMMONIA/URINOUS	4.61660261812	0.176138896831
2969	AMMONIA/URINOUS	5.18413168815	0.196615178982
7047	AMMONIA/URINOUS	6.20513517324	0.232803925922
98330	AMMONIA/URINOUS	6.41660549638	0.240195089417
61386	AMMONIA/URINOUS	5.03606873055	0.191297953919
7654	AMMONIA/URINOUS	5.44600310101	0.20597654413
243	AMMONIA/URINOUS	5.90969393155	0.222417964316
61192	AMMONIA/URINOUS	5.26413059486	0.199480795427
61130	AMMONIA/URINOUS	7.31923991932	0.271341087574
62580	AMMONIA/URINOUS	5.17403533157	0.196253156618
12810	AMMONIA/URINOUS	5.14150522849	0.195086178734
8658	DECAYED	3.99574909775	0.153443559569
7720	DECAYED	4.5952961723	0.175365148127
325	DECAYED	4.18365526266	0.160345021964
521238	DECAYED	4.4156123105	0.168825439589
8051	DECAYED	4.83641822147	0.184100352374
62444	DECAYED	9.97069577597	0.359061921336
101604	DECAYED	4.20448106214	0.161108178085
778574	DECAYED	4.17966141522	0.16019862879
7820	DECAYED	4.59442298084	0.175333430223
61199	DECAYED	4.39236143656	0.167977321867
31265	DECAYED	4.53323661224	0.173109370817
8615	DECAYED	4.02523666855	0.154528454647
1551246	DECAYED	4.58869946882	0.175125513627
6584	DECAYED	4.39152904352	0.167946950805
5960	DECAYED	5.23871211312	0.198570842683
61918	DECAYED	4.45065892123	0.170103010916
8797	DECAYED	4.05309000232	0.155552584666
31260	DECAYED	4.75389359978	0.181115942248
18554	DECAYED	4.36483777829	0.166972787599
12748	DECAYED	6.30671402456	0.236358704267
11525	DECAYED	4.36616133999	0.167021107661
8063	DECAYED	5.08530469746	0.193068058352
440967	DECAYED	4.26391031617	0.163284040173
31234	DECAYED	4.23714015289	0.162304263446
7409	DECAYED	4.10945988945	0.157623331345
6106	DECAYED	4.93226487829	0.1875597004
8918	DECAYED	4.26470142864	0.163312985835
10748	DECAYED	3.97000311039	0.152495754537
62725	DECAYED	6.63596693716	0.24782425461
7122	DECAYED	4.05186412902	0.155507523993
24197	DECAYED	4.42938673817	0.169327682776
1032	DECAYED	6.26790522287	0.235001554562
11980	DECAYED	4.31805528315	0.165263970755
11086	DECAYED	4.07450808016	0.156339676768
7937	DECAYED	4.15550721026	0.159312992341
7792	DECAYED	4.5831483618	0.174923834909
13436	DECAYED	9.74863972517	0.35193119841
326	DECAYED	4.04356773667	0.15520253345
62332	DECAYED	4.04879931157	0.155394862117
13561	DECAYED	4.53127440228	0.173037997008
7361	DECAYED	4.45289867695	0.170184624427
93375	DECAYED	4.2988782459	0.164562988167
7147	DECAYED	4.18450411637	0.160376134775
641423	DECAYED	4.32033931036	0.165347439712
17617	DECAYED	4.7370844469	0.180507390253
8082	DECAYED	4.66413936912	0.177863896343
7593	DECAYED	4.11011193196	0.157647269241
8137	DECAYED	4.40703538264	0.16851263096
8175	DECAYED	4.51157146601	0.172321147803
62900	DECAYED	4.42035912795	0.16899853519
8184	DECAYED	4.37645926325	0.167397012257
16324	DECAYED	5.62734592083	0.212427027988
7059	DECAYED	4.08519282359	0.156732192781
8908	DECAYED	4.39110969319	0.167931649992
638014	DECAYED	4.25591712483	0.162991552764
12587	DECAYED	6.54106998119	0.244528560648
5541	DECAYED	4.3311560651	0.16574267746
61670	DECAYED	4.18827457005	0.160514325252
637566	DECAYED	4.67857864969	0.178387506715
2969	DECAYED	4.94552346705	0.188037657737
7047	DECAYED	3.98400201148	0.153011171648
98330	DECAYED	6.92547136559	0.257833993169
61386	DECAYED	4.24184849778	0.16247662844
7654	DECAYED	4.13107311186	0.158416618452
243	DECAYED	4.31094286632	0.165004023294
61192	DECAYED	6.66977545074	0.248996656204
61130	DECAYED	4.21370226817	0.161445976005
62580	DECAYED	4.12403368773	0.158158285966
12810	DECAYED	4.42175139515	0.169049301646
8658	WOOD	3.45351398266	0.133369855775
7720	WOOD	3.14326875312	0.121778694743
325	WOOD	4.1078015957	0.157562450248
521238	WOOD	3.18977841049	0.123521261896
8051	WOOD	3.18073384331	0.123182526619
62444	WOOD	3.1123735058	0.120620192696
101604	WOOD	3.25403560227	0.12592592501
778574	WOOD	3.27085374062	0.126554755948
7820	WOOD	3.13729496852	0.121554750853
61199	WOOD	3.57607682729	0.137927742902
31265	WOOD	3.07748666927	0.119311097091
8615	WOOD	3.2241515131	0.124807999332
1551246	WOOD	3.24512382121	0.125592621402
6584	WOOD	3.14105497683	0.121695708526
5960	WOOD	3.29681042277	0.127524833325
61918	WOOD	5.83236451622	0.219687990309
8797	WOOD	3.56430481198	0.137490484962
31260	WOOD	3.1350243127	0.121469621532
18554	WOOD	3.58638844085	0.138310664815
12748	WOOD	3.96290941533	0.1522345162
11525	WOOD	3.34968467018	0.129499231851
8063	WOOD	3.10139484162	0.12020833368
440967	WOOD	3.41650583236	0.131991228453
31234	WOOD	3.26986595219	0.12651782875
7409	WOOD	3.55760754131	0.137241673085
6106	WOOD	3.24172856154	0.125465620835
8918	WOOD	3.24152501712	0.12545800691
10748	WOOD	3.51114880153	0.135514685699
62725	WOOD	3.81052000665	0.146612775178
7122	WOOD	3.50681720769	0.135353581536
24197	WOOD	3.06499366338	0.118842072073
1032	WOOD	3.15054610279	0.122051467813
11980	WOOD	3.28572994082	0.127110789135
11086	WOOD	3.47495507564	0.134168077914
7937	WOOD	4.12357163979	0.158141328364
7792	WOOD	3.20465029055	0.124078098228
13436	WOOD	3.39654929846	0.131247353084
326	WOOD	3.92761881762	0.150934276874
62332	WOOD	3.26360750849	0.126283846752
13561	WOOD	3.2375277555	0.125308475833
7361	WOOD	3.4594494215	0.13359086074
93375	WOOD	3.43435689714	0.132656352967
7147	WOOD	3.45622713792	0.133470883105
641423	WOOD	3.18801994665	0.123455409394
17617	WOOD	3.05759448564	0.11856422581
8082	WOOD	3.22695877135	0.124913045689
7593	WOOD	3.28829401009	0.127206609405
8137	WOOD	3.20220241479	0.12398645647
8175	WOOD	3.37349067206	0.130387451157
62900	WOOD	3.21849237887	0.124596217878
8184	WOOD	3.40874195061	0.13170186935
16324	WOOD	2.97380861041	0.115414929356
7059	WOOD	3.92822702826	0.150956694096
8908	WOOD	3.12510684461	0.121097756668
638014	WOOD	3.47867676635	0.134306593836
12587	WOOD	3.19073961293	0.123557256806
5541	WOOD	3.16785333576	0.122700015528
61670	WOOD	4.29618237956	0.164464421967
637566	WOOD	3.24248596924	0.125493952665
2969	WOOD	3.36087714705	0.129916887803
7047	WOOD	3.65800853761	0.14096793092
98330	WOOD	3.5262726293	0.136077065709
61386	WOOD	3.33758767921	0.129047710562
7654	WOOD	3.22017247267	0.124659094605
243	WOOD	3.37940306377	0.130607976524
61192	WOOD	3.53920022032	0.136557633533
61130	WOOD	3.3889117386	0.130962580435
62580	WOOD	3.50303490483	0.135212894775
12810	WOOD	3.2371803323	0.12529547869
8658	GRASS	3.14301013047	0.121769000147
7720	GRASS	3.65117397302	0.140714530368
325	GRASS	3.36828727248	0.130193347239
521238	GRASS	3.62990404143	0.139925680317
8051	GRASS	3.4986957594	0.135051481569
62444	GRASS	3.40155447923	0.131433950019
101604	GRASS	3.8859220685	0.149396726611
778574	GRASS	3.3370935053	0.129029262987
7820	GRASS	3.43688334917	0.132750467104
61199	GRASS	3.50337383591	0.135225502143
31265	GRASS	3.49129801187	0.134776255752
8615	GRASS	3.27290102013	0.12663128837
1551246	GRASS	3.84926600574	0.148043900716
6584	GRASS	3.41400243436	0.131897932326
5960	GRASS	3.23027625272	0.125037176241
61918	GRASS	3.69690051928	0.142409191391
8797	GRASS	3.29117849585	0.127314397478
31260	GRASS	3.58370003454	0.138210839006
18554	GRASS	3.39751992266	0.131283540256
12748	GRASS	3.51096608089	0.135507890107
11525	GRASS	3.36636228773	0.130121533488
8063	GRASS	3.54345727348	0.13671585516
440967	GRASS	4.156401916	0.159345805885
31234	GRASS	3.30368673584	0.127781731014
7409	GRASS	3.13202257789	0.121357076944
6106	GRASS	3.38373626492	0.130769582153
8918	GRASS	3.59676823909	0.138696032857
10748	GRASS	3.18729881319	0.123428403038
62725	GRASS	4.67254513533	0.178168734197
7122	GRASS	3.14212326513	0.12173575516
24197	GRASS	3.5040952134	0.13525233523
1032	GRASS	3.34509064763	0.129327773329
11980	GRASS	3.35488073348	0.129693139445
11086	GRASS	3.11806539942	0.120833683243
7937	GRASS	3.29012778569	0.127275135089
7792	GRASS	3.69681611438	0.142406064822
13436	GRASS	2.99099667435	0.116061442532
326	GRASS	3.25447249989	0.125942263495
62332	GRASS	3.28389992101	0.127042397364
13561	GRASS	3.50381374727	0.135241865581
7361	GRASS	3.29928136411	0.127617151557
93375	GRASS	3.5290749307	0.136181249281
7147	GRASS	3.31435003832	0.128180035062
641423	GRASS	3.31627024144	0.128251750332
17617	GRASS	3.59674691352	0.138695241197
8082	GRASS	2.96257947166	0.114992428016
7593	GRASS	3.18718947152	0.12342430817
8137	GRASS	3.57328586341	0.137824085792
8175	GRASS	3.56465457639	0.137503478156
62900	GRASS	3.56734995871	0.137603604057
8184	GRASS	3.60333794771	0.138939900162
16324	GRASS	3.51875706131	0.13579762195
7059	GRASS	3.18787212923	0.123449873684
8908	GRASS	3.64789194508	0.140592831546
638014	GRASS	3.85679723926	0.148321935592
12587	GRASS	3.37387103582	0.130401639126
5541	GRASS	3.589423618	0.138423359956
61670	GRASS	3.25254850797	0.1258703116
637566	GRASS	3.86899522906	0.14877215953
2969	GRASS	3.39188933564	0.131073608119
7047	GRASS	3.08039339596	0.119420206449
98330	GRASS	3.6588305459	0.140998405451
61386	GRASS	3.4903129087	0.134739602668
7654	GRASS	3.33425802443	0.128923410348
243	GRASS	3.05458305844	0.118451131273
61192	GRASS	3.66596717358	0.141262960816
61130	GRASS	3.7884819585	0.14579824012
62580	GRASS	3.36166837981	0.129946409474
12810	GRASS	3.571076211	0.137742014318
8658	FLOWER	5.0514589873	0.191851464332
7720	FLOWER	4.64958194988	0.177335833072
325	FLOWER	8.20594286867	0.301302715401
521238	FLOWER	8.39208887578	0.307512692752
8051	FLOWER	4.52593432915	0.172843740545
62444	FLOWER	4.34327204406	0.166185276943
101604	FLOWER	9.16716432194	0.333071812196
778574	FLOWER	6.45177062443	0.241420687301
7820	FLOWER	6.04844312021	0.227304259137
61199	FLOWER	4.98491760258	0.189456942701
31265	FLOWER	7.12099901747	0.264556509896
8615	FLOWER	8.74536374751	0.31922199507
1551246	FLOWER	6.19123751839	0.232316931932
6584	FLOWER	4.7157300123	0.179733956672
5960	FLOWER	4.4321786163	0.169429461737
61918	FLOWER	4.58723589871	0.175072342672
8797	FLOWER	12.1782123027	0.427804950151
31260	FLOWER	4.6170156979	0.176153894334
18554	FLOWER	4.55562513422	0.173923517223
12748	FLOWER	4.54440484934	0.1735155478
11525	FLOWER	4.72499639214	0.180069619323
8063	FLOWER	4.45756815922	0.170354760811
440967	FLOWER	4.85747512164	0.184860979043
31234	FLOWER	9.06461021249	0.329717545178
7409	FLOWER	6.03541514259	0.226846111326
6106	FLOWER	4.8665392903	0.185188289747
8918	FLOWER	6.98253574444	0.259799107608
10748	FLOWER	8.7396243973	0.31903256205
62725	FLOWER	4.3201830961	0.165341731051
7122	FLOWER	7.50771432783	0.277762263342
24197	FLOWER	8.85316921272	0.322775326465
1032	FLOWER	4.25704711074	0.163032904388
11980	FLOWER	9.59681982277	0.347033212627
11086	FLOWER	5.05143201966	0.191850494607
7937	FLOWER	4.7045437964	0.179328658923
7792	FLOWER	6.62437493308	0.247422060021
13436	FLOWER	6.01011050117	0.225955848752
326	FLOWER	8.28519932945	0.303950162007
62332	FLOWER	8.61209680747	0.31481658773
13561	FLOWER	5.50796251217	0.208183440072
7361	FLOWER	4.65123743073	0.177395893374
93375	FLOWER	4.76222030571	0.181417315332
7147	FLOWER	11.439882819	0.405246945195
641423	FLOWER	6.44300190241	0.241115166691
17617	FLOWER	6.23572468801	0.233875282567
8082	FLOWER	5.25886164605	0.199292215517
7593	FLOWER	7.84179156844	0.289074184736
8137	FLOWER	6.5725441023	0.245622429701
8175	FLOWER	5.75101452225	0.216810913676
62900	FLOWER	8.39692771051	0.30767375043
8184	FLOWER	6.07309139112	0.228170680027
16324	FLOWER	7.28775373482	0.270265607593
7059	FLOWER	9.93277610054	0.357847027596
8908	FLOWER	7.98694087769	0.293961145274
638014	FLOWER	5.91969786391	0.222770785437
12587	FLOWER	4.13389393823	0.158520125892
5541	FLOWER	8.4051386686	0.307947004329
61670	FLOWER	4.9246051539	0.187283511787
637566	FLOWER	6.18022224301	0.231930830931
2969	FLOWER	6.39350463063	0.23938942464
7047	FLOWER	5.52528640034	0.208799940091
98330	FLOWER	4.76769655387	0.181615489983
61386	FLOWER	6.41392207511	0.24010152445
7654	FLOWER	9.10575938104	0.331064433679
243	FLOWER	5.00941108342	0.190338763576
61192	FLOWER	8.27311356227	0.303546779285
61130	FLOWER	4.96619179822	0.188782447538
62580	FLOWER	7.28199543034	0.270068834235
12810	FLOWER	7.86682983037	0.289918388583
8658	CHEMICAL	19.173273572	0.619885175094
7720	CHEMICAL	18.9788420877	0.615075104712
325	CHEMICAL	20.1064637881	0.642550597099
521238	CHEMICAL	17.6699737641	0.581907761435
8051	CHEMICAL	21.6001446571	0.677379286602
62444	CHEMICAL	15.7895179528	0.531857167239
101604	CHEMICAL	17.4822268147	0.577037770828
778574	CHEMICAL	18.0113119192	0.590689533949
7820	CHEMICAL	15.4433741288	0.52233584336
61199	CHEMICAL	16.8208557681	0.559657755216
31265	CHEMICAL	16.7696174623	0.55829667056
8615	CHEMICAL	16.709395736	0.556694267095
1551246	CHEMICAL	17.0135972178	0.564758892595
6584	CHEMICAL	15.8711449036	0.534088499923
5960	CHEMICAL	14.2218829422	0.487970535921
61918	CHEMICAL	15.6427572076	0.527831947081
8797	CHEMICAL	17.5169561416	0.577940744678
31260	CHEMICAL	18.6944787882	0.607985736662
18554	CHEMICAL	19.5038810346	0.627994691218
12748	CHEMICAL	15.7317413546	0.530274579765
11525	CHEMICAL	24.8744860646	0.747483419794
8063	CHEMICAL	17.6453766726	0.581271339738
440967	CHEMICAL	20.2739109842	0.646543852729
31234	CHEMICAL	20.1749532245	0.644186633935
7409	CHEMICAL	21.6449183871	0.67839573869
6106	CHEMICAL	15.7227920733	0.530029206701
8918	CHEMICAL	17.4882157575	0.577193554148
10748	CHEMICAL	16.8252602262	0.559774656377
62725	CHEMICAL	16.8190095908	0.559608750187
7122	CHEMICAL	19.1233251971	0.618652381246
24197	CHEMICAL	15.8370047417	0.533155901994
1032	CHEMICAL	16.1037494215	0.540417678689
11980	CHEMICAL	16.5764313126	0.55314602248
11086	CHEMICAL	18.752320833	0.60943301867
7937	CHEMICAL	19.1688004018	0.619774852533
7792	CHEMICAL	18.7927496085	0.610443009201
13436	CHEMICAL	18.3169764891	0.598474408483
326	CHEMICAL	18.8910206109	0.612892560547
62332	CHEMICAL	18.1585514325	0.594448861248
13561	CHEMICAL	21.4490852747	0.673938107338
7361	CHEMICAL	17.3617175754	0.573897008148
93375	CHEMICAL	18.2743714416	0.597393797031
7147	CHEMICAL	22.2425886398	0.691810445832
641423	CHEMICAL	17.1903631955	0.569411093102
17617	CHEMICAL	16.7656918778	0.558192305455
8082	CHEMICAL	22.8874840459	0.705964591456
7593	CHEMICAL	20.8655200341	0.660472830847
8137	CHEMICAL	17.0003177341	0.56440838814
8175	CHEMICAL	18.1925495526	0.595314438414
62900	CHEMICAL	17.5533106344	0.578884939684
8184	CHEMICAL	18.5757903684	0.605007619611
16324	CHEMICAL	16.2188262561	0.543532920195
7059	CHEMICAL	18.6052575468	0.60574805852
8908	CHEMICAL	17.1854576661	0.569282324566
638014	CHEMICAL	22.6196595558	0.700126782864
12587	CHEMICAL	16.9952286142	0.564274026308
5541	CHEMICAL	15.9137559834	0.535251187537
61670	CHEMICAL	17.5831725465	0.579659719139
637566	CHEMICAL	17.4156094393	0.575302996714
2969	CHEMICAL	17.5218687727	0.578068396794
7047	CHEMICAL	19.290700685	0.622775574231
98330	CHEMICAL	17.8759766307	0.587218849028
61386	CHEMICAL	17.5451291313	0.578672542757
7654	CHEMICAL	18.4785199231	0.602558517505
243	CHEMICAL	19.0044570553	0.615710527025
61192	CHEMICAL	14.4231117355	0.493714008566
61130	CHEMICAL	18.3531720377	0.599391311969
62580	CHEMICAL	16.2959231707	0.545614082033
12810	CHEMICAL	17.5600257145	0.579059227342
