#oID	descriptor	value	sigma
7127	INTENSITY/STRENGTH	51.4059098962	0.999209366945
7632	INTENSITY/STRENGTH	51.4884774354	0.99911377397
10882	INTENSITY/STRENGTH	50.4165236637	0.999930603215
6106	INTENSITY/STRENGTH	30.8055035715	0.852628522742
2969	INTENSITY/STRENGTH	45.7113356131	0.992642943111
311	INTENSITY/STRENGTH	31.4534979948	0.862410905349
6213	INTENSITY/STRENGTH	37.8544683329	0.94099442421
8078	INTENSITY/STRENGTH	50.0499742085	0.999999001031
356	INTENSITY/STRENGTH	48.1010837606	0.998557646846
8051	INTENSITY/STRENGTH	50.5243454476	0.999890024741
8615	INTENSITY/STRENGTH	49.6959428703	0.999963019705
7047	INTENSITY/STRENGTH	53.8245883723	0.994149009513
31210	INTENSITY/STRENGTH	50.2079107938	0.999982709241
7409	INTENSITY/STRENGTH	52.3781310505	0.997737797083
61331	INTENSITY/STRENGTH	50.7198149429	0.999792746579
1030	INTENSITY/STRENGTH	33.1949804757	0.887036527515
2879	INTENSITY/STRENGTH	42.8005906781	0.979267402166
5366244	INTENSITY/STRENGTH	47.1068626747	0.996651902567
13436	INTENSITY/STRENGTH	51.5360949527	0.999056164918
15606	INTENSITY/STRENGTH	46.858439578	0.996052239246
61177	INTENSITY/STRENGTH	48.8987097735	0.999514863935
8174	INTENSITY/STRENGTH	44.7064924657	0.988791511194
6276	INTENSITY/STRENGTH	39.4538149756	0.955511192573
5363233	INTENSITY/STRENGTH	49.3147328417	0.999812163569
7820	INTENSITY/STRENGTH	50.5382501945	0.999884114691
11980	INTENSITY/STRENGTH	51.9930369429	0.998411121498
8077	INTENSITY/STRENGTH	52.7925547422	0.996880655205
454	INTENSITY/STRENGTH	48.4148920243	0.998994973082
7761	INTENSITY/STRENGTH	50.2547010921	0.999974050941
1068	INTENSITY/STRENGTH	39.2793893713	0.954027403099
8205	INTENSITY/STRENGTH	44.5507985421	0.988122481389
6137	INTENSITY/STRENGTH	50.5286710533	0.999888202767
31260	INTENSITY/STRENGTH	34.940603141	0.909285826497
778574	INTENSITY/STRENGTH	50.5947975712	0.99985848634
2345	INTENSITY/STRENGTH	49.981567734	0.999999864101
14257	INTENSITY/STRENGTH	44.9166169799	0.989663686829
18827	INTENSITY/STRENGTH	50.4678841988	0.999912433751
1060	INTENSITY/STRENGTH	33.2125769981	0.887272971582
326	INTENSITY/STRENGTH	52.2681511753	0.997942196098
14525	INTENSITY/STRENGTH	45.4433234608	0.991694679567
13187	INTENSITY/STRENGTH	48.1542449487	0.998637275316
8180	INTENSITY/STRENGTH	45.0632028173	0.990251213431
61809	INTENSITY/STRENGTH	53.8630909564	0.994030611305
61052	INTENSITY/STRENGTH	50.3683512477	0.999945726943
7824	INTENSITY/STRENGTH	50.1645698613	0.999989166704
10364	INTENSITY/STRENGTH	51.6346188531	0.998931208482
6998	INTENSITY/STRENGTH	44.7488375566	0.988970117197
6054	INTENSITY/STRENGTH	51.9761943327	0.998437862384
8363	INTENSITY/STRENGTH	50.2160468083	0.999981329511
8093	INTENSITY/STRENGTH	49.3664280596	0.999839434639
244	INTENSITY/STRENGTH	42.7913306773	0.979214034638
1550470	INTENSITY/STRENGTH	50.404118072	0.999934675434
61209	INTENSITY/STRENGTH	45.3428763908	0.991324479875
8082	INTENSITY/STRENGTH	49.115584686	0.999687123821
11428	INTENSITY/STRENGTH	35.3056272368	0.913630163638
61138	INTENSITY/STRENGTH	33.6440487636	0.892993143661
8857	INTENSITY/STRENGTH	35.9942317469	0.921535382256
12206	INTENSITY/STRENGTH	51.0820203343	0.999531692798
31249	INTENSITY/STRENGTH	49.8077876772	0.999985221769
7136	INTENSITY/STRENGTH	51.0598971303	0.999550647229
8375	INTENSITY/STRENGTH	52.6147464257	0.997265240452
7127	VALENCE/PLEASANTNESS	44.4144758884	0.987520768159
18635	VALENCE/PLEASANTNESS	42.3953291396	0.976867592442
1549026	VALENCE/PLEASANTNESS	45.6604691339	0.992467388745
7632	VALENCE/PLEASANTNESS	43.5082314279	0.983142776323
10882	VALENCE/PLEASANTNESS	45.2200231307	0.990860728452
6106	VALENCE/PLEASANTNESS	43.2580161478	0.981818261495
2969	VALENCE/PLEASANTNESS	44.1791148295	0.986446918333
311	VALENCE/PLEASANTNESS	43.5944469065	0.983587555826
6213	VALENCE/PLEASANTNESS	43.3905690844	0.982526169189
8078	VALENCE/PLEASANTNESS	45.1835546672	0.990720741743
356	VALENCE/PLEASANTNESS	44.5455439686	0.988099563761
8051	VALENCE/PLEASANTNESS	44.5317842151	0.988039446452
8615	VALENCE/PLEASANTNESS	45.0539498634	0.990214635219
7047	VALENCE/PLEASANTNESS	43.4954385302	0.983076272034
31210	VALENCE/PLEASANTNESS	44.5899507625	0.988292546899
7409	VALENCE/PLEASANTNESS	43.1436088492	0.981195960155
61331	VALENCE/PLEASANTNESS	44.5580077669	0.988153888214
1030	VALENCE/PLEASANTNESS	42.2016032437	0.975674003212
61945	VALENCE/PLEASANTNESS	42.4853221132	0.977411846503
2879	VALENCE/PLEASANTNESS	43.251423268	0.981782684837
5366244	VALENCE/PLEASANTNESS	44.372192706	0.987331114025
23642	VALENCE/PLEASANTNESS	43.9016040861	0.985123826911
13436	VALENCE/PLEASANTNESS	43.7056649208	0.984152538364
15606	VALENCE/PLEASANTNESS	45.1754425479	0.990689458157
61177	VALENCE/PLEASANTNESS	44.9871573997	0.989948563626
8174	VALENCE/PLEASANTNESS	44.0937013067	0.986046254298
6276	VALENCE/PLEASANTNESS	43.8449286787	0.984846038812
5363233	VALENCE/PLEASANTNESS	44.9178054688	0.989668519499
7820	VALENCE/PLEASANTNESS	44.5826186772	0.988260791841
11980	VALENCE/PLEASANTNESS	44.3600257696	0.987276276272
8077	VALENCE/PLEASANTNESS	43.0035407439	0.980419823151
454	VALENCE/PLEASANTNESS	44.3341123361	0.987159086792
7761	VALENCE/PLEASANTNESS	45.1115350763	0.990441164276
1068	VALENCE/PLEASANTNESS	41.5753040782	0.97160979945
8205	VALENCE/PLEASANTNESS	45.1695091946	0.990666543432
6137	VALENCE/PLEASANTNESS	42.8712503088	0.979672371136
31260	VALENCE/PLEASANTNESS	42.2819329858	0.976172576626
778574	VALENCE/PLEASANTNESS	44.4610898264	0.987728189635
2345	VALENCE/PLEASANTNESS	44.7037871549	0.9887800518
14257	VALENCE/PLEASANTNESS	44.3522271101	0.987241064554
18827	VALENCE/PLEASANTNESS	43.779136535	0.9845203431
31252	VALENCE/PLEASANTNESS	42.7941258843	0.979230151291
1060	VALENCE/PLEASANTNESS	43.586859164	0.983548649847
326	VALENCE/PLEASANTNESS	58.5534179608	0.970735616475
14525	VALENCE/PLEASANTNESS	44.9399959327	0.989758543535
7341	VALENCE/PLEASANTNESS	43.4370879794	0.982771274324
13187	VALENCE/PLEASANTNESS	44.8239931449	0.989283581214
8180	VALENCE/PLEASANTNESS	44.1308620927	0.98622128809
61809	VALENCE/PLEASANTNESS	43.5418564828	0.983316952924
61052	VALENCE/PLEASANTNESS	44.7032146807	0.988777626113
6920	VALENCE/PLEASANTNESS	43.8000931583	0.984624462062
7824	VALENCE/PLEASANTNESS	44.9917042267	0.989966789379
10364	VALENCE/PLEASANTNESS	43.3512300086	0.98231754304
6998	VALENCE/PLEASANTNESS	56.9036994981	0.980935573296
6054	VALENCE/PLEASANTNESS	43.2049605843	0.981530975736
8363	VALENCE/PLEASANTNESS	44.7534955715	0.988989676513
8093	VALENCE/PLEASANTNESS	44.7580692461	0.989008864789
244	VALENCE/PLEASANTNESS	43.1085202098	0.981003002521
1550470	VALENCE/PLEASANTNESS	45.3344358374	0.991293004418
61209	VALENCE/PLEASANTNESS	44.3788674341	0.987361147471
8082	VALENCE/PLEASANTNESS	44.2926868938	0.986970630843
11428	VALENCE/PLEASANTNESS	42.9704936809	0.980234416364
7969	VALENCE/PLEASANTNESS	43.3241230331	0.982173066689
61138	VALENCE/PLEASANTNESS	43.4706302138	0.982946932078
8857	VALENCE/PLEASANTNESS	45.0000366611	0.990000146644
12206	VALENCE/PLEASANTNESS	44.6774402947	0.988668143274
31249	VALENCE/PLEASANTNESS	45.197291879	0.990773597882
7136	VALENCE/PLEASANTNESS	44.7490768815	0.988971122562
8375	VALENCE/PLEASANTNESS	44.0680388132	0.985924734591
7127	BAKERY	5.08881915366	0.193194333995
18635	BAKERY	3.52665420991	0.13609125243
1549026	BAKERY	3.31065358585	0.128041972568
7632	BAKERY	3.7808980673	0.145517846614
10882	BAKERY	3.42718434926	0.132389136945
6106	BAKERY	3.43410718052	0.13264705037
2969	BAKERY	2.92611012516	0.11361955682
311	BAKERY	3.41772057327	0.132036497364
6213	BAKERY	3.51404379802	0.135622350395
8078	BAKERY	3.13667494473	0.121531505906
356	BAKERY	2.82236503014	0.10970830346
8051	BAKERY	3.14546573834	0.121861047649
8615	BAKERY	3.67653081378	0.141654481021
7047	BAKERY	4.15871480453	0.159430628651
31210	BAKERY	3.74346819572	0.144133306176
7409	BAKERY	4.04639231578	0.155306376322
61331	BAKERY	4.05612741776	0.155664228859
1030	BAKERY	3.46620755534	0.133842464287
61945	BAKERY	4.14741849461	0.159016307717
2879	BAKERY	4.67893639911	0.178400477634
5366244	BAKERY	3.04695079771	0.118164468243
23642	BAKERY	4.62454545932	0.176427250091
13436	BAKERY	3.79202718157	0.145929299204
15606	BAKERY	3.01291650319	0.116885593786
61177	BAKERY	3.34024560609	0.12914692796
8174	BAKERY	2.74217337291	0.106679128994
6276	BAKERY	3.03918000079	0.117872554001
5363233	BAKERY	3.14202750307	0.121732165391
7820	BAKERY	3.3377525334	0.129053864546
11980	BAKERY	4.52736213377	0.172895682195
8077	BAKERY	3.13217781426	0.121362897426
454	BAKERY	3.09340323853	0.119908472103
7761	BAKERY	3.50255106996	0.135194897199
1068	BAKERY	3.20850719481	0.124222480425
8205	BAKERY	2.97187600789	0.115342221513
6137	BAKERY	3.36421431256	0.130041397326
31260	BAKERY	3.16311497426	0.122522480434
778574	BAKERY	4.13018692522	0.158384099394
2345	BAKERY	3.69355880868	0.142285401678
14257	BAKERY	2.72951896444	0.106200649067
18827	BAKERY	3.10617703653	0.120387747148
31252	BAKERY	4.1602126294	0.159485557527
1060	BAKERY	3.53295386767	0.136325449494
326	BAKERY	6.04759746228	0.227274524465
14525	BAKERY	3.49899536113	0.13506262703
7341	BAKERY	3.3787577554	0.130583908628
13187	BAKERY	3.00607555824	0.116628426225
8180	BAKERY	2.90990287959	0.113009101276
61809	BAKERY	4.67272944759	0.178175417708
61052	BAKERY	3.7641373126	0.144898000621
6920	BAKERY	4.10879483134	0.157598915267
7824	BAKERY	3.21357648063	0.124412229707
10364	BAKERY	5.29193859345	0.200475698107
6998	BAKERY	6.14643619079	0.230745976493
6054	BAKERY	3.8449514789	0.147884598406
8363	BAKERY	4.13748497536	0.158651886246
8093	BAKERY	3.06997594899	0.119029137029
244	BAKERY	4.0340970341	0.154854305812
1550470	BAKERY	3.76066247099	0.144769465951
61209	BAKERY	3.91983574161	0.150647384768
8082	BAKERY	2.86699364862	0.111391884912
11428	BAKERY	3.27136988265	0.126574050942
7969	BAKERY	4.00837216404	0.153908067599
61138	BAKERY	3.35802662016	0.129810527694
8857	BAKERY	3.74444335036	0.144169391613
12206	BAKERY	3.2868296813	0.12715188751
31249	BAKERY	3.43878578832	0.132821332454
7136	BAKERY	5.038825558	0.191397117118
8375	BAKERY	4.99984375952	0.189994375333
7127	SWEET	14.6159201703	0.499186757841
18635	SWEET	13.9644336254	0.480575182426
1549026	SWEET	16.1720652205	0.542268331421
7632	SWEET	13.7865746266	0.475435129091
10882	SWEET	16.8543732363	0.560546970578
6106	SWEET	14.2534083153	0.488872473171
2969	SWEET	15.3320011815	0.519251943168
311	SWEET	14.5963001622	0.498631215117
6213	SWEET	14.4562607636	0.494657040437
8078	SWEET	12.5503272511	0.4390088044
356	SWEET	15.7088118807	0.529645766947
8051	SWEET	15.8774028726	0.534259346112
8615	SWEET	15.3748404763	0.520439331182
7047	SWEET	13.2818420876	0.460710751809
31210	SWEET	15.4539313295	0.522627655766
7409	SWEET	13.193610965	0.458115890481
61331	SWEET	14.9623092454	0.508944090633
1030	SWEET	12.927085315	0.450239598702
61945	SWEET	12.9756295542	0.451678397237
2879	SWEET	13.1045922004	0.455491553319
5366244	SWEET	14.9979819294	0.509943492395
23642	SWEET	14.0446170544	0.482884174893
13436	SWEET	13.5871873167	0.469642828996
15606	SWEET	16.2883525815	0.545409931332
61177	SWEET	16.1832819758	0.542571832828
8174	SWEET	14.9146638324	0.507607674403
6276	SWEET	14.9763458827	0.509337460909
5363233	SWEET	15.9287632955	0.53566033177
7820	SWEET	15.7428536235	0.530579168855
11980	SWEET	15.2935869643	0.518185957678
8077	SWEET	14.581916475	0.498223743766
454	SWEET	15.531715362	0.524774941645
7761	SWEET	16.4655525977	0.55017633497
1068	SWEET	12.9960519992	0.452283132941
8205	SWEET	16.0654062823	0.539377339687
6137	SWEET	14.0842676608	0.484024068217
31260	SWEET	13.3249863678	0.461977350031
778574	SWEET	15.0908735158	0.512541155244
2345	SWEET	15.0574971049	0.51160859657
14257	SWEET	15.3945136593	0.520984126049
18827	SWEET	14.979720353	0.509432005378
31252	SWEET	13.1846381842	0.457851653747
1060	SWEET	14.341479589	0.49138796884
326	SWEET	33.0247090538	0.884735798917
14525	SWEET	14.4514620116	0.494520578754
7341	SWEET	14.7665545034	0.503441727375
13187	SWEET	15.9657641042	0.536668314797
8180	SWEET	15.251312271	0.517011480446
61809	SWEET	14.1911362041	0.487090109457
61052	SWEET	15.4758654603	0.523233653715
6920	SWEET	14.293858786	0.490028591841
7824	SWEET	16.3727152315	0.54768228764
10364	SWEET	13.3659281363	0.463177911473
6998	SWEET	31.7727592987	0.867107078566
6054	SWEET	13.4850854458	0.466664406039
8363	SWEET	15.0556954867	0.511558232833
8093	SWEET	15.9722236636	0.536844175039
244	SWEET	13.282394789	0.460726987027
1550470	SWEET	16.4725063716	0.550362868398
61209	SWEET	14.3363828778	0.491242565506
8082	SWEET	11.3929272235	0.403797572652
11428	SWEET	14.1602231237	0.486204157384
7969	SWEET	13.3245548613	0.461964689552
61138	SWEET	14.7675128293	0.503468739105
8857	SWEET	16.2486320793	0.544338065392
12206	SWEET	16.1158803235	0.540746573499
31249	SWEET	16.6353633306	0.554720407967
7136	SWEET	15.1421867308	0.513973141635
8375	SWEET	14.3832908626	0.492580012088
7127	FRUIT	5.79595200812	0.218400856453
18635	FRUIT	6.6371601062	0.247865646538
1549026	FRUIT	8.16130717908	0.299809513215
7632	FRUIT	5.39082796488	0.204008708137
10882	FRUIT	8.69060429422	0.317413530569
6106	FRUIT	6.4719440492	0.242123338058
2969	FRUIT	8.05274151402	0.296171002204
311	FRUIT	6.76015239165	0.252126231523
6213	FRUIT	6.45712491994	0.241607211905
8078	FRUIT	4.18972596691	0.160567517205
356	FRUIT	8.47391674936	0.310233763944
8051	FRUIT	8.15958226344	0.299751777452
8615	FRUIT	6.2089579563	0.232937854691
7047	FRUIT	4.21744721654	0.161583144252
31210	FRUIT	7.00510761124	0.260575691391
7409	FRUIT	4.75474231333	0.181146662747
61331	FRUIT	5.84559700227	0.220155478366
1030	FRUIT	5.53110072809	0.209006799018
61945	FRUIT	5.03416454836	0.191229456854
2879	FRUIT	4.40238802945	0.168343113033
5366244	FRUIT	7.57710288112	0.280119120016
23642	FRUIT	5.09345331608	0.19336082597
13436	FRUIT	4.31153509538	0.165025669864
15606	FRUIT	8.55725422073	0.31299952891
61177	FRUIT	8.5502815994	0.312768337804
8174	FRUIT	7.99296190019	0.294163500033
6276	FRUIT	7.66191022026	0.282994461521
5363233	FRUIT	8.32690182851	0.305341155516
7820	FRUIT	7.56396057905	0.279673023305
11980	FRUIT	6.75589881906	0.251979085221
8077	FRUIT	7.13285073291	0.264963005485
454	FRUIT	8.30414064178	0.304582124952
7761	FRUIT	8.22496288217	0.301938509521
1068	FRUIT	5.75153536719	0.216829351056
8205	FRUIT	8.52409395815	0.311899687203
6137	FRUIT	6.50909864149	0.24341659961
31260	FRUIT	6.11604106268	0.229679259195
778574	FRUIT	6.3927740236	0.239363937057
2345	FRUIT	5.97648025368	0.224771883658
14257	FRUIT	8.37392110171	0.306907822221
18827	FRUIT	7.76446270101	0.286463755626
31252	FRUIT	4.88228211469	0.185756613129
1060	FRUIT	6.42596385129	0.240521349484
326	FRUIT	10.1629049038	0.365202341718
14525	FRUIT	6.09609000383	0.228978674819
7341	FRUIT	7.07554935322	0.262996614669
13187	FRUIT	8.39201365021	0.307510188766
8180	FRUIT	8.00811276769	0.294672562668
61809	FRUIT	6.1148196149	0.229636377027
61052	FRUIT	6.90482837054	0.257122472891
6920	FRUIT	5.86037425188	0.220677375526
7824	FRUIT	8.41693616401	0.308339520805
10364	FRUIT	4.88938216194	0.186012863308
6998	FRUIT	9.88008408518	0.356156938795
6054	FRUIT	4.9969118737	0.189888823639
8363	FRUIT	5.84548899721	0.220151663242
8093	FRUIT	8.32697095222	0.305343459993
244	FRUIT	4.68667300398	0.178680958621
1550470	FRUIT	8.0280478562	0.295342093295
61209	FRUIT	5.60396630414	0.21159687683
8082	FRUIT	3.84648500759	0.147941221538
11428	FRUIT	6.71660398732	0.250619051844
7969	FRUIT	4.40597263071	0.1684738673
61138	FRUIT	7.16419034834	0.266037364595
8857	FRUIT	7.95192522733	0.292783763165
12206	FRUIT	8.074742321	0.29690910742
31249	FRUIT	8.43383803079	0.30890167166
7136	FRUIT	6.37838108251	0.238861745207
8375	FRUIT	5.56769831255	0.210308226702
7127	FISH	1.4304361446	0.0563989867585
18635	FISH	3.36623142791	0.130116651506
1549026	FISH	1.29553378464	0.0511499882708
7632	FISH	1.61119742903	0.0634095142991
10882	FISH	1.29681984968	0.0512000972981
6106	FISH	1.37822867144	0.0543693411494
2969	FISH	1.22638826519	0.0484539193369
311	FISH	1.43461717746	0.05656143652
6213	FISH	1.39228975224	0.054916201788
8078	FISH	1.53299508101	0.0603797736729
356	FISH	1.26024615425	0.0497745580224
8051	FISH	1.27636199329	0.0504028397566
8615	FISH	1.46491369037	0.0577381587666
7047	FISH	1.5310346236	0.0603037581364
31210	FISH	1.43125026469	0.0564306196595
7409	FISH	1.55484256154	0.0612266883053
61331	FISH	1.44207079463	0.0568510045146
1030	FISH	1.4891897653	0.0586805161494
61945	FISH	1.66941959495	0.0656619990845
2879	FISH	1.49577355449	0.0589360067691
5366244	FISH	1.30002070635	0.0513248067192
23642	FISH	1.51825897576	0.0598083149033
13436	FISH	2.737548453	0.106504269507
15606	FISH	1.22478372111	0.0483913107791
61177	FISH	1.26967407063	0.0501421339269
8174	FISH	1.20894225824	0.0477730737762
6276	FISH	1.3601118013	0.0536645104073
5363233	FISH	1.25355484277	0.0495136338131
7820	FISH	1.38111619317	0.054481654951
11980	FISH	1.45223706723	0.0572458856894
8077	FISH	4.61527403759	0.176090659727
454	FISH	1.29546451793	0.0511472893903
7761	FISH	1.34551289972	0.0530963540034
1068	FISH	3.40220518833	0.131458207476
8205	FISH	1.17051438489	0.0462725338256
6137	FISH	3.16769609817	0.122694124499
31260	FISH	1.51683164739	0.059752954597
778574	FISH	1.41803590328	0.055917105802
2345	FISH	1.43755811964	0.0566756954468
14257	FISH	1.20543315117	0.0476360984142
18827	FISH	1.33060426217	0.0525159674059
31252	FISH	1.53245727485	0.0603589208742
1060	FISH	1.30302125755	0.051441704543
326	FISH	1.39972567315	0.0552053341418
14525	FISH	1.32482276159	0.0522908483238
7341	FISH	1.35154907537	0.0533312890536
13187	FISH	1.22956575777	0.0485778975299
8180	FISH	1.21617226819	0.0480552607333
61809	FISH	1.53133813117	0.0603155266582
61052	FISH	1.46146633689	0.0576042999339
6920	FISH	1.46241149446	0.0576410008269
7824	FISH	1.28093175179	0.0505809556104
10364	FISH	1.44031689847	0.0567828708316
6998	FISH	1.48996141044	0.0587104624159
6054	FISH	1.70715086562	0.0671202889936
8363	FISH	1.43500538396	0.0565765191776
8093	FISH	1.24798670353	0.0492964798162
244	FISH	1.68316043415	0.0661932057473
1550470	FISH	1.28633627415	0.0507915865621
61209	FISH	1.3852593686	0.0546427973366
8082	FISH	1.80045740045	0.0707216372778
11428	FISH	1.43329695375	0.0565101420871
7969	FISH	1.66175803209	0.0653657453809
61138	FISH	1.43757188894	0.0566762303833
8857	FISH	1.28021164322	0.0505528889882
12206	FISH	1.32103759945	0.0521434478423
31249	FISH	1.34122317573	0.0529293751862
7136	FISH	1.35848864963	0.0536013494205
8375	FISH	1.41023866932	0.0556140375312
7127	GARLIC	2.79975249186	0.108854654068
18635	GARLIC	4.02691781922	0.15459028592
1549026	GARLIC	2.86945853977	0.111484824666
7632	GARLIC	2.88593586318	0.112105984205
10882	GARLIC	2.87282150464	0.111611618827
6106	GARLIC	3.12831721961	0.121218141334
2969	GARLIC	2.78432967416	0.108272190273
311	GARLIC	3.18137928615	0.123206701781
6213	GARLIC	3.25169860131	0.125838526535
8078	GARLIC	4.16501937105	0.159661820297
356	GARLIC	2.88373058096	0.112022862413
8051	GARLIC	2.92710925541	0.113657182779
8615	GARLIC	2.56953107846	0.100140247153
7047	GARLIC	2.58170075648	0.100601958741
31210	GARLIC	2.7170060158	0.105727391956
7409	GARLIC	2.79457850064	0.108659272427
61331	GARLIC	2.63462665494	0.102608563153
1030	GARLIC	3.56392814521	0.137476492279
61945	GARLIC	3.32106821866	0.128430931101
2879	GARLIC	2.78956235146	0.108469830813
5366244	GARLIC	2.90882586507	0.112968527437
23642	GARLIC	2.70646432401	0.105328593306
13436	GARLIC	2.66680907424	0.103827614714
15606	GARLIC	2.75462443881	0.107149795233
61177	GARLIC	2.80081748004	0.108894867779
8174	GARLIC	2.83626560376	0.11023286312
6276	GARLIC	3.22081212883	0.124683032846
5363233	GARLIC	2.80288321727	0.108972866959
7820	GARLIC	3.05221668787	0.118362256831
11980	GARLIC	2.88192426605	0.111954775652
8077	GARLIC	3.63281588386	0.140033694856
454	GARLIC	2.81344622838	0.109371657263
7761	GARLIC	2.93503301106	0.113955552932
1068	GARLIC	4.64946494012	0.177331587913
8205	GARLIC	2.64194991063	0.102886036693
6137	GARLIC	3.64547561429	0.14050322759
31260	GARLIC	3.53913175357	0.136555088715
778574	GARLIC	2.71986742618	0.105835625521
2345	GARLIC	2.54701765519	0.0992857866333
14257	GARLIC	2.74740527337	0.10687691664
18827	GARLIC	3.04960552169	0.118264183332
31252	GARLIC	3.08650234112	0.119649494964
1060	GARLIC	3.16588442581	0.122626247353
326	GARLIC	2.70584447142	0.105305141135
14525	GARLIC	3.15681177421	0.122286286737
7341	GARLIC	3.10413406757	0.120311103379
13187	GARLIC	2.82380108775	0.109762502477
8180	GARLIC	2.75842773143	0.107293539837
61809	GARLIC	3.20059033999	0.12392610219
61052	GARLIC	2.71599719016	0.105689231312
6920	GARLIC	3.00012264643	0.1164046115
7824	GARLIC	2.87938451357	0.111859038472
10364	GARLIC	2.82083917893	0.109650713688
6998	GARLIC	2.6416799177	0.102875807593
6054	GARLIC	2.9411925444	0.114187456343
8363	GARLIC	2.56457671158	0.0999522469794
8093	GARLIC	2.86319698181	0.11124872049
244	GARLIC	2.85169800796	0.110815047707
1550470	GARLIC	2.86031173792	0.111139916221
61209	GARLIC	3.21457860242	0.124449737861
8082	GARLIC	4.49899379786	0.171863373837
11428	GARLIC	3.31012084475	0.128022073787
7969	GARLIC	2.65893539083	0.103529440668
61138	GARLIC	3.21397683479	0.124427214554
8857	GARLIC	2.95047155621	0.114536749287
12206	GARLIC	2.97247905596	0.115364909543
31249	GARLIC	2.8923872085	0.112349126834
7136	GARLIC	2.76273409462	0.107456283914
8375	GARLIC	2.72979388991	0.106211045724
7127	SPICES	7.07379709869	0.26293644179
18635	SPICES	6.14171181365	0.230580222945
1549026	SPICES	5.86384895081	0.220800068225
7632	SPICES	6.86338384104	0.255692938542
10882	SPICES	5.55232113432	0.209761537382
6106	SPICES	6.12159275544	0.229874151072
2969	SPICES	5.25630043892	0.199200539835
311	SPICES	5.7405489585	0.216440397402
6213	SPICES	6.10945989463	0.229448195704
8078	SPICES	7.14245802812	0.265292438452
356	SPICES	5.31708580685	0.201374871683
8051	SPICES	5.56724206098	0.210292008773
8615	SPICES	6.40386741692	0.239750889519
7047	SPICES	7.16519488086	0.266071788162
31210	SPICES	6.13297891374	0.230273784407
7409	SPICES	7.30985618875	0.27102064855
61331	SPICES	6.64210302364	0.248037107915
1030	SPICES	6.32322272385	0.236935650708
61945	SPICES	6.84205727062	0.254956791747
2879	SPICES	7.7803478282	0.287000388197
5366244	SPICES	5.77569858218	0.217684465642
23642	SPICES	7.12055944801	0.264541431179
13436	SPICES	7.03191412716	0.26149743857
15606	SPICES	5.38441590092	0.203779862199
61177	SPICES	5.43869346367	0.20571598391
8174	SPICES	5.17759671771	0.1963808656
6276	SPICES	5.58788794791	0.211025721229
5363233	SPICES	5.57107189372	0.210428138931
7820	SPICES	5.87142101768	0.2210674068
11980	SPICES	6.35148851868	0.237922978186
8077	SPICES	5.91002835818	0.222429760249
454	SPICES	5.34191659925	0.202262234789
7761	SPICES	5.70955855947	0.215342718801
1068	SPICES	6.51494707438	0.243620068822
8205	SPICES	5.29367652683	0.200537856605
6137	SPICES	5.9841605402	0.22504235066
31260	SPICES	6.46212047859	0.241781218712
778574	SPICES	6.65216015405	0.248385912276
2345	SPICES	6.49636231548	0.242973403286
14257	SPICES	5.17466732809	0.196275820341
18827	SPICES	5.61892434272	0.212128049401
31252	SPICES	6.97697765634	0.259607819367
1060	SPICES	5.98986889102	0.225243343908
326	SPICES	9.38159426032	0.340058046067
14525	SPICES	6.6243968145	0.247422819318
7341	SPICES	5.90322673147	0.222189834922
13187	SPICES	5.41753468537	0.204961514588
8180	SPICES	5.22805869788	0.198189308816
61809	SPICES	6.6101611575	0.246928754089
61052	SPICES	6.19406875904	0.232416155245
6920	SPICES	6.66555487994	0.248850346455
7824	SPICES	5.58199316637	0.210816267571
10364	SPICES	8.34455111629	0.305929431318
6998	SPICES	7.13936351133	0.265186335914
6054	SPICES	7.00541914094	0.260586406701
8363	SPICES	6.62683947965	0.24750757859
8093	SPICES	5.48888657542	0.207504312682
244	SPICES	7.74229660637	0.285714601558
1550470	SPICES	5.97854374464	0.224844555663
61209	SPICES	6.73613187705	0.251295086016
8082	SPICES	6.97345339371	0.259486514855
11428	SPICES	5.96187596827	0.224257452706
7969	SPICES	7.11144164522	0.2642286249
61138	SPICES	5.73855658168	0.216369850611
8857	SPICES	5.82105800217	0.219288433581
12206	SPICES	5.65990965309	0.213582555211
31249	SPICES	5.64451940109	0.213036536336
7136	SPICES	6.77093526526	0.252499184864
8375	SPICES	6.93114412805	0.258029461553
7127	COLD	4.8705607229	0.185333484214
18635	COLD	4.49255819009	0.171629095967
1549026	COLD	5.12236208051	0.194399045907
7632	COLD	4.91051237486	0.186775242281
10882	COLD	4.76174967093	0.181400282866
6106	COLD	4.99005724796	0.189642021383
2969	COLD	4.9695354833	0.188902906164
311	COLD	4.77703395206	0.181953336731
6213	COLD	4.72890202237	0.18021107516
8078	COLD	6.71135187088	0.250437177261
356	COLD	4.99203284738	0.189713157116
8051	COLD	4.85519291902	0.184778557448
8615	COLD	4.82066428381	0.183531049698
7047	COLD	4.74655937514	0.180850444645
31210	COLD	4.7815717943	0.182117500242
7409	COLD	4.99050369988	0.189658097124
61331	COLD	4.80132944092	0.182832071877
1030	COLD	4.69397151244	0.178945513074
61945	COLD	4.42385096762	0.169125855751
2879	COLD	4.81178617055	0.183210132361
5366244	COLD	5.27068711005	0.199715427357
23642	COLD	4.83975808714	0.184221020149
13436	COLD	4.80274332268	0.182883195538
15606	COLD	4.99686846647	0.18988726087
61177	COLD	4.90278235111	0.186496384131
8174	COLD	5.13098623907	0.194708641649
6276	COLD	4.83318687253	0.183983596763
5363233	COLD	4.90353995762	0.186523716659
7820	COLD	4.76726094184	0.181599726919
11980	COLD	4.61177458646	0.175963597524
8077	COLD	4.60109334023	0.175575709639
454	COLD	4.91475998049	0.186928452953
7761	COLD	4.75074665025	0.181002028516
1068	COLD	4.66247096405	0.177803384366
8205	COLD	5.16925138516	0.196081591453
6137	COLD	4.78161426708	0.182119036683
31260	COLD	4.91051603887	0.186775374448
778574	COLD	4.70262844482	0.179259252077
2345	COLD	4.78233257754	0.182145021149
14257	COLD	5.11213355094	0.194031778261
18827	COLD	4.94754716375	0.188110597375
31252	COLD	4.61026730071	0.175908866195
1060	COLD	4.66062388704	0.177736389475
326	COLD	5.08964337161	0.193223947004
14525	COLD	6.1464360964	0.230745973181
7341	COLD	4.88503302471	0.185855901927
13187	COLD	4.97175474656	0.188982851758
8180	COLD	4.99148976414	0.189693602539
61809	COLD	4.56322548239	0.174199808574
61052	COLD	4.76779698341	0.181619124106
6920	COLD	4.69568551528	0.179007635628
7824	COLD	4.84586503614	0.184441638266
10364	COLD	5.17737465561	0.196372902894
6998	COLD	4.75051477075	0.180993634595
6054	COLD	4.73825439442	0.180549753894
8363	COLD	4.80651022468	0.183019392771
8093	COLD	4.93214763201	0.187555473175
244	COLD	4.75434088484	0.181132132494
1550470	COLD	4.73399779727	0.180395617833
61209	COLD	4.87138222899	0.185363143231
8082	COLD	6.62787165866	0.247543393257
11428	COLD	4.9357656157	0.187685911743
7969	COLD	4.74874384035	0.180929526389
61138	COLD	4.59496392345	0.175353079555
8857	COLD	4.83966709672	0.184217732826
12206	COLD	4.75981053388	0.181330102828
31249	COLD	4.76354085259	0.181465105522
7136	COLD	4.87432158182	0.18546925892
8375	COLD	4.93740972658	0.18774518314
7127	SOUR	8.20444380059	0.301252592793
18635	SOUR	9.99322629633	0.359783223129
1549026	SOUR	9.20412462696	0.334278621019
7632	SOUR	8.22323266309	0.301880684351
10882	SOUR	9.11830875142	0.331474928262
6106	SOUR	9.06361981568	0.329685110962
2969	SOUR	12.684077781	0.443008779579
311	SOUR	15.3110646543	0.518671105832
6213	SOUR	9.55063243551	0.345539465453
8078	SOUR	6.62871233832	0.247572562627
356	SOUR	9.03949207742	0.32889471629
8051	SOUR	9.19929989965	0.334121148528
8615	SOUR	8.00887810937	0.294698272947
7047	SOUR	7.37450630743	0.273226914986
31210	SOUR	8.4590473276	0.309739700428
7409	SOUR	7.90604433707	0.291239558659
61331	SOUR	8.08636471019	0.297298870717
1030	SOUR	9.09930622989	0.33085329965
61945	SOUR	8.44542483858	0.309286913261
2879	SOUR	7.77881509409	0.286948618056
5366244	SOUR	8.89647215752	0.324199999561
23642	SOUR	7.77815366025	0.286926276665
13436	SOUR	7.5109095058	0.27787087559
15606	SOUR	8.9353379098	0.325477410967
61177	SOUR	8.99359610524	0.327389935848
8174	SOUR	8.79196351936	0.320759091764
6276	SOUR	9.20974436514	0.334462018097
5363233	SOUR	9.08634658145	0.330429185579
7820	SOUR	9.4499979625	0.342278933904
11980	SOUR	8.51771932794	0.311688156098
8077	SOUR	9.61860122253	0.34773705311
454	SOUR	9.13504020645	0.332022024429
7761	SOUR	9.24453353811	0.335596781389
1068	SOUR	10.1464356889	0.36467736468
8205	SOUR	8.76800946728	0.319969182684
6137	SOUR	9.45783277198	0.342533070582
31260	SOUR	9.20816292525	0.334410411227
778574	SOUR	8.30075217128	0.304469092208
2345	SOUR	8.05154939643	0.296130996784
14257	SOUR	8.88511774122	0.323826582739
18827	SOUR	9.18708270339	0.333722312696
31252	SOUR	8.36480446941	0.306604197252
1060	SOUR	9.54025071936	0.345203475259
326	SOUR	8.05460800223	0.296233636061
14525	SOUR	8.27991699762	0.30377386971
7341	SOUR	13.5707477126	0.469163831113
13187	SOUR	9.01419143826	0.328065398616
8180	SOUR	12.5870724028	0.440109139443
61809	SOUR	8.56696597094	0.313321476459
61052	SOUR	8.37838607746	0.307056501793
6920	SOUR	8.4771292029	0.310340480307
7824	SOUR	9.15263260713	0.332597030829
10364	SOUR	7.99835320146	0.294344666484
6998	SOUR	7.75269291049	0.286066017474
6054	SOUR	8.07940239305	0.29706539851
8363	SOUR	7.96968269431	0.293380970873
8093	SOUR	9.10467364549	0.331028912943
244	SOUR	7.93317801178	0.292152995125
1550470	SOUR	9.05980608433	0.329560208859
61209	SOUR	8.30663111767	0.304665196497
8082	SOUR	7.11377668591	0.264308739942
11428	SOUR	9.27424428347	0.336565128527
7969	SOUR	7.56585446634	0.279737317131
61138	SOUR	13.1791993911	0.457691457008
8857	SOUR	9.14598697649	0.33237984795
12206	SOUR	9.27526161258	0.336598273311
31249	SOUR	9.24848562113	0.335725630332
7136	SOUR	8.37691048744	0.307007367772
8375	SOUR	8.05101315761	0.296113001159
7127	BURNT	5.8448486105	0.220129042308
18635	BURNT	5.18481477759	0.196639669392
1549026	BURNT	4.68319567305	0.178554898237
7632	BURNT	5.79970195712	0.218533461168
10882	BURNT	4.70362733444	0.179295449337
6106	BURNT	5.15996060682	0.195748346887
2969	BURNT	4.98723591519	0.189540427778
311	BURNT	5.0991007362	0.193563698121
6213	BURNT	4.98632596508	0.189507659951
8078	BURNT	5.20668067964	0.197423417706
356	BURNT	4.8477662269	0.18451031412
8051	BURNT	4.7972641916	0.182685070175
8615	BURNT	5.46745543423	0.206740989799
7047	BURNT	6.53766006926	0.244410003098
31210	BURNT	5.28448653677	0.200209142288
7409	BURNT	6.02418057906	0.226450922503
61331	BURNT	5.68261648323	0.214387807291
1030	BURNT	5.5108766356	0.208287160907
61945	BURNT	7.63563681921	0.282104292914
2879	BURNT	6.29151720684	0.235827412768
5366244	BURNT	5.07226592917	0.192599484504
23642	BURNT	7.93112420948	0.292083875889
13436	BURNT	10.4542905652	0.37445474612
15606	BURNT	4.84412692185	0.18437885062
61177	BURNT	4.75466607953	0.18114390337
8174	BURNT	5.08090277478	0.192909881789
6276	BURNT	4.93804464555	0.187768071853
5363233	BURNT	4.81716046235	0.183404404526
7820	BURNT	4.88758501729	0.185948005771
11980	BURNT	5.58698590567	0.210993671623
8077	BURNT	5.09931350933	0.193571341066
454	BURNT	4.88789650705	0.185959247376
7761	BURNT	4.75929335916	0.181311385055
1068	BURNT	5.34182919282	0.202259112063
8205	BURNT	4.87877110032	0.185629881033
6137	BURNT	5.84315693099	0.220069284071
31260	BURNT	5.32094442973	0.201512797339
778574	BURNT	5.40125100716	0.20438063531
2345	BURNT	5.59581232086	0.211307246622
14257	BURNT	4.95935722988	0.188536199542
18827	BURNT	4.98333104057	0.189399806319
31252	BURNT	6.43833701415	0.240952607163
1060	BURNT	4.99099756647	0.189675879975
326	BURNT	5.6865825157	0.214528412345
14525	BURNT	5.09229061936	0.193319055274
7341	BURNT	5.00669064503	0.190240845315
13187	BURNT	4.83818710344	0.184164262358
8180	BURNT	5.02471518214	0.190889502221
61809	BURNT	6.55461081808	0.244999263533
61052	BURNT	5.32113686191	0.201519675475
6920	BURNT	5.84981533319	0.220304477554
7824	BURNT	4.76787617163	0.18162198959
10364	BURNT	6.05400887641	0.227499945666
6998	BURNT	6.09357227435	0.228890241749
6054	BURNT	6.02114604455	0.226344161906
8363	BURNT	5.61898316542	0.212130137891
8093	BURNT	4.81487229036	0.183321693546
244	BURNT	6.15175930029	0.230932715016
1550470	BURNT	4.8101707433	0.1831517327
61209	BURNT	5.44811187719	0.206051705877
8082	BURNT	5.42157604341	0.205105647019
11428	BURNT	5.14145066323	0.19508422056
7969	BURNT	7.3317327381	0.271767587547
61138	BURNT	4.93619443189	0.187701371088
8857	BURNT	4.78137681636	0.18211044695
12206	BURNT	4.78205566886	0.182135004186
31249	BURNT	4.75424727877	0.181128744276
7136	BURNT	5.55069300031	0.209703642899
8375	BURNT	5.8089390759	0.218860053761
7127	ACID	6.32588348207	0.237028618551
18635	ACID	6.56512818773	0.245364764261
1549026	ACID	6.27296338036	0.235178507386
7632	ACID	6.8710353378	0.255956962867
10882	ACID	6.11567065773	0.229666255272
6106	ACID	6.74983081774	0.251769146282
2969	ACID	6.6498658334	0.248306347095
311	ACID	6.39122044096	0.239309738148
6213	ACID	6.99606857358	0.260264752749
8078	ACID	8.29382319698	0.30423792659
356	ACID	6.92586441813	0.25784753755
8051	ACID	6.67048209661	0.249021151304
8615	ACID	5.58533988928	0.2109351869
7047	ACID	6.66701663665	0.248901021133
31210	ACID	5.68358405783	0.214422111216
7409	ACID	6.98625540665	0.259927110423
61331	ACID	5.74444781629	0.216578440366
1030	ACID	7.08030678033	0.263159973572
61945	ACID	6.51743841824	0.243706735315
2879	ACID	6.87628440341	0.256138061258
5366244	ACID	6.81822012407	0.254133554699
23642	ACID	6.66906807632	0.24897213545
13436	ACID	6.82094441672	0.254227663574
15606	ACID	6.3789593376	0.238881924612
61177	ACID	6.34815550426	0.237806588848
8174	ACID	6.98997124066	0.260054970448
6276	ACID	6.80452066028	0.253660225845
5363233	ACID	6.53376060903	0.244274413283
7820	ACID	6.74075621671	0.251455130919
11980	ACID	6.23039477844	0.2336886635
8077	ACID	6.96692265129	0.25926170156
454	ACID	6.59496218584	0.246401076941
7761	ACID	6.38412267701	0.239062098138
1068	ACID	7.1966684634	0.267149923747
8205	ACID	6.50961522626	0.243434572893
6137	ACID	6.73869656202	0.251383849939
31260	ACID	7.15139686715	0.265598883826
778574	ACID	6.2637381742	0.234855760602
2345	ACID	5.80526796988	0.218730264314
14257	ACID	7.0098811728	0.260739873289
18827	ACID	6.83642944571	0.254762470802
31252	ACID	6.89241618115	0.25669448692
1060	ACID	6.76465645276	0.252282027341
326	ACID	6.61898919515	0.24723516062
14525	ACID	7.06125084413	0.262505528372
7341	ACID	6.75748525413	0.252033967381
13187	ACID	6.66288727817	0.248757864374
8180	ACID	6.67126358631	0.249048240317
61809	ACID	6.59450622375	0.246385244016
61052	ACID	6.34770591505	0.237790888449
6920	ACID	6.59694269785	0.24646984673
7824	ACID	6.36454004275	0.238378653728
10364	ACID	7.05941048545	0.262442308857
6998	ACID	6.41883214159	0.240272723239
6054	ACID	6.73574451331	0.251281678873
8363	ACID	5.64193890802	0.212944966464
8093	ACID	6.65505797089	0.248486400197
244	ACID	6.78729711804	0.253064923854
1550470	ACID	6.08757995051	0.228679746159
61209	ACID	6.92707167345	0.25788913815
8082	ACID	8.02096844972	0.29510436404
11428	ACID	7.12303104428	0.264626213268
7969	ACID	6.75765771958	0.252039933641
61138	ACID	6.34734067611	0.237778133581
8857	ACID	6.66822153626	0.248942790068
12206	ACID	6.40410554291	0.239759194595
31249	ACID	6.34054383073	0.237540754801
7136	ACID	6.12341826026	0.229938229934
8375	ACID	6.47263358204	0.242147349087
7127	WARM	6.42263860547	0.240405429556
18635	WARM	5.71990084587	0.21570912756
1549026	WARM	5.56307078622	0.21014372882
7632	WARM	6.01779905841	0.226226400133
10882	WARM	5.63051329838	0.212539459934
6106	WARM	5.69656681265	0.214882323126
2969	WARM	5.46869796402	0.206785255592
311	WARM	5.68141546414	0.214345225895
6213	WARM	5.61437577022	0.211966544693
8078	WARM	5.86962273557	0.221003921
356	WARM	5.31569978132	0.201325325587
8051	WARM	5.46106667646	0.20651336736
8615	WARM	6.02637249886	0.226528033756
7047	WARM	6.24549309048	0.234217250042
31210	WARM	5.91126071243	0.222473227213
7409	WARM	6.10633006009	0.229338295682
61331	WARM	6.21427338991	0.233124058091
1030	WARM	5.76282097579	0.217228796792
61945	WARM	6.10458650235	0.229277069548
2879	WARM	6.28262842748	0.235516569116
5366244	WARM	5.55789997457	0.209959898132
23642	WARM	6.31802896349	0.236754162546
13436	WARM	6.18601546402	0.232133903632
15606	WARM	5.49102929286	0.207580610637
61177	WARM	5.51403228228	0.208399470487
8174	WARM	5.35436198473	0.202706802484
6276	WARM	5.42994928638	0.205404231754
5363233	WARM	5.48941475456	0.207523120443
7820	WARM	5.64198641726	0.212946652397
11980	WARM	6.15178851264	0.230933739744
8077	WARM	5.51688719304	0.208501070001
454	WARM	5.45491707254	0.206294234794
7761	WARM	5.7019583212	0.215073401369
1068	WARM	5.61340007503	0.21193189884
8205	WARM	5.4450593104	0.205942904058
6137	WARM	5.68297542595	0.214400533161
31260	WARM	5.58767968383	0.211018321653
778574	WARM	6.00412560822	0.225745214601
2345	WARM	6.02377279619	0.226436576368
14257	WARM	5.3428099346	0.202294150185
18827	WARM	5.49274639282	0.207641750539
31252	WARM	6.08091996465	0.228445763539
1060	WARM	5.66754741971	0.213853459287
326	WARM	6.58465064814	0.246042976262
14525	WARM	5.93165790402	0.223192489965
7341	WARM	5.62316043705	0.212278444162
13187	WARM	5.42062872268	0.205071862607
8180	WARM	5.49067484574	0.207567989725
61809	WARM	6.19781658971	0.232547491396
61052	WARM	5.89291954827	0.22182618161
6920	WARM	6.01762474341	0.226220266715
7824	WARM	5.54336662175	0.209443099469
10364	WARM	6.46509462594	0.241884805629
6998	WARM	6.70874875178	0.250347026145
6054	WARM	6.08076893408	0.228440457031
8363	WARM	6.18527695761	0.232108017887
8093	WARM	5.42989340215	0.205402239143
244	WARM	6.15619295362	0.231088233472
1550470	WARM	5.75077322561	0.216802371948
61209	WARM	6.0000355283	0.225601250595
8082	WARM	5.92058763128	0.222802162091
11428	WARM	5.58277194548	0.210843940781
7969	WARM	6.16576017143	0.231423767461
61138	WARM	5.66735965877	0.21384680015
8857	WARM	5.70094677968	0.215037553513
12206	WARM	5.57287846535	0.210492348858
31249	WARM	5.68049268062	0.214312508387
7136	WARM	6.34088011015	0.237552500178
8375	WARM	6.34477775497	0.237688628295
7127	MUSKY	7.62401835252	0.281710471765
18635	MUSKY	12.5796965218	0.439888355039
1549026	MUSKY	7.62222160645	0.281649559371
7632	MUSKY	8.01779866478	0.29499790842
10882	MUSKY	7.72134347649	0.285006081027
6106	MUSKY	8.51442213366	0.311578731638
2969	MUSKY	8.17121235329	0.300141009602
311	MUSKY	8.67127369681	0.316774552862
6213	MUSKY	8.17390679754	0.300231170968
8078	MUSKY	6.79748044706	0.253416921711
356	MUSKY	7.73806011875	0.285571374989
8051	MUSKY	7.91907383198	0.291678261137
8615	MUSKY	7.79865552937	0.287618609949
7047	MUSKY	8.07456156664	0.296903044868
31210	MUSKY	7.84610524662	0.289219662848
7409	MUSKY	8.06469955401	0.296572230602
61331	MUSKY	7.88559567948	0.290550779491
1030	MUSKY	8.4949608888	0.310932691351
61945	MUSKY	8.44879087381	0.30939880806
2879	MUSKY	7.95636254246	0.292933019736
5366244	MUSKY	7.97769999199	0.293650520815
23642	MUSKY	7.74397859163	0.285771461894
13436	MUSKY	8.03966284088	0.295732042197
15606	MUSKY	7.73835376378	0.285581302962
61177	MUSKY	7.57196146577	0.279944618455
8174	MUSKY	7.82344467836	0.28845527248
6276	MUSKY	7.95734464303	0.292966052214
5363233	MUSKY	7.77268513525	0.286741551725
7820	MUSKY	7.99627200815	0.294274733915
11980	MUSKY	7.88329242792	0.290473177315
8077	MUSKY	8.06227413606	0.296490859744
454	MUSKY	12.1214541455	0.426086305581
7761	MUSKY	7.7762460316	0.286861840326
1068	MUSKY	8.467662103	0.310025963524
8205	MUSKY	7.61589775995	0.281435150922
6137	MUSKY	8.59028389724	0.314094164916
31260	MUSKY	8.47693788903	0.310334125171
778574	MUSKY	7.85278951526	0.289445059342
2345	MUSKY	7.88012379084	0.29036641125
14257	MUSKY	7.74870410549	0.285931198094
18827	MUSKY	7.93522383517	0.292221842481
31252	MUSKY	8.2661428592	0.30331406726
1060	MUSKY	8.54859325286	0.312712351473
326	MUSKY	7.73896770227	0.285602059652
14525	MUSKY	7.49800108401	0.277432035258
7341	MUSKY	8.2957918192	0.304303608005
13187	MUSKY	7.83966679701	0.289002521685
8180	MUSKY	8.16663067384	0.299987684329
61809	MUSKY	7.94549143109	0.292567323611
61052	MUSKY	7.78542100262	0.28717172803
6920	MUSKY	8.08094059078	0.297116983299
7824	MUSKY	7.80208283034	0.287734314617
10364	MUSKY	7.95682350114	0.292948523954
6998	MUSKY	7.85352724582	0.289469933753
6054	MUSKY	8.10500301691	0.297923691115
8363	MUSKY	7.87164352944	0.290080632436
8093	MUSKY	7.86442766551	0.289837417618
244	MUSKY	8.14280609785	0.299190127455
1550470	MUSKY	7.61402802095	0.281371751757
61209	MUSKY	7.65949314047	0.282912591551
8082	MUSKY	7.31591808676	0.27122766049
11428	MUSKY	8.13239877265	0.298841586987
7969	MUSKY	8.01415008555	0.294875362784
61138	MUSKY	8.61392073038	0.314876977075
8857	MUSKY	7.70777048885	0.28454692919
12206	MUSKY	7.85929302144	0.289664326139
31249	MUSKY	7.80782847099	0.287928264667
7136	MUSKY	7.68251035465	0.283692028046
8375	MUSKY	7.96152607634	0.293106684068
7127	SWEATY	3.26597465624	0.126372350068
18635	SWEATY	5.66332933551	0.213703853755
1549026	SWEATY	3.40217981032	0.131457261428
7632	SWEATY	3.61511722024	0.139377059803
10882	SWEATY	4.60196857624	0.175607497139
6106	SWEATY	5.94236359352	0.22356986971
2969	SWEATY	4.70909630999	0.179493617177
311	SWEATY	4.98658891059	0.189517128838
6213	SWEATY	5.34320556214	0.202308284214
8078	SWEATY	3.22246837217	0.124745013923
356	SWEATY	4.28540915322	0.164070473485
8051	SWEATY	3.64693518037	0.140557352731
8615	SWEATY	4.02664960559	0.154580421405
7047	SWEATY	4.28345618259	0.163999048556
31210	SWEATY	4.42243298923	0.169074154152
7409	SWEATY	2.40144738602	0.0937511156216
61331	SWEATY	4.11468351869	0.157815092564
1030	SWEATY	5.66342384687	0.213707206007
61945	SWEATY	4.04173967555	0.15513532318
2879	SWEATY	4.7583126977	0.181275892016
5366244	SWEATY	3.98471171202	0.15303729751
23642	SWEATY	2.26654829758	0.0886070354292
13436	SWEATY	3.94834474279	0.151698019228
15606	SWEATY	4.41643430839	0.168855415536
61177	SWEATY	4.42383684978	0.169125341002
8174	SWEATY	4.77005626676	0.181700875955
6276	SWEATY	5.2656651818	0.199535715349
5363233	SWEATY	4.32918259337	0.165670574964
7820	SWEATY	4.04209887187	0.155148529559
11980	SWEATY	4.14132217637	0.158792667307
8077	SWEATY	5.2881401071	0.200339833967
454	SWEATY	4.53125385309	0.173037249531
7761	SWEATY	3.99627478188	0.153462906422
1068	SWEATY	5.55880410098	0.209992042826
8205	SWEATY	4.62995468689	0.176623595315
6137	SWEATY	4.33799398758	0.165992482769
31260	SWEATY	5.9219311455	0.222849538423
778574	SWEATY	4.24634028711	0.162641049151
2345	SWEATY	3.83739186513	0.147605444075
14257	SWEATY	4.65603776869	0.177570035666
18827	SWEATY	4.09721884296	0.157173872819
31252	SWEATY	4.70867363368	0.179478302392
1060	SWEATY	5.86441798019	0.220820159909
326	SWEATY	1.72893936127	0.0679618819247
14525	SWEATY	4.39543669739	0.168089522391
7341	SWEATY	5.73311816647	0.216177269094
13187	SWEATY	4.23946873701	0.162389511412
8180	SWEATY	4.81244588196	0.183233981132
61809	SWEATY	3.5174586216	0.135749338802
61052	SWEATY	4.62299283943	0.17637088846
6920	SWEATY	5.100107897	0.193599875656
7824	SWEATY	3.95480322484	0.151935941575
10364	SWEATY	2.93916824856	0.114111245945
6998	SWEATY	2.30178833971	0.0899522417641
6054	SWEATY	3.88514951355	0.149368225845
8363	SWEATY	3.89174385597	0.149611486143
8093	SWEATY	4.00098484532	0.15363624192
244	SWEATY	2.52427549494	0.0984222330877
1550470	SWEATY	4.14814158777	0.159042832058
61209	SWEATY	4.56593459309	0.17429828024
8082	SWEATY	3.9448048306	0.151567599163
11428	SWEATY	5.34598196681	0.202407469397
7969	SWEATY	4.50726726221	0.172164507219
61138	SWEATY	6.05635431111	0.227582401428
8857	SWEATY	5.232447677	0.198346503603
12206	SWEATY	4.42343162619	0.169110566107
31249	SWEATY	4.35260709506	0.166526208393
7136	SWEATY	3.44379277373	0.133007827482
8375	SWEATY	2.19169988174	0.085746575921
7127	AMMONIA/URINOUS	5.89439479247	0.221878235711
18635	AMMONIA/URINOUS	6.06403725188	0.227852470958
1549026	AMMONIA/URINOUS	4.79165089275	0.182482068399
7632	AMMONIA/URINOUS	6.26290541516	0.234826622911
10882	AMMONIA/URINOUS	4.62176024555	0.176326142715
6106	AMMONIA/URINOUS	6.05851823542	0.227658472133
2969	AMMONIA/URINOUS	6.03943208091	0.226987387292
311	AMMONIA/URINOUS	5.74390905048	0.216559365547
6213	AMMONIA/URINOUS	5.18707064865	0.19672054518
8078	AMMONIA/URINOUS	7.1240818381	0.26466225671
356	AMMONIA/URINOUS	6.11900418034	0.22978328235
8051	AMMONIA/URINOUS	6.13472335097	0.230335001802
8615	AMMONIA/URINOUS	5.00674575239	0.190242828884
7047	AMMONIA/URINOUS	6.16970153547	0.231561974604
31210	AMMONIA/URINOUS	5.01100850036	0.190396257538
7409	AMMONIA/URINOUS	6.22061252965	0.233346093088
61331	AMMONIA/URINOUS	5.21093037474	0.197575696842
1030	AMMONIA/URINOUS	6.1453963559	0.230709495688
61945	AMMONIA/URINOUS	5.83928808234	0.21993260917
2879	AMMONIA/URINOUS	6.09720723674	0.229017915035
5366244	AMMONIA/URINOUS	5.88505545263	0.221548667033
23642	AMMONIA/URINOUS	6.03639689035	0.226880640647
13436	AMMONIA/URINOUS	6.25083359335	0.234404175489
15606	AMMONIA/URINOUS	4.62794713096	0.17655072738
61177	AMMONIA/URINOUS	4.68351838134	0.178566597482
8174	AMMONIA/URINOUS	6.13734903859	0.230427140255
6276	AMMONIA/URINOUS	6.17208889584	0.231645683298
5363233	AMMONIA/URINOUS	5.97947865159	0.224877480086
7820	AMMONIA/URINOUS	3.92752706437	0.150930895038
11980	AMMONIA/URINOUS	4.82469344584	0.183676671095
8077	AMMONIA/URINOUS	6.1429828486	0.230624818633
454	AMMONIA/URINOUS	6.03702637452	0.226902780002
7761	AMMONIA/URINOUS	3.80054419971	0.146244113503
1068	AMMONIA/URINOUS	6.35286769987	0.23797113679
8205	AMMONIA/URINOUS	4.77758075845	0.181973119176
6137	AMMONIA/URINOUS	6.02366242696	0.226432693465
31260	AMMONIA/URINOUS	6.26069355545	0.2347492287
778574	AMMONIA/URINOUS	4.89447566207	0.18619666968
2345	AMMONIA/URINOUS	5.15448049044	0.195551751967
14257	AMMONIA/URINOUS	6.0865064041	0.228642032081
18827	AMMONIA/URINOUS	6.06044334625	0.227726144429
31252	AMMONIA/URINOUS	6.07137910888	0.228110506642
1060	AMMONIA/URINOUS	5.91268528097	0.222523472346
326	AMMONIA/URINOUS	6.00878810415	0.225909310374
14525	AMMONIA/URINOUS	6.30257928853	0.236214169266
7341	AMMONIA/URINOUS	6.1340829959	0.230312530156
13187	AMMONIA/URINOUS	6.08163151133	0.228470763717
8180	AMMONIA/URINOUS	6.03441315698	0.22681086942
61809	AMMONIA/URINOUS	5.00590191443	0.190212454987
61052	AMMONIA/URINOUS	4.91038665667	0.18677070742
6920	AMMONIA/URINOUS	6.02133137181	0.226350682277
7824	AMMONIA/URINOUS	4.65192533688	0.177420849739
10364	AMMONIA/URINOUS	6.0994956723	0.229098287909
6998	AMMONIA/URINOUS	5.9598085281	0.224184614047
6054	AMMONIA/URINOUS	6.2428583912	0.234125023291
8363	AMMONIA/URINOUS	5.09899952255	0.19356006245
8093	AMMONIA/URINOUS	6.10761929018	0.22938356625
244	AMMONIA/URINOUS	6.22966417294	0.233663080635
1550470	AMMONIA/URINOUS	4.68207565325	0.178514293161
61209	AMMONIA/URINOUS	6.20704111719	0.232870700915
8082	AMMONIA/URINOUS	7.46575296009	0.276335131499
11428	AMMONIA/URINOUS	6.19521041844	0.232456163886
7969	AMMONIA/URINOUS	6.19602991743	0.232484882002
61138	AMMONIA/URINOUS	5.78516038757	0.218019183219
8857	AMMONIA/URINOUS	4.80564860114	0.182988240655
12206	AMMONIA/URINOUS	4.70654836005	0.179401295416
31249	AMMONIA/URINOUS	3.77123760298	0.145160610896
7136	AMMONIA/URINOUS	4.89776088687	0.186315210793
8375	AMMONIA/URINOUS	6.0830085897	0.228519146187
7127	DECAYED	4.25109720221	0.162815157119
18635	DECAYED	6.07578549039	0.228265351885
1549026	DECAYED	4.48352719924	0.171300281511
7632	DECAYED	4.45716089805	0.170339922614
10882	DECAYED	6.08638126447	0.22863763582
6106	DECAYED	5.21859624296	0.19785035102
2969	DECAYED	4.93712976035	0.187735090306
311	DECAYED	4.93698998217	0.187730051253
6213	DECAYED	4.887964871	0.185961714608
8078	DECAYED	4.56354328355	0.174211360422
356	DECAYED	4.84392966299	0.184371724688
8051	DECAYED	6.85903878892	0.255542986314
8615	DECAYED	4.17444065606	0.160007244326
7047	DECAYED	4.21081148425	0.161340086027
31210	DECAYED	4.49948869185	0.171881388279
7409	DECAYED	4.36090118668	0.166829063803
61331	DECAYED	4.21775371179	0.161594369922
1030	DECAYED	4.94559641072	0.188040286886
61945	DECAYED	4.90772500787	0.186674694414
2879	DECAYED	4.33590213576	0.165916066498
5366244	DECAYED	4.51268043224	0.172361503416
23642	DECAYED	4.26939231132	0.16348460817
13436	DECAYED	4.19236595761	0.160664265375
15606	DECAYED	4.91476643479	0.186928685748
61177	DECAYED	4.65861723642	0.177663603635
8174	DECAYED	4.45812897113	0.170375193276
6276	DECAYED	5.12524151992	0.194502420542
5363233	DECAYED	5.0446998356	0.191608394851
7820	DECAYED	5.23419401996	0.198409045983
11980	DECAYED	4.74673731871	0.180856886679
8077	DECAYED	5.77189706356	0.217549964258
454	DECAYED	4.76470540314	0.181507249094
7761	DECAYED	4.88316140411	0.185788350045
1068	DECAYED	6.21702045421	0.233220280837
8205	DECAYED	4.37214500995	0.167239539603
6137	DECAYED	5.98496243673	0.225070587322
31260	DECAYED	5.12742482079	0.194580798715
778574	DECAYED	4.41158716324	0.16867864601
2345	DECAYED	4.2140929744	0.161460287137
14257	DECAYED	4.49063155076	0.17155895334
18827	DECAYED	4.74226727704	0.180695051511
31252	DECAYED	4.74282368836	0.180715196919
1060	DECAYED	4.96227757719	0.188641423586
326	DECAYED	4.31335240634	0.165092092661
14525	DECAYED	4.44611428315	0.169937398438
7341	DECAYED	6.80862616707	0.25380209057
13187	DECAYED	5.60237255385	0.211540270861
8180	DECAYED	4.8028641965	0.182887566064
61809	DECAYED	4.66428438111	0.177869155729
61052	DECAYED	4.42235778391	0.169071412009
6920	DECAYED	4.67247666762	0.178166251421
7824	DECAYED	6.15314481583	0.230981316183
10364	DECAYED	4.33682764668	0.165949876253
6998	DECAYED	4.30633236466	0.164835495212
6054	DECAYED	4.45283940868	0.170182464827
8363	DECAYED	4.18821715887	0.160512221167
8093	DECAYED	6.1517333547	0.230931804881
244	DECAYED	4.41729771418	0.168886900929
1550470	DECAYED	4.75665017913	0.181215718794
61209	DECAYED	4.53792214041	0.173279790675
8082	DECAYED	4.66535627041	0.177908031164
11428	DECAYED	5.29219290595	0.200484793936
7969	DECAYED	4.27325886037	0.1636260579
61138	DECAYED	5.57693852553	0.210636643694
8857	DECAYED	5.98686132104	0.225137449451
12206	DECAYED	6.86659428238	0.25580372448
31249	DECAYED	4.91971872521	0.187107296074
7136	DECAYED	4.33041534276	0.165715614894
8375	DECAYED	4.4239288494	0.16912869539
7127	WOOD	3.52080032083	0.135873598874
18635	WOOD	3.08712633102	0.119672913647
1549026	WOOD	3.14597985643	0.121880318554
7632	WOOD	3.283603355	0.127031313803
10882	WOOD	3.00676802747	0.11665445951
6106	WOOD	3.16909160995	0.122746407745
2969	WOOD	3.29374624195	0.127410343955
311	WOOD	3.12376397835	0.121047398577
6213	WOOD	3.20649007332	0.124146971497
8078	WOOD	3.51842703823	0.13578535
356	WOOD	3.16686448268	0.122662967046
8051	WOOD	3.12703719903	0.121170143304
8615	WOOD	3.18299882191	0.123267360276
7047	WOOD	3.62153402788	0.139615157629
31210	WOOD	3.17013938132	0.122785661774
7409	WOOD	3.32129952713	0.128439568866
61331	WOOD	3.36849732985	0.130201183489
1030	WOOD	3.02907574493	0.11749290985
61945	WOOD	3.8243069936	0.147122150152
2879	WOOD	3.59223381077	0.13852769493
5366244	WOOD	3.27618470361	0.12675403366
23642	WOOD	3.50413529857	0.135253826267
13436	WOOD	3.41967572407	0.13210935614
15606	WOOD	3.22914138169	0.124994713643
61177	WOOD	3.07343229268	0.119158897284
8174	WOOD	3.2987104931	0.127595823357
6276	WOOD	3.02709949884	0.117418647403
5363233	WOOD	3.19004345908	0.123531187455
7820	WOOD	3.14465267174	0.121830570699
11980	WOOD	3.25211697951	0.125854173241
8077	WOOD	3.06764276988	0.11894153793
454	WOOD	3.21189290815	0.124349213905
7761	WOOD	3.04013174607	0.117908309429
1068	WOOD	3.19901100009	0.123866971452
8205	WOOD	3.25364577745	0.12591134676
6137	WOOD	3.1331577324	0.121399638345
31260	WOOD	3.00909062067	0.116741774282
778574	WOOD	3.20107156756	0.12394411903
2345	WOOD	3.24127697327	0.125448728364
14257	WOOD	3.32547389806	0.128595445264
18827	WOOD	3.05769667324	0.118568063351
31252	WOOD	4.59683697137	0.175421114798
1060	WOOD	3.20089808202	0.123937623868
326	WOOD	3.38128599063	0.130678201645
14525	WOOD	3.49997626365	0.135099117007
7341	WOOD	3.08922976246	0.119751854288
13187	WOOD	3.19137196383	0.123580936549
8180	WOOD	3.32460580544	0.128563030713
61809	WOOD	3.60007592071	0.138818818174
61052	WOOD	3.14905178143	0.121995460408
6920	WOOD	3.43211073937	0.132572675924
7824	WOOD	3.11133876993	0.120581379221
10364	WOOD	3.65035067487	0.140684002975
6998	WOOD	3.39904211157	0.131340289552
6054	WOOD	3.22399468766	0.124802130808
8363	WOOD	3.22922407846	0.124997807879
8093	WOOD	3.15362708033	0.122166937709
244	WOOD	3.2872192495	0.127166445822
1550470	WOOD	3.08705696597	0.119670310354
61209	WOOD	3.49827066827	0.135035667664
8082	WOOD	3.51504512496	0.135659588106
11428	WOOD	3.05441566912	0.118444844733
7969	WOOD	3.4097706364	0.131740211139
61138	WOOD	3.04768659632	0.118192106417
8857	WOOD	3.03745558436	0.117807768804
12206	WOOD	3.09403247474	0.119932084208
31249	WOOD	3.04401540155	0.118054204156
7136	WOOD	3.43673661612	0.132745001217
8375	WOOD	3.38460555359	0.130802000242
7127	GRASS	3.41323177453	0.131869210522
18635	GRASS	3.60804514954	0.139114610061
1549026	GRASS	3.9913270707	0.153280806114
7632	GRASS	3.28337276072	0.127022695754
10882	GRASS	3.61242223777	0.139277051741
6106	GRASS	3.45372879706	0.133377854841
2969	GRASS	3.5762447384	0.137933978965
311	GRASS	3.42278878444	0.132225358152
6213	GRASS	3.47979840231	0.134348337324
8078	GRASS	2.99782404992	0.116318182383
356	GRASS	3.8583976521	0.148381013107
8051	GRASS	3.65554236607	0.140876498647
8615	GRASS	3.19585738	0.123748893443
7047	GRASS	2.9621309964	0.11497555184
31210	GRASS	3.37146800445	0.130312001576
7409	GRASS	3.04811446182	0.118208177764
61331	GRASS	3.15848283644	0.122348907926
1030	GRASS	3.46734610848	0.133884848725
61945	GRASS	3.43964192561	0.132853222394
2879	GRASS	3.07889543804	0.119363978674
5366244	GRASS	3.87821387636	0.149112337906
23642	GRASS	3.05925805222	0.118626698157
13436	GRASS	2.86043704288	0.111144641685
15606	GRASS	3.68144273151	0.141836501026
61177	GRASS	3.82356355882	0.147094687038
8174	GRASS	3.84921312865	0.148041948462
6276	GRASS	3.88856686085	0.149494293541
5363233	GRASS	3.9285274825	0.150967768028
7820	GRASS	3.56591030471	0.137550125668
11980	GRASS	3.33351026645	0.128895494379
8077	GRASS	3.72148878436	0.143319759866
454	GRASS	3.82294676929	0.147071901971
7761	GRASS	3.6538053529	0.140812096693
1068	GRASS	3.48323195582	0.134476116289
8205	GRASS	3.77345760371	0.145242711234
6137	GRASS	3.40560133203	0.131584805108
31260	GRASS	3.65846708262	0.140984930747
778574	GRASS	3.3142353277	0.128175750785
2345	GRASS	3.14219129428	0.121738305319
14257	GRASS	3.79901498606	0.146187593497
18827	GRASS	3.85439488605	0.148233251467
31252	GRASS	3.51607190434	0.135697771519
1060	GRASS	3.33905411686	0.129102451716
326	GRASS	3.24414828888	0.125556132307
14525	GRASS	5.23623052455	0.19848197694
7341	GRASS	3.53234111516	0.136302671105
13187	GRASS	3.69085046856	0.14218506787
8180	GRASS	3.57052708993	0.137721618117
61809	GRASS	3.60505131665	0.139003494668
61052	GRASS	3.39331248256	0.131126671461
6920	GRASS	3.23721975737	0.125296953592
7824	GRASS	3.66056472912	0.141062695511
10364	GRASS	3.30168132343	0.127706813112
6998	GRASS	3.01952394983	0.11713394804
6054	GRASS	3.15109271222	0.122071954376
8363	GRASS	3.1378592698	0.121575906473
8093	GRASS	3.70406190041	0.142674446192
244	GRASS	3.06412530172	0.118809466523
1550470	GRASS	3.79184776848	0.14592266694
61209	GRASS	3.46334195401	0.133735783164
8082	GRASS	3.05490772374	0.118463324469
11428	GRASS	3.70607593494	0.142749037863
7969	GRASS	2.84746034819	0.110655201754
61138	GRASS	3.62796350173	0.139853692401
8857	GRASS	3.60376014813	0.138955571043
12206	GRASS	3.60424440016	0.138973544928
31249	GRASS	3.65103333734	0.140709315722
7136	GRASS	3.41463814713	0.131921624415
8375	GRASS	3.1216226439	0.120967094583
7127	FLOWER	7.89403949476	0.290835235972
18635	FLOWER	6.91691767431	0.257539206927
1549026	FLOWER	7.55765031535	0.279458781298
7632	FLOWER	8.47133026105	0.310147835885
10882	FLOWER	7.39655451656	0.273978573176
6106	FLOWER	7.02846324476	0.261378811557
2969	FLOWER	7.0660043874	0.262668808295
311	FLOWER	6.97195664013	0.259434993848
6213	FLOWER	3.35327624126	0.12963326503
8078	FLOWER	4.51190987123	0.172333462575
356	FLOWER	3.78756174061	0.145764220049
8051	FLOWER	7.24022288791	0.26864058453
8615	FLOWER	8.95923939343	0.326262387534
7047	FLOWER	3.33529080008	0.128961966115
31210	FLOWER	8.17206182293	0.300169435142
7409	FLOWER	8.37212333949	0.306847953895
61331	FLOWER	8.62982026687	0.315403291539
1030	FLOWER	3.21933359709	0.12462770036
61945	FLOWER	3.24889159305	0.125733545089
2879	FLOWER	7.88779449991	0.290624859167
5366244	FLOWER	7.17689752691	0.266472757832
23642	FLOWER	3.3174296087	0.128295048664
13436	FLOWER	3.45403641237	0.13338930948
15606	FLOWER	7.40447576296	0.274248525989
61177	FLOWER	7.32232550696	0.271446439946
8174	FLOWER	6.99226460929	0.260133878625
6276	FLOWER	7.00486346739	0.260567293817
5363233	FLOWER	7.32246563577	0.271451224236
7820	FLOWER	3.69293585988	0.142262324289
11980	FLOWER	7.77258717854	0.286738242562
8077	FLOWER	3.50737948373	0.135374495012
454	FLOWER	7.15026738629	0.265560165973
7761	FLOWER	7.46631507873	0.276354258807
1068	FLOWER	3.0983966379	0.120095840826
8205	FLOWER	7.27111963249	0.269697113016
6137	FLOWER	3.44492404848	0.133049961259
31260	FLOWER	3.25125172897	0.125821814037
778574	FLOWER	8.21447214446	0.301587864734
2345	FLOWER	8.82207336591	0.321751343247
14257	FLOWER	3.89482865466	0.149725270087
18827	FLOWER	6.92805850302	0.257923142272
31252	FLOWER	3.08461554324	0.11957868051
1060	FLOWER	3.44758706511	0.133149139976
326	FLOWER	7.9434526563	0.292498730211
14525	FLOWER	3.87256985456	0.148904075271
7341	FLOWER	7.06715392793	0.262708291261
13187	FLOWER	7.30609094439	0.27089205182
8180	FLOWER	7.00381352808	0.260531179549
61809	FLOWER	3.37649637631	0.130499563941
61052	FLOWER	8.31365553106	0.304899473927
6920	FLOWER	3.33426571711	0.128923697536
7824	FLOWER	7.38268113834	0.273505653218
10364	FLOWER	7.61162721177	0.281290340946
6998	FLOWER	8.24172310313	0.302498524242
6054	FLOWER	8.62460990526	0.315230837803
8363	FLOWER	8.68229511628	0.317138905257
8093	FLOWER	7.29764920169	0.270603694519
244	FLOWER	8.67496329476	0.316896536524
1550470	FLOWER	7.47795449197	0.276750258325
61209	FLOWER	3.43033768878	0.132506620888
8082	FLOWER	4.0416356034	0.155131496796
11428	FLOWER	3.45339542714	0.133365441095
7969	FLOWER	3.29948753072	0.127624854043
61138	FLOWER	7.01018916916	0.260750465892
8857	FLOWER	3.70038093607	0.142538109814
12206	FLOWER	7.32911184654	0.271678121678
31249	FLOWER	3.9255857255	0.150859339705
7136	FLOWER	7.87689666018	0.290257666009
8375	FLOWER	8.17289832058	0.30019742604
7127	CHEMICAL	17.9202208393	0.588355107599
18635	CHEMICAL	16.1141025189	0.540698380759
1549026	CHEMICAL	17.5998150981	0.58009120733
7632	CHEMICAL	19.7246731673	0.63336183407
10882	CHEMICAL	17.4592565027	0.576440005057
6106	CHEMICAL	16.5801445466	0.553245304588
2969	CHEMICAL	18.0001963217	0.59040502582
311	CHEMICAL	15.8329404743	0.533044817346
6213	CHEMICAL	16.4795493202	0.550551754491
8078	CHEMICAL	23.1119927515	0.710814026482
356	CHEMICAL	19.8858281597	0.637254661748
8051	CHEMICAL	18.5916952302	0.605407356595
8615	CHEMICAL	16.990822426	0.564157678356
7047	CHEMICAL	19.205793595	0.620686740754
31210	CHEMICAL	17.9631131126	0.589455151427
7409	CHEMICAL	19.8128334535	0.635493990357
61331	CHEMICAL	17.5750532453	0.579449131181
1030	CHEMICAL	18.2522358523	0.596831788648
61945	CHEMICAL	15.8447430484	0.533367369028
2879	CHEMICAL	18.9939256949	0.615449342476
5366244	CHEMICAL	18.8958321494	0.613012296928
23642	CHEMICAL	17.2185061672	0.570149464836
13436	CHEMICAL	18.7161331673	0.608527870397
15606	CHEMICAL	17.7837337496	0.584844875554
61177	CHEMICAL	17.665370482	0.581788693574
8174	CHEMICAL	19.0860515928	0.61773111755
6276	CHEMICAL	18.7772417167	0.610055746073
5363233	CHEMICAL	18.2870074686	0.597714441882
7820	CHEMICAL	16.3813848652	0.547915486568
11980	CHEMICAL	16.6507606488	0.555131293878
8077	CHEMICAL	18.1595160947	0.59447343387
454	CHEMICAL	18.4851504888	0.602725704115
7761	CHEMICAL	16.5720913804	0.553029970129
1068	CHEMICAL	18.6915734993	0.607912972019
8205	CHEMICAL	18.2720532342	0.59733495761
6137	CHEMICAL	14.7258669514	0.502294215067
31260	CHEMICAL	19.4978476743	0.627847481399
778574	CHEMICAL	18.0468750974	0.591599123583
2345	CHEMICAL	18.0451131685	0.591554083033
14257	CHEMICAL	19.6805730745	0.632292940364
18827	CHEMICAL	18.8958895282	0.613013724704
31252	CHEMICAL	17.6961774618	0.582585219768
1060	CHEMICAL	15.97969039	0.537047413616
326	CHEMICAL	19.1324518803	0.618877789231
14525	CHEMICAL	19.9677015505	0.639224419937
7341	CHEMICAL	17.9376787664	0.588803022846
13187	CHEMICAL	18.6117176285	0.605910291907
8180	CHEMICAL	18.0939434883	0.592801423149
61809	CHEMICAL	14.8934356976	0.507011657153
61052	CHEMICAL	17.9911952038	0.590174566206
6920	CHEMICAL	16.0690691468	0.539476772575
7824	CHEMICAL	17.5151857579	0.577894737462
10364	CHEMICAL	19.8287071363	0.635877234774
6998	CHEMICAL	17.7674314758	0.584424610532
6054	CHEMICAL	19.0109616438	0.615871800704
8363	CHEMICAL	17.5843340156	0.579689839515
8093	CHEMICAL	18.5982710217	0.60557256687
244	CHEMICAL	19.0323379024	0.616401561684
1550470	CHEMICAL	16.8930135868	0.561570980254
61209	CHEMICAL	18.1233664126	0.593552092455
8082	CHEMICAL	22.1129602962	0.688925206624
11428	CHEMICAL	19.7298108796	0.633486260246
7969	CHEMICAL	19.1446473067	0.619178884069
61138	CHEMICAL	16.2282071281	0.543786402488
8857	CHEMICAL	17.2518412701	0.57102323992
12206	CHEMICAL	17.4770438987	0.576902930573
31249	CHEMICAL	16.5884306153	0.553466812501
7136	CHEMICAL	17.1902988147	0.569409403252
8375	CHEMICAL	17.8130860915	0.585601029218
