#oID	descriptor	value	sigma
7127	INTENSITY/STRENGTH	35.0613406299	0.910734582489
7632	INTENSITY/STRENGTH	34.0792640121	0.898612066242
10882	INTENSITY/STRENGTH	72.1803981851	0.803211974541
6106	INTENSITY/STRENGTH	30.0747843592	0.841194312667
2969	INTENSITY/STRENGTH	48.6249601022	0.999243706112
311	INTENSITY/STRENGTH	0.0	0.0
6213	INTENSITY/STRENGTH	17.2639161329	0.571339525217
8078	INTENSITY/STRENGTH	40.9809333036	0.96746257437
356	INTENSITY/STRENGTH	31.0342950421	0.85612081418
8051	INTENSITY/STRENGTH	69.1374492999	0.853503213718
8615	INTENSITY/STRENGTH	22.9327532356	0.706945661037
7047	INTENSITY/STRENGTH	63.4006176624	0.928169378506
31210	INTENSITY/STRENGTH	41.5149848742	0.971201807326
7409	INTENSITY/STRENGTH	58.6152927789	0.970310692134
61331	INTENSITY/STRENGTH	42.5864700267	0.978015829334
1030	INTENSITY/STRENGTH	16.4772768292	0.550490812485
2879	INTENSITY/STRENGTH	55.5991526726	0.987459795739
5366244	INTENSITY/STRENGTH	53.7613803705	0.994340807083
13436	INTENSITY/STRENGTH	69.8977210034	0.841632279548
15606	INTENSITY/STRENGTH	33.6146215305	0.892607748965
61177	INTENSITY/STRENGTH	56.0555112819	0.985332313246
8174	INTENSITY/STRENGTH	43.7330701186	0.984290235945
6276	INTENSITY/STRENGTH	45.9457054009	0.993425078121
5363233	INTENSITY/STRENGTH	54.3160907922	0.992548544109
7820	INTENSITY/STRENGTH	42.292004264	0.976234720693
11980	INTENSITY/STRENGTH	57.3344654767	0.978482246468
8077	INTENSITY/STRENGTH	75.1116563472	0.7477618862
454	INTENSITY/STRENGTH	71.472501952	0.815572663968
7761	INTENSITY/STRENGTH	43.1144344078	0.98103559459
1068	INTENSITY/STRENGTH	25.3327110752	0.756609942841
8205	INTENSITY/STRENGTH	0.190152371348	0.00759163168417
6137	INTENSITY/STRENGTH	59.9774584842	0.960180128878
31260	INTENSITY/STRENGTH	47.1957754827	0.996854529943
778574	INTENSITY/STRENGTH	20.4476859728	0.650664294255
2345	INTENSITY/STRENGTH	31.5408544037	0.863703977541
14257	INTENSITY/STRENGTH	13.7949124275	0.475676653548
18827	INTENSITY/STRENGTH	73.9439149496	0.770675574754
1060	INTENSITY/STRENGTH	26.2928713105	0.77518881972
326	INTENSITY/STRENGTH	60.4510911878	0.956309877193
14525	INTENSITY/STRENGTH	58.2028391386	0.973085372026
13187	INTENSITY/STRENGTH	55.4660654989	0.988048851185
8180	INTENSITY/STRENGTH	38.6963052076	0.948890593617
61809	INTENSITY/STRENGTH	78.6111173155	0.672561586385
61052	INTENSITY/STRENGTH	32.8040269862	0.881719404843
7824	INTENSITY/STRENGTH	64.4003519207	0.917051945824
10364	INTENSITY/STRENGTH	61.3857626059	0.948145763953
6998	INTENSITY/STRENGTH	55.8395279919	0.986359965133
6054	INTENSITY/STRENGTH	66.9909469891	0.884523088165
8363	INTENSITY/STRENGTH	21.7165579272	0.680018761805
8093	INTENSITY/STRENGTH	64.2293773619	0.919009927957
244	INTENSITY/STRENGTH	64.2505516683	0.918768710859
1550470	INTENSITY/STRENGTH	49.3876812894	0.999850026319
61209	INTENSITY/STRENGTH	67.2618363192	0.880811602755
8082	INTENSITY/STRENGTH	33.8549025213	0.895734330961
11428	INTENSITY/STRENGTH	30.9518458018	0.854867128656
61138	INTENSITY/STRENGTH	38.2694501134	0.944957679743
8857	INTENSITY/STRENGTH	33.0096197433	0.884530791493
12206	INTENSITY/STRENGTH	67.2343108407	0.881191411938
31249	INTENSITY/STRENGTH	38.6510739166	0.948480750702
7136	INTENSITY/STRENGTH	42.9879459049	0.980332438947
8375	INTENSITY/STRENGTH	70.7725260887	0.827400863958
7127	VALENCE/PLEASANTNESS	50.9545448872	0.999635537623
18635	VALENCE/PLEASANTNESS	20.1667575291	0.643991057469
1549026	VALENCE/PLEASANTNESS	47.5014513009	0.997502901759
7632	VALENCE/PLEASANTNESS	50.8408471499	0.999717190428
10882	VALENCE/PLEASANTNESS	61.4861990882	0.947226892203
6106	VALENCE/PLEASANTNESS	37.549810863	0.937997116181
2969	VALENCE/PLEASANTNESS	28.1437105215	0.808921044093
311	VALENCE/PLEASANTNESS	29.8768986197	0.838024316336
6213	VALENCE/PLEASANTNESS	42.2950177161	0.976253299202
8078	VALENCE/PLEASANTNESS	41.7439971849	0.972735367007
356	VALENCE/PLEASANTNESS	47.4604275764	0.997420228762
8051	VALENCE/PLEASANTNESS	47.5102303348	0.997520418806
8615	VALENCE/PLEASANTNESS	67.6668164447	0.875153438684
7047	VALENCE/PLEASANTNESS	44.1352162456	0.986241724605
31210	VALENCE/PLEASANTNESS	40.9192776285	0.967016192485
7409	VALENCE/PLEASANTNESS	41.3399963346	0.970001734606
61331	VALENCE/PLEASANTNESS	47.9677390497	0.998347966172
1030	VALENCE/PLEASANTNESS	42.8890181524	0.979773574865
61945	VALENCE/PLEASANTNESS	18.9858660796	0.615249398866
2879	VALENCE/PLEASANTNESS	39.2695046005	0.953942587393
5366244	VALENCE/PLEASANTNESS	28.2209073609	0.810268449528
23642	VALENCE/PLEASANTNESS	20.3455859291	0.648246290446
13436	VALENCE/PLEASANTNESS	22.7572573946	0.703133190134
15606	VALENCE/PLEASANTNESS	53.135077896	0.996068514634
61177	VALENCE/PLEASANTNESS	55.1403701468	0.989430637901
8174	VALENCE/PLEASANTNESS	47.5992347945	0.997694530571
6276	VALENCE/PLEASANTNESS	45.8260697589	0.993031322537
5363233	VALENCE/PLEASANTNESS	49.2190947753	0.999756074812
7820	VALENCE/PLEASANTNESS	44.2791727196	0.986908854091
11980	VALENCE/PLEASANTNESS	42.0797147802	0.974907632815
8077	VALENCE/PLEASANTNESS	25.1079597248	0.752154532374
454	VALENCE/PLEASANTNESS	39.0199362154	0.951775279715
7761	VALENCE/PLEASANTNESS	56.8706591441	0.98111761717
1068	VALENCE/PLEASANTNESS	32.2058855294	0.873347796083
8205	VALENCE/PLEASANTNESS	43.5733574339	0.983479306131
6137	VALENCE/PLEASANTNESS	23.1673250835	0.71200302273
31260	VALENCE/PLEASANTNESS	33.8121676669	0.895181633742
778574	VALENCE/PLEASANTNESS	44.1315479308	0.986224508125
2345	VALENCE/PLEASANTNESS	45.7122641688	0.992646128577
14257	VALENCE/PLEASANTNESS	47.3184012922	0.997123611348
18827	VALENCE/PLEASANTNESS	36.5444691746	0.927579476083
31252	VALENCE/PLEASANTNESS	40.1407405165	0.961118000975
1060	VALENCE/PLEASANTNESS	40.0230583446	0.960184254082
326	VALENCE/PLEASANTNESS	59.2192418605	0.966002231807
14525	VALENCE/PLEASANTNESS	45.7585786588	0.992804138002
7341	VALENCE/PLEASANTNESS	27.9493861747	0.805508171971
13187	VALENCE/PLEASANTNESS	54.0659767351	0.993387133276
8180	VALENCE/PLEASANTNESS	28.5780910941	0.81644072753
61809	VALENCE/PLEASANTNESS	28.3553643885	0.812603899698
61052	VALENCE/PLEASANTNESS	50.227578178	0.999979283269
6920	VALENCE/PLEASANTNESS	38.2157526472	0.944452605731
7824	VALENCE/PLEASANTNESS	55.5211777415	0.987806638539
10364	VALENCE/PLEASANTNESS	46.557056338	0.995258455576
6998	VALENCE/PLEASANTNESS	55.3628361183	0.988495995507
6054	VALENCE/PLEASANTNESS	38.26998966	0.94496274297
8363	VALENCE/PLEASANTNESS	47.9804630544	0.99836858821
8093	VALENCE/PLEASANTNESS	49.2950600246	0.999801223852
244	VALENCE/PLEASANTNESS	39.840518403	0.958713973472
1550470	VALENCE/PLEASANTNESS	52.5579090472	0.997382840523
61209	VALENCE/PLEASANTNESS	36.5394589331	0.927525533675
8082	VALENCE/PLEASANTNESS	42.1546586102	0.975380247391
11428	VALENCE/PLEASANTNESS	41.5107151596	0.97117281716
7969	VALENCE/PLEASANTNESS	28.9470464877	0.822709259363
61138	VALENCE/PLEASANTNESS	28.6209830719	0.817175054075
8857	VALENCE/PLEASANTNESS	52.8364236518	0.996781880347
12206	VALENCE/PLEASANTNESS	51.9768639857	0.998436803513
31249	VALENCE/PLEASANTNESS	50.1547801074	0.999990417247
7136	VALENCE/PLEASANTNESS	47.435514782	0.997369366227
8375	VALENCE/PLEASANTNESS	41.724384331	0.972605674119
7127	BAKERY	5.13857978183	0.194981190403
18635	BAKERY	1.53061161195	0.0602873557155
1549026	BAKERY	1.27664918929	0.0504140343106
7632	BAKERY	0.617440636626	0.0245451322891
10882	BAKERY	8.00536066898	0.294580106983
6106	BAKERY	6.86298952869	0.255679331039
2969	BAKERY	0.0	0.0
311	BAKERY	3.62362480696	0.139692729582
6213	BAKERY	3.12596892941	0.121130084477
8078	BAKERY	0.778247353275	0.0308876265538
356	BAKERY	1.555277222	0.0612435339851
8051	BAKERY	1.78616958605	0.0701706227258
8615	BAKERY	2.49637257144	0.0973621524515
7047	BAKERY	3.68796267739	0.142078079612
31210	BAKERY	1.47795123959	0.058244313637
7409	BAKERY	3.45877684986	0.133565819075
61331	BAKERY	3.72134780851	0.143314540536
1030	BAKERY	7.01478426206	0.260908491185
61945	BAKERY	8.94942005428	0.325939954448
2879	BAKERY	0.122049707536	0.00487602984898
5366244	BAKERY	2.6440495043	0.10296558106
23642	BAKERY	2.35647593291	0.0920378457876
13436	BAKERY	1.91074762147	0.0749695222697
15606	BAKERY	1.5942871739	0.0627547863187
61177	BAKERY	4.66291099101	0.177819344076
8174	BAKERY	1.1905763854	0.0470560665642
6276	BAKERY	2.18101208342	0.0853377578538
5363233	BAKERY	2.19320858069	0.0858042776763
7820	BAKERY	3.16009956377	0.122409490849
11980	BAKERY	3.69362705143	0.142287929739
8077	BAKERY	1.78986773114	0.0703132586474
454	BAKERY	2.75936561717	0.107328985243
7761	BAKERY	5.12833787564	0.194613575279
1068	BAKERY	0.0	0.0
8205	BAKERY	2.58231289313	0.100625179774
6137	BAKERY	7.09349436907	0.263612709817
31260	BAKERY	1.90621183124	0.0747950158315
778574	BAKERY	2.73908408246	0.106562330654
2345	BAKERY	0.61633138533	0.0245013096626
14257	BAKERY	2.01968563913	0.0791557735329
18827	BAKERY	3.02997032084	0.117526524775
31252	BAKERY	6.52063156414	0.243817808167
1060	BAKERY	4.4034075542	0.168380302933
326	BAKERY	8.82954197085	0.321997354268
14525	BAKERY	0.634457157872	0.0252172719608
7341	BAKERY	2.08634354998	0.0817126102359
13187	BAKERY	2.40311713548	0.0938146966326
8180	BAKERY	0.0	0.0
61809	BAKERY	6.77047424601	0.252483241234
61052	BAKERY	1.39436062237	0.0549967282766
6920	BAKERY	7.45487692359	0.275965000965
7824	BAKERY	5.38600640602	0.203836630238
10364	BAKERY	3.41359835058	0.131882872544
6998	BAKERY	10.9099181157	0.38878619931
6054	BAKERY	3.58579496813	0.138288628504
8363	BAKERY	2.1437310864	0.0839110102677
8093	BAKERY	3.75714196479	0.144639232294
244	BAKERY	4.865044964	0.185134333559
1550470	BAKERY	4.56551837989	0.174283151965
61209	BAKERY	7.02492609864	0.261257209269
8082	BAKERY	0.682516707094	0.0271143366616
11428	BAKERY	1.61801174827	0.063673285124
7969	BAKERY	4.00518041188	0.153790628422
61138	BAKERY	1.11659610357	0.0441651293994
8857	BAKERY	4.85075551867	0.184618289106
12206	BAKERY	1.97798037527	0.077554252465
31249	BAKERY	3.06602964043	0.118880970515
7136	BAKERY	8.31684514363	0.305005840488
8375	BAKERY	4.46240734015	0.170531061898
7127	SWEET	16.0165913698	0.538051175149
18635	SWEET	0.0	0.0
1549026	SWEET	14.1677307673	0.486419392655
7632	SWEET	18.1410259738	0.594002309599
10882	SWEET	45.6418398952	0.9924025762
6106	SWEET	14.5532791832	0.497411993333
2969	SWEET	4.90683058657	0.186642428901
311	SWEET	0.0	0.0
6213	SWEET	15.6225672983	0.527276848335
8078	SWEET	8.73246874341	0.318796345595
356	SWEET	11.5405763564	0.408349093202
8051	SWEET	23.3452151555	0.715808977957
8615	SWEET	27.9053468947	0.804730521662
7047	SWEET	6.66722073624	0.248908096511
31210	SWEET	15.3161242784	0.518811505972
7409	SWEET	8.78644479078	0.320577146807
61331	SWEET	19.3269651231	0.623665972575
1030	SWEET	7.60370393472	0.281021631978
61945	SWEET	0.0	0.0
2879	SWEET	2.80486088632	0.109047537616
5366244	SWEET	1.61806607047	0.0636753876955
23642	SWEET	0.27542970745	0.0109868436885
13436	SWEET	0.0	0.0
15606	SWEET	22.0803275221	0.688196755492
61177	SWEET	26.6896960532	0.782651891963
8174	SWEET	18.9683140287	0.614813786311
6276	SWEET	12.2517495279	0.430027834519
5363233	SWEET	22.3031632208	0.69315409297
7820	SWEET	13.0762708811	0.454655291182
11980	SWEET	15.5431298272	0.525089639157
8077	SWEET	2.41905243241	0.0944213714281
454	SWEET	10.7664931444	0.384292775925
7761	SWEET	31.2793831592	0.859815402041
1068	SWEET	3.97301220088	0.152606557656
8205	SWEET	12.2371942223	0.429588199919
6137	SWEET	7.15904351635	0.265860979026
31260	SWEET	4.61294660637	0.176006153698
778574	SWEET	18.6127198537	0.605935458008
2345	SWEET	12.5776608781	0.439827413858
14257	SWEET	13.4406582371	0.465365811947
18827	SWEET	9.45954409856	0.342588574121
31252	SWEET	9.189117244	0.333788739471
1060	SWEET	6.41368441407	0.240093237457
326	SWEET	33.6976369602	0.893693183728
14525	SWEET	4.9326469969	0.187573477318
7341	SWEET	9.73061292765	0.351350585927
13187	SWEET	24.7773963606	0.74552810626
8180	SWEET	2.92649419221	0.113634020386
61809	SWEET	6.70216820006	0.25011910457
61052	SWEET	16.5501326045	0.552442548489
6920	SWEET	7.99664911385	0.294287405734
7824	SWEET	34.0193632931	0.897847700177
10364	SWEET	10.1360975586	0.364347712857
6998	SWEET	31.2821987503	0.859857566551
6054	SWEET	12.6648525765	0.442434706747
8363	SWEET	14.7401840225	0.502698150892
8093	SWEET	23.9507195885	0.728573996017
244	SWEET	11.1905767887	0.397531468001
1550470	SWEET	23.9135738141	0.72779934754
61209	SWEET	9.81739892791	0.354143428433
8082	SWEET	6.44400849737	0.241150241689
11428	SWEET	7.36221784534	0.272807813173
7969	SWEET	7.40828186424	0.274378218498
61138	SWEET	0.0	0.0
8857	SWEET	23.3120109191	0.715100495527
12206	SWEET	27.0899015881	0.790050956302
31249	SWEET	17.8287959521	0.586005452043
7136	SWEET	16.2197842413	0.54355880932
8375	SWEET	9.84604474062	0.355063950811
7127	FRUIT	4.83444635681	0.184029105642
18635	FRUIT	0.0	0.0
1549026	FRUIT	11.3123640588	0.401306730112
7632	FRUIT	4.52794186677	0.172916771651
10882	FRUIT	27.2543390769	0.793053963669
6106	FRUIT	5.7604506862	0.217144910605
2969	FRUIT	4.25450598915	0.162939911081
311	FRUIT	0.0	0.0
6213	FRUIT	1.60933281663	0.0633373318194
8078	FRUIT	1.75622914585	0.0690154295089
356	FRUIT	5.07131128425	0.192565172113
8051	FRUIT	10.6140025755	0.37949728275
8615	FRUIT	12.6085983685	0.440753233614
7047	FRUIT	3.0017748159	0.116466731818
31210	FRUIT	6.57337086162	0.245651152671
7409	FRUIT	2.46123271836	0.0960262421368
61331	FRUIT	2.04854490958	0.0802631818848
1030	FRUIT	0.0	0.0
61945	FRUIT	0.0	0.0
2879	FRUIT	2.79029383455	0.108497457509
5366244	FRUIT	0.795018087609	0.0315479020005
23642	FRUIT	0.0	0.0
13436	FRUIT	0.0	0.0
15606	FRUIT	16.386224175	0.548045629915
61177	FRUIT	16.3861469111	0.548043552207
8174	FRUIT	7.87458571807	0.29017978863
6276	FRUIT	3.61652308022	0.139429227533
5363233	FRUIT	15.0962385536	0.512690974757
7820	FRUIT	7.84114092426	0.289052240573
11980	FRUIT	7.5439515173	0.278993578894
8077	FRUIT	1.57264449165	0.0619164953871
454	FRUIT	8.67491318602	0.316894879927
7761	FRUIT	15.3117225105	0.518689361926
1068	FRUIT	0.0	0.0
8205	FRUIT	8.06126429377	0.296456978945
6137	FRUIT	5.75958932335	0.217114425264
31260	FRUIT	2.36731498295	0.0924509272265
778574	FRUIT	6.11198522278	0.229536863566
2345	FRUIT	1.3429102882	0.0529950483111
14257	FRUIT	7.1899091453	0.266918448405
18827	FRUIT	5.94440353053	0.223641767888
31252	FRUIT	2.6579972986	0.103493912088
1060	FRUIT	2.59538372906	0.101120942482
326	FRUIT	11.2101308923	0.398138421844
14525	FRUIT	3.55597992536	0.137181199723
7341	FRUIT	4.24698387078	0.162664606032
13187	FRUIT	15.9144031489	0.535268834921
8180	FRUIT	2.96675408591	0.115149511514
61809	FRUIT	2.49962924206	0.0974859111433
61052	FRUIT	6.58776886547	0.246151275169
6920	FRUIT	3.21906513813	0.12461765338
7824	FRUIT	21.7930201162	0.681746514333
10364	FRUIT	2.68145966371	0.104382296177
6998	FRUIT	12.6825184075	0.442962227036
6054	FRUIT	1.21558255518	0.048032245828
8363	FRUIT	0.476609320142	0.0189735102281
8093	FRUIT	14.1570145328	0.486112157119
244	FRUIT	3.42670700725	0.132371351924
1550470	FRUIT	10.5817494808	0.378480610403
61209	FRUIT	3.13004565883	0.121282952023
8082	FRUIT	0.936389177058	0.0371048372059
11428	FRUIT	0.729376335506	0.0289622574847
7969	FRUIT	5.99219921794	0.225325388131
61138	FRUIT	0.274225783994	0.0109389514475
8857	FRUIT	10.8697223675	0.387528548963
12206	FRUIT	12.9523718189	0.450989298462
31249	FRUIT	16.0945560681	0.540168348713
7136	FRUIT	5.17474823831	0.196278721801
8375	FRUIT	0.375996140808	0.0149832963931
7127	FISH	1.08266447261	0.0428377139604
18635	FISH	7.2559191551	0.26917742109
1549026	FISH	1.48526112449	0.0585280447366
7632	FISH	3.56996181484	0.13770062165
10882	FISH	0.846104762087	0.0335578331761
6106	FISH	0.773341657422	0.0306944433692
2969	FISH	0.830993140553	0.0329635057823
311	FISH	1.84227016062	0.0723332226868
6213	FISH	3.24960119199	0.125760084517
8078	FISH	1.2924093606	0.051028245642
356	FISH	0.503250944683	0.020028733182
8051	FISH	0.672673500061	0.0267259441474
8615	FISH	1.3382771387	0.052814691268
7047	FISH	0.84632482987	0.0335664869078
31210	FISH	2.01318652017	0.0789062928207
7409	FISH	1.69216274333	0.0665411438332
61331	FISH	0.943730264779	0.0373929598661
1030	FISH	1.18706582255	0.0469189827951
61945	FISH	4.18784142953	0.160498450846
2879	FISH	1.07733930235	0.042629308105
5366244	FISH	1.34245107507	0.0529771730474
23642	FISH	4.82565803844	0.183711531336
13436	FISH	4.51516664951	0.172451974031
15606	FISH	0.414090736843	0.0164950410184
61177	FISH	1.3746331487	0.0542294794305
8174	FISH	0.0	0.0
6276	FISH	1.14248630284	0.0451773421328
5363233	FISH	0.284726464474	0.0113566309151
7820	FISH	1.31053063397	0.0517342291418
11980	FISH	1.43515108495	0.0565821799432
8077	FISH	5.98858025858	0.225197972938
454	FISH	1.6060595664	0.0632106117237
7761	FISH	1.41489065054	0.0557948598005
1068	FISH	5.66058882306	0.213606646593
8205	FISH	0.292471538284	0.0116646456911
6137	FISH	5.68701294967	0.214543671471
31260	FISH	1.53949681759	0.060631852523
778574	FISH	0.857149019034	0.033992078985
2345	FISH	0.216231260974	0.00863054805569
14257	FISH	0.394759150263	0.0157280320958
18827	FISH	0.920389289618	0.0364767250069
31252	FISH	1.77573690216	0.0697681794682
1060	FISH	0.654930313743	0.0260256390634
326	FISH	0.261340342707	0.0104262941984
14525	FISH	0.473645944035	0.0188561015693
7341	FISH	1.17988384872	0.0466385035901
13187	FISH	0.257756243286	0.010283674419
8180	FISH	0.753909710338	0.029929036473
61809	FISH	4.68215873477	0.178517305224
61052	FISH	2.58317736184	0.10065797236
6920	FISH	2.83321083688	0.110117600017
7824	FISH	0.8207725865	0.0325614364045
10364	FISH	1.28661135436	0.0508023066636
6998	FISH	0.83778631334	0.0332306981709
6054	FISH	5.38254146753	0.203712957641
8363	FISH	0.616520594999	0.0245087847424
8093	FISH	0.494830114966	0.0196952618616
244	FISH	4.20839590406	0.161251597728
1550470	FISH	0.656336699001	0.0260811568151
61209	FISH	0.947470495417	0.0375397396808
8082	FISH	2.60510118279	0.101489426442
11428	FISH	0.755123612576	0.0299768598349
7969	FISH	4.75459243063	0.181141237553
61138	FISH	2.69824671669	0.10501765453
8857	FISH	0.633333035601	0.0251728771304
12206	FISH	1.05782485928	0.041865396998
31249	FISH	1.85466797757	0.0728108017801
7136	FISH	0.791382400363	0.0314047815731
8375	FISH	0.265393188241	0.0105875541119
7127	GARLIC	2.79201938669	0.108562626565
18635	GARLIC	17.8674326656	0.586999246599
1549026	GARLIC	3.04896148046	0.118239992775
7632	GARLIC	1.91201922663	0.0750184420561
10882	GARLIC	1.23277758684	0.0487032072421
6106	GARLIC	2.39662206164	0.0935673635431
2969	GARLIC	2.10158346642	0.0822966774302
311	GARLIC	3.71002041584	0.142895116039
6213	GARLIC	6.5862465957	0.24609840614
8078	GARLIC	6.26493682479	0.234897699624
356	GARLIC	2.80102724577	0.108902788378
8051	GARLIC	1.46640032842	0.0577958811673
8615	GARLIC	1.62040235742	0.0637658127769
7047	GARLIC	1.64859873158	0.0648567981523
31210	GARLIC	2.20190059076	0.0861366771458
7409	GARLIC	1.99788202289	0.0783186678846
61331	GARLIC	1.95382731122	0.0766261159841
1030	GARLIC	3.20784048566	0.124197523194
61945	GARLIC	8.74125133878	0.319086263564
2879	GARLIC	0.973733762639	0.0385700875293
5366244	GARLIC	3.00777769293	0.116692417057
23642	GARLIC	7.74042236798	0.285651239345
13436	GARLIC	8.91214254324	0.324715187845
15606	GARLIC	1.82767753546	0.0717709393488
61177	GARLIC	1.95579448344	0.0767017265132
8174	GARLIC	1.29121079598	0.0509815417115
6276	GARLIC	4.40807343435	0.168550492813
5363233	GARLIC	1.17171635634	0.0463194865658
7820	GARLIC	2.23832361341	0.087528907497
11980	GARLIC	1.61795696865	0.063671164845
8077	GARLIC	14.6365153448	0.499769581216
454	GARLIC	1.83589380048	0.0720875496007
7761	GARLIC	1.84270191202	0.0723498563462
1068	GARLIC	14.5352678873	0.496901110471
8205	GARLIC	1.75500116979	0.0689680351491
6137	GARLIC	11.4948130954	0.406940232578
31260	GARLIC	5.1222442455	0.194394815376
778574	GARLIC	1.80879593136	0.0710431401658
2345	GARLIC	1.66227678527	0.0653858057665
14257	GARLIC	2.54126750935	0.0990674841523
18827	GARLIC	3.98175801177	0.152928561725
31252	GARLIC	2.89534466354	0.112460578253
1060	GARLIC	6.26545300204	0.234915759553
326	GARLIC	0.339853542066	0.0135479415106
14525	GARLIC	1.37823648599	0.0543696451151
7341	GARLIC	2.83679157627	0.110252708472
13187	GARLIC	1.59891264098	0.0629338969859
8180	GARLIC	1.85351604198	0.0727664329921
61809	GARLIC	7.68223346615	0.283682654235
61052	GARLIC	2.0577028915	0.0806144591841
6920	GARLIC	10.257597861	0.368216588888
7824	GARLIC	1.32095214067	0.0521401198035
10364	GARLIC	1.29191815913	0.0510091053533
6998	GARLIC	1.48618013836	0.058563712973
6054	GARLIC	3.0976732348	0.120068697604
8363	GARLIC	1.44060311509	0.0567939896696
8093	GARLIC	1.63868885038	0.064473433556
244	GARLIC	2.61556228752	0.101886025069
1550470	GARLIC	1.42431942608	0.0561613027122
61209	GARLIC	3.73945765597	0.143984888814
8082	GARLIC	4.53026436767	0.173001256611
11428	GARLIC	1.78069205695	0.0699593365974
7969	GARLIC	6.94436641204	0.258484966536
61138	GARLIC	5.59590416635	0.211310509278
8857	GARLIC	3.69750665677	0.14243164408
12206	GARLIC	0.975513157007	0.0386398759125
31249	GARLIC	2.82126798281	0.1096668981
7136	GARLIC	2.04485958137	0.0801218029719
8375	GARLIC	1.29121432288	0.050981679144
7127	SPICES	9.46178606519	0.34266128439
18635	SPICES	11.025092347	0.392382629377
1549026	SPICES	4.87172380278	0.185375474987
7632	SPICES	6.35711905549	0.238119577145
10882	SPICES	4.30580497554	0.164816216427
6106	SPICES	3.31967707028	0.128378980471
2969	SPICES	3.22134106126	0.124702827157
311	SPICES	6.39043938627	0.239282489231
6213	SPICES	4.64146940502	0.177041480906
8078	SPICES	6.47865052385	0.24235685591
356	SPICES	4.3217605709	0.165399377063
8051	SPICES	4.39764961294	0.16817025567
8615	SPICES	1.51141102088	0.0595426955254
7047	SPICES	4.7187449626	0.179843176895
31210	SPICES	5.20950447293	0.197524604176
7409	SPICES	7.15106869934	0.265587634557
61331	SPICES	3.61874863557	0.139511808748
1030	SPICES	5.99521641091	0.225431608511
61945	SPICES	9.6106726272	0.347480893749
2879	SPICES	9.74043360343	0.351666925424
5366244	SPICES	5.91350650625	0.22255243657
23642	SPICES	8.6648271211	0.316561393229
13436	SPICES	7.67376043607	0.283395777751
15606	SPICES	4.78592794432	0.182275075258
61177	SPICES	3.53485798549	0.136396231029
8174	SPICES	3.31903455556	0.12835498607
6276	SPICES	5.20163511967	0.19724260162
5363233	SPICES	4.58392205126	0.174951945501
7820	SPICES	3.58777047412	0.138361980175
11980	SPICES	5.58443948733	0.210903193738
8077	SPICES	6.49048100633	0.242768702776
454	SPICES	3.70864005327	0.142843997713
7761	SPICES	4.6748586276	0.178252623829
1068	SPICES	7.9153969045	0.291554472918
8205	SPICES	4.50117651204	0.171942824485
6137	SPICES	5.91591562359	0.222637401877
31260	SPICES	5.64470512015	0.213043126449
778574	SPICES	3.82420022134	0.14711820592
2345	SPICES	4.74632972054	0.180842130495
14257	SPICES	3.7339243321	0.143780096917
18827	SPICES	5.83428177058	0.219755733312
31252	SPICES	5.57297073675	0.210495628337
1060	SPICES	8.42150501766	0.308491502001
326	SPICES	11.78994053	0.415996542119
14525	SPICES	8.5096697925	0.311420999709
7341	SPICES	3.83230528799	0.147417585992
13187	SPICES	3.84824711041	0.148006282087
8180	SPICES	2.79283342261	0.108593369494
61809	SPICES	11.0210705492	0.392257223546
61052	SPICES	4.70227260663	0.179246357198
6920	SPICES	11.4372877583	0.405166889825
7824	SPICES	4.0645275484	0.155972948259
10364	SPICES	15.8513585002	0.533548113488
6998	SPICES	8.89947352936	0.324298689534
6054	SPICES	7.43609636516	0.275325642946
8363	SPICES	7.57858044675	0.280169265235
8093	SPICES	4.29376854797	0.164376162581
244	SPICES	8.91330614071	0.324753435085
1550470	SPICES	7.67393532861	0.283401699773
61209	SPICES	6.8142105973	0.253995037466
8082	SPICES	4.12776454438	0.158295205722
11428	SPICES	4.12706076883	0.158269378517
7969	SPICES	8.41133519544	0.30815318391
61138	SPICES	4.8174807311	0.183415981006
8857	SPICES	6.89637745437	0.256831089378
12206	SPICES	3.81153148605	0.146650150534
31249	SPICES	6.25097629534	0.234409169956
7136	SPICES	6.12955790244	0.230153724066
8375	SPICES	8.3245299056	0.305262076964
7127	COLD	3.02905062692	0.117491965997
18635	COLD	0.640204643486	0.0254442409452
1549026	COLD	4.54000913857	0.173355692352
7632	COLD	6.356266202	0.238089800068
10882	COLD	5.13201313076	0.194745501721
6106	COLD	3.84115893964	0.147744556786
2969	COLD	6.26402067155	0.234865644872
311	COLD	5.03492483237	0.191256806068
6213	COLD	4.77870781591	0.18201389328
8078	COLD	6.77565673301	0.252662459655
356	COLD	5.97693640299	0.224787948614
8051	COLD	6.98334226485	0.259826862919
8615	COLD	4.2356453077	0.162249535839
7047	COLD	4.09119599119	0.156952685792
31210	COLD	4.72039639528	0.17990299896
7409	COLD	6.70649210663	0.250268869715
61331	COLD	3.41973863292	0.13211170039
1030	COLD	4.25637460591	0.163008294322
61945	COLD	1.77970668104	0.0699213248932
2879	COLD	4.50937865085	0.172241347707
5366244	COLD	4.11667886379	0.157888336605
23642	COLD	2.66890544682	0.103906995359
13436	COLD	2.88030104405	0.11189358812
15606	COLD	5.12663475475	0.194552436626
61177	COLD	4.69192607113	0.178871374742
8174	COLD	7.54982247957	0.279192971393
6276	COLD	4.60765586826	0.17581403769
5363233	COLD	5.63839174418	0.212819085183
7820	COLD	3.80557643905	0.146430092748
11980	COLD	5.76637934373	0.217354721455
8077	COLD	1.55767937528	0.0613366289967
454	COLD	5.31625145746	0.201345046475
7761	COLD	4.7362673427	0.180477802371
1068	COLD	4.17009053126	0.159847759235
8205	COLD	5.13181352093	0.194738336832
6137	COLD	2.83946843947	0.110353705171
31260	COLD	4.51776935717	0.172546678301
778574	COLD	4.87944700972	0.18565427914
2345	COLD	4.97095323033	0.188953978806
14257	COLD	5.34706834145	0.202446277719
18827	COLD	5.65905867588	0.213552368996
31252	COLD	4.26988008656	0.163502453081
1060	COLD	3.89664143074	0.149792131454
326	COLD	6.46853486635	0.242004617327
14525	COLD	9.66120083577	0.349112512795
7341	COLD	1.8155633572	0.0713040261665
13187	COLD	6.5755619234	0.245727271093
8180	COLD	6.23250211894	0.233762451693
61809	COLD	1.96316509458	0.0769849969077
61052	COLD	3.61185572663	0.139256028349
6920	COLD	2.55083449058	0.0994306769837
7824	COLD	4.8759303192	0.185527334177
10364	COLD	5.87541643499	0.221208450086
6998	COLD	5.36080719816	0.2029369864
6054	COLD	3.62071259677	0.139584679988
8363	COLD	4.7673449572	0.181602767112
8093	COLD	5.96556464668	0.224387401246
244	COLD	3.68730945098	0.142053877644
1550470	COLD	4.66042075339	0.177729021496
61209	COLD	4.49127710898	0.171582456331
8082	COLD	6.07836639428	0.228356040562
11428	COLD	4.68492223862	0.178617490992
7969	COLD	1.82601225856	0.0717067620348
61138	COLD	2.23588439803	0.0874357043047
8857	COLD	4.82448353998	0.183669085028
12206	COLD	5.81269681894	0.218992895034
31249	COLD	5.05734578169	0.192063132725
7136	COLD	4.2897690945	0.164229916227
8375	COLD	7.16605136689	0.266101137799
7127	SOUR	7.40579837807	0.274293595276
18635	SOUR	21.7142260401	0.679965996595
1549026	SOUR	16.0812432185	0.53980717536
7632	SOUR	4.37966587219	0.167514045627
10882	SOUR	9.32354414848	0.338170375744
6106	SOUR	8.23397300473	0.302239595612
2969	SOUR	15.5299257081	0.524725591325
311	SOUR	15.8960825261	0.534769125175
6213	SOUR	22.6233172474	0.700206896585
8078	SOUR	6.23792191761	0.233952208764
356	SOUR	8.80400095439	0.321155865054
8051	SOUR	8.37796168755	0.307042370687
8615	SOUR	5.03534033366	0.191271752436
7047	SOUR	7.53772848163	0.278782199
31210	SOUR	9.27811723078	0.336691305492
7409	SOUR	5.79807285581	0.218475854696
61331	SOUR	9.01032876636	0.327938740863
1030	SOUR	5.99956053874	0.225584530886
61945	SOUR	13.2814847769	0.460700255924
2879	SOUR	6.09730110005	0.22902121172
5366244	SOUR	9.65428941084	0.348889454822
23642	SOUR	10.9391026722	0.389698519977
13436	SOUR	10.0286874183	0.360917668197
15606	SOUR	8.67456804222	0.316883469401
61177	SOUR	8.45363572915	0.30955984635
8174	SOUR	4.72337082177	0.180010740103
6276	SOUR	10.3911878001	0.372456798445
5363233	SOUR	5.72253802293	0.215802544348
7820	SOUR	15.8418650454	0.533288726568
11980	SOUR	9.19787773319	0.33407472741
8077	SOUR	11.8707315554	0.418463555153
454	SOUR	11.8933487901	0.419153253426
7761	SOUR	9.28244585551	0.336832313796
1068	SOUR	16.8259730677	0.559793574838
8205	SOUR	6.81795071619	0.25412424786
6137	SOUR	13.7290768043	0.473768052214
31260	SOUR	11.3559180639	0.402653972525
778574	SOUR	6.74451481015	0.251585200396
2345	SOUR	6.90216125586	0.257030518234
14257	SOUR	6.33485924486	0.237342193133
18827	SOUR	12.372004123	0.433653570511
31252	SOUR	12.0230732881	0.423101215009
1060	SOUR	23.8595345491	0.726670426404
326	SOUR	2.86875122932	0.111458155726
14525	SOUR	5.13131602967	0.194720479508
7341	SOUR	14.8677310831	0.506289472301
13187	SOUR	5.07273907623	0.192616490355
8180	SOUR	14.4960134147	0.49578677462
61809	SOUR	11.1090596153	0.394997902397
61052	SOUR	7.31234580689	0.271105671796
6920	SOUR	9.5321603334	0.344941581087
7824	SOUR	12.0525836497	0.423997436934
10364	SOUR	3.77228926145	0.145199503949
6998	SOUR	3.84797790768	0.147996342716
6054	SOUR	9.95745224715	0.358637747784
8363	SOUR	7.05637887543	0.262338161884
8093	SOUR	9.20080648231	0.334170323323
244	SOUR	7.10015465377	0.263841307708
1550470	SOUR	7.73417843526	0.285440130983
61209	SOUR	8.94926114718	0.325934735855
8082	SOUR	8.51464322498	0.3115860693
11428	SOUR	4.54951594939	0.173701399826
7969	SOUR	11.8225264769	0.416992206156
61138	SOUR	20.1563146929	0.643741778917
8857	SOUR	9.87135460669	0.355876727559
12206	SOUR	10.7592580879	0.384065669675
31249	SOUR	11.2179174158	0.398380028173
7136	SOUR	7.7501068048	0.285978609998
8375	SOUR	3.98893874754	0.153192896969
7127	BURNT	7.54893245104	0.279162745581
18635	BURNT	8.31856752661	0.305063274787
1549026	BURNT	2.31230503266	0.0903534994808
7632	BURNT	3.271150396	0.126565845875
10882	BURNT	2.4581158216	0.0959076995072
6106	BURNT	5.55310330129	0.209789349542
2969	BURNT	9.6552107267	0.348919191397
311	BURNT	5.63198586523	0.212591728695
6213	BURNT	4.21216291741	0.161389590119
8078	BURNT	4.26937283423	0.16348389561
356	BURNT	3.61977733011	0.139549978037
8051	BURNT	3.8225717683	0.147058048763
8615	BURNT	1.18183811337	0.0467148280043
7047	BURNT	6.65760226946	0.248574623587
31210	BURNT	2.95625237061	0.114754323593
7409	BURNT	6.78268425341	0.252905447864
61331	BURNT	7.06066825233	0.262485515625
1030	BURNT	5.22756401403	0.198171590353
61945	BURNT	27.4319556764	0.796273350164
2879	BURNT	9.21511791479	0.334637357318
5366244	BURNT	6.23948014627	0.234006760852
23642	BURNT	19.0298945659	0.61634102776
13436	BURNT	16.5762717314	0.553141755451
15606	BURNT	2.75396886666	0.107125016859
61177	BURNT	4.39531168895	0.168084961621
8174	BURNT	4.29882480238	0.164561034223
6276	BURNT	4.20265716815	0.161041355817
5363233	BURNT	4.02439130006	0.154497361868
7820	BURNT	4.03711048805	0.154965115085
11980	BURNT	5.86324767419	0.220778837652
8077	BURNT	7.03822019442	0.261714190375
454	BURNT	5.20287397926	0.197287000113
7761	BURNT	1.81036570287	0.0711036585234
1068	BURNT	4.76036098091	0.181350024569
8205	BURNT	3.88560604308	0.149385067994
6137	BURNT	10.6791791766	0.38154921991
31260	BURNT	5.96422195457	0.224340100774
778574	BURNT	3.62568194279	0.139769049891
2345	BURNT	3.96842834683	0.152437764456
14257	BURNT	3.39734577817	0.131277047792
18827	BURNT	5.75518499975	0.216958538237
31252	BURNT	11.816952875	0.416821964901
1060	BURNT	4.77204068891	0.181772678622
326	BURNT	0.230897027155	0.00921455571133
14525	BURNT	2.24226253314	0.0876794048188
7341	BURNT	3.25523261875	0.125970688989
13187	BURNT	3.93501276163	0.151206780292
8180	BURNT	9.29445367916	0.337223399489
61809	BURNT	13.9266675669	0.479485874868
61052	BURNT	3.25550093846	0.125980722994
6920	BURNT	13.5738414975	0.469253990701
7824	BURNT	3.44930982734	0.13321329778
10364	BURNT	7.14323312569	0.265319013233
6998	BURNT	3.18463068756	0.123328478456
6054	BURNT	4.39420292084	0.16804450911
8363	BURNT	3.65131813185	0.140719875634
8093	BURNT	4.13473900756	0.158551133638
244	BURNT	6.88442972862	0.256419040069
1550470	BURNT	4.48526805377	0.171363670345
61209	BURNT	5.72932615466	0.216042974912
8082	BURNT	4.73924499134	0.180585622418
11428	BURNT	4.39210396687	0.167967927772
7969	BURNT	13.1822927098	0.457782571957
61138	BURNT	3.81598230778	0.146814603922
8857	BURNT	3.21694972606	0.124538482826
12206	BURNT	2.81220323571	0.109324734613
31249	BURNT	3.29051919967	0.127289761346
7136	BURNT	8.01963168582	0.295059470482
8375	BURNT	9.01693111926	0.328155226047
7127	ACID	5.56065830258	0.2100579638
18635	ACID	6.4377718465	0.240932911321
1549026	ACID	6.19632236122	0.232495130127
7632	ACID	6.93672292726	0.258221667103
10882	ACID	4.53426799743	0.173146885388
6106	ACID	5.79831447384	0.218484398659
2969	ACID	9.15256715608	0.332594892024
311	ACID	11.0438974871	0.392968830802
6213	ACID	6.70523772543	0.250225423835
8078	ACID	11.5902198118	0.409875514359
356	ACID	9.46726993156	0.34283911728
8051	ACID	9.52107081167	0.344582516706
8615	ACID	3.19027212317	0.123539750439
7047	ACID	7.33177959874	0.271769187116
31210	ACID	5.10194776419	0.193665962172
7409	ACID	8.83246395912	0.322093590529
61331	ACID	3.99462542838	0.15340220421
1030	ACID	5.352346119	0.202634801169
61945	ACID	5.65175489625	0.213293262487
2879	ACID	9.05996941485	0.329565558275
5366244	ACID	7.73102544721	0.285333516102
23642	ACID	9.42292296497	0.341400327717
13436	ACID	9.95267652822	0.358484753099
15606	ACID	5.11108922439	0.193994275752
61177	ACID	4.82405386921	0.183653556475
8174	ACID	9.07566873726	0.330079644279
6276	ACID	6.56829303018	0.245474731875
5363233	ACID	5.12155589244	0.194370101794
7820	ACID	6.08977529364	0.228756866495
11980	ACID	6.37198399634	0.238638487834
8077	ACID	8.39596862728	0.307641829415
454	ACID	7.16193596326	0.265960107834
7761	ACID	4.84502720356	0.184411372701
1068	ACID	10.6076341902	0.379296606363
8205	ACID	8.88760032158	0.323908237073
6137	ACID	5.12767186694	0.194589667168
31260	ACID	8.37822635575	0.307051183483
778574	ACID	3.58953049548	0.138427328148
2345	ACID	6.12843189325	0.230114204742
14257	ACID	10.1881159211	0.366005554434
18827	ACID	6.4845185926	0.242561151153
31252	ACID	7.91108539254	0.291409306866
1060	ACID	4.39346320405	0.168017520592
326	ACID	8.67899014783	0.317029657919
14525	ACID	9.99681678306	0.359898133005
7341	ACID	6.15130744208	0.230916864384
13187	ACID	6.93625418551	0.25820551857
8180	ACID	9.51033856201	0.344234926655
61809	ACID	6.70920535814	0.250362839711
61052	ACID	4.87359269852	0.185442945624
6920	ACID	6.75561045583	0.251969109181
7824	ACID	4.81820630827	0.183442207519
10364	ACID	9.47227305053	0.343001339324
6998	ACID	2.78642285638	0.108351253321
6054	ACID	6.15049761079	0.230888456087
8363	ACID	4.64210111087	0.177064403345
8093	ACID	7.76478978353	0.286474807188
244	ACID	7.88790740149	0.29062866279
1550470	ACID	0.279109111854	0.0111332037156
61209	ACID	6.95094995997	0.25871171626
8082	ACID	8.2468715367	0.302670505411
11428	ACID	9.55207838332	0.345586254756
7969	ACID	6.41120144151	0.240006656091
61138	ACID	5.90968069553	0.222417497452
8857	ACID	6.27327755864	0.235189497814
12206	ACID	7.58181457121	0.280279017972
31249	ACID	6.40247737505	0.239702408387
7136	ACID	4.79581743231	0.182632751355
8375	ACID	7.53326632345	0.278630612338
7127	WARM	8.08798372613	0.297353156744
18635	WARM	5.9700676029	0.224546021243
1549026	WARM	4.07157039076	0.156231741452
7632	WARM	5.43308578709	0.205516063016
10882	WARM	5.81282366719	0.218997379093
6106	WARM	7.57956320759	0.280202616936
2969	WARM	5.66932104799	0.213916361462
311	WARM	6.00422897164	0.225748852648
6213	WARM	4.87870273355	0.185627413197
8078	WARM	6.4929596201	0.242854974953
356	WARM	2.47990167571	0.0967361021001
8051	WARM	4.65167392425	0.177411728851
8615	WARM	7.11197699167	0.264246992975
7047	WARM	5.3067107106	0.201003956997
31210	WARM	6.16082193288	0.23125058656
7409	WARM	5.08236415697	0.192962396109
61331	WARM	10.3615683762	0.371517895362
1030	WARM	7.21910567251	0.267918032216
61945	WARM	8.19845884217	0.301052462732
2879	WARM	3.00228811038	0.116486030856
5366244	WARM	8.71208665385	0.318123284608
23642	WARM	7.40871053825	0.274392824794
13436	WARM	6.13868797739	0.230474123062
15606	WARM	4.65870187896	0.17766667388
61177	WARM	5.33124938656	0.201881087454
8174	WARM	4.02537074624	0.154533385992
6276	WARM	4.35228202842	0.166514337595
5363233	WARM	4.88422180275	0.185826623063
7820	WARM	5.22966033369	0.198246674465
11980	WARM	6.6931832964	0.2498078508
8077	WARM	5.43946749942	0.205743577306
454	WARM	5.0103252496	0.190371666341
7761	WARM	7.16680981774	0.266127127524
1068	WARM	3.85011407489	0.14807521164
8205	WARM	5.3991035149	0.20430401309
6137	WARM	7.20336918611	0.267379356392
31260	WARM	5.28054112721	0.20006799925
778574	WARM	4.92728426016	0.187380118334
2345	WARM	5.19800967886	0.197112665306
14257	WARM	3.09280624932	0.119886069774
18827	WARM	5.36113284158	0.202948615525
31252	WARM	5.53409125862	0.209113183921
1060	WARM	4.85151381887	0.184645678221
326	WARM	6.44985331153	0.241353889365
14525	WARM	6.50166928192	0.243158089896
7341	WARM	5.40062692864	0.204358368657
13187	WARM	4.29266685989	0.164335878887
8180	WARM	5.89561560291	0.221921310781
61809	WARM	7.6029396981	0.280995711103
61052	WARM	4.83019299962	0.183875414219
6920	WARM	8.6390538837	0.315708854546
7824	WARM	5.14392650931	0.195173068399
10364	WARM	7.08628679712	0.263365287656
6998	WARM	6.98637764649	0.259931316812
6054	WARM	5.61419712321	0.211960201193
8363	WARM	8.06775580902	0.296674758843
8093	WARM	4.37933100564	0.167501824203
244	WARM	5.90428234817	0.222227073908
1550470	WARM	5.8666115809	0.22089761066
61209	WARM	5.94011263464	0.223490530141
8082	WARM	5.71915213872	0.215682605075
11428	WARM	4.54043234061	0.173371083288
7969	WARM	5.00132760336	0.190047793016
61138	WARM	5.41548646559	0.20488846116
8857	WARM	4.90889214087	0.186716796814
12206	WARM	4.98666957858	0.189520033749
31249	WARM	7.77892913104	0.286952469871
7136	WARM	8.74777904635	0.319301706557
8375	WARM	7.20713370662	0.267508237759
7127	MUSKY	4.57307759178	0.174557888207
18635	MUSKY	15.9696065419	0.536772928436
1549026	MUSKY	9.18615863836	0.333692141323
7632	MUSKY	5.75375249911	0.216907832836
10882	MUSKY	4.61054640964	0.175919001108
6106	MUSKY	15.3885398918	0.52081873167
2969	MUSKY	15.7232725045	0.530042380881
311	MUSKY	17.0174908414	0.564861635842
6213	MUSKY	12.2771352478	0.430794189954
8078	MUSKY	6.4100937397	0.239968028887
356	MUSKY	5.69189921875	0.214716882063
8051	MUSKY	5.74505042168	0.216599775128
8615	MUSKY	8.08434388594	0.297231109011
7047	MUSKY	12.9401114021	0.450625862846
31210	MUSKY	8.40797388386	0.308041345422
7409	MUSKY	5.75453308552	0.216935463008
61331	MUSKY	13.6362296948	0.471070483677
1030	MUSKY	8.61270784073	0.314836819089
61945	MUSKY	14.3569204142	0.491828351057
2879	MUSKY	8.0466966748	0.295968136042
5366244	MUSKY	10.5399859257	0.377162915702
23642	MUSKY	12.6452961194	0.441850439198
13436	MUSKY	15.5852064875	0.526248794998
15606	MUSKY	6.57426719767	0.245682292232
61177	MUSKY	6.34157282102	0.237576694503
8174	MUSKY	5.1186743101	0.194266641727
6276	MUSKY	7.51863733691	0.278133530515
5363233	MUSKY	5.09350938199	0.19336284015
7820	MUSKY	8.91083230768	0.324672119341
11980	MUSKY	9.86016723549	0.355517530255
8077	MUSKY	11.1141485658	0.395156223295
454	MUSKY	12.1566010723	0.427150863041
7761	MUSKY	4.01715824781	0.154231305757
1068	MUSKY	11.0094696187	0.391895416233
8205	MUSKY	6.71247202952	0.250475968882
6137	MUSKY	12.5115310066	0.437845877011
31260	MUSKY	13.7856235277	0.475407574688
778574	MUSKY	8.52296580618	0.311862253794
2345	MUSKY	8.39572084598	0.30763358243
14257	MUSKY	5.78655978827	0.218068681858
18827	MUSKY	8.39280909642	0.307536666045
31252	MUSKY	10.7697811354	0.384395971133
1060	MUSKY	10.3440073031	0.370960897291
326	MUSKY	2.24479164278	0.0877760299036
14525	MUSKY	6.46280676681	0.24180512215
7341	MUSKY	15.1412350616	0.513946602787
13187	MUSKY	4.69122671409	0.17884602533
8180	MUSKY	14.9685932219	0.50912021566
61809	MUSKY	8.42230692562	0.308518175445
61052	MUSKY	6.1473444821	0.230777841611
6920	MUSKY	11.6175630775	0.410715414357
7824	MUSKY	6.76553208787	0.252312313742
10364	MUSKY	4.02398307749	0.154482347176
6998	MUSKY	3.13016474111	0.121287417122
6054	MUSKY	9.05476437744	0.329395071925
8363	MUSKY	8.17736544178	0.300346895444
8093	MUSKY	6.50258504658	0.243189956948
244	MUSKY	7.80936297844	0.287980059086
1550470	MUSKY	3.14047846248	0.12167409651
61209	MUSKY	7.37498883487	0.273243369269
8082	MUSKY	8.41005965789	0.308110744936
11428	MUSKY	6.15614935778	0.231086704345
7969	MUSKY	12.2474489789	0.429897956559
61138	MUSKY	17.3500977639	0.573593553588
8857	MUSKY	5.53968359943	0.209312106224
12206	MUSKY	5.5933905005	0.211221213104
31249	MUSKY	7.81737481514	0.288250453005
7136	MUSKY	10.3793779261	0.372082522591
8375	MUSKY	7.18534098567	0.266761989395
7127	SWEATY	1.45204162768	0.0572382951519
18635	SWEATY	8.67415353018	0.316869765421
1549026	SWEATY	6.21996850519	0.233323536925
7632	SWEATY	3.29778081453	0.127561089261
10882	SWEATY	3.45970898384	0.133600524853
6106	SWEATY	11.1430383895	0.396054613761
2969	SWEATY	7.87657501558	0.290246827033
311	SWEATY	9.13271209655	0.331945911767
6213	SWEATY	6.7613365229	0.252167192286
8078	SWEATY	3.26802042922	0.126448834159
356	SWEATY	2.23196554253	0.0872859536282
8051	SWEATY	5.22396711553	0.198042751652
8615	SWEATY	2.02955148367	0.0795344276568
7047	SWEATY	3.71610436098	0.143120401791
31210	SWEATY	4.90398145964	0.186539644723
7409	SWEATY	2.05900916481	0.080664559096
61331	SWEATY	5.27880316244	0.200005821367
1030	SWEATY	4.56168802622	0.174143921989
61945	SWEATY	5.64407924319	0.213020917526
2879	SWEATY	2.42074856486	0.0944859331487
5366244	SWEATY	7.36647030587	0.272952858328
23642	SWEATY	4.51172637529	0.172326785057
13436	SWEATY	6.03449976351	0.226813915582
15606	SWEATY	3.50772821205	0.135387465598
61177	SWEATY	2.71598118312	0.10568862581
8174	SWEATY	2.46130234137	0.0960288899686
6276	SWEATY	4.1868486813	0.1604620665
5363233	SWEATY	1.66961741442	0.0656696476527
7820	SWEATY	6.19729815422	0.232529324404
11980	SWEATY	2.42531740016	0.0946598302098
8077	SWEATY	5.50958793258	0.208241293629
454	SWEATY	4.5105874749	0.172285339248
7761	SWEATY	3.53337292272	0.136341027224
1068	SWEATY	6.97449942942	0.25952252026
8205	SWEATY	3.97124616827	0.152541528279
6137	SWEATY	6.26771690713	0.234994966194
31260	SWEATY	10.391571474	0.37246895588
778574	SWEATY	4.96379864212	0.188696226901
2345	SWEATY	4.54901965361	0.173683354221
14257	SWEATY	3.43456817863	0.132664223716
18827	SWEATY	4.15893783731	0.159438807919
31252	SWEATY	3.46430764997	0.133771735001
1060	SWEATY	6.64220861004	0.248040770314
326	SWEATY	2.02428942904	0.0793324780844
14525	SWEATY	0.921306823465	0.0365127504334
7341	SWEATY	11.5142002935	0.40753728838
13187	SWEATY	2.49312391979	0.0972386900398
8180	SWEATY	7.43089296819	0.275148450606
61809	SWEATY	5.74158637329	0.216477129299
61052	SWEATY	4.64590925527	0.177202581087
6920	SWEATY	5.32854617904	0.201784485409
7824	SWEATY	4.82723258153	0.183768433503
10364	SWEATY	0.548273386145	0.0218106939634
6998	SWEATY	0.00404236433844	0.000161688037254
6054	SWEATY	5.70079651646	0.21503222829
8363	SWEATY	3.48048522808	0.134373898154
8093	SWEATY	4.32258219035	0.165429400897
244	SWEATY	3.95857991182	0.152075054506
1550470	SWEATY	2.07143173648	0.0811409376837
61209	SWEATY	2.95318730765	0.114638966197
8082	SWEATY	7.82031601559	0.28834970359
11428	SWEATY	2.67391689687	0.104096743246
7969	SWEATY	5.05280945775	0.191900024943
61138	SWEATY	11.6660483768	0.412203261179
8857	SWEATY	2.25802079234	0.0882813685343
12206	SWEATY	4.51316196542	0.172379026246
31249	SWEATY	7.06032942085	0.262473876221
7136	SWEATY	2.72175625098	0.105907067203
8375	SWEATY	1.69184991838	0.0665290542766
7127	AMMONIA/URINOUS	4.66515731675	0.177900815554
18635	AMMONIA/URINOUS	8.94958975122	0.325945527363
1549026	AMMONIA/URINOUS	3.42542388021	0.132323543705
7632	AMMONIA/URINOUS	7.21242013456	0.267689203703
10882	AMMONIA/URINOUS	2.3132540836	0.0903897055619
6106	AMMONIA/URINOUS	5.99538439352	0.22543752213
2969	AMMONIA/URINOUS	8.33439255879	0.305590862622
311	AMMONIA/URINOUS	8.2480809026	0.302710900674
6213	AMMONIA/URINOUS	4.82435004655	0.183664260513
8078	AMMONIA/URINOUS	9.16992426531	0.3331619662
356	AMMONIA/URINOUS	6.53384058859	0.244277194409
8051	AMMONIA/URINOUS	7.02171339414	0.26114675217
8615	AMMONIA/URINOUS	2.03114980399	0.0795957643489
7047	AMMONIA/URINOUS	6.87188628156	0.255986322836
31210	AMMONIA/URINOUS	10.1816321999	0.365799034294
7409	AMMONIA/URINOUS	6.7458663402	0.251631968536
61331	AMMONIA/URINOUS	8.20535679892	0.301283119878
1030	AMMONIA/URINOUS	3.34911076975	0.129477813611
61945	AMMONIA/URINOUS	6.22480859761	0.233493047074
2879	AMMONIA/URINOUS	9.17338763263	0.333275089042
5366244	AMMONIA/URINOUS	5.70385277503	0.215140536409
23642	AMMONIA/URINOUS	9.94897328943	0.358366103772
13436	AMMONIA/URINOUS	11.964521402	0.421320947129
15606	AMMONIA/URINOUS	4.00048719684	0.153617928749
61177	AMMONIA/URINOUS	2.9727083372	0.115373535545
8174	AMMONIA/URINOUS	8.05435241843	0.296225059585
6276	AMMONIA/URINOUS	8.4185243165	0.308392351993
5363233	AMMONIA/URINOUS	5.21347835309	0.197666991508
7820	AMMONIA/URINOUS	3.32266345935	0.128490501388
11980	AMMONIA/URINOUS	3.80949233066	0.1465748005
8077	AMMONIA/URINOUS	9.47176917193	0.342985002379
454	AMMONIA/URINOUS	6.32139413313	0.236871755811
7761	AMMONIA/URINOUS	3.20659898183	0.124151048461
1068	AMMONIA/URINOUS	6.87904216424	0.256233198131
8205	AMMONIA/URINOUS	6.14642485751	0.230745578889
6137	AMMONIA/URINOUS	7.7884137489	0.287272794466
31260	AMMONIA/URINOUS	7.43276727511	0.275212279258
778574	AMMONIA/URINOUS	2.2780735558	0.0890470945817
2345	AMMONIA/URINOUS	5.53169522225	0.209027948077
14257	AMMONIA/URINOUS	5.90888051463	0.222389273011
18827	AMMONIA/URINOUS	6.07124028331	0.228105627901
31252	AMMONIA/URINOUS	7.39714222328	0.273998603703
1060	AMMONIA/URINOUS	5.65450098669	0.213390686904
326	AMMONIA/URINOUS	5.27249424074	0.199780091422
14525	AMMONIA/URINOUS	9.24186863564	0.335509891074
7341	AMMONIA/URINOUS	6.82764080543	0.25445896063
13187	AMMONIA/URINOUS	3.91355441841	0.150415813462
8180	AMMONIA/URINOUS	8.03833363138	0.295687422227
61809	AMMONIA/URINOUS	6.74122447263	0.251471335949
61052	AMMONIA/URINOUS	5.16781054247	0.196029915378
6920	AMMONIA/URINOUS	7.74553414773	0.285824046216
7824	AMMONIA/URINOUS	3.63842345375	0.140241688059
10364	AMMONIA/URINOUS	7.00066720026	0.260422951511
6998	AMMONIA/URINOUS	3.73918233939	0.143974699749
6054	AMMONIA/URINOUS	7.93507235611	0.292216744926
8363	AMMONIA/URINOUS	3.98975260789	0.153222853967
8093	AMMONIA/URINOUS	6.0540299029	0.22750068489
244	AMMONIA/URINOUS	9.70657324954	0.350575904282
1550470	AMMONIA/URINOUS	0.0	0.0
61209	AMMONIA/URINOUS	7.7932539762	0.287436236033
8082	AMMONIA/URINOUS	10.157154056	0.365019050835
11428	AMMONIA/URINOUS	8.23955222388	0.302426000615
7969	AMMONIA/URINOUS	10.3797123081	0.372093121286
61138	AMMONIA/URINOUS	6.74052862299	0.251447254473
8857	AMMONIA/URINOUS	5.60644463337	0.211684896764
12206	AMMONIA/URINOUS	3.4343692611	0.132656813555
31249	AMMONIA/URINOUS	1.65549672572	0.0651236012651
7136	AMMONIA/URINOUS	5.9574874763	0.22410283624
8375	AMMONIA/URINOUS	7.23478763276	0.268454644474
7127	DECAYED	2.50767129778	0.0977914857761
18635	DECAYED	14.5472409791	0.497240751122
1549026	DECAYED	2.73532635808	0.106420250209
7632	DECAYED	1.94315290302	0.0762157788388
10882	DECAYED	4.17035319303	0.159857389419
6106	DECAYED	6.57020262106	0.24554107985
2969	DECAYED	7.73427999918	0.285443565125
311	DECAYED	6.01034512	0.225964105415
6213	DECAYED	5.53498003408	0.209144799772
8078	DECAYED	3.11455218191	0.120701913159
356	DECAYED	3.45176502768	0.133304728385
8051	DECAYED	4.97593144769	0.189133300399
8615	DECAYED	1.81848418721	0.0714166135929
7047	DECAYED	4.35378968609	0.166569393591
31210	DECAYED	3.54482731757	0.136766772418
7409	DECAYED	4.01704591862	0.15422717358
61331	DECAYED	4.12478068757	0.158185701215
1030	DECAYED	3.16296668947	0.122516924267
61945	DECAYED	11.9658888533	0.421362555711
2879	DECAYED	3.86407404177	0.148590534391
5366244	DECAYED	8.20069889433	0.301127370831
23642	DECAYED	12.0661326161	0.424408682122
13436	DECAYED	12.4594658475	0.436283318219
15606	DECAYED	3.70293904976	0.142632858948
61177	DECAYED	4.1381760578	0.158677241878
8174	DECAYED	1.78605450447	0.0701661839016
6276	DECAYED	6.24525081477	0.234208769495
5363233	DECAYED	4.36198930066	0.166868791763
7820	DECAYED	4.35107979537	0.16647043366
11980	DECAYED	6.9981022069	0.260334714477
8077	DECAYED	15.9803121775	0.537064336183
454	DECAYED	5.16582444703	0.195958680994
7761	DECAYED	0.0212084260002	0.000848157121073
1068	DECAYED	11.807594353	0.416536060357
8205	DECAYED	3.54492379619	0.136770357959
6137	DECAYED	13.2192160683	0.458869573347
31260	DECAYED	6.30695369894	0.236367081973
778574	DECAYED	7.38930712159	0.273731540969
2345	DECAYED	3.56784904609	0.137622143117
14257	DECAYED	2.16680786398	0.0847942920313
18827	DECAYED	4.23719214921	0.162306167045
31252	DECAYED	6.17757254299	0.23183794071
1060	DECAYED	3.93851869014	0.151335975817
326	DECAYED	2.37009218846	0.0925567527456
14525	DECAYED	3.5114633876	0.135526385455
7341	DECAYED	10.05851402	0.361871079083
13187	DECAYED	3.20195348695	0.123977137025
8180	DECAYED	6.84289447937	0.254985697232
61809	DECAYED	10.7241936445	0.382964414051
61052	DECAYED	2.51841851507	0.098199767876
6920	DECAYED	9.0815351204	0.330271692759
7824	DECAYED	5.18120683236	0.196510311599
10364	DECAYED	1.9343901923	0.0758788615254
6998	DECAYED	1.5754659715	0.062025801649
6054	DECAYED	5.69140563782	0.214699386259
8363	DECAYED	2.33373462898	0.0911708582318
8093	DECAYED	5.3841001273	0.20376859142
244	DECAYED	4.88259432675	0.185767882126
1550470	DECAYED	2.01787287886	0.0790861907723
61209	DECAYED	4.9810643834	0.189318174379
8082	DECAYED	4.39370401806	0.168026306723
11428	DECAYED	2.06936145471	0.0810615554562
7969	DECAYED	9.66378929212	0.349196042292
61138	DECAYED	10.1914560717	0.366111932122
8857	DECAYED	0.462016128941	0.0183952615963
12206	DECAYED	4.46225775334	0.170525612431
31249	DECAYED	2.01526374657	0.0789860346756
7136	DECAYED	3.76790117026	0.145037215119
8375	DECAYED	4.8102522283	0.183154678532
7127	WOOD	4.63968096973	0.176976582989
18635	WOOD	2.79339681642	0.108614646347
1549026	WOOD	4.083114452	0.156655848629
7632	WOOD	2.42432430911	0.0946220330219
10882	WOOD	1.14718506179	0.0453609890453
6106	WOOD	4.47621743603	0.171034088427
2969	WOOD	6.42459981021	0.24047379932
311	WOOD	3.27771853629	0.12681136593
6213	WOOD	2.71335906379	0.105589435588
8078	WOOD	3.74236360724	0.144092430142
356	WOOD	5.55984276737	0.210028970056
8051	WOOD	2.96757085396	0.115180243449
8615	WOOD	3.52124959642	0.135890304369
7047	WOOD	3.30911646892	0.127984558035
31210	WOOD	2.1846517946	0.0854769903985
7409	WOOD	2.57231742457	0.10024597021
61331	WOOD	3.51639563309	0.135709810024
1030	WOOD	2.18978128537	0.0856731945838
61945	WOOD	5.92258317646	0.222872530466
2879	WOOD	2.92703555256	0.113654407252
5366244	WOOD	7.08054073784	0.263168006657
23642	WOOD	4.13761798756	0.158656766458
13436	WOOD	4.68774639518	0.178719869301
15606	WOOD	3.03146844331	0.117582817363
61177	WOOD	2.37046475045	0.0925709487646
8174	WOOD	2.76255056222	0.107449348245
6276	WOOD	2.21510593165	0.0866415595505
5363233	WOOD	2.71700178223	0.105727231815
7820	WOOD	3.05314895278	0.1183972707
11980	WOOD	2.19193646681	0.0857556244828
8077	WOOD	2.80964438666	0.109228134835
454	WOOD	4.70885531925	0.179484885403
7761	WOOD	1.28240424014	0.0506383453515
1068	WOOD	3.08425118209	0.119565005142
8205	WOOD	3.57981560252	0.138066592202
6137	WOOD	4.89662930888	0.18627438092
31260	WOOD	1.15403272342	0.0456285923263
778574	WOOD	3.56025844762	0.137340161819
2345	WOOD	3.12383090784	0.121049908497
14257	WOOD	5.3714640757	0.203317512501
18827	WOOD	3.09711103207	0.120047602585
31252	WOOD	8.17575416205	0.300292984035
1060	WOOD	3.50506530048	0.135288418915
326	WOOD	1.78014882979	0.0699383812492
14525	WOOD	2.66977783986	0.103940028109
7341	WOOD	1.69051573864	0.0664774921606
13187	WOOD	3.43536871	0.132694045131
8180	WOOD	6.44631642258	0.241230658735
61809	WOOD	4.65062453221	0.177373657872
61052	WOOD	2.26974203171	0.0887289897123
6920	WOOD	3.42991591359	0.132490907274
7824	WOOD	2.7318470709	0.106288687468
10364	WOOD	3.93102998596	0.151060000738
6998	WOOD	1.72378680841	0.0677628959522
6054	WOOD	1.6368277452	0.064401427781
8363	WOOD	2.05174365979	0.0803858855735
8093	WOOD	3.24169207786	0.125464256103
244	WOOD	1.72498675916	0.0678092386389
1550470	WOOD	1.97262203757	0.0773483864217
61209	WOOD	3.20385655224	0.124048383367
8082	WOOD	2.52030674484	0.0982714913583
11428	WOOD	2.15358701252	0.0842883056928
7969	WOOD	2.91964856846	0.113376203633
61138	WOOD	2.05062675785	0.0803430422739
8857	WOOD	0.396341364885	0.0157908200044
12206	WOOD	2.44624288913	0.0954560738561
31249	WOOD	2.30113893789	0.0899274613511
7136	WOOD	4.60398713562	0.175680806407
8375	WOOD	2.60520428404	0.101493335617
7127	GRASS	3.22471640586	0.124829137875
18635	GRASS	0.814589396157	0.0323181534925
1549026	GRASS	6.34540417887	0.237710505478
7632	GRASS	4.57544253802	0.174643831753
10882	GRASS	1.40007140325	0.0552187761563
6106	GRASS	2.4975690653	0.0974076221175
2969	GRASS	1.27318038032	0.0502788199003
311	GRASS	2.35719362392	0.0920652002446
6213	GRASS	3.82415439006	0.147116512883
8078	GRASS	2.47593777703	0.096585403931
356	GRASS	5.68839238895	0.21459257237
8051	GRASS	2.11052601928	0.0826393127398
8615	GRASS	2.77431936955	0.107894035596
7047	GRASS	3.17937931177	0.123131791348
31210	GRASS	2.18869352834	0.0856315893892
7409	GRASS	2.55932908427	0.0997530972262
61331	GRASS	2.02921413648	0.0795214814546
1030	GRASS	1.37616171215	0.0542889400627
61945	GRASS	5.25682160307	0.199219194776
2879	GRASS	0.0564120550073	0.00225520927231
5366244	GRASS	3.94036651962	0.151404065461
23642	GRASS	3.24311528638	0.125517492751
13436	GRASS	3.34187745151	0.1292078401
15606	GRASS	3.24483045948	0.125581648495
61177	GRASS	3.40963781463	0.131735260574
8174	GRASS	3.97065243144	0.152519664965
6276	GRASS	7.39652323022	0.273977506851
5363233	GRASS	5.73520875809	0.216251302524
7820	GRASS	3.69200153361	0.142227711215
11980	GRASS	2.89240367728	0.112349747478
8077	GRASS	4.02981814057	0.154696951924
454	GRASS	3.03069235259	0.117553655649
7761	GRASS	3.19243194315	0.123620629041
1068	GRASS	2.1670771689	0.0848045973735
8205	GRASS	4.00447753222	0.153764765166
6137	GRASS	2.52611559188	0.0984921196817
31260	GRASS	3.10685776095	0.120413284379
778574	GRASS	1.52147865157	0.0599331871479
2345	GRASS	1.88862202592	0.0741181237742
14257	GRASS	5.20974175969	0.197533106707
18827	GRASS	4.95640246005	0.188429728264
31252	GRASS	2.62264650086	0.102154550167
1060	GRASS	0.268591965835	0.0107148219758
326	GRASS	3.04275579959	0.118006886841
14525	GRASS	5.73249377734	0.216155157131
7341	GRASS	0.0	0.0
13187	GRASS	2.97714020552	0.115540262699
8180	GRASS	0.628909798628	0.0249981809312
61809	GRASS	6.92472391139	0.257808235956
61052	GRASS	2.78511622956	0.108301900217
6920	GRASS	0.0	0.0
7824	GRASS	3.31200399907	0.128092411767
10364	GRASS	1.83767394848	0.0721561397228
6998	GRASS	1.41808839632	0.0559191459731
6054	GRASS	3.19252069796	0.123623952555
8363	GRASS	1.65521544299	0.0651127224546
8093	GRASS	2.71423776134	0.105622675804
244	GRASS	0.935109840973	0.0370546214731
1550470	GRASS	7.44973778801	0.275790074276
61209	GRASS	1.74687993146	0.0686545614606
8082	GRASS	3.05163898184	0.118340559083
11428	GRASS	2.32499324742	0.0908374924565
7969	GRASS	1.32422573531	0.0522675998932
61138	GRASS	3.68570898344	0.141994579053
8857	GRASS	2.27568158078	0.0889557725684
12206	GRASS	2.08752863646	0.0817580351354
31249	GRASS	4.57850184458	0.174755002127
7136	GRASS	1.03211197539	0.0408583769637
8375	GRASS	1.22292814203	0.0483189043849
7127	FLOWER	6.06561539247	0.227907939663
18635	FLOWER	0.20200209149	0.00806376172163
1549026	FLOWER	7.88677959639	0.290590666895
7632	FLOWER	10.9991411167	0.391573202547
10882	FLOWER	8.4509559087	0.30947077404
6106	FLOWER	3.60523560275	0.13901033461
2969	FLOWER	0.972437594045	0.0385192498121
311	FLOWER	0.447101554032	0.0178041022414
6213	FLOWER	1.76558455791	0.0693764667841
8078	FLOWER	3.89857122895	0.149863306107
356	FLOWER	6.84971310343	0.255221096298
8051	FLOWER	6.83186480912	0.254604841657
8615	FLOWER	20.9930190964	0.663438023543
7047	FLOWER	3.42278168675	0.13222509368
31210	FLOWER	8.15698290686	0.299664768217
7409	FLOWER	7.08000952965	0.26314976721
61331	FLOWER	15.7804496076	0.531608948378
1030	FLOWER	0.947017760167	0.0375219733514
61945	FLOWER	0.382547859919	0.0152433772507
2879	FLOWER	4.21587638118	0.161525609783
5366244	FLOWER	7.31135162568	0.271071719989
23642	FLOWER	1.99969548042	0.0783883064109
13436	FLOWER	0.109900245285	0.00439117858582
15606	FLOWER	9.53889180972	0.345159489606
61177	FLOWER	7.52163237136	0.278235313442
8174	FLOWER	8.81968987395	0.321672823169
6276	FLOWER	6.43506819017	0.240838686562
5363233	FLOWER	8.10106013573	0.2977915353
7820	FLOWER	4.24401503065	0.162555935794
11980	FLOWER	4.88281661814	0.185775905475
8077	FLOWER	1.87307342108	0.0735195752269
454	FLOWER	5.01987973803	0.190715512487
7761	FLOWER	4.13975208987	0.158735064649
1068	FLOWER	1.36493124096	0.0538520347212
8205	FLOWER	3.4199169964	0.132118346951
6137	FLOWER	0.228207329727	0.00910746175495
31260	FLOWER	1.81943044818	0.0714530870649
778574	FLOWER	6.54575643404	0.244691486444
2345	FLOWER	12.7322323753	0.44444539851
14257	FLOWER	6.11509818581	0.229646157103
18827	FLOWER	5.08227214842	0.192959089861
31252	FLOWER	0.0673853605456	0.0026935981071
1060	FLOWER	1.76319365003	0.0692842052622
326	FLOWER	8.37501774068	0.306944340765
14525	FLOWER	4.82192849196	0.183576741926
7341	FLOWER	4.02815314557	0.154635718717
13187	FLOWER	9.49638738281	0.343782945983
8180	FLOWER	1.95460119143	0.0766558613304
61809	FLOWER	0.483350112191	0.0192405535552
61052	FLOWER	13.5401441244	0.468271563812
6920	FLOWER	1.23823268822	0.0489160194528
7824	FLOWER	7.88289781255	0.290459881333
10364	FLOWER	2.43264324561	0.0949386285603
6998	FLOWER	8.22401595623	0.30190686287
6054	FLOWER	12.3456662077	0.432860458663
8363	FLOWER	11.7280372688	0.414102747482
8093	FLOWER	8.2633862989	0.303222030706
244	FLOWER	7.14039125	0.265221575119
1550470	FLOWER	5.82598015139	0.219462388166
61209	FLOWER	1.31799182147	0.0520248318822
8082	FLOWER	3.08024848164	0.119414766982
11428	FLOWER	2.64271120794	0.102914879306
7969	FLOWER	2.52459729818	0.0984344553201
61138	FLOWER	2.2338803527	0.0873591255358
8857	FLOWER	5.80737656914	0.218804813719
12206	FLOWER	7.07911713288	0.263119125563
31249	FLOWER	4.47728810787	0.171073080794
7136	FLOWER	9.0729198091	0.329989642819
8375	FLOWER	4.51415509244	0.172415165218
7127	CHEMICAL	10.9273760441	0.38933202288
18635	CHEMICAL	4.2052412635	0.161136028906
1549026	CHEMICAL	12.6439790546	0.441811079651
7632	CHEMICAL	20.9260761164	0.661882780003
10882	CHEMICAL	13.7187598737	0.473468645959
6106	CHEMICAL	8.66007210937	0.316404144799
2969	CHEMICAL	32.6052663543	0.878969296558
311	CHEMICAL	27.2272762846	0.792561221834
6213	CHEMICAL	8.10647717162	0.297973098011
8078	CHEMICAL	27.8605129	0.80393724438
356	CHEMICAL	22.2137524837	0.691169779584
8051	CHEMICAL	28.6944185114	0.818428878972
8615	CHEMICAL	15.0266494126	0.510745899475
7047	CHEMICAL	17.4998175213	0.57749525554
31210	CHEMICAL	18.9321074356	0.613914420643
7409	CHEMICAL	33.0703763668	0.885355137455
61331	CHEMICAL	13.0891445385	0.455035499639
1030	CHEMICAL	11.6273857648	0.411016990703
61945	CHEMICAL	0.0	0.0
2879	CHEMICAL	23.5096455716	0.719304448904
5366244	CHEMICAL	23.6816697101	0.7229381963
23642	CHEMICAL	18.6849012747	0.607745836729
13436	CHEMICAL	13.0740562661	0.454589871746
15606	CHEMICAL	15.6823243548	0.528918855326
61177	CHEMICAL	17.9095620374	0.588081516548
8174	CHEMICAL	29.4778361642	0.831536316599
6276	CHEMICAL	19.0022959232	0.615656936788
5363233	CHEMICAL	19.417393387	0.625881669102
7820	CHEMICAL	8.51541845514	0.311611797619
11980	CHEMICAL	23.3944990858	0.716858928441
8077	CHEMICAL	17.8344257263	0.586150332656
454	CHEMICAL	20.19126725	0.644575780735
7761	CHEMICAL	8.3894741051	0.3074256539
1068	CHEMICAL	16.9021279071	0.561812345169
8205	CHEMICAL	19.6480748802	0.63150425661
6137	CHEMICAL	4.8649700909	0.185131630042
31260	CHEMICAL	21.8609075995	0.683276591551
778574	CHEMICAL	13.4771828685	0.466433531512
2345	CHEMICAL	13.982044924	0.481082764858
14257	CHEMICAL	21.0157186872	0.663964574712
18827	CHEMICAL	21.079217655	0.665435339421
31252	CHEMICAL	19.6422568647	0.631362972692
1060	CHEMICAL	9.77644543247	0.352826263181
326	CHEMICAL	19.9443696064	0.638663632657
14525	CHEMICAL	35.8877953077	0.92033827149
7341	CHEMICAL	16.2256339037	0.543716877917
13187	CHEMICAL	16.8707218803	0.560980372508
8180	CHEMICAL	35.1357322347	0.911621417521
61809	CHEMICAL	19.373736523	0.624812794176
61052	CHEMICAL	20.0173559123	0.640416421405
6920	CHEMICAL	13.1824842751	0.457788214338
7824	CHEMICAL	13.8203805245	0.476414053843
10364	CHEMICAL	27.7302142196	0.801622656517
6998	CHEMICAL	18.6439982402	0.606720461456
6054	CHEMICAL	15.9882414986	0.537280113458
8363	CHEMICAL	13.1700578687	0.457422145043
8093	CHEMICAL	20.6565106067	0.655583852091
244	CHEMICAL	26.7001985103	0.782847700217
1550470	CHEMICAL	3.76924886041	0.145087059628
61209	CHEMICAL	19.3968054115	0.625377792391
8082	CHEMICAL	16.7449059255	0.557639487239
11428	CHEMICAL	32.4062444671	0.876183906499
7969	CHEMICAL	15.0833901416	0.512332142398
61138	CHEMICAL	6.7665230663	0.252346588889
8857	CHEMICAL	21.3773102535	0.672296652671
12206	CHEMICAL	22.3237258054	0.693609538682
31249	CHEMICAL	9.19396912861	0.333947137809
7136	CHEMICAL	11.2966112032	0.400819078256
8375	CHEMICAL	30.3772939979	0.845979763662
