#oID	descriptor	value	sigma
7127	INTENSITY/STRENGTH	51.7728747561	0.99874276604
7632	INTENSITY/STRENGTH	51.7037881032	0.99883884244
10882	INTENSITY/STRENGTH	50.4314582686	0.999925537505
6106	INTENSITY/STRENGTH	24.8773514928	0.747541012793
2969	INTENSITY/STRENGTH	45.6461324198	0.992417534838
311	INTENSITY/STRENGTH	32.5900882201	0.878757988727
6213	INTENSITY/STRENGTH	38.0119306337	0.942514477147
8078	INTENSITY/STRENGTH	50.0898011513	0.999996774301
356	INTENSITY/STRENGTH	47.9955614845	0.998392890495
8051	INTENSITY/STRENGTH	50.4661894604	0.999913066955
8615	INTENSITY/STRENGTH	49.7592420745	0.999976814249
7047	INTENSITY/STRENGTH	53.7731741526	0.994305262726
31210	INTENSITY/STRENGTH	50.4225138034	0.999928592834
7409	INTENSITY/STRENGTH	52.5592186907	0.997380159877
61331	INTENSITY/STRENGTH	50.8336328531	0.999722022507
1030	INTENSITY/STRENGTH	33.7571091595	0.894467398857
2879	INTENSITY/STRENGTH	43.4150794829	0.982655528713
5366244	INTENSITY/STRENGTH	47.0320093602	0.996476412625
13436	INTENSITY/STRENGTH	51.3879039457	0.999229489055
15606	INTENSITY/STRENGTH	46.7366053674	0.995740102189
61177	INTENSITY/STRENGTH	48.938958248	0.99954967616
8174	INTENSITY/STRENGTH	44.6132288084	0.988393078452
6276	INTENSITY/STRENGTH	39.777402659	0.958199401441
5363233	INTENSITY/STRENGTH	49.2365423624	0.999766852974
7820	INTENSITY/STRENGTH	50.4544017752	0.999917407611
11980	INTENSITY/STRENGTH	52.4369179964	0.997624572272
8077	INTENSITY/STRENGTH	52.7188329637	0.997043178926
454	INTENSITY/STRENGTH	48.398193989	0.998973687001
7761	INTENSITY/STRENGTH	50.2233537071	0.999980045249
1068	INTENSITY/STRENGTH	39.2652567043	0.95390611455
8205	INTENSITY/STRENGTH	44.4065050244	0.987485125583
6137	INTENSITY/STRENGTH	42.5876756141	0.97802297888
31260	INTENSITY/STRENGTH	35.5486015002	0.916462832561
778574	INTENSITY/STRENGTH	50.7988713687	0.999744721815
2345	INTENSITY/STRENGTH	49.9996327514	0.999999999946
14257	INTENSITY/STRENGTH	44.7992713513	0.989180968609
18827	INTENSITY/STRENGTH	50.4410777728	0.999922180159
1060	INTENSITY/STRENGTH	34.4076083056	0.902750928499
326	INTENSITY/STRENGTH	53.3772959473	0.995437548834
14525	INTENSITY/STRENGTH	45.4716810064	0.991797730837
13187	INTENSITY/STRENGTH	48.0584617538	0.998492171695
8180	INTENSITY/STRENGTH	44.9849958153	0.989939893211
61809	INTENSITY/STRENGTH	54.1219873718	0.993203688043
61052	INTENSITY/STRENGTH	50.5848743548	0.999863168796
7824	INTENSITY/STRENGTH	50.1067360654	0.999995442965
10364	INTENSITY/STRENGTH	52.2802472547	0.997920188983
6998	INTENSITY/STRENGTH	46.2268227318	0.994305253321
6054	INTENSITY/STRENGTH	52.2637885659	0.997950104532
8363	INTENSITY/STRENGTH	50.5068388158	0.999897245766
8093	INTENSITY/STRENGTH	49.2896781561	0.999798177151
244	INTENSITY/STRENGTH	43.2125344927	0.981572124795
1550470	INTENSITY/STRENGTH	50.3933452033	0.99993811182
61209	INTENSITY/STRENGTH	45.4636947162	0.991768773749
8082	INTENSITY/STRENGTH	49.1485169297	0.999709990632
11428	INTENSITY/STRENGTH	35.7970530987	0.919310519728
61138	INTENSITY/STRENGTH	35.0865041986	0.911035057193
8857	INTENSITY/STRENGTH	36.7432035963	0.929702939644
12206	INTENSITY/STRENGTH	51.0476027736	0.999561011371
31249	INTENSITY/STRENGTH	49.7599157048	0.999976943812
7136	INTENSITY/STRENGTH	51.5303538167	0.999063206878
8375	INTENSITY/STRENGTH	53.3915908898	0.995398844494
7127	VALENCE/PLEASANTNESS	45.4538535883	0.991733021121
18635	VALENCE/PLEASANTNESS	34.5708292061	0.904776275445
1549026	VALENCE/PLEASANTNESS	46.8363202775	0.995996452245
7632	VALENCE/PLEASANTNESS	44.9831906659	0.989932649642
10882	VALENCE/PLEASANTNESS	46.8415420787	0.996009657424
6106	VALENCE/PLEASANTNESS	38.3659958317	0.945859978805
2969	VALENCE/PLEASANTNESS	37.7673985196	0.940145384409
311	VALENCE/PLEASANTNESS	34.5949831199	0.905074181969
6213	VALENCE/PLEASANTNESS	44.4741606315	0.987786039709
8078	VALENCE/PLEASANTNESS	45.218262137	0.990853993204
356	VALENCE/PLEASANTNESS	46.1088065183	0.993943445315
8051	VALENCE/PLEASANTNESS	46.3035099542	0.994534384537
8615	VALENCE/PLEASANTNESS	46.3037256227	0.994535022291
7047	VALENCE/PLEASANTNESS	44.5341696761	0.988049879548
31210	VALENCE/PLEASANTNESS	46.1072879268	0.993938717086
7409	VALENCE/PLEASANTNESS	44.4759714241	0.987794043317
61331	VALENCE/PLEASANTNESS	45.7738430896	0.992855839108
1030	VALENCE/PLEASANTNESS	43.3847999392	0.982495651262
61945	VALENCE/PLEASANTNESS	29.8610421137	0.837768950101
2879	VALENCE/PLEASANTNESS	44.2421316665	0.986738780902
5366244	VALENCE/PLEASANTNESS	45.5037137454	0.991913363967
23642	VALENCE/PLEASANTNESS	28.5219639591	0.81547758713
13436	VALENCE/PLEASANTNESS	30.1014308726	0.841618778672
15606	VALENCE/PLEASANTNESS	46.7419677749	0.995754090408
61177	VALENCE/PLEASANTNESS	46.6166952471	0.99542129958
8174	VALENCE/PLEASANTNESS	45.4807368223	0.991830504132
6276	VALENCE/PLEASANTNESS	45.4316036062	0.991651901756
5363233	VALENCE/PLEASANTNESS	46.5639648416	0.995277464956
7820	VALENCE/PLEASANTNESS	45.9275787457	0.993366154051
11980	VALENCE/PLEASANTNESS	45.8440147957	0.993091114793
8077	VALENCE/PLEASANTNESS	44.379683182	0.987364815546
454	VALENCE/PLEASANTNESS	34.5428687653	0.904430837598
7761	VALENCE/PLEASANTNESS	46.4169851692	0.994864801889
1068	VALENCE/PLEASANTNESS	42.6280591583	0.97826179529
8205	VALENCE/PLEASANTNESS	46.4490769937	0.994956378321
6137	VALENCE/PLEASANTNESS	27.8859468336	0.804387461021
31260	VALENCE/PLEASANTNESS	43.8277054068	0.984761111782
778574	VALENCE/PLEASANTNESS	45.8934039517	0.993254347558
2345	VALENCE/PLEASANTNESS	45.9445455206	0.993421315586
14257	VALENCE/PLEASANTNESS	45.7675047003	0.992834393415
18827	VALENCE/PLEASANTNESS	45.3137755968	0.991215720337
31252	VALENCE/PLEASANTNESS	43.6913756482	0.984080503515
1060	VALENCE/PLEASANTNESS	44.9338881404	0.989733804251
326	VALENCE/PLEASANTNESS	58.7754726329	0.969196432028
14525	VALENCE/PLEASANTNESS	45.7364625074	0.99272889922
7341	VALENCE/PLEASANTNESS	37.9608346054	0.94202339864
13187	VALENCE/PLEASANTNESS	46.5245581198	0.995168521495
8180	VALENCE/PLEASANTNESS	37.7782378592	0.940251412069
61809	VALENCE/PLEASANTNESS	30.9735986618	0.855198420847
61052	VALENCE/PLEASANTNESS	46.2007434798	0.994226259957
6920	VALENCE/PLEASANTNESS	45.1733690503	0.99068145347
7824	VALENCE/PLEASANTNESS	46.6906828419	0.995619367979
10364	VALENCE/PLEASANTNESS	44.4612955973	0.987729101416
6998	VALENCE/PLEASANTNESS	57.1278064642	0.979677750003
6054	VALENCE/PLEASANTNESS	44.6711254289	0.988641238322
8363	VALENCE/PLEASANTNESS	45.9750889829	0.993520036522
8093	VALENCE/PLEASANTNESS	46.4733476003	0.995025089141
244	VALENCE/PLEASANTNESS	44.5335297146	0.988047081048
1550470	VALENCE/PLEASANTNESS	46.6460053638	0.995500287992
61209	VALENCE/PLEASANTNESS	45.2123445497	0.990831342116
8082	VALENCE/PLEASANTNESS	44.3433268582	0.987200819587
11428	VALENCE/PLEASANTNESS	44.3666709834	0.987306241676
7969	VALENCE/PLEASANTNESS	28.209737787	0.810073789076
61138	VALENCE/PLEASANTNESS	38.4051433067	0.946223719305
8857	VALENCE/PLEASANTNESS	46.4222002932	0.994879739703
12206	VALENCE/PLEASANTNESS	46.355139003	0.994685995325
31249	VALENCE/PLEASANTNESS	46.5287700278	0.995180224992
7136	VALENCE/PLEASANTNESS	45.9076245142	0.993300985153
8375	VALENCE/PLEASANTNESS	45.4324729536	0.991655078672
7127	BAKERY	5.76373984046	0.217261314839
18635	BAKERY	3.39934783572	0.131351687146
1549026	BAKERY	3.15486944898	0.122213497463
7632	BAKERY	3.62583949933	0.139774895143
10882	BAKERY	3.26323715022	0.126269999329
6106	BAKERY	3.78129225166	0.145532421629
2969	BAKERY	2.81019643835	0.109248975925
311	BAKERY	3.68327054132	0.141904228901
6213	BAKERY	3.32977390789	0.128755998604
8078	BAKERY	3.13511793023	0.121473131434
356	BAKERY	2.7381626412	0.106527491788
8051	BAKERY	2.9982784865	0.116335269907
8615	BAKERY	3.46557147243	0.133818784645
7047	BAKERY	3.85234908616	0.148157726054
31210	BAKERY	3.61231275267	0.139272988737
7409	BAKERY	3.97710227554	0.152757154018
61331	BAKERY	4.13661485975	0.158619961391
1030	BAKERY	3.32237224536	0.12847962688
61945	BAKERY	3.92168369668	0.15071550666
2879	BAKERY	4.81023560658	0.183154077627
5366244	BAKERY	2.9417383187	0.114208003014
23642	BAKERY	5.38031928778	0.203633637256
13436	BAKERY	3.44298994112	0.132977925751
15606	BAKERY	2.89856162771	0.112581801305
61177	BAKERY	3.24641345765	0.125640858171
8174	BAKERY	2.6593911998	0.103546703371
6276	BAKERY	2.91043463854	0.113029133628
5363233	BAKERY	3.00369229792	0.116538824948
7820	BAKERY	3.17113367327	0.122822911421
11980	BAKERY	4.37976405062	0.167517628769
8077	BAKERY	3.00572589994	0.116615280723
454	BAKERY	2.99266514944	0.116124188099
7761	BAKERY	3.31217867865	0.128098936106
1068	BAKERY	3.08818355092	0.119712590979
8205	BAKERY	2.863152352	0.111247037524
6137	BAKERY	3.66350925389	0.141171850134
31260	BAKERY	3.00892429334	0.116735521572
778574	BAKERY	4.06000981319	0.155806920654
2345	BAKERY	3.46213532368	0.133690860547
14257	BAKERY	2.66587386322	0.103792201147
18827	BAKERY	2.98102871875	0.115686535861
31252	BAKERY	3.92882087428	0.150978581586
1060	BAKERY	3.78210781379	0.145562576746
326	BAKERY	6.88270583276	0.256359577478
14525	BAKERY	3.32779892422	0.128682258697
7341	BAKERY	3.19497921539	0.123716011741
13187	BAKERY	2.8817719706	0.111949034948
8180	BAKERY	2.79894445722	0.108824142259
61809	BAKERY	4.355827205	0.166643795944
61052	BAKERY	3.62546728093	0.139761086035
6920	BAKERY	4.05451403638	0.155604927827
7824	BAKERY	3.09074530653	0.119808729641
10364	BAKERY	5.7393165821	0.216396761352
6998	BAKERY	6.91506234051	0.257475258751
6054	BAKERY	3.66011503833	0.141046024696
8363	BAKERY	4.04827996787	0.155375770436
8093	BAKERY	2.93508902955	0.113957662137
244	BAKERY	3.84749992036	0.14797869456
1550470	BAKERY	3.55221517041	0.13704131377
61209	BAKERY	3.73051769066	0.14365400273
8082	BAKERY	2.86509740135	0.111320382806
11428	BAKERY	3.11030733158	0.120542688584
7969	BAKERY	3.73889487893	0.143964061191
61138	BAKERY	3.19320924576	0.123649735716
8857	BAKERY	3.51902649857	0.135807640944
12206	BAKERY	3.15744112966	0.122309871392
31249	BAKERY	3.26480916695	0.126328775119
7136	BAKERY	5.73250763597	0.21615564792
8375	BAKERY	5.40459802982	0.204500049247
7127	SWEET	14.5367413725	0.496942915008
18635	SWEET	12.2592890014	0.430255493327
1549026	SWEET	16.1070756142	0.540507870631
7632	SWEET	17.770962892	0.584515666837
10882	SWEET	30.1464614557	0.842334802908
6106	SWEET	12.6106147539	0.440813548368
2969	SWEET	16.1139687768	0.540694755176
311	SWEET	12.8724781356	0.448618848084
6213	SWEET	12.8909666651	0.44916785798
8078	SWEET	12.4301122216	0.435401412926
356	SWEET	16.3701255693	0.547612618309
8051	SWEET	21.4993056709	0.675084169104
8615	SWEET	14.7478491329	0.502914343699
7047	SWEET	12.0278306805	0.42324574287
31210	SWEET	15.2783558174	0.517762970102
7409	SWEET	12.0342568286	0.423440938178
61331	SWEET	13.6501863784	0.471476419869
1030	SWEET	11.4607290746	0.405889838615
61945	SWEET	11.7014060486	0.413287080539
2879	SWEET	12.5882526892	0.440144465262
5366244	SWEET	13.8481295344	0.477216904736
23642	SWEET	13.1044011732	0.455485914884
13436	SWEET	12.5460527268	0.438880733462
15606	SWEET	19.4051537975	0.625582154337
61177	SWEET	18.0586961914	0.591901244402
8174	SWEET	13.3601879138	0.463009668115
6276	SWEET	15.3704934781	0.52031891122
5363233	SWEET	18.089298027	0.592682839836
7820	SWEET	14.5279774202	0.49669424564
11980	SWEET	15.0690226444	0.511930728393
8077	SWEET	12.8171066973	0.446972978255
454	SWEET	16.7309687955	0.557268625085
7761	SWEET	19.286244442	0.622666087809
1068	SWEET	11.6448048797	0.411551602912
8205	SWEET	14.880294382	0.506642510922
6137	SWEET	12.3123299195	0.43185580956
31260	SWEET	11.450695282	0.405580442302
778574	SWEET	15.709296363	0.529659057633
2345	SWEET	13.4228094594	0.464843652862
14257	SWEET	14.3724053874	0.492269800849
18827	SWEET	14.0995901838	0.48446423001
31252	SWEET	12.0279678425	0.423249909532
1060	SWEET	12.6268379727	0.441298704031
326	SWEET	31.1212160185	0.857436606151
14525	SWEET	13.0736416499	0.454577623601
7341	SWEET	14.0571927297	0.483245842211
13187	SWEET	21.5680018423	0.676648592303
8180	SWEET	15.2145349815	0.51598856938
61809	SWEET	13.228404772	0.459139913755
61052	SWEET	15.6395822486	0.527744676781
6920	SWEET	12.8288259551	0.447321528048
7824	SWEET	24.9599138289	0.749197633817
10364	SWEET	13.1095641093	0.455638295918
6998	SWEET	30.2053069107	0.8432680502
6054	SWEET	12.059430319	0.424205268912
8363	SWEET	14.0480048002	0.48298161646
8093	SWEET	19.9023685895	0.637653033391
244	SWEET	12.0731575891	0.424621849895
1550470	SWEET	17.1675091951	0.568811019018
61209	SWEET	13.219643266	0.458882143409
8082	SWEET	11.2701853502	0.400000582875
11428	SWEET	12.6138990115	0.440911781151
7969	SWEET	12.009067856	0.422675629931
61138	SWEET	13.0799733074	0.454764651608
8857	SWEET	17.7702201703	0.584496516852
12206	SWEET	19.8297158423	0.635901581538
31249	SWEET	19.5378757624	0.628823594773
7136	SWEET	15.2302828107	0.51642670663
8375	SWEET	13.7882011811	0.47548225052
7127	FRUIT	6.17432981434	0.231724253111
18635	FRUIT	5.18074314251	0.196493685897
1549026	FRUIT	10.1740940105	0.365558884845
7632	FRUIT	8.19835701103	0.301049057369
10882	FRUIT	9.78013253211	0.352944904346
6106	FRUIT	3.31021689356	0.128025661389
2969	FRUIT	5.81602113373	0.219110404618
311	FRUIT	0.575664783702	0.0228940353708
6213	FRUIT	5.20206703313	0.197258080758
8078	FRUIT	3.95985348443	0.15212196353
356	FRUIT	6.19528106428	0.232458639585
8051	FRUIT	6.95962614224	0.259010487274
8615	FRUIT	6.72294839165	0.250838721635
7047	FRUIT	3.60391771444	0.138961419421
31210	FRUIT	6.94448437933	0.258489029855
7409	FRUIT	3.95249560009	0.151850935416
61331	FRUIT	5.35479193626	0.202722158778
1030	FRUIT	4.6173307045	0.176165331046
61945	FRUIT	4.03914757857	0.155040017878
2879	FRUIT	3.68160824158	0.141842633965
5366244	FRUIT	8.50743879354	0.311346945811
23642	FRUIT	4.13736706587	0.15864756014
13436	FRUIT	4.22266160527	0.161774115798
15606	FRUIT	10.1048456115	0.363350662528
61177	FRUIT	11.1333986452	0.39575491965
8174	FRUIT	7.98043021587	0.293742302063
6276	FRUIT	5.62020023882	0.212173349263
5363233	FRUIT	10.9786747567	0.390934470504
7820	FRUIT	6.31815298703	0.236758496614
11980	FRUIT	6.47757737951	0.242319491697
8077	FRUIT	5.86712215545	0.220915637263
454	FRUIT	10.8241931821	0.386102464067
7761	FRUIT	12.416197007	0.434983101035
1068	FRUIT	4.58521035613	0.174998752641
8205	FRUIT	8.21382701435	0.301566298885
6137	FRUIT	5.73117720435	0.216108531315
31260	FRUIT	5.33470203387	0.202004463039
778574	FRUIT	8.10543600598	0.2979382031
2345	FRUIT	5.19267778292	0.196921550294
14257	FRUIT	8.36462773062	0.306598310396
18827	FRUIT	5.84636423184	0.220182579381
31252	FRUIT	3.94684931331	0.151642924731
1060	FRUIT	5.34346541794	0.202317567649
326	FRUIT	9.69653769989	0.350252370649
14525	FRUIT	4.83956788404	0.18421414844
7341	FRUIT	5.66813657423	0.21387435408
13187	FRUIT	12.8715365771	0.44859088154
8180	FRUIT	5.19245132017	0.196913432522
61809	FRUIT	4.83707969021	0.184124251636
61052	FRUIT	7.91608044622	0.291577485996
6920	FRUIT	4.70138852963	0.179214319543
7824	FRUIT	7.16274465094	0.265987821664
10364	FRUIT	4.03849563946	0.155016046766
6998	FRUIT	9.49329424512	0.343682715555
6054	FRUIT	4.04438355318	0.155232526797
8363	FRUIT	5.63794056182	0.212803072961
8093	FRUIT	6.72514080704	0.250914624732
244	FRUIT	3.86525522429	0.148634129792
1550470	FRUIT	11.1392153669	0.395935767081
61209	FRUIT	4.6169812491	0.176152643622
8082	FRUIT	3.62551170304	0.139762734078
11428	FRUIT	6.78746298422	0.253070657864
7969	FRUIT	3.76038957123	0.144759370958
61138	FRUIT	3.02877454148	0.11748159157
8857	FRUIT	10.4953097161	0.375751778229
12206	FRUIT	7.36431612997	0.272879384374
31249	FRUIT	9.49154446413	0.343626012039
7136	FRUIT	7.20180653083	0.26732585431
8375	FRUIT	4.52966385101	0.172979412199
7127	FISH	1.20054165217	0.0474451459832
18635	FISH	5.58042133323	0.210760412427
1549026	FISH	1.11716938027	0.0441875482409
7632	FISH	1.36589639871	0.0538895867598
10882	FISH	1.09987646025	0.043511167119
6106	FISH	1.15765210584	0.0457700208743
2969	FISH	1.06989044193	0.0423377514542
311	FISH	1.24079205795	0.0490158563456
6213	FISH	4.30306544037	0.164716068741
8078	FISH	1.38795893488	0.054747785393
356	FISH	1.07348620319	0.0424784990762
8051	FISH	1.08589758138	0.0429642338324
8615	FISH	1.27693200073	0.0504250578954
7047	FISH	1.30137478757	0.0513775609679
31210	FISH	1.24579982414	0.0492111860847
7409	FISH	1.35143446367	0.0533268285031
61331	FISH	1.24240871808	0.0490789169542
1030	FISH	1.25499996884	0.049569988785
61945	FISH	3.9332520671	0.151141893955
2879	FISH	1.25774160428	0.0496768985941
5366244	FISH	1.11906982477	0.0442618660816
23642	FISH	4.02504553823	0.154521424895
13436	FISH	4.78377862414	0.182197329796
15606	FISH	1.05175202005	0.0416276078774
61177	FISH	1.10554307536	0.0437328328179
8174	FISH	1.04180657837	0.0412381187562
6276	FISH	1.155764866	0.0456962776698
5363233	FISH	1.07642471742	0.0425935126278
7820	FISH	1.14904922507	0.0454338433542
11980	FISH	1.22799343874	0.0485165503955
8077	FISH	6.10619040352	0.229333391643
454	FISH	1.1381588885	0.0450081932779
7761	FISH	1.13938423224	0.0450560907183
1068	FISH	5.41967938403	0.205038005511
8205	FISH	1.02260420475	0.0404858804462
6137	FISH	5.43643566165	0.205635493385
31260	FISH	1.23454023776	0.0487719736708
778574	FISH	1.21569216877	0.0480365237712
2345	FISH	1.28446186488	0.0507185376823
14257	FISH	1.04385852307	0.0413184846764
18827	FISH	1.13747344718	0.04498139955
31252	FISH	1.22409528945	0.0483644478668
1060	FISH	1.14568381369	0.045302315987
326	FISH	1.19250822975	0.0471314988389
14525	FISH	1.16839545928	0.0461897591916
7341	FISH	1.1321992529	0.0447752200566
13187	FISH	1.05020801223	0.0415671457416
8180	FISH	1.06248420811	0.0420478192474
61809	FISH	3.73917044056	0.143974259389
61052	FISH	1.26465997596	0.0499466530963
6920	FISH	4.16381305129	0.159617586401
7824	FISH	1.08404456237	0.0428917214494
10364	FISH	1.19647101167	0.0472862233141
6998	FISH	1.24464794946	0.0491662585712
6054	FISH	1.51858235749	0.059820857349
8363	FISH	1.26823946787	0.0500862061755
8093	FISH	1.06425194956	0.0421170250977
244	FISH	1.47957738756	0.0583074358042
1550470	FISH	1.0861585052	0.0429744440887
61209	FISH	1.43390542386	0.0565337830486
8082	FISH	1.6427328423	0.0646298852154
11428	FISH	1.18617286328	0.0468841121065
7969	FISH	4.05544561914	0.155639169098
61138	FISH	1.29828724804	0.05125727001
8857	FISH	1.06537721172	0.0421610770275
12206	FISH	1.11200214442	0.0439854662692
31249	FISH	1.14265623209	0.0451839839777
7136	FISH	1.14084775562	0.0451132967841
8375	FISH	1.15454816023	0.0456487338273
7127	GARLIC	2.20122605213	0.0861108836321
18635	GARLIC	14.821425436	0.504987156659
1549026	GARLIC	2.37879303454	0.0928882588611
7632	GARLIC	2.27499339668	0.0889294978853
10882	GARLIC	2.35046077313	0.0918085645869
6106	GARLIC	2.59672019875	0.101171625634
2969	GARLIC	2.37919429258	0.0929035455106
311	GARLIC	2.67488173365	0.10413327243
6213	GARLIC	7.57906531973	0.280185720341
8078	GARLIC	3.00811246691	0.116705002431
356	GARLIC	2.34543847301	0.0916171062682
8051	GARLIC	2.42646381375	0.0947034618941
8615	GARLIC	2.1341962681	0.0835459332397
7047	GARLIC	2.08366426226	0.0816099077872
31210	GARLIC	2.23386674511	0.0873586055504
7409	GARLIC	2.24027606974	0.087603508042
61331	GARLIC	2.19441359479	0.0858503633815
1030	GARLIC	3.27236633082	0.126611300671
61945	GARLIC	9.35574762115	0.339217899426
2879	GARLIC	2.17207426683	0.0849958080249
5366244	GARLIC	2.42313146448	0.0945766321417
23642	GARLIC	9.07139514671	0.329939721905
13436	GARLIC	9.16570643388	0.333024187582
15606	GARLIC	2.3038501246	0.0900309148253
61177	GARLIC	2.29786444716	0.0898025054793
8174	GARLIC	2.42237881129	0.0945479848096
6276	GARLIC	3.55288208334	0.137066094894
5363233	GARLIC	2.31534912072	0.0904696282085
7820	GARLIC	2.47179650752	0.096427949111
11980	GARLIC	2.25914447399	0.0883242854578
8077	GARLIC	11.0508128216	0.393184327257
454	GARLIC	2.31427957836	0.0904288271475
7761	GARLIC	2.39270497694	0.0934181842351
1068	GARLIC	11.3035168617	0.401032877091
8205	GARLIC	2.26544446788	0.0885648832605
6137	GARLIC	13.1406133025	0.456554244914
31260	GARLIC	3.91101383603	0.150322141751
778574	GARLIC	2.23062301752	0.0872346490822
2345	GARLIC	2.14604611315	0.0839996389582
14257	GARLIC	2.28275054091	0.0892256416235
18827	GARLIC	2.53595527935	0.0988657835024
31252	GARLIC	2.29348521472	0.0896353788169
1060	GARLIC	2.7064358499	0.105327515992
326	GARLIC	2.15446081747	0.0843217521332
14525	GARLIC	2.34861251906	0.0917381084567
7341	GARLIC	2.6996654004	0.105071338706
13187	GARLIC	2.35115728051	0.0918351149972
8180	GARLIC	2.36112871708	0.0922151771556
61809	GARLIC	8.9437002357	0.325752099866
61052	GARLIC	2.20865668992	0.0863950018471
6920	GARLIC	9.31409369577	0.337862811281
7824	GARLIC	2.36242073952	0.0922644168804
10364	GARLIC	2.23745386051	0.0874956745091
6998	GARLIC	2.10678277405	0.0824958974993
6054	GARLIC	2.41923960018	0.09442849591
8363	GARLIC	2.14693375705	0.0840336204592
8093	GARLIC	2.37567118684	0.0927693220385
244	GARLIC	2.2592106397	0.088326812502
1550470	GARLIC	2.33695952629	0.0912938291207
61209	GARLIC	2.33355830225	0.0911641343499
8082	GARLIC	3.42265120701	0.132220231766
11428	GARLIC	2.89617499736	0.112491868048
7969	GARLIC	8.94092642583	0.325660990892
61138	GARLIC	2.67667275168	0.104201079259
8857	GARLIC	2.39972926276	0.0936856902964
12206	GARLIC	2.43022569543	0.0948466290449
31249	GARLIC	2.37064323865	0.0925777498002
7136	GARLIC	2.23932802769	0.0875672851014
8375	GARLIC	2.20506519113	0.0862576826464
7127	SPICES	7.14897314003	0.265515798818
18635	SPICES	6.10654140157	0.229345716907
1549026	SPICES	5.81028589063	0.218907666773
7632	SPICES	6.88470165672	0.256428419508
10882	SPICES	5.50142822995	0.20795084417
6106	SPICES	6.14535900467	0.230708185268
2969	SPICES	5.22340534573	0.198022628467
311	SPICES	5.71696178292	0.215605010506
6213	SPICES	6.04288924013	0.227108965458
8078	SPICES	7.1472881876	0.265458036129
356	SPICES	5.28162115789	0.200106637493
8051	SPICES	5.52064336063	0.208634733179
8615	SPICES	6.31379661044	0.236606253362
7047	SPICES	7.06516135719	0.262639852286
31210	SPICES	6.07471359332	0.228227685637
7409	SPICES	7.49870613024	0.277456007759
61331	SPICES	6.55205965942	0.244910592064
1030	SPICES	6.28404375582	0.235566067863
61945	SPICES	6.75504345935	0.251949493519
2879	SPICES	8.41503555062	0.308276292697
5366244	SPICES	5.73061798418	0.216088726375
23642	SPICES	7.1221791431	0.264596991426
13436	SPICES	6.91184272546	0.257364281074
15606	SPICES	5.33699289561	0.202086318557
61177	SPICES	5.40101033617	0.204372048386
8174	SPICES	5.1501918697	0.19539788427
6276	SPICES	5.54975560093	0.209670309145
5363233	SPICES	5.52805126046	0.208898310123
7820	SPICES	5.80797587143	0.218826001368
11980	SPICES	6.30924286805	0.236447096495
8077	SPICES	5.86079343544	0.22069217754
454	SPICES	5.31239879974	0.201207319587
7761	SPICES	5.65803360184	0.213516006378
1068	SPICES	6.45155394338	0.241413138422
8205	SPICES	5.25641464992	0.199204628008
6137	SPICES	5.93716307232	0.223386560754
31260	SPICES	6.52836028378	0.244086616153
778574	SPICES	6.69841078434	0.249988948559
2345	SPICES	6.39188190434	0.239332814462
14257	SPICES	5.14467918558	0.195200077854
18827	SPICES	5.58091107895	0.21077781577
31252	SPICES	6.97885625238	0.259672476259
1060	SPICES	5.93748168447	0.223397791877
326	SPICES	9.6364353454	0.34831305935
14525	SPICES	6.63170381947	0.247676354559
7341	SPICES	5.90493012459	0.222249925073
13187	SPICES	5.37559376988	0.203464947444
8180	SPICES	5.19661703503	0.197062749958
61809	SPICES	6.53010327362	0.244147231439
61052	SPICES	6.13149605876	0.230221744783
6920	SPICES	6.64990170813	0.248307591234
7824	SPICES	5.52552014434	0.208808256627
10364	SPICES	10.1661537765	0.365305878017
6998	SPICES	7.31053765094	0.271043921739
6054	SPICES	6.95959453396	0.259009398928
8363	SPICES	6.5959978242	0.246437038049
8093	SPICES	5.44472850006	0.205931112626
244	SPICES	7.66878847929	0.283227412475
1550470	SPICES	5.92127791505	0.222826503743
61209	SPICES	6.73705074805	0.251326888809
8082	SPICES	6.96996214397	0.259366336843
11428	SPICES	5.93538593141	0.223323914794
7969	SPICES	7.04318859811	0.261884941673
61138	SPICES	5.70813322801	0.215292215141
8857	SPICES	5.75588598192	0.216983349902
12206	SPICES	5.5995482202	0.2114399527
31249	SPICES	5.59615819249	0.211319533093
7136	SPICES	6.82592346822	0.254399646251
8375	SPICES	7.22883210118	0.268250878628
7127	COLD	5.16784659124	0.196031208293
18635	COLD	2.8546648061	0.110926947782
1549026	COLD	5.25374565047	0.199109088675
7632	COLD	5.22191493946	0.197969239324
10882	COLD	4.94141483284	0.187889561094
6106	COLD	4.82376068836	0.183642960663
2969	COLD	4.94220697574	0.187918115113
311	COLD	3.97750491531	0.152771978472
6213	COLD	3.20830878928	0.124215053456
8078	COLD	7.09274448761	0.263586969758
356	COLD	5.48959296565	0.207529466255
8051	COLD	5.16306733834	0.195859787797
8615	COLD	4.74381136594	0.180750956127
7047	COLD	5.10585876543	0.193806433124
31210	COLD	4.96773166301	0.18883792337
7409	COLD	5.280602979	0.200070212031
61331	COLD	4.87089838905	0.185345675116
1030	COLD	4.769466141	0.181679522732
61945	COLD	2.67300656592	0.104062276996
2879	COLD	5.13191957158	0.194742143468
5366244	COLD	5.43212159838	0.205481685911
23642	COLD	2.66956541682	0.103931984867
13436	COLD	2.68673951755	0.104582153008
15606	COLD	5.12873912515	0.194627979001
61177	COLD	5.03380008455	0.191216346065
8174	COLD	5.32362613642	0.201608647361
6276	COLD	5.08211863565	0.192953573495
5363233	COLD	5.17520883555	0.196295238825
7820	COLD	4.6528322081	0.177453749301
11980	COLD	4.68281648703	0.178541151381
8077	COLD	2.71196067814	0.105536534838
454	COLD	5.15684874979	0.19563671438
7761	COLD	4.63082256762	0.176655095644
1068	COLD	3.28238920897	0.126985936791
8205	COLD	5.28168178397	0.200108806372
6137	COLD	2.74090728647	0.106631262358
31260	COLD	5.31372246433	0.201254640002
778574	COLD	4.91731104729	0.187020462717
2345	COLD	4.97165252806	0.188979169578
14257	COLD	5.57130929938	0.210436577051
18827	COLD	5.15793136093	0.195675552068
31252	COLD	4.91432646897	0.186912816901
1060	COLD	4.51082356646	0.172293930959
326	COLD	5.42561467304	0.20524966909
14525	COLD	6.51315246786	0.243557636687
7341	COLD	4.97098034251	0.188954955474
13187	COLD	5.25963255746	0.199319808443
8180	COLD	4.9594982951	0.188541282468
61809	COLD	2.79564442712	0.10869952598
61052	COLD	4.96812838911	0.188852215688
6920	COLD	2.81140308991	0.109294528663
7824	COLD	5.0110593044	0.190398086035
10364	COLD	5.50684181899	0.208143550032
6998	COLD	4.82972419476	0.183858473472
6054	COLD	5.05504629655	0.191980454638
8363	COLD	4.77314341935	0.181812577533
8093	COLD	5.22999248085	0.198258570694
244	COLD	5.05803977218	0.192088084353
1550470	COLD	4.9128858023	0.186860853329
61209	COLD	5.09848606409	0.193541618505
8082	COLD	6.88880598058	0.256569980088
11428	COLD	5.23671238537	0.198499232772
7969	COLD	2.65976542168	0.103560876028
61138	COLD	4.67303301695	0.178186425647
8857	COLD	5.0508036102	0.191827897564
12206	COLD	4.94287000767	0.187942014742
31249	COLD	4.63153360421	0.176680902758
7136	COLD	4.93834333867	0.187778839575
8375	COLD	4.99868908739	0.189952806459
7127	SOUR	7.98141931625	0.293775550929
18635	SOUR	16.1577132917	0.541879852142
1549026	SOUR	9.30397152055	0.3375333064
7632	SOUR	6.84829434254	0.255172119541
10882	SOUR	8.1227916311	0.298519767691
6106	SOUR	9.33170742747	0.338435991694
2969	SOUR	12.3633257621	0.433392300924
311	SOUR	15.2627618771	0.517329715036
6213	SOUR	9.43773792086	0.341881158009
8078	SOUR	6.43085693734	0.240691909114
356	SOUR	8.84742711586	0.322586298006
8051	SOUR	9.06747296968	0.329811292365
8615	SOUR	7.85901688953	0.289655016993
7047	SOUR	7.17920094578	0.266551667343
31210	SOUR	8.01521241242	0.29491104449
7409	SOUR	7.82336459115	0.288452570236
61331	SOUR	8.17762884103	0.300355708257
1030	SOUR	8.51616147621	0.311636456533
61945	SOUR	10.1105320139	0.363532137515
2879	SOUR	7.77357229498	0.286771521309
5366244	SOUR	8.81731178966	0.321594476708
23642	SOUR	9.70166442748	0.350417660034
13436	SOUR	8.33175228989	0.305502853108
15606	SOUR	8.75288245715	0.319470117763
61177	SOUR	8.40176334318	0.307834682817
8174	SOUR	8.11349698988	0.298208346233
6276	SOUR	8.90996878336	0.324643733846
5363233	SOUR	9.13035726726	0.331868921159
7820	SOUR	9.34776813054	0.338958417613
11980	SOUR	7.97924458938	0.293702445888
8077	SOUR	9.82299861809	0.354323423983
454	SOUR	12.6711914227	0.44262402008
7761	SOUR	7.51088497482	0.277870041751
1068	SOUR	10.6306605308	0.380022043903
8205	SOUR	8.06072444927	0.296438866512
6137	SOUR	11.5616338333	0.408996802575
31260	SOUR	8.92014695331	0.324978269465
778574	SOUR	7.78211271821	0.287059997385
2345	SOUR	7.80191339853	0.28772859487
14257	SOUR	8.73901173588	0.319012338987
18827	SOUR	9.08927194011	0.330524931844
31252	SOUR	7.95660045456	0.292941021865
1060	SOUR	10.5579137306	0.377728732286
326	SOUR	7.87211473664	0.290096513295
14525	SOUR	8.46497603263	0.309936713612
7341	SOUR	13.9062605615	0.478896789339
13187	SOUR	8.81118057698	0.321392461815
8180	SOUR	12.222989703	0.429158997208
61809	SOUR	9.77843243812	0.352890201146
61052	SOUR	7.92666149502	0.291933674818
6920	SOUR	10.0442317306	0.361414632801
7824	SOUR	9.09629833687	0.330754876102
10364	SOUR	7.83608461486	0.288881695758
6998	SOUR	7.62893686518	0.28187720353
6054	SOUR	7.94005301172	0.292384343737
8363	SOUR	7.72352785024	0.285079961028
8093	SOUR	8.94088311021	0.325659568092
244	SOUR	7.95055876766	0.292737796819
1550470	SOUR	8.18843968749	0.300717369693
61209	SOUR	8.05023491316	0.296086883664
8082	SOUR	7.07728695731	0.263056282022
11428	SOUR	8.43039703395	0.308787243698
7969	SOUR	8.73328700934	0.318823359579
61138	SOUR	13.4376217946	0.465276999987
8857	SOUR	8.81402371365	0.321486142936
12206	SOUR	9.2422336526	0.335521792948
31249	SOUR	7.39890373535	0.27405863882
7136	SOUR	8.22823747984	0.302047942384
8375	SOUR	8.07021154858	0.296757136167
7127	BURNT	5.80554597548	0.21874009339
18635	BURNT	5.41732671849	0.20495409723
1549026	BURNT	4.61961672082	0.176248325374
7632	BURNT	5.78653810752	0.218067914993
10882	BURNT	4.61542881772	0.17609627944
6106	BURNT	5.08008464008	0.192880481623
2969	BURNT	5.36825983099	0.203203107794
311	BURNT	5.04877924052	0.191755100893
6213	BURNT	4.94533014516	0.188030689709
8078	BURNT	5.15268832677	0.195487454274
356	BURNT	4.78156078913	0.182117102133
8051	BURNT	4.7220537609	0.179963033748
8615	BURNT	5.36223682937	0.202988039649
7047	BURNT	6.41432395204	0.240115537377
31210	BURNT	5.30630633562	0.200989498654
7409	BURNT	6.00061415963	0.225621618268
61331	BURNT	5.61012799431	0.211815705328
1030	BURNT	5.44920916635	0.206090814439
61945	BURNT	7.80269277393	0.287754905148
2879	BURNT	6.22090013204	0.233356165901
5366244	BURNT	5.01474149704	0.190530606969
23642	BURNT	8.002972574	0.294499874952
13436	BURNT	10.2562405283	0.368173433222
15606	BURNT	4.83870055712	0.184182813052
61177	BURNT	4.71579207964	0.17973620521
8174	BURNT	5.17573464733	0.196314094237
6276	BURNT	4.86329105075	0.185071002092
5363233	BURNT	4.74871813268	0.180928595746
7820	BURNT	4.8221106573	0.183583325815
11980	BURNT	6.71091696711	0.250422116069
8077	BURNT	5.26458998886	0.199497236454
454	BURNT	4.83989633341	0.184226014729
7761	BURNT	4.6799758969	0.178438166118
1068	BURNT	5.29224106135	0.200486516273
8205	BURNT	4.81376698168	0.183281738246
6137	BURNT	5.77423926625	0.217632835009
31260	BURNT	5.2904656367	0.200423014807
778574	BURNT	5.44333487175	0.20588143706
2345	BURNT	5.55872791238	0.209989334094
14257	BURNT	4.90436648229	0.186553535055
18827	BURNT	4.91705759398	0.187011321606
31252	BURNT	6.3583945913	0.238164110941
1060	BURNT	4.96191537105	0.188628373182
326	BURNT	5.79387378748	0.218327362113
14525	BURNT	5.02472191021	0.190889744298
7341	BURNT	4.94187927581	0.187906302722
13187	BURNT	4.75520107917	0.181163268245
8180	BURNT	4.98116842049	0.189321921286
61809	BURNT	6.67937044686	0.249329222048
61052	BURNT	5.33757648947	0.202107170467
6920	BURNT	6.37794229519	0.238846432639
7824	BURNT	4.69543867552	0.178998689279
10364	BURNT	5.97517527825	0.224725923288
6998	BURNT	6.35349831471	0.237993156254
6054	BURNT	6.03956075207	0.226991912452
8363	BURNT	5.57792492334	0.210671698353
8093	BURNT	4.73560464151	0.180453805132
244	BURNT	6.19028969251	0.232283713109
1550470	BURNT	4.73874793372	0.180567624557
61209	BURNT	5.35921041828	0.202879962208
8082	BURNT	5.37476266204	0.203435277012
11428	BURNT	5.06981828979	0.192511508595
7969	BURNT	7.46665211718	0.276365727151
61138	BURNT	4.89865450514	0.186347453821
8857	BURNT	4.70501812376	0.179345846732
12206	BURNT	4.71255123079	0.17961879359
31249	BURNT	4.67235551633	0.178161858225
7136	BURNT	5.52825706801	0.208905632236
8375	BURNT	5.83703756132	0.219853099456
7127	ACID	5.99357536964	0.225373836501
18635	ACID	6.85654838995	0.255457033269
1549026	ACID	5.57986282497	0.210740565341
7632	ACID	5.24065341761	0.198640357407
10882	ACID	6.66041075028	0.248672001466
6106	ACID	7.17087995407	0.266266590437
2969	ACID	6.26636038731	0.234947506491
311	ACID	6.74189532228	0.251494551876
6213	ACID	7.2252936506	0.268129798689
8078	ACID	7.92561360294	0.291898403724
356	ACID	7.33944777836	0.272030913658
8051	ACID	7.14828552804	0.265492226725
8615	ACID	5.25528343749	0.199164135896
7047	ACID	7.02503497098	0.261260952302
31210	ACID	5.79588276843	0.218398407911
7409	ACID	7.36866373212	0.273027667206
61331	ACID	5.96738359166	0.224451476895
1030	ACID	7.32050524839	0.271384291099
61945	ACID	6.81050463071	0.253866995898
2879	ACID	7.25276418825	0.269069532182
5366244	ACID	6.34313841941	0.237631374773
23642	ACID	7.03325322311	0.261543468564
13436	ACID	6.84305375243	0.254991196234
15606	ACID	5.96016157152	0.224197052477
61177	ACID	5.65780539179	0.213507910931
8174	ACID	6.88995936274	0.256609758502
6276	ACID	7.11621082827	0.26439225051
5363233	ACID	5.74313898327	0.216532101178
7820	ACID	7.12766962775	0.264785315381
11980	ACID	6.70938241287	0.25036897157
8077	ACID	7.27067306077	0.269681847728
454	ACID	5.94491825382	0.223659908935
7761	ACID	5.56665056742	0.210270983281
1068	ACID	7.37118930041	0.273113799335
8205	ACID	6.51634858299	0.243668823777
6137	ACID	7.08427971271	0.263296380889
31260	ACID	7.48892118045	0.277123271039
778574	ACID	5.45630167619	0.206343575855
2345	ACID	6.17263988762	0.231665002232
14257	ACID	6.88565609277	0.25646133978
18827	ACID	7.17913771148	0.266549501147
31252	ACID	7.20338100366	0.267379760993
1060	ACID	7.06412129534	0.262604127943
326	ACID	7.12397992716	0.264658761085
14525	ACID	7.50382916781	0.277630185841
7341	ACID	7.19493457775	0.267090549679
13187	ACID	5.4475885093	0.206033052145
8180	ACID	6.43100107643	0.240696933119
61809	ACID	7.49481133338	0.277323574566
61052	ACID	5.87073908858	0.221043332565
6920	ACID	7.0463158489	0.261992407139
7824	ACID	6.87442210841	0.256073812607
10364	ACID	7.43507679151	0.275290924902
6998	ACID	6.7796112819	0.252799199622
6054	ACID	7.14484762941	0.265374366117
8363	ACID	5.7287610538	0.216022960867
8093	ACID	7.14901288656	0.265517161362
244	ACID	7.18227424244	0.26665694438
1550470	ACID	5.2851053872	0.200231279907
61209	ACID	7.46767784623	0.276400628883
8082	ACID	7.67599753969	0.283471526296
11428	ACID	7.50404670523	0.277637581428
7969	ACID	7.1175001058	0.26443648113
61138	ACID	6.72103904553	0.250772615481
8857	ACID	7.11366681261	0.264304970296
12206	ACID	6.89367856558	0.256738020957
31249	ACID	6.33980516235	0.237514954695
7136	ACID	5.65867575647	0.213538785732
8375	ACID	6.88417296044	0.256410183478
7127	WARM	6.89283341319	0.256708875543
18635	WARM	5.6996698556	0.214992299639
1549026	WARM	5.5028204971	0.208000406515
7632	WARM	5.94909360561	0.223807058333
10882	WARM	5.56959601416	0.210375680662
6106	WARM	5.62828424688	0.21246033645
2969	WARM	5.41670446154	0.204931903572
311	WARM	5.61663594976	0.212046798234
6213	WARM	5.53494279542	0.209143475118
8078	WARM	5.8695542426	0.221001502901
356	WARM	5.27306693399	0.199800583403
8051	WARM	5.41145381677	0.204744619706
8615	WARM	5.9227880332	0.222879754093
7047	WARM	6.07544971706	0.228253552976
31210	WARM	5.87611300238	0.221233038488
7409	WARM	6.05274920913	0.22745565917
61331	WARM	6.35978728407	0.238212733643
1030	WARM	5.70599163761	0.215216329277
61945	WARM	5.98482578296	0.225065775457
2879	WARM	6.29014752391	0.235779518607
5366244	WARM	5.50684680469	0.208143727495
23642	WARM	6.61652490246	0.247149635384
13436	WARM	5.99608749592	0.225462273733
15606	WARM	5.44242031085	0.205848836898
61177	WARM	5.47268068688	0.206927133915
8174	WARM	5.32075279316	0.201505947612
6276	WARM	5.38042827819	0.203637527745
5363233	WARM	5.43863775317	0.205713997883
7820	WARM	5.60975100895	0.211802317805
11980	WARM	6.38423491653	0.239066014473
8077	WARM	5.45619377247	0.206339730706
454	WARM	5.41313236838	0.20480449392
7761	WARM	5.64488158551	0.213049388175
1068	WARM	5.54799484593	0.209607695113
8205	WARM	5.3959863555	0.20419278672
6137	WARM	5.61491786074	0.211985793396
31260	WARM	5.52875492916	0.20892334474
778574	WARM	6.02350556398	0.226427174847
2345	WARM	5.91181817108	0.222492889208
14257	WARM	5.30991319948	0.201118456705
18827	WARM	5.43933078809	0.205738703755
31252	WARM	5.96498263565	0.224366898289
1060	WARM	5.6164794637	0.212041241921
326	WARM	6.99070551631	0.260080235206
14525	WARM	5.85963831202	0.220651388022
7341	WARM	5.56006291101	0.21003679661
13187	WARM	5.37045875659	0.203281619361
8180	WARM	5.44070027561	0.205787523229
61809	WARM	6.04974054593	0.227349877568
61052	WARM	5.85094354315	0.220344325588
6920	WARM	6.09014131169	0.228769723989
7824	WARM	5.5064524035	0.208129688911
10364	WARM	6.61557548008	0.24711668363
6998	WARM	7.00510424106	0.260575575471
6054	WARM	5.99640766506	0.225473544648
8363	WARM	6.12031698884	0.229829367536
8093	WARM	5.37998238717	0.203621611292
244	WARM	6.07789408145	0.228339444672
1550470	WARM	5.66834572424	0.21388177167
61209	WARM	5.92007594594	0.222784118155
8082	WARM	5.92056223362	0.22280126648
11428	WARM	5.51687829733	0.208500753434
7969	WARM	6.02680513704	0.226543253418
61138	WARM	5.60675422514	0.211695891829
8857	WARM	5.66652166689	0.213817079555
12206	WARM	5.54014474476	0.209328508273
31249	WARM	5.6229690457	0.212271649472
7136	WARM	7.35088890665	0.272421329179
8375	WARM	6.54157436251	0.244546096444
7127	MUSKY	8.17674925304	0.300326278783
18635	MUSKY	12.4807406957	0.436922072503
1549026	MUSKY	7.08389900433	0.263283310132
7632	MUSKY	7.66070467832	0.282953628665
10882	MUSKY	7.03978420436	0.261767943517
6106	MUSKY	11.2239058931	0.398565810325
2969	MUSKY	13.5540965344	0.46867844823
311	MUSKY	17.9458084647	0.589011522006
6213	MUSKY	7.6191049083	0.281543892491
8078	MUSKY	6.77862591143	0.252765128758
356	MUSKY	7.23804456784	0.268566067047
8051	MUSKY	7.14899391215	0.265516510904
8615	MUSKY	7.45087600041	0.275828818747
7047	MUSKY	7.89606652786	0.290903514469
31210	MUSKY	7.39253443803	0.273841551354
7409	MUSKY	7.70735094805	0.284532734467
61331	MUSKY	8.35465214939	0.306266000961
1030	MUSKY	7.818229659	0.28827930036
61945	MUSKY	9.02177223028	0.328313939541
2879	MUSKY	7.64058669792	0.282272041881
5366244	MUSKY	7.46126692893	0.276182475483
23642	MUSKY	7.51155966814	0.277892975266
13436	MUSKY	7.92314709444	0.291815379825
15606	MUSKY	7.12355801398	0.264644289048
61177	MUSKY	7.08231004159	0.263228755454
8174	MUSKY	7.33858713602	0.27200154098
6276	MUSKY	7.36375176665	0.272860134634
5363233	MUSKY	7.15281843589	0.265647612805
7820	MUSKY	7.29715634888	0.270586857643
11980	MUSKY	10.1956895807	0.366246748817
8077	MUSKY	7.63573413531	0.282107591098
454	MUSKY	12.0293762847	0.423292693868
7761	MUSKY	7.14611636093	0.26541786282
1068	MUSKY	8.18223406808	0.300509780985
8205	MUSKY	7.09846299433	0.263783249021
6137	MUSKY	7.62226291151	0.281650959703
31260	MUSKY	7.73006433195	0.285301015448
778574	MUSKY	7.37500414397	0.273243891309
2345	MUSKY	7.53593820482	0.278721382342
14257	MUSKY	7.29639110266	0.270560714857
18827	MUSKY	7.36343340466	0.272849275584
31252	MUSKY	9.11938765057	0.331510213574
1060	MUSKY	8.72694247626	0.318613889057
326	MUSKY	7.33487066321	0.27187469547
14525	MUSKY	7.15274782498	0.26564519242
7341	MUSKY	14.4917749535	0.495666381618
13187	MUSKY	7.13671970458	0.265095680927
8180	MUSKY	13.4522091718	0.465703594232
61809	MUSKY	7.59365964817	0.280680919186
61052	MUSKY	7.34574331215	0.272245754563
6920	MUSKY	7.52040269487	0.278193525117
7824	MUSKY	7.09962198511	0.263823026472
10364	MUSKY	7.52938754527	0.278498831088
6998	MUSKY	7.52835255648	0.278463665373
6054	MUSKY	7.80658558259	0.28788631192
8363	MUSKY	7.48636917189	0.277036477524
8093	MUSKY	7.14328099411	0.26532065442
244	MUSKY	7.85118455945	0.289390942783
1550470	MUSKY	7.03037503157	0.261444532029
61209	MUSKY	8.44886730042	0.309401348553
8082	MUSKY	7.28640782783	0.2702196175
11428	MUSKY	7.51535636885	0.278022022214
7969	MUSKY	7.85589453925	0.289549749965
61138	MUSKY	13.8890887149	0.478400834464
8857	MUSKY	6.98841172944	0.260001309777
12206	MUSKY	7.13623833446	0.265079174352
31249	MUSKY	7.16783233072	0.2661621651
7136	MUSKY	8.28815699111	0.304048861121
8375	MUSKY	7.42569251675	0.274971336929
7127	SWEATY	3.1749273408	0.122965028184
18635	SWEATY	5.34961648982	0.202537300958
1549026	SWEATY	3.1859512873	0.12337793725
7632	SWEATY	3.40615075559	0.131605285036
10882	SWEATY	4.18311731879	0.16032530455
6106	SWEATY	8.27747483902	0.303692357677
2969	SWEATY	8.44849161241	0.309388860286
311	SWEATY	12.218431445	0.429021231008
6213	SWEATY	4.94200088811	0.187910686413
8078	SWEATY	3.21707150346	0.124543040515
356	SWEATY	4.03343356576	0.154829908099
8051	SWEATY	3.26618278184	0.126380131288
8615	SWEATY	3.84838291797	0.148011296285
7047	SWEATY	4.26239762069	0.163228691437
31210	SWEATY	4.18796447503	0.160502960424
7409	SWEATY	2.14917490553	0.0841194151113
61331	SWEATY	3.93344591733	0.15114903798
1030	SWEATY	5.06547522965	0.192355393465
61945	SWEATY	3.94816644019	0.151691450312
2879	SWEATY	4.58819586416	0.175107218051
5366244	SWEATY	3.70125033561	0.142570311806
23642	SWEATY	2.15881661312	0.0844884688573
13436	SWEATY	3.90926190552	0.150257544762
15606	SWEATY	4.08124861756	0.156587308591
61177	SWEATY	4.1606030038	0.15949987321
8174	SWEATY	4.50862432444	0.172213895658
6276	SWEATY	4.89302389543	0.186144282681
5363233	SWEATY	3.99225537641	0.15331497386
7820	SWEATY	3.68367181857	0.141919097516
11980	SWEATY	3.8621581989	0.148519821575
8077	SWEATY	5.0090543743	0.190325924682
454	SWEATY	4.25905717459	0.163106459777
7761	SWEATY	3.67693369772	0.141669411342
1068	SWEATY	5.34561784909	0.202394461888
8205	SWEATY	4.35324766532	0.166549600518
6137	SWEATY	3.74088005659	0.144037528825
31260	SWEATY	5.22297135218	0.198007082189
778574	SWEATY	3.94382381624	0.151531454132
2345	SWEATY	3.64841879007	0.140612367736
14257	SWEATY	4.42797605028	0.169276253251
18827	SWEATY	3.77097085042	0.145150745555
31252	SWEATY	4.61151341206	0.175954114102
1060	SWEATY	5.05639113318	0.19202880881
326	SWEATY	1.6364469458	0.0643866943896
14525	SWEATY	4.12861861876	0.158326548071
7341	SWEATY	10.2653683297	0.36846361841
13187	SWEATY	3.8666996503	0.148687439538
8180	SWEATY	8.43482544094	0.30893450555
61809	SWEATY	3.41019503579	0.131756029359
61052	SWEATY	4.39468603815	0.168062135376
6920	SWEATY	4.77196357469	0.181769888444
7824	SWEATY	3.58320974879	0.13819263311
10364	SWEATY	2.76023842125	0.107361970393
6998	SWEATY	2.13379288458	0.0835304865536
6054	SWEATY	3.69395766333	0.142300177246
8363	SWEATY	3.67805399614	0.141710927366
8093	SWEATY	3.62723492909	0.139826663871
244	SWEATY	2.29511939421	0.089697746555
1550470	SWEATY	3.81637437563	0.146829089675
61209	SWEATY	4.34447600725	0.166229251579
8082	SWEATY	3.93358364291	0.151154113606
11428	SWEATY	4.89376507462	0.186171028343
7969	SWEATY	4.47962118655	0.171158045072
61138	SWEATY	10.0281263556	0.360899726942
8857	SWEATY	4.68331493286	0.17855922181
12206	SWEATY	4.01277308965	0.154069984438
31249	SWEATY	4.00656675631	0.153841639383
7136	SWEATY	3.25541934907	0.125977671907
8375	SWEATY	1.97471642181	0.0774288548937
7127	AMMONIA/URINOUS	5.70797228597	0.215286512392
18635	AMMONIA/URINOUS	6.30469605465	0.23628816525
1549026	AMMONIA/URINOUS	4.76264724441	0.181432766266
7632	AMMONIA/URINOUS	6.39683378754	0.239505558499
10882	AMMONIA/URINOUS	4.5959151905	0.175387633045
6106	AMMONIA/URINOUS	5.73973121238	0.216411442739
2969	AMMONIA/URINOUS	5.92187917472	0.222847705805
311	AMMONIA/URINOUS	5.45884050323	0.206434044273
6213	AMMONIA/URINOUS	5.20721316439	0.197442499
8078	AMMONIA/URINOUS	7.22216589797	0.268022763816
356	AMMONIA/URINOUS	6.53686517981	0.244382364641
8051	AMMONIA/URINOUS	6.23708694987	0.233922976547
8615	AMMONIA/URINOUS	4.78865338155	0.182373654779
7047	AMMONIA/URINOUS	6.39711187071	0.239515258714
31210	AMMONIA/URINOUS	4.97721953985	0.189179695855
7409	AMMONIA/URINOUS	6.37568935401	0.238767808265
61331	AMMONIA/URINOUS	4.95668004031	0.188439730804
1030	AMMONIA/URINOUS	5.93310440515	0.223243485053
61945	AMMONIA/URINOUS	5.86441283042	0.220819978079
2879	AMMONIA/URINOUS	6.28201901897	0.235495255577
5366244	AMMONIA/URINOUS	5.96542834604	0.224382599701
23642	AMMONIA/URINOUS	6.44708737456	0.241257520736
13436	AMMONIA/URINOUS	7.48140606092	0.276867667778
15606	AMMONIA/URINOUS	4.59680162845	0.175419831053
61177	AMMONIA/URINOUS	4.64035634553	0.177001091016
8174	AMMONIA/URINOUS	6.20014606066	0.232629117957
6276	AMMONIA/URINOUS	6.24375079199	0.234156262099
5363233	AMMONIA/URINOUS	6.06224486554	0.227789469498
7820	AMMONIA/URINOUS	3.75750543837	0.144652678687
11980	AMMONIA/URINOUS	4.59005418892	0.175174728574
8077	AMMONIA/URINOUS	7.08068051946	0.263172806131
454	AMMONIA/URINOUS	6.10172229993	0.229176485987
7761	AMMONIA/URINOUS	3.64501384016	0.140486103248
1068	AMMONIA/URINOUS	7.00039763043	0.260413678423
8205	AMMONIA/URINOUS	4.74762367224	0.180888974676
6137	AMMONIA/URINOUS	5.80257028643	0.218634882686
31260	AMMONIA/URINOUS	6.35625022118	0.238089242097
778574	AMMONIA/URINOUS	4.85730259893	0.184854748542
2345	AMMONIA/URINOUS	5.11842704344	0.194257763578
14257	AMMONIA/URINOUS	6.48530547022	0.242588543992
18827	AMMONIA/URINOUS	6.14419207612	0.230667244538
31252	AMMONIA/URINOUS	5.98128581875	0.224941120732
1060	AMMONIA/URINOUS	5.75725793357	0.217031909777
326	AMMONIA/URINOUS	6.20916008748	0.232944935903
14525	AMMONIA/URINOUS	6.49932972379	0.243076674208
7341	AMMONIA/URINOUS	5.96631227666	0.224413738193
13187	AMMONIA/URINOUS	6.16438095126	0.231375401046
8180	AMMONIA/URINOUS	5.91843833967	0.222726368635
61809	AMMONIA/URINOUS	5.09469961179	0.193405598818
61052	AMMONIA/URINOUS	4.87581804729	0.185523281239
6920	AMMONIA/URINOUS	6.37081585137	0.23859771621
7824	AMMONIA/URINOUS	4.62411598516	0.176411659949
10364	AMMONIA/URINOUS	6.27682488368	0.235313583099
6998	AMMONIA/URINOUS	5.7429252022	0.216524532137
6054	AMMONIA/URINOUS	6.38230333562	0.238998615078
8363	AMMONIA/URINOUS	4.8331064851	0.183980692086
8093	AMMONIA/URINOUS	6.19878558164	0.232581446191
244	AMMONIA/URINOUS	6.37916289869	0.238889028232
1550470	AMMONIA/URINOUS	4.65467864066	0.177520732327
61209	AMMONIA/URINOUS	6.10464608484	0.229279161865
8082	AMMONIA/URINOUS	7.47286680231	0.276577176794
11428	AMMONIA/URINOUS	6.28722941576	0.23567747514
7969	AMMONIA/URINOUS	7.31741109555	0.271278641765
61138	AMMONIA/URINOUS	5.73698381611	0.216314159322
8857	AMMONIA/URINOUS	4.79555537258	0.18262327437
12206	AMMONIA/URINOUS	4.68048056764	0.178456463368
31249	AMMONIA/URINOUS	3.61884872788	0.139515522669
7136	AMMONIA/URINOUS	4.66627539019	0.177941365201
8375	AMMONIA/URINOUS	5.86714126308	0.220916311883
7127	DECAYED	4.05971284006	0.155796006265
18635	DECAYED	8.1712263622	0.300141478383
1549026	DECAYED	4.32710200512	0.1655945555
7632	DECAYED	4.18505206535	0.160396218298
10882	DECAYED	5.56039582944	0.210048632466
6106	DECAYED	4.92991113754	0.187474835972
2969	DECAYED	4.78905378386	0.182388136896
311	DECAYED	4.81161781303	0.18320404613
6213	DECAYED	6.76946183739	0.252448228068
8078	DECAYED	4.48461186367	0.17133977712
356	DECAYED	4.66824846891	0.178012921249
8051	DECAYED	6.15790027301	0.231148116612
8615	DECAYED	4.02441682585	0.154498300719
7047	DECAYED	4.06508923556	0.155993589225
31210	DECAYED	4.29113282738	0.164279784718
7409	DECAYED	4.14930979999	0.159085683273
61331	DECAYED	4.05932375338	0.155781706401
1030	DECAYED	4.68016148534	0.178444894802
61945	DECAYED	6.26013232814	0.234729590419
2879	DECAYED	4.13206739755	0.158453103511
5366244	DECAYED	4.40374698357	0.168392684345
23642	DECAYED	6.2992650511	0.23609830597
13436	DECAYED	7.41672461074	0.274665862849
15606	DECAYED	4.70279644207	0.179265339933
61177	DECAYED	4.50390111146	0.17204199437
8174	DECAYED	4.35628305244	0.166660441285
6276	DECAYED	4.87239676367	0.185399770458
5363233	DECAYED	4.81608287099	0.183365453152
7820	DECAYED	4.90982678925	0.18675051193
11980	DECAYED	4.47480739455	0.170982735295
8077	DECAYED	12.4005864933	0.434513641579
454	DECAYED	4.61903201586	0.176227097929
7761	DECAYED	4.63803372657	0.176916806323
1068	DECAYED	8.18531784754	0.300612942596
8205	DECAYED	4.28058627144	0.163894083327
6137	DECAYED	8.13312999202	0.298866078294
31260	DECAYED	4.76903997741	0.181664102174
778574	DECAYED	4.22138675533	0.161727427758
2345	DECAYED	4.07511796552	0.156362084048
14257	DECAYED	4.3859564953	0.16774361406
18827	DECAYED	4.58548976969	0.175008904217
31252	DECAYED	4.47069363624	0.170832904814
1060	DECAYED	4.77651621886	0.181934605879
326	DECAYED	4.10695323685	0.157531303518
14525	DECAYED	4.23098503081	0.1620789075
7341	DECAYED	6.10451045206	0.229274398939
13187	DECAYED	5.24274506436	0.19871525225
8180	DECAYED	4.6816137908	0.178497548557
61809	DECAYED	6.34768961243	0.237790319131
61052	DECAYED	4.21933810138	0.16165239845
6920	DECAYED	6.73126697408	0.251126696933
7824	DECAYED	5.62593074812	0.212376791212
10364	DECAYED	4.1062738998	0.157506361856
6998	DECAYED	4.13802833941	0.158671822161
6054	DECAYED	4.20472462053	0.161117101167
8363	DECAYED	4.04308833546	0.155184908103
8093	DECAYED	5.64990817978	0.213227742215
244	DECAYED	4.19204652812	0.160652559487
1550470	DECAYED	4.5518673361	0.173786894946
61209	DECAYED	4.32158761857	0.165393056925
8082	DECAYED	4.58753997462	0.175083389777
11428	DECAYED	4.9120775451	0.18683169948
7969	DECAYED	5.99627982027	0.225469044138
61138	DECAYED	5.32050856217	0.201497217943
8857	DECAYED	5.41622880512	0.204914938417
12206	DECAYED	6.13415879863	0.230315190278
31249	DECAYED	4.68097930934	0.178474545456
7136	DECAYED	4.14373595876	0.158881219272
8375	DECAYED	4.19840716446	0.160885637491
7127	WOOD	3.51374009204	0.135611055908
18635	WOOD	3.05938275805	0.118631381178
1549026	WOOD	3.11505031542	0.12072059723
7632	WOOD	3.30084202795	0.127675457881
10882	WOOD	3.02359160987	0.117286821906
6106	WOOD	3.13325536958	0.121403299099
2969	WOOD	3.30037475063	0.127658000627
311	WOOD	3.10268270868	0.120256652351
6213	WOOD	3.16919508613	0.122750284448
8078	WOOD	3.51606512619	0.135697519459
356	WOOD	3.18887181672	0.123487311283
8051	WOOD	3.12822114921	0.121214538945
8615	WOOD	3.14803142157	0.12195721613
7047	WOOD	3.62584788056	0.139775206081
31210	WOOD	3.15780463056	0.122323493188
7409	WOOD	3.29056986604	0.127291654624
61331	WOOD	3.33153122045	0.128821608709
1030	WOOD	2.99203366252	0.116100440326
61945	WOOD	4.12383026847	0.158150820305
2879	WOOD	3.57973108092	0.138063453392
5366244	WOOD	3.25627084038	0.126009513701
23642	WOOD	3.48873516182	0.134680897261
13436	WOOD	3.37821768198	0.130563765397
15606	WOOD	3.20931391105	0.12425267813
61177	WOOD	3.0492075652	0.118249235898
8174	WOOD	3.27722377348	0.126792872675
6276	WOOD	3.01733132739	0.11705153776
5363233	WOOD	3.16812928722	0.122710354217
7820	WOOD	3.11744881663	0.120810557815
11980	WOOD	3.25160336846	0.125834964952
8077	WOOD	3.12563422069	0.121117533115
454	WOOD	3.18940748757	0.123507371454
7761	WOOD	3.03596565454	0.117751791199
1068	WOOD	3.15821442855	0.122338849791
8205	WOOD	3.22876997079	0.124980816622
6137	WOOD	3.10394303366	0.120303936404
31260	WOOD	2.99881476996	0.116355434788
778574	WOOD	3.17341597333	0.122908411357
2345	WOOD	3.20268058672	0.124004358292
14257	WOOD	3.31416919238	0.128173280721
18827	WOOD	3.0351471124	0.117721037299
31252	WOOD	4.88088509696	0.185706188147
1060	WOOD	3.17225295225	0.122864842573
326	WOOD	3.38529005653	0.130827526754
14525	WOOD	3.47723492259	0.134252931821
7341	WOOD	3.09702779135	0.120044479198
13187	WOOD	3.17557441182	0.122989267335
8180	WOOD	3.30193580238	0.127716320078
61809	WOOD	3.79572726786	0.146066072518
61052	WOOD	3.13524305534	0.121477822607
6920	WOOD	3.40231357672	0.131462247999
7824	WOOD	3.10241148493	0.120246476589
10364	WOOD	3.64356694153	0.140432445638
6998	WOOD	3.36650235332	0.130126758895
6054	WOOD	3.20655017675	0.124149221456
8363	WOOD	3.19012779137	0.123534345525
8093	WOOD	3.14533304485	0.121856073809
244	WOOD	3.255742317	0.125989749466
1550470	WOOD	3.05281015488	0.118384546259
61209	WOOD	3.49877068699	0.135054268951
8082	WOOD	3.51289435538	0.135579603514
11428	WOOD	3.13491773453	0.1214656257
7969	WOOD	3.3673402143	0.130158016524
61138	WOOD	3.02330869562	0.117276189637
8857	WOOD	3.02502150955	0.117340558329
12206	WOOD	3.09429159691	0.119941807682
31249	WOOD	3.03205748568	0.117604950388
7136	WOOD	3.42252688723	0.132215599372
8375	WOOD	3.37297396523	0.130368177261
7127	GRASS	3.28151270946	0.126953178113
18635	GRASS	3.43497011494	0.132679196721
1549026	GRASS	4.00969769778	0.15395683766
7632	GRASS	3.17039728715	0.122795323903
10882	GRASS	4.29784604142	0.164525249419
6106	GRASS	3.2932657681	0.127392390956
2969	GRASS	3.40022241329	0.131384291548
311	GRASS	3.17250953266	0.122874454612
6213	GRASS	3.27873539111	0.126849373338
8078	GRASS	2.9970791398	0.116290172244
356	GRASS	3.74781347761	0.144294096759
8051	GRASS	3.81553615195	0.146798119627
8615	GRASS	3.03196625432	0.117601522426
7047	GRASS	2.94784611339	0.114437925852
31210	GRASS	3.53169582316	0.136278682772
7409	GRASS	3.01845912756	0.1170939269
61331	GRASS	3.01048844996	0.116794321715
1030	GRASS	3.32791864211	0.128686728689
61945	GRASS	3.39279777262	0.131107480214
2879	GRASS	3.02294297957	0.11726244548
5366244	GRASS	3.64251812532	0.140393549695
23642	GRASS	2.96649575693	0.115139791447
13436	GRASS	2.8285194989	0.109940570934
15606	GRASS	3.66619766586	0.141271504504
61177	GRASS	3.79156498403	0.14591221335
8174	GRASS	3.65484851294	0.140850773457
6276	GRASS	3.73912839191	0.143972703224
5363233	GRASS	4.2815263083	0.16392846532
7820	GRASS	3.48889459961	0.134686829774
11980	GRASS	3.28952968064	0.127252785018
8077	GRASS	3.56041795845	0.137346087922
454	GRASS	3.71945719998	0.143244543254
7761	GRASS	3.90785192043	0.150205554164
1068	GRASS	3.31714238309	0.128284321888
8205	GRASS	3.61847426625	0.139501628244
6137	GRASS	3.18183962375	0.123223943593
31260	GRASS	3.50729354821	0.135371298715
778574	GRASS	3.25504171162	0.125963549847
2345	GRASS	2.9790032744	0.115610346772
14257	GRASS	3.60764019097	0.13909958054
18827	GRASS	3.67692409096	0.14166905533
31252	GRASS	3.52064235147	0.135867725032
1060	GRASS	3.10861911879	0.120479359622
326	GRASS	3.16375619444	0.122546506475
14525	GRASS	5.12525448309	0.194502885917
7341	GRASS	3.58432415659	0.1382340144
13187	GRASS	3.65858217803	0.1409891977
8180	GRASS	3.37746569066	0.13053571783
61809	GRASS	4.39109078481	0.16793096008
61052	GRASS	4.0185750505	0.154283423845
6920	GRASS	3.19963560911	0.123890357152
7824	GRASS	3.9905587031	0.153252524619
10364	GRASS	3.24902899012	0.125738683853
6998	GRASS	2.92515071078	0.113583425759
6054	GRASS	3.04987854872	0.118274438284
8363	GRASS	2.98527693467	0.115846326036
8093	GRASS	3.75950490405	0.144726645313
244	GRASS	2.9978227807	0.116318134658
1550470	GRASS	3.85452240535	0.148237959025
61209	GRASS	3.36423773846	0.130042271314
8082	GRASS	3.05425432358	0.118438785154
11428	GRASS	3.68700393102	0.142042558046
7969	GRASS	2.81090611057	0.109275767158
61138	GRASS	3.50874448826	0.135425264377
8857	GRASS	3.87717488837	0.149074001489
12206	GRASS	3.92147498981	0.150707813154
31249	GRASS	3.89183911131	0.149614999785
7136	GRASS	3.27426929406	0.126682435998
8375	GRASS	2.98223478574	0.115731901703
7127	FLOWER	9.24063865487	0.335469785095
18635	FLOWER	5.95606354459	0.224052664605
1549026	FLOWER	8.20704951315	0.301339715841
7632	FLOWER	8.19579473006	0.300963368699
10882	FLOWER	6.91774156677	0.257567603317
6106	FLOWER	5.89827543348	0.222015156103
2969	FLOWER	7.07675449333	0.26303799807
311	FLOWER	6.36861971428	0.238521061745
6213	FLOWER	3.21446515779	0.124445491812
8078	FLOWER	4.45965170043	0.170430670702
356	FLOWER	4.02953189612	0.154686424924
8051	FLOWER	6.358691236	0.238174467746
8615	FLOWER	9.66007398018	0.349076147486
7047	FLOWER	3.00017100756	0.116406429873
31210	FLOWER	8.52064119802	0.31178511735
7409	FLOWER	7.43958526778	0.275444439129
61331	FLOWER	9.39392044693	0.340458521332
1030	FLOWER	3.08527573736	0.119603458944
61945	FLOWER	3.36018188855	0.129890946612
2879	FLOWER	7.24336710384	0.268748137353
5366244	FLOWER	7.13942500933	0.265188444588
23642	FLOWER	3.14551879235	0.121863036305
13436	FLOWER	4.73409999166	0.180399318574
15606	FLOWER	7.37990018356	0.273410836655
61177	FLOWER	8.08736138002	0.297332289564
8174	FLOWER	6.88578303804	0.256465718303
6276	FLOWER	5.94246699411	0.223573514174
5363233	FLOWER	7.66725407435	0.283175448958
7820	FLOWER	4.39643972603	0.168126116135
11980	FLOWER	7.33178362731	0.271769324629
8077	FLOWER	3.28967170267	0.127258092142
454	FLOWER	7.86544528342	0.289871719534
7761	FLOWER	8.37585681308	0.306972281582
1068	FLOWER	2.97496828431	0.115458556855
8205	FLOWER	6.44192499977	0.24107764091
6137	FLOWER	3.79536334263	0.146052620544
31260	FLOWER	3.05924032487	0.118626032448
778574	FLOWER	9.04352485449	0.329026857462
2345	FLOWER	9.95836480604	0.358666980397
14257	FLOWER	4.41216221582	0.168699618465
18827	FLOWER	6.76700384176	0.252363217273
31252	FLOWER	2.91602019688	0.11323953836
1060	FLOWER	3.31226049703	0.128101992041
326	FLOWER	9.00885239518	0.327890327216
14525	FLOWER	4.00884342258	0.153925406668
7341	FLOWER	5.79407311117	0.21833441116
13187	FLOWER	7.92309606159	0.291813661983
8180	FLOWER	6.8373247308	0.254793385442
61809	FLOWER	3.35142370861	0.129564131995
61052	FLOWER	9.03750081892	0.328829464336
6920	FLOWER	3.25031724668	0.125786864986
7824	FLOWER	6.91635649833	0.257519865048
10364	FLOWER	7.08920330247	0.263465410713
6998	FLOWER	7.61899764604	0.28154025579
6054	FLOWER	7.85857691514	0.289640184153
8363	FLOWER	9.8780714001	0.35609233817
8093	FLOWER	7.08151040855	0.263201300476
244	FLOWER	7.67738567393	0.283518526643
1550470	FLOWER	8.13095297521	0.298793160494
61209	FLOWER	3.33512860618	0.128955911119
8082	FLOWER	4.00776439105	0.153885705476
11428	FLOWER	3.25570331701	0.125988291045
7969	FLOWER	2.93558589789	0.11397637009
61138	FLOWER	5.91829344877	0.222721259013
8857	FLOWER	3.60025745507	0.138825556706
12206	FLOWER	6.41193022263	0.240032069233
31249	FLOWER	5.02796083294	0.191006277263
7136	FLOWER	8.79343954757	0.320807750272
8375	FLOWER	7.40739668235	0.27434805705
7127	CHEMICAL	16.7998990619	0.559101319079
18635	CHEMICAL	15.2861407515	0.517979190431
1549026	CHEMICAL	14.9734743048	0.50925699909
7632	CHEMICAL	22.7214707169	0.702352736059
10882	CHEMICAL	17.5648444295	0.579184273247
6106	CHEMICAL	17.3229923949	0.572885269589
2969	CHEMICAL	18.6869261559	0.607796562574
311	CHEMICAL	16.2642408315	0.544759421329
6213	CHEMICAL	16.6049202256	0.553907458744
8078	CHEMICAL	23.7956825364	0.725333498506
356	CHEMICAL	21.006199779	0.663743819498
8051	CHEMICAL	19.5860261998	0.629996079072
8615	CHEMICAL	16.4381855361	0.549441843956
7047	CHEMICAL	17.1453710539	0.568229342726
31210	CHEMICAL	17.9665797852	0.589543995737
7409	CHEMICAL	23.3686185651	0.716307809147
61331	CHEMICAL	17.1798552464	0.569135239341
1030	CHEMICAL	18.9555510922	0.614496876803
61945	CHEMICAL	11.3507853281	0.402495282097
2879	CHEMICAL	21.7009019364	0.679664419514
5366244	CHEMICAL	18.9314636701	0.613898420127
23642	CHEMICAL	20.601262137	0.654285684825
13436	CHEMICAL	20.2672111436	0.646384506729
15606	CHEMICAL	18.1836265966	0.595087353382
61177	CHEMICAL	18.2663635291	0.597190526532
8174	CHEMICAL	19.9921964276	0.639812689905
6276	CHEMICAL	19.8367498699	0.636071336636
5363233	CHEMICAL	16.4231885519	0.549039093191
7820	CHEMICAL	17.7186282846	0.583165216069
11980	CHEMICAL	17.7129252585	0.583017921855
8077	CHEMICAL	19.2233775449	0.621119804102
454	CHEMICAL	17.9948576552	0.590268345395
7761	CHEMICAL	17.2953902887	0.572163401452
1068	CHEMICAL	19.3211219547	0.623522576752
8205	CHEMICAL	18.7735237298	0.609962871899
6137	CHEMICAL	15.6038227318	0.526761195734
31260	CHEMICAL	20.4582329176	0.65091359906
778574	CHEMICAL	14.6072392508	0.498940994619
2345	CHEMICAL	17.6511625763	0.581421086935
14257	CHEMICAL	20.7165303733	0.656991362649
18827	CHEMICAL	18.7877680492	0.61031863066
31252	CHEMICAL	13.2426793477	0.459559751386
1060	CHEMICAL	17.0179805391	0.564874556912
326	CHEMICAL	17.9053167213	0.587972522095
14525	CHEMICAL	20.9550487789	0.662556323425
7341	CHEMICAL	18.9046078799	0.613230635559
13187	CHEMICAL	19.5065695339	0.628060279362
8180	CHEMICAL	18.7576193057	0.609565459421
61809	CHEMICAL	13.42353499	0.464864882948
61052	CHEMICAL	19.7383580148	0.633693209744
6920	CHEMICAL	17.7788997155	0.584720278582
7824	CHEMICAL	18.0551625742	0.591810944735
10364	CHEMICAL	22.1849258032	0.690528658971
6998	CHEMICAL	20.4560387896	0.650861742399
6054	CHEMICAL	22.0972307338	0.688574186911
8363	CHEMICAL	17.8645263665	0.58692453374
8093	CHEMICAL	19.5435540161	0.628961959212
244	CHEMICAL	22.6944166919	0.701762048082
1550470	CHEMICAL	9.7202602784	0.351017027184
61209	CHEMICAL	19.1444195896	0.619173263015
8082	CHEMICAL	22.6660244725	0.701141512745
11428	CHEMICAL	20.9305664647	0.661987213574
7969	CHEMICAL	22.1507820249	0.689768423271
61138	CHEMICAL	15.668577141	0.528541361792
8857	CHEMICAL	18.5847477118	0.605232769467
12206	CHEMICAL	18.0718342497	0.592236892729
31249	CHEMICAL	17.2486647161	0.570940014848
7136	CHEMICAL	15.641857102	0.527807206641
8375	CHEMICAL	23.760851509	0.724602834587
