#oID	descriptor	value	sigma
7127	INTENSITY/STRENGTH	51.6723821702	0.998881255151
7632	INTENSITY/STRENGTH	51.410688618	0.999203983049
10882	INTENSITY/STRENGTH	50.3868400444	0.999940141912
6106	INTENSITY/STRENGTH	30.7757109562	0.852170684304
2969	INTENSITY/STRENGTH	45.5864659063	0.992208286721
311	INTENSITY/STRENGTH	31.3960202936	0.861556775634
6213	INTENSITY/STRENGTH	37.7694700259	0.940165654621
8078	INTENSITY/STRENGTH	50.0898011513	0.999996774301
356	INTENSITY/STRENGTH	47.9851043184	0.998376078157
8051	INTENSITY/STRENGTH	50.4147889842	0.999931180039
8615	INTENSITY/STRENGTH	49.5058628866	0.999902331405
7047	INTENSITY/STRENGTH	53.5658443939	0.994913901503
31210	INTENSITY/STRENGTH	50.2439373251	0.999976197833
7409	INTENSITY/STRENGTH	52.2561531215	0.997963909237
61331	INTENSITY/STRENGTH	50.627481482	0.999842506796
1030	INTENSITY/STRENGTH	33.1595782669	0.88656007834
2879	INTENSITY/STRENGTH	43.095950922	0.980933642532
5366244	INTENSITY/STRENGTH	46.9977998013	0.996394717587
13436	INTENSITY/STRENGTH	51.2055397481	0.999418669566
15606	INTENSITY/STRENGTH	46.7084515547	0.995666283533
61177	INTENSITY/STRENGTH	48.9200639379	0.999533495241
8174	INTENSITY/STRENGTH	44.5967885119	0.988322122246
6276	INTENSITY/STRENGTH	39.427001474	0.955284680867
5363233	INTENSITY/STRENGTH	49.2015929176	0.999745018452
7820	INTENSITY/STRENGTH	50.3827561796	0.999941399083
11980	INTENSITY/STRENGTH	52.3018342743	0.99788062359
8077	INTENSITY/STRENGTH	52.6928710385	0.997099378228
454	INTENSITY/STRENGTH	48.3784049026	0.998948171736
7761	INTENSITY/STRENGTH	50.1683887502	0.999988658092
1068	INTENSITY/STRENGTH	39.2314660925	0.953615470993
8205	INTENSITY/STRENGTH	44.3876770166	0.987400732292
6137	INTENSITY/STRENGTH	50.4026895304	0.999935136457
31260	INTENSITY/STRENGTH	34.9019617375	0.90881969625
778574	INTENSITY/STRENGTH	50.6193685294	0.99984655305
2345	INTENSITY/STRENGTH	49.7666145937	0.999978212501
14257	INTENSITY/STRENGTH	44.7924845755	0.989152713241
18827	INTENSITY/STRENGTH	50.3953415034	0.999937482038
1060	INTENSITY/STRENGTH	33.1608710824	0.886577494918
326	INTENSITY/STRENGTH	53.2111099016	0.99587550928
14525	INTENSITY/STRENGTH	45.3981962701	0.991529360973
13187	INTENSITY/STRENGTH	48.0207009848	0.998432950163
8180	INTENSITY/STRENGTH	44.9300740085	0.989718340176
61809	INTENSITY/STRENGTH	54.064288158	0.993392624708
61052	INTENSITY/STRENGTH	50.3849043722	0.99994073945
7824	INTENSITY/STRENGTH	50.0636355576	0.999998380206
10364	INTENSITY/STRENGTH	52.119826426	0.998202534369
6998	INTENSITY/STRENGTH	45.8973273749	0.993267230932
6054	INTENSITY/STRENGTH	51.8691660083	0.998602487373
8363	INTENSITY/STRENGTH	50.2468444391	0.999975627129
8093	INTENSITY/STRENGTH	49.2459266859	0.999772549375
244	INTENSITY/STRENGTH	42.8442836395	0.979518289347
1550470	INTENSITY/STRENGTH	50.3497349863	0.999951074176
61209	INTENSITY/STRENGTH	45.3074080451	0.991191832298
8082	INTENSITY/STRENGTH	49.1485169297	0.999709990632
11428	INTENSITY/STRENGTH	35.3003066625	0.913567606313
61138	INTENSITY/STRENGTH	33.6067736331	0.892504851714
8857	INTENSITY/STRENGTH	36.1702765118	0.923495499296
12206	INTENSITY/STRENGTH	50.9959248403	0.999603253485
31249	INTENSITY/STRENGTH	49.7098869326	0.999966333763
7136	INTENSITY/STRENGTH	51.4012047538	0.999214650095
8375	INTENSITY/STRENGTH	53.1284565708	0.996085103794
7127	VALENCE/PLEASANTNESS	45.3021309709	0.991172010634
18635	VALENCE/PLEASANTNESS	34.4889357313	0.903762754101
1549026	VALENCE/PLEASANTNESS	46.401287691	0.994819707887
7632	VALENCE/PLEASANTNESS	44.633781679	0.988481480372
10882	VALENCE/PLEASANTNESS	46.1695179544	0.994130962919
6106	VALENCE/PLEASANTNESS	43.9837899074	0.985522086448
2969	VALENCE/PLEASANTNESS	44.9708219617	0.989882947303
311	VALENCE/PLEASANTNESS	44.1097373142	0.986121922197
6213	VALENCE/PLEASANTNESS	44.1055135243	0.986102011675
8078	VALENCE/PLEASANTNESS	45.198870964	0.990779663992
356	VALENCE/PLEASANTNESS	45.5346099605	0.992024116718
8051	VALENCE/PLEASANTNESS	45.516043899	0.991957655074
8615	VALENCE/PLEASANTNESS	45.9761728811	0.993523526127
7047	VALENCE/PLEASANTNESS	44.4434941321	0.987650097016
31210	VALENCE/PLEASANTNESS	45.6347650574	0.992377889558
7409	VALENCE/PLEASANTNESS	44.1192572494	0.986166745881
61331	VALENCE/PLEASANTNESS	45.4630475242	0.991766424893
1030	VALENCE/PLEASANTNESS	42.8393038263	0.979489772123
61945	VALENCE/PLEASANTNESS	29.8172678586	0.837062929323
2879	VALENCE/PLEASANTNESS	44.0246535762	0.985718094046
5366244	VALENCE/PLEASANTNESS	44.9879503663	0.989951743388
23642	VALENCE/PLEASANTNESS	28.4835382917	0.814816750222
13436	VALENCE/PLEASANTNESS	30.0663138808	0.84105926308
15606	VALENCE/PLEASANTNESS	46.0607672178	0.993792978035
61177	VALENCE/PLEASANTNESS	46.0775319207	0.993845697667
8174	VALENCE/PLEASANTNESS	44.8803227394	0.989515561899
6276	VALENCE/PLEASANTNESS	44.7753560021	0.989081238038
5363233	VALENCE/PLEASANTNESS	45.9082250074	0.993302950964
7820	VALENCE/PLEASANTNESS	45.3973463372	0.991526231704
11980	VALENCE/PLEASANTNESS	45.4401922931	0.99168326147
8077	VALENCE/PLEASANTNESS	44.0406786773	0.985794595749
454	VALENCE/PLEASANTNESS	34.4335619216	0.903074402221
7761	VALENCE/PLEASANTNESS	45.9129662543	0.993318462064
1068	VALENCE/PLEASANTNESS	42.4460850977	0.97717534786
8205	VALENCE/PLEASANTNESS	45.8863667393	0.993231208559
6137	VALENCE/PLEASANTNESS	27.5785432305	0.798911310534
31260	VALENCE/PLEASANTNESS	43.1634046491	0.981304385603
778574	VALENCE/PLEASANTNESS	45.4547641252	0.991736332337
2345	VALENCE/PLEASANTNESS	45.6077170271	0.992283140114
14257	VALENCE/PLEASANTNESS	45.2246618237	0.990878458121
18827	VALENCE/PLEASANTNESS	44.6825739181	0.988689991945
31252	VALENCE/PLEASANTNESS	43.5794210788	0.983510466527
1060	VALENCE/PLEASANTNESS	44.0630816948	0.985901200415
326	VALENCE/PLEASANTNESS	58.7233952221	0.96956095032
14525	VALENCE/PLEASANTNESS	45.5150713364	0.991954165953
7341	VALENCE/PLEASANTNESS	44.3438032156	0.987202975175
13187	VALENCE/PLEASANTNESS	45.7557495903	0.992794535384
8180	VALENCE/PLEASANTNESS	44.897031288	0.98958388413
61809	VALENCE/PLEASANTNESS	30.9214502721	0.854403576111
61052	VALENCE/PLEASANTNESS	45.7602262264	0.99280972734
6920	VALENCE/PLEASANTNESS	44.7638710341	0.989033181381
7824	VALENCE/PLEASANTNESS	45.9685931956	0.993499103671
10364	VALENCE/PLEASANTNESS	44.154830844	0.986333599015
6998	VALENCE/PLEASANTNESS	57.0806633412	0.97994568266
6054	VALENCE/PLEASANTNESS	44.3495288637	0.987228870375
8363	VALENCE/PLEASANTNESS	45.6099008229	0.992290811686
8093	VALENCE/PLEASANTNESS	45.7134109102	0.99265006159
244	VALENCE/PLEASANTNESS	44.2221062415	0.986646377486
1550470	VALENCE/PLEASANTNESS	46.1651686103	0.994117627285
61209	VALENCE/PLEASANTNESS	44.9853372972	0.989941263191
8082	VALENCE/PLEASANTNESS	44.3045060958	0.987024539675
11428	VALENCE/PLEASANTNESS	43.8233314084	0.984739506044
7969	VALENCE/PLEASANTNESS	28.1670334514	0.809328628676
61138	VALENCE/PLEASANTNESS	44.2708133374	0.986870568074
8857	VALENCE/PLEASANTNESS	45.8605563079	0.993146002368
12206	VALENCE/PLEASANTNESS	45.666830426	0.992489456577
31249	VALENCE/PLEASANTNESS	46.0018366537	0.993605875942
7136	VALENCE/PLEASANTNESS	45.5942462267	0.992235733476
8375	VALENCE/PLEASANTNESS	44.9816925881	0.989926636288
7127	BAKERY	5.03377027603	0.191215273765
18635	BAKERY	3.48179603071	0.134422679788
1549026	BAKERY	3.272048044	0.126599402399
7632	BAKERY	3.73134236261	0.143684528174
10882	BAKERY	3.36903848126	0.130221371135
6106	BAKERY	3.89328712061	0.149668410983
2969	BAKERY	2.87993151556	0.111879658409
311	BAKERY	3.77653265539	0.145356426657
6213	BAKERY	3.4595365223	0.133594103712
8078	BAKERY	3.13606795293	0.121508749235
356	BAKERY	2.78891521585	0.108445389401
8051	BAKERY	3.09271415088	0.119882613708
8615	BAKERY	3.6429194011	0.140408431339
7047	BAKERY	4.14278261706	0.158846245558
31210	BAKERY	3.69622188674	0.142384052975
7409	BAKERY	4.00291703434	0.15370734346
61331	BAKERY	4.01738163031	0.154239523147
1030	BAKERY	3.41296518165	0.131859274733
61945	BAKERY	4.12627449941	0.158240523478
2879	BAKERY	4.61252612639	0.175990886149
5366244	BAKERY	3.01327223618	0.11689896562
23642	BAKERY	4.58478669436	0.174983360161
13436	BAKERY	3.77809804844	0.145414311992
15606	BAKERY	2.97463223724	0.115445914711
61177	BAKERY	3.29850748436	0.127588238725
8174	BAKERY	2.70692761633	0.105346121805
6276	BAKERY	2.9776547637	0.115559619391
5363233	BAKERY	3.10102253861	0.12019436523
7820	BAKERY	3.27998357907	0.126896026251
11980	BAKERY	4.46400479367	0.170589256228
8077	BAKERY	3.08543577489	0.119609465427
454	BAKERY	3.05839349402	0.118594231455
7761	BAKERY	3.44035262848	0.132879694656
1068	BAKERY	3.17671758326	0.123032089489
8205	BAKERY	2.94107714628	0.114183111939
6137	BAKERY	3.76921167844	0.145085684467
31260	BAKERY	3.09090836053	0.119814848624
778574	BAKERY	4.08718554791	0.156805387635
2345	BAKERY	3.66251087427	0.141134840609
14257	BAKERY	2.70574177958	0.105301255752
18827	BAKERY	3.0545239549	0.118448911559
31252	BAKERY	4.11855904644	0.15795735041
1060	BAKERY	3.8961164016	0.149772766858
326	BAKERY	5.98282459467	0.224995307734
14525	BAKERY	3.45306183674	0.13335301905
7341	BAKERY	3.29380117195	0.127412396414
13187	BAKERY	2.9641577592	0.115051817879
8180	BAKERY	2.86689216698	0.1113880584
61809	BAKERY	4.62666674992	0.176504251911
61052	BAKERY	3.72073293083	0.143291775816
6920	BAKERY	4.06759123401	0.156085529982
7824	BAKERY	3.16027000325	0.122415877533
10364	BAKERY	5.21905566853	0.197866809913
6998	BAKERY	6.0806250411	0.228435401288
6054	BAKERY	3.801720801	0.14628759962
8363	BAKERY	4.09069034969	0.156934114973
8093	BAKERY	3.02307564106	0.11726743111
244	BAKERY	3.98721296088	0.153129371557
1550470	BAKERY	3.70572861023	0.142736174596
61209	BAKERY	3.87384236257	0.148951032643
8082	BAKERY	2.86603372821	0.111355689396
11428	BAKERY	3.20299444082	0.124016108278
7969	BAKERY	3.99283665366	0.153336368329
61138	BAKERY	3.287753398	0.127186406958
8857	BAKERY	3.6740089592	0.141561021635
12206	BAKERY	3.22557022192	0.124861087574
31249	BAKERY	3.38345819577	0.130759212086
7136	BAKERY	4.98241520469	0.189366823679
8375	BAKERY	4.93860168241	0.187788152665
7127	SWEET	14.653822537	0.500259095501
18635	SWEET	12.7994410851	0.446447366569
1549026	SWEET	15.2370049609	0.516613670365
7632	SWEET	13.2677364782	0.460296326626
10882	SWEET	31.0024076048	0.855636593275
6106	SWEET	13.183671491	0.457823182048
2969	SWEET	15.8725126991	0.534125844212
311	SWEET	13.3509479661	0.462738794008
6213	SWEET	13.2682064812	0.460310137956
8078	SWEET	12.5360607933	0.438581303646
356	SWEET	17.0581273031	0.565933209288
8051	SWEET	22.341436937	0.694001555716
8615	SWEET	14.642448358	0.499937416752
7047	SWEET	12.9798526832	0.451803477058
31210	SWEET	15.8933822521	0.534695450319
7409	SWEET	12.9526267635	0.45099685451
61331	SWEET	14.412531415	0.493412831884
1030	SWEET	11.8135624755	0.416718395676
61945	SWEET	12.3037619882	0.431597455904
2879	SWEET	13.3442922425	0.462543635518
5366244	SWEET	13.550776516	0.468581642966
23642	SWEET	14.0101309823	0.481891731235
13436	SWEET	13.2381413077	0.459426298196
15606	SWEET	19.1623307857	0.619615262973
61177	SWEET	16.9537293067	0.563177597307
8174	SWEET	13.5491965351	0.468535570705
6276	SWEET	16.0391679486	0.538664754552
5363233	SWEET	16.967967609	0.563553934449
7820	SWEET	15.1989813107	0.515555639276
11980	SWEET	15.8548455332	0.533643370574
8077	SWEET	13.2817614533	0.460708383212
454	SWEET	15.6538138441	0.528135798619
7761	SWEET	18.2825207322	0.597600603558
1068	SWEET	11.9296348463	0.420258918826
8205	SWEET	15.3376908844	0.519409730709
6137	SWEET	12.88012192	0.44884586053
31260	SWEET	11.968546148	0.421443407163
778574	SWEET	14.6020568833	0.498794249243
2345	SWEET	14.3546854283	0.491764619633
14257	SWEET	14.5605378308	0.497617808463
18827	SWEET	14.6784470542	0.500955158998
31252	SWEET	12.5521430223	0.43906320311
1060	SWEET	13.1966486355	0.458205331337
326	SWEET	31.6249931641	0.864943649512
14525	SWEET	13.6486374526	0.47143137638
7341	SWEET	14.6792114257	0.500976757797
13187	SWEET	19.1795306967	0.620039468769
8180	SWEET	15.2436348515	0.516798032665
61809	SWEET	13.8316903603	0.476741351122
61052	SWEET	15.4211183861	0.521720378532
6920	SWEET	13.6321638938	0.47095219878
7824	SWEET	25.8664488464	0.767028683486
10364	SWEET	13.8036961309	0.475931034486
6998	SWEET	30.5771127431	0.849100580242
6054	SWEET	13.1156208449	0.455817029736
8363	SWEET	14.6674228871	0.500643597826
8093	SWEET	20.7523072206	0.657828986834
244	SWEET	13.1247837565	0.456087370798
1550470	SWEET	16.2720076559	0.544969012975
61209	SWEET	13.6963985172	0.472819407752
8082	SWEET	11.3774318577	0.403318892038
11428	SWEET	13.0707846811	0.454493222373
7969	SWEET	13.0550103526	0.454027095981
61138	SWEET	13.6653809742	0.471918184099
8857	SWEET	18.587606398	0.605304611277
12206	SWEET	20.6333396901	0.655039704897
31249	SWEET	20.000813641	0.640019527119
7136	SWEET	15.0666697705	0.511864975629
8375	SWEET	14.6548038358	0.500286843246
7127	FRUIT	5.52185211467	0.208677744276
18635	FRUIT	6.35653424509	0.23809915876
1549026	FRUIT	8.15296474304	0.299530256081
7632	FRUIT	5.21732680955	0.197804872767
10882	FRUIT	11.5103104682	0.407417519897
6106	FRUIT	4.37294123405	0.167268603347
2969	FRUIT	4.27145584811	0.163560099899
311	FRUIT	1.42045291164	0.0560110418761
6213	FRUIT	6.10339201368	0.229235122918
8078	FRUIT	4.18795971341	0.160502785912
356	FRUIT	8.3390648869	0.305746594201
8051	FRUIT	8.81088123101	0.321382598014
8615	FRUIT	6.02229945966	0.226384742074
7047	FRUIT	4.23128883755	0.162090031411
31210	FRUIT	6.97814003754	0.259647826148
7409	FRUIT	4.6476036368	0.177264057646
61331	FRUIT	5.62819560149	0.212457189768
1030	FRUIT	5.35314584826	0.202663365741
61945	FRUIT	4.83951030808	0.184212068315
2879	FRUIT	4.33085504473	0.165731679622
5366244	FRUIT	7.28620173765	0.270212575201
23642	FRUIT	4.92412032396	0.187266028573
13436	FRUIT	4.32924404107	0.165672820056
15606	FRUIT	8.58312378782	0.31385694593
61177	FRUIT	8.3145392656	0.304928945344
8174	FRUIT	7.70283902389	0.284380069345
6276	FRUIT	7.40456190576	0.274251461424
5363233	FRUIT	8.32319917589	0.305217709227
7820	FRUIT	7.74321253724	0.285745565331
11980	FRUIT	7.64659925922	0.282475778276
8077	FRUIT	7.12822608781	0.264804400649
454	FRUIT	8.01913691587	0.295042853885
7761	FRUIT	9.78123727515	0.352980449953
1068	FRUIT	5.31729546058	0.201382366017
8205	FRUIT	8.32706833981	0.305346706738
6137	FRUIT	6.81892264342	0.25415782333
31260	FRUIT	6.37850215106	0.238865970166
778574	FRUIT	6.50540346445	0.243288028884
2345	FRUIT	5.79332307382	0.218307886058
14257	FRUIT	8.0745845144	0.296903814544
18827	FRUIT	7.49268836605	0.277251383062
31252	FRUIT	4.64397178778	0.177132281925
1060	FRUIT	6.39261561857	0.239358410964
326	FRUIT	10.2588307994	0.368255788228
14525	FRUIT	5.82622355985	0.219470990006
7341	FRUIT	6.76169043089	0.252179434242
13187	FRUIT	8.57658929252	0.313640418144
8180	FRUIT	4.24042520378	0.162424525787
61809	FRUIT	5.86595329123	0.220874368443
61052	FRUIT	6.87259888922	0.256010909372
6920	FRUIT	5.6730278891	0.214047817392
7824	FRUIT	9.111165982	0.331241301059
10364	FRUIT	4.74683429435	0.180860397447
6998	FRUIT	9.83249112589	0.354628492339
6054	FRUIT	4.89600821004	0.186251969845
8363	FRUIT	5.67317898618	0.214053175524
8093	FRUIT	8.71897516375	0.318350795388
244	FRUIT	4.64878703054	0.177306992879
1550470	FRUIT	8.88054696114	0.323676232714
61209	FRUIT	5.4057676344	0.204541775889
8082	FRUIT	3.84533800621	0.147898870496
11428	FRUIT	7.89842080495	0.290982811713
7969	FRUIT	4.43427228927	0.169505783277
61138	FRUIT	4.1377495163	0.158661592228
8857	FRUIT	11.871354615	0.418482560441
12206	FRUIT	9.09143801515	0.330595822533
31249	FRUIT	9.53285403607	0.344964039014
7136	FRUIT	6.15920523088	0.231193885605
8375	FRUIT	5.42165135584	0.205108332864
7127	FISH	1.21514497518	0.0480151680828
18635	FISH	5.54796904042	0.209606777427
1549026	FISH	1.12642606868	0.044549508472
7632	FISH	1.35729554124	0.0535549211753
10882	FISH	1.11026857216	0.0439176643655
6106	FISH	1.15104278584	0.0455117516355
2969	FISH	1.08451393027	0.0429100890248
311	FISH	1.25733965243	0.0496612248965
6213	FISH	4.19743618817	0.160850059305
8078	FISH	1.26158941934	0.0498269336283
356	FISH	1.07679259151	0.0426079107463
8051	FISH	1.08671033371	0.0429960376087
8615	FISH	1.27653632454	0.0504096349864
7047	FISH	1.31706890691	0.0519888880743
31210	FISH	1.23868763882	0.0489337667264
7409	FISH	1.32246545819	0.0521990523724
61331	FISH	1.25109457783	0.0494176880562
1030	FISH	1.20029083994	0.0474353543576
61945	FISH	3.86178049191	0.148505880249
2879	FISH	1.25733041994	0.0496608648837
5366244	FISH	1.13555669513	0.0449064722022
23642	FISH	4.08115979594	0.156584045726
13436	FISH	4.6029995211	0.175644939007
15606	FISH	1.06686941384	0.042219492415
61177	FISH	1.10889436697	0.0438639159918
8174	FISH	1.05338419595	0.0416915205325
6276	FISH	1.13515043437	0.0448905907712
5363233	FISH	1.09065992316	0.0431505812992
7820	FISH	1.16622936338	0.0461051381639
11980	FISH	1.22499780964	0.0483996645322
8077	FISH	5.82797360628	0.219532833709
454	FISH	1.13829612491	0.0450135577691
7761	FISH	1.1539401651	0.045624975442
1068	FISH	5.49985804555	0.207894946413
8205	FISH	1.03908661366	0.04113158415
6137	FISH	5.47719781556	0.207088034258
31260	FISH	1.19826305883	0.0473561886098
778574	FISH	1.21597501643	0.048047562561
2345	FISH	1.25635514844	0.0496228346339
14257	FISH	1.05412270121	0.0417204381807
18827	FISH	1.1500391879	0.0454725314626
31252	FISH	1.22262976296	0.0483072611037
1060	FISH	1.1132371309	0.0440337664722
326	FISH	1.17922894332	0.0466129253723
14525	FISH	1.05292996303	0.0416737339184
7341	FISH	1.13022440818	0.0446980134421
13187	FISH	1.06046301703	0.0419686879572
8180	FISH	1.07966251387	0.0427202320971
61809	FISH	3.74864323724	0.144324799042
61052	FISH	1.25995351788	0.0497631475683
6920	FISH	4.12154264923	0.158066860445
7824	FISH	1.09514748694	0.0433261602703
10364	FISH	1.19825725611	0.0473559620637
6998	FISH	1.27944631503	0.0505230594519
6054	FISH	1.44062962835	0.0567950196436
8363	FISH	1.2509383822	0.0494115965535
8093	FISH	1.06992509454	0.0423391078986
244	FISH	1.43220684169	0.0564677870928
1550470	FISH	1.10300704275	0.0436336318956
61209	FISH	1.09901813609	0.043477589098
8082	FISH	1.54979480134	0.0610310464832
11428	FISH	1.17373656532	0.0463983996031
7969	FISH	4.05067008765	0.155463632243
61138	FISH	1.24957616518	0.0493584703702
8857	FISH	1.07061643017	0.0423661693904
12206	FISH	1.12024927292	0.0443079875433
31249	FISH	1.15717723446	0.0457514657177
7136	FISH	1.1602321388	0.0458708301057
8375	FISH	1.18757194503	0.0469387469514
7127	GARLIC	2.24326775271	0.0877178100241
18635	GARLIC	14.1828047109	0.486851408649
1549026	GARLIC	2.4176074242	0.0943663667048
7632	GARLIC	2.31415175492	0.0904239508588
10882	GARLIC	2.37721679367	0.0928282078731
6106	GARLIC	2.6244849213	0.102224228411
2969	GARLIC	2.41431164744	0.0942409056054
311	GARLIC	2.73888689705	0.106554875308
6213	GARLIC	8.97220316347	0.326687954696
8078	GARLIC	3.38290690289	0.13073865247
356	GARLIC	2.37529523742	0.092754998511
8051	GARLIC	2.45150766649	0.095656350724
8615	GARLIC	2.17227519945	0.0850034961611
7047	GARLIC	2.13497902543	0.0835759068415
31210	GARLIC	2.26388774972	0.0885054348916
7409	GARLIC	2.27909546199	0.0890861080297
61331	GARLIC	2.22942089936	0.0871887089558
1030	GARLIC	3.34313977812	0.129254957695
61945	GARLIC	8.52488643839	0.311925982021
2879	GARLIC	2.22184952059	0.0868993347069
5366244	GARLIC	2.47431092221	0.0965235510725
23642	GARLIC	8.1191909626	0.298399133749
13436	GARLIC	7.78595058222	0.287189612701
15606	GARLIC	2.33202487971	0.0911056591727
61177	GARLIC	2.33802838484	0.0913345847024
8174	GARLIC	2.47880610883	0.0966944524631
6276	GARLIC	3.6478940019	0.140592907816
5363233	GARLIC	2.34587872257	0.0916338901105
7820	GARLIC	2.50720619931	0.0977738148022
11980	GARLIC	2.29738082557	0.0897840495596
8077	GARLIC	10.6169775015	0.379591015554
454	GARLIC	2.353875592	0.0919387315588
7761	GARLIC	2.42707541	0.0947267383815
1068	GARLIC	12.2742757643	0.430707892358
8205	GARLIC	2.29741850994	0.0897854876738
6137	GARLIC	12.558444977	0.439251982983
31260	GARLIC	3.98121755705	0.152908664987
778574	GARLIC	2.26087979341	0.0883905607602
2345	GARLIC	2.1824889477	0.0853942547052
14257	GARLIC	2.31659231048	0.0905170524461
18827	GARLIC	2.58382648646	0.100682595734
31252	GARLIC	2.34097905138	0.0914470888878
1060	GARLIC	2.75064531351	0.106999392684
326	GARLIC	2.18990144622	0.0856777905111
14525	GARLIC	2.431732949	0.0949039879059
7341	GARLIC	2.72909278601	0.106184532466
13187	GARLIC	2.37699793697	0.0928198698017
8180	GARLIC	2.39693910612	0.0935794374134
61809	GARLIC	8.42895038483	0.308739133557
61052	GARLIC	2.24038235296	0.0876075688832
6920	GARLIC	8.59793352837	0.314347556752
7824	GARLIC	2.3884537895	0.0932562669781
10364	GARLIC	2.27291202788	0.0888500294805
6998	GARLIC	2.15818326867	0.0844642287384
6054	GARLIC	2.48872942192	0.0970716672227
8363	GARLIC	2.1841336018	0.0854571682358
8093	GARLIC	2.40077669169	0.0937255761782
244	GARLIC	2.31061794742	0.0902891357772
1550470	GARLIC	2.3723169813	0.092641524108
61209	GARLIC	2.43122808788	0.0948847755091
8082	GARLIC	3.77061722474	0.145137667287
11428	GARLIC	2.93504059474	0.113955838473
7969	GARLIC	7.57311222442	0.279983677471
61138	GARLIC	2.73845850657	0.106538678266
8857	GARLIC	2.42114976997	0.0945012043155
12206	GARLIC	2.45686156908	0.0958599952554
31249	GARLIC	2.404919879	0.0938833393101
7136	GARLIC	2.27470656161	0.088918546488
8375	GARLIC	2.24021081308	0.0876010147284
7127	SPICES	7.14122531461	0.265250172987
18635	SPICES	6.11210572713	0.229541094517
1549026	SPICES	5.81670561723	0.219134598994
7632	SPICES	6.88564110815	0.256460822938
10882	SPICES	5.51006895157	0.208258414122
6106	SPICES	6.14685393902	0.230760632222
2969	SPICES	5.2295161064	0.198241508773
311	SPICES	5.72061936561	0.215734580254
6213	SPICES	6.05331668336	0.227475610187
8078	SPICES	7.15003264738	0.265552119152
356	SPICES	5.28743191267	0.200314502014
8051	SPICES	5.52912460818	0.208936496754
8615	SPICES	6.32063572137	0.236845254486
7047	SPICES	7.07190291763	0.262871392355
31210	SPICES	6.08018854639	0.228420064752
7409	SPICES	7.48796758427	0.277090839954
61331	SPICES	6.55725960708	0.245091322861
1030	SPICES	6.29229894604	0.235854747431
61945	SPICES	6.7644850046	0.252276097233
2879	SPICES	8.41294575946	0.308206767838
5366244	SPICES	5.73409332952	0.216211802656
23642	SPICES	7.12000580309	0.264522439069
13436	SPICES	6.92044312176	0.25766071167
15606	SPICES	5.34504006975	0.202373821451
61177	SPICES	5.40794642646	0.204619503238
8174	SPICES	5.15471999271	0.195560344427
6276	SPICES	5.55641336052	0.209907042647
5363233	SPICES	5.53587731723	0.209176717621
7820	SPICES	5.81761827448	0.219166858024
11980	SPICES	6.31565802613	0.236671306524
8077	SPICES	5.86790177173	0.220943162388
454	SPICES	5.31808996819	0.201410766364
7761	SPICES	5.66643137641	0.213813877239
1068	SPICES	6.45980349147	0.241700515199
8205	SPICES	5.26335198113	0.199452929614
6137	SPICES	5.94472809082	0.223653206803
31260	SPICES	6.52731756046	0.244050352604
778574	SPICES	6.68573322068	0.249549717348
2345	SPICES	6.40113862743	0.239655714806
14257	SPICES	5.14967353166	0.195379286273
18827	SPICES	5.58758269563	0.211014875673
31252	SPICES	6.97404192098	0.259506772553
1060	SPICES	5.94665431185	0.223721093472
326	SPICES	9.58889332951	0.346776983066
14525	SPICES	6.6125939224	0.247013197543
7341	SPICES	5.90970314335	0.222418289237
13187	SPICES	5.38329268584	0.203739771377
8180	SPICES	5.20242036088	0.197270743391
61809	SPICES	6.53783687667	0.244416150656
61052	SPICES	6.13732009534	0.230426124632
6920	SPICES	6.65495201669	0.24848272613
7824	SPICES	5.53487710162	0.209141138253
10364	SPICES	10.0076250031	0.360243976844
6998	SPICES	7.31900330065	0.2713330083
6054	SPICES	6.96790812837	0.259295627661
8363	SPICES	6.60487689499	0.24674531628
8093	SPICES	5.45280094503	0.206218822543
244	SPICES	7.67987387532	0.283602769917
1550470	SPICES	5.9304602384	0.22315026608
61209	SPICES	6.70845214533	0.250336753739
8082	SPICES	6.97293647319	0.259468721704
11428	SPICES	5.94300325438	0.223592415102
7969	SPICES	7.04970388109	0.262108825319
61138	SPICES	5.71331139076	0.215475684811
8857	SPICES	5.7670459697	0.217378311101
12206	SPICES	5.60933715164	0.211787620753
31249	SPICES	5.60414183169	0.211603111
7136	SPICES	6.81980555438	0.254188323055
8375	SPICES	7.23014524641	0.268295809743
7127	COLD	5.03191712085	0.191148608869
18635	COLD	2.83893107652	0.110333431198
1549026	COLD	5.21327443367	0.197659685218
7632	COLD	5.11073528741	0.193981565425
10882	COLD	4.89540058135	0.186230044513
6106	COLD	5.14830772733	0.195330280111
2969	COLD	5.05373855602	0.191933432884
311	COLD	4.86015165984	0.184957636731
6213	COLD	3.2039477801	0.124051798653
8078	COLD	6.88712840194	0.256512121028
356	COLD	5.12697971088	0.194564820053
8051	COLD	4.98683226165	0.189525892064
8615	COLD	4.97581662183	0.189129164452
7047	COLD	4.96473434284	0.188729938875
31210	COLD	4.93522120578	0.187666284891
7409	COLD	5.16825079129	0.196045705155
61331	COLD	4.94997629907	0.188198145818
1030	COLD	4.87363021243	0.185444299918
61945	COLD	2.84638125454	0.110614495683
2879	COLD	5.01663996079	0.190598927833
5366244	COLD	5.33344264624	0.201959461665
23642	COLD	2.7392905551	0.106570137106
13436	COLD	2.78447394858	0.108277639875
15606	COLD	5.096514757	0.193470805213
61177	COLD	5.01553067833	0.190559007939
8174	COLD	5.22927763398	0.19823296753
6276	COLD	4.98428104588	0.189434018817
5363233	COLD	5.01382665677	0.190497683173
7820	COLD	4.9051877875	0.186583164608
11980	COLD	4.80591231523	0.182997775336
8077	COLD	2.8022946806	0.108950645033
454	COLD	5.02538136472	0.190913471444
7761	COLD	4.88451878919	0.185837342047
1068	COLD	3.08264890387	0.119504866449
8205	COLD	5.25397613599	0.199117339345
6137	COLD	3.14959090293	0.122015666975
31260	COLD	5.18932384067	0.196801320857
778574	COLD	4.8732818406	0.185431723265
2345	COLD	4.9377527705	0.187757549851
14257	COLD	5.21759626099	0.197814526143
18827	COLD	5.05449849638	0.191960757835
31252	COLD	4.88932240213	0.186010706664
1060	COLD	4.76032674593	0.181348785546
326	COLD	5.24715104861	0.198873004294
14525	COLD	6.35885413608	0.238180155073
7341	COLD	5.05252827997	0.191889914391
13187	COLD	5.08460286008	0.193042839905
8180	COLD	5.07100533384	0.192554175315
61809	COLD	2.86651673004	0.111373901936
61052	COLD	4.9333754411	0.187599740347
6920	COLD	2.81774727854	0.109534011251
7824	COLD	4.97011230004	0.188923685492
10364	COLD	5.38085100822	0.2036526173
6998	COLD	4.93267171953	0.187574368664
6054	COLD	4.95478303611	0.188371371471
8363	COLD	4.95654833511	0.188434984845
8093	COLD	5.05366839079	0.19193090995
244	COLD	4.96277495158	0.188659343975
1550470	COLD	4.86226461751	0.185033937816
61209	COLD	5.17687677924	0.196355049895
8082	COLD	6.78952529341	0.253141950252
11428	COLD	5.12081661759	0.194343559571
7969	COLD	2.63329955178	0.102558275459
61138	COLD	4.70799449649	0.179453694988
8857	COLD	4.99000867216	0.189640272267
12206	COLD	4.89803482847	0.186325095066
31249	COLD	4.89068817162	0.186059994548
7136	COLD	5.0188501259	0.190678462401
8375	COLD	5.10117942505	0.193638364392
7127	SOUR	7.932406978	0.292127046934
18635	SOUR	16.1600346077	0.5419426969
1549026	SOUR	8.92249063961	0.325055289899
7632	SOUR	7.61792713566	0.281503959889
10882	SOUR	8.57020523183	0.313428842187
6106	SOUR	9.49580364854	0.343764031169
2969	SOUR	12.0947943605	0.42527815417
311	SOUR	15.2242775881	0.516259652292
6213	SOUR	9.08482387822	0.330379345169
8078	SOUR	6.48463366739	0.242565157176
356	SOUR	8.28142127743	0.303824075748
8051	SOUR	8.50077511935	0.311125733722
8615	SOUR	7.92244033741	0.291791589137
7047	SOUR	7.18417775645	0.266722146243
31210	SOUR	8.10981369966	0.298084916689
7409	SOUR	7.97984715395	0.293722701918
61331	SOUR	8.12698569979	0.298660269366
1030	SOUR	8.91206660221	0.32471269164
61945	SOUR	10.0836314378	0.362673408323
2879	SOUR	7.7459503099	0.285838113915
5366244	SOUR	8.43976779513	0.309098839631
23642	SOUR	9.71241264206	0.350764121951
13436	SOUR	8.32580708022	0.305304657794
15606	SOUR	8.26015150559	0.303114019065
61177	SOUR	8.49733528715	0.311011528693
8174	SOUR	8.16323395386	0.29987400272
6276	SOUR	9.01569426704	0.328114673435
5363233	SOUR	8.64831099876	0.316015126698
7820	SOUR	8.94455702139	0.325780240732
11980	SOUR	8.26490411134	0.303272708466
8077	SOUR	11.1890440557	0.397483879477
454	SOUR	12.5724261631	0.439670686675
7761	SOUR	8.80859013963	0.321307101486
1068	SOUR	10.2503770751	0.367986990932
8205	SOUR	8.11730457472	0.298335929565
6137	SOUR	11.1521851243	0.396338911753
31260	SOUR	9.01727191694	0.328166399548
778574	SOUR	7.755477209	0.286160117664
2345	SOUR	7.72662764935	0.285184796041
14257	SOUR	8.22038992348	0.301785672742
18827	SOUR	9.1771742992	0.333398760721
31252	SOUR	7.90041164861	0.291049864257
1060	SOUR	10.1853110161	0.365916216447
326	SOUR	7.78728416804	0.287234648836
14525	SOUR	8.20308433593	0.301207136388
7341	SOUR	13.639188385	0.471156551479
13187	SOUR	8.26617295603	0.303315072106
8180	SOUR	11.9538033609	0.420994768519
61809	SOUR	10.0902938337	0.362886141488
61052	SOUR	8.02130298529	0.295115598779
6920	SOUR	9.9817813879	0.359416871646
7824	SOUR	8.57681866702	0.313648019302
10364	SOUR	7.75127613723	0.286018132787
6998	SOUR	7.60858541899	0.281187187928
6054	SOUR	8.00946879697	0.294718115715
8363	SOUR	7.65615373718	0.282799473468
8093	SOUR	8.38436121618	0.307255443446
244	SOUR	7.90447597246	0.291186742739
1550470	SOUR	8.56791788942	0.313353028793
61209	SOUR	7.91139295113	0.291419662674
8082	SOUR	7.01180911826	0.260806177886
11428	SOUR	9.19194045646	0.333880910516
7969	SOUR	8.74062174085	0.319065482267
61138	SOUR	13.2220466466	0.458952858854
8857	SOUR	9.31773675485	0.337981382901
12206	SOUR	8.7200104861	0.318384986293
31249	SOUR	8.70883052171	0.318015729246
7136	SOUR	8.13445457991	0.298910442671
8375	SOUR	8.00075638976	0.294425414467
7127	BURNT	5.80813743586	0.218831713245
18635	BURNT	5.42190796132	0.205117484076
1549026	BURNT	4.62894187581	0.176586833876
7632	BURNT	5.7873390717	0.218096245456
10882	BURNT	4.63372368627	0.17676038937
6106	BURNT	5.08349815419	0.193003144774
2969	BURNT	4.9329867699	0.187585727407
311	BURNT	5.05249681812	0.191888783086
6213	BURNT	4.94655797602	0.188074944717
8078	BURNT	5.15285166386	0.195493314447
356	BURNT	4.80598020405	0.183000229873
8051	BURNT	4.7381108672	0.180544556852
8615	BURNT	5.36499906191	0.203086676503
7047	BURNT	6.41432686022	0.240115638781
31210	BURNT	5.31929123727	0.201453705784
7409	BURNT	6.00080821266	0.225628448824
61331	BURNT	5.61231143971	0.21189324171
1030	BURNT	5.45030641617	0.206129920635
61945	BURNT	7.80309293503	0.28776841366
2879	BURNT	6.22106146625	0.233361816343
5366244	BURNT	5.0315970944	0.191137096048
23642	BURNT	8.00328693783	0.29451043679
13436	BURNT	10.2562435995	0.36817353087
15606	BURNT	4.797188929	0.182682348512
61177	BURNT	4.73847635515	0.180557790939
8174	BURNT	5.04225082631	0.191520315694
6276	BURNT	4.87546493711	0.185510534143
5363233	BURNT	4.77053678805	0.181718263024
7820	BURNT	4.82906883038	0.183834790908
11980	BURNT	6.71440492683	0.250542903665
8077	BURNT	5.26728189222	0.199593572276
454	BURNT	4.87154578853	0.185369048193
7761	BURNT	4.689055569	0.178767325908
1068	BURNT	5.29266607744	0.200501717415
8205	BURNT	4.83956288743	0.184213967921
6137	BURNT	5.77812629616	0.217770354449
31260	BURNT	5.29241084093	0.200492588633
778574	BURNT	5.44656555965	0.205996591828
2345	BURNT	5.56051384368	0.210052828065
14257	BURNT	4.92880863425	0.187435083549
18827	BURNT	4.93208775379	0.187553314307
31252	BURNT	6.35855359327	0.238169662211
1060	BURNT	4.96446286219	0.188720157884
326	BURNT	5.79488032185	0.218362957696
14525	BURNT	5.02602914573	0.19093677824
7341	BURNT	4.94812988933	0.188131599813
13187	BURNT	4.78327360648	0.182179061701
8180	BURNT	4.97465943256	0.189087482715
61809	BURNT	6.6809204835	0.249382939937
61052	BURNT	5.34643029872	0.202423485173
6920	BURNT	6.37924147829	0.238891770396
7824	BURNT	4.71465569873	0.179695036606
10364	BURNT	5.97538176664	0.224733195763
6998	BURNT	6.35389064377	0.238006855226
6054	BURNT	6.04000749739	0.227007623668
8363	BURNT	5.57965839243	0.210733300587
8093	BURNT	4.75673379371	0.181218745195
244	BURNT	6.19044939802	0.232289310421
1550470	BURNT	4.74610774129	0.180834094175
61209	BURNT	5.36038818452	0.202922022785
8082	BURNT	5.37489806654	0.203440110971
11428	BURNT	5.07252868738	0.192608928582
7969	BURNT	7.46665551267	0.276365842689
61138	BURNT	4.91086720093	0.186788041371
8857	BURNT	4.71103696828	0.179563931005
12206	BURNT	4.72724604196	0.180151099622
31249	BURNT	4.68461394233	0.178606314578
7136	BURNT	5.53247072292	0.209055535997
8375	BURNT	5.83820689216	0.2198944118
7127	ACID	6.31373928238	0.236604249805
18635	ACID	6.53743122844	0.244402046311
1549026	ACID	6.25398715546	0.234514544082
7632	ACID	6.86535474165	0.255760951374
10882	ACID	6.10325869344	0.229230441066
6106	ACID	6.75269514843	0.25186824923
2969	ACID	6.63602541916	0.247826283421
311	ACID	6.37853591875	0.238867148563
6213	ACID	6.96153221081	0.259076116143
8078	ACID	7.82594951335	0.28853978622
356	ACID	6.91924995606	0.257619590261
8051	ACID	6.66121823548	0.248699998067
8615	ACID	5.56555941213	0.210232195857
7047	ACID	6.65467011635	0.248472950911
31210	ACID	5.67705064858	0.214190464316
7409	ACID	7.0013008599	0.260444748904
61331	ACID	5.72546774948	0.215906317599
1030	ACID	7.0846792736	0.26331009878
61945	ACID	6.53080143017	0.244171510279
2879	ACID	6.84893949973	0.255194391081
5366244	ACID	6.79847959274	0.253451453801
23642	ACID	6.6433741475	0.248081197875
13436	ACID	6.79353849103	0.253280673549
15606	ACID	6.3637463364	0.238350946482
61177	ACID	6.32907354379	0.237140072983
8174	ACID	6.97941067411	0.259691557621
6276	ACID	6.79247561749	0.253243934694
5363233	ACID	6.5171078037	0.243695234498
7820	ACID	6.71700542931	0.250632952397
11980	ACID	6.23948087715	0.234006786439
8077	ACID	6.96247959913	0.259108735098
454	ACID	6.57722387266	0.245785005358
7761	ACID	6.36505249637	0.238396542542
1068	ACID	7.17507676834	0.266410380081
8205	ACID	6.49699731274	0.242995502877
6137	ACID	6.71474486508	0.250554675162
31260	ACID	7.18601328248	0.266785016541
778574	ACID	6.26833052001	0.235016433797
2345	ACID	5.78544431436	0.218029226209
14257	ACID	6.99852981337	0.260349424715
18827	ACID	6.82498400338	0.254367197477
31252	ACID	6.93156920991	0.258044107712
1060	ACID	6.74673044467	0.251661869109
326	ACID	6.64793671797	0.248239443676
14525	ACID	7.14779451901	0.265475394166
7341	ACID	6.80605971021	0.253713408897
13187	ACID	6.64906406687	0.248278541489
8180	ACID	6.65847035278	0.248604723136
61809	ACID	7.23207246639	0.268361749792
61052	ACID	6.33213456539	0.237247011354
6920	ACID	6.66500071989	0.248831134957
7824	ACID	6.3521705559	0.237946793927
10364	ACID	7.08190457616	0.263214834076
6998	ACID	6.3878471696	0.239192050199
6054	ACID	6.71123387963	0.25043309111
8363	ACID	5.62110320732	0.212205407786
8093	ACID	6.64298172986	0.248067586689
244	ACID	6.76476003998	0.25228561024
1550470	ACID	6.06776355804	0.227983440483
61209	ACID	7.17546074594	0.266423535071
8082	ACID	7.59294959827	0.28065683049
11428	ACID	7.20808240806	0.267540715522
7969	ACID	6.7243837796	0.250888416298
61138	ACID	6.32985345734	0.237167320377
8857	ACID	6.66693208792	0.248898090131
12206	ACID	6.39470442135	0.239431278999
31249	ACID	6.3210616721	0.236860138619
7136	ACID	6.10775150221	0.229388208723
8375	ACID	6.45237298025	0.241441672379
7127	WARM	6.65960991116	0.248644234779
18635	WARM	5.72484119593	0.21588412515
1549026	WARM	5.51048391159	0.208273183288
7632	WARM	5.98283841348	0.224995794346
10882	WARM	5.58117624251	0.2107872384
6106	WARM	5.64688316857	0.213120410935
2969	WARM	5.43600388556	0.205620100125
311	WARM	5.63959582615	0.212861816613
6213	WARM	5.55923048487	0.210007201961
8078	WARM	5.86960535135	0.221003307262
356	WARM	5.28950877427	0.200388789742
8051	WARM	5.41479483183	0.204863792045
8615	WARM	5.95016266549	0.223844732321
7047	WARM	6.13254434789	0.230258533844
31210	WARM	5.88438904071	0.221525147875
7409	WARM	6.09499810368	0.228940323394
61331	WARM	6.23807446555	0.233957549407
1030	WARM	5.72371233709	0.215844140317
61945	WARM	6.02317997469	0.226415720185
2879	WARM	6.33237837228	0.237255528551
5366244	WARM	5.52622688872	0.208833402099
23642	WARM	6.57190445674	0.245600206994
13436	WARM	6.05807362809	0.22764284269
15606	WARM	5.45415662613	0.206267135244
61177	WARM	5.49488090845	0.207717749859
8174	WARM	5.3324649352	0.201924524494
6276	WARM	5.39754780471	0.204248503267
5363233	WARM	5.44637495685	0.205989798206
7820	WARM	5.59109848528	0.211139786503
11980	WARM	6.38170281391	0.238977660234
8077	WARM	5.47715446654	0.207086490241
454	WARM	5.43367607681	0.205537108789
7761	WARM	5.6459692478	0.213087982413
1068	WARM	5.57071479507	0.210415446472
8205	WARM	5.40911665057	0.204661248847
6137	WARM	5.63888152487	0.212836467054
31260	WARM	5.54855696599	0.209627684878
778574	WARM	6.00261765549	0.225692138733
2345	WARM	5.94286689739	0.223587609112
14257	WARM	5.32300418471	0.201586417968
18827	WARM	5.45956069198	0.206459706499
31252	WARM	5.99760040175	0.225515531838
1060	WARM	5.61916884567	0.21213673042
326	WARM	6.88773955581	0.256533199757
14525	WARM	5.88278903329	0.221468678607
7341	WARM	5.57580306798	0.210596290778
13187	WARM	5.38003936988	0.203623645346
8180	WARM	5.45936735501	0.206452817434
61809	WARM	6.09340920809	0.228884514013
61052	WARM	5.86065485524	0.220687284077
6920	WARM	6.05865360384	0.227663230757
7824	WARM	5.50711524269	0.208153282389
10364	WARM	6.63001397288	0.247617724803
6998	WARM	7.03576992282	0.26162997355
6054	WARM	6.04591470265	0.227215354269
8363	WARM	6.15521905218	0.231054073455
8093	WARM	5.38648278498	0.203853632682
244	WARM	6.13070817644	0.23019409396
1550470	WARM	5.68645391172	0.214523853233
61209	WARM	5.94334248163	0.223604371323
8082	WARM	5.92059853547	0.222802546612
11428	WARM	5.53992616866	0.209320733965
7969	WARM	6.08203149454	0.228484816941
61138	WARM	5.62974323356	0.212512125792
8857	WARM	5.63138900661	0.212570543407
12206	WARM	5.53665282144	0.209204303072
31249	WARM	5.62836678989	0.212463266507
7136	WARM	6.59731066369	0.24648262335
8375	WARM	6.51998078778	0.243795171722
7127	MUSKY	8.22464740514	0.30192796623
18635	MUSKY	12.51015046	0.437804472586
1549026	MUSKY	7.22058792849	0.267968761126
7632	MUSKY	7.8029048269	0.287762063581
10882	MUSKY	7.19600021645	0.267127041012
6106	MUSKY	7.80347129172	0.287781185989
2969	MUSKY	12.1417633773	0.426701567927
311	MUSKY	14.6245083056	0.499429834952
6213	MUSKY	7.78114277091	0.287027237708
8078	MUSKY	6.79039472452	0.253172004775
356	MUSKY	7.36173427581	0.272791318413
8051	MUSKY	7.3176310377	0.271286151906
8615	MUSKY	7.58097950309	0.280250680033
7047	MUSKY	7.94549671839	0.292567501495
31210	MUSKY	7.53376414657	0.278647524976
7409	MUSKY	7.86552539013	0.28987441974
61331	MUSKY	8.43377034417	0.30889942088
1030	MUSKY	8.05499277987	0.296246547721
61945	MUSKY	9.06485054009	0.329725415478
2879	MUSKY	7.74831026538	0.285917885828
5366244	MUSKY	7.63714755239	0.282155493001
23642	MUSKY	7.58021680677	0.280224797536
13436	MUSKY	7.97284536787	0.293487309411
15606	MUSKY	7.2673688352	0.269568893493
61177	MUSKY	7.20459289714	0.26742125236
8174	MUSKY	7.46979534496	0.2764726768
6276	MUSKY	7.51047892668	0.277856239584
5363233	MUSKY	7.30642579733	0.27090348872
7820	MUSKY	7.45766929698	0.276060039342
11980	MUSKY	10.2227657356	0.36710865371
8077	MUSKY	7.76141653439	0.286360826728
454	MUSKY	12.0524849341	0.423994440131
7761	MUSKY	7.29372921902	0.270469774393
1068	MUSKY	8.28637610629	0.303989432662
8205	MUSKY	7.23065620428	0.268313292514
6137	MUSKY	7.9531058911	0.292823478318
31260	MUSKY	7.98451743748	0.293879690015
778574	MUSKY	7.54569750829	0.279052879977
2345	MUSKY	7.66599842263	0.283132924179
14257	MUSKY	7.41598644548	0.274640715836
18827	MUSKY	7.52663129764	0.278405180429
31252	MUSKY	9.16164364732	0.332891460165
1060	MUSKY	8.92267140828	0.325061230307
326	MUSKY	7.48476643621	0.276981966006
14525	MUSKY	7.26435637027	0.269465905421
7341	MUSKY	12.6457044699	0.44186264218
13187	MUSKY	7.29489366123	0.270509557038
8180	MUSKY	12.0548335792	0.42406573812
61809	MUSKY	7.6736246472	0.283391179797
61052	MUSKY	7.4841997275	0.276962690876
6920	MUSKY	7.67492658686	0.283435264229
7824	MUSKY	7.25608307802	0.269183026467
10364	MUSKY	7.68376537083	0.283734514723
6998	MUSKY	7.64783645375	0.282517697181
6054	MUSKY	7.9401869435	0.292388850261
8363	MUSKY	7.63168789564	0.281970451771
8093	MUSKY	7.30341567289	0.270800674719
244	MUSKY	7.99060233472	0.29408420312
1550470	MUSKY	7.19368334787	0.267047701871
61209	MUSKY	8.52613433486	0.311967386716
8082	MUSKY	7.31001805328	0.271026176555
11428	MUSKY	7.70341859974	0.28439968074
7969	MUSKY	7.93011787703	0.292050007264
61138	MUSKY	12.0708791532	0.424552716717
8857	MUSKY	7.16391363823	0.266027882083
12206	MUSKY	7.30209552078	0.270755581233
31249	MUSKY	7.3095044587	0.271008636175
7136	MUSKY	8.36367450831	0.30656655982
8375	MUSKY	7.58653456649	0.280439179968
7127	SWEATY	3.23106307059	0.125066615397
18635	SWEATY	5.44105149661	0.205800043309
1549026	SWEATY	3.29172983411	0.127334999244
7632	SWEATY	3.52279755254	0.135947861063
10882	SWEATY	4.27865854255	0.163823574133
6106	SWEATY	5.31917997363	0.201449728709
2969	SWEATY	7.38039595901	0.273427740556
311	SWEATY	9.35206324936	0.339098095166
6213	SWEATY	5.08324342759	0.192993991606
8078	SWEATY	3.22645530001	0.124894206479
356	SWEATY	4.108406128	0.157584644755
8051	SWEATY	3.42533888423	0.132320376781
8615	SWEATY	3.93553488076	0.151226021311
7047	SWEATY	4.28365597793	0.164006355702
31210	SWEATY	4.2668689658	0.163392290323
7409	SWEATY	2.32002601565	0.0906480323406
61331	SWEATY	4.02141944615	0.154388052101
1030	SWEATY	5.26608834581	0.199550859246
61945	SWEATY	3.99690699094	0.15348617344
2879	SWEATY	4.66441814177	0.17787400703
5366244	SWEATY	3.82794235986	0.14725643731
23642	SWEATY	2.23572456106	0.0874295967173
13436	SWEATY	3.9429285581	0.151498468078
15606	SWEATY	4.17315666105	0.159960171835
61177	SWEATY	4.23084696945	0.162073852346
8174	SWEATY	4.57795386115	0.174735089824
6276	SWEATY	4.95784258371	0.188481622114
5363233	SWEATY	4.09351745624	0.157037944184
7820	SWEATY	3.82153614878	0.147019790537
11980	SWEATY	3.96043720668	0.15214346312
8077	SWEATY	5.10062326551	0.193618387542
454	SWEATY	4.33153405029	0.16575648712
7761	SWEATY	3.79290163288	0.145961624197
1068	SWEATY	5.45773981488	0.20639482304
8205	SWEATY	4.4309932004	0.169386247719
6137	SWEATY	4.02091497981	0.154369496283
31260	SWEATY	5.45861636421	0.206426057524
778574	SWEATY	4.07168012585	0.156235773415
2345	SWEATY	3.74874921059	0.144328720166
14257	SWEATY	4.49290055003	0.17164155986
18827	SWEATY	3.88978040764	0.149539059658
31252	SWEATY	4.66939168563	0.17805437994
1060	SWEATY	5.23721136695	0.198517101517
326	SWEATY	1.72557339291	0.0678318943026
14525	SWEATY	4.22704078516	0.161934481887
7341	SWEATY	8.69993401793	0.317721819951
13187	SWEATY	3.97917331193	0.152833404379
8180	SWEATY	7.38918245777	0.273727291353
61809	SWEATY	3.47052784727	0.134003288475
61052	SWEATY	4.4643720414	0.170602634566
6920	SWEATY	4.87119790478	0.18535648858
7824	SWEATY	3.70910000503	0.142861031062
10364	SWEATY	2.87233931574	0.111593439372
6998	SWEATY	2.25665023515	0.0882290212926
6054	SWEATY	3.79764785326	0.146137062444
8363	SWEATY	3.78385021664	0.145626999681
8093	SWEATY	3.756224511	0.144605291409
244	SWEATY	2.45480190452	0.0957816552248
1550470	SWEATY	3.93575342771	0.151234075091
61209	SWEATY	4.43144149821	0.169402590428
8082	SWEATY	3.95120140416	0.151803259152
11428	SWEATY	5.02218306742	0.190798393592
7969	SWEATY	4.50852499383	0.172210280705
61138	SWEATY	8.34158306812	0.305830519492
8857	SWEATY	4.79614649261	0.182644651233
12206	SWEATY	4.1306788756	0.158402151835
31249	SWEATY	4.10840315745	0.157584535696
7136	SWEATY	3.35022285093	0.129519316777
8375	SWEATY	2.14373782786	0.0839112683647
7127	AMMONIA/URINOUS	5.70937827228	0.215336330789
18635	AMMONIA/URINOUS	6.30673416841	0.236359408388
1549026	AMMONIA/URINOUS	4.76481230461	0.181511117665
7632	AMMONIA/URINOUS	6.39796568556	0.239545041457
10882	AMMONIA/URINOUS	4.59742969082	0.175442643728
6106	AMMONIA/URINOUS	5.74215927908	0.216497413889
2969	AMMONIA/URINOUS	5.92298105201	0.222886560264
311	AMMONIA/URINOUS	5.45976965708	0.2064671524
6213	AMMONIA/URINOUS	5.21034841303	0.197554844287
8078	AMMONIA/URINOUS	7.24934017459	0.268952433797
356	AMMONIA/URINOUS	6.53792602999	0.24441925049
8051	AMMONIA/URINOUS	6.23892231342	0.233987231884
8615	AMMONIA/URINOUS	4.79062506232	0.182444967098
7047	AMMONIA/URINOUS	6.40081780798	0.239644524875
31210	AMMONIA/URINOUS	4.97766228079	0.189195642519
7409	AMMONIA/URINOUS	6.37790005908	0.238844958698
61331	AMMONIA/URINOUS	4.9578652531	0.188482438977
1030	AMMONIA/URINOUS	5.93413583474	0.223279846147
61945	AMMONIA/URINOUS	5.86798056911	0.220945944381
2879	AMMONIA/URINOUS	6.28326919855	0.235538979214
5366244	AMMONIA/URINOUS	5.96657707071	0.224423066052
23642	AMMONIA/URINOUS	6.44886676876	0.24131951771
13436	AMMONIA/URINOUS	7.48503137211	0.276990977028
15606	AMMONIA/URINOUS	4.59816677318	0.175469415857
61177	AMMONIA/URINOUS	4.64145752723	0.177041049898
8174	AMMONIA/URINOUS	6.20045633345	0.232639989841
6276	AMMONIA/URINOUS	6.24419474699	0.234171802664
5363233	AMMONIA/URINOUS	6.06404217526	0.227852644009
7820	AMMONIA/URINOUS	3.75881027649	0.144700949182
11980	AMMONIA/URINOUS	4.58896505287	0.175135162012
8077	AMMONIA/URINOUS	7.0825185349	0.263235913877
454	AMMONIA/URINOUS	6.10283558481	0.229215582522
7761	AMMONIA/URINOUS	3.64618397661	0.140529496028
1068	AMMONIA/URINOUS	7.00309353769	0.260506413869
8205	AMMONIA/URINOUS	4.74888119062	0.1809344986
6137	AMMONIA/URINOUS	5.80446676986	0.218701937002
31260	AMMONIA/URINOUS	6.35791387374	0.238147327419
778574	AMMONIA/URINOUS	4.85704735682	0.184845530662
2345	AMMONIA/URINOUS	5.12037682739	0.194327769554
14257	AMMONIA/URINOUS	6.48625383254	0.24262155779
18827	AMMONIA/URINOUS	6.14460749721	0.23068181937
31252	AMMONIA/URINOUS	5.98355222001	0.225020929932
1060	AMMONIA/URINOUS	5.75989039679	0.217125080918
326	AMMONIA/URINOUS	6.20516301114	0.232804901248
14525	AMMONIA/URINOUS	6.42544591367	0.240503294471
7341	AMMONIA/URINOUS	5.96840571193	0.22448748178
13187	AMMONIA/URINOUS	6.16609022931	0.231435341686
8180	AMMONIA/URINOUS	5.91948661898	0.222763336026
61809	AMMONIA/URINOUS	5.09722531055	0.193496330076
61052	AMMONIA/URINOUS	4.87642267371	0.185545107711
6920	AMMONIA/URINOUS	6.37168324506	0.238627990852
7824	AMMONIA/URINOUS	4.62555774308	0.176463995949
10364	AMMONIA/URINOUS	6.27657614483	0.235304882552
6998	AMMONIA/URINOUS	5.74429368237	0.216572983331
6054	AMMONIA/URINOUS	6.38464264398	0.239080241083
8363	AMMONIA/URINOUS	4.83507366689	0.18405177173
8093	AMMONIA/URINOUS	6.20053234531	0.232642653266
244	AMMONIA/URINOUS	6.38177769046	0.238980273022
1550470	AMMONIA/URINOUS	4.65701198652	0.177605375204
61209	AMMONIA/URINOUS	6.0851528399	0.228594479562
8082	AMMONIA/URINOUS	7.49289971492	0.277258570142
11428	AMMONIA/URINOUS	6.28893802272	0.235737224327
7969	AMMONIA/URINOUS	7.32088330261	0.271397199172
61138	AMMONIA/URINOUS	5.73814467658	0.216355265332
8857	AMMONIA/URINOUS	4.79761347708	0.182697701053
12206	AMMONIA/URINOUS	4.68202262745	0.178512370744
31249	AMMONIA/URINOUS	3.62000896276	0.139558572554
7136	AMMONIA/URINOUS	4.66342919015	0.177838138882
8375	AMMONIA/URINOUS	5.86502077079	0.220841443375
7127	DECAYED	4.23337974774	0.162166588274
18635	DECAYED	5.95207548052	0.22391213821
1549026	DECAYED	4.45980052308	0.170436092641
7632	DECAYED	4.437005748	0.169605421917
10882	DECAYED	5.78887947046	0.218150728609
6106	DECAYED	5.14830744329	0.195330269919
2969	DECAYED	4.91494883758	0.186935264673
311	DECAYED	4.91795255704	0.18704359934
6213	DECAYED	4.85816625903	0.184885938601
8078	DECAYED	4.56852067117	0.174392274398
356	DECAYED	4.88387688423	0.185814174001
8051	DECAYED	6.41384555931	0.240098856429
8615	DECAYED	4.15984416038	0.15947204504
7047	DECAYED	4.20392616459	0.161087848505
31210	DECAYED	4.46480315135	0.170618339182
7409	DECAYED	4.34963124021	0.166417532838
61331	DECAYED	4.20294338171	0.16105184204
1030	DECAYED	4.9371490829	0.187735786889
61945	DECAYED	4.88331559375	0.185793915275
2879	DECAYED	4.32370175411	0.165470311421
5366244	DECAYED	4.5204712988	0.172644987647
23642	DECAYED	4.25724527707	0.163040156143
13436	DECAYED	4.1821647315	0.160290388523
15606	DECAYED	4.8618724531	0.185019776624
61177	DECAYED	4.64151242951	0.177043042127
8174	DECAYED	4.48469505321	0.17134280624
6276	DECAYED	5.10453377979	0.193758845148
5363233	DECAYED	4.97733748081	0.189183943873
7820	DECAYED	5.11654382232	0.194190144618
11980	DECAYED	4.66896075519	0.178038752394
8077	DECAYED	7.63947330207	0.28223431115
454	DECAYED	4.76278886797	0.181437891598
7761	DECAYED	4.81576209574	0.183353858004
1068	DECAYED	6.03755751489	0.226921460297
8205	DECAYED	4.38637188508	0.167758772078
6137	DECAYED	5.84645398321	0.220185749657
31260	DECAYED	5.09252719966	0.193327554675
778574	DECAYED	4.39023362845	0.167899684613
2345	DECAYED	4.19905716083	0.160909454017
14257	DECAYED	4.52950871563	0.172973768943
18827	DECAYED	4.74499380632	0.180793765764
31252	DECAYED	4.72820662202	0.180185889736
1060	DECAYED	4.92189759494	0.187185873423
326	DECAYED	4.29038317634	0.164252371933
14525	DECAYED	4.43603672062	0.16957010011
7341	DECAYED	6.37989187629	0.23891446691
13187	DECAYED	5.44137845579	0.205811698432
8180	DECAYED	4.79638019585	0.182653102641
61809	DECAYED	4.64675679612	0.177233332356
61052	DECAYED	4.39981434317	0.168249227225
6920	DECAYED	4.63345085094	0.176750487322
7824	DECAYED	5.86030215171	0.220674829545
10364	DECAYED	4.32503605785	0.165519067553
6998	DECAYED	4.28434378383	0.16403151069
6054	DECAYED	4.43449309098	0.16951383205
8363	DECAYED	4.17418542417	0.159997887385
8093	DECAYED	5.8740957738	0.221161830488
244	DECAYED	4.40114109091	0.168297626476
1550470	DECAYED	4.70266103257	0.179260432988
61209	DECAYED	4.52665497182	0.172869956779
8082	DECAYED	4.66666458479	0.177955480053
11428	DECAYED	5.20532921138	0.197374987576
7969	DECAYED	4.26369215775	0.163276057984
61138	DECAYED	5.45627840363	0.206342746538
8857	DECAYED	5.67453381315	0.214101218927
12206	DECAYED	6.41182544237	0.240028415493
31249	DECAYED	4.8490218234	0.184555667879
7136	DECAYED	4.3053042227	0.164797911128
8375	DECAYED	4.39697900436	0.168145790429
7127	WOOD	3.51425664305	0.135630265821
18635	WOOD	3.06003963388	0.118656048331
1549026	WOOD	3.11626370619	0.120766108453
7632	WOOD	3.30144764813	0.127698083296
10882	WOOD	3.02557144137	0.117361224636
6106	WOOD	3.1339376685	0.121428880616
2969	WOOD	3.27427795806	0.126682759864
311	WOOD	3.10358510432	0.120290507973
6213	WOOD	3.16935859133	0.122756410101
8078	WOOD	3.51648868463	0.135713270317
356	WOOD	3.19170835064	0.123593533147
8051	WOOD	3.13045936741	0.121298464356
8615	WOOD	3.14899994121	0.121993517396
7047	WOOD	3.62613479727	0.139785850464
31210	WOOD	3.15867374619	0.122356061914
7409	WOOD	3.29105207928	0.127309673656
61331	WOOD	3.33236532866	0.128852749673
1030	WOOD	2.99223318273	0.116107943541
61945	WOOD	4.12409933839	0.158160695395
2879	WOOD	3.5800667337	0.138075918221
5366244	WOOD	3.25153034706	0.125832234043
23642	WOOD	3.48911822867	0.134695150741
13436	WOOD	3.37853581544	0.130575630915
15606	WOOD	3.20970223051	0.124267213857
61177	WOOD	3.05212737566	0.11835890242
8174	WOOD	3.28091007455	0.126930654615
6276	WOOD	3.01906799236	0.117116811077
5363233	WOOD	3.17171154299	0.122844560075
7820	WOOD	3.1182476348	0.120840518067
11980	WOOD	3.2527637533	0.125878361318
8077	WOOD	3.12600479587	0.121131429441
454	WOOD	3.19322283728	0.123650244656
7761	WOOD	3.03703819298	0.117792087325
1068	WOOD	3.15827405062	0.122341084033
8205	WOOD	3.231595373	0.125086531458
6137	WOOD	3.1048061772	0.120336318529
31260	WOOD	2.99912347787	0.116367042461
778574	WOOD	3.17303669426	0.122894203025
2345	WOOD	3.20368618379	0.124042005286
14257	WOOD	3.31838553451	0.128330748358
18827	WOOD	3.03695306695	0.117788889106
31252	WOOD	4.88099558526	0.185710176249
1060	WOOD	3.17284698593	0.122887096239
326	WOOD	3.38585654192	0.130848651868
14525	WOOD	3.47745971442	0.134261298151
7341	WOOD	3.09810718364	0.120084980097
13187	WOOD	3.17918370015	0.123124464406
8180	WOOD	3.30552858928	0.127850535869
61809	WOOD	3.79608203295	0.146079185798
61052	WOOD	3.13604152899	0.121507758571
6920	WOOD	3.40299088618	0.131487496659
7824	WOOD	3.10469524305	0.120332156701
10364	WOOD	3.64394040346	0.140446295473
6998	WOOD	3.36708021939	0.130148317094
6054	WOOD	3.20715056836	0.124171696827
8363	WOOD	3.19101659669	0.1235676291
8093	WOOD	3.14826695026	0.121966044094
244	WOOD	3.25624650952	0.126008603849
1550470	WOOD	3.05451411313	0.118448541938
61209	WOOD	3.4990003987	0.135062814432
8082	WOOD	3.51322270875	0.13559181483
11428	WOOD	3.13531120196	0.121480377545
7969	WOOD	3.36770971314	0.130171801041
61138	WOOD	3.0248622043	0.11733457163
8857	WOOD	3.02581243582	0.117370281074
12206	WOOD	3.09589615659	0.120002017059
31249	WOOD	3.03342697937	0.117656407479
7136	WOOD	3.42338290472	0.132247495984
8375	WOOD	3.37376424552	0.130397655747
7127	GRASS	3.28164862386	0.126958257878
18635	GRASS	3.43852679084	0.132811685037
1549026	GRASS	4.01438718482	0.154129365605
7632	GRASS	3.17150438161	0.122836799247
10882	GRASS	4.30160575237	0.164662705275
6106	GRASS	3.31830804682	0.128327854555
2969	GRASS	3.40601782584	0.131600330062
311	GRASS	3.19481034713	0.123709688624
6213	GRASS	3.28160821071	0.126956747449
8078	GRASS	2.9970791398	0.116290172244
356	GRASS	3.74859530113	0.144323025352
8051	GRASS	3.82054482947	0.146983168061
8615	GRASS	3.03427973077	0.117688447837
7047	GRASS	2.94784611339	0.114437925852
31210	GRASS	3.53321940775	0.136335320557
7409	GRASS	3.01925614549	0.117123882751
61331	GRASS	3.01154151846	0.116833907811
1030	GRASS	3.33300013001	0.128876449254
61945	GRASS	3.39405429187	0.13115432986
2879	GRASS	3.02321532817	0.117272680759
5366244	GRASS	3.64593579244	0.140520292577
23642	GRASS	2.96649575693	0.115139791447
13436	GRASS	2.8285194989	0.109940570934
15606	GRASS	3.66917923963	0.141382019068
61177	GRASS	3.79296081668	0.145963811965
8174	GRASS	3.65603461343	0.140894748899
6276	GRASS	3.74164387856	0.144065795577
5363233	GRASS	4.28389416542	0.164015066929
7820	GRASS	3.50143123485	0.135153241117
11980	GRASS	3.29167148721	0.127332819017
8077	GRASS	3.56207054022	0.137407482996
454	GRASS	3.72088695964	0.143297478479
7761	GRASS	3.91543298416	0.150485073185
1068	GRASS	3.31714238309	0.128284321888
8205	GRASS	3.62000703627	0.139558501074
6137	GRASS	3.21961395277	0.124638192509
31260	GRASS	3.5152453189	0.135667032895
778574	GRASS	3.25677290849	0.126028288428
2345	GRASS	2.98029189447	0.115658819868
14257	GRASS	3.60817085323	0.139119275367
18827	GRASS	3.68163818728	0.141843743594
31252	GRASS	3.52064235147	0.135867725032
1060	GRASS	3.1311649924	0.121324922012
326	GRASS	3.16438488856	0.122570062853
14525	GRASS	5.12547805466	0.194510912071
7341	GRASS	3.59909387969	0.138782364486
13187	GRASS	3.66254867353	0.141136241827
8180	GRASS	3.3827931765	0.13073441119
61809	GRASS	4.39131276061	0.16793905932
61052	GRASS	4.02002994991	0.154336941677
6920	GRASS	3.2015856052	0.123963364053
7824	GRASS	3.9946368346	0.153402624008
10364	GRASS	3.24973773956	0.125765191432
6998	GRASS	2.92603160025	0.11361659964
6054	GRASS	3.05149621809	0.118335197056
8363	GRASS	2.98709674095	0.115914770862
8093	GRASS	3.76394279993	0.144890805837
244	GRASS	2.99873322235	0.116352368519
1550470	GRASS	3.85709406503	0.148332892751
61209	GRASS	3.36577522285	0.130099631774
8082	GRASS	3.05425432358	0.118438785154
11428	GRASS	3.69197365405	0.142226678377
7969	GRASS	2.81090611057	0.109275767158
61138	GRASS	3.52550893543	0.136048672115
8857	GRASS	3.88071944964	0.149204784607
12206	GRASS	3.92635251352	0.150887602917
31249	GRASS	3.89994063001	0.149913810433
7136	GRASS	3.27566013021	0.126734425493
8375	GRASS	2.98456397373	0.115819510104
7127	FLOWER	7.85094308934	0.289382800617
18635	FLOWER	6.85736885071	0.255485351007
1549026	FLOWER	7.49559735636	0.277350302363
7632	FLOWER	8.39408667012	0.307579190395
10882	FLOWER	7.37418260613	0.273215876602
6106	FLOWER	6.94558665734	0.258526996688
2969	FLOWER	7.01940218511	0.26106728459
311	FLOWER	6.90256793962	0.25704453992
6213	FLOWER	3.31174766651	0.128082837618
8078	FLOWER	4.50786299505	0.172186188289
356	FLOWER	3.75928576315	0.144718538746
8051	FLOWER	7.20514072088	0.267440007712
8615	FLOWER	8.89115052722	0.32402499801
7047	FLOWER	3.30967165815	0.128005295732
31210	FLOWER	8.18839636866	0.30071592071
7409	FLOWER	8.27328150336	0.303552385401
61331	FLOWER	8.58232114773	0.313830351396
1030	FLOWER	3.19255050524	0.123625068718
61945	FLOWER	3.19434896674	0.123692412541
2879	FLOWER	7.96216368092	0.293128127044
5366244	FLOWER	7.13734690452	0.265117187846
23642	FLOWER	3.42692697414	0.132379547571
13436	FLOWER	3.40568015545	0.131587743289
15606	FLOWER	7.3535231488	0.272511204872
61177	FLOWER	7.3158782224	0.27122629923
8174	FLOWER	6.96826756054	0.259308001303
6276	FLOWER	6.97380854346	0.259498739498
5363233	FLOWER	7.27887248361	0.269962105491
7820	FLOWER	3.65752562632	0.14095002757
11980	FLOWER	7.88210927897	0.290433312484
8077	FLOWER	3.47611466074	0.134211237176
454	FLOWER	7.13010253258	0.264868756453
7761	FLOWER	7.41019080129	0.274443260967
1068	FLOWER	3.0633068594	0.11877873481
8205	FLOWER	7.21497613552	0.267776693166
6137	FLOWER	3.41222862564	0.131831823348
31260	FLOWER	3.22110913529	0.124694147787
778574	FLOWER	8.22063573635	0.30179388869
2345	FLOWER	8.76356986201	0.31982273179
14257	FLOWER	3.86524050167	0.148633586412
18827	FLOWER	6.89284518178	0.256709281391
31252	FLOWER	3.06423927435	0.118813746042
1060	FLOWER	3.42315084787	0.132238849224
326	FLOWER	9.03414892542	0.328719618294
14525	FLOWER	4.12668244631	0.158255494647
7341	FLOWER	7.00792079734	0.260672450333
13187	FLOWER	7.26750170949	0.269573435941
8180	FLOWER	6.95689895628	0.258916581016
61809	FLOWER	3.56106282468	0.137370045611
61052	FLOWER	8.31991035521	0.305108050881
6920	FLOWER	3.46076144841	0.133639710015
7824	FLOWER	7.33698243222	0.271946772805
10364	FLOWER	7.60294166623	0.280995777857
6998	FLOWER	8.34557959068	0.305963704145
6054	FLOWER	8.53354427994	0.312213220007
8363	FLOWER	8.62262726411	0.31516521019
8093	FLOWER	7.26149377404	0.26936803423
244	FLOWER	8.58951209619	0.314068596627
1550470	FLOWER	7.43020303209	0.275124954444
61209	FLOWER	3.43480221928	0.132672942257
8082	FLOWER	4.03588453163	0.154920035684
11428	FLOWER	3.42574448911	0.132335489443
7969	FLOWER	3.27196626985	0.126596345486
61138	FLOWER	6.93095279109	0.258022869007
8857	FLOWER	3.81105316158	0.146632475983
12206	FLOWER	7.28422001718	0.270144856184
31249	FLOWER	3.90996956563	0.150283637823
7136	FLOWER	7.91580587244	0.291568241854
8375	FLOWER	8.34274184874	0.305869137328
7127	CHEMICAL	17.0439268018	0.565558895743
18635	CHEMICAL	15.1308628996	0.51365731115
1549026	CHEMICAL	15.3026575334	0.518437770302
7632	CHEMICAL	22.0650792291	0.68785608061
10882	CHEMICAL	18.0477976946	0.591622707134
6106	CHEMICAL	17.1029444303	0.567113493937
2969	CHEMICAL	18.2712879359	0.597315532301
311	CHEMICAL	16.320971917	0.546289226954
6213	CHEMICAL	16.1942404757	0.542868249194
8078	CHEMICAL	23.6246560629	0.72173649288
356	CHEMICAL	20.2252676647	0.645386125745
8051	CHEMICAL	19.195426907	0.620431310624
8615	CHEMICAL	17.9476645518	0.589059116927
7047	CHEMICAL	16.855129853	0.560567033174
31210	CHEMICAL	19.6272167128	0.630997614156
7409	CHEMICAL	22.8087181377	0.704253676274
61331	CHEMICAL	18.7771589757	0.610053679349
1030	CHEMICAL	18.6744656378	0.607484358769
61945	CHEMICAL	11.0409295269	0.392876331149
2879	CHEMICAL	21.2179750307	0.668638015466
5366244	CHEMICAL	18.300988397	0.598069065357
23642	CHEMICAL	20.2985523907	0.647129603964
13436	CHEMICAL	19.6644350436	0.631901399509
15606	CHEMICAL	18.160023338	0.594486354466
61177	CHEMICAL	18.2784193899	0.597496529438
8174	CHEMICAL	19.2851111704	0.622638241674
6276	CHEMICAL	19.2972596464	0.622936693911
5363233	CHEMICAL	16.0346909582	0.538543112677
7820	CHEMICAL	17.0366521742	0.565367080046
11980	CHEMICAL	18.0478449446	0.591623914925
8077	CHEMICAL	18.7577155924	0.609567865997
454	CHEMICAL	17.6694561986	0.581894375003
7761	CHEMICAL	17.2663204304	0.571402488733
1068	CHEMICAL	19.1051223674	0.618202614427
8205	CHEMICAL	18.7221512403	0.608678470787
6137	CHEMICAL	15.1824448874	0.515095142391
31260	CHEMICAL	19.9868551309	0.639684454026
778574	CHEMICAL	14.8430466711	0.505595453052
2345	CHEMICAL	19.1313434808	0.618850417879
14257	CHEMICAL	19.8918946301	0.637400796415
18827	CHEMICAL	18.1269267779	0.593642881351
31252	CHEMICAL	12.7547215131	0.445115692173
1060	CHEMICAL	16.6353264144	0.554719422611
326	CHEMICAL	17.8819000145	0.587371061328
14525	CHEMICAL	20.7173365697	0.65701024897
7341	CHEMICAL	18.6075585502	0.605805847929
13187	CHEMICAL	19.0704921519	0.61734621771
8180	CHEMICAL	18.340145641	0.599061448786
61809	CHEMICAL	13.1859068532	0.457889018311
61052	CHEMICAL	19.6476770304	0.63149459614
6920	CHEMICAL	17.5203684468	0.578029413667
7824	CHEMICAL	18.0701261565	0.592193262536
10364	CHEMICAL	21.5718188567	0.676735406753
6998	CHEMICAL	20.451507426	0.650754634642
6054	CHEMICAL	21.5784206812	0.67688553161
8363	CHEMICAL	19.4618339482	0.626968165677
8093	CHEMICAL	19.133517173	0.618904095157
244	CHEMICAL	22.2007381899	0.690880417126
1550470	CHEMICAL	9.96767424827	0.358965157963
61209	CHEMICAL	18.9233229847	0.613696058276
8082	CHEMICAL	22.5514518054	0.698630880803
11428	CHEMICAL	20.3947334499	0.649411277
7969	CHEMICAL	21.6738704757	0.679052154468
61138	CHEMICAL	15.4641237135	0.522909299648
8857	CHEMICAL	18.1876704109	0.595190274447
12206	CHEMICAL	18.1060287317	0.593109838695
31249	CHEMICAL	17.1998329884	0.569659617603
7136	CHEMICAL	16.2361343143	0.544000549584
8375	CHEMICAL	23.7914666869	0.72524511263
