#oID	descriptor	value	sigma
8797	INTENSITY/STRENGTH	63.9642857143	0.921999489796
16220109	INTENSITY/STRENGTH	30.1857142857	0.842957632653
7695	INTENSITY/STRENGTH	44.8489795919	0.989386795502
61192	INTENSITY/STRENGTH	57.706122449	0.97624627072
220674	INTENSITY/STRENGTH	40.8489795919	0.966503530196
7799	INTENSITY/STRENGTH	30.093877551	0.841498515618
6999977	INTENSITY/STRENGTH	63.4102040816	0.928066570596
7720	INTENSITY/STRENGTH	62.7918367347	0.934547565181
5362798	INTENSITY/STRENGTH	62.2163265306	0.940304546439
1551246	INTENSITY/STRENGTH	42.6897959184	0.978624366514
98330	INTENSITY/STRENGTH	54.0469387755	0.993448914619
2214	INTENSITY/STRENGTH	45.7551020408	0.992792336526
8180	INTENSITY/STRENGTH	18.1316326531	0.593762865057
6989	INTENSITY/STRENGTH	56.906122449	0.980922189088
379	INTENSITY/STRENGTH	52.2836734694	0.997913934194
7632	INTENSITY/STRENGTH	53.4857142857	0.995139918367
8078	INTENSITY/STRENGTH	49.7959183673	0.999983340275
957	INTENSITY/STRENGTH	66.6244897959	0.88945053561
14514	INTENSITY/STRENGTH	78.5448979592	0.674075520199
440967	INTENSITY/STRENGTH	51.5673469388	0.999017369429
61918	INTENSITY/STRENGTH	57.2673469388	0.978874267389
14257	INTENSITY/STRENGTH	56.9816326531	0.980502722199
7059	INTENSITY/STRENGTH	65.2857142857	0.90653877551
8186	INTENSITY/STRENGTH	25.7306122449	0.764398727197
8082	INTENSITY/STRENGTH	40.7836734694	0.966023730112
8159	INTENSITY/STRENGTH	45.0775510204	0.990307798417
5363491	INTENSITY/STRENGTH	71.412244898	0.816606307372
9025	INTENSITY/STRENGTH	51.1469387755	0.999473812578
196	INTENSITY/STRENGTH	58.8285714286	0.968822530612
6448	INTENSITY/STRENGTH	33.9591836735	0.897076884631
7820	INTENSITY/STRENGTH	47.9959183673	0.998393462724
31260	INTENSITY/STRENGTH	32.9592218041	0.883844751391
8103	INTENSITY/STRENGTH	64.0752111371	0.920755372579
12580	INTENSITY/STRENGTH	50.2040816327	0.999983340275
7136	INTENSITY/STRENGTH	48.5653061225	0.999176661391
31246	INTENSITY/STRENGTH	57.784159378	0.975762745111
33032	INTENSITY/STRENGTH	40.7836734694	0.966023730112
31266	INTENSITY/STRENGTH	57.9693877551	0.974595543523
104721	INTENSITY/STRENGTH	49.1795918367	0.999730772178
31249	INTENSITY/STRENGTH	37.3571428571	0.936063265306
261	INTENSITY/STRENGTH	35.5958783062	0.917008511292
7410	INTENSITY/STRENGTH	75.5285714286	0.739316816326
93375	INTENSITY/STRENGTH	37.3591836735	0.936083905039
7360	INTENSITY/STRENGTH	44.3081632653	0.987041197834
61386	INTENSITY/STRENGTH	17.3428571428	0.573404408163
8615	INTENSITY/STRENGTH	10.2897959184	0.369239876718
61005	INTENSITY/STRENGTH	29.0306122449	0.824113910871
638014	INTENSITY/STRENGTH	38.4620094203	0.946749909353
61052	INTENSITY/STRENGTH	29.4755102041	0.831498127447
8456	INTENSITY/STRENGTH	60.7224489796	0.954011635152
61252	INTENSITY/STRENGTH	51.2448979592	0.999380091628
62900	INTENSITY/STRENGTH	53.9306122449	0.993820114952
5610	INTENSITY/STRENGTH	62.3040816327	0.939443830071
5365027	INTENSITY/STRENGTH	56.0775510204	0.985225349438
7127	INTENSITY/STRENGTH	37.9816326531	0.942223538526
7194	INTENSITY/STRENGTH	42.4816326531	0.977389660975
6276	INTENSITY/STRENGTH	76.685340803	0.715157034491
8797	VALENCE/PLEASANTNESS	37.448897834	0.936987933767
16220109	VALENCE/PLEASANTNESS	49.2379899105	0.999767736249
7695	VALENCE/PLEASANTNESS	54.8179929857	0.990714777436
7150	VALENCE/PLEASANTNESS	56.631159127	0.982411091453
61192	VALENCE/PLEASANTNESS	39.2516968184	0.953789591487
220674	VALENCE/PLEASANTNESS	53.4210979074	0.995318435643
7799	VALENCE/PLEASANTNESS	52.2814140225	0.997918060023
6999977	VALENCE/PLEASANTNESS	50.6670725988	0.999822005659
7720	VALENCE/PLEASANTNESS	53.0544770063	0.996268068087
5362798	VALENCE/PLEASANTNESS	56.8987499809	0.980962899481
1551246	VALENCE/PLEASANTNESS	46.9172784267	0.996198731081
98330	VALENCE/PLEASANTNESS	42.2715092419	0.97610817224
556940	VALENCE/PLEASANTNESS	15.9723214285	0.536846836415
2214	VALENCE/PLEASANTNESS	38.211397834	0.944411543589
8180	VALENCE/PLEASANTNESS	29.6276595745	0.833987098235
6989	VALENCE/PLEASANTNESS	51.5679139266	0.999016658367
379	VALENCE/PLEASANTNESS	39.4291545262	0.955302890388
7632	VALENCE/PLEASANTNESS	52.5161322383	0.997467631424
8118	VALENCE/PLEASANTNESS	48.0310135682	0.998449236973
8078	VALENCE/PLEASANTNESS	41.2691599409	0.969508972745
957	VALENCE/PLEASANTNESS	46.4927605293	0.995079708518
14514	VALENCE/PLEASANTNESS	39.9651029996	0.959720336876
440967	VALENCE/PLEASANTNESS	40.75486486	0.965810990497
61918	VALENCE/PLEASANTNESS	39.5980793444	0.956720018669
6590	VALENCE/PLEASANTNESS	40.6083017116	0.964718401304
14257	VALENCE/PLEASANTNESS	43.588384654	0.983556475462
7059	VALENCE/PLEASANTNESS	51.0112611804	0.99959094033
8186	VALENCE/PLEASANTNESS	45.0442027968	0.990176029632
8082	VALENCE/PLEASANTNESS	41.3858886032	0.970318833938
8159	VALENCE/PLEASANTNESS	53.6111585138	0.994783813675
5363491	VALENCE/PLEASANTNESS	52.3565595192	0.997778650893
9025	VALENCE/PLEASANTNESS	62.8785975767	0.933656689783
6429333	VALENCE/PLEASANTNESS	53.2810710459	0.995693829117
196	VALENCE/PLEASANTNESS	46.1654559014	0.994118508622
6448	VALENCE/PLEASANTNESS	55.0534982992	0.989784861976
61641	VALENCE/PLEASANTNESS	51.4033245913	0.999212272037
7969	VALENCE/PLEASANTNESS	22.518019537	0.697896299932
7820	VALENCE/PLEASANTNESS	49.2065362457	0.999748166108
5362588	VALENCE/PLEASANTNESS	49.8482664877	0.999990790776
31260	VALENCE/PLEASANTNESS	39.1402060799	0.952825950405
8103	VALENCE/PLEASANTNESS	47.0224910064	0.996453776077
12580	VALENCE/PLEASANTNESS	52.9236583348	0.996580888776
7136	VALENCE/PLEASANTNESS	53.1239481993	0.996096379059
31246	VALENCE/PLEASANTNESS	55.4847574618	0.987966974234
31252	VALENCE/PLEASANTNESS	38.6197083526	0.948195584808
33032	VALENCE/PLEASANTNESS	38.6161540295	0.948163220368
31266	VALENCE/PLEASANTNESS	44.7623811632	0.989026939568
104721	VALENCE/PLEASANTNESS	43.4398641113	0.982785846849
31249	VALENCE/PLEASANTNESS	51.0252892542	0.999579512778
261	VALENCE/PLEASANTNESS	39.3460804753	0.954597599504
7410	VALENCE/PLEASANTNESS	40.4507364015	0.963524625891
93375	VALENCE/PLEASANTNESS	40.3011067466	0.962372587864
7360	VALENCE/PLEASANTNESS	41.121695412	0.968470283057
61386	VALENCE/PLEASANTNESS	39.7698240264	0.95813739982
61130	VALENCE/PLEASANTNESS	40.7949964821	0.966107164094
8615	VALENCE/PLEASANTNESS	42.5623896406	0.977872780857
61005	VALENCE/PLEASANTNESS	45.1578412917	0.990621399617
638014	VALENCE/PLEASANTNESS	52.2722570604	0.997934739141
61052	VALENCE/PLEASANTNESS	51.9526298873	0.998474894609
8456	VALENCE/PLEASANTNESS	51.8776767815	0.998589731962
61252	VALENCE/PLEASANTNESS	41.4309254569	0.97062838459
62900	VALENCE/PLEASANTNESS	42.4183912215	0.977007683332
18635	VALENCE/PLEASANTNESS	38.3838602017	0.946026118474
5610	VALENCE/PLEASANTNESS	52.8295088228	0.996797551929
5365027	VALENCE/PLEASANTNESS	53.5731450789	0.994893053698
7127	VALENCE/PLEASANTNESS	50.01037267	0.999999956963
61199	VALENCE/PLEASANTNESS	40.1513013683	0.961201254105
7194	VALENCE/PLEASANTNESS	54.1930218009	0.992967427271
6276	VALENCE/PLEASANTNESS	38.9315214038	0.950995512626
8797	BAKERY	2.7116163398	0.105523508322
16220109	BAKERY	3.40699210634	0.131636646169
7695	BAKERY	2.31213857686	0.0903471491549
7150	BAKERY	4.08318365243	0.156658390601
61192	BAKERY	1.02091551785	0.0404197133162
220674	BAKERY	4.48135549872	0.171221201106
7799	BAKERY	1.34890434625	0.0532283566757
6999977	BAKERY	2.57414596491	0.100315347617
7720	BAKERY	1.31987774131	0.0520982787515
5362798	BAKERY	1.23817139209	0.0489136283253
1551246	BAKERY	1.41860273463	0.0559391358976
98330	BAKERY	2.46904897166	0.0963234777365
556940	BAKERY	1.46318152324	0.0576709008616
2214	BAKERY	17.0401263421	0.565458691381
8180	BAKERY	0.760769932954	0.0301992889618
6989	BAKERY	3.61194614709	0.139259383896
379	BAKERY	3.14654144306	0.121901368501
7632	BAKERY	1.4020909182	0.0552972931509
8118	BAKERY	2.30128416376	0.0899330030293
8078	BAKERY	0.348441627311	0.0138891004654
957	BAKERY	1.51035165223	0.0595016012437
14514	BAKERY	2.27113620023	0.0887822241532
440967	BAKERY	1.64504756156	0.0647194298706
61918	BAKERY	8.70889457688	0.318017845175
6590	BAKERY	7.27157754367	0.269712765758
14257	BAKERY	0.823896450964	0.0326843358938
7059	BAKERY	5.712782916	0.215456961182
8186	BAKERY	3.02211223735	0.117231224544
8082	BAKERY	0.206380448068	0.00823818076697
8159	BAKERY	1.54654701719	0.060905157617
5363491	BAKERY	2.6755631711	0.104159071531
9025	BAKERY	2.76286221884	0.107461125697
6429333	BAKERY	15.7496412957	0.530765171451
196	BAKERY	4.10385069283	0.15741739151
6448	BAKERY	3.52394917368	0.135990679836
61641	BAKERY	2.22068040993	0.086854647804
7969	BAKERY	1.6202047424	0.063758164333
7820	BAKERY	2.12559154096	0.083216405879
5362588	BAKERY	5.74864513729	0.216727037126
31260	BAKERY	1.95516305377	0.0766774571239
8103	BAKERY	1.62247161052	0.0638458987698
12580	BAKERY	3.23046198483	0.125044125539
7136	BAKERY	8.82884103584	0.321974267819
31246	BAKERY	2.35137283672	0.091843331782
31252	BAKERY	5.7564006308	0.217001565943
33032	BAKERY	5.30457070707	0.200927440128
31266	BAKERY	3.44400402307	0.133015695438
104721	BAKERY	1.89452545069	0.0743453273543
31249	BAKERY	2.96555184017	0.11510427452
261	BAKERY	4.90200037332	0.186468171869
7410	BAKERY	3.16971696782	0.12276983645
93375	BAKERY	2.25736116307	0.0882561747547
7360	BAKERY	6.44763135643	0.241276474214
61386	BAKERY	1.37828502415	0.054371533123
61130	BAKERY	6.08713034274	0.228663951386
8615	BAKERY	4.01704614297	0.154227181833
61005	BAKERY	2.95586226709	0.114739641987
638014	BAKERY	5.40446983083	0.204495475572
61052	BAKERY	1.60662055336	0.0632323302935
8456	BAKERY	3.70387311478	0.142667454171
61252	BAKERY	2.30056704107	0.0899056381588
62900	BAKERY	1.19044184244	0.0470508129853
18635	BAKERY	1.4513736032	0.0572123499938
5610	BAKERY	5.5146339852	0.208420884212
5365027	BAKERY	1.69487504994	0.0666459614236
7127	BAKERY	7.8685574722	0.289976620211
61199	BAKERY	4.10183047044	0.157343213534
7194	BAKERY	2.31248866213	0.0903605049603
6276	BAKERY	0.728899018434	0.0289434432257
8797	SWEET	23.1728874361	0.712122412594
16220109	SWEET	23.0683136305	0.709873707717
7695	SWEET	16.576504914	0.553147990494
7150	SWEET	14.7719341156	0.503593349618
61192	SWEET	16.3815080585	0.547918799832
220674	SWEET	5.64363359137	0.213005103609
7799	SWEET	19.4638230859	0.627016759788
6999977	SWEET	31.8456784519	0.868168243652
7720	SWEET	12.2765743863	0.430777263986
5362798	SWEET	12.5473312492	0.438919041378
1551246	SWEET	14.614549417	0.499147954816
98330	SWEET	16.5287038436	0.551868933443
556940	SWEET	14.2751666522	0.489494512909
2214	SWEET	16.3554387996	0.547217400654
8180	SWEET	10.3775696372	0.372025204857
6989	SWEET	5.7531462585	0.216886373591
379	SWEET	14.3572753623	0.491838472161
7632	SWEET	23.1606871379	0.711860514037
8118	SWEET	9.72571638873	0.35119283184
8078	SWEET	5.55869348167	0.209988109978
957	SWEET	18.0698097302	0.592185179734
14514	SWEET	8.67211820601	0.316802474569
440967	SWEET	9.59661822444	0.347026696439
61918	SWEET	9.99995273846	0.35999848763
6590	SWEET	9.97893111032	0.359325617971
14257	SWEET	16.4541644647	0.549870767296
7059	SWEET	4.35161089748	0.166489828938
8186	SWEET	10.0000104498	0.360000334393
8082	SWEET	4.75459820282	0.181141446485
8159	SWEET	27.2988610039	0.793863315311
5363491	SWEET	32.5768854134	0.87857403124
9025	SWEET	7.34151370414	0.272101418778
6429333	SWEET	14.106548926	0.484664068
196	SWEET	7.54102782601	0.278894272771
6448	SWEET	3.54884263145	0.136915991649
61641	SWEET	6.35180302742	0.237933960417
7969	SWEET	6.08282871795	0.228512826633
7820	SWEET	20.5987419176	0.65422640927
5362588	SWEET	44.9042411131	0.989613296547
31260	SWEET	14.2094683186	0.487615136784
8103	SWEET	6.07527755153	0.22824750313
12580	SWEET	8.01025751943	0.294744610566
7136	SWEET	26.1811812768	0.773065549853
31246	SWEET	19.0121699185	0.615901754735
31252	SWEET	7.1777084457	0.266500538415
33032	SWEET	13.0903823495	0.455072049956
31266	SWEET	22.3270890097	0.693683998929
104721	SWEET	6.15801638629	0.231152189126
31249	SWEET	20.9604606269	0.662682061199
261	SWEET	15.6608078842	0.528327953932
7410	SWEET	7.22046697378	0.267964621624
93375	SWEET	7.09299642174	0.263595617574
7360	SWEET	6.95501602564	0.258851741859
61386	SWEET	7.44692640692	0.275694371113
61130	SWEET	8.878653254	0.323613936718
8615	SWEET	15.1656653967	0.514627653098
61005	SWEET	18.3074732748	0.598233499908
638014	SWEET	15.1428567221	0.513991825
61052	SWEET	18.06260309	0.592001071446
8456	SWEET	10.3386068137	0.370789556208
61252	SWEET	6.23212585033	0.233749276968
62900	SWEET	7.44463912992	0.275616504487
18635	SWEET	7.29051272209	0.270359878583
5610	SWEET	5.72640840669	0.215939634972
5365027	SWEET	13.4196186024	0.464750278721
7127	SWEET	26.0195194207	0.769974620474
61199	SWEET	12.134026839	0.426467230628
7194	SWEET	12.6582673538	0.442238001191
6276	SWEET	10.1378559151	0.364403787582
8797	FRUIT	8.65726087621	0.316311168697
16220109	FRUIT	6.57699731195	0.245777135022
7695	FRUIT	7.5897743419	0.280549103851
7150	FRUIT	3.61170212766	0.139250328203
61192	FRUIT	6.31522453426	0.236656157003
220674	FRUIT	8.64182743914	0.31580062497
7799	FRUIT	32.9517223911	0.883742492228
6999977	FRUIT	4.87674519808	0.185556750432
7720	FRUIT	4.31628866048	0.165199407299
5362798	FRUIT	4.64395386401	0.177131631564
1551246	FRUIT	6.70914635934	0.250360796425
98330	FRUIT	1.00152816322	0.0396599030642
556940	FRUIT	10.2185399003	0.366974172933
2214	FRUIT	9.48872548795	0.343534654964
8180	FRUIT	1.16840321698	0.0461900622481
6989	FRUIT	0.631934795195	0.0251176551737
379	FRUIT	4.85790405137	0.184876469346
7632	FRUIT	1.61310578909	0.0634833874489
8118	FRUIT	6.68394484721	0.2494877464
8078	FRUIT	1.8297817715	0.0718520303276
957	FRUIT	4.71562287886	0.1797300755
14514	FRUIT	7.33692720318	0.271944887813
440967	FRUIT	1.62486375679	0.0639384773803
61918	FRUIT	6.68416275932	0.249495297655
6590	FRUIT	2.49215322746	0.0972017980149
14257	FRUIT	8.06431294328	0.296559260432
7059	FRUIT	1.15652173913	0.045725852552
8186	FRUIT	4.77603139595	0.18191706548
8082	FRUIT	1.8297817715	0.0718520303276
8159	FRUIT	5.30393707204	0.200904783496
5363491	FRUIT	5.10412894934	0.193744305041
9025	FRUIT	1.78318791716	0.0700556130272
6429333	FRUIT	4.05679430854	0.155688740317
196	FRUIT	2.25120968284	0.0880212092993
6448	FRUIT	10.3669237947	0.371687708203
61641	FRUIT	9.47631353585	0.343132334142
7969	FRUIT	2.12236578376	0.0830928567424
7820	FRUIT	14.4743496587	0.495171267132
5362588	FRUIT	8.48737872124	0.310680909827
31260	FRUIT	0.844716919029	0.0335032580918
8103	FRUIT	4.67788043478	0.178362191246
12580	FRUIT	9.16802930951	0.333100067813
7136	FRUIT	7.59619759855	0.280767016759
31246	FRUIT	4.42068472316	0.169010407558
31252	FRUIT	0.78953349251	0.0313319944461
33032	FRUIT	2.58407957122	0.100692195957
31266	FRUIT	22.1089776376	0.688836348632
104721	FRUIT	13.0356719368	0.453455380334
31249	FRUIT	20.6978761895	0.656554216077
261	FRUIT	3.01477599566	0.116955490105
7410	FRUIT	1.25589203423	0.0496047754487
93375	FRUIT	2.09826908359	0.0821696700846
7360	FRUIT	2.28072650366	0.0891483747925
61386	FRUIT	3.09295192958	0.119891536528
61130	FRUIT	2.99304413459	0.116138440107
8615	FRUIT	3.07692091552	0.119289859693
61005	FRUIT	11.6882163117	0.412882892247
638014	FRUIT	2.38334979236	0.0930618492013
61052	FRUIT	4.44754630407	0.169989584912
8456	FRUIT	4.19024399417	0.160586501874
61252	FRUIT	2.61409129199	0.101830262367
62900	FRUIT	7.4121169833	0.274508888062
18635	FRUIT	2.35936247302	0.0921478624091
5610	FRUIT	0.793704621583	0.0314961980528
5365027	FRUIT	4.25541552376	0.162973196438
7127	FRUIT	3.15287418457	0.122138721133
61199	FRUIT	3.16911231884	0.122747183598
7194	FRUIT	8.17190914158	0.300164326056
6276	FRUIT	8.33480589636	0.305604640123
8797	FISH	0.171491837715	0.00684790972843
16220109	FISH	1.14270578231	0.0451859206905
7695	FISH	2.66339712777	0.103698411407
7150	FISH	2.1405501331	0.083789223375
61192	FISH	2.07320433492	0.0812089029112
220674	FISH	1.75781755459	0.0690767331616
7799	FISH	1.80351529229	0.070839544728
6999977	FISH	2.0277052126	0.0794635731324
7720	FISH	0.21531591103	0.0085940920646
5362798	FISH	0.740946107034	0.0294182438279
1551246	FISH	0.295903418419	0.0118011132035
98330	FISH	7.82737237985	0.288587791845
556940	FISH	4.7770531401	0.181954030923
2214	FISH	1.16898329072	0.0462127228551
8180	FISH	0.759447689233	0.0301472032522
6989	FISH	0.480017006803	0.0191085137414
379	FISH	0.170556366848	0.0068106188842
7632	FISH	1.71256957328	0.067329625114
8118	FISH	10.3666241497	0.371678207483
8078	FISH	0.461776734739	0.0183857742885
957	FISH	1.39690269703	0.0550955730233
14514	FISH	1.54361705713	0.0607915808377
440967	FISH	1.09932136018	0.0434894514261
61918	FISH	1.46336734694	0.0576781162807
6590	FISH	1.67743566176	0.0659719103108
14257	FISH	1.57477223802	0.0619989264803
7059	FISH	1.18263368316	0.0467458983549
8186	FISH	0.329082944086	0.0131199995298
8082	FISH	0.0750617588933	0.00300021664867
8159	FISH	0.779859370947	0.0309511025825
5363491	FISH	0.304190693476	0.0121306149479
9025	FISH	1.69982098102	0.0668370826939
6429333	FISH	1.13453514739	0.0448665378955
196	FISH	0.518084675009	0.0206160223082
6448	FISH	1.68175710934	0.0661389615836
61641	FISH	5.05514377732	0.191983959649
7969	FISH	5.8325746749	0.219695416061
7820	FISH	1.38960034014	0.0548116179633
5362588	FISH	3.69888115772	0.142482557581
31260	FISH	0.0216666666667	0.000866478888889
8103	FISH	0.105353006638	0.00420968056312
12580	FISH	2.35920916775	0.0921420195509
7136	FISH	1.63620787663	0.0643774445788
31246	FISH	0.174336225494	0.00696129177195
31252	FISH	2.73854166666	0.106541822483
33032	FISH	1.50314298796	0.0592219439816
31266	FISH	1.02653577079	0.0406399205563
104721	FISH	1.69023424161	0.0664666129478
31249	FISH	3.51863888286	0.135793227479
261	FISH	1.65868566176	0.0652469312207
7410	FISH	1.45282608696	0.0572687620228
93375	FISH	0.543203047602	0.0216100940837
7360	FISH	1.2518735364	0.0494480665157
61386	FISH	0.404216121179	0.0161032885781
61130	FISH	2.43481453392	0.0950212526311
8615	FISH	0.518988095238	0.0206517843523
61005	FISH	1.10809104493	0.0438324954916
638014	FISH	1.49151524645	0.0587707627658
61052	FISH	1.7157289398	0.0674516672739
8456	FISH	1.5384925209	0.0605929171412
61252	FISH	7.9230416409	0.291811830099
62900	FISH	1.05228454978	0.0416484608816
18635	FISH	6.321005291	0.236858168484
5610	FISH	1.77901894091	0.0698947942796
5365027	FISH	0.122648749031	0.00489993287497
7127	FISH	2.55869976359	0.0997292127516
61199	FISH	2.82031586165	0.109630961842
7194	FISH	1.14375	0.045226734375
6276	FISH	0.646050687928	0.0256750749206
8797	GARLIC	2.47252327247	0.0964555823656
16220109	GARLIC	1.36970925604	0.0540379288632
7695	GARLIC	5.66319689255	0.213699156084
7150	GARLIC	2.25213293651	0.0880564763549
61192	GARLIC	7.76208025763	0.286383254335
220674	GARLIC	2.13957323838	0.0837518200783
7799	GARLIC	2.21186688885	0.0865177335006
6999977	GARLIC	1.43038880446	0.0563971473255
7720	GARLIC	3.08535005669	0.119606248279
5362798	GARLIC	0.0626984126985	0.00250636407156
1551246	GARLIC	1.41514396272	0.0558047055348
98330	GARLIC	12.3160039241	0.4319665759
556940	GARLIC	7.07604875284	0.263013763732
2214	GARLIC	1.7292755931	0.0679748660934
8180	GARLIC	2.49817654461	0.0974307073652
6989	GARLIC	2.9295821235	0.113750304373
379	GARLIC	1.38304298416	0.0545565962079
7632	GARLIC	2.34096606935	0.091446593919
8118	GARLIC	11.3727777778	0.403175081358
8078	GARLIC	5.4100877193	0.20469588912
957	GARLIC	1.90583360079	0.0747804633459
14514	GARLIC	2.15463263266	0.0843283285938
440967	GARLIC	1.56147780165	0.0614838268958
61918	GARLIC	2.50455779017	0.0976731877171
6590	GARLIC	2.28197870453	0.0891961774578
14257	GARLIC	2.99306302708	0.11613915057
7059	GARLIC	2.34789775442	0.0917108606307
8186	GARLIC	1.0174713788	0.0402847559492
8082	GARLIC	5.4100877193	0.20469588912
8159	GARLIC	3.31185669273	0.128086909808
5363491	GARLIC	1.06716064795	0.0422308931785
9025	GARLIC	4.07012711118	0.156178710567
6429333	GARLIC	2.12396926806	0.0831542725417
196	GARLIC	2.3585106383	0.0921153965595
6448	GARLIC	1.3961718327	0.0550671549936
61641	GARLIC	13.4405353446	0.465362217644
7969	GARLIC	10.2398953781	0.367653632183
7820	GARLIC	3.27418847026	0.126679414755
5362588	GARLIC	1.6719551282	0.0657600315479
31260	GARLIC	2.31969551282	0.0906354256039
8103	GARLIC	1.66947459835	0.0656641257603
12580	GARLIC	3.35817586244	0.129816096449
7136	GARLIC	4.51396029258	0.172408076694
31246	GARLIC	0.793034405343	0.0314698147865
31252	GARLIC	1.52951403966	0.0602447963073
33032	GARLIC	2.47089752365	0.0963937671169
31266	GARLIC	0.330896805896	0.0131920751574
104721	GARLIC	1.88984010037	0.0741650057728
31249	GARLIC	1.9207166077	0.0753530033931
261	GARLIC	2.53970871202	0.0990083003441
7410	GARLIC	3.13666098725	0.12153098263
93375	GARLIC	1.93218982759	0.0757942500918
7360	GARLIC	1.80102493539	0.0707435210885
61386	GARLIC	2.90222222222	0.112719731358
61130	GARLIC	1.0627584964	0.0420585576074
8615	GARLIC	4.53419538359	0.173144244233
61005	GARLIC	2.01730098142	0.0790642379569
638014	GARLIC	3.97135316579	0.152545468245
61052	GARLIC	2.64424206816	0.10297287628
8456	GARLIC	2.33729930739	0.0913067850746
61252	GARLIC	8.33331484768	0.305554939367
62900	GARLIC	0.901909827762	0.0357510165755
18635	GARLIC	17.686512866	0.582335419697
5610	GARLIC	0.966718380614	0.0382949174536
5365027	GARLIC	6.39964605735	0.23960365443
7127	GARLIC	6.92277777778	0.257741170247
61199	GARLIC	2.68017615176	0.104333708389
7194	GARLIC	1.11830230496	0.0442318521805
6276	GARLIC	2.89549319728	0.112466175549
8797	SPICES	3.82352350449	0.147093207384
16220109	SPICES	4.76003238308	0.181338132008
7695	SPICES	5.15565583066	0.195593918409
7150	SPICES	4.92545299938	0.187314085076
61192	SPICES	11.8890966493	0.419023618317
220674	SPICES	6.420484425	0.240330328899
7799	SPICES	3.9498263135	0.151752601377
6999977	SPICES	7.65653833985	0.282812501854
7720	SPICES	4.76945260218	0.181679032837
5362798	SPICES	4.7569505393	0.181226590199
1551246	SPICES	5.68433894033	0.214448873938
98330	SPICES	9.41890145572	0.341269776376
556940	SPICES	7.53519868007	0.278696259544
2214	SPICES	10.9102752867	0.388797368734
8180	SPICES	5.63717190471	0.212775793355
6989	SPICES	10.2004798913	0.366399279648
379	SPICES	4.14784231837	0.159031854375
7632	SPICES	7.17584049091	0.266436544936
8118	SPICES	5.3862365895	0.203844845741
8078	SPICES	4.59957035445	0.1755203952
957	SPICES	5.38515017498	0.203806070036
14514	SPICES	4.89500671742	0.186215832391
440967	SPICES	8.46755785647	0.310022499838
61918	SPICES	4.30860246398	0.164918476482
6590	SPICES	4.5142360155	0.172418109898
14257	SPICES	4.18820910554	0.160511926017
7059	SPICES	3.92156931738	0.150711290331
8186	SPICES	6.66439513513	0.248810140398
8082	SPICES	4.59957035445	0.1755203952
8159	SPICES	3.77724719164	0.145382849127
5363491	SPICES	4.28838104211	0.164179156899
9025	SPICES	5.3855762968	0.203821279053
6429333	SPICES	12.0690803088	0.424498132553
196	SPICES	5.83162160179	0.219661739869
6448	SPICES	4.40601051702	0.16847524921
61641	SPICES	9.03907312924	0.328880987955
7969	SPICES	9.19792960662	0.334076420646
7820	SPICES	4.95450757576	0.188361444903
5362588	SPICES	6.59363803042	0.246355096226
31260	SPICES	3.81991824601	0.146960019678
8103	SPICES	5.22438127708	0.198057587192
12580	SPICES	16.8077670935	0.559310269873
7136	SPICES	5.09761841578	0.193510451226
31246	SPICES	2.84015039175	0.110379433971
31252	SPICES	6.13579188614	0.230372498617
33032	SPICES	7.95770971892	0.292978331168
31266	SPICES	2.13874112268	0.0837199594713
104721	SPICES	10.3929367492	0.372512216259
31249	SPICES	4.40896714979	0.16858308946
261	SPICES	7.14111360913	0.265246342934
7410	SPICES	4.68847586858	0.178746312355
93375	SPICES	6.06222400953	0.227788736404
7360	SPICES	6.32225656184	0.23690189126
61386	SPICES	3.86980676329	0.148802108777
61130	SPICES	7.48273507985	0.276912873484
8615	SPICES	4.83606495693	0.18408758857
61005	SPICES	6.0539265873	0.227497052642
638014	SPICES	4.57948250747	0.174790636284
61052	SPICES	5.57847719261	0.210691324589
8456	SPICES	5.79211415063	0.218265131492
61252	SPICES	13.0751570048	0.454622387912
62900	SPICES	4.89867111065	0.186348052966
18635	SPICES	10.8859509637	0.388036467195
5610	SPICES	14.5698900591	0.497882923831
5365027	SPICES	6.64610070136	0.248175766241
7127	SPICES	9.91419438275	0.357251275206
61199	SPICES	4.70098708083	0.17919977142
7194	SPICES	7.96579874517	0.293250369947
6276	SPICES	5.96272011328	0.224287192071
8797	COLD	6.47133113004	0.242101994564
16220109	COLD	4.75910745397	0.181304656656
7695	COLD	3.51158806205	0.135531022195
7150	COLD	4.04415471785	0.155224113761
61192	COLD	2.41097678202	0.0941139476633
220674	COLD	7.66288533251	0.283027488653
7799	COLD	4.17343984053	0.15997055358
6999977	COLD	5.39084059434	0.204009158848
7720	COLD	4.54035603372	0.173368308183
5362798	COLD	7.24580996621	0.268831693822
1551246	COLD	4.60013035877	0.175540734624
98330	COLD	1.95667680836	0.0767356386815
556940	COLD	3.32617753623	0.128621718648
2214	COLD	4.35073235732	0.166457745475
8180	COLD	6.62203105655	0.247340724136
6989	COLD	4.15192679344	0.159181673298
379	COLD	4.41887924811	0.168944572401
7632	COLD	4.90980093899	0.186749579455
8118	COLD	1.82599893493	0.0717062485529
8078	COLD	6.21375918964	0.233106046279
957	COLD	6.64374502677	0.248094061878
14514	COLD	6.95613510469	0.25889027795
440967	COLD	13.1648552942	0.4572688458
61918	COLD	4.78535517142	0.18225435721
6590	COLD	4.66733064877	0.177979635797
14257	COLD	9.5188300429	0.344509951562
7059	COLD	3.30526309435	0.127840618125
8186	COLD	5.61615262348	0.212029636823
8082	COLD	5.31307626208	0.201231538737
8159	COLD	5.27786728317	0.199972338103
5363491	COLD	5.80027169574	0.218553607132
9025	COLD	6.25902980029	0.234691010395
6429333	COLD	6.61396842965	0.24706090583
196	COLD	2.98120593859	0.115693202004
6448	COLD	9.6609481594	0.349104358641
61641	COLD	2.64185154562	0.102882309989
7969	COLD	1.69183818568	0.0665286008485
7820	COLD	4.84210689244	0.184305876035
5362588	COLD	4.68394108424	0.178581921737
31260	COLD	6.30572339214	0.236324076686
8103	COLD	6.37577232173	0.23877070379
12580	COLD	6.23022161844	0.233682600172
7136	COLD	5.21145639189	0.197594544586
31246	COLD	4.63083261512	0.176655460321
31252	COLD	7.5251657547	0.278355382334
33032	COLD	4.20542142908	0.161142629405
31266	COLD	3.86785980972	0.148730256586
104721	COLD	4.73573161796	0.180458403135
31249	COLD	3.52842322343	0.13615702076
261	COLD	6.25496521189	0.234548772555
7410	COLD	2.74329801151	0.106721646869
93375	COLD	4.82935931709	0.183845288118
7360	COLD	2.70433909824	0.105248183946
61386	COLD	7.913376523	0.291486449722
61130	COLD	9.99340328268	0.359788887639
8615	COLD	3.87019868923	0.148816572412
61005	COLD	6.29230654393	0.2358550131
638014	COLD	4.89418946635	0.186186342441
61052	COLD	4.53939183194	0.173333241996
8456	COLD	2.68335414585	0.104454010045
61252	COLD	5.73331030431	0.216184073354
62900	COLD	3.13866590751	0.121606146829
18635	COLD	1.27345492449	0.0502895220017
5610	COLD	5.38576758386	0.203828106368
5365027	COLD	6.8423517651	0.254966959533
7127	COLD	6.56612094239	0.245399260003
61199	COLD	3.51612594159	0.135699781009
7194	COLD	3.0642836636	0.118815412796
6276	COLD	4.0043494152	0.153760050913
8797	SOUR	7.48165971044	0.276876295608
16220109	SOUR	9.64292063137	0.348522457934
7695	SOUR	12.159682282	0.427244142001
7150	SOUR	6.04755319149	0.227272967818
61192	SOUR	6.71082215674	0.250418832662
220674	SOUR	6.52390799765	0.243931769681
7799	SOUR	12.8495328866	0.447937117301
6999977	SOUR	7.60262294033	0.280984967384
7720	SOUR	6.02317660342	0.226415601578
5362798	SOUR	4.65134694869	0.177399866573
1551246	SOUR	9.32180589994	0.338113809903
98330	SOUR	12.1782520987	0.427806154277
556940	SOUR	8.30666666667	0.304666382223
2214	SOUR	5.89411402989	0.221868329117
8180	SOUR	12.5156771319	0.437970215649
6989	SOUR	6.38689010086	0.23915865797
379	SOUR	14.5782768551	0.498120611778
7632	SOUR	7.77753054888	0.28690522938
8118	SOUR	12.6015833003	0.440543371342
8078	SOUR	7.3819021401	0.273479093922
957	SOUR	8.80517582838	0.321194584588
14514	SOUR	4.97251447388	0.189010218878
440967	SOUR	3.86185691384	0.148508701024
61918	SOUR	8.12643868359	0.298641945072
6590	SOUR	10.3182389633	0.370143136411
14257	SOUR	8.32875188714	0.305402832287
7059	SOUR	9.46401579431	0.34273359379
8186	SOUR	6.96485544845	0.259190533371
8082	SOUR	7.05872016513	0.262418594457
8159	SOUR	5.46561912023	0.206675567862
5363491	SOUR	11.2857557499	0.400482916858
9025	SOUR	8.67626594894	0.316939601631
6429333	SOUR	10.7595500592	0.384074835376
196	SOUR	23.0008227657	0.708417771468
6448	SOUR	4.83329699596	0.183987575898
61641	SOUR	17.5033559113	0.57758724919
7969	SOUR	10.0523958297	0.36167556842
7820	SOUR	12.1606016759	0.427271973789
5362588	SOUR	8.17280954582	0.300194455484
31260	SOUR	8.57536877083	0.313599971011
8103	SOUR	6.83599813745	0.254747577284
12580	SOUR	8.89009588689	0.323990313524
7136	SOUR	9.75132660468	0.352017715967
31246	SOUR	9.61245059288	0.347538341155
31252	SOUR	9.476582576	0.343141056112
33032	SOUR	15.841194365	0.533270399036
31266	SOUR	11.1853317297	0.397368610826
104721	SOUR	11.7944838694	0.416135414879
31249	SOUR	16.5533282675	0.552528060007
261	SOUR	9.29874434681	0.337363115301
7410	SOUR	5.86420205179	0.22081253579
93375	SOUR	4.94939822711	0.18817731196
7360	SOUR	5.35374103154	0.202684624048
61386	SOUR	7.04698878093	0.262015530886
61130	SOUR	8.18907522429	0.30073862776
8615	SOUR	3.58927124041	0.138417702401
61005	SOUR	7.36148355129	0.272782766021
638014	SOUR	6.69555628703	0.249890061884
61052	SOUR	5.91018445323	0.222435266021
8456	SOUR	4.50531832298	0.172093575643
61252	SOUR	16.8251470588	0.559771652933
62900	SOUR	7.77666157669	0.286875876956
18635	SOUR	17.7266522989	0.583372411264
5610	SOUR	7.80009737936	0.287667287523
5365027	SOUR	8.20110210693	0.30114085397
7127	SOUR	7.71635599616	0.284837379903
61199	SOUR	9.49856867873	0.343853624371
7194	SOUR	10.330731436	0.370539652638
6276	SOUR	8.39194921231	0.30750804386
8797	BURNT	6.89368258526	0.256738159576
16220109	BURNT	1.06676798379	0.0422155217791
7695	BURNT	5.25203602079	0.199047887886
7150	BURNT	4.71535615172	0.179720412614
61192	BURNT	5.99387562117	0.225384406862
220674	BURNT	4.35109835291	0.166471111366
7799	BURNT	5.42580783891	0.205256557275
6999977	BURNT	2.56579940237	0.0999986454657
7720	BURNT	1.9935685941	0.0781530174684
5362798	BURNT	3.77670019015	0.145362621876
1551246	BURNT	3.98854166667	0.153178280816
98330	BURNT	6.35056115234	0.237890595314
556940	BURNT	21.381122449	0.672383939088
2214	BURNT	5.36678318348	0.203150382644
8180	BURNT	3.92023717729	0.150662183281
6989	BURNT	8.32691106366	0.305341463401
379	BURNT	3.78017358956	0.145491058635
7632	BURNT	7.28940143189	0.270321907982
8118	BURNT	6.63641170178	0.247839683961
8078	BURNT	4.92848970252	0.187423583802
957	BURNT	2.76319506063	0.107473703648
14514	BURNT	3.70038504125	0.142538261869
440967	BURNT	3.64559376463	0.140507609027
61918	BURNT	6.83290873587	0.254640892718
6590	BURNT	6.08277361548	0.228510890676
14257	BURNT	4.84476723756	0.184401981668
7059	BURNT	8.14302213591	0.299197361634
8186	BURNT	4.54011275507	0.173359460671
8082	BURNT	4.92848970252	0.187423583802
8159	BURNT	1.91702067598	0.0752108397304
5363491	BURNT	3.07093851056	0.119065275088
9025	BURNT	6.29084742777	0.235803992567
6429333	BURNT	5.15640439756	0.195620773378
196	BURNT	5.23620378586	0.198481019399
6448	BURNT	3.80514136818	0.146414014394
61641	BURNT	3.59404923268	0.138595093353
7969	BURNT	17.9204059786	0.588359858969
7820	BURNT	2.9503932623	0.114533802331
5362588	BURNT	2.44848461144	0.0955413537008
31260	BURNT	4.21929884767	0.1616509608
8103	BURNT	4.1305944144	0.158399052489
12580	BURNT	6.47387360447	0.2421905284
7136	BURNT	4.30136626218	0.164653949799
31246	BURNT	1.55733695652	0.0613233589023
31252	BURNT	7.93389860678	0.29217724543
33032	BURNT	4.79009287023	0.182425718927
31266	BURNT	2.43184995004	0.0949084403298
104721	BURNT	4.39313325507	0.168005482284
31249	BURNT	2.54575246983	0.099237756538
261	BURNT	8.23236814791	0.302185971787
7410	BURNT	12.2377682397	0.429605540994
93375	BURNT	5.32728954672	0.201739576303
7360	BURNT	10.4031248236	0.372834990505
61386	BURNT	8.21678516211	0.301665183124
61130	BURNT	5.38149369557	0.203675558065
8615	BURNT	1.48313430521	0.0584454972615
61005	BURNT	4.1516497881	0.159171513139
638014	BURNT	4.1118113096	0.157709655486
61052	BURNT	3.44563748531	0.13307653234
8456	BURNT	12.9293280133	0.450306111381
61252	BURNT	4.98863636364	0.189590857438
62900	BURNT	5.21355419722	0.197669708942
18635	BURNT	11.4941868209	0.406920940566
5610	BURNT	6.27230900053	0.235155615942
5365027	BURNT	5.26678740026	0.199575876203
7127	BURNT	5.71085433793	0.21538863061
61199	BURNT	6.17755949386	0.231837483234
7194	BURNT	4.88056515617	0.185694639749
6276	BURNT	6.24323953329	0.234138365384
8797	ACID	7.14965226531	0.265539079606
16220109	ACID	5.71494994532	0.215533736662
7695	ACID	6.40150946029	0.239668649064
7150	ACID	5.82961542644	0.21959085065
61192	ACID	4.29066151874	0.164262550242
220674	ACID	5.2244737795	0.198060900671
7799	ACID	4.13600501989	0.158597585786
6999977	ACID	4.99852556712	0.189946919547
7720	ACID	9.70248560961	0.350444133583
5362798	ACID	10.433969022	0.37381167706
1551246	ACID	7.10799790271	0.264110462434
98330	ACID	5.02919235424	0.191050583875
556940	ACID	4.41342315821	0.168745604739
2214	ACID	5.41433827133	0.204847507286
8180	ACID	10.6489228878	0.380597092043
6989	ACID	13.3021442843	0.461306954347
379	ACID	6.9519440355	0.258745951071
7632	ACID	8.33200385718	0.305511238977
8118	ACID	7.99317793784	0.294170760095
8078	ACID	5.3196940522	0.201468104165
957	ACID	8.31957045	0.305096717011
14514	ACID	6.0502564413	0.22736801645
440967	ACID	4.72062361419	0.179911229645
61918	ACID	5.65026323573	0.213240339576
6590	ACID	5.73323913044	0.216181552847
14257	ACID	7.52947508549	0.278501805394
7059	ACID	8.97841451652	0.326891809768
8186	ACID	9.93435351601	0.357897588728
8082	ACID	5.3196940522	0.201468104165
8159	ACID	4.28341306808	0.163997471718
5363491	ACID	3.20921125976	0.124248835626
9025	ACID	5.0137854869	0.190496201513
6429333	ACID	2.26620109036	0.0885937766617
196	ACID	5.83044297293	0.219620092813
6448	ACID	6.55462196794	0.244999651061
61641	ACID	4.72922731893	0.180222856344
7969	ACID	5.64178605693	0.212939542312
7820	ACID	9.65919045673	0.349047634157
5362588	ACID	7.80620036804	0.287873309047
31260	ACID	7.31542132983	0.2712106975
8103	ACID	6.45801106442	0.241638079813
12580	ACID	5.69392383704	0.214788646017
7136	ACID	5.5610676974	0.210072518322
31246	ACID	6.50198600049	0.243169111239
31252	ACID	7.6794062137	0.28358693663
33032	ACID	6.88483465958	0.256433007067
31266	ACID	5.2616750108	0.199392910864
104721	ACID	10.8232838113	0.38607396347
31249	ACID	2.89443958006	0.112426471009
261	ACID	3.11765317095	0.12081822232
7410	ACID	6.33126264346	0.237216551074
93375	ACID	6.38153675435	0.238971865635
7360	ACID	5.8039105691	0.218682271606
61386	ACID	3.9651951952	0.152318698633
61130	ACID	4.45603198505	0.170298790981
8615	ACID	2.98513257576	0.115840896432
61005	ACID	10.5952061694	0.378904889267
638014	ACID	5.6702279531	0.213948524108
61052	ACID	5.21345931805	0.197666309498
8456	ACID	5.39054953934	0.203998771839
61252	ACID	6.66029365757	0.248667941661
62900	ACID	4.0490926478	0.155405645404
18635	ACID	5.46731891214	0.206736126051
5610	ACID	5.95589451329	0.22404670875
5365027	ACID	8.68293807641	0.317160157601
7127	ACID	4.72264109738	0.179984308321
61199	ACID	5.59603207379	0.211315052963
7194	ACID	4.1159327957	0.157860950716
6276	ACID	6.53682216451	0.244380868976
8797	WARM	6.63057195219	0.247637084322
16220109	WARM	5.10356509625	0.193724053173
7695	WARM	5.54412359603	0.209470021262
7150	WARM	4.23422758817	0.16219763022
61192	WARM	9.2986443744	0.337359860095
220674	WARM	7.21187435391	0.267670521478
7799	WARM	6.0622461475	0.227789514559
6999977	WARM	7.81358383362	0.288122516415
7720	WARM	4.15196410479	0.159183041821
5362798	WARM	5.83263783457	0.219697647739
1551246	WARM	8.86961672225	0.32331662857
98330	WARM	5.16922711305	0.196080720943
556940	WARM	7.12164582456	0.264578697282
2214	WARM	6.23621414216	0.233892418956
8180	WARM	3.14655647643	0.121901931993
6989	WARM	8.50739545598	0.311345507261
379	WARM	6.14655134248	0.230750016337
7632	WARM	3.9586937163	0.152079246276
8118	WARM	8.09603371784	0.297623043929
8078	WARM	6.56590389016	0.245391718049
957	WARM	4.27175080558	0.163570890245
14514	WARM	7.17823129252	0.266518449905
440967	WARM	6.68720931636	0.249600865278
61918	WARM	7.12312751756	0.26462952245
6590	WARM	7.1093266292	0.26415605512
14257	WARM	4.79778892605	0.18270404561
7059	WARM	7.84290919003	0.289111877776
8186	WARM	7.37117183909	0.273113203851
8082	WARM	6.71075514874	0.250416512083
8159	WARM	4.49425750119	0.171690959853
5363491	WARM	5.20699407147	0.197434647955
9025	WARM	5.00136333142	0.190049079188
6429333	WARM	5.18588184557	0.196677925616
196	WARM	5.50649431486	0.208131180738
6448	WARM	5.33744438373	0.202102450329
61641	WARM	6.91525511078	0.257481903132
7969	WARM	8.05659278343	0.296300236426
7820	WARM	4.23781704491	0.162329044474
5362588	WARM	4.42662402564	0.16922696092
31260	WARM	3.01758300209	0.117060997214
8103	WARM	4.34196579086	0.166137564863
12580	WARM	7.13569954178	0.265060698491
7136	WARM	7.61774258891	0.281497702696
31246	WARM	6.6186620844	0.247223808261
31252	WARM	5.55045000082	0.209695001948
33032	WARM	4.71829346571	0.179826821337
31266	WARM	3.62541497718	0.139759145584
104721	WARM	6.39463607907	0.239428894929
31249	WARM	5.48678226535	0.207429378763
261	WARM	5.44670298848	0.206001490161
7410	WARM	8.59269135237	0.314173916224
93375	WARM	5.95034295711	0.223851085762
7360	WARM	4.28942065483	0.164217174371
61386	WARM	7.36887202213	0.273034770934
61130	WARM	6.41000610093	0.239964972752
8615	WARM	9.32042766388	0.33806895782
61005	WARM	7.48536344479	0.277002271431
638014	WARM	5.0803128915	0.19288868403
61052	WARM	5.19877669704	0.197140156223
8456	WARM	6.80352445941	0.253625800349
61252	WARM	8.94041973792	0.325644347481
62900	WARM	5.74352783876	0.216545868736
18635	WARM	5.95621114533	0.22405786533
5610	WARM	4.80016527143	0.182789976204
5365027	WARM	4.74685359487	0.180861096174
7127	WARM	6.797360098	0.253412762199
61199	WARM	6.32426271418	0.236971989016
7194	WARM	7.56453651153	0.279692575407
6276	WARM	3.15824372302	0.122339947555
8797	MUSKY	4.20695628105	0.161198858782
16220109	MUSKY	3.73129829747	0.143682897105
7695	MUSKY	9.2731930136	0.336530877077
7150	MUSKY	8.71491532784	0.318216713445
61192	MUSKY	10.9979517228	0.391536092073
220674	MUSKY	3.87374626068	0.14894748639
7799	MUSKY	6.91003928222	0.257302114136
6999977	MUSKY	4.90620270734	0.186619778291
7720	MUSKY	10.1174733202	0.363753626253
5362798	MUSKY	5.29203613188	0.200479186707
1551246	MUSKY	6.21534534106	0.233161606559
98330	MUSKY	12.347550813	0.432917228088
556940	MUSKY	7.13395035878	0.265000715263
2214	MUSKY	8.89558735221	0.324170904352
8180	MUSKY	13.7731360062	0.475045730069
6989	MUSKY	3.85139095032	0.148122353112
379	MUSKY	13.7524616285	0.474446384802
7632	MUSKY	6.3632396711	0.238333259199
8118	MUSKY	5.84762735839	0.220227196047
8078	MUSKY	11.2631578947	0.399782825484
957	MUSKY	7.64716843258	0.282495063289
14514	MUSKY	12.0988481219	0.425401074524
440967	MUSKY	5.36890883323	0.203226280506
61918	MUSKY	5.66262608852	0.213678909854
6590	MUSKY	10.3621622671	0.371536727943
14257	MUSKY	5.28454147926	0.200211107712
7059	MUSKY	8.50541958044	0.311279918322
8186	MUSKY	4.96534526854	0.188751949287
8082	MUSKY	11.2631578947	0.399782825484
8159	MUSKY	6.74801750649	0.251706404152
5363491	MUSKY	12.3386024816	0.432647654785
9025	MUSKY	12.159375	0.427234839844
6429333	MUSKY	13.7443189549	0.474210236782
196	MUSKY	23.1947571404	0.712591582096
6448	MUSKY	4.95219654903	0.188278161697
61641	MUSKY	7.23314114116	0.268398313339
7969	MUSKY	7.42566444037	0.274970380663
7820	MUSKY	7.21953574204	0.267932751149
5362588	MUSKY	6.29650126468	0.236001679317
31260	MUSKY	8.59927322084	0.314391928863
8103	MUSKY	3.84379908628	0.147842046885
12580	MUSKY	6.80905612245	0.253816946787
7136	MUSKY	10.7443212068	0.383596672993
31246	MUSKY	4.74246508964	0.180702213535
31252	MUSKY	4.23241338528	0.162131206186
33032	MUSKY	24.2030165967	0.733806258916
31266	MUSKY	5.97998993559	0.224895485572
104721	MUSKY	11.0896375081	0.3943934763
31249	MUSKY	9.52362095722	0.344665095834
261	MUSKY	9.54892021323	0.345484057634
7410	MUSKY	6.25689232214	0.234616212273
93375	MUSKY	10.7232252065	0.382933984729
7360	MUSKY	5.94919907551	0.223810775164
61386	MUSKY	13.4937849182	0.466918504161
61130	MUSKY	10.4790314482	0.37523721789
8615	MUSKY	7.65382039353	0.282720429095
61005	MUSKY	7.17787531876	0.266506255114
638014	MUSKY	8.25022931755	0.302782659185
61052	MUSKY	4.08385672718	0.15668311478
8456	MUSKY	8.61941580854	0.315058900789
61252	MUSKY	4.93760351967	0.18775216938
62900	MUSKY	4.77939068763	0.182038597367
18635	MUSKY	13.8377761486	0.476917426449
5610	MUSKY	4.93221575605	0.187557929336
5365027	MUSKY	8.837975401	0.322275092364
7127	MUSKY	10.0951593534	0.363041477188
61199	MUSKY	8.27212473334	0.303513770292
7194	MUSKY	1.85303803339	0.0727480213545
6276	MUSKY	4.75015638877	0.180980661264
8797	SWEATY	4.52194834442	0.172698727045
16220109	SWEATY	4.21228897904	0.161394207784
7695	SWEATY	2.0789790963	0.0814303022188
7150	SWEATY	3.23239533288	0.12511646148
61192	SWEATY	2.26294189876	0.0884693135356
220674	SWEATY	1.97210138496	0.0773283818495
7799	SWEATY	7.59158051436	0.280610382692
6999977	SWEATY	3.58023230125	0.138082066718
7720	SWEATY	1.51711451247	0.0597639259212
5362798	SWEATY	2.7036858862	0.1052234685
1551246	SWEATY	4.95471147761	0.188368792774
98330	SWEATY	3.8587624195	0.148394477816
556940	SWEATY	2.59614657075	0.101149872023
2214	SWEATY	2.45916488689	0.0959475986991
8180	SWEATY	6.56669750231	0.245419293658
6989	SWEATY	1.88302321926	0.0739026181928
379	SWEATY	4.60492442691	0.175714845485
7632	SWEATY	0.948680751873	0.0375872320073
8118	SWEATY	2.45056587084	0.0956205255986
8078	SWEATY	7.44751104542	0.275714273508
957	SWEATY	9.45503620803	0.342442364443
14514	SWEATY	7.84591038588	0.289213091522
440967	SWEATY	0.357231068289	0.0142381971171
61918	SWEATY	2.26426686624	0.0885199128731
6590	SWEATY	5.78180500658	0.21790049261
14257	SWEATY	4.95566427828	0.188403127756
7059	SWEATY	2.95463388384	0.114693410798
8186	SWEATY	3.33636183847	0.129001949412
8082	SWEATY	8.67102772558	0.316766420296
8159	SWEATY	2.48112496584	0.0967826061953
5363491	SWEATY	5.97890299464	0.224857207378
9025	SWEATY	2.01485858999	0.0789704815446
6429333	SWEATY	5.1960109033	0.197041024409
196	SWEATY	17.0545705782	0.565839472086
6448	SWEATY	2.38127309343	0.0929827391191
61641	SWEATY	5.40555330087	0.204534129439
7969	SWEATY	5.06488655048	0.192334231712
7820	SWEATY	5.28456560561	0.200211970768
5362588	SWEATY	1.30777004741	0.0516266968978
31260	SWEATY	5.0724224613	0.192605110601
8103	SWEATY	3.69572072072	0.142365488171
12580	SWEATY	3.62161983326	0.139618341244
7136	SWEATY	3.90274326905	0.150017168753
31246	SWEATY	3.07258283515	0.119127007295
31252	SWEATY	5.45898383002	0.206439151418
33032	SWEATY	11.8406586147	0.417545866016
31266	SWEATY	6.55722803707	0.245090225671
104721	SWEATY	1.09515655022	0.0433265148612
31249	SWEATY	4.76991902964	0.181695910166
261	SWEATY	5.96258840579	0.224282552033
7410	SWEATY	2.8914147542	0.112312478456
93375	SWEATY	3.15041532673	0.122046566377
7360	SWEATY	1.85178283305	0.0726996734576
61386	SWEATY	4.39114603031	0.167932975829
61130	SWEATY	4.44858444695	0.170027416445
8615	SWEATY	6.03756338438	0.226921666727
61005	SWEATY	3.70965228483	0.142881483363
638014	SWEATY	2.01425353439	0.0789472544554
61052	SWEATY	4.99234104777	0.189724254256
8456	SWEATY	1.00424210632	0.0397662833697
61252	SWEATY	4.16372165533	0.159614235004
62900	SWEATY	3.12107230959	0.120946455439
18635	SWEATY	8.43348742379	0.308890012901
5610	SWEATY	2.972058068	0.115349071056
5365027	SWEATY	4.63888591187	0.176947731473
7127	SWEATY	1.69286604203	0.0665683235065
61199	SWEATY	6.10860353628	0.229418126586
7194	SWEATY	6.37406721384	0.238711195415
6276	SWEATY	5.50651512878	0.208131921606
8797	AMMONIA/URINOUS	4.05722625084	0.155704616094
16220109	AMMONIA/URINOUS	2.74214625015	0.106678103583
7695	AMMONIA/URINOUS	1.59853319554	0.0629192044709
7150	AMMONIA/URINOUS	10.0583463913	0.3618657228
61192	AMMONIA/URINOUS	4.04430893374	0.155229783449
220674	AMMONIA/URINOUS	6.12161410019	0.229874900331
7799	AMMONIA/URINOUS	0.732746138997	0.0290950787982
6999977	AMMONIA/URINOUS	4.15894270123	0.159438986292
7720	AMMONIA/URINOUS	8.13761784146	0.299016384005
5362798	AMMONIA/URINOUS	9.37432337358	0.339821759458
1551246	AMMONIA/URINOUS	8.87109663015	0.323365323037
98330	AMMONIA/URINOUS	5.60172771172	0.211517367126
556940	AMMONIA/URINOUS	2.87626171451	0.111741316
2214	AMMONIA/URINOUS	2.07566139314	0.081303107638
8180	AMMONIA/URINOUS	6.03631488626	0.226877756488
6989	AMMONIA/URINOUS	5.95850127316	0.224138555958
379	AMMONIA/URINOUS	7.78668807104	0.287214518395
7632	AMMONIA/URINOUS	4.93423073751	0.187630576312
8118	AMMONIA/URINOUS	7.33539347557	0.271892540046
8078	AMMONIA/URINOUS	8.41508365183	0.308277892926
957	AMMONIA/URINOUS	6.8550114611	0.255403985591
14514	AMMONIA/URINOUS	1.95104993945	0.0765193592317
440967	AMMONIA/URINOUS	8.38293725989	0.307208035554
61918	AMMONIA/URINOUS	3.8094173861	0.146572031115
6590	AMMONIA/URINOUS	7.04199882923	0.261844054165
14257	AMMONIA/URINOUS	6.11290544717	0.229569172685
7059	AMMONIA/URINOUS	7.86146395132	0.28973751187
8186	AMMONIA/URINOUS	6.67906142309	0.249318512326
8082	AMMONIA/URINOUS	10.3658991228	0.371655219062
8159	AMMONIA/URINOUS	4.13665047817	0.158621268255
5363491	AMMONIA/URINOUS	2.65409633233	0.103346162357
9025	AMMONIA/URINOUS	4.26379007688	0.163279640747
6429333	AMMONIA/URINOUS	3.32549406159	0.128596198162
196	AMMONIA/URINOUS	6.34052692004	0.237540164152
6448	AMMONIA/URINOUS	6.51496524533	0.243620700954
61641	AMMONIA/URINOUS	8.35092954789	0.30614197219
7969	AMMONIA/URINOUS	6.92709564696	0.257889964237
7820	AMMONIA/URINOUS	1.83825173687	0.0721784016954
5362588	AMMONIA/URINOUS	4.51535056915	0.172458666461
31260	AMMONIA/URINOUS	10.8500912179	0.386913856941
8103	AMMONIA/URINOUS	11.5044065462	0.407235713855
12580	AMMONIA/URINOUS	4.9553800324	0.18839288479
7136	AMMONIA/URINOUS	11.4709075405	0.406203613698
31246	AMMONIA/URINOUS	3.26285846438	0.126255840432
31252	AMMONIA/URINOUS	4.21547823416	0.161511026669
33032	AMMONIA/URINOUS	4.35913497333	0.166764575847
31266	AMMONIA/URINOUS	2.89927957439	0.112608854155
104721	AMMONIA/URINOUS	3.42537360689	0.132321670537
31249	AMMONIA/URINOUS	1.6518627767	0.0649830508149
261	AMMONIA/URINOUS	5.71761649014	0.215628204274
7410	AMMONIA/URINOUS	5.91514344868	0.22261016914
93375	AMMONIA/URINOUS	4.81453168662	0.18330938132
7360	AMMONIA/URINOUS	7.75797080295	0.286244387726
61386	AMMONIA/URINOUS	3.48834164123	0.134666254687
61130	AMMONIA/URINOUS	8.2041154024	0.301241612282
8615	AMMONIA/URINOUS	2.01127799737	0.0788330242215
61005	AMMONIA/URINOUS	3.08827037198	0.119715849323
638014	AMMONIA/URINOUS	4.98272461424	0.189377966737
61052	AMMONIA/URINOUS	2.13938665196	0.0837446759797
8456	AMMONIA/URINOUS	2.33731521118	0.0913073914886
61252	AMMONIA/URINOUS	5.28450810166	0.200209913716
62900	AMMONIA/URINOUS	2.40138723698	0.0937488252144
18635	AMMONIA/URINOUS	9.11511492723	0.331370469035
5610	AMMONIA/URINOUS	4.22902645048	0.162007192132
5365027	AMMONIA/URINOUS	6.83592013302	0.254744883695
7127	AMMONIA/URINOUS	7.07308448691	0.262911969813
61199	AMMONIA/URINOUS	2.462744813	0.0960837477145
7194	AMMONIA/URINOUS	1.22020582189	0.0482126719763
6276	AMMONIA/URINOUS	10.9997368013	0.391591788172
8797	DECAYED	1.99499615094	0.0782078421805
16220109	DECAYED	2.012958622	0.0788975439143
7695	DECAYED	4.20182305531	0.161010795417
7150	DECAYED	2.91340425532	0.113141000471
61192	DECAYED	8.20701322269	0.301338502493
220674	DECAYED	1.93594472903	0.0759386363637
7799	DECAYED	4.33899537426	0.166029062627
6999977	DECAYED	0.96193616936	0.0381073182968
7720	DECAYED	4.12219560288	0.15809082548
5362798	DECAYED	2.56545215737	0.0999854683861
1551246	DECAYED	4.54145358868	0.173408223268
98330	DECAYED	10.7985867705	0.385299680323
556940	DECAYED	10.4338898337	0.373809170524
2214	DECAYED	3.36279041164	0.129988272725
8180	DECAYED	7.8325863398	0.288763690084
6989	DECAYED	1.1172616415	0.0441911562297
379	DECAYED	4.79080581474	0.182451504448
7632	DECAYED	3.68991858581	0.142150543764
8118	DECAYED	13.5920068027	0.469783212538
8078	DECAYED	2.97828544471	0.115583344112
957	DECAYED	6.37398270686	0.238708246055
14514	DECAYED	0.457304347826	0.0182085230064
440967	DECAYED	2.39608958468	0.0935470852679
61918	DECAYED	2.94390959282	0.114289742237
6590	DECAYED	4.45758276266	0.170355292872
14257	DECAYED	4.30097538908	0.164639659844
7059	DECAYED	3.43596480148	0.132716250412
8186	DECAYED	9.13604314453	0.332054812046
8082	DECAYED	2.98893162393	0.115983780056
8159	DECAYED	3.5962728244	0.138677641685
5363491	DECAYED	1.78457625165	0.0701091651067
9025	DECAYED	3.49327069907	0.134849651892
6429333	DECAYED	4.28598269743	0.164091448824
196	DECAYED	4.67236304984	0.178162131406
6448	DECAYED	3.80837081387	0.146533357252
61641	DECAYED	21.936712963	0.684980768271
7969	DECAYED	13.6430514103	0.471268915699
7820	DECAYED	4.03569904906	0.154913215237
5362588	DECAYED	1.9035927711	0.0746942446688
31260	DECAYED	3.00851477864	0.116720126676
8103	DECAYED	6.67800453515	0.249281883577
12580	DECAYED	2.5349029859	0.0988258261768
7136	DECAYED	8.61605772676	0.31494772877
31246	DECAYED	3.56232159531	0.137416809753
31252	DECAYED	5.6880725653	0.214581234809
33032	DECAYED	4.34288171115	0.166171019823
31266	DECAYED	6.33869462432	0.237476165157
104721	DECAYED	2.76827294686	0.107665583831
31249	DECAYED	5.14118781637	0.195074787789
261	DECAYED	3.42400298078	0.132270600666
7410	DECAYED	6.47723975869	0.242307736391
93375	DECAYED	2.1146973151	0.0827991147101
7360	DECAYED	5.29104232717	0.200443641524
61386	DECAYED	5.30334812186	0.200883724354
61130	DECAYED	3.99073051948	0.153258848748
8615	DECAYED	2.43911587971	0.0951849206784
61005	DECAYED	4.5582822348	0.174020114619
638014	DECAYED	3.00303030303	0.116513935721
61052	DECAYED	3.99446951321	0.153396465852
8456	DECAYED	1.34909022276	0.0532355911386
61252	DECAYED	13.7943973136	0.475661733645
62900	DECAYED	4.39279404515	0.167993105997
18635	DECAYED	19.2413425926	0.621561997798
5610	DECAYED	6.37566879551	0.238767090784
5365027	DECAYED	4.14908591786	0.159077471133
7127	DECAYED	3.83905841325	0.14766698873
61199	DECAYED	7.69721679976	0.284189813405
7194	DECAYED	4.69370008873	0.17893567534
6276	DECAYED	1.58794232923	0.0625090688327
8797	WOOD	1.96968648989	0.0772355936481
16220109	WOOD	3.65958172743	0.141026253729
7695	WOOD	2.09039857673	0.0818680365854
7150	WOOD	1.68438926733	0.0662407038115
61192	WOOD	3.18388151734	0.123300420087
220674	WOOD	3.84197912801	0.147774843673
7799	WOOD	0.158901876525	0.00634597513846
6999977	WOOD	1.55668041129	0.0612979148906
7720	WOOD	3.23739727305	0.125303594481
5362798	WOOD	2.63825531914	0.102746056314
1551246	WOOD	5.02779856798	0.191000439343
98330	WOOD	5.51549518395	0.208451532508
556940	WOOD	2.10965136055	0.0826058028766
2214	WOOD	2.85980864322	0.111120943539
8180	WOOD	8.43648049647	0.308989538592
6989	WOOD	7.31390163409	0.271158802518
379	WOOD	9.57095476492	0.346196920552
7632	WOOD	3.41439148784	0.131912431821
8118	WOOD	3.05469871743	0.118455474996
8078	WOOD	3.41813194057	0.132051827237
957	WOOD	2.8123126048	0.109328863317
14514	WOOD	2.5739942175	0.100309590207
440967	WOOD	3.01350812124	0.116907832371
61918	WOOD	12.931305457	0.45036475395
6590	WOOD	1.05541666667	0.0417711049306
14257	WOOD	2.18623631722	0.085537600995
7059	WOOD	6.61479778999	0.247089691679
8186	WOOD	7.41407400229	0.274575562767
8082	WOOD	3.54807147214	0.136887334417
8159	WOOD	1.37176386913	0.0541178603202
5363491	WOOD	4.30394000554	0.164748040393
9025	WOOD	3.72975153327	0.143625642731
6429333	WOOD	0.829732340229	0.0329139113066
196	WOOD	3.79268774703	0.145953717743
6448	WOOD	3.97771137065	0.152779579727
61641	WOOD	0.757315999602	0.0300632289748
7969	WOOD	2.92538304819	0.113592175536
7820	WOOD	2.33262073418	0.0911283815714
5362588	WOOD	2.08961366181	0.0818379523703
31260	WOOD	1.70246545889	0.0669392629
8103	WOOD	3.54680839002	0.136840395699
12580	WOOD	1.75073550073	0.0688033901118
7136	WOOD	1.86565217792	0.0732338238973
31246	WOOD	4.7492599445	0.180948209772
31252	WOOD	7.24368994102	0.268759180056
33032	WOOD	3.42965471037	0.132481175842
31266	WOOD	2.65305200249	0.103306606128
104721	WOOD	4.48108417066	0.171211320689
31249	WOOD	0.208512237929	0.0083230985758
261	WOOD	6.8265437788	0.254421071167
7410	WOOD	4.22088750774	0.161709143769
93375	WOOD	4.98005891352	0.189281961828
7360	WOOD	2.17531250486	0.085119706397
61386	WOOD	2.15392730496	0.0843013310645
61130	WOOD	4.99459157905	0.189805285146
8615	WOOD	3.74638856768	0.144241371787
61005	WOOD	2.59530478796	0.101117948741
638014	WOOD	3.86765306122	0.148722626368
61052	WOOD	0.869917743831	0.0344940070008
8456	WOOD	2.23305674561	0.0873276528529
61252	WOOD	3.59363636364	0.13857976562
62900	WOOD	1.55847567288	0.061367488346
18635	WOOD	2.03487909881	0.0797388707737
5610	WOOD	2.08348379921	0.0816029900717
5365027	WOOD	3.11179272572	0.120598407442
7127	WOOD	2.70011294261	0.105088273743
61199	WOOD	2.16878675085	0.0848700156458
7194	WOOD	4.00527777778	0.15379421108
6276	WOOD	2.7026690401	0.105184993628
8797	GRASS	1.81661078874	0.0713444016464
16220109	GRASS	22.7106382979	0.702116295156
7695	GRASS	1.7972049985	0.0705962216173
7150	GRASS	4.14574468085	0.15895490765
61192	GRASS	3.25819418249	0.126081435567
220674	GRASS	3.14292478355	0.121765800864
7799	GRASS	2.18311591078	0.0854182383993
6999977	GRASS	6.70962767546	0.250377465601
7720	GRASS	3.10174395527	0.120221431985
5362798	GRASS	2.85305784804	0.110866338288
1551246	GRASS	1.33458592133	0.0526709890205
98330	GRASS	3.95757575758	0.152038067952
556940	GRASS	2.03416347584	0.0797114106149
2214	GRASS	1.64348460967	0.064658967722
8180	GRASS	5.87940088153	0.221349093371
6989	GRASS	3.69522263451	0.142347037253
379	GRASS	2.60231745117	0.1013838756
7632	GRASS	4.72644584496	0.180122117668
8118	GRASS	2.40859929078	0.0940234314138
8078	GRASS	3.40694444444	0.131634869599
957	GRASS	10.9265306122	0.389305596002
14514	GRASS	0.983762039167	0.0389633664668
440967	GRASS	8.39832650713	0.307720305037
61918	GRASS	1.81147959184	0.0711466003488
6590	GRASS	1.27126788224	0.0502042664782
14257	GRASS	2.31288391166	0.0903755836708
7059	GRASS	3.80286724769	0.146329970186
8186	GRASS	4.79114881715	0.182463909891
8082	GRASS	3.46319444444	0.133730291474
8159	GRASS	3.92465395811	0.150824994848
5363491	GRASS	3.54558208161	0.136794822346
9025	GRASS	5.99556724258	0.225443959079
6429333	GRASS	2.42929260794	0.0948111192876
196	GRASS	2.37032793152	0.0925657354596
6448	GRASS	5.872139765	0.221092780432
61641	GRASS	1.83666459827	0.0721172491923
7969	GRASS	2.678587896	0.104273582593
7820	GRASS	0.912200934806	0.0361551931741
5362588	GRASS	1.58713904282	0.0624779575762
31260	GRASS	2.0532018225	0.0804418178104
8103	GRASS	9.6118167542	0.347517861642
12580	GRASS	2.64269740582	0.102914356401
7136	GRASS	4.37594155598	0.167378116439
31246	GRASS	2.04954536458	0.0803015601027
31252	GRASS	1.49453194321	0.0588878274369
33032	GRASS	5.91215187373	0.222504659038
31266	GRASS	1.41003343824	0.0556060598107
104721	GRASS	1.62319799672	0.0638740111743
31249	GRASS	2.71670527725	0.105716016064
261	GRASS	2.66698137246	0.103834139042
7410	GRASS	1.62225636158	0.063837568182
93375	GRASS	4.77773718553	0.181978778376
7360	GRASS	3.4879711344	0.134652468322
61386	GRASS	2.57190610703	0.100230363872
61130	GRASS	7.16986578414	0.266231841221
8615	GRASS	2.0230390338	0.0792844865789
61005	GRASS	1.36628324057	0.0539046376654
638014	GRASS	5.09194454194	0.19330662199
61052	GRASS	3.6733201581	0.14153549393
8456	GRASS	4.29407778565	0.164387469814
61252	GRASS	0.433333333333	0.0172582222222
62900	GRASS	3.37974573485	0.130620756901
18635	GRASS	3.6122329439	0.13927002702
5610	GRASS	3.7572973546	0.14464498082
5365027	GRASS	2.59165621102	0.100979575674
7127	GRASS	2.46010665638	0.095983416351
61199	GRASS	1.55165054613	0.0611029740781
7194	GRASS	1.42009324009	0.0559970636795
6276	GRASS	2.75367665461	0.107113972137
8797	FLOWER	7.59704543809	0.280795777768
16220109	FLOWER	13.4192645516	0.464739917621
7695	FLOWER	11.7622333024	0.415149279192
7150	FLOWER	7.99123335505	0.294105409988
61192	FLOWER	15.300127551	0.518367540809
220674	FLOWER	10.2742433823	0.36874570446
7799	FLOWER	7.59771501601	0.280818491255
6999977	FLOWER	14.4635665474	0.494864758989
7720	FLOWER	1.61380635473	0.063510505809
5362798	FLOWER	6.01685388309	0.226193143063
1551246	FLOWER	7.80149777316	0.287714563925
98330	FLOWER	4.77735586936	0.181964983133
556940	FLOWER	9.49829230651	0.343844669564
2214	FLOWER	4.46167351319	0.170504328312
8180	FLOWER	3.01150265958	0.116832447076
6989	FLOWER	1.74311066751	0.0685090527807
379	FLOWER	5.29840788292	0.200707064879
7632	FLOWER	12.3377418417	0.432621724166
8118	FLOWER	1.62895545315	0.0640968197787
8078	FLOWER	0.157894736842	0.00630581717451
957	FLOWER	9.02077786517	0.32828134129
14514	FLOWER	2.24388326439	0.087741325734
440967	FLOWER	1.31334015336	0.0518436611911
61918	FLOWER	3.17611258996	0.123009427125
6590	FLOWER	1.88174635565	0.0738534664872
14257	FLOWER	2.42460382843	0.0946326716472
7059	FLOWER	8.26361832652	0.303229777922
8186	FLOWER	1.9636549176	0.07700382045
8082	FLOWER	0.157894736842	0.00630581717451
8159	FLOWER	6.62125293416	0.247313721199
5363491	FLOWER	13.1850169377	0.45786280885
9025	FLOWER	8.76641781827	0.319916680185
6429333	FLOWER	9.6548198171	0.348906574404
196	FLOWER	7.35443353113	0.27254226422
6448	FLOWER	6.8981356027	0.256891714191
61641	FLOWER	3.16845019342	0.122722377086
7969	FLOWER	0.739901219381	0.0293770672495
7820	FLOWER	3.61883235419	0.139514915125
5362588	FLOWER	4.08731961147	0.156810311816
31260	FLOWER	1.88393926521	0.0739378797466
8103	FLOWER	2.80684915831	0.109122605453
12580	FLOWER	5.49215588756	0.207620724985
7136	FLOWER	6.32921491869	0.237145012153
31246	FLOWER	5.05349332597	0.19192461512
31252	FLOWER	0.711213849273	0.0282462239152
33032	FLOWER	3.82450634831	0.147129514409
31266	FLOWER	6.74643573227	0.251651671255
104721	FLOWER	3.3306122449	0.128787298625
31249	FLOWER	7.64265515336	0.282342135017
261	FLOWER	2.51456902822	0.0980535381699
7410	FLOWER	4.54760944172	0.173632077015
93375	FLOWER	6.39144025425	0.23931740676
7360	FLOWER	2.94595594051	0.114366775059
61386	FLOWER	7.95536859276	0.292899587932
61130	FLOWER	7.98405284329	0.29386407381
8615	FLOWER	10.8517319168	0.386965242434
61005	FLOWER	11.9232310255	0.420063865786
638014	FLOWER	8.92524273917	0.325145726386
61052	FLOWER	12.7874087288	0.446089220354
8456	FLOWER	6.14253945153	0.230609261696
61252	FLOWER	0.902908163265	0.0357902292701
62900	FLOWER	9.41860792352	0.341260246854
18635	FLOWER	3.24411212761	0.125554779706
5610	FLOWER	7.58441671596	0.28036731787
5365027	FLOWER	7.93456125281	0.292199545203
7127	FLOWER	7.11567204301	0.264373766271
61199	FLOWER	3.60434501908	0.138977279557
7194	FLOWER	11.9043734115	0.419489293933
6276	FLOWER	2.31609105181	0.0904979309681
8797	CHEMICAL	11.3257074426	0.401719638072
16220109	CHEMICAL	9.51199010097	0.344288421766
7695	CHEMICAL	9.90043927778	0.356810091954
7150	CHEMICAL	21.4441678509	0.673825780109
61192	CHEMICAL	6.12370145183	0.229948170285
220674	CHEMICAL	19.9465958133	0.638717158716
7799	CHEMICAL	15.1191972027	0.513331838485
6999977	CHEMICAL	16.0469299706	0.53887561423
7720	CHEMICAL	25.3597858694	0.75714393904
5362798	CHEMICAL	23.3371472477	0.715636913244
1551246	CHEMICAL	13.8420034354	0.477039713772
98330	CHEMICAL	12.7646422751	0.44541125404
556940	CHEMICAL	11.6056236544	0.410348746013
2214	CHEMICAL	22.0188398532	0.686821870735
8180	CHEMICAL	28.0046026922	0.806480998908
6989	CHEMICAL	26.4713969679	0.778561935743
379	CHEMICAL	16.5169370993	0.551553799516
7632	CHEMICAL	21.5835196465	0.677001457728
8118	CHEMICAL	20.1535781921	0.643676442107
8078	CHEMICAL	29.4006554222	0.830266801187
957	CHEMICAL	23.1145957741	0.710870015843
14514	CHEMICAL	16.0458124046	0.538845257894
440967	CHEMICAL	30.3623316573	0.845744792825
61918	CHEMICAL	16.4864493147	0.550736768185
6590	CHEMICAL	12.5070145015	0.437710415363
14257	CHEMICAL	24.1413318298	0.732531712186
7059	CHEMICAL	13.4981678834	0.467046500853
8186	CHEMICAL	19.7370928165	0.633662579521
8082	CHEMICAL	25.6630624955	0.763085389161
8159	CHEMICAL	14.5440894431	0.497151362632
5363491	CHEMICAL	8.721179078	0.318423577316
9025	CHEMICAL	11.5832747027	0.409662086972
6429333	CHEMICAL	14.5133611691	0.496279385793
196	CHEMICAL	18.9251178179	0.613740678947
6448	CHEMICAL	9.55452073457	0.345665282796
61641	CHEMICAL	17.4712026427	0.576750936996
7969	CHEMICAL	32.926122449	0.883393082149
7820	CHEMICAL	10.7268234619	0.383047041842
5362588	CHEMICAL	24.6713548512	0.74338389397
31260	CHEMICAL	17.686329147	0.582330670403
8103	CHEMICAL	27.1398544224	0.790965497669
12580	CHEMICAL	18.9852481968	0.615234068234
7136	CHEMICAL	10.097245334	0.363108068027
31246	CHEMICAL	24.994359577	0.749887178814
31252	CHEMICAL	13.0711806684	0.454504921109
33032	CHEMICAL	15.0117774547	0.510329713249
31266	CHEMICAL	17.5610966277	0.579087019201
104721	CHEMICAL	19.3434171989	0.624069572385
31249	CHEMICAL	15.3109979824	0.518669255608
261	CHEMICAL	17.1858680676	0.56929309821
7410	CHEMICAL	20.0006691807	0.640016060158
93375	CHEMICAL	23.3928409297	0.716823634484
7360	CHEMICAL	18.9516745022	0.614400593514
61386	CHEMICAL	21.4017213842	0.672855384085
61130	CHEMICAL	16.3003509167	0.545733460665
8615	CHEMICAL	17.8778866691	0.587267934063
61005	CHEMICAL	14.0496115472	0.483027828037
638014	CHEMICAL	29.0697294651	0.824769510134
61052	CHEMICAL	12.2178760282	0.429004443272
8456	CHEMICAL	24.0021052776	0.729643788001
61252	CHEMICAL	13.3716092444	0.463344396261
62900	CHEMICAL	18.7757731992	0.610019064277
18635	CHEMICAL	11.1021883753	0.394784100325
5610	CHEMICAL	16.9179860365	0.562232140848
5365027	CHEMICAL	15.9695849984	0.536772341928
7127	CHEMICAL	6.95688061544	0.258915949459
61199	CHEMICAL	14.9614614995	0.5089203279
7194	CHEMICAL	10.349542675	0.371136493569
6276	CHEMICAL	30.5433868657	0.848576082137
