#oID	descriptor	value	sigma
8797	INTENSITY/STRENGTH	49.6346938776	0.999946620575
16220109	INTENSITY/STRENGTH	45.4	0.991536
7695	INTENSITY/STRENGTH	25.6693877551	0.763208523115
61192	INTENSITY/STRENGTH	54.5897959184	0.991573509371
220674	INTENSITY/STRENGTH	34.3632653061	0.902197011245
7799	INTENSITY/STRENGTH	44.5102040816	0.98794485631
6999977	INTENSITY/STRENGTH	50.6551020408	0.999828336526
7720	INTENSITY/STRENGTH	59.3387755102	0.965114908788
5362798	INTENSITY/STRENGTH	60.5755102041	0.955263433569
1551246	INTENSITY/STRENGTH	64.3591836735	0.917525537693
98330	INTENSITY/STRENGTH	48.5316326531	0.999137558934
2214	INTENSITY/STRENGTH	42.1102040816	0.975100448147
8180	INTENSITY/STRENGTH	19.9214285714	0.638111816327
6989	INTENSITY/STRENGTH	36.9224489796	0.931591063723
379	INTENSITY/STRENGTH	55.3102040816	0.988720693044
7632	INTENSITY/STRENGTH	42.9510204082	0.980124754686
8078	INTENSITY/STRENGTH	27.9530612245	0.805572996251
957	INTENSITY/STRENGTH	66.4530612245	0.891718710537
14514	INTENSITY/STRENGTH	36.4755102041	0.926835270304
440967	INTENSITY/STRENGTH	42.4673469388	0.977303655144
61918	INTENSITY/STRENGTH	46.0142857143	0.993645632653
14257	INTENSITY/STRENGTH	58.7052736139	0.969687284523
7059	INTENSITY/STRENGTH	59.881632653	0.960941334444
8186	INTENSITY/STRENGTH	46.4285714286	0.994897959184
8082	INTENSITY/STRENGTH	32.4734693877	0.877128289879
8159	INTENSITY/STRENGTH	48.7224489796	0.999347145356
5363491	INTENSITY/STRENGTH	64.8836734694	0.911390505623
9025	INTENSITY/STRENGTH	61.5323946339	0.946801549603
196	INTENSITY/STRENGTH	59.3408163265	0.965099660142
6448	INTENSITY/STRENGTH	45.8224489796	0.993019226989
7820	INTENSITY/STRENGTH	61.6163265306	0.946024383174
31260	INTENSITY/STRENGTH	32.9592218041	0.883844751391
8103	INTENSITY/STRENGTH	58.0819615296	0.973872759134
12580	INTENSITY/STRENGTH	40.9004997918	0.966879638384
7136	INTENSITY/STRENGTH	63.0510204082	0.931868346522
31246	INTENSITY/STRENGTH	63.4081632653	0.92808846314
33032	INTENSITY/STRENGTH	30.6795918367	0.850688731362
31266	INTENSITY/STRENGTH	57.6795918367	0.976409547688
104721	INTENSITY/STRENGTH	44.2918367347	0.986966748855
31249	INTENSITY/STRENGTH	48.2510204082	0.998776428155
261	INTENSITY/STRENGTH	35.5958783062	0.917008511292
7410	INTENSITY/STRENGTH	54.0959183674	0.993289381091
93375	INTENSITY/STRENGTH	45.4979591837	0.991892651395
7360	INTENSITY/STRENGTH	32.4183673469	0.876354477301
61386	INTENSITY/STRENGTH	30.6979591837	0.85097248813
8615	INTENSITY/STRENGTH	18.7408163265	0.609145374427
61005	INTENSITY/STRENGTH	56.5693877551	0.982737257809
638014	INTENSITY/STRENGTH	54.9367346939	0.990251460225
61052	INTENSITY/STRENGTH	48.4795918367	0.999075343607
8456	INTENSITY/STRENGTH	59.9183673469	0.960650395669
61252	INTENSITY/STRENGTH	51.2448979592	0.999380091628
62900	INTENSITY/STRENGTH	57.4408163265	0.977853700958
5610	INTENSITY/STRENGTH	46.8204081633	0.995956078301
5365027	INTENSITY/STRENGTH	68.8571428571	0.857763265307
7127	INTENSITY/STRENGTH	41.3227691897	0.969882266186
7194	INTENSITY/STRENGTH	54.7816326531	0.990854395668
6276	INTENSITY/STRENGTH	76.9742296919	0.708956373012
8797	VALENCE/PLEASANTNESS	45.9213972002	0.993345999681
16220109	VALENCE/PLEASANTNESS	47.049529175	0.996517888764
7695	VALENCE/PLEASANTNESS	46.3752528847	0.99474448334
7150	VALENCE/PLEASANTNESS	45.962358155	0.993478979333
61192	VALENCE/PLEASANTNESS	46.318712169	0.994579247962
220674	VALENCE/PLEASANTNESS	47.1793051248	0.996817472168
7799	VALENCE/PLEASANTNESS	47.8987745078	0.998233940572
6999977	VALENCE/PLEASANTNESS	46.7596771493	0.995800123129
7720	VALENCE/PLEASANTNESS	45.9219160592	0.993347692549
5362798	VALENCE/PLEASANTNESS	46.2467807113	0.994365337988
1551246	VALENCE/PLEASANTNESS	46.7045389202	0.995655974509
98330	VALENCE/PLEASANTNESS	45.932942663	0.993383617847
556940	VALENCE/PLEASANTNESS	21.3966491476	0.672739328006
2214	VALENCE/PLEASANTNESS	46.0422696689	0.993734548251
8180	VALENCE/PLEASANTNESS	25.8409444967	0.766536014875
6989	VALENCE/PLEASANTNESS	44.6440232123	0.98852540506
379	VALENCE/PLEASANTNESS	25.3602165115	0.757152427856
7632	VALENCE/PLEASANTNESS	45.2524677975	0.990984375194
8118	VALENCE/PLEASANTNESS	45.7853479405	0.992894683207
8078	VALENCE/PLEASANTNESS	47.0595186526	0.996541427778
957	VALENCE/PLEASANTNESS	46.2180613158	0.994278775916
14514	VALENCE/PLEASANTNESS	45.6603791903	0.992467076491
440967	VALENCE/PLEASANTNESS	46.0737909772	0.993833953084
61918	VALENCE/PLEASANTNESS	45.4530977293	0.991730271896
6590	VALENCE/PLEASANTNESS	45.8702828463	0.993178174492
14257	VALENCE/PLEASANTNESS	46.3689615362	0.99472622387
7059	VALENCE/PLEASANTNESS	44.2229088408	0.986650087095
8186	VALENCE/PLEASANTNESS	46.0609652142	0.993793601983
8082	VALENCE/PLEASANTNESS	45.9519251911	0.993445236137
8159	VALENCE/PLEASANTNESS	47.3685722691	0.997230235239
5363491	VALENCE/PLEASANTNESS	47.083221628	0.996596961571
9025	VALENCE/PLEASANTNESS	45.3136647249	0.991215304676
6429333	VALENCE/PLEASANTNESS	45.4173118075	0.991599587572
196	VALENCE/PLEASANTNESS	36.2311753541	0.924167787148
6448	VALENCE/PLEASANTNESS	47.3905223121	0.997276250479
61641	VALENCE/PLEASANTNESS	46.5596819161	0.995265684593
7969	VALENCE/PLEASANTNESS	21.781176667	0.681479203879
7820	VALENCE/PLEASANTNESS	46.8148918057	0.995942034316
5362588	VALENCE/PLEASANTNESS	46.3723242294	0.994735987401
31260	VALENCE/PLEASANTNESS	44.6960269924	0.988747148134
8103	VALENCE/PLEASANTNESS	46.3107961461	0.99455590997
12580	VALENCE/PLEASANTNESS	44.9988587575	0.989995434509
7136	VALENCE/PLEASANTNESS	46.1512222274	0.994074763863
31246	VALENCE/PLEASANTNESS	46.6275907169	0.995450742251
31252	VALENCE/PLEASANTNESS	43.8917244504	0.985075587924
33032	VALENCE/PLEASANTNESS	28.7296833466	0.819029451785
31266	VALENCE/PLEASANTNESS	47.4429296604	0.997384556511
104721	VALENCE/PLEASANTNESS	45.6823960535	0.992543318464
31249	VALENCE/PLEASANTNESS	47.4404413832	0.997379463875
261	VALENCE/PLEASANTNESS	45.4169357172	0.991598208712
7410	VALENCE/PLEASANTNESS	45.6292321109	0.992358555224
93375	VALENCE/PLEASANTNESS	45.5759256079	0.992171026309
7360	VALENCE/PLEASANTNESS	45.7357250309	0.992726383595
61386	VALENCE/PLEASANTNESS	46.9900516736	0.996376084429
61130	VALENCE/PLEASANTNESS	46.0837552458	0.99386521081
8615	VALENCE/PLEASANTNESS	46.6092687355	0.995401176597
61005	VALENCE/PLEASANTNESS	46.113456804	0.993957912794
638014	VALENCE/PLEASANTNESS	46.5621631974	0.995272511247
61052	VALENCE/PLEASANTNESS	46.5125009307	0.995134940097
8456	VALENCE/PLEASANTNESS	45.6252508744	0.992344628035
61252	VALENCE/PLEASANTNESS	45.9460917263	0.993426331083
62900	VALENCE/PLEASANTNESS	46.5426224676	0.995218616239
18635	VALENCE/PLEASANTNESS	44.6447572995	0.988528550247
5610	VALENCE/PLEASANTNESS	44.6672270111	0.988624612899
5365027	VALENCE/PLEASANTNESS	46.4612479545	0.994990893584
7127	VALENCE/PLEASANTNESS	45.4886274873	0.991859007221
61199	VALENCE/PLEASANTNESS	45.6721962575	0.992508045907
7194	VALENCE/PLEASANTNESS	46.265431889	0.99442120041
6276	VALENCE/PLEASANTNESS	46.0583520347	0.993785364527
8797	BAKERY	2.22835334964	0.0871479105254
16220109	BAKERY	5.25351980965	0.19910100423
7695	BAKERY	2.16232142631	0.084622603472
7150	BAKERY	3.93014497534	0.151027383203
61192	BAKERY	1.82050325507	0.071494437362
220674	BAKERY	2.98070409369	0.11567432499
7799	BAKERY	2.46542463245	0.0961856578505
6999977	BAKERY	2.84940497046	0.110728555344
7720	BAKERY	1.15410779696	0.0456315259558
5362798	BAKERY	2.72725871107	0.106115172412
1551246	BAKERY	0.775711130015	0.0307877540977
98330	BAKERY	3.17322857418	0.122901391134
556940	BAKERY	2.551855815	0.0994694453599
2214	BAKERY	11.2229751323	0.398536936963
8180	BAKERY	0.736734693878	0.0292522765514
6989	BAKERY	5.73007460777	0.216069482307
379	BAKERY	3.44888546735	0.133197494307
7632	BAKERY	3.2314484127	0.12508103297
8118	BAKERY	3.03877616384	0.117857382324
8078	BAKERY	0.348441627311	0.0138891004654
957	BAKERY	2.68017123223	0.104333522156
14514	BAKERY	2.22794305849	0.087132230231
440967	BAKERY	1.47568170055	0.0581562134293
61918	BAKERY	11.6425636475	0.411482830587
6590	BAKERY	7.48219928637	0.276894648991
14257	BAKERY	3.62247445402	0.139650049693
7059	BAKERY	4.32747338065	0.165608124882
8186	BAKERY	4.24962233572	0.16276117743
8082	BAKERY	0.206380448068	0.00823818076697
8159	BAKERY	2.26176591531	0.08842440259
5363491	BAKERY	2.09607223266	0.0820854817845
9025	BAKERY	2.88185381224	0.111952119932
6429333	BAKERY	12.8198436821	0.447054390472
196	BAKERY	3.6490919398	0.140637328798
6448	BAKERY	2.55241071429	0.0994905083897
61641	BAKERY	5.36920880063	0.203236990767
7969	BAKERY	2.65040176833	0.10320621892
7820	BAKERY	6.16875071098	0.231528634306
5362588	BAKERY	4.95225468484	0.188280256808
31260	BAKERY	1.85873461807	0.0729674269706
8103	BAKERY	3.21197500739	0.124352286916
12580	BAKERY	1.21332147697	0.047943999476
7136	BAKERY	11.6708567573	0.412350711311
31246	BAKERY	3.60944764862	0.139166661014
31252	BAKERY	4.38910976446	0.167858676769
33032	BAKERY	3.48674307047	0.134606771923
31266	BAKERY	1.2500261466	0.0493760197172
104721	BAKERY	1.04336180124	0.0412990305104
31249	BAKERY	3.28567727189	0.127108820822
261	BAKERY	4.99801829269	0.189928656966
7410	BAKERY	2.37313592351	0.0926727272957
93375	BAKERY	4.72409422354	0.180036942448
7360	BAKERY	4.33445381849	0.165863156778
61386	BAKERY	1.16279610195	0.0459710061681
61130	BAKERY	10.1854945219	0.365922061412
8615	BAKERY	2.88435207531	0.112046288255
61005	BAKERY	3.63340670496	0.140055610485
638014	BAKERY	4.55015940322	0.173724795891
61052	BAKERY	3.18717978849	0.123423945538
8456	BAKERY	3.60938811695	0.139164451646
61252	BAKERY	2.1087712585	0.0825720838519
62900	BAKERY	3.94547661883	0.151592350453
18635	BAKERY	2.4352994634	0.0950397051456
5610	BAKERY	2.15210095138	0.0842314226531
5365027	BAKERY	3.18678873684	0.123409300492
7127	BAKERY	7.74302424516	0.285739200022
61199	BAKERY	3.4101963886	0.13175607978
7194	BAKERY	1.78483560091	0.0701191687874
6276	BAKERY	1.42808477033	0.0563076203687
8797	SWEET	28.1162453947	0.808440513749
16220109	SWEET	22.3763967487	0.694774617367
7695	SWEET	15.3118219126	0.51869212039
7150	SWEET	15.1417422975	0.513960747979
61192	SWEET	3.33697691198	0.129024910515
220674	SWEET	1.09504608295	0.0433221929484
7799	SWEET	16.3971977205	0.548340671585
6999977	SWEET	22.6310875723	0.70037705301
7720	SWEET	10.4379169656	0.373936634392
5362798	SWEET	20.8735862154	0.660660808018
1551246	SWEET	14.6072200264	0.498940450295
98330	SWEET	17.1919803951	0.569453539841
556940	SWEET	15.835617893	0.533117998098
2214	SWEET	25.2647916667	0.755267787482
8180	SWEET	10.4067929749	0.372951182987
6989	SWEET	20.4010204081	0.649560162848
379	SWEET	26.6867518898	0.782596985022
7632	SWEET	11.1152518979	0.395190546014
8118	SWEET	9.63859649122	0.348382842721
8078	SWEET	2.77057268777	0.107752478304
957	SWEET	16.9580952381	0.563293011882
14514	SWEET	10.5979445374	0.378991210127
440967	SWEET	24.5946645103	0.741827571462
61918	SWEET	9.54767390827	0.345443725507
6590	SWEET	18.0777703038	0.592388500489
14257	SWEET	6.27500258148	0.2352498403
7059	SWEET	4.95663924794	0.188438260864
8186	SWEET	17.9838182849	0.589985643354
8082	SWEET	3.03577621298	0.117744673633
8159	SWEET	27.1430160566	0.791023314004
5363491	SWEET	36.8574983507	0.930909860159
9025	SWEET	3.36774698516	0.130173191504
6429333	SWEET	28.1162453947	0.808440513749
196	SWEET	8.17589631736	0.300297740457
6448	SWEET	1.09504608295	0.0433221929484
61641	SWEET	23.2971014493	0.714782083597
7969	SWEET	5.30092892384	0.200797217971
7820	SWEET	18.440147436	0.601590282455
5362588	SWEET	16.3776756023	0.547815720838
31260	SWEET	7.92326548659	0.291819365075
8103	SWEET	7.53986026826	0.278854613584
12580	SWEET	6.87406212485	0.256061392955
7136	SWEET	28.6649543098	0.817926330158
31246	SWEET	23.2971014493	0.714782083597
31252	SWEET	10.2734901298	0.368721765412
33032	SWEET	9.32982181571	0.338374642583
31266	SWEET	13.3677728393	0.463231973298
104721	SWEET	14.674829932	0.500852943866
31249	SWEET	21.9482891239	0.685240606769
261	SWEET	16.3703715088	0.547619235018
7410	SWEET	7.0966363512	0.263720555048
93375	SWEET	5.77701213819	0.21773093783
7360	SWEET	6.28132201646	0.235470878149
61386	SWEET	4.42866459627	0.169301355808
61130	SWEET	24.521472937	0.74033786348
8615	SWEET	14.1920320751	0.487115773235
61005	SWEET	10.135558618	0.364330525321
638014	SWEET	30.1975256056	0.843144803144
61052	SWEET	17.2762781494	0.571663211297
8456	SWEET	19.5591411564	0.629341645146
61252	SWEET	8.08395833333	0.297218180399
62900	SWEET	14.3534013605	0.491728002175
18635	SWEET	2.67966697256	0.104314432869
5610	SWEET	3.36774698516	0.130173191504
5365027	SWEET	22.1127491461	0.688920495924
7127	SWEET	30.0154145271	0.840246537391
61199	SWEET	27.0466612554	0.78925769619
7194	SWEET	13.9559752529	0.480331312011
6276	SWEET	3.39644308943	0.131243393313
8797	FRUIT	10.6523157295	0.380703897019
16220109	FRUIT	7.65589091777	0.282790570413
7695	FRUIT	3.04036771508	0.117917174266
7150	FRUIT	3.64537559705	0.140499518584
61192	FRUIT	6.74330406912	0.251543302857
220674	FRUIT	6.28485622881	0.235594482026
7799	FRUIT	15.3718491098	0.520356466371
6999977	FRUIT	4.47640799298	0.171041028311
7720	FRUIT	5.38458589631	0.203785929743
5362798	FRUIT	2.63202032162	0.102509800475
1551246	FRUIT	6.6861577592	0.249564428136
98330	FRUIT	1.53396918562	0.0604175428398
556940	FRUIT	3.38308209648	0.13074518607
2214	FRUIT	6.05384615385	0.227494224852
8180	FRUIT	1.73136760834	0.0680556508154
6989	FRUIT	1.80864033038	0.0710371412772
379	FRUIT	5.11939137358	0.194292387729
7632	FRUIT	1.29231343462	0.0510245077795
8118	FRUIT	5.79607369074	0.218405159538
8078	FRUIT	5.75619417933	0.216994258601
957	FRUIT	3.6767727713	0.141663447647
14514	FRUIT	2.63967443737	0.102799825041
440967	FRUIT	5.45905222146	0.206441588396
61918	FRUIT	7.26800720288	0.269590716635
6590	FRUIT	4.18198656458	0.160283857933
14257	FRUIT	2.64540556312	0.103016954287
7059	FRUIT	1.15652173913	0.045725852552
8186	FRUIT	9.15968629344	0.33282751054
8082	FRUIT	5.75619417933	0.216994258601
8159	FRUIT	3.22939189189	0.125004086879
5363491	FRUIT	0.773717756556	0.0307092545955
9025	FRUIT	0.350448564593	0.0139688169052
6429333	FRUIT	3.08338722989	0.119532578472
196	FRUIT	0.0765787666503	0.00306080494301
6448	FRUIT	10.3048096415	0.369716744961
61641	FRUIT	16.3670128167	0.547528869251
7969	FRUIT	2.12236578376	0.0830928567424
7820	FRUIT	1.9562960688	0.0767210050283
5362588	FRUIT	2.18897243108	0.0856422571214
31260	FRUIT	0.844716919029	0.0335032580918
8103	FRUIT	5.63254893065	0.212611714244
12580	FRUIT	4.08787878789	0.156830850322
7136	FRUIT	5.09747150456	0.193505173886
31246	FRUIT	16.2931872216	0.545540308929
31252	FRUIT	0.942983355506	0.0373636471767
33032	FRUIT	1.26487726331	0.0499551247358
31266	FRUIT	22.4737920465	0.69692315028
104721	FRUIT	4.37069735821	0.167186696169
31249	FRUIT	10.908643617	0.388746342454
261	FRUIT	4.088476874	0.1568528177
7410	FRUIT	0.825330516491	0.0327407524751
93375	FRUIT	3.37603965184	0.130482528581
7360	FRUIT	5.86970189702	0.221006715737
61386	FRUIT	3.6190186713	0.139521828395
61130	FRUIT	3.96789851076	0.152418252994
8615	FRUIT	5.44840170941	0.206062035901
61005	FRUIT	3.36729434521	0.130156305326
638014	FRUIT	1.11361704933	0.0440486248001
61052	FRUIT	8.3802796661	0.307119551731
8456	FRUIT	2.21893687708	0.0867880027372
61252	FRUIT	5.94995173745	0.223837299227
62900	FRUIT	11.8357142857	0.417394918368
18635	FRUIT	1.76782496783	0.0694629166663
5610	FRUIT	0.527975441884	0.0210075144485
5365027	FRUIT	6.05384615385	0.227494224852
7127	FRUIT	2.50219520432	0.0975834158367
61199	FRUIT	4.32606540901	0.165556679591
7194	FRUIT	6.81890007599	0.254157043741
6276	FRUIT	5.37272342995	0.203362474376
8797	FISH	0.0133809418114	0.000535166052613
16220109	FISH	0.284804963087	0.0113597529767
7695	FISH	0.855303030303	0.0339195039027
7150	FISH	0.73172433568	0.0290548052258
61192	FISH	1.92943443335	0.0756882904408
220674	FISH	2.19798015873	0.0859867596379
7799	FISH	3.075320163	0.119229768878
6999977	FISH	0.665441650548	0.0264405409858
7720	FISH	0.747857142857	0.0296905695918
5362798	FISH	0.224936608431	0.0089772257461
1551246	FISH	0.286619746884	0.0114319295236
98330	FISH	5.93565858227	0.223333526169
556940	FISH	3.76618357488	0.144973687507
2214	FISH	1.09339943119	0.0432577683211
8180	FISH	0.0571428571429	0.00228440816327
6989	FISH	0.227150935432	0.00906539839831
379	FISH	0.787746587717	0.0312616456341
7632	FISH	2.87914694661	0.111850083008
8118	FISH	10.2164540816	0.366907789665
8078	FISH	1.09054532851	0.043146097495
957	FISH	0.798717767487	0.0316935306707
14514	FISH	1.28195724274	0.0506209239607
440967	FISH	0.888218003822	0.0352131476639
61918	FISH	0.4970000027	0.0197811965069
6590	FISH	0.900010513464	0.0356764129688
14257	FISH	0.309458485966	0.0123400336168
7059	FISH	0.945904026752	0.0374782672989
8186	FISH	1.33330683141	0.0526211904138
8082	FISH	2.02438541309	0.0793361620034
8159	FISH	0.733747024032	0.0291345270832
5363491	FISH	1.998707483	0.0783503666788
9025	FISH	1.05771741314	0.0418611900753
6429333	FISH	0.580435892473	0.0230826733688
196	FISH	0.95652019473	0.037894835436
6448	FISH	0.290922977732	0.0116030646377
61641	FISH	6.08678571428	0.228651844439
7969	FISH	6.79070069286	0.253182581354
7820	FISH	0.227198364008	0.00906728692169
5362588	FISH	3.68292682927	0.141891493159
31260	FISH	0.0261111111111	0.0010441717284
8103	FISH	0.221538260942	0.00884189875725
12580	FISH	2.12538172384	0.0832083699648
7136	FISH	2.41792929293	0.0943786188908
31246	FISH	0.706252755262	0.0280505930288
31252	FISH	2.1637457138	0.0846771103465
33032	FISH	0.943079267071	0.0373674112813
31266	FISH	0.797447846856	0.0316435446468
104721	FISH	0.830641895089	0.0329496894204
31249	FISH	1.26220962476	0.0498511157356
261	FISH	0.981716461837	0.0388831515889
7410	FISH	1.26625077563	0.0500086746146
93375	FISH	1.39141414141	0.0548821523313
7360	FISH	1.68582416251	0.0662961652578
61386	FISH	0.368308390023	0.0146780751729
61130	FISH	0.609781531263	0.0242425278442
8615	FISH	0.226412373081	0.00903598989818
61005	FISH	0.983884260603	0.0389681591288
638014	FISH	3.50520833333	0.135293739149
61052	FISH	1.08533153108	0.0429420834302
8456	FISH	1.06743242223	0.0422415320987
61252	FISH	7.36152631013	0.272784224559
62900	FISH	0.0181757289204	0.000726897013968
18635	FISH	9.6722222222	0.349468135802
5610	FISH	0.266312665547	0.0106241376476
5365027	FISH	0.228084524171	0.00910257194678
7127	FISH	0.855303030303	0.0339195039027
61199	FISH	0.416230652608	0.0165799269218
7194	FISH	1.25164278745	0.049439067631
6276	FISH	1.23029666467	0.0486064146336
8797	GARLIC	1.49951605948	0.0590812230142
16220109	GARLIC	2.39810364677	0.0936237854304
7695	GARLIC	2.65433390049	0.103355160638
7150	GARLIC	1.83541839247	0.0720692314286
61192	GARLIC	23.113913012	0.71085533059
220674	GARLIC	1.72479732726	0.0678019227622
7799	GARLIC	1.36251187707	0.0537578996369
6999977	GARLIC	1.92079140251	0.0753558802557
7720	GARLIC	1.92299547567	0.0754406543868
5362798	GARLIC	1.69716648594	0.0667345098053
1551246	GARLIC	2.55394974114	0.0995489259336
98330	GARLIC	6.50265804598	0.243192497174
556940	GARLIC	1.80589758544	0.0709313969819
2214	GARLIC	1.57599172811	0.0620461691535
8180	GARLIC	2.26479173055	0.0885399565888
6989	GARLIC	2.81806297946	0.109545927596
379	GARLIC	1.2652682161	0.0499703671806
7632	GARLIC	2.73401602652	0.106370703607
8118	GARLIC	7.66868911482	0.283224047497
8078	GARLIC	5.83585526316	0.219811327865
957	GARLIC	1.30626078422	0.0515679044743
14514	GARLIC	2.77987243077	0.108103820938
440967	GARLIC	2.75051988204	0.106994651433
61918	GARLIC	4.11071279699	0.157669328
6590	GARLIC	2.06329661563	0.0808289874556
14257	GARLIC	3.20595149976	0.124126809983
7059	GARLIC	1.76360508546	0.0693000822596
8186	GARLIC	2.26097861171	0.0883943347553
8082	GARLIC	5.4100877193	0.20469588912
8159	GARLIC	2.32002131628	0.0906478530879
5363491	GARLIC	1.90571270885	0.0747758119826
9025	GARLIC	1.85663816046	0.0728866843147
6429333	GARLIC	3.31206124493	0.128094549921
196	GARLIC	1.93024473771	0.0757194516095
6448	GARLIC	2.31440527484	0.0904336222831
61641	GARLIC	13.2040039929	0.458421871138
7969	GARLIC	7.99398577613	0.294197907609
7820	GARLIC	4.12881302076	0.158333682046
5362588	GARLIC	2.13089178111	0.0834193913313
31260	GARLIC	2.05206909548	0.08039836879
8103	GARLIC	1.11692320928	0.0441779213888
12580	GARLIC	2.2455068241	0.0878033526053
7136	GARLIC	2.72740496173	0.106120703339
31246	GARLIC	0.84710466196	0.0335971519551
31252	GARLIC	2.30309626249	0.0900021495417
33032	GARLIC	2.07836348132	0.0814067013486
31266	GARLIC	2.97519729247	0.115467172127
104721	GARLIC	2.9187880596	0.113343792889
31249	GARLIC	1.45725654871	0.0574408232891
261	GARLIC	2.60284491118	0.101403875795
7410	GARLIC	2.79536735353	0.108689062685
93375	GARLIC	2.88815260994	0.112189534198
7360	GARLIC	0.70891075388	0.0281554083724
61386	GARLIC	1.53972312152	0.0606406259446
61130	GARLIC	1.48439803225	0.0584945462829
8615	GARLIC	4.21462568414	0.161479799503
61005	GARLIC	2.49083906547	0.0971518509187
638014	GARLIC	2.04731445668	0.0802159796733
61052	GARLIC	1.93650103965	0.0759600270754
8456	GARLIC	1.78535491229	0.0701391996263
61252	GARLIC	8.1292775806	0.298737041631
62900	GARLIC	0.896451943156	0.0355366272917
18635	GARLIC	9.92006029685	0.357439373357
5610	GARLIC	2.15602258497	0.0843815300439
5365027	GARLIC	3.56828043867	0.137638167431
7127	GARLIC	1.75271184156	0.0688796741427
61199	GARLIC	2.01579869129	0.079006569906
7194	GARLIC	1.84463707397	0.072424408585
6276	GARLIC	1.79677787384	0.0705797506624
8797	SPICES	4.0407051282	0.155097285955
16220109	SPICES	4.70723413522	0.179426144127
7695	SPICES	4.67685272045	0.17832492827
7150	SPICES	5.25736313847	0.199238578671
61192	SPICES	12.0849308872	0.424979013669
220674	SPICES	6.85085912698	0.255260656768
7799	SPICES	5.14289776922	0.195136151783
6999977	SPICES	6.12962165243	0.230155961456
7720	SPICES	7.3311553975	0.271747880115
5362798	SPICES	6.54493159607	0.244662812004
1551246	SPICES	5.08655844618	0.193113107117
98330	SPICES	7.37707434705	0.273314483513
556940	SPICES	12.3991696939	0.434471024115
2214	SPICES	12.9150841619	0.449883606912
8180	SPICES	4.24217687075	0.162488648989
6989	SPICES	8.50585190696	0.311294269613
379	SPICES	5.45853494817	0.206423156415
7632	SPICES	7.08036242515	0.263161884178
8118	SPICES	11.6125630092	0.410561872512
8078	SPICES	12.0433114035	0.423715916315
957	SPICES	5.57243368661	0.210476540588
14514	SPICES	4.9666383694	0.188798536099
440967	SPICES	8.29788836424	0.304373554047
61918	SPICES	5.73656032491	0.216299163252
6590	SPICES	3.73505546128	0.143821962732
14257	SPICES	5.26025891393	0.199342227021
7059	SPICES	3.58865572642	0.138394849088
8186	SPICES	4.96400530944	0.188703672893
8082	SPICES	12.0433114035	0.423715916315
8159	SPICES	4.1148130513	0.157819847473
5363491	SPICES	6.69594134951	0.249903401758
9025	SPICES	6.32373553733	0.236953569035
6429333	SPICES	12.763792517	0.445385940914
196	SPICES	4.98262985114	0.189374553952
6448	SPICES	2.95659604245	0.114767257635
61641	SPICES	11.7917635967	0.416052268379
7969	SPICES	4.65560442808	0.177554316087
7820	SPICES	5.20329196917	0.19730197984
5362588	SPICES	10.3281239184	0.370456899266
31260	SPICES	3.19743589744	0.12380799737
8103	SPICES	7.04646994854	0.261997702447
12580	SPICES	11.5807512029	0.409584528747
7136	SPICES	5.26709183674	0.199586770903
31246	SPICES	2.91666246479	0.113263730618
31252	SPICES	6.31308784383	0.236581482504
33032	SPICES	7.15989508182	0.26589016424
31266	SPICES	3.02303974368	0.11726608203
104721	SPICES	11.7271235522	0.414074771363
31249	SPICES	4.77132783734	0.181746885761
261	SPICES	3.82402172296	0.147111612063
7410	SPICES	3.85195042277	0.148143008087
93375	SPICES	5.52019661044	0.20861883617
7360	SPICES	7.32983865248	0.271702932231
61386	SPICES	4.80456521739	0.182949069924
61130	SPICES	6.60371158941	0.246704860874
8615	SPICES	6.17567136539	0.23177128789
61005	SPICES	6.88022108844	0.256273866647
638014	SPICES	6.16266681758	0.231315287781
61052	SPICES	6.81213768116	0.253923419331
8456	SPICES	5.7416630482	0.216479844104
61252	SPICES	2.24650793651	0.0878415982968
62900	SPICES	4.53727503685	0.17325625557
18635	SPICES	11.4752777778	0.40633831108
5610	SPICES	9.03323170732	0.328689558262
5365027	SPICES	5.52332915299	0.208730300147
7127	SPICES	13.8844085404	0.47826562141
61199	SPICES	5.24685638944	0.198862454789
7194	SPICES	5.65099413343	0.213266271459
6276	SPICES	6.19976194101	0.23261565839
8797	COLD	5.2313136659	0.198305889568
16220109	COLD	6.07474680326	0.228228852641
7695	COLD	4.18719671202	0.160474821959
7150	COLD	5.33291202779	0.201940500833
61192	COLD	6.11635980479	0.229690449287
220674	COLD	8.97289455979	0.326710647679
7799	COLD	4.99487591859	0.189815522567
6999977	COLD	4.5829190137	0.174915501873
7720	COLD	3.08657054126	0.119652054568
5362798	COLD	7.31199021849	0.271093528357
1551246	COLD	5.38726227447	0.203881453053
98330	COLD	5.39394378637	0.204119899627
556940	COLD	3.42367068367	0.132258218967
2214	COLD	3.34564736169	0.12934855196
8180	COLD	6.23989639679	0.234021333055
6989	COLD	5.21716485582	0.19779907058
379	COLD	4.48602524781	0.171391240903
7632	COLD	5.35613583585	0.202770156997
8118	COLD	5.27178813185	0.199754825231
8078	COLD	6.37085160818	0.238598964242
957	COLD	6.87339037964	0.256038217061
14514	COLD	7.3087789826	0.270983859217
440967	COLD	13.0569275473	0.454083759102
61918	COLD	4.52119406246	0.172671284198
6590	COLD	4.99369122428	0.189772868154
14257	COLD	7.17229107569	0.266314939318
7059	COLD	5.51043404318	0.20827140839
8186	COLD	4.63287642664	0.176729639472
8082	COLD	6.06874634503	0.228017980921
8159	COLD	5.81825901795	0.219189505518
5363491	COLD	5.45932331347	0.206451248122
9025	COLD	5.957243562	0.224094242137
6429333	COLD	6.92763217352	0.257908451928
196	COLD	3.65161670861	0.14073094651
6448	COLD	12.2490707805	0.429946937226
61641	COLD	3.07318336425	0.119149552174
7969	COLD	2.44987745098	0.0955943382292
7820	COLD	4.07690237057	0.156427641647
5362588	COLD	4.0155271413	0.154171302363
31260	COLD	5.33701930058	0.202087262017
8103	COLD	5.31114125238	0.201162361534
12580	COLD	4.37893702593	0.167487445246
7136	COLD	3.64334040528	0.140424044488
31246	COLD	4.67727530883	0.178340250627
31252	COLD	6.81382202289	0.253981612692
33032	COLD	4.93307179743	0.187588792954
31266	COLD	2.45943538444	0.0959578864134
104721	COLD	4.30399182676	0.164749934812
31249	COLD	4.17580019443	0.160057084872
261	COLD	6.72568565887	0.250933487322
7410	COLD	1.23704328108	0.0488696208115
93375	COLD	5.42099261205	0.205084840122
7360	COLD	0.919963369963	0.0364600017577
61386	COLD	6.78145124716	0.252862817479
61130	COLD	8.03283568537	0.295502847756
8615	COLD	5.03454931973	0.191243298048
61005	COLD	4.45142202803	0.170130817893
638014	COLD	4.63024117925	0.176633993819
61052	COLD	5.74122791483	0.216464437405
8456	COLD	2.70778138528	0.105378423399
61252	COLD	8.4756462585	0.31029121854
62900	COLD	2.34743068426	0.0916930550434
18635	COLD	1.74610947924	0.0686248198443
5610	COLD	5.53998766457	0.209322921253
5365027	COLD	7.22041628123	0.267962886739
7127	COLD	5.76185681305	0.217194674949
61199	COLD	4.11847953157	0.157954431802
7194	COLD	3.7976322618	0.146136486154
6276	COLD	4.1220532232	0.158085599818
8797	SOUR	9.36006793688	0.339358368762
16220109	SOUR	11.085981241	0.394279657609
7695	SOUR	5.45414267417	0.206266638043
7150	SOUR	6.3554564173	0.238061526183
61192	SOUR	16.1163003933	0.540757960384
220674	SOUR	2.7532839963	0.107099130746
7799	SOUR	12.7176422839	0.444010321253
6999977	SOUR	9.2751168696	0.336593557606
7720	SOUR	5.97872670808	0.224850999103
5362798	SOUR	5.08642773208	0.193108410454
1551246	SOUR	15.3703384591	0.520314616624
98330	SOUR	7.24173562718	0.26869233113
556940	SOUR	6.36734688881	0.238476632991
2214	SOUR	9.47884372321	0.343214357597
8180	SOUR	10.6251953422	0.379849903263
6989	SOUR	5.82665004638	0.21948606155
379	SOUR	19.1096926714	0.618315565257
7632	SOUR	5.64544409314	0.213069348122
8118	SOUR	4.03847167326	0.155015165548
8078	SOUR	4.27853461684	0.163819041287
957	SOUR	7.61925559928	0.281549001616
14514	SOUR	5.94190731413	0.223553787553
440967	SOUR	4.60048508987	0.17555361837
61918	SOUR	15.5833950255	0.526198920811
6590	SOUR	12.4347826087	0.435541776938
14257	SOUR	13.9308956916	0.479607885757
7059	SOUR	8.92868119604	0.325258708681
8186	SOUR	3.96970043686	0.152484608851
8082	SOUR	10.8948441595	0.388314714676
8159	SOUR	5.11038054968	0.193968826242
5363491	SOUR	18.2402576891	0.596527507339
9025	SOUR	9.09593789763	0.33074308141
6429333	SOUR	9.02518274049	0.32842574022
196	SOUR	23.4968679138	0.719033595849
6448	SOUR	5.96435954816	0.224344947998
61641	SOUR	13.0809971027	0.454794890028
7969	SOUR	9.43720549664	0.341863880831
7820	SOUR	8.30712209301	0.304681572733
5362588	SOUR	8.48296573928	0.310534346478
31260	SOUR	7.31406523097	0.271164389158
8103	SOUR	5.53243243243	0.209054173849
12580	SOUR	4.75843093178	0.181280171298
7136	SOUR	13.6823800367	0.472412192081
31246	SOUR	12.2618229736	0.43033199789
31252	SOUR	9.2398064919	0.335442650073
33032	SOUR	12.2055249731	0.428631062978
31266	SOUR	11.6120138889	0.410545008934
104721	SOUR	4.82470270879	0.18367700586
31249	SOUR	9.75783563706	0.352227282954
261	SOUR	11.5534161491	0.408744076078
7410	SOUR	6.01029005588	0.225962167613
93375	SOUR	6.14261046985	0.23061175344
7360	SOUR	5.06796092718	0.192444745903
61386	SOUR	7.86397658642	0.289822212356
61130	SOUR	6.68323232324	0.249463055215
8615	SOUR	3.44858156028	0.1331861765
61005	SOUR	6.19745119117	0.23253468714
638014	SOUR	7.87470851649	0.290183926972
61052	SOUR	6.17028985507	0.231582603445
8456	SOUR	5.942945874	0.223590392696
61252	SOUR	7.91833333334	0.291653332222
62900	SOUR	5.35701842902	0.202801678581
18635	SOUR	16.3685680437	0.547570713827
5610	SOUR	5.05206937665	0.191873413072
5365027	SOUR	15.0274458684	0.510768183004
7127	SOUR	5.88062911726	0.221392445165
61199	SOUR	4.65718032555	0.177611481588
7194	SOUR	9.54565217391	0.345378296786
6276	SOUR	5.58599271101	0.210958382613
8797	BURNT	4.51536069543	0.172459034933
16220109	BURNT	1.64706824988	0.0647975964673
7695	BURNT	4.09134095319	0.15695800981
7150	BURNT	4.77635221012	0.181928672231
61192	BURNT	3.82207976807	0.147039873221
220674	BURNT	5.14293960008	0.195137652911
7799	BURNT	3.59076630743	0.138473211227
6999977	BURNT	2.85175820579	0.110817318286
7720	BURNT	3.29881073371	0.127599568446
5362798	BURNT	3.08176858162	0.119471824229
1551246	BURNT	3.98854166667	0.153178280816
98330	BURNT	5.77941640719	0.217815994685
556940	BURNT	17.1169166667	0.567481132198
2214	BURNT	6.98540667157	0.259897904316
8180	BURNT	3.31202973541	0.128093373029
6989	BURNT	7.23101259643	0.268325486589
379	BURNT	4.24878504902	0.162730532204
7632	BURNT	8.20293650792	0.301202193376
8118	BURNT	5.65108117614	0.213269359662
8078	BURNT	4.38329519451	0.167646497076
957	BURNT	7.75498803545	0.286143585646
14514	BURNT	7.28981710963	0.270336110989
440967	BURNT	3.12414321789	0.121061620377
61918	BURNT	2.60205691697	0.101373996599
6590	BURNT	9.77760405511	0.352863545781
14257	BURNT	3.70343557867	0.142651249113
7059	BURNT	7.33282394125	0.271804834869
8186	BURNT	5.01170072213	0.190421171234
8082	BURNT	5.47368421053	0.206962880887
8159	BURNT	1.12454363667	0.0444759061104
5363491	BURNT	4.28976437976	0.164229743817
9025	BURNT	7.40601259643	0.274300894826
6429333	BURNT	5.79330936921	0.218307401389
196	BURNT	5.96198160535	0.224261174349
6448	BURNT	3.05345871327	0.118408904485
61641	BURNT	1.68208695652	0.066151711649
7969	BURNT	19.4723600804	0.627225280376
7820	BURNT	7.06910597571	0.26277533531
5362588	BURNT	2.01835799749	0.0791048122972
31260	BURNT	3.78042510867	0.145500358746
8103	BURNT	7.22336150222	0.268063679532
12580	BURNT	7.2493283859	0.268952030617
7136	BURNT	2.76741388819	0.107633123676
31246	BURNT	1.68208695652	0.066151711649
31252	BURNT	10.0265583407	0.360849584764
33032	BURNT	6.10113374893	0.229155816748
31266	BURNT	1.53981263517	0.060644096226
104721	BURNT	2.91516588729	0.113207358632
31249	BURNT	3.10065800189	0.120180688058
261	BURNT	11.1742814626	0.397025432022
7410	BURNT	11.7417955427	0.414523916682
93375	BURNT	5.93434650456	0.223287272808
7360	BURNT	11.7723402839	0.415458413053
61386	BURNT	6.87864728318	0.256219575949
61130	BURNT	3.60969957938	0.139176010754
8615	BURNT	1.87379807692	0.0735474753837
61005	BURNT	3.13509357947	0.121472218478
638014	BURNT	4.38278683492	0.167627945221
61052	BURNT	2.72115312736	0.105884255357
8456	BURNT	9.44544568841	0.342131249835
61252	BURNT	5.21871373308	0.197854560112
62900	BURNT	5.72004550594	0.215714252002
18635	BURNT	6.04079559164	0.227035339114
5610	BURNT	5.8306941392	0.21962896791
5365027	BURNT	6.44203685174	0.24108153855
7127	BURNT	3.22721088436	0.124922479337
61199	BURNT	4.59888976671	0.175495675834
7194	BURNT	5.39083064761	0.204008803876
6276	BURNT	7.97981326024	0.293721562542
8797	ACID	5.46344731875	0.206598190108
16220109	ACID	5.96871870571	0.224498507033
7695	ACID	4.67542978678	0.178273333995
7150	ACID	4.26784168213	0.163427878236
61192	ACID	6.07443092622	0.228217752618
220674	ACID	6.69893873518	0.250007237336
7799	ACID	5.44424958841	0.205914042104
6999977	ACID	5.34617217551	0.202414264248
7720	ACID	4.64042560614	0.177003604323
5362798	ACID	11.1688645503	0.396857167874
1551246	ACID	6.14074742307	0.230546385357
98330	ACID	4.55992216833	0.174079730661
556940	ACID	5.37234577073	0.203348991197
2214	ACID	7.70279087673	0.284378440153
8180	ACID	11.1194745983	0.395321897797
6989	ACID	13.7984530351	0.475779198938
379	ACID	7.11905663644	0.2644898785
7632	ACID	12.7542490119	0.445101613332
8118	ACID	7.9839931611	0.293862067725
8078	ACID	4.81563912254	0.183349412838
957	ACID	10.319751333	0.370191146289
14514	ACID	9.39427400644	0.340470006615
440967	ACID	9.12070668692	0.331553351289
61918	ACID	5.14059388248	0.195053473113
6590	ACID	10.118412574	0.363783593754
14257	ACID	9.05687129836	0.329464084848
7059	ACID	5.74110399887	0.216460049904
8186	ACID	7.76497544737	0.286481080415
8082	ACID	4.63245384999	0.176714302531
8159	ACID	4.48010811231	0.171175777013
5363491	ACID	4.23028226928	0.16205317554
9025	ACID	3.93564901832	0.151230227455
6429333	ACID	5.63283036616	0.212621703473
196	ACID	4.19006782946	0.160580045812
6448	ACID	9.32656117413	0.338268549631
61641	ACID	7.96360390102	0.293176561204
7969	ACID	3.75986823431	0.144740085717
7820	ACID	9.11286974571	0.331297031828
5362588	ACID	6.11484851846	0.229637391777
31260	ACID	9.15177812434	0.332569107839
8103	ACID	3.8043498818	0.146384764063
12580	ACID	8.64495021336	0.315903942858
7136	ACID	6.9231684658	0.25775463399
31246	ACID	7.29784248989	0.270610297593
31252	ACID	11.7673598787	0.415306091743
33032	ACID	6.2049523505	0.232797520551
31266	ACID	8.9119097639	0.3247075363
104721	ACID	8.29195171548	0.304175483318
31249	ACID	1.29946142259	0.051303016908
261	ACID	2.21392954204	0.0865965880748
7410	ACID	4.79177874224	0.182486692284
93375	ACID	9.24141156459	0.335494987501
7360	ACID	11.6554263566	0.411877468842
61386	ACID	3.25238604053	0.125864235638
61130	ACID	9.17328213196	0.333271643249
8615	ACID	3.11117424242	0.12057520763
61005	ACID	9.3799375185	0.3400042096
638014	ACID	6.58430316963	0.246030907493
61052	ACID	7.06053241211	0.262480849307
8456	ACID	10.2313346228	0.367381301647
61252	ACID	19.0016986192	0.615642124602
62900	ACID	3.03832119303	0.117840289453
18635	ACID	4.97609556725	0.189139211852
5610	ACID	7.05162930598	0.262174981892
5365027	ACID	9.41956521739	0.341291325142
7127	ACID	4.32138917751	0.165385805331
61199	ACID	8.83621706193	0.322217189691
7194	ACID	3.98104205318	0.152902203796
6276	ACID	6.98913861521	0.260026321175
8797	WARM	6.37321642664	0.238681502017
16220109	WARM	5.26449864521	0.199493967414
7695	WARM	6.05069005441	0.227383262123
7150	WARM	2.8221016066	0.109698361273
61192	WARM	8.65632576812	0.316280240403
220674	WARM	7.72710829475	0.285201050751
7799	WARM	5.71567397722	0.215559387483
6999977	WARM	4.89015978176	0.186040926194
7720	WARM	3.95068027211	0.151784061039
5362798	WARM	6.24166619469	0.234083289033
1551246	WARM	6.87760908217	0.256183760612
98330	WARM	8.63835917873	0.315685867429
556940	WARM	6.51033163266	0.243459498119
2214	WARM	4.86555163007	0.185152628137
8180	WARM	2.70979883484	0.105454749504
6989	WARM	8.52886633804	0.312058029117
379	WARM	3.49195134799	0.134800564233
7632	WARM	4.16672780803	0.159724464071
8118	WARM	9.30093901678	0.337434574034
8078	WARM	6.56590389016	0.245391718049
957	WARM	5.16140755615	0.195800251062
14514	WARM	6.84880196523	0.255189643266
440967	WARM	6.97661384355	0.259595297453
61918	WARM	8.98332220111	0.327052856937
6590	WARM	6.96795865633	0.259297367119
14257	WARM	4.70508274231	0.179348188248
7059	WARM	7.67484329607	0.283432443995
8186	WARM	4.78674844559	0.182304753551
8082	WARM	6.71075514874	0.250416512083
8159	WARM	3.61644254314	0.139426239058
5363491	WARM	4.53369804849	0.173126154742
9025	WARM	6.1024597374	0.229202383557
6429333	WARM	4.60783558352	0.175820563835
196	WARM	5.52122911386	0.208655576183
6448	WARM	4.68312928015	0.178552491264
61641	WARM	5.96054421768	0.224210533759
7969	WARM	8.89367608525	0.324108053686
7820	WARM	4.70820507204	0.179461324881
5362588	WARM	7.09375121175	0.263621525968
31260	WARM	4.23745455496	0.162315773756
8103	WARM	3.71832473692	0.143202613937
12580	WARM	4.88735799246	0.18593981244
7136	WARM	6.31048469388	0.236490500926
31246	WARM	4.4786776752	0.171123685521
31252	WARM	4.53839072021	0.173296832677
33032	WARM	4.75412091616	0.181124170372
31266	WARM	5.56308259061	0.21014414846
104721	WARM	6.23679073902	0.233912606072
31249	WARM	7.93602854185	0.292248922067
261	WARM	4.80562752985	0.182987478812
7410	WARM	8.83641241165	0.322223622742
93375	WARM	6.95277734827	0.258774648789
7360	WARM	5.17317452199	0.196222287026
61386	WARM	6.59614243029	0.246442059227
61130	WARM	8.12232236609	0.298504046396
8615	WARM	8.67895833333	0.317028606233
61005	WARM	7.89080368906	0.290726234419
638014	WARM	6.29556764556	0.235969037031
61052	WARM	5.78074372699	0.217862949865
8456	WARM	5.04169763409	0.19150041935
61252	WARM	7.83398485511	0.28881086672
62900	WARM	4.72367205088	0.180021650977
18635	WARM	4.92611920098	0.187338107886
5610	WARM	4.70661231884	0.179403612946
5365027	WARM	4.11854123533	0.157956696651
7127	WARM	6.44408649218	0.2411529594
61199	WARM	6.83966801536	0.25487429719
7194	WARM	8.10163601499	0.297810838152
6276	WARM	2.58191176471	0.100609963244
8797	MUSKY	6.21190424464	0.233041068048
16220109	MUSKY	2.99785403602	0.116319309912
7695	MUSKY	8.84214788188	0.322412483609
7150	MUSKY	11.5858510639	0.409741264605
61192	MUSKY	5.91208542674	0.222502315432
220674	MUSKY	4.70197454261	0.179235555865
7799	MUSKY	9.49716649832	0.343808191334
6999977	MUSKY	8.9745922909	0.326766368921
7720	MUSKY	4.27866015972	0.163823633284
5362798	MUSKY	5.31063899868	0.201144405317
1551246	MUSKY	6.14307050827	0.230627894223
98330	MUSKY	7.66476469235	0.283091140579
556940	MUSKY	5.2760375494	0.199906873087
2214	MUSKY	8.40537056928	0.307954721009
8180	MUSKY	15.6033392435	0.526747891521
6989	MUSKY	3.73786389556	0.143925905222
379	MUSKY	10.071533916	0.362287038473
7632	MUSKY	7.1184083883	0.264467640339
8118	MUSKY	7.03531856962	0.261614459835
8078	MUSKY	10.0714093836	0.362283060555
957	MUSKY	11.5858510639	0.409741264605
14514	MUSKY	9.15734648091	0.332751061408
440967	MUSKY	4.25641887074	0.163009914188
61918	MUSKY	4.79760869565	0.182697528147
6590	MUSKY	8.52625164691	0.311971279018
14257	MUSKY	10.7176084014	0.382757484119
7059	MUSKY	9.53271359923	0.344959492543
8186	MUSKY	11.2643928525	0.399821095566
8082	MUSKY	10.5366291705	0.37705694511
8159	MUSKY	6.47696196959	0.242298064242
5363491	MUSKY	8.68622939743	0.317268943439
9025	MUSKY	9.315147625	0.33789711489
6429333	MUSKY	13.673402914	0.472151337661
196	MUSKY	24.003173987	0.729666014899
6448	MUSKY	6.07524780739	0.228246457927
61641	MUSKY	8.69156041082	0.317445127483
7969	MUSKY	9.824914947	0.354385016394
7820	MUSKY	8.91895513591	0.32493910115
5362588	MUSKY	5.11533156547	0.194146615809
31260	MUSKY	6.71998038314	0.250735960786
8103	MUSKY	4.52636514065	0.172859413072
12580	MUSKY	2.30897247333	0.0902263573803
7136	MUSKY	6.03758488477	0.226922422894
31246	MUSKY	8.02502923541	0.295240731725
31252	MUSKY	9.72050403683	0.351024881981
33032	MUSKY	24.9586951802	0.749173221168
31266	MUSKY	9.02271739132	0.328344924003
104721	MUSKY	2.38407170513	0.093089349047
31249	MUSKY	7.40140639006	0.274143928982
261	MUSKY	14.7377553763	0.50262964164
7410	MUSKY	10.2193725812	0.367000672867
93375	MUSKY	14.2755994074	0.489506880919
7360	MUSKY	5.96917762049	0.224514672234
61386	MUSKY	7.87048387097	0.290041548293
61130	MUSKY	14.3229517739	0.490859291948
8615	MUSKY	2.31902552789	0.0906098693558
61005	MUSKY	9.57495356283	0.346326248221
638014	MUSKY	7.05139705884	0.262167002161
61052	MUSKY	10.4949275363	0.375739699854
8456	MUSKY	9.5734186748	0.346276608943
61252	MUSKY	14.3075	0.4904181775
62900	MUSKY	6.53058420745	0.244163956262
18635	MUSKY	13.7941944342	0.475655857332
5610	MUSKY	2.18361610082	0.0854373723224
5365027	MUSKY	8.8433932049	0.322453486845
7127	MUSKY	7.72873210237	0.285255964131
61199	MUSKY	11.2808875312	0.400332131851
7194	MUSKY	12.9033007986	0.449533963344
6276	MUSKY	9.15922438859	0.332812418983
8797	SWEATY	3.69881909272	0.142480258636
16220109	SWEATY	3.92075340674	0.150681213359
7695	SWEATY	2.27277161331	0.0888446682097
7150	SWEATY	3.23239533288	0.12511646148
61192	SWEATY	2.37014698657	0.0925588407676
220674	SWEATY	1.83881237787	0.0722000027305
7799	SWEATY	7.44263809368	0.27554837903
6999977	SWEATY	3.58023230125	0.138082066718
7720	SWEATY	1.357930839	0.0535796430947
5362798	SWEATY	2.1722830548	0.0850037967238
1551246	SWEATY	4.95471147761	0.188368792774
98330	SWEATY	3.8587624195	0.148394477816
556940	SWEATY	2.6009991506	0.101333887392
2214	SWEATY	2.45916488689	0.0959475986991
8180	SWEATY	5.20069380204	0.197208865672
6989	SWEATY	1.88302321926	0.0739026181928
379	SWEATY	4.21532344085	0.161505356949
7632	SWEATY	0.948680751873	0.0375872320073
8118	SWEATY	1.87022053608	0.0734097315016
8078	SWEATY	7.44751104542	0.275714273508
957	SWEATY	8.65574142423	0.316260913128
14514	SWEATY	7.84591038588	0.289213091522
440967	SWEATY	0.357231068289	0.0142381971171
61918	SWEATY	2.2779704562	0.0890431584881
6590	SWEATY	5.78180500658	0.21790049261
14257	SWEATY	4.97356516039	0.189048066254
7059	SWEATY	2.95463388384	0.114693410798
8186	SWEATY	2.47184347852	0.0964297350677
8082	SWEATY	8.67102772558	0.316766420296
8159	SWEATY	2.48112496584	0.0967826061953
5363491	SWEATY	5.97890299464	0.224857207378
9025	SWEATY	2.08867197898	0.081801858905
6429333	SWEATY	4.7717063563	0.181760581632
196	SWEATY	14.7532145095	0.503065645034
6448	SWEATY	2.1539889883	0.0843036921074
61641	SWEATY	5.40555330087	0.204534129439
7969	SWEATY	5.06488655048	0.192334231712
7820	SWEATY	5.28456560561	0.200211970768
5362588	SWEATY	1.30777004741	0.0516266968978
31260	SWEATY	5.0724224613	0.192605110601
8103	SWEATY	3.73905405406	0.143969952075
12580	SWEATY	3.81523094437	0.146786842911
7136	SWEATY	2.37348447993	0.0926860077664
31246	SWEATY	2.85288586546	0.110859851514
31252	SWEATY	5.45898383002	0.206439151418
33032	SWEATY	14.3661654135	0.492091933066
31266	SWEATY	6.37460780913	0.238730062477
104721	SWEATY	0.937457482993	0.0371467687068
31249	SWEATY	6.53503921346	0.24431887353
261	SWEATY	5.96258840579	0.224282552033
7410	SWEATY	2.8914147542	0.112312478456
93375	SWEATY	3.15041532673	0.122046566377
7360	SWEATY	1.85178283305	0.0726996734576
61386	SWEATY	4.97049987774	0.188937647496
61130	SWEATY	4.57505497297	0.174629747717
8615	SWEATY	5.57714671771	0.210644042504
61005	SWEATY	4.03073677099	0.154730735273
638014	SWEATY	1.94881986092	0.0764336348969
61052	SWEATY	4.57625266242	0.174673271125
8456	SWEATY	0.995219549933	0.0394125972163
61252	SWEATY	4.16372165533	0.159614235004
62900	SWEATY	3.12107230959	0.120946455439
18635	SWEATY	8.43348742379	0.308890012901
5610	SWEATY	3.31583890364	0.128235641092
5365027	SWEATY	5.58990700641	0.21109745612
7127	SWEATY	1.27987087294	0.0505396071372
61199	SWEATY	6.10860353628	0.229418126586
7194	SWEATY	7.00709257617	0.260643964498
6276	SWEATY	5.50651512878	0.208131921606
8797	AMMONIA/URINOUS	2.47073957113	0.096387761234
16220109	AMMONIA/URINOUS	3.31973401973	0.128381107205
7695	AMMONIA/URINOUS	3.17449908415	0.122948985592
7150	AMMONIA/URINOUS	8.63599609789	0.315607672475
61192	AMMONIA/URINOUS	4.54432320755	0.173512578936
220674	AMMONIA/URINOUS	6.33244602189	0.237257891827
7799	AMMONIA/URINOUS	2.67575592611	0.104166369134
6999977	AMMONIA/URINOUS	2.20533917205	0.0862681585365
7720	AMMONIA/URINOUS	6.40464852608	0.239778131946
5362798	AMMONIA/URINOUS	11.058982198	0.393438853019
1551246	AMMONIA/URINOUS	11.3160816176	0.401421783435
98330	AMMONIA/URINOUS	4.52848470763	0.172936518806
556940	AMMONIA/URINOUS	5.34035184519	0.202206330676
2214	AMMONIA/URINOUS	2.58668421807	0.100790994625
8180	AMMONIA/URINOUS	7.28458620604	0.270157369764
6989	AMMONIA/URINOUS	6.06583638584	0.22791570701
379	AMMONIA/URINOUS	6.37410886334	0.238712649013
7632	AMMONIA/URINOUS	4.97321151593	0.189035327524
8118	AMMONIA/URINOUS	6.19359515165	0.232399557705
8078	AMMONIA/URINOUS	5.71204233793	0.215430722449
957	AMMONIA/URINOUS	4.85660327586	0.184829492883
14514	AMMONIA/URINOUS	1.89759199928	0.0744633378129
440967	AMMONIA/URINOUS	8.79977362989	0.321016538821
61918	AMMONIA/URINOUS	4.7001266464	0.179168589659
6590	AMMONIA/URINOUS	9.03045912655	0.328598688248
14257	AMMONIA/URINOUS	6.76739510439	0.252376749576
7059	AMMONIA/URINOUS	3.35943077911	0.129862921101
8186	AMMONIA/URINOUS	6.12322374048	0.229931402029
8082	AMMONIA/URINOUS	10.3989869491	0.372703906136
8159	AMMONIA/URINOUS	2.49676891826	0.097377214718
5363491	AMMONIA/URINOUS	2.13288203993	0.0834956072786
9025	AMMONIA/URINOUS	1.25309500014	0.0494957011739
6429333	AMMONIA/URINOUS	8.03390292771	0.295538678608
196	AMMONIA/URINOUS	4.4139138414	0.168763499496
6448	AMMONIA/URINOUS	6.40471200968	0.239780346016
61641	AMMONIA/URINOUS	8.31724264412	0.305019095684
7969	AMMONIA/URINOUS	7.00365917286	0.260525870191
7820	AMMONIA/URINOUS	2.40304290665	0.0938118701814
5362588	AMMONIA/URINOUS	5.14327012026	0.195149513798
31260	AMMONIA/URINOUS	12.4893656215	0.437180923409
8103	AMMONIA/URINOUS	4.6027302813	0.175635160835
12580	AMMONIA/URINOUS	6.20824935362	0.23291303013
7136	AMMONIA/URINOUS	2.52435953105	0.0984254248252
31246	AMMONIA/URINOUS	3.26938020351	0.126499669375
31252	AMMONIA/URINOUS	4.16564430336	0.15968473515
33032	AMMONIA/URINOUS	5.36811836429	0.203198056662
31266	AMMONIA/URINOUS	5.12694684504	0.194563640221
104721	AMMONIA/URINOUS	11.453108747	0.405654869892
31249	AMMONIA/URINOUS	2.5738873307	0.100305534831
261	AMMONIA/URINOUS	4.31617027771	0.165195080762
7410	AMMONIA/URINOUS	7.13675526662	0.265096900371
93375	AMMONIA/URINOUS	1.57375776465	0.0619596251854
7360	AMMONIA/URINOUS	7.42531530056	0.274958489097
61386	AMMONIA/URINOUS	3.58440630798	0.138237064887
61130	AMMONIA/URINOUS	8.81343458871	0.321466731849
8615	AMMONIA/URINOUS	4.83848629572	0.184175071975
61005	AMMONIA/URINOUS	4.73233629917	0.180335449227
638014	AMMONIA/URINOUS	8.86894898076	0.323294656821
61052	AMMONIA/URINOUS	8.46867938283	0.310059763118
8456	AMMONIA/URINOUS	2.99518467305	0.116218934432
61252	AMMONIA/URINOUS	4.90258341865	0.186489207075
62900	AMMONIA/URINOUS	4.27133954178	0.163555845079
18635	AMMONIA/URINOUS	10.8264722991	0.386173890988
5610	AMMONIA/URINOUS	4.55616046505	0.173942979329
5365027	AMMONIA/URINOUS	7.57281198528	0.279973486866
7127	AMMONIA/URINOUS	1.71446236559	0.0674027421424
61199	AMMONIA/URINOUS	3.51370755569	0.135609845913
7194	AMMONIA/URINOUS	8.65815911252	0.316340876814
6276	AMMONIA/URINOUS	8.05128340568	0.296122070436
8797	DECAYED	2.83775788825	0.110289167597
16220109	DECAYED	2.30849931319	0.0902083048959
7695	DECAYED	3.19906596311	0.12386902931
7150	DECAYED	2.92643455835	0.113631774644
61192	DECAYED	1.63787687397	0.0644420186972
220674	DECAYED	2.07015635074	0.081092035103
7799	DECAYED	4.33899537426	0.166029062627
6999977	DECAYED	2.43068376512	0.0948640611783
7720	DECAYED	4.08109237898	0.156581569157
5362798	DECAYED	4.51684315296	0.172512977291
1551246	DECAYED	4.89638059404	0.186265406593
98330	DECAYED	7.73014735964	0.285303823105
556940	DECAYED	1.46321974148	0.0576723848545
2214	DECAYED	5.75495366009	0.216950349752
8180	DECAYED	4.83656403536	0.184105620747
6989	DECAYED	1.34264175846	0.0529845955817
379	DECAYED	7.34023640662	0.272057828063
7632	DECAYED	2.69410516896	0.104860925694
8118	DECAYED	12.123242861	0.426140507452
8078	DECAYED	5.50803866809	0.208186150736
957	DECAYED	4.95344034847	0.188322985424
14514	DECAYED	0.486183673469	0.019352797113
440967	DECAYED	1.9201984949	0.075333074892
61918	DECAYED	2.37650966184	0.0928012672044
6590	DECAYED	4.32328932627	0.165455240811
14257	DECAYED	3.38205329308	0.130706817932
7059	DECAYED	3.43596480148	0.132716250412
8186	DECAYED	8.01522448359	0.294911449935
8082	DECAYED	4.55930568463	0.174057320055
8159	DECAYED	6.63157825563	0.247671998161
5363491	DECAYED	3.03125816213	0.117574916067
9025	DECAYED	2.49172089575	0.0971853666212
6429333	DECAYED	3.60050166135	0.138834621569
196	DECAYED	4.80796147979	0.183071861755
6448	DECAYED	4.28907024945	0.164204360536
61641	DECAYED	9.64701326909	0.348654584758
7969	DECAYED	3.58253084356	0.138167422844
7820	DECAYED	5.25198822848	0.199046176998
5362588	DECAYED	1.97041117139	0.0772634387818
31260	DECAYED	2.1995572048	0.086047067433
8103	DECAYED	5.70294784581	0.215108468179
12580	DECAYED	3.90582804914	0.150130924866
7136	DECAYED	5.72634569354	0.215937413741
31246	DECAYED	3.74039488136	0.144019573707
31252	DECAYED	7.4179031355	0.274706010649
33032	DECAYED	4.63007610429	0.176628002279
31266	DECAYED	5.62115839243	0.212207367028
104721	DECAYED	2.86335588583	0.111254712662
31249	DECAYED	5.01304352782	0.190469498948
261	DECAYED	5.886222495	0.221589853696
7410	DECAYED	7.38133413251	0.27345972787
93375	DECAYED	1.89553571429	0.0743842063138
7360	DECAYED	4.71189999864	0.179595199307
61386	DECAYED	4.1742324756	0.15999961232
61130	DECAYED	4.28547077922	0.164072727249
8615	DECAYED	2.65267895418	0.103292475914
61005	DECAYED	5.44278073274	0.205861684468
638014	DECAYED	2.88908715081	0.112224756207
61052	DECAYED	4.55012158241	0.17372342073
8456	DECAYED	1.1876710218	0.0469426158896
61252	DECAYED	5.63333333334	0.212639555556
62900	DECAYED	5.4383086568	0.205702265853
18635	DECAYED	5.16898263027	0.196071952638
5610	DECAYED	1.85070578925	0.0726581868028
5365027	DECAYED	5.52465614596	0.208777515626
7127	DECAYED	3.39372275501	0.131141968545
61199	DECAYED	10.0942147294	0.363011320773
7194	DECAYED	4.49349189059	0.171663087875
6276	DECAYED	11.6170118779	0.410698489126
8797	WOOD	2.56854806315	0.100102946865
16220109	WOOD	3.09793890495	0.120078666015
7695	WOOD	2.71920663713	0.105810631591
7150	WOOD	3.17245412694	0.122872379003
61192	WOOD	1.11061941891	0.0439313865588
220674	WOOD	3.93861942424	0.151339687782
7799	WOOD	0.227361741129	0.00907379230061
6999977	WOOD	1.41188587769	0.055678066415
7720	WOOD	2.01727368301	0.0790631900756
5362798	WOOD	2.6029612015	0.101408285253
1551246	WOOD	3.91836524857	0.150593175454
98330	WOOD	6.14857334373	0.230820952084
556940	WOOD	2.59577664399	0.101135843206
2214	WOOD	2.09827689188	0.0821699693091
8180	WOOD	2.40360683121	0.093833342929
6989	WOOD	6.21763351815	0.233241754099
379	WOOD	3.12527515227	0.12110406818
7632	WOOD	3.25609942502	0.126003103614
8118	WOOD	2.67149875595	0.104005187997
8078	WOOD	3.41813194057	0.132051827237
957	WOOD	2.42182605056	0.0945269454548
14514	WOOD	2.6246088882	0.102228926802
440967	WOOD	4.19152540956	0.160633462279
61918	WOOD	11.8131540775	0.416705919398
6590	WOOD	1.76199324324	0.0692378816541
14257	WOOD	3.12261634611	0.121004360706
7059	WOOD	6.71288294236	0.250490198735
8186	WOOD	8.21143968276	0.301486490645
8082	WOOD	3.54807147214	0.136887334417
8159	WOOD	1.82801977104	0.0717841283283
5363491	WOOD	2.46982077305	0.0963528250617
9025	WOOD	1.78469387755	0.0701137022075
6429333	WOOD	1.21822162956	0.048135239607
196	WOOD	6.41295138608	0.240067677251
6448	WOOD	5.08052536232	0.19289631931
61641	WOOD	0.626741937364	0.0249125553121
7969	WOOD	3.19790836102	0.123825687287
7820	WOOD	2.31743529947	0.0905492094321
5362588	WOOD	2.68778049591	0.104621554239
31260	WOOD	3.72122747339	0.143310085372
8103	WOOD	3.04568463749	0.118116907535
12580	WOOD	3.74890568855	0.144334509997
7136	WOOD	3.1055730022	0.120365086619
31246	WOOD	3.59237331689	0.138532874256
31252	WOOD	4.6554507992	0.17754874311
33032	WOOD	3.89034043283	0.14955971784
31266	WOOD	2.53107398051	0.0986804250224
104721	WOOD	3.82718004871	0.147228279098
31249	WOOD	0.252646891697	0.0100803434871
261	WOOD	7.34297235023	0.272151196835
7410	WOOD	3.42974636179	0.132484590429
93375	WOOD	6.07916666667	0.228384159722
7360	WOOD	1.60770408163	0.0632742782996
61386	WOOD	2.10128841607	0.0822853714399
61130	WOOD	2.72624679713	0.106076903246
8615	WOOD	4.08949709865	0.156890289338
61005	WOOD	2.47055215756	0.0963806351169
638014	WOOD	2.5194420759	0.0982386476866
61052	WOOD	0.914120642381	0.0362305790757
8456	WOOD	2.27802342077	0.0890451805485
61252	WOOD	3.59363636364	0.13857976562
62900	WOOD	1.49997732426	0.0590991201812
18635	WOOD	2.25618576074	0.0882112807548
5610	WOOD	3.68231393047	0.141868782866
5365027	WOOD	3.20143385754	0.123957682804
7127	WOOD	2.45680775437	0.0958579484382
61199	WOOD	4.70749306197	0.179435526107
7194	WOOD	3.5247826087	0.136021667372
6276	WOOD	2.65638539954	0.103432862625
8797	GRASS	1.37078925905	0.0540799450849
16220109	GRASS	20.2391795616	0.645717426733
7695	GRASS	1.03517045226	0.0409781869445
7150	GRASS	3.16392616205	0.122552874979
61192	GRASS	4.48242712369	0.17126022378
220674	GRASS	3.10881322881	0.120486641276
7799	GRASS	0.982398648648	0.038909903104
6999977	GRASS	6.70962767546	0.250377465601
7720	GRASS	4.07999761704	0.15654135246
5362798	GRASS	2.83041666667	0.110012163264
1551246	GRASS	0.533630952381	0.0212313332979
98330	GRASS	3.79326833248	0.145975179442
556940	GRASS	3.15521499334	0.122226447072
2214	GRASS	3.11672184624	0.120783291823
8180	GRASS	2.41295104999	0.0941891088917
6989	GRASS	4.82723021027	0.18376834781
379	GRASS	3.83421162614	0.147487993528
7632	GRASS	5.04184829097	0.191505837963
8118	GRASS	2.79966348241	0.108851293051
8078	GRASS	3.35777777778	0.129801242469
957	GRASS	11.1132653061	0.395128745939
14514	GRASS	1.03092632455	0.0408119293473
440967	GRASS	8.23710201733	0.302344140836
61918	GRASS	5.37270743441	0.203361903306
6590	GRASS	2.65660881393	0.103441324401
14257	GRASS	1.16023714393	0.0458710256651
7059	GRASS	2.78347949259	0.108240076469
8186	GRASS	4.30172842667	0.164667190084
8082	GRASS	3.41402777778	0.131898876844
8159	GRASS	1.68486350528	0.0662590341986
5363491	GRASS	1.47447959018	0.0581095475823
9025	GRASS	5.41217528053	0.204770354714
6429333	GRASS	3.15195578231	0.122104301191
196	GRASS	2.13772919972	0.0836812135362
6448	GRASS	5.70461190279	0.215167437327
61641	GRASS	1.52419249662	0.0600384347581
7969	GRASS	2.678587896	0.104273582593
7820	GRASS	2.39355253623	0.0934504639518
5362588	GRASS	1.666808975	0.0655610581362
31260	GRASS	2.47952675205	0.0967218489163
8103	GRASS	4.79789803792	0.182707991284
12580	GRASS	3.58169967339	0.138136557916
7136	GRASS	6.38804728118	0.23919903202
31246	GRASS	2.19313043478	0.0858012889497
31252	GRASS	1.37119565218	0.0540957550804
33032	GRASS	3.80219717219	0.146305205553
31266	GRASS	1.30081300813	0.0513556745323
104721	GRASS	1.96071356202	0.076890783412
31249	GRASS	6.51155216057	0.243501961807
261	GRASS	1.6475310559	0.064815498804
7410	GRASS	1.62225636158	0.063837568182
93375	GRASS	3.96530154833	0.152322615386
7360	GRASS	4.19340245586	0.160702248572
61386	GRASS	3.62999275362	0.139928971188
61130	GRASS	7.49862915202	0.277453390417
8615	GRASS	1.70284965035	0.0669541072413
61005	GRASS	1.52600546279	0.0601087414427
638014	GRASS	5.00074211503	0.190026715921
61052	GRASS	4.15968379446	0.159466164071
8456	GRASS	3.97092661745	0.152529761418
61252	GRASS	0.14375	0.00574173437501
62900	GRASS	3.89754103446	0.149825310932
18635	GRASS	4.46015398551	0.170448969991
5610	GRASS	3.97121715664	0.152540459984
5365027	GRASS	2.21392648582	0.0865964712391
7127	GRASS	0.695008488964	0.0276071248387
61199	GRASS	3.10230503796	0.120242482899
7194	GRASS	1.61479020979	0.0635485894229
6276	GRASS	4.07430664573	0.156332275972
8797	FLOWER	8.07135416667	0.296795463433
16220109	FLOWER	18.3717665946	0.599861940662
7695	FLOWER	12.5867969984	0.440100896466
7150	FLOWER	4.93330438559	0.187597178559
61192	FLOWER	9.81170497377	0.353960377154
220674	FLOWER	11.227603409	0.398680505037
7799	FLOWER	7.25817241128	0.26925446975
6999977	FLOWER	13.416501182	0.464659045694
7720	FLOWER	1.88288186813	0.0738971770736
5362798	FLOWER	4.98871327254	0.189593626855
1551246	FLOWER	12.5065972222	0.437697899257
98330	FLOWER	1.93395907669	0.0758622839836
556940	FLOWER	3.97961997798	0.152849849051
2214	FLOWER	8.77623153456	0.320240365403
8180	FLOWER	4.25386847195	0.162916580087
6989	FLOWER	2.59299794341	0.101030462403
379	FLOWER	5.87299908425	0.221123116073
7632	FLOWER	6.17873281309	0.231878616853
8118	FLOWER	1.58389261384	0.0623522182286
8078	FLOWER	0.157894736842	0.00630581717451
957	FLOWER	4.23235981562	0.162129244781
14514	FLOWER	7.95503134965	0.292888244476
440967	FLOWER	3.3362711387	0.128998563504
61918	FLOWER	4.85498849164	0.184771174364
6590	FLOWER	0.950966183574	0.03767691267
14257	FLOWER	2.65257847242	0.103288669876
7059	FLOWER	9.43722662676	0.341864566509
8186	FLOWER	11.5042253609	0.407230133975
8082	FLOWER	0.157894736842	0.00630581717451
8159	FLOWER	7.34441865233	0.272200551957
5363491	FLOWER	11.6857822479	0.412808287217
9025	FLOWER	9.54880128796	0.345480209104
6429333	FLOWER	8.92645655987	0.325185611709
196	FLOWER	13.0127708644	0.45277795235
6448	FLOWER	6.94181685537	0.258397145713
61641	FLOWER	6.06133653195	0.227757541056
7969	FLOWER	2.22307050066	0.086946003046
7820	FLOWER	7.3298440399	0.271703116136
5362588	FLOWER	8.63054725971	0.315427351987
31260	FLOWER	2.03778433009	0.0798503472131
8103	FLOWER	2.40376955903	0.0938395391241
12580	FLOWER	4.003125	0.153714996094
7136	FLOWER	8.06745210806	0.296664570916
31246	FLOWER	6.26946997077	0.235056297345
31252	FLOWER	1.04646586896	0.0414205984323
33032	FLOWER	5.45405797102	0.2062636195
31266	FLOWER	5.89758477669	0.221990788588
104721	FLOWER	8.80932056533	0.321331171084
31249	FLOWER	4.35400448585	0.166577237409
261	FLOWER	2.08438095608	0.081637380655
7410	FLOWER	2.9400797219	0.114145561367
93375	FLOWER	4.25558735689	0.162979484775
7360	FLOWER	1.18731762918	0.0469288159062
61386	FLOWER	4.2363584754	0.162275645763
61130	FLOWER	3.937693678	0.151305574519
8615	FLOWER	10.4786146234	0.375224039165
61005	FLOWER	11.1826500896	0.397285338374
638014	FLOWER	9.15861374854	0.332792467624
61052	FLOWER	9.63628982449	0.348308360347
8456	FLOWER	3.76121204579	0.14478979541
61252	FLOWER	1.12964985994	0.0446755508753
62900	FLOWER	7.50179814937	0.277561135785
18635	FLOWER	4.52998179969	0.172990977945
5610	FLOWER	8.58316326531	0.313858253957
5365027	FLOWER	7.19285022057	0.267019171105
7127	FLOWER	9.04578527608	0.329100918539
61199	FLOWER	11.1558510638	0.39645283737
7194	FLOWER	9.47191062802	0.342989588743
6276	FLOWER	1.88090234031	0.0738209761669
8797	CHEMICAL	11.9439934175	0.420696145196
16220109	CHEMICAL	9.35988400047	0.339352388618
7695	CHEMICAL	14.5407555362	0.497056792824
7150	CHEMICAL	22.238035034	0.691709320491
61192	CHEMICAL	9.33031906779	0.338390821149
220674	CHEMICAL	22.4125189804	0.695572356397
7799	CHEMICAL	13.43632759	0.465239143958
6999977	CHEMICAL	10.6854922778	0.381747793023
7720	CHEMICAL	27.2414689667	0.792819706082
5362798	CHEMICAL	23.9156217479	0.72784208448
1551246	CHEMICAL	17.0121999511	0.564722019173
98330	CHEMICAL	12.6177342961	0.441026484338
556940	CHEMICAL	13.5356590542	0.468140735754
2214	CHEMICAL	24.9170486006	0.748338219639
8180	CHEMICAL	27.8601389492	0.803930621061
6989	CHEMICAL	20.0452249536	0.641084580769
379	CHEMICAL	17.1113721245	0.567335262586
7632	CHEMICAL	19.4315727839	0.626228503013
8118	CHEMICAL	20.9678455572	0.662853603364
8078	CHEMICAL	12.7448329724	0.444821011899
957	CHEMICAL	24.3965086363	0.737784491995
14514	CHEMICAL	16.2566645975	0.544554926366
440967	CHEMICAL	35.9801981662	0.921378062617
61918	CHEMICAL	15.7826692801	0.531669711363
6590	CHEMICAL	11.1483240474	0.39621891027
14257	CHEMICAL	22.4825523309	0.697116029512
7059	CHEMICAL	12.7314757779	0.444422840923
8186	CHEMICAL	20.1544841209	0.643698072763
8082	CHEMICAL	11.6697860918	0.4123178807
8159	CHEMICAL	14.5440894431	0.497151362632
5363491	CHEMICAL	18.6958073724	0.608019009575
9025	CHEMICAL	9.80646029066	0.353791746254
6429333	CHEMICAL	12.2604029658	0.43028912628
196	CHEMICAL	10.8955809702	0.388337764936
6448	CHEMICAL	23.7521144884	0.724419402467
61641	CHEMICAL	15.8582729468	0.533736989531
7969	CHEMICAL	29.3775113379	0.829885184552
7820	CHEMICAL	7.90916765256	0.29134473292
5362588	CHEMICAL	29.3241296191	0.829003353597
31260	CHEMICAL	21.8240592741	0.682446545683
8103	CHEMICAL	27.25330773	0.793035196309
12580	CHEMICAL	24.3636671974	0.737111376173
7136	CHEMICAL	15.1816647044	0.515073410896
31246	CHEMICAL	26.3201581028	0.775706035089
31252	CHEMICAL	13.590923913	0.469751671395
33032	CHEMICAL	9.69207273299	0.350108399775
31266	CHEMICAL	19.6978918063	0.632712895608
104721	CHEMICAL	10.1945383904	0.366210090418
31249	CHEMICAL	10.9448388178	0.389877754014
261	CHEMICAL	12.4552076353	0.436155426516
7410	CHEMICAL	23.2039892044	0.712789522176
93375	CHEMICAL	16.5225595688	0.551704392869
7360	CHEMICAL	17.0748853636	0.566374730471
61386	CHEMICAL	22.9048713005	0.706341600303
61130	CHEMICAL	10.7686332649	0.384359945639
8615	CHEMICAL	19.4909213014	0.627678446786
61005	CHEMICAL	11.7976938503	0.416233521937
638014	CHEMICAL	14.9663099932	0.509056225804
61052	CHEMICAL	11.6691515384	0.412298422486
8456	CHEMICAL	14.4149877443	0.493482761106
61252	CHEMICAL	15.1119302721	0.513129036265
62900	CHEMICAL	10.3239738084	0.370325178257
18635	CHEMICAL	10.0401751234	0.361284958333
5610	CHEMICAL	15.1670080792	0.514665069537
5365027	CHEMICAL	15.1624132796	0.514537020599
7127	CHEMICAL	10.474791064	0.375103143427
61199	CHEMICAL	14.9874094203	0.509647400358
7194	CHEMICAL	11.1179413775	0.39527420691
6276	CHEMICAL	28.4851908457	0.814845194821
