#oID	descriptor	value	sigma
14228	INTENSITY/STRENGTH	18.5120975494	0.603404799705
778574	INTENSITY/STRENGTH	35.6859714254	0.918043434387
61918	INTENSITY/STRENGTH	79.0559150699	0.662301519779
7119	INTENSITY/STRENGTH	49.3703916266	0.999841437318
8892	INTENSITY/STRENGTH	54.9852813218	0.990058788057
18827	INTENSITY/STRENGTH	70.173374219	0.837213989047
69963	INTENSITY/STRENGTH	58.8708523241	0.968523191618
261	INTENSITY/STRENGTH	44.2098738812	0.986589775811
8658	INTENSITY/STRENGTH	73.199557748	0.784712208119
5366244	INTENSITY/STRENGTH	38.1089226615	0.943440911892
6998	INTENSITY/STRENGTH	55.6111021386	0.987406213116
7820	INTENSITY/STRENGTH	41.8460941253	0.973405527595
5315892	INTENSITY/STRENGTH	58.2780216981	0.972589742707
12180	INTENSITY/STRENGTH	64.3383853623	0.917764282081
8452	INTENSITY/STRENGTH	58.638586798	0.970149927253
6106	INTENSITY/STRENGTH	35.4852984223	0.915729375244
8093	INTENSITY/STRENGTH	67.0290582689	0.88400446979
7761	INTENSITY/STRENGTH	36.7337981272	0.929603155148
8908	INTENSITY/STRENGTH	45.7046528909	0.992619997285
444683	INTENSITY/STRENGTH	29.3152607291	0.828856624519
8091	INTENSITY/STRENGTH	48.0534642655	0.998484399454
89440	INTENSITY/STRENGTH	28.3566697618	0.812626502481
8078	INTENSITY/STRENGTH	60.1659872648	0.958661081173
62900	INTENSITY/STRENGTH	53.0690938934	0.996232265069
7122	INTENSITY/STRENGTH	47.8670271269	0.998180170689
7410	INTENSITY/STRENGTH	67.5255701672	0.877141756126
5364729	INTENSITY/STRENGTH	59.3938326268	0.964702363432
61209	INTENSITY/STRENGTH	75.7539617108	0.734693382479
1550470	INTENSITY/STRENGTH	48.0969913379	0.998551423213
62902	INTENSITY/STRENGTH	59.093200329	0.966925483111
807	INTENSITY/STRENGTH	66.1836734694	0.895235485214
1001	INTENSITY/STRENGTH	60.207131555	0.958325786167
13216	INTENSITY/STRENGTH	45.8693866414	0.993175213313
5960	INTENSITY/STRENGTH	26.7757846827	0.784254329158
177	INTENSITY/STRENGTH	22.7035605891	0.701961758194
61337	INTENSITY/STRENGTH	53.2701483049	0.995722452025
679	INTENSITY/STRENGTH	30.3027924386	0.844808005714
12206	INTENSITY/STRENGTH	62.2507828931	0.939967327403
7151	INTENSITY/STRENGTH	64.9968251134	0.910038094607
6826	INTENSITY/STRENGTH	48.4419795281	0.999029028884
88454	INTENSITY/STRENGTH	47.1961252998	0.996855314666
7997	INTENSITY/STRENGTH	59.9841468034	0.960126725043
6137	INTENSITY/STRENGTH	58.4687610445	0.971312034548
61659	INTENSITY/STRENGTH	42.6809928365	0.978572853656
6505	INTENSITY/STRENGTH	19.0602244772	0.61709211624
8918	INTENSITY/STRENGTH	26.4138598682	0.777477597472
12297	INTENSITY/STRENGTH	58.0505130506	0.974075695849
5273467	INTENSITY/STRENGTH	34.7677251157	0.90719112074
22310	INTENSITY/STRENGTH	44.9951093084	0.989980427666
33032	INTENSITY/STRENGTH	16.1782595977	0.542435950463
8175	INTENSITY/STRENGTH	52.9800195593	0.996447793371
7765	INTENSITY/STRENGTH	52.6419143706	0.997208115383
106997	INTENSITY/STRENGTH	40.9901509874	0.967529048308
6658	INTENSITY/STRENGTH	36.8867405595	0.931216970739
16255	INTENSITY/STRENGTH	26.9181219617	0.78689076249
5541	INTENSITY/STRENGTH	31.9935504734	0.870307110179
5365027	INTENSITY/STRENGTH	54.7107905285	0.991123381039
1549778	INTENSITY/STRENGTH	44.1565196651	0.98634149503
12810	INTENSITY/STRENGTH	50.3503708841	0.999950896097
61027	INTENSITY/STRENGTH	20.853358024	0.66018930461
5363388	INTENSITY/STRENGTH	52.5805860277	0.997336230301
8163	INTENSITY/STRENGTH	45.4521715103	0.991726902411
12348	INTENSITY/STRENGTH	59.5824307569	0.963270808316
13561	INTENSITY/STRENGTH	44.0865429832	0.986012410444
14228	VALENCE/PLEASANTNESS	43.2064798339	0.981539233501
778574	VALENCE/PLEASANTNESS	47.1462420337	0.996742426188
61918	VALENCE/PLEASANTNESS	34.9459739888	0.909350520341
7119	VALENCE/PLEASANTNESS	49.6115666328	0.999939647808
8892	VALENCE/PLEASANTNESS	41.7757783033	0.972944870994
18827	VALENCE/PLEASANTNESS	37.0298127717	0.932709697305
69963	VALENCE/PLEASANTNESS	41.1970823742	0.969003456509
261	VALENCE/PLEASANTNESS	31.468151808	0.862628241036
8658	VALENCE/PLEASANTNESS	56.0540786368	0.985339252744
5366244	VALENCE/PLEASANTNESS	34.2413043108	0.900665404071
6998	VALENCE/PLEASANTNESS	57.3551653329	0.97836061717
7820	VALENCE/PLEASANTNESS	48.8253854357	0.99944811225
5315892	VALENCE/PLEASANTNESS	50.8850997446	0.999686639377
7144	VALENCE/PLEASANTNESS	48.5381717562	0.999145223274
12180	VALENCE/PLEASANTNESS	38.3741625652	0.945935961576
8452	VALENCE/PLEASANTNESS	34.1065735311	0.898959598031
6106	VALENCE/PLEASANTNESS	42.0787916602	0.974901783375
8093	VALENCE/PLEASANTNESS	51.7081121666	0.998832941131
7761	VALENCE/PLEASANTNESS	61.3091620267	0.948841141702
8908	VALENCE/PLEASANTNESS	57.6045463189	0.976868350113
444683	VALENCE/PLEASANTNESS	40.4446183848	0.963477872875
8091	VALENCE/PLEASANTNESS	60.3712920138	0.956974520786
89440	VALENCE/PLEASANTNESS	49.0786060595	0.999660413283
8078	VALENCE/PLEASANTNESS	34.5045704896	0.903956665715
62900	VALENCE/PLEASANTNESS	49.5971236585	0.999935076261
7122	VALENCE/PLEASANTNESS	48.4560805	0.999046525031
7410	VALENCE/PLEASANTNESS	41.1210735579	0.968465866094
5364729	VALENCE/PLEASANTNESS	47.6792732826	0.997845691001
61209	VALENCE/PLEASANTNESS	43.2930159744	0.982006546112
1550470	VALENCE/PLEASANTNESS	50.701893852	0.999802938008
62902	VALENCE/PLEASANTNESS	56.2130925915	0.98455899218
807	VALENCE/PLEASANTNESS	31.5306122449	0.863552686381
1001	VALENCE/PLEASANTNESS	42.1408453122	0.975293475037
13216	VALENCE/PLEASANTNESS	47.0339735578	0.996481074858
5960	VALENCE/PLEASANTNESS	50.9691038147	0.999624335119
10448	VALENCE/PLEASANTNESS	26.7260962664	0.783330162
177	VALENCE/PLEASANTNESS	31.922690296	0.869284349546
1049	VALENCE/PLEASANTNESS	40.617964934	0.964790967208
61337	VALENCE/PLEASANTNESS	42.2254458572	0.975822523152
679	VALENCE/PLEASANTNESS	38.1464862625	0.94379768483
12206	VALENCE/PLEASANTNESS	54.4017801754	0.992249732515
7151	VALENCE/PLEASANTNESS	45.4071126615	0.991562154358
6826	VALENCE/PLEASANTNESS	47.9806860598	0.998368948484
88454	VALENCE/PLEASANTNESS	54.4966980027	0.991911882829
7997	VALENCE/PLEASANTNESS	41.102307043	0.968332424017
6137	VALENCE/PLEASANTNESS	33.2907320701	0.888320146099
36822	VALENCE/PLEASANTNESS	36.8471693747	0.930801218617
61659	VALENCE/PLEASANTNESS	24.3267390701	0.736353469289
6505	VALENCE/PLEASANTNESS	44.1583057636	0.986349843379
8918	VALENCE/PLEASANTNESS	49.9633451392	0.999999462568
12297	VALENCE/PLEASANTNESS	34.6206481836	0.905390215083
5273467	VALENCE/PLEASANTNESS	45.5026376673	0.991909492819
22310	VALENCE/PLEASANTNESS	62.3322485283	0.939166258495
33032	VALENCE/PLEASANTNESS	46.8363634182	0.995996561431
8175	VALENCE/PLEASANTNESS	34.4282195647	0.90300786163
7765	VALENCE/PLEASANTNESS	50.111692215	0.99999500994
106997	VALENCE/PLEASANTNESS	51.0494007035	0.999559503265
6658	VALENCE/PLEASANTNESS	42.8103352405	0.979323488258
16255	VALENCE/PLEASANTNESS	47.2578294591	0.99699220029
5541	VALENCE/PLEASANTNESS	42.1575906685	0.975398646351
23642	VALENCE/PLEASANTNESS	27.4616490121	0.796809093899
5365027	VALENCE/PLEASANTNESS	45.0806502073	0.990319999047
1549778	VALENCE/PLEASANTNESS	52.9815081363	0.996444243693
12810	VALENCE/PLEASANTNESS	57.1002208823	0.979834745369
61027	VALENCE/PLEASANTNESS	41.1837624006	0.968909581836
5363388	VALENCE/PLEASANTNESS	52.2549567767	0.997966067974
8163	VALENCE/PLEASANTNESS	45.3622843713	0.991396637499
12348	VALENCE/PLEASANTNESS	57.5052422287	0.977468535636
13561	VALENCE/PLEASANTNESS	42.9700088375	0.980231689702
14228	BAKERY	3.94510558813	0.151578680285
778574	BAKERY	2.72904873675	0.106182866667
61918	BAKERY	10.1041773482	0.363329333974
7119	BAKERY	1.42303648395	0.0561114462243
8892	BAKERY	2.49265040177	0.0972206936606
18827	BAKERY	2.37828180254	0.0928687823687
69963	BAKERY	1.8649989469	0.0732086694471
261	BAKERY	2.30107543428	0.0899250381094
8658	BAKERY	12.5013809147	0.437541426677
5366244	BAKERY	2.76399789836	0.107504042182
6998	BAKERY	11.4261257781	0.404822491005
7820	BAKERY	2.12167771893	0.0830665022199
5315892	BAKERY	3.46625898662	0.13384437892
7144	BAKERY	14.587309629	0.498376544274
12180	BAKERY	2.60021474823	0.101304143234
8452	BAKERY	1.40679678357	0.0554802404665
6106	BAKERY	7.19187577207	0.266985800034
8093	BAKERY	3.34635801647	0.129375075869
7761	BAKERY	3.8152450523	0.146787364168
8908	BAKERY	4.27176487144	0.163571404811
444683	BAKERY	3.97161288212	0.152555031731
8091	BAKERY	2.40987250609	0.0940719060453
89440	BAKERY	1.40468686308	0.0553982164501
8078	BAKERY	0.516718642605	0.0205619464419
62900	BAKERY	3.51119968405	0.135516578073
7122	BAKERY	2.96059207444	0.114917640805
7410	BAKERY	2.78319499204	0.108229329936
5364729	BAKERY	3.96496040181	0.152310051677
61209	BAKERY	7.03510788458	0.261607218204
1550470	BAKERY	4.52701745399	0.172883143348
62902	BAKERY	5.88773413541	0.221643200117
807	BAKERY	0.122448979592	0.00489196168264
1001	BAKERY	0.0	0.0
13216	BAKERY	1.61584253246	0.0635893224624
5960	BAKERY	6.97712441813	0.259612870667
10448	BAKERY	1.86951550752	0.0733825850078
177	BAKERY	3.13924254393	0.121627764257
1049	BAKERY	3.22170748555	0.124716539773
61337	BAKERY	3.86293354706	0.148548439647
679	BAKERY	2.13599246622	0.0836147131226
12206	BAKERY	2.73696731571	0.106482296593
7151	BAKERY	4.08343993007	0.156667804538
6826	BAKERY	1.1659466528	0.046094093473
88454	BAKERY	2.60381423997	0.10144063016
7997	BAKERY	3.1960885777	0.123757550229
6137	BAKERY	7.80317159737	0.287771069104
36822	BAKERY	4.28969481049	0.164227199793
61659	BAKERY	1.22362640675	0.0483461516368
6505	BAKERY	4.489479156	0.171516997003
8918	BAKERY	1.81070474707	0.0711167292103
12297	BAKERY	2.99577937849	0.116241297506
5273467	BAKERY	2.79643752606	0.108729475908
22310	BAKERY	6.49927962648	0.243074930794
33032	BAKERY	7.59739779254	0.280807730415
8175	BAKERY	0.61993527445	0.0246436830802
7765	BAKERY	3.04578726214	0.118120762467
106997	BAKERY	0.785209955369	0.0311617763452
6658	BAKERY	2.28429697232	0.0892846738295
16255	BAKERY	3.1898444252	0.123523734025
5541	BAKERY	3.43730640525	0.132766226081
23642	BAKERY	3.42563908421	0.132331562114
5365027	BAKERY	1.33969825004	0.052870013441
1549778	BAKERY	1.45995942734	0.057545784482
12810	BAKERY	3.15224535742	0.122115153979
61027	BAKERY	3.45308215774	0.133353775754
5363388	BAKERY	4.41821316018	0.168920283396
8163	BAKERY	0.812976363066	0.0322546822959
12348	BAKERY	4.90512754909	0.186580991454
13561	BAKERY	0.205463863773	0.00820166839121
14228	SWEET	14.2326917691	0.488279864768
778574	SWEET	15.3877802664	0.520797698046
61918	SWEET	8.82411290956	0.321818528926
7119	SWEET	19.0309385585	0.616366893373
8892	SWEET	15.7821901006	0.531656594275
18827	SWEET	11.6253083087	0.41095321504
69963	SWEET	8.98571234255	0.327131283181
261	SWEET	4.66245081858	0.177802653689
8658	SWEET	32.2029952677	0.873306649023
5366244	SWEET	4.16959626048	0.159829637229
6998	SWEET	32.1941413775	0.873180559486
7820	SWEET	21.8622553531	0.683306930474
5315892	SWEET	21.892979126	0.683998151035
7144	SWEET	19.8384229948	0.636111709024
12180	SWEET	16.621228666	0.554343049694
8452	SWEET	4.79697235267	0.182674516606
6106	SWEET	15.2018591816	0.515635758232
8093	SWEET	25.4455143865	0.758830894502
7761	SWEET	32.322731564	0.875005672257
8908	SWEET	27.5539128911	0.798469269399
444683	SWEET	6.99641091938	0.260276530474
8091	SWEET	29.471113246	0.831425923456
89440	SWEET	7.36316926075	0.272840265805
8078	SWEET	6.06665050565	0.227944320883
62900	SWEET	18.2251597621	0.596143811142
7122	SWEET	12.5487297195	0.438960941751
7410	SWEET	10.4175053918	0.373290448238
5364729	SWEET	21.7099562244	0.67986936927
61209	SWEET	11.9530332572	0.42097132867
1550470	SWEET	18.837312659	0.611554767076
62902	SWEET	36.9717196438	0.932105564384
807	SWEET	2.77551020408	0.107939025406
1001	SWEET	10.6802932672	0.381584264977
13216	SWEET	11.9653137985	0.421345058221
5960	SWEET	16.2331172234	0.543919051021
10448	SWEET	0.669702149856	0.0266086856064
177	SWEET	1.02552354713	0.0406002624668
1049	SWEET	7.25050341062	0.268992216542
61337	SWEET	18.5878357541	0.605310374957
679	SWEET	9.75709421367	0.352203413549
12206	SWEET	29.4887383263	0.831715257821
7151	SWEET	12.5562519944	0.439186294117
6826	SWEET	14.4393487017	0.494176031697
88454	SWEET	26.8949040668	0.786461816767
7997	SWEET	13.9232651565	0.479387681212
6137	SWEET	10.3743002642	0.371921568178
36822	SWEET	6.40141897172	0.239665492928
61659	SWEET	5.42832103848	0.205346173821
6505	SWEET	12.6285105307	0.441348709939
8918	SWEET	10.7948748506	0.385183264807
12297	SWEET	7.04062614	0.261796879023
5273467	SWEET	13.0806666221	0.454785129172
22310	SWEET	18.3053148143	0.598178772392
33032	SWEET	14.1755072161	0.486642286711
8175	SWEET	7.90561445249	0.291225082151
7765	SWEET	20.0682348815	0.641635774757
106997	SWEET	7.55659232249	0.279422857888
6658	SWEET	11.7057546806	0.413420310168
16255	SWEET	19.6687070232	0.632005066542
5541	SWEET	10.8357089984	0.386463324137
23642	SWEET	6.64301285664	0.24806866634
5365027	SWEET	12.5226129292	0.438178183338
1549778	SWEET	13.1127606361	0.455732628845
12810	SWEET	24.4334238141	0.738540072852
61027	SWEET	12.340298993	0.432698768025
5363388	SWEET	21.2854012523	0.670188727504
8163	SWEET	12.5829788304	0.439986610718
12348	SWEET	29.8155221878	0.83703474218
13561	SWEET	11.2560795519	0.399563451324
14228	FRUIT	2.10466093166	0.0824145982114
778574	FRUIT	7.8690742503	0.289994038189
61918	FRUIT	0.0	0.0
7119	FRUIT	5.48402729924	0.207331269802
8892	FRUIT	8.11612026672	0.298296247395
18827	FRUIT	7.51617329804	0.278049787503
69963	FRUIT	2.45345013515	0.0957302383797
261	FRUIT	3.46570870475	0.13382389346
8658	FRUIT	9.49012347788	0.343579961665
5366244	FRUIT	1.70030429106	0.0668557577696
6998	FRUIT	11.36731221	0.403006173648
7820	FRUIT	9.40601054555	0.340851208069
5315892	FRUIT	8.48791870207	0.310698842526
7144	FRUIT	2.84539205513	0.110577179826
12180	FRUIT	8.92394711877	0.325103151879
8452	FRUIT	0.0	0.0
6106	FRUIT	6.6954304425	0.249885702176
8093	FRUIT	14.4860889329	0.495504848289
7761	FRUIT	15.4115586048	0.521455888742
8908	FRUIT	15.5264331779	0.524629276225
444683	FRUIT	1.35349380969	0.0534069741904
8091	FRUIT	19.5610773632	0.629388795483
89440	FRUIT	0.683938036172	0.027170412952
8078	FRUIT	0.50418830868	0.020065850007
62900	FRUIT	5.56446087285	0.210193144992
7122	FRUIT	3.9575321471	0.152036461606
7410	FRUIT	3.29842771975	0.127585258621
5364729	FRUIT	9.40210209679	0.340724274336
61209	FRUIT	3.27265227739	0.126621989924
1550470	FRUIT	8.75867134937	0.319661124452
62902	FRUIT	23.1985432628	0.712672766706
807	FRUIT	2.04081632653	0.0799666805497
1001	FRUIT	3.06940828741	0.119007824602
13216	FRUIT	2.96828435971	0.115207089572
5960	FRUIT	5.9846004649	0.225057841506
10448	FRUIT	0.0	0.0
177	FRUIT	0.0	0.0
1049	FRUIT	1.27187532647	0.0502279463203
61337	FRUIT	7.62429782806	0.281719946174
679	FRUIT	1.54429430044	0.0608178340632
12206	FRUIT	14.9574883503	0.508808950912
7151	FRUIT	6.62124619666	0.247313487388
6826	FRUIT	5.32032448074	0.201490638197
88454	FRUIT	18.1069767212	0.593134026456
7997	FRUIT	5.55856568699	0.209983566481
6137	FRUIT	5.93506385557	0.223312561035
36822	FRUIT	0.890597866891	0.0353066488514
61659	FRUIT	0.0	0.0
6505	FRUIT	0.0997938858924	0.00398777190783
8918	FRUIT	5.81655719099	0.219129352617
12297	FRUIT	1.85433947765	0.0727981491466
5273467	FRUIT	5.85414481921	0.220457388143
22310	FRUIT	3.74003984438	0.14400643456
33032	FRUIT	4.11415298741	0.157795617575
8175	FRUIT	8.40678137158	0.308001665651
7765	FRUIT	9.06752543049	0.329813010247
106997	FRUIT	1.51322708365	0.0596131408632
6658	FRUIT	3.35260340942	0.129608156529
16255	FRUIT	10.678235911	0.381519547572
5541	FRUIT	2.5817411768	0.10060349207
23642	FRUIT	0.0	0.0
5365027	FRUIT	8.12244340964	0.298508101608
1549778	FRUIT	9.62365843243	0.347900416648
12810	FRUIT	12.3203070885	0.432096296838
61027	FRUIT	0.515002305366	0.0204940012648
5363388	FRUIT	13.8030702567	0.475912910863
8163	FRUIT	9.0882059773	0.330490043938
12348	FRUIT	14.8554135885	0.505943218386
13561	FRUIT	7.46208420181	0.276210287818
14228	FISH	0.634954697033	0.0252369208944
778574	FISH	0.837382070475	0.0332147993262
61918	FISH	0.526630651117	0.0209542901076
7119	FISH	1.13835940708	0.0450160314275
8892	FISH	1.33056661793	0.0525145017072
18827	FISH	0.603378967928	0.0239895322455
69963	FISH	1.31540851192	0.0519242206554
261	FISH	3.72969011654	0.143623369315
8658	FISH	1.02676106428	0.0406487472578
5366244	FISH	1.0039881315	0.0397563283927
6998	FISH	1.01715336942	0.0402722943861
7820	FISH	0.781154404264	0.0310020952892
5315892	FISH	1.14661731567	0.0453388001194
7144	FISH	0.697861606029	0.0277196599127
12180	FISH	2.08531890266	0.081673334136
8452	FISH	2.90690222254	0.112896056689
6106	FISH	0.916327983739	0.03631725656
8093	FISH	0.235730347022	0.00940698636228
7761	FISH	0.858490573015	0.034044820495
8908	FISH	0.429313288762	0.0170988075905
444683	FISH	1.25414189655	0.0495365271033
8091	FISH	0.238489310177	0.00951682154666
89440	FISH	0.463370101138	0.0184489193053
8078	FISH	3.47625070873	0.134216300753
62900	FISH	0.577976765749	0.0229854477733
7122	FISH	0.269126442827	0.0107360860962
7410	FISH	0.528564032803	0.0210308093374
5364729	FISH	0.431829784641	0.0171986006005
61209	FISH	1.06459254183	0.0421303587611
1550470	FISH	0.553866371565	0.0220319476796
62902	FISH	0.684842485283	0.0272060957195
807	FISH	3.02040816327	0.117167180342
1001	FISH	0.73031800578	0.0289993744754
13216	FISH	0.771666060384	0.0306284550119
5960	FISH	1.239186778	0.0489532375719
10448	FISH	6.88934740662	0.256588653189
177	FISH	2.38439008511	0.0931014769731
1049	FISH	2.07659208821	0.0813387896481
61337	FISH	0.762851674042	0.030281289891
679	FISH	3.11873418243	0.120858766137
12206	FISH	1.1271454847	0.0445776366105
7151	FISH	0.408850106117	0.016287140881
6826	FISH	1.1857146926	0.0468662199713
88454	FISH	0.441343063572	0.017575809063
7997	FISH	1.77849366534	0.0698745307264
6137	FISH	6.09676174469	0.229002268279
36822	FISH	0.598541007928	0.0237983397818
61659	FISH	6.47822657304	0.242342095109
6505	FISH	3.33125050637	0.12881112828
8918	FISH	1.11188150498	0.0439807480068
12297	FISH	1.81525425569	0.0712921110223
5273467	FISH	1.62084796056	0.063783059178
22310	FISH	0.567236275765	0.0225607482336
33032	FISH	1.64402979932	0.0646800583804
8175	FISH	0.639447838205	0.0254143561131
7765	FISH	1.63879246817	0.0644774424254
106997	FISH	0.341047048152	0.0135953566905
6658	FISH	0.665987067735	0.0264620671996
16255	FISH	2.17467097084	0.0850951613009
5541	FISH	1.8128438387	0.0711991924347
23642	FISH	4.87638503894	0.185543749138
5365027	FISH	0.769174579233	0.030530331356
1549778	FISH	0.911295585795	0.0361196395739
12810	FISH	0.671320736196	0.0266725608355
61027	FISH	0.739091487329	0.0293451570025
5363388	FISH	1.79049274678	0.0703373641607
8163	FISH	0.493043444263	0.0196245010353
12348	FISH	0.406290598671	0.0161855951266
13561	FISH	0.44190689868	0.0175981632643
14228	GARLIC	2.74287794534	0.106705766045
778574	GARLIC	1.47746429718	0.0582254115876
61918	GARLIC	1.75795604469	0.0690820780057
7119	GARLIC	1.92516959337	0.0755242725494
8892	GARLIC	2.14037171989	0.0837823923559
18827	GARLIC	3.5705547998	0.137722647361
69963	GARLIC	4.33510537321	0.16588695949
261	GARLIC	5.79492770378	0.218364633314
8658	GARLIC	1.21926884785	0.0481761073045
5366244	GARLIC	3.0400086409	0.117903684621
6998	GARLIC	2.04251118589	0.0800317066579
7820	GARLIC	1.71763586488	0.0675253254094
5315892	GARLIC	2.06285129666	0.0808119096777
7144	GARLIC	1.32556653535	0.0523198107582
12180	GARLIC	2.87234206604	0.111593543064
8452	GARLIC	14.6316607136	0.49963223045
6106	GARLIC	2.20259864012	0.086163369297
8093	GARLIC	1.27853212975	0.0504874274271
7761	GARLIC	1.42118756744	0.056039593057
8908	GARLIC	2.18698242591	0.085566140184
444683	GARLIC	2.02369574663	0.0793096920753
8091	GARLIC	2.0209671223	0.0792049616481
89440	GARLIC	1.76664658818	0.0694174474602
8078	GARLIC	4.26786622174	0.163428776035
62900	GARLIC	1.89562103934	0.0743874899236
7122	GARLIC	1.54605893349	0.0608862380493
7410	GARLIC	0.901099171941	0.0357191749906
5364729	GARLIC	2.81857161881	0.109565126364
61209	GARLIC	3.38739187419	0.130905905484
1550470	GARLIC	1.81646246261	0.0713386841532
62902	GARLIC	2.00543407049	0.0786086564953
807	GARLIC	1.16326530612	0.0459893377758
1001	GARLIC	1.32865643195	0.0524401261122
13216	GARLIC	1.00521998699	0.0398046125909
5960	GARLIC	3.3944429588	0.131168821152
10448	GARLIC	10.3219671204	0.370261482721
177	GARLIC	8.06767008275	0.296671883085
1049	GARLIC	6.13134338983	0.230216386888
61337	GARLIC	3.13902011994	0.121619425872
679	GARLIC	6.32935209891	0.23714980476
12206	GARLIC	1.29446579769	0.0511083752271
7151	GARLIC	1.74096348836	0.0684261579871
6826	GARLIC	1.51296192023	0.0596028553004
88454	GARLIC	1.92962058176	0.0756954490345
7997	GARLIC	3.00135044097	0.116450775851
6137	GARLIC	7.73575092617	0.28549330009
36822	GARLIC	2.15888881868	0.0844912323747
61659	GARLIC	13.5284777626	0.467931226274
6505	GARLIC	4.46011511823	0.170447553982
8918	GARLIC	2.15109343689	0.0841928562859
12297	GARLIC	2.79808878054	0.108791830892
5273467	GARLIC	1.55502299383	0.0612336811486
22310	GARLIC	1.95275033194	0.076584719734
33032	GARLIC	3.27091159121	0.126556918594
8175	GARLIC	1.67584908661	0.0659105754001
7765	GARLIC	2.94741854151	0.114421831237
106997	GARLIC	1.30870815924	0.051663239551
6658	GARLIC	2.86802182471	0.111430653314
16255	GARLIC	2.56782727966	0.100075596411
5541	GARLIC	3.6820492206	0.141858974239
23642	GARLIC	7.29055219233	0.270361227186
5365027	GARLIC	2.13165525354	0.0834486284937
1549778	GARLIC	1.53058466555	0.0602863108545
12810	GARLIC	2.21348138695	0.0865794555378
61027	GARLIC	3.53576206267	0.136429837161
5363388	GARLIC	2.39236857619	0.0934053720861
8163	GARLIC	1.63176284704	0.0642054538859
12348	GARLIC	1.48542523598	0.0585344141865
13561	GARLIC	1.38894065301	0.0547859636655
14228	SPICES	4.94285099598	0.187941329452
778574	SPICES	6.62358886473	0.24739478281
61918	SPICES	6.56720166049	0.24543681136
7119	SPICES	8.62584202254	0.315271620663
8892	SPICES	4.02774747863	0.154620799244
18827	SPICES	5.68290467699	0.214398024852
69963	SPICES	7.07540414761	0.262991628364
261	SPICES	6.50646965348	0.243325127199
8658	SPICES	6.84256893466	0.254974457536
5366244	SPICES	6.23280288917	0.233772982825
6998	SPICES	9.39637876045	0.340538376894
7820	SPICES	4.85171212825	0.1846528409
5315892	SPICES	7.62273562526	0.281666985645
7144	SPICES	11.800277846	0.416312490943
12180	SPICES	4.65604359654	0.177570247072
8452	SPICES	7.8441242869	0.289152857145
6106	SPICES	3.86716189273	0.148704499267
8093	SPICES	4.20905471316	0.161275731895
7761	SPICES	3.78387311084	0.145627846146
8908	SPICES	3.08893581465	0.119740822799
444683	SPICES	6.22994828797	0.233673029251
8091	SPICES	3.61963428289	0.139544670379
89440	SPICES	10.5673610301	0.378026793546
8078	SPICES	5.21660936553	0.197779169312
62900	SPICES	8.06496691045	0.296581199911
7122	SPICES	8.21449240542	0.301588542025
7410	SPICES	4.24840121826	0.162716483566
5364729	SPICES	5.77546781541	0.217676301222
61209	SPICES	8.23949612846	0.302424126558
1550470	SPICES	7.37210172671	0.273144915521
62902	SPICES	4.34817210295	0.166364243863
807	SPICES	3.83673469388	0.147581174511
1001	SPICES	3.51203558044	0.13554766565
13216	SPICES	7.91845046783	0.291657275589
5960	SPICES	4.35007986395	0.166433916629
10448	SPICES	8.18310942105	0.300539064923
177	SPICES	8.57119825313	0.313461754327
1049	SPICES	5.77251251634	0.217571740353
61337	SPICES	7.59793059153	0.280825803952
679	SPICES	6.99304595952	0.260160761664
12206	SPICES	4.54964873121	0.173706227818
7151	SPICES	3.95469409918	0.1519319218
6826	SPICES	4.16324448191	0.15959673743
88454	SPICES	3.72186276353	0.143333605569
7997	SPICES	2.75902509943	0.107316116177
6137	SPICES	5.84433320517	0.220110835962
36822	SPICES	6.38012806073	0.238922708801
61659	SPICES	4.90854160442	0.186704151904
6505	SPICES	0.881388871826	0.0349448163357
8918	SPICES	3.50476517117	0.135277255285
12297	SPICES	4.58935903414	0.175149474828
5273467	SPICES	7.01754575806	0.261003450936
22310	SPICES	7.8835745909	0.290482684304
33032	SPICES	3.40266086876	0.131475194355
8175	SPICES	2.7460388199	0.106825261116
7765	SPICES	4.48538914737	0.171368079573
106997	SPICES	7.77186592583	0.286713877046
6658	SPICES	6.07453608144	0.228221447816
16255	SPICES	5.71035796191	0.215371043255
5541	SPICES	1.31211623967	0.0517959899764
23642	SPICES	9.91533100454	0.35728772461
5365027	SPICES	5.57952229698	0.210728464254
1549778	SPICES	5.33038897422	0.201850340322
12810	SPICES	6.52124838807	0.243839263307
61027	SPICES	5.72726068291	0.215969821344
5363388	SPICES	4.20588071016	0.161159455387
8163	SPICES	4.11029451009	0.15765397202
12348	SPICES	3.28598508708	0.127120324286
13561	SPICES	5.02629333118	0.190946283387
14228	COLD	3.39298534584	0.131114474011
778574	COLD	4.15890134654	0.159437469698
61918	COLD	4.09418652692	0.15706251575
7119	COLD	5.36704062163	0.203159574851
8892	COLD	3.18911912475	0.123496572673
18827	COLD	5.53462301352	0.20913209978
69963	COLD	5.179334993	0.196443195332
261	COLD	2.88611504656	0.112112737838
8658	COLD	4.40712374423	0.168515853891
5366244	COLD	4.61354522328	0.17602788912
6998	COLD	4.47267815442	0.170905186228
7820	COLD	3.81179081553	0.146659732933
5315892	COLD	5.41989289724	0.205045620283
7144	COLD	4.04609719132	0.15529552666
12180	COLD	3.85648587169	0.148310441556
8452	COLD	8.27053872601	0.303460824713
6106	COLD	3.25373942119	0.125914848759
8093	COLD	5.0088676399	0.190319203582
7761	COLD	4.88660289117	0.18591256052
8908	COLD	5.25227833264	0.199056562232
444683	COLD	5.77559523782	0.217680809372
8091	COLD	6.30425751483	0.236272835468
89440	COLD	6.52634657919	0.244016583299
8078	COLD	7.54740616448	0.279110910654
62900	COLD	7.25056070184	0.268994175877
7122	COLD	3.21038888982	0.124292916863
7410	COLD	3.91874997236	0.150607358356
5364729	COLD	5.026723016	0.190961742928
61209	COLD	4.34557792196	0.166269497888
1550470	COLD	4.33253408257	0.165793022672
62902	COLD	5.04699817994	0.191691050946
807	COLD	4.51020408163	0.172271386922
1001	COLD	4.72537442073	0.180083311463
13216	COLD	10.4672297206	0.374864029613
5960	COLD	3.39413667097	0.131157401342
10448	COLD	2.33907940365	0.0913746591634
177	COLD	4.25822224428	0.163075907098
1049	COLD	2.54141407313	0.0990730487288
61337	COLD	6.67460389577	0.249164020965
679	COLD	3.6518252466	0.140738678811
12206	COLD	5.6305039256	0.212539127241
7151	COLD	6.1414242766	0.230570134206
6826	COLD	4.7778264757	0.181982008695
88454	COLD	6.10297235411	0.229220385542
7997	COLD	4.07998700884	0.156540962757
6137	COLD	2.17991841668	0.085295918946
36822	COLD	5.96933716207	0.224520292021
61659	COLD	1.48997676281	0.058711058211
6505	COLD	1.66025442492	0.0653075990947
8918	COLD	4.65132293911	0.177398995531
12297	COLD	5.09700973411	0.193488586072
5273467	COLD	3.75963793282	0.144731566359
22310	COLD	7.81510657564	0.28817390671
33032	COLD	3.85177122479	0.148136392364
8175	COLD	6.82082633104	0.254223584506
7765	COLD	6.18855730189	0.232222995484
106997	COLD	12.8818207896	0.448896308842
6658	COLD	4.57756130875	0.174720825336
16255	COLD	2.80919802548	0.109211283601
5541	COLD	4.17874402546	0.160165000366
23642	COLD	2.80833683593	0.109178771124
5365027	COLD	5.95595759613	0.224048931491
1549778	COLD	4.55082321891	0.173748931969
12810	COLD	5.24529600379	0.198806588084
61027	COLD	3.88276679723	0.149280320689
5363388	COLD	4.98357472585	0.189408582215
8163	COLD	5.08639945716	0.193107394511
12348	COLD	4.61297555193	0.1760072047
13561	COLD	4.46232177345	0.170527944694
14228	SOUR	7.1616631031	0.265950756763
778574	SOUR	7.05892551198	0.262425648726
61918	SOUR	9.66727303277	0.349308454155
7119	SOUR	5.12390765574	0.194454534364
8892	SOUR	13.5088973415	0.467359770708
18827	SOUR	12.7005169701	0.443499426281
69963	SOUR	15.0348257143	0.510974634867
261	SOUR	21.3198564987	0.670979747499
8658	SOUR	5.15290587494	0.195495259415
5366244	SOUR	10.1234033266	0.363942815099
6998	SOUR	4.09917014404	0.157245527414
7820	SOUR	11.2842718331	0.400436957004
5315892	SOUR	5.78665061287	0.218071894389
7144	SOUR	5.31830390306	0.20141841356
12180	SOUR	14.7498148557	0.502969778916
8452	SOUR	8.88093441256	0.323688978086
6106	SOUR	11.4170510838	0.404542421171
8093	SOUR	8.21661110952	0.301659365131
7761	SOUR	9.21573888878	0.334657618245
8908	SOUR	5.90492876489	0.222249877108
444683	SOUR	7.3468443719	0.272283325986
8091	SOUR	7.22382383664	0.268079501136
89440	SOUR	6.50136447805	0.243147483091
8078	SOUR	10.8207478424	0.385994480147
62900	SOUR	6.81167497499	0.253907432614
7122	SOUR	5.2361545615	0.198479256623
7410	SOUR	6.49999318466	0.243099762826
5364729	SOUR	11.1504212112	0.396284091172
61209	SOUR	7.73105939579	0.285334664079
1550470	SOUR	7.10925473422	0.264153588218
62902	SOUR	8.3267739578	0.305336892494
807	SOUR	9.73469387755	0.351482049146
1001	SOUR	4.6663541175	0.1779442204
13216	SOUR	4.63108461489	0.176664606711
5960	SOUR	9.92542088766	0.357611243587
10448	SOUR	15.4657534067	0.522954324892
177	SOUR	17.3312546256	0.573101230264
1049	SOUR	6.77761481504	0.252730167569
61337	SOUR	11.7607655328	0.415104378945
679	SOUR	10.6780541103	0.381513828579
12206	SOUR	8.60066078483	0.314437885019
7151	SOUR	6.16389228341	0.231358264104
6826	SOUR	7.11253052062	0.264265984662
88454	SOUR	6.6539369923	0.248447528693
7997	SOUR	10.5591960927	0.377769194857
6137	SOUR	15.6230359444	0.527289736928
36822	SOUR	6.94991109627	0.258675938152
61659	SOUR	10.4137174946	0.37317049496
6505	SOUR	19.7216820407	0.633289384623
8918	SOUR	6.26417875545	0.234871176026
12297	SOUR	11.006319107	0.391797140164
5273467	SOUR	7.73942817936	0.285617627757
22310	SOUR	4.2726608509	0.163604181737
33032	SOUR	12.5700640137	0.439599956824
8175	SOUR	9.40560712411	0.340838106815
7765	SOUR	9.22112716783	0.334833412215
106997	SOUR	3.77265440799	0.145213007807
6658	SOUR	11.3709110363	0.403117394332
16255	SOUR	7.90700476836	0.291271900972
5541	SOUR	15.435970767	0.522131153271
23642	SOUR	10.4772315127	0.375180308439
5365027	SOUR	7.10699842452	0.264076166338
1549778	SOUR	8.66367295435	0.31652322655
12810	SOUR	6.40155579288	0.239670265088
61027	SOUR	9.26738863617	0.336341748593
5363388	SOUR	8.58605567041	0.313954086026
8163	SOUR	5.27160852345	0.199748398368
12348	SOUR	7.66780725598	0.283194182993
13561	SOUR	5.76288769251	0.217231157878
14228	BURNT	4.03679075299	0.154953358286
778574	BURNT	3.10999902206	0.120531123316
61918	BURNT	14.3264635128	0.4909595178
7119	BURNT	5.59924823821	0.211429297195
8892	BURNT	5.02681240358	0.190964958967
18827	BURNT	4.61609843521	0.176120591503
69963	BURNT	4.53749600763	0.173264292298
261	BURNT	3.25694419459	0.126034693589
8658	BURNT	2.43751582033	0.0951240394634
5366244	BURNT	6.01781428977	0.22622693606
6998	BURNT	1.83484699919	0.0720472145633
7820	BURNT	4.34881072454	0.166387567094
5315892	BURNT	3.58951188776	0.138426637273
7144	BURNT	6.40456377433	0.239775176117
12180	BURNT	2.67978636567	0.104318952641
8452	BURNT	5.90597849154	0.222286906884
6106	BURNT	6.0292836061	0.226630439923
8093	BURNT	3.36258766633	0.129980708328
7761	BURNT	2.16542541206	0.0847413895965
8908	BURNT	3.50670335073	0.135349346673
444683	BURNT	3.52040016618	0.135858719715
8091	BURNT	3.03649246019	0.117771583823
89440	BURNT	4.67572564994	0.178284061856
8078	BURNT	4.69709451651	0.179058701902
62900	BURNT	3.14593409994	0.121878603453
7122	BURNT	7.331881251	0.271772656969
7410	BURNT	8.93576739656	0.325491520276
5364729	BURNT	3.31428891929	0.128177752355
61209	BURNT	5.77394342452	0.217622367913
1550470	BURNT	3.81600299021	0.14681536808
62902	BURNT	3.20540132965	0.124106214112
807	BURNT	5.44897959184	0.206082632237
1001	BURNT	3.9040335132	0.150064749459
13216	BURNT	4.86366508994	0.185084508355
5960	BURNT	7.19747658449	0.267177595706
10448	BURNT	6.6117941826	0.246985438379
177	BURNT	5.06165716618	0.19221813734
1049	BURNT	7.40048548302	0.274112545167
61337	BURNT	4.01485312815	0.15414650687
679	BURNT	6.22183236948	0.233388815566
12206	BURNT	2.75457310064	0.107147854839
7151	BURNT	7.79177191451	0.287386192753
6826	BURNT	2.77784002014	0.108027042735
88454	BURNT	3.28486845847	0.127078594023
7997	BURNT	3.24102076455	0.125439144343
6137	BURNT	11.5259129156	0.407897849207
36822	BURNT	8.79164054861	0.32074844453
61659	BURNT	15.3311977977	0.519229661542
6505	BURNT	12.0641168876	0.424347508993
8918	BURNT	3.83547148849	0.147534522924
12297	BURNT	4.82063941004	0.183530150673
5273467	BURNT	5.01413763814	0.190508875024
22310	BURNT	3.69761162601	0.142435532346
33032	BURNT	5.44150743066	0.205816295979
8175	BURNT	4.74806114685	0.180904812012
7765	BURNT	3.99416047589	0.153385091873
106997	BURNT	3.52778258674	0.136133203478
6658	BURNT	2.86153070819	0.11118588513
16255	BURNT	3.30026381814	0.127653856218
5541	BURNT	4.84169813782	0.18429110917
23642	BURNT	15.2360173051	0.516586202874
5365027	BURNT	4.41777062668	0.168904146143
1549778	BURNT	1.47878262013	0.0582765855902
12810	BURNT	2.54800055726	0.0993230995545
61027	BURNT	4.31759832942	0.165247271043
5363388	BURNT	3.93969482852	0.151379315004
8163	BURNT	4.50445179899	0.172062037556
12348	BURNT	2.35252023773	0.0918870689215
13561	BURNT	3.6809651692	0.141818804937
14228	ACID	5.67898592234	0.214259084451
778574	ACID	3.4032305428	0.131496430461
61918	ACID	7.56419654606	0.279681034087
7119	ACID	6.30940197977	0.236452657854
8892	ACID	5.88335580901	0.22148868213
18827	ACID	6.3937269082	0.239397178817
69963	ACID	5.28069734589	0.200073588052
261	ACID	5.42724464134	0.205307791895
8658	ACID	5.1876754989	0.196742229123
5366244	ACID	7.03931960933	0.261751976148
6998	ACID	1.93131841792	0.0757607403843
7820	ACID	3.99063563149	0.153255356162
5315892	ACID	5.55101328261	0.209715031919
7144	ACID	6.70791240165	0.250318060551
12180	ACID	6.78687116454	0.2530501985
8452	ACID	12.9158153684	0.449905300083
6106	ACID	5.72683808642	0.21595485367
8093	ACID	8.19154632621	0.300821280562
7761	ACID	6.10733880651	0.229373717341
8908	ACID	5.81427258581	0.219048597152
444683	ACID	9.63928020128	0.348404918932
8091	ACID	4.24916373394	0.162744392382
89440	ACID	7.38521219834	0.273591944248
8078	ACID	9.59688915628	0.34703545366
62900	ACID	7.95245796238	0.292801683438
7122	ACID	5.98839513298	0.225191454812
7410	ACID	9.10398535769	0.331006394551
5364729	ACID	4.80519745922	0.18297192932
61209	ACID	7.1266361895	0.264749870229
1550470	ACID	0.891728664087	0.0353510745593
62902	ACID	7.02223952704	0.261164841892
807	ACID	16.5714285714	0.553012244897
1001	ACID	9.03075916969	0.328608522315
13216	ACID	8.44048180325	0.309122578902
5960	ACID	3.18849762391	0.123473298117
10448	ACID	5.5550813942	0.20985968405
177	ACID	6.23954081002	0.234008884593
1049	ACID	5.69109227161	0.214688278367
61337	ACID	9.42749479452	0.34154872854
679	ACID	7.28211353278	0.270072870309
12206	ACID	7.82990936574	0.288673382359
7151	ACID	5.50543556128	0.208093494163
6826	ACID	5.68438260278	0.214450421881
88454	ACID	4.90068193185	0.186420603915
7997	ACID	8.73388485185	0.318843096232
6137	ACID	1.93923223228	0.0760650406308
36822	ACID	7.14826356915	0.265491473944
61659	ACID	6.93868752359	0.258289347124
6505	ACID	2.85723568464	0.111023909082
8918	ACID	3.14900104514	0.121993558773
12297	ACID	9.55913309146	0.345814513474
5273467	ACID	3.95593375777	0.151977585553
22310	ACID	5.89304381589	0.221830566469
33032	ACID	3.60310119553	0.138931112531
8175	ACID	7.50408335361	0.277638827353
7765	ACID	8.29577668775	0.304303103169
106997	ACID	10.2975716259	0.36948687248
6658	ACID	4.09986559718	0.157271064721
16255	ACID	4.1307721182	0.158405573411
5541	ACID	6.26159005392	0.234780598155
23642	ACID	8.40219351411	0.307848998225
5365027	ACID	7.22358147282	0.268071207195
1549778	ACID	4.41638581423	0.168853647105
12810	ACID	4.67375650683	0.178212660319
61027	ACID	4.10864225068	0.15759331357
5363388	ACID	3.74656597317	0.14424793629
8163	ACID	7.22882751297	0.268250721634
12348	ACID	5.95410222757	0.223983555768
13561	ACID	6.93805874173	0.258267686028
14228	WARM	5.05801609922	0.192087233225
778574	WARM	5.51339892976	0.208376930087
61918	WARM	6.99734505041	0.260308666914
7119	WARM	5.88935264146	0.221700315844
8892	WARM	5.45410665	0.20626535426
18827	WARM	4.9494841795	0.188180409723
69963	WARM	5.06805435848	0.192448104347
261	WARM	6.11648291026	0.229694771134
8658	WARM	8.33780537567	0.305704615634
5366244	WARM	7.94148097907	0.292432391106
6998	WARM	7.7244819552	0.285112229618
7820	WARM	5.10502222673	0.193776388295
5315892	WARM	6.03589433065	0.226862965078
7144	WARM	9.22406889741	0.334929377087
12180	WARM	4.75084671801	0.181005650905
8452	WARM	4.83540247451	0.184063652144
6106	WARM	7.33460011987	0.271865461227
8093	WARM	4.33859583549	0.16601446789
7761	WARM	6.4123318392	0.240046073721
8908	WARM	3.49542081386	0.134929645888
444683	WARM	3.50061515951	0.135122883782
8091	WARM	4.48931043204	0.171510854019
89440	WARM	9.87083616812	0.355860084062
8078	WARM	5.653109621	0.213341325485
62900	WARM	6.40608369603	0.239828184513
7122	WARM	6.29151555597	0.235827355042
7410	WARM	5.72277832883	0.215811056433
5364729	WARM	5.52003702883	0.208613157633
61209	WARM	6.50288119891	0.243200262402
1550470	WARM	5.96315805318	0.22430262054
62902	WARM	5.77069896518	0.217507571989
807	WARM	5.55102040816	0.209715285298
1001	WARM	5.14712849776	0.195287967202
13216	WARM	5.58347803724	0.210869030693
5960	WARM	6.2505403868	0.234393913421
10448	WARM	6.50741417228	0.243357991207
177	WARM	6.76312789318	0.252229156167
1049	WARM	3.2235416292	0.124785176914
61337	WARM	7.90670082557	0.291261665845
679	WARM	6.7706099204	0.252487933338
12206	WARM	5.17674682653	0.196350389979
7151	WARM	7.13060243274	0.264885900888
6826	WARM	5.91287355272	0.222530112649
88454	WARM	3.84830258338	0.148008330226
7997	WARM	3.54963331157	0.136945373804
6137	WARM	7.47132106636	0.276524587264
36822	WARM	5.62807725188	0.212452988654
61659	WARM	7.22387973587	0.268081414059
6505	WARM	13.1741290857	0.457542092561
8918	WARM	3.09122419663	0.119826701052
12297	WARM	3.58138773773	0.138124974258
5273467	WARM	5.67377230059	0.214074215176
22310	WARM	7.7952801756	0.287504649818
33032	WARM	5.29635641579	0.200633700118
8175	WARM	5.0728679991	0.19262112407
7765	WARM	4.96246034793	0.188648008835
106997	WARM	8.30059018922	0.304463688573
6658	WARM	4.91132655296	0.186804610715
16255	WARM	4.77497094502	0.18187869879
5541	WARM	5.47899950694	0.207152206039
23642	WARM	7.71610181603	0.284828781747
5365027	WARM	4.86089667783	0.184984540508
1549778	WARM	4.49229861003	0.171619645681
12810	WARM	6.08661684749	0.22864591204
61027	WARM	5.9627887698	0.224289610827
5363388	WARM	4.97103376403	0.188956879888
8163	WARM	4.31184704147	0.165037071695
12348	WARM	3.59905742323	0.138781011195
13561	WARM	4.65321365847	0.177467587398
14228	MUSKY	7.26299053872	0.269419208923
778574	MUSKY	8.69893954056	0.31768896197
61918	MUSKY	12.253799472	0.43008973828
7119	MUSKY	6.31620092495	0.236690279348
8892	MUSKY	12.3006841935	0.431504635088
18827	MUSKY	8.05229932671	0.29615616329
69963	MUSKY	11.7192907379	0.413834919356
261	MUSKY	15.234402547	0.516541293493
8658	MUSKY	5.74634921121	0.216645756746
5366244	MUSKY	9.91259775453	0.357200072484
6998	MUSKY	3.86182137001	0.148507389083
7820	MUSKY	5.00505437332	0.190181947221
5315892	MUSKY	6.89274083592	0.256705682944
7144	MUSKY	5.90314192466	0.222186843153
12180	MUSKY	8.89573670453	0.324175815575
8452	MUSKY	6.91121054201	0.257342489218
6106	MUSKY	14.4520302885	0.494536739755
8093	MUSKY	5.25797813277	0.199260591693
7761	MUSKY	2.22031060015	0.0868405123415
8908	MUSKY	4.48019325221	0.171178877458
444683	MUSKY	7.95480923013	0.29288077325
8091	MUSKY	4.53668399465	0.173234759119
89440	MUSKY	8.9052837099	0.324489717214
8078	MUSKY	6.61850164523	0.247218240198
62900	MUSKY	5.91441664484	0.222584536094
7122	MUSKY	7.97224892253	0.293467255748
7410	MUSKY	9.28956382424	0.337064154552
5364729	MUSKY	5.19096977537	0.196860324131
61209	MUSKY	6.40821547577	0.239902528797
1550470	MUSKY	4.77936664218	0.182037727487
62902	MUSKY	3.46235046796	0.133698870413
807	MUSKY	8.83673469388	0.322234235735
1001	MUSKY	9.03085990333	0.328611823896
13216	MUSKY	5.89162827819	0.22178061762
5960	MUSKY	6.76684843724	0.252357842381
10448	MUSKY	14.2568360812	0.488970493229
177	MUSKY	13.7780822794	0.475189070657
1049	MUSKY	9.49418437429	0.343711560198
61337	MUSKY	10.4511686944	0.374355976944
679	MUSKY	8.18678640069	0.300662067399
12206	MUSKY	4.10379395601	0.157415308307
7151	MUSKY	5.04084908076	0.191469899448
6826	MUSKY	6.42488932652	0.240483891918
88454	MUSKY	4.70310823644	0.179276638624
7997	MUSKY	7.6829188587	0.283705857472
6137	MUSKY	12.1473094245	0.426869526477
36822	MUSKY	10.2231438116	0.367120684708
61659	MUSKY	16.0047921993	0.537730338635
6505	MUSKY	13.1317847481	0.456293881654
8918	MUSKY	8.09376608637	0.297547023671
12297	MUSKY	10.6812865143	0.381615507932
5273467	MUSKY	7.8893534867	0.290677380093
22310	MUSKY	3.03430381217	0.117689352637
33032	MUSKY	9.42814055457	0.341569688456
8175	MUSKY	10.3329248351	0.370609259146
7765	MUSKY	3.16438488484	0.122570062714
106997	MUSKY	6.47755681301	0.242318775614
6658	MUSKY	7.04057160842	0.261795004907
16255	MUSKY	9.17450683278	0.333311643061
5541	MUSKY	9.30702658532	0.337632765869
23642	MUSKY	12.5259744101	0.438278962436
5365027	MUSKY	7.36335886845	0.272846733208
1549778	MUSKY	6.63645159482	0.247841067885
12810	MUSKY	5.6330157098	0.212628281997
61027	MUSKY	8.25300730044	0.302875440217
5363388	MUSKY	5.12190802543	0.194382744289
8163	MUSKY	4.96829842147	0.188858341177
12348	MUSKY	4.57128370255	0.174492694226
13561	MUSKY	5.73980973709	0.216414223156
14228	SWEATY	3.66633576184	0.141276623306
778574	SWEATY	4.90500992262	0.186576747968
61918	SWEATY	4.38038974381	0.167540464029
7119	SWEATY	1.59546347053	0.0628003373469
8892	SWEATY	6.58732636017	0.246135906977
18827	SWEATY	3.70394695647	0.142670189036
69963	SWEATY	6.48077203192	0.242430718825
261	SWEATY	10.0522292192	0.361670243859
8658	SWEATY	2.17027916668	0.0849271220026
5366244	SWEATY	5.1864408594	0.196697966861
6998	SWEATY	0.742866709141	0.0294939279866
7820	SWEATY	3.25108895084	0.125815726287
5315892	SWEATY	3.63749515958	0.140207257969
7144	SWEATY	3.51098745123	0.135508684896
12180	SWEATY	7.05383197495	0.262250660785
8452	SWEATY	4.56979288522	0.174438512603
6106	SWEATY	11.7240683526	0.413981222609
8093	SWEATY	3.35578453782	0.129726865567
7761	SWEATY	3.1981536561	0.123834871521
8908	SWEATY	1.80843129257	0.0710290822068
444683	SWEATY	5.51211409772	0.208331203178
8091	SWEATY	3.13436144427	0.121444769105
89440	SWEATY	2.16489992477	0.0847212803171
8078	SWEATY	4.07449632441	0.156339244857
62900	SWEATY	2.30323997812	0.090007633366
7122	SWEATY	1.68724406671	0.0663510456523
7410	SWEATY	3.14338383779	0.121783008731
5364729	SWEATY	3.16547128942	0.122610768183
61209	SWEATY	1.95927319627	0.0768354272679
1550470	SWEATY	2.00830324963	0.0787188172083
62902	SWEATY	2.31077646013	0.0902951832657
807	SWEATY	2.24489795918	0.0877800916283
1001	SWEATY	2.57083658067	0.100189782937
13216	SWEATY	1.43080647074	0.0564133759668
5960	SWEATY	2.6506809245	0.103216793235
10448	SWEATY	9.81863743928	0.354183241106
177	SWEATY	8.04137552708	0.295789532936
1049	SWEATY	5.0621860584	0.19223715126
61337	SWEATY	4.62903262095	0.176590127636
679	SWEATY	4.30564689867	0.164810437861
12206	SWEATY	2.27978197985	0.0891123168438
7151	SWEATY	1.44893355361	0.0571175787671
6826	SWEATY	0.967076440861	0.0383089628975
88454	SWEATY	2.99649162289	0.116268080097
7997	SWEATY	5.23390508526	0.198398698434
6137	SWEATY	5.91896328514	0.222744880857
36822	SWEATY	3.00083275804	0.116431311425
61659	SWEATY	7.21700596134	0.267846168435
6505	SWEATY	3.94425849933	0.151547469929
8918	SWEATY	3.28845132073	0.127212487994
12297	SWEATY	6.07639538435	0.228286783027
5273467	SWEATY	5.69875512297	0.214959880938
22310	SWEATY	0.437201069287	0.0174115848615
33032	SWEATY	4.53693953471	0.173244053252
8175	SWEATY	5.71991381044	0.215709586818
7765	SWEATY	0.224813511244	0.00897232400381
106997	SWEATY	0.666962049403	0.026500546626
6658	SWEATY	2.86915642836	0.11147343369
16255	SWEATY	3.56824651106	0.137636907177
5541	SWEATY	5.43399611219	0.205548518989
23642	SWEATY	4.43603321791	0.169569972432
5365027	SWEATY	3.29227867463	0.127355507437
1549778	SWEATY	2.14018073214	0.0837750798591
12810	SWEATY	1.73536975429	0.0682101868982
61027	SWEATY	4.40086406914	0.168287520944
5363388	SWEATY	1.9058058165	0.0747793943359
8163	SWEATY	3.48767390282	0.134641408412
12348	SWEATY	2.28820679024	0.0894339154835
13561	SWEATY	4.2173670117	0.161580206663
14228	AMMONIA/URINOUS	3.29825269181	0.127578719345
778574	AMMONIA/URINOUS	3.54674696176	0.136838112866
61918	AMMONIA/URINOUS	3.75868773292	0.144696415927
7119	AMMONIA/URINOUS	4.71144927355	0.179578869239
8892	AMMONIA/URINOUS	4.75334536921	0.181096097889
18827	AMMONIA/URINOUS	6.07024389607	0.22807061146
69963	AMMONIA/URINOUS	7.33195201371	0.271775072416
261	AMMONIA/URINOUS	4.19633353812	0.160809655459
8658	AMMONIA/URINOUS	2.98152945057	0.115705370877
5366244	AMMONIA/URINOUS	8.13879695606	0.299055871886
6998	AMMONIA/URINOUS	1.25424711682	0.049540630341
7820	AMMONIA/URINOUS	4.08907800113	0.156874896485
5315892	AMMONIA/URINOUS	4.06686336364	0.156058783498
7144	AMMONIA/URINOUS	5.02795657839	0.191006124194
12180	AMMONIA/URINOUS	6.19459811081	0.232434706131
8452	AMMONIA/URINOUS	10.0171475506	0.360548604002
6106	AMMONIA/URINOUS	6.26128917642	0.234770070197
8093	AMMONIA/URINOUS	5.10917053141	0.193925371849
7761	AMMONIA/URINOUS	3.57642609121	0.137940714214
8908	AMMONIA/URINOUS	4.40359302465	0.168387068375
444683	AMMONIA/URINOUS	6.94749439419	0.258592704425
8091	AMMONIA/URINOUS	3.08421213008	0.119563539418
89440	AMMONIA/URINOUS	6.80873219496	0.253805754157
8078	AMMONIA/URINOUS	11.7679714245	0.415324796402
62900	AMMONIA/URINOUS	4.27600466524	0.163726500251
7122	AMMONIA/URINOUS	3.89921985616	0.149887228052
7410	AMMONIA/URINOUS	6.52504521482	0.243971322571
5364729	AMMONIA/URINOUS	2.91277905043	0.113117449298
61209	AMMONIA/URINOUS	6.38010517327	0.238921910122
1550470	AMMONIA/URINOUS	0.474930369763	0.0189069912481
62902	AMMONIA/URINOUS	3.8385746006	0.147649122038
807	AMMONIA/URINOUS	13.1836734694	0.457823240317
1001	AMMONIA/URINOUS	8.98785252794	0.327201503892
13216	AMMONIA/URINOUS	7.52607773882	0.278386371101
5960	AMMONIA/URINOUS	3.71557257139	0.143100711042
10448	AMMONIA/URINOUS	9.73070774572	0.351353640536
177	AMMONIA/URINOUS	4.18425529041	0.160367014682
1049	AMMONIA/URINOUS	3.61088032608	0.139219830352
61337	AMMONIA/URINOUS	5.65805295197	0.213516692796
679	AMMONIA/URINOUS	4.60025903717	0.175545408203
12206	AMMONIA/URINOUS	4.43125615441	0.169395833734
7151	AMMONIA/URINOUS	3.34932243013	0.129485712909
6826	AMMONIA/URINOUS	3.91762273129	0.150565802106
88454	AMMONIA/URINOUS	3.50185930791	0.135169164871
7997	AMMONIA/URINOUS	6.22499385651	0.233499534855
6137	AMMONIA/URINOUS	5.47870982156	0.207141888339
36822	AMMONIA/URINOUS	4.80486068985	0.182959753094
61659	AMMONIA/URINOUS	9.31367270313	0.337849108437
6505	AMMONIA/URINOUS	0.671832097773	0.0266927405639
8918	AMMONIA/URINOUS	4.94468975752	0.188007607581
12297	AMMONIA/URINOUS	8.18586551158	0.300631262794
5273467	AMMONIA/URINOUS	3.86871399551	0.148761780629
22310	AMMONIA/URINOUS	5.07657511345	0.192754358585
33032	AMMONIA/URINOUS	1.16288512743	0.0459744843692
8175	AMMONIA/URINOUS	6.88085448579	0.25629571605
7765	AMMONIA/URINOUS	5.35889409526	0.202868665441
106997	AMMONIA/URINOUS	8.63654829303	0.315625945154
6658	AMMONIA/URINOUS	2.45672524446	0.0958548102075
16255	AMMONIA/URINOUS	2.30499153767	0.0900744671114
5541	AMMONIA/URINOUS	4.54658621179	0.173594869999
23642	AMMONIA/URINOUS	8.11647972079	0.298308291608
5365027	AMMONIA/URINOUS	6.6190951346	0.247238837224
1549778	AMMONIA/URINOUS	4.31868519315	0.165286991007
12810	AMMONIA/URINOUS	4.08077826965	0.156570030272
61027	AMMONIA/URINOUS	3.84228725644	0.147786221713
5363388	AMMONIA/URINOUS	2.09744056617	0.0821379198755
8163	AMMONIA/URINOUS	4.94989388375	0.188195175566
12348	AMMONIA/URINOUS	4.73236311621	0.180336420383
13561	AMMONIA/URINOUS	4.76545618908	0.181534418487
14228	DECAYED	4.44183229758	0.169781342239
778574	DECAYED	2.79871683579	0.108815547061
61918	DECAYED	9.01766753189	0.328179370189
7119	DECAYED	2.11672203576	0.0828766765599
8892	DECAYED	6.15997382827	0.231220842105
18827	DECAYED	4.3617986199	0.166861829916
69963	DECAYED	7.09794844841	0.263765589066
261	DECAYED	7.68453747333	0.283760652462
8658	DECAYED	2.91747375332	0.113294288892
5366244	DECAYED	8.35730139828	0.306354261266
6998	DECAYED	1.28656086257	0.0508003389614
7820	DECAYED	3.0416425294	0.117965065465
5315892	DECAYED	3.25403880428	0.125926044755
7144	DECAYED	4.4157290105	0.168829695342
12180	DECAYED	12.5441809406	0.438824647437
8452	DECAYED	8.56974327697	0.313413531146
6106	DECAYED	6.10791448969	0.229393931822
8093	DECAYED	4.14314776111	0.158859641096
7761	DECAYED	0.420606180078	0.0167534833796
8908	DECAYED	2.89046944654	0.112276852413
444683	DECAYED	4.28972234583	0.164228206712
8091	DECAYED	3.71482368471	0.143072981385
89440	DECAYED	3.24559335199	0.125610183597
8078	DECAYED	7.13239486166	0.264947371881
62900	DECAYED	3.3024798192	0.127736643586
7122	DECAYED	2.57372864241	0.100299514046
7410	DECAYED	5.10564654782	0.193798811244
5364729	DECAYED	3.55408144724	0.137110659916
61209	DECAYED	3.52477431574	0.136021359039
1550470	DECAYED	1.87878111083	0.0737393170481
62902	DECAYED	1.71296271749	0.067344812191
807	DECAYED	3.26530612245	0.126347355269
1001	DECAYED	2.44271412859	0.0953218242178
13216	DECAYED	2.82850996875	0.109940211293
5960	DECAYED	3.87267715809	0.148908034975
10448	DECAYED	15.2346522415	0.516548238092
177	DECAYED	5.95794575095	0.224118983009
1049	DECAYED	2.44019979937	0.0952261619506
61337	DECAYED	5.19101929501	0.196862099272
679	DECAYED	7.63738428581	0.282163515941
12206	DECAYED	3.30278641977	0.127748097537
7151	DECAYED	2.55178765616	0.0994668581497
6826	DECAYED	3.99613660153	0.153457820966
88454	DECAYED	3.58434236017	0.138234690345
7997	DECAYED	9.24639848571	0.335657585446
6137	DECAYED	11.1810202152	0.397234723388
36822	DECAYED	5.57074740747	0.210416605628
61659	DECAYED	7.44402820022	0.275595705671
6505	DECAYED	3.55141180983	0.137011462056
8918	DECAYED	3.01733642729	0.117051729446
12297	DECAYED	6.90694259293	0.257195361325
5273467	DECAYED	3.26885730951	0.126480121137
22310	DECAYED	0.594697287809	0.0236464255667
33032	DECAYED	3.63114588329	0.139971747161
8175	DECAYED	3.69210085494	0.142231390708
7765	DECAYED	0.843642418157	0.0334610037144
106997	DECAYED	2.6298451343	0.1024273712
6658	DECAYED	4.26825640385	0.163443051063
16255	DECAYED	3.17899558234	0.123117418128
5541	DECAYED	3.2148693093	0.124460618502
23642	DECAYED	9.48278856445	0.343342230995
5365027	DECAYED	3.97513716772	0.152684800508
1549778	DECAYED	2.75592935895	0.107199115706
12810	DECAYED	2.54791441934	0.0993198296183
61027	DECAYED	4.31704876163	0.165227186461
5363388	DECAYED	4.10888693707	0.157602296738
8163	DECAYED	3.52204149329	0.135919749219
12348	DECAYED	2.42746099501	0.0947414130476
13561	DECAYED	3.95719113763	0.152023900825
14228	WOOD	5.66462630879	0.213749855864
778574	WOOD	3.76343871364	0.144872160165
61918	WOOD	11.104542835	0.39485736477
7119	WOOD	3.33548955755	0.128969386066
8892	WOOD	2.34692083253	0.0916736183436
18827	WOOD	2.90050155979	0.112654898672
69963	WOOD	2.66051809214	0.103589381078
261	WOOD	2.75410722234	0.107130246257
8658	WOOD	3.03175757222	0.117593681298
5366244	WOOD	5.46711594498	0.206728895097
6998	WOOD	1.66113353988	0.0653415957404
7820	WOOD	2.96095135827	0.114931161152
5315892	WOOD	2.66158224227	0.103629681678
7144	WOOD	4.36315461971	0.166911337494
12180	WOOD	1.74694618431	0.0686571189841
8452	WOOD	2.42646579325	0.0947035372318
6106	WOOD	5.11329937008	0.194073642624
8093	WOOD	3.09478127028	0.119960182367
7761	WOOD	1.91584657942	0.0751656759303
8908	WOOD	2.2071979864	0.0863392302754
444683	WOOD	2.07115216535	0.081130218097
8091	WOOD	2.61094174569	0.101710863108
89440	WOOD	7.55260497126	0.279287462109
8078	WOOD	2.85575404097	0.110968029182
62900	WOOD	3.26922051743	0.12649369958
7122	WOOD	3.93847976947	0.151334541621
7410	WOOD	3.31562451437	0.128227634207
5364729	WOOD	2.47899231782	0.096701531548
61209	WOOD	3.56649185626	0.137571728586
1550470	WOOD	2.90402372405	0.112787607446
62902	WOOD	1.30378724996	0.0514715455212
807	WOOD	2.48979591837	0.0971122032487
1001	WOOD	2.87379765695	0.111648421089
13216	WOOD	2.07913258024	0.081436186295
5960	WOOD	6.73016276966	0.251088474424
10448	WOOD	2.58193753076	0.100610940665
177	WOOD	3.38911154322	0.130970030908
1049	WOOD	2.78489285689	0.108293462986
61337	WOOD	2.72503563706	0.106031097793
679	WOOD	2.77567678391	0.107945318713
12206	WOOD	1.73523618714	0.0682050296354
7151	WOOD	4.2335268094	0.162171972678
6826	WOOD	3.34716389098	0.129405153194
88454	WOOD	1.78500707237	0.0701257827954
7997	WOOD	1.11210707818	0.043989570266
6137	WOOD	5.48488322385	0.207361751362
36822	WOOD	5.57357565308	0.210517127899
61659	WOOD	3.78694655641	0.145741476568
6505	WOOD	4.840811253	0.184259068685
8918	WOOD	2.67983000326	0.104320604592
12297	WOOD	2.3596600568	0.0921592040385
5273467	WOOD	3.11636518551	0.120769914633
22310	WOOD	3.93244304351	0.151112078424
33032	WOOD	5.64363222374	0.213005055079
8175	WOOD	4.25236706205	0.16286163223
7765	WOOD	2.14208213674	0.0838478791172
106997	WOOD	4.57615285362	0.174669644169
6658	WOOD	3.03298075026	0.117639641118
16255	WOOD	5.52967430933	0.208956053186
5541	WOOD	3.24944005577	0.125754057961
23642	WOOD	3.50748285108	0.135378339663
5365027	WOOD	3.76649450003	0.144985187674
1549778	WOOD	4.41933945912	0.168961353863
12810	WOOD	2.37751849165	0.0928397019947
61027	WOOD	5.9047263465	0.222242736569
5363388	WOOD	2.50570026656	0.0977165971322
8163	WOOD	2.69986737163	0.105078981335
12348	WOOD	1.6018185497	0.0630464129214
13561	WOOD	2.65542172434	0.10339636316
14228	GRASS	2.52179828749	0.0983281448585
778574	GRASS	3.05453372835	0.118449278615
61918	GRASS	5.01734480168	0.190624292524
7119	GRASS	2.34261510875	0.0915094661308
8892	GRASS	1.64983387807	0.0649045743927
18827	GRASS	3.45699677252	0.133499540227
69963	GRASS	5.4603047765	0.206486219759
261	GRASS	2.30783542871	0.0901829754022
8658	GRASS	2.86379611643	0.111271313379
5366244	GRASS	3.25023635933	0.125783839817
6998	GRASS	2.33876328024	0.0913626057372
7820	GRASS	3.37875536799	0.130583819585
5315892	GRASS	4.16828753115	0.159781652869
7144	GRASS	2.65864625302	0.103518490161
12180	GRASS	2.00719356488	0.0786762121925
8452	GRASS	1.63050713039	0.0641568638149
6106	GRASS	1.61612460157	0.0636002405715
8093	GRASS	1.16076080865	0.0458914860841
7761	GRASS	3.10555305724	0.120364338373
8908	GRASS	3.91767296787	0.150567654122
444683	GRASS	2.16574730925	0.0847537078071
8091	GRASS	3.30191478418	0.12771553487
89440	GRASS	3.34029508397	0.12914877486
8078	GRASS	2.09815508152	0.0821653013622
62900	GRASS	3.65090921943	0.140704713526
7122	GRASS	0.907885903956	0.0359857334324
7410	GRASS	2.9521570057	0.114600187833
5364729	GRASS	6.32696656824	0.237066460347
61209	GRASS	1.17244203524	0.0463478332793
1550470	GRASS	8.76475751375	0.31986191084
62902	GRASS	4.07249426663	0.156265686844
807	GRASS	0.408163265306	0.0162598917118
1001	GRASS	4.43438619252	0.169509935339
13216	GRASS	5.03682452884	0.19132514062
5960	GRASS	1.32653058716	0.0523573501269
10448	GRASS	2.88499639228	0.112070574018
177	GRASS	1.97338160567	0.077377570242
1049	GRASS	2.80622086465	0.10909888437
61337	GRASS	3.90324532327	0.150035683309
679	GRASS	2.4040617776	0.093850665892
12206	GRASS	2.01436441233	0.0789515108989
7151	GRASS	3.01227126031	0.116861339154
6826	GRASS	2.37956672322	0.0929177338127
88454	GRASS	4.21232578911	0.161395556143
7997	GRASS	3.14009945125	0.121659888225
6137	GRASS	1.73089288091	0.0680373191702
36822	GRASS	4.73168551677	0.180311881539
61659	GRASS	4.95011312035	0.188203076852
6505	GRASS	1.46466969744	0.0577286849684
8918	GRASS	4.3172638026	0.165235045408
12297	GRASS	2.66557736456	0.103780973508
5273467	GRASS	4.12676831777	0.158258646011
22310	GRASS	6.52448425838	0.2439518124
33032	GRASS	4.19469494858	0.160749611659
8175	GRASS	2.86544088588	0.111333334847
7765	GRASS	4.12444275514	0.15817329899
106997	GRASS	5.55625063374	0.209901256908
6658	GRASS	2.02385798945	0.0793159191133
16255	GRASS	3.14145628492	0.121710752361
5541	GRASS	3.2422266499	0.125484252536
23642	GRASS	3.81808402759	0.146892254847
5365027	GRASS	8.49394015899	0.31089879859
1549778	GRASS	4.71719595654	0.179787063185
12810	GRASS	3.12923852756	0.121252687598
61027	GRASS	3.68619253203	0.142012495128
5363388	GRASS	19.1300593644	0.618818706061
8163	GRASS	3.04785947136	0.118198599912
12348	GRASS	2.00915019265	0.0787513339072
13561	GRASS	3.20304996177	0.124018186848
14228	FLOWER	5.21844109011	0.19784479264
778574	FLOWER	8.32477183586	0.305270142987
61918	FLOWER	2.90287287074	0.112744246468
7119	FLOWER	8.92311784869	0.325075901091
8892	FLOWER	3.06049323742	0.118673081954
18827	FLOWER	5.67484649786	0.214112306805
69963	FLOWER	5.28456195241	0.200211840085
261	FLOWER	3.04342740441	0.11803211603
8658	FLOWER	8.61105647737	0.314782141632
5366244	FLOWER	7.883546999	0.290481754646
6998	FLOWER	9.01086955337	0.327956474092
7820	FLOWER	4.76736541265	0.181603507315
5315892	FLOWER	10.5488395964	0.377442377124
7144	FLOWER	3.69042518349	0.142169312126
12180	FLOWER	4.73466745067	0.180419867679
8452	FLOWER	2.97282503648	0.11537792598
6106	FLOWER	3.81582653609	0.146808848582
8093	FLOWER	7.42053065544	0.274795516134
7761	FLOWER	7.64958198653	0.282576837634
8908	FLOWER	8.16366806715	0.299888532162
444683	FLOWER	3.99456660291	0.153400039178
8091	FLOWER	9.80666560645	0.353798348131
89440	FLOWER	9.01480325981	0.328085459267
8078	FLOWER	3.2693164797	0.12649728709
62900	FLOWER	6.26057065447	0.234744928211
7122	FLOWER	8.24415735946	0.302579842151
7410	FLOWER	7.95058833216	0.292738791356
5364729	FLOWER	5.13767403086	0.194948683456
61209	FLOWER	2.48775240888	0.0970345315362
1550470	FLOWER	6.63526852266	0.247800025559
62902	FLOWER	8.88678619871	0.323881460372
807	FLOWER	3.81632653061	0.146827321949
1001	FLOWER	11.4439942239	0.405373767437
13216	FLOWER	7.19298861968	0.267023910674
5960	FLOWER	5.10116813203	0.193637958757
10448	FLOWER	1.36194667305	0.0537359074258
177	FLOWER	2.80188012212	0.108934991997
1049	FLOWER	3.84578518526	0.147915381934
61337	FLOWER	4.48060865993	0.171194004812
679	FLOWER	2.2372430453	0.0874876192345
12206	FLOWER	6.7124872542	0.250476496113
7151	FLOWER	7.63448845199	0.28206537251
6826	FLOWER	8.65303422691	0.316171368544
88454	FLOWER	9.12013937004	0.33153479795
7997	FLOWER	5.19892416476	0.197145441602
6137	FLOWER	0.485275265354	0.0193168137809
36822	FLOWER	2.36236080842	0.0922621329012
61659	FLOWER	3.90827095739	0.150221005545
6505	FLOWER	4.5244831513	0.172790946937
8918	FLOWER	9.26940661537	0.336407505014
12297	FLOWER	4.03162369004	0.154763351771
5273467	FLOWER	8.65720667776	0.316309376126
22310	FLOWER	13.3044224977	0.461373836708
33032	FLOWER	3.45299237893	0.133350432609
8175	FLOWER	6.05464583779	0.227522339023
7765	FLOWER	5.91950896635	0.222764124093
106997	FLOWER	9.63701995011	0.348331936597
6658	FLOWER	3.02362563824	0.11728810073
16255	FLOWER	7.64653172106	0.282473489898
5541	FLOWER	7.60955352724	0.281220019136
23642	FLOWER	2.25984294846	0.0883509618776
5365027	FLOWER	7.04783812539	0.262044716119
1549778	FLOWER	9.3424049043	0.338783984414
12810	FLOWER	10.5647084617	0.377943112515
61027	FLOWER	5.00942478649	0.190339256783
5363388	FLOWER	7.24367822195	0.268758779205
8163	FLOWER	8.60179729664	0.314475525173
12348	FLOWER	7.63165379206	0.281969295842
13561	FLOWER	7.05337107132	0.262234825465
14228	CHEMICAL	13.5389091659	0.468235542076
778574	CHEMICAL	14.6156808778	0.499179984102
61918	CHEMICAL	8.81063654608	0.321374535304
7119	CHEMICAL	15.7811203469	0.531627310115
8892	CHEMICAL	21.2762381346	0.669978201719
18827	CHEMICAL	22.4658509603	0.696748254665
69963	CHEMICAL	15.0039696036	0.510111142596
261	CHEMICAL	12.2315285268	0.429417025031
8658	CHEMICAL	19.0083142577	0.61580616594
5366244	CHEMICAL	21.5788956258	0.676896330461
6998	CHEMICAL	20.0607749237	0.641457120733
7820	CHEMICAL	14.8444809164	0.505635791185
5315892	CHEMICAL	9.64390496934	0.34855423755
7144	CHEMICAL	22.0939545417	0.688501050751
12180	CHEMICAL	21.9149699989	0.684492435936
8452	CHEMICAL	36.1375663074	0.923133172847
6106	CHEMICAL	7.8357096069	0.288869046259
8093	CHEMICAL	22.2443921318	0.691850492746
7761	CHEMICAL	12.1762902222	0.427746791457
8908	CHEMICAL	18.3271445943	0.59873209218
444683	CHEMICAL	21.0658081782	0.665125017448
8091	CHEMICAL	14.7842055688	0.503939129031
89440	CHEMICAL	21.7972228493	0.681841344396
8078	CHEMICAL	27.2579626417	0.793119894717
62900	CHEMICAL	16.4340388839	0.549330501741
7122	CHEMICAL	17.0445119385	0.565574322653
7410	CHEMICAL	23.7231229587	0.723810293183
5364729	CHEMICAL	11.6050475562	0.410331050736
61209	CHEMICAL	23.8580247613	0.726638852248
1550470	CHEMICAL	3.35391087308	0.129656947665
62902	CHEMICAL	16.3018351113	0.545773473254
807	CHEMICAL	45.9387755102	0.993402582257
1001	CHEMICAL	27.8348675376	0.803482761169
13216	CHEMICAL	27.0807358684	0.789882932666
5960	CHEMICAL	5.08296051325	0.192983825498
10448	CHEMICAL	5.54829659578	0.209618425785
177	CHEMICAL	10.6177527153	0.379615439524
1049	CHEMICAL	17.1734268103	0.568966437048
61337	CHEMICAL	18.2576002771	0.596968023933
679	CHEMICAL	7.72167794681	0.285017393747
12206	CHEMICAL	21.8131807232	0.682201287623
7151	CHEMICAL	13.2248410308	0.459035073117
6826	CHEMICAL	15.3524731229	0.519819552521
88454	CHEMICAL	18.2183284441	0.595970141245
7997	CHEMICAL	28.5746235996	0.816381298441
6137	CHEMICAL	6.76441982993	0.252273842943
36822	CHEMICAL	20.4911748503	0.651691695314
61659	CHEMICAL	10.7177269548	0.382761209761
6505	CHEMICAL	4.81289068197	0.183250060592
8918	CHEMICAL	15.1136607181	0.513177332604
12297	CHEMICAL	28.0966238654	0.808096845562
5273467	CHEMICAL	12.2533436612	0.430075974095
22310	CHEMICAL	21.0009173637	0.663621282502
33032	CHEMICAL	7.27892158191	0.269963783518
8175	CHEMICAL	25.4967708527	0.759836704542
7765	CHEMICAL	25.0949676383	0.751895745225
106997	CHEMICAL	45.4732354815	0.991803361198
6658	CHEMICAL	15.8709837186	0.534084099064
16255	CHEMICAL	11.4664333557	0.406065696668
5541	CHEMICAL	11.0687618724	0.393743479142
23642	CHEMICAL	15.8388550383	0.533206469964
5365027	CHEMICAL	20.9474121766	0.662378856305
1549778	CHEMICAL	10.1076885856	0.363441396006
12810	CHEMICAL	10.7724772853	0.384480584667
61027	CHEMICAL	7.99669771061	0.294289038714
5363388	CHEMICAL	9.78311690328	0.353040925594
8163	CHEMICAL	21.6002311411	0.677381251505
12348	CHEMICAL	19.881061895	0.637139826972
13561	CHEMICAL	21.3577147659	0.671847798627
