#oID	descriptor	value	sigma
14228	INTENSITY/STRENGTH	31.8750324965	0.868594221199
778574	INTENSITY/STRENGTH	43.8723312319	0.984980670187
61918	INTENSITY/STRENGTH	56.2998710684	0.984124649809
7119	INTENSITY/STRENGTH	48.9022914051	0.999518014336
8892	INTENSITY/STRENGTH	46.0363747297	0.993715869887
18827	INTENSITY/STRENGTH	61.6342876714	0.945857340151
69963	INTENSITY/STRENGTH	52.2576418968	0.997961221226
261	INTENSITY/STRENGTH	40.3630648805	0.962851792601
8658	INTENSITY/STRENGTH	61.2983756734	0.948938682857
5366244	INTENSITY/STRENGTH	36.1152852697	0.922885878743
6998	INTENSITY/STRENGTH	56.0742582984	0.98524135445
7820	INTENSITY/STRENGTH	53.8803999491	0.993976998494
5315892	INTENSITY/STRENGTH	52.5659293847	0.997366402557
12180	INTENSITY/STRENGTH	59.2620204957	0.965685990535
8452	INTENSITY/STRENGTH	48.328769836	0.998882795896
6106	INTENSITY/STRENGTH	45.8074977288	0.992969169882
8093	INTENSITY/STRENGTH	58.8657175156	0.968559621174
7761	INTENSITY/STRENGTH	56.863072492	0.981159294388
8908	INTENSITY/STRENGTH	52.3800298733	0.997734183121
444683	INTENSITY/STRENGTH	31.4355584894	0.86214460456
8091	INTENSITY/STRENGTH	52.47909741	0.997541630413
89440	INTENSITY/STRENGTH	25.9907463193	0.769422295079
8078	INTENSITY/STRENGTH	52.173254678	0.998110785642
62900	INTENSITY/STRENGTH	55.7906643755	0.986587282436
7122	INTENSITY/STRENGTH	47.3142189595	0.997114632081
7410	INTENSITY/STRENGTH	60.8183321677	0.953185475644
5364729	INTENSITY/STRENGTH	58.6141966514	0.97031824642
61209	INTENSITY/STRENGTH	59.2443795792	0.965816578478
1550470	INTENSITY/STRENGTH	55.6183957317	0.987373451761
62902	INTENSITY/STRENGTH	57.7234406028	0.976139386102
807	INTENSITY/STRENGTH	66.1836734694	0.895235485214
1001	INTENSITY/STRENGTH	53.0118855222	0.99637141824
13216	INTENSITY/STRENGTH	42.082617295	0.974926020441
5960	INTENSITY/STRENGTH	36.945001253	0.931826803086
177	INTENSITY/STRENGTH	32.9607740751	0.883865911952
61337	INTENSITY/STRENGTH	56.482367533	0.983191564467
679	INTENSITY/STRENGTH	33.0740889418	0.88540541394
12206	INTENSITY/STRENGTH	52.8241808418	0.996809601029
7151	INTENSITY/STRENGTH	56.4742150619	0.983233815733
6826	INTENSITY/STRENGTH	51.7795896473	0.998733224275
88454	INTENSITY/STRENGTH	50.6519698616	0.99982997412
7997	INTENSITY/STRENGTH	53.5776323837	0.994880218611
6137	INTENSITY/STRENGTH	56.3773817317	0.983731600899
61659	INTENSITY/STRENGTH	41.6737355614	0.972269328199
6505	INTENSITY/STRENGTH	30.718867591	0.851295173211
8918	INTENSITY/STRENGTH	28.0206519153	0.806763303109
12297	INTENSITY/STRENGTH	52.4785476175	0.997542720683
5273467	INTENSITY/STRENGTH	39.7378870881	0.957875615434
22310	INTENSITY/STRENGTH	46.6104439534	0.995404363923
33032	INTENSITY/STRENGTH	35.5499045724	0.916477896853
8175	INTENSITY/STRENGTH	50.048501296	0.99999905905
7765	INTENSITY/STRENGTH	50.5120342103	0.999895128387
106997	INTENSITY/STRENGTH	45.0511352108	0.990203494919
6658	INTENSITY/STRENGTH	35.4089810588	0.914840866503
16255	INTENSITY/STRENGTH	37.3444159667	0.93593447711
5541	INTENSITY/STRENGTH	46.1066241703	0.99393664986
5365027	INTENSITY/STRENGTH	54.2339569661	0.992829443364
1549778	INTENSITY/STRENGTH	48.6517393348	0.999272877272
12810	INTENSITY/STRENGTH	52.3914011272	0.997712480259
61027	INTENSITY/STRENGTH	30.3773135798	0.845980071061
5363388	INTENSITY/STRENGTH	57.7886082367	0.975735032694
8163	INTENSITY/STRENGTH	37.8244934115	0.940702815725
12348	INTENSITY/STRENGTH	58.5429885504	0.970806938651
13561	INTENSITY/STRENGTH	41.0318405533	0.967828846456
14228	VALENCE/PLEASANTNESS	44.034402601	0.985764659069
778574	VALENCE/PLEASANTNESS	49.1283330285	0.999696078676
61918	VALENCE/PLEASANTNESS	37.0012911569	0.932413427364
7119	VALENCE/PLEASANTNESS	46.0432829434	0.993737756054
8892	VALENCE/PLEASANTNESS	41.9880195402	0.974323267645
18827	VALENCE/PLEASANTNESS	44.5721206957	0.988215250503
69963	VALENCE/PLEASANTNESS	43.8377639915	0.98481073895
261	VALENCE/PLEASANTNESS	32.8793413267	0.882753218637
8658	VALENCE/PLEASANTNESS	58.2430187889	0.972821056498
5366244	VALENCE/PLEASANTNESS	38.0901528165	0.943262216027
6998	VALENCE/PLEASANTNESS	56.2418919222	0.984415514093
7820	VALENCE/PLEASANTNESS	47.9648328277	0.998343237832
5315892	VALENCE/PLEASANTNESS	47.9865142232	0.998378350011
7144	VALENCE/PLEASANTNESS	47.0078662783	0.996418854317
12180	VALENCE/PLEASANTNESS	43.3581439563	0.982354299318
8452	VALENCE/PLEASANTNESS	39.4770648602	0.955707134417
6106	VALENCE/PLEASANTNESS	37.1073119467	0.933511437904
8093	VALENCE/PLEASANTNESS	52.1409887229	0.998166466915
7761	VALENCE/PLEASANTNESS	53.3528471978	0.995503366267
8908	VALENCE/PLEASANTNESS	53.2572760215	0.995756061168
444683	VALENCE/PLEASANTNESS	39.9009141049	0.959203385634
8091	VALENCE/PLEASANTNESS	53.9658449414	0.99370882956
89440	VALENCE/PLEASANTNESS	42.1056708777	0.975071827083
8078	VALENCE/PLEASANTNESS	39.7167755683	0.957702118115
62900	VALENCE/PLEASANTNESS	49.8563499572	0.999991745866
7122	VALENCE/PLEASANTNESS	45.127051569	0.990501749435
7410	VALENCE/PLEASANTNESS	41.8284136937	0.973290070896
5364729	VALENCE/PLEASANTNESS	51.2516485443	0.999373350369
61209	VALENCE/PLEASANTNESS	42.6073768643	0.978139649269
1550470	VALENCE/PLEASANTNESS	49.7239636449	0.999969521572
62902	VALENCE/PLEASANTNESS	55.1844940435	0.989248408605
807	VALENCE/PLEASANTNESS	31.5306122449	0.863552686381
1001	VALENCE/PLEASANTNESS	44.8089103149	0.989221035153
13216	VALENCE/PLEASANTNESS	45.7188436758	0.992668680211
5960	VALENCE/PLEASANTNESS	38.0078744568	0.942475569982
10448	VALENCE/PLEASANTNESS	34.5950374747	0.905074851837
177	VALENCE/PLEASANTNESS	35.7303689389	0.918551051752
1049	VALENCE/PLEASANTNESS	40.7806050829	0.966001102945
61337	VALENCE/PLEASANTNESS	46.293034757	0.994503363475
679	VALENCE/PLEASANTNESS	38.262126172	0.9448889272
12206	VALENCE/PLEASANTNESS	52.0134370643	0.998378428475
7151	VALENCE/PLEASANTNESS	50.0577827055	0.999998664464
6826	VALENCE/PLEASANTNESS	52.5896554955	0.997317473766
88454	VALENCE/PLEASANTNESS	53.1127596253	0.996124291006
7997	VALENCE/PLEASANTNESS	43.4519919117	0.98284943603
6137	VALENCE/PLEASANTNESS	29.5181223302	0.832197074847
36822	VALENCE/PLEASANTNESS	39.2384924223	0.953675981862
61659	VALENCE/PLEASANTNESS	27.5138361601	0.797748974305
6505	VALENCE/PLEASANTNESS	47.0562416403	0.996533714688
8918	VALENCE/PLEASANTNESS	49.6812090108	0.999959348922
12297	VALENCE/PLEASANTNESS	41.4024761935	0.970433033758
5273467	VALENCE/PLEASANTNESS	46.6600908378	0.995538002715
22310	VALENCE/PLEASANTNESS	59.1415984595	0.966572471042
33032	VALENCE/PLEASANTNESS	39.3994439459	0.955051284537
8175	VALENCE/PLEASANTNESS	36.4418868525	0.926471027152
7765	VALENCE/PLEASANTNESS	51.1189275123	0.999499200489
106997	VALENCE/PLEASANTNESS	48.0727129977	0.998514225924
6658	VALENCE/PLEASANTNESS	41.5170634631	0.971215915084
16255	VALENCE/PLEASANTNESS	45.8241496037	0.993024909387
5541	VALENCE/PLEASANTNESS	42.2393865361	0.975909151466
23642	VALENCE/PLEASANTNESS	29.011371553	0.823790990366
5365027	VALENCE/PLEASANTNESS	46.793687516	0.995887824102
1549778	VALENCE/PLEASANTNESS	48.0237407513	0.998437759753
12810	VALENCE/PLEASANTNESS	52.5708766987	0.9973562372
61027	VALENCE/PLEASANTNESS	43.5768662233	0.983497340995
5363388	VALENCE/PLEASANTNESS	51.4436766106	0.999166319138
8163	VALENCE/PLEASANTNESS	47.0480513036	0.996514399558
12348	VALENCE/PLEASANTNESS	53.7495953246	0.994376213961
13561	VALENCE/PLEASANTNESS	47.4471783663	0.997393240683
14228	BAKERY	2.56143180166	0.0998328989168
778574	BAKERY	3.05240607906	0.118369370014
61918	BAKERY	8.83956867965	0.322327557409
7119	BAKERY	3.11119157969	0.120575857969
8892	BAKERY	2.83841084807	0.110313803466
18827	BAKERY	2.31856142803	0.0905921662831
69963	BAKERY	2.36590532441	0.0923972097749
261	BAKERY	2.91888830948	0.113347568794
8658	BAKERY	13.4240559188	0.464880125827
5366244	BAKERY	2.29430827316	0.0896667907456
6998	BAKERY	11.9340067132	0.420392062037
7820	BAKERY	3.26446893289	0.12631605435
5315892	BAKERY	2.97061188462	0.115294661397
7144	BAKERY	10.5881937325	0.378683810694
12180	BAKERY	3.82075301272	0.146990859075
8452	BAKERY	2.81089014662	0.109275164498
6106	BAKERY	6.42960437718	0.240648250108
8093	BAKERY	2.65058595667	0.103213195901
7761	BAKERY	3.95214615356	0.151838062455
8908	BAKERY	3.01299992114	0.116888729436
444683	BAKERY	3.69790432659	0.1424463745
8091	BAKERY	2.7462154301	0.106831937528
89440	BAKERY	2.95135564768	0.114570025843
8078	BAKERY	2.37132100296	0.0926035747989
62900	BAKERY	3.30553514854	0.127850780894
7122	BAKERY	3.26289277497	0.126257123294
7410	BAKERY	3.87379755554	0.148949379221
5364729	BAKERY	3.16872184989	0.122732554731
61209	BAKERY	4.04238934784	0.155159209258
1550470	BAKERY	3.4684643599	0.133926476389
62902	BAKERY	4.41282725823	0.168723872565
807	BAKERY	0.122448979592	0.00489196168264
1001	BAKERY	2.39734954066	0.0935950676983
13216	BAKERY	2.76846700528	0.107672916388
5960	BAKERY	6.24864064821	0.234327421948
10448	BAKERY	2.79272966036	0.108589450832
177	BAKERY	3.1813790022	0.123206691146
1049	BAKERY	3.40322821717	0.131496343768
61337	BAKERY	3.58939164173	0.138422172726
679	BAKERY	3.38342463331	0.130757960433
12206	BAKERY	3.39871643956	0.131328148208
7151	BAKERY	4.45143831269	0.170131411287
6826	BAKERY	3.35716267545	0.129778290526
88454	BAKERY	2.83813754029	0.110303491733
7997	BAKERY	4.04820183872	0.155372898298
6137	BAKERY	6.37959606586	0.238904144249
36822	BAKERY	3.60028441742	0.138826557542
61659	BAKERY	3.24388168776	0.125546160149
6505	BAKERY	2.73501360771	0.106408424535
8918	BAKERY	2.61123566088	0.101722005765
12297	BAKERY	3.13986282109	0.12165101743
5273467	BAKERY	3.07758533685	0.119314800872
22310	BAKERY	4.42992079134	0.169347152366
33032	BAKERY	6.08896019192	0.228728233189
8175	BAKERY	2.14414000838	0.0839266657849
7765	BAKERY	3.06243587458	0.118746029589
106997	BAKERY	2.45021634146	0.0956072296103
6658	BAKERY	3.26613939016	0.126378509
16255	BAKERY	2.65436756918	0.10335643589
5541	BAKERY	3.44780064969	0.13315709426
23642	BAKERY	4.4405927977	0.16973616615
5365027	BAKERY	2.15596931198	0.0843794910095
1549778	BAKERY	2.51340131319	0.098009178063
12810	BAKERY	3.10566361328	0.12036848594
61027	BAKERY	2.56121042458	0.0998244974478
5363388	BAKERY	3.20715151687	0.124171732334
8163	BAKERY	2.33939875978	0.0913868357681
12348	BAKERY	3.25847132954	0.126091799019
13561	BAKERY	2.27324262754	0.088862652284
14228	SWEET	12.5510018155	0.439029013991
778574	SWEET	17.0276212495	0.565128895813
61918	SWEET	10.4402059876	0.374009079078
7119	SWEET	17.869491699	0.587052174529
8892	SWEET	17.3028262405	0.572357931255
18827	SWEET	14.750452523	0.502987761066
69963	SWEET	13.4232233665	0.464855764442
261	SWEET	11.0859675642	0.394279231835
8658	SWEET	31.6452167948	0.865240773396
5366244	SWEET	8.20947111247	0.30142067812
6998	SWEET	31.1113332484	0.857287307339
7820	SWEET	13.9274301292	0.479507881166
5315892	SWEET	20.1118572089	0.6426795682
7144	SWEET	14.8507266539	0.505811433297
12180	SWEET	15.6943629349	0.529249306224
8452	SWEET	9.1443540729	0.332326478352
6106	SWEET	9.12342213635	0.331642152863
8093	SWEET	22.8028102553	0.704125147997
7761	SWEET	23.2192205998	0.713115941887
8908	SWEET	24.1978775329	0.733700190477
444683	SWEET	9.22219103211	0.334868118311
8091	SWEET	23.3328020697	0.715544221819
89440	SWEET	12.8247824326	0.447201279527
8078	SWEET	8.25012595074	0.302779206748
62900	SWEET	16.0775294238	0.539706396002
7122	SWEET	18.3764876106	0.599981385662
7410	SWEET	10.9706860818	0.390685062029
5364729	SWEET	18.3186527459	0.598516894467
61209	SWEET	12.4787401341	0.436862023229
1550470	SWEET	19.1377297475	0.619008109944
62902	SWEET	30.6666485507	0.850488608695
807	SWEET	2.77551020408	0.107939025406
1001	SWEET	13.0934740634	0.455163337317
13216	SWEET	12.7101488237	0.443786799699
5960	SWEET	9.07627431305	0.33009947036
10448	SWEET	8.62021289091	0.315085287523
177	SWEET	10.0088927626	0.360284536771
1049	SWEET	9.18373614787	0.333613042061
61337	SWEET	18.4972820127	0.603031503764
679	SWEET	8.83683649877	0.322237588229
12206	SWEET	27.2478934265	0.792936658588
7151	SWEET	15.4160892677	0.521581247385
6826	SWEET	17.9578533172	0.589320334383
88454	SWEET	23.2290618269	0.713326747733
7997	SWEET	15.3896859084	0.520850463393
6137	SWEET	14.1051112612	0.484622784971
36822	SWEET	8.18831951842	0.300713350122
61659	SWEET	8.70807159107	0.317990659309
6505	SWEET	8.23124295321	0.302148373907
8918	SWEET	17.3176719036	0.57274617208
12297	SWEET	12.1830595437	0.427951605811
5273467	SWEET	13.4442940818	0.465472145929
22310	SWEET	17.0883058772	0.566728155986
33032	SWEET	11.3882877301	0.403654270235
8175	SWEET	13.3928121042	0.463965517743
7765	SWEET	18.4348270478	0.6014559426
106997	SWEET	12.629076006	0.441365615935
6658	SWEET	9.95384896912	0.358522315045
16255	SWEET	15.2225636822	0.516211969264
5541	SWEET	16.3277104515	0.546470766624
23642	SWEET	11.3749734141	0.403242928495
5365027	SWEET	15.5344334909	0.524849890082
1549778	SWEET	17.2661469735	0.571397946415
12810	SWEET	18.5129381349	0.603425974041
61027	SWEET	11.6317489772	0.411150925382
5363388	SWEET	21.8594806162	0.683244467525
8163	SWEET	17.2777306898	0.571701236477
12348	SWEET	24.5443218538	0.740803380048
13561	SWEET	18.4136244322	0.600920351395
14228	FRUIT	8.69444443468	0.317540431776
778574	FRUIT	5.63969811559	0.21286544669
61918	FRUIT	3.60475217239	0.138992391606
7119	FRUIT	5.85150292237	0.220364082314
8892	FRUIT	8.34310427014	0.305881215261
18827	FRUIT	8.06374091918	0.296540069723
69963	FRUIT	3.07530810902	0.119229316374
261	FRUIT	3.20855749248	0.124224363226
8658	FRUIT	11.281732786	0.400358313579
5366244	FRUIT	2.12919353428	0.0833543553285
6998	FRUIT	10.4901434005	0.375588492594
7820	FRUIT	7.02529888561	0.261270025651
5315892	FRUIT	7.50890350601	0.277802687495
7144	FRUIT	4.01578391948	0.154180748584
12180	FRUIT	8.50076491946	0.311125395092
8452	FRUIT	2.3867474053	0.0931912709413
6106	FRUIT	3.64251050589	0.140393267122
8093	FRUIT	14.6533214828	0.500244927121
7761	FRUIT	15.5814287118	0.526144780193
8908	FRUIT	15.6592889445	0.52828622568
444683	FRUIT	3.19823061067	0.123837752811
8091	FRUIT	17.7800262908	0.584749317672
89440	FRUIT	3.11808516501	0.120834424562
8078	FRUIT	3.05373038871	0.118419107834
62900	FRUIT	6.47265275085	0.242148016581
7122	FRUIT	5.55864822737	0.209986501049
7410	FRUIT	5.09855858564	0.193544223565
5364729	FRUIT	7.70389376198	0.284415758841
61209	FRUIT	3.35399379802	0.129660042162
1550470	FRUIT	9.96108926147	0.358754250749
62902	FRUIT	17.5650574768	0.579189801407
807	FRUIT	2.04081632653	0.0799666805497
1001	FRUIT	4.2948699261	0.164416433971
13216	FRUIT	3.53530489441	0.136412843498
5960	FRUIT	5.07153216046	0.192573111037
10448	FRUIT	2.40303723968	0.093811654397
177	FRUIT	2.18411058184	0.0854562876602
1049	FRUIT	2.41196302393	0.0941514947056
61337	FRUIT	7.41090197919	0.274467491909
679	FRUIT	1.97726619181	0.0775268150352
12206	FRUIT	12.5722429867	0.439665201982
7151	FRUIT	5.77768902707	0.217754884885
6826	FRUIT	4.35130391021	0.166478618121
88454	FRUIT	17.6099777466	0.580354583369
7997	FRUIT	8.57726080585	0.313662671061
6137	FRUIT	4.88849270263	0.185980763744
36822	FRUIT	2.48181438059	0.0968088141758
61659	FRUIT	1.56162585362	0.0614895640223
6505	FRUIT	1.00537056548	0.0398105146298
8918	FRUIT	9.39353428932	0.340445976995
12297	FRUIT	4.5613954025	0.174133284893
5273467	FRUIT	4.13755053557	0.158654291649
22310	FRUIT	3.83083720688	0.147363362793
33032	FRUIT	2.31251422301	0.0903614801077
8175	FRUIT	9.07314892696	0.329997144498
7765	FRUIT	6.8295606625	0.254525266963
106997	FRUIT	2.15508613512	0.0843456869048
6658	FRUIT	3.76797919137	0.14504010078
16255	FRUIT	10.8632154201	0.387324837098
5541	FRUIT	8.43747388862	0.309022569296
23642	FRUIT	3.51143041666	0.135525159238
5365027	FRUIT	7.61065136059	0.28125724877
1549778	FRUIT	10.3983403156	0.372683420097
12810	FRUIT	9.15353153483	0.332626405569
61027	FRUIT	6.56024577568	0.245195101172
5363388	FRUIT	10.9747061789	0.390810576872
8163	FRUIT	10.646317232	0.380515061039
12348	FRUIT	14.3765398583	0.492387635013
13561	FRUIT	11.4505521196	0.405576027245
14228	FISH	0.845436302434	0.0335315470808
778574	FISH	0.979091004209	0.0387801924906
61918	FISH	0.878727545348	0.0348402369744
7119	FISH	0.845963049891	0.0335522606029
8892	FISH	1.13239098589	0.0447827156978
18827	FISH	1.03821066642	0.0410972741017
69963	FISH	1.17424170881	0.0464181309161
261	FISH	3.23630360422	0.125262679761
8658	FISH	0.997730198572	0.0395110217232
5366244	FISH	0.811459774973	0.0321950042123
6998	FISH	1.02001317469	0.040384356237
7820	FISH	1.00534581886	0.0398095446681
5315892	FISH	1.06593139816	0.0421827720283
7144	FISH	0.909418887186	0.0360459384025
12180	FISH	1.31525232481	0.0519181375213
8452	FISH	2.35051145101	0.0918104964078
6106	FISH	1.0917467749	0.0431931065878
8093	FISH	0.909978826457	0.0360679284725
7761	FISH	1.39969789271	0.055204254032
8908	FISH	0.964273200471	0.0381989988968
444683	FISH	1.522985573	0.0599916288978
8091	FISH	0.872946996171	0.0346130652636
89440	FISH	0.48372891731	0.0192555592262
8078	FISH	3.48794177733	0.134651375956
62900	FISH	0.937426848405	0.0371455662978
7122	FISH	0.765210186246	0.0303741887982
7410	FISH	0.953226786555	0.0377656149396
5364729	FISH	1.06700880734	0.0422249491755
61209	FISH	1.38119963244	0.0544849003277
1550470	FISH	1.08074658904	0.0427626582858
62902	FISH	1.14385078277	0.0452306734657
807	FISH	3.02040816327	0.117167180342
1001	FISH	1.0986428301	0.0434629067766
13216	FISH	0.914773879172	0.0362562306669
5960	FISH	1.13356605201	0.0448286532828
10448	FISH	6.67909597169	0.249319709668
177	FISH	1.6621209195	0.0653797783996
1049	FISH	1.2364571459	0.0488467553267
61337	FISH	1.13830652572	0.0450139643304
679	FISH	3.14121036901	0.121701533727
12206	FISH	1.17701084733	0.0465262920793
7151	FISH	0.940125371217	0.0372514805632
6826	FISH	0.8867023261	0.035153596638
88454	FISH	0.958324470634	0.0379656245089
7997	FISH	1.288967702	0.0508941329855
6137	FISH	6.01951707331	0.226286848614
36822	FISH	1.04005806987	0.0411696344793
61659	FISH	5.40115587222	0.204377240986
6505	FISH	1.52810760863	0.0601902591998
8918	FISH	0.851341457013	0.0337637453699
12297	FISH	1.34675349385	0.0531446417649
5273467	FISH	0.964506206634	0.0382081393763
22310	FISH	0.891854051632	0.0353560006055
33032	FISH	1.01697543028	0.040265321601
8175	FISH	1.06952317876	0.0423233752184
7765	FISH	1.49804813752	0.0590242662117
106997	FISH	0.616453810257	0.0245061462902
6658	FISH	1.05125622569	0.0416081931666
16255	FISH	0.891615517046	0.0353466293897
5541	FISH	1.37696822542	0.0543203124195
23642	FISH	4.46729266917	0.17070902525
5365027	FISH	1.24904872387	0.0493378998691
1549778	FISH	0.871720190921	0.0345648492003
12810	FISH	0.776899186015	0.0308345385025
61027	FISH	0.845050965218	0.0335163941552
5363388	FISH	2.11744101537	0.0829042180334
8163	FISH	0.721799825349	0.0286635950188
12348	FISH	1.03965564253	0.0411538721592
13561	FISH	0.754228019989	0.0299415768371
14228	GARLIC	2.89406503242	0.112412356332
778574	GARLIC	2.08380199472	0.0816151874875
61918	GARLIC	1.93078127078	0.0757400843051
7119	GARLIC	1.85728806246	0.0729117149197
8892	GARLIC	2.71446803911	0.10563138687
18827	GARLIC	2.18270052167	0.0854023482398
69963	GARLIC	2.98808368096	0.115951889605
261	GARLIC	3.31638004921	0.128255851316
8658	GARLIC	1.48231650461	0.0584137552964
5366244	GARLIC	3.22913730842	0.124994561234
6998	GARLIC	1.47521741124	0.0581381898853
7820	GARLIC	2.07953307399	0.0814515398372
5315892	GARLIC	2.00617175599	0.0786369801938
7144	GARLIC	1.58480520118	0.062387565037
12180	GARLIC	2.86012124227	0.111132732283
8452	GARLIC	4.69910688783	0.179131633296
6106	GARLIC	1.85212266672	0.0727127633196
8093	GARLIC	1.66340331313	0.0654293682924
7761	GARLIC	2.22139528541	0.0868819726106
8908	GARLIC	2.05415809585	0.0804784976411
444683	GARLIC	2.90656271721	0.112883265957
8091	GARLIC	2.06801033684	0.0810097467725
89440	GARLIC	2.40960487299	0.0940617166619
8078	GARLIC	6.24170639225	0.234084696215
62900	GARLIC	2.16835662278	0.0848535567337
7122	GARLIC	1.49871275351	0.0590500541733
7410	GARLIC	1.10779798724	0.0438210329375
5364729	GARLIC	2.27193656282	0.0888127842147
61209	GARLIC	1.46118412091	0.0575933412222
1550470	GARLIC	2.14034813017	0.0837814891594
62902	GARLIC	2.0456288377	0.0801513145712
807	GARLIC	1.16326530612	0.0459893377758
1001	GARLIC	2.25503907782	0.0881674826157
13216	GARLIC	2.36666035391	0.0924259816643
5960	GARLIC	2.24538954046	0.0877988719431
10448	GARLIC	13.1189648307	0.455915697935
177	GARLIC	4.77294244766	0.181805306063
1049	GARLIC	3.73567769338	0.143844992604
61337	GARLIC	2.46846848252	0.0963014046412
679	GARLIC	5.30955003649	0.201105472824
12206	GARLIC	2.69257589691	0.104803049892
7151	GARLIC	1.91035892839	0.0749545686413
6826	GARLIC	1.95265086105	0.0765808962879
88454	GARLIC	2.0940062758	0.0820063061186
7997	GARLIC	2.86407597305	0.11128186645
6137	GARLIC	8.54973454496	0.312750197483
36822	GARLIC	2.67618500391	0.104182613686
61659	GARLIC	12.9014459294	0.44947891435
6505	GARLIC	2.50815218025	0.0978097562662
8918	GARLIC	2.13679336828	0.0836453803717
12297	GARLIC	2.84537448741	0.110576517107
5273467	GARLIC	2.21234550593	0.0865360311821
22310	GARLIC	2.24317948883	0.0877144378656
33032	GARLIC	2.33164555128	0.0910911936607
8175	GARLIC	1.8538349599	0.0727787167724
7765	GARLIC	2.81650557938	0.109487141704
106997	GARLIC	1.88381123971	0.0739329516738
6658	GARLIC	3.01650866947	0.117020616957
16255	GARLIC	2.74974797047	0.106965473258
5541	GARLIC	2.40322275243	0.093818718258
23642	GARLIC	7.75118767159	0.286015142736
5365027	GARLIC	2.15680393605	0.0844114361546
1549778	GARLIC	1.83236767182	0.0719516783589
12810	GARLIC	2.32307792366	0.0907644405307
61027	GARLIC	2.75717037257	0.107246019517
5363388	GARLIC	2.0290018143	0.0795133332271
8163	GARLIC	1.84372754982	0.0723893694816
12348	GARLIC	1.99588828479	0.0782421033733
13561	GARLIC	1.87038059707	0.0734158944515
14228	SPICES	4.83920788256	0.18420114213
778574	SPICES	6.94567392106	0.258530002355
61918	SPICES	5.75837025857	0.217071279129
7119	SPICES	7.73722730657	0.285543217706
8892	SPICES	4.78893963537	0.182384008282
18827	SPICES	5.52182430596	0.208676754772
69963	SPICES	5.83483641717	0.219775330281
261	SPICES	6.13084227107	0.230198800062
8658	SPICES	7.29981336295	0.270677624465
5366244	SPICES	6.01768328277	0.226222326474
6998	SPICES	8.12609294415	0.298630363151
7820	SPICES	5.576649864	0.210626385078
5315892	SPICES	7.08785983528	0.263419290593
7144	SPICES	10.6208082283	0.379711702163
12180	SPICES	5.26082473598	0.199362478678
8452	SPICES	6.90934961026	0.257278339596
6106	SPICES	6.14326003203	0.230634543753
8093	SPICES	4.61720169287	0.176160647126
7761	SPICES	5.32541219674	0.201672481843
8908	SPICES	4.38769033201	0.1678068827
444683	SPICES	6.91371365109	0.257428771464
8091	SPICES	4.34807286022	0.16636061937
89440	SPICES	7.65742659947	0.282842591128
8078	SPICES	6.49899017165	0.243064857566
62900	SPICES	5.97157441324	0.22459909614
7122	SPICES	7.2812741965	0.27004418629
7410	SPICES	5.18217281761	0.19654494666
5364729	SPICES	6.57730993365	0.245787994961
61209	SPICES	7.08177664255	0.263210441536
1550470	SPICES	6.37801728195	0.238849049498
62902	SPICES	5.6003887418	0.211469808048
807	SPICES	3.83673469388	0.147581174511
1001	SPICES	5.79526362529	0.218376512817
13216	SPICES	7.12026689754	0.264531395625
5960	SPICES	5.72779193077	0.21598863707
10448	SPICES	8.59001663884	0.314085311211
177	SPICES	7.27950105777	0.269983588051
1049	SPICES	7.00867556978	0.260698409494
61337	SPICES	6.38436017397	0.239070385026
679	SPICES	7.39635529588	0.27397178317
12206	SPICES	5.35445067343	0.202709970132
7151	SPICES	6.86943933255	0.255901894605
6826	SPICES	7.05330467751	0.262232544351
88454	SPICES	4.37093470655	0.167195360178
7997	SPICES	5.14699063697	0.195283020432
6137	SPICES	8.16684956958	0.299995010026
36822	SPICES	6.56138574511	0.245234716646
61659	SPICES	8.34062013421	0.305798427679
6505	SPICES	4.30568415113	0.164811799641
8918	SPICES	4.52071905699	0.172654001963
12297	SPICES	5.58893437598	0.211062900056
5273467	SPICES	6.83762262887	0.254803671869
22310	SPICES	6.74144593072	0.251478999934
33032	SPICES	5.49771199808	0.207818545038
8175	SPICES	4.53951194166	0.173337610199
7765	SPICES	6.26319185755	0.234836645404
106997	SPICES	6.06751088206	0.227974559961
6658	SPICES	6.36483629079	0.238388995228
16255	SPICES	4.92786668631	0.187401119421
5541	SPICES	5.99696813661	0.225493274732
23642	SPICES	9.07056814846	0.329912643324
5365027	SPICES	5.28364888203	0.200179177078
1549778	SPICES	6.34073471392	0.237547421872
12810	SPICES	5.65271413479	0.213327294556
61027	SPICES	5.46234879236	0.206559049963
5363388	SPICES	5.56026773143	0.210044078359
8163	SPICES	4.38517429944	0.167715070523
12348	SPICES	4.96786309874	0.188842658442
13561	SPICES	4.76569222042	0.181542959881
14228	COLD	4.72519963048	0.1800769806
778574	COLD	4.1688140209	0.1598009567
61918	COLD	4.40809450597	0.168551261369
7119	COLD	4.93641214907	0.18770922
8892	COLD	4.43287462688	0.169454834092
18827	COLD	5.37208311178	0.203339613687
69963	COLD	5.21942208515	0.197879936645
261	COLD	4.52206102243	0.172702826541
8658	COLD	4.75840323881	0.181279168999
5366244	COLD	5.99045365802	0.225263932309
6998	COLD	4.12004204204	0.15801178311
7820	COLD	4.88090756638	0.185706999187
5315892	COLD	4.84264300354	0.184325243638
7144	COLD	4.43398487386	0.16949530621
12180	COLD	4.24189741391	0.162478419088
8452	COLD	6.88757588139	0.256527554647
6106	COLD	4.96705135472	0.188813414525
8093	COLD	4.79378720474	0.182559329884
7761	COLD	4.71595997723	0.179742287686
8908	COLD	4.56863297483	0.17439635609
444683	COLD	5.06022440249	0.192166627698
8091	COLD	5.45020983893	0.206126478642
89440	COLD	7.03514847562	0.261608613395
8078	COLD	8.13505451889	0.298930535945
62900	COLD	5.70570477414	0.215206164178
7122	COLD	4.22144817894	0.161729677267
7410	COLD	4.39391098194	0.168033857791
5364729	COLD	4.38718684759	0.167788510529
61209	COLD	4.94742552021	0.188106213097
1550470	COLD	4.20216309156	0.161023253803
62902	COLD	4.72869431031	0.18020355246
807	COLD	4.51020408163	0.172271386922
1001	COLD	5.2224716277	0.197989181147
13216	COLD	9.0347331645	0.328738765238
5960	COLD	3.74584364942	0.144221208118
10448	COLD	2.80032474492	0.108876262326
177	COLD	4.30760310135	0.164881946262
1049	COLD	4.20860281738	0.161259177625
61337	COLD	4.48850351948	0.171481475241
679	COLD	2.75269612999	0.107076910806
12206	COLD	4.49269916201	0.171634228176
7151	COLD	5.04336328036	0.191560325943
6826	COLD	5.13423986985	0.194825427177
88454	COLD	5.38014433222	0.203627392075
7997	COLD	4.19350348341	0.16070595075
6137	COLD	2.87705161073	0.111771094041
36822	COLD	6.15541429303	0.231060921674
61659	COLD	1.84587333395	0.072472034012
6505	COLD	1.58583380145	0.0624274045197
8918	COLD	5.27449242304	0.199851588793
12297	COLD	5.22208499835	0.197975331242
5273467	COLD	4.18374646144	0.160348364676
22310	COLD	7.2146850114	0.26776672853
33032	COLD	4.54190048273	0.173424475311
8175	COLD	6.08480537353	0.228582272368
7765	COLD	4.85972364078	0.184942180085
106997	COLD	12.7619265632	0.445330354687
6658	COLD	4.26482119828	0.16331736799
16255	COLD	4.8721015479	0.185389112519
5541	COLD	3.34664581327	0.129385817251
23642	COLD	2.12934365599	0.0833601044773
5365027	COLD	5.21468892463	0.197710364753
1549778	COLD	5.76360002873	0.217256367033
12810	COLD	5.6529727272	0.213336468826
61027	COLD	4.30621487558	0.164831200401
5363388	COLD	4.63243713652	0.176713695931
8163	COLD	5.88199350689	0.22144060123
12348	COLD	4.27709326	0.163766319698
13561	COLD	5.56602176338	0.210248631227
14228	SOUR	7.40532829338	0.274277576882
778574	SOUR	6.76715058777	0.25236829268
61918	SOUR	8.82066155768	0.321704834181
7119	SOUR	6.35888036885	0.238181070936
8892	SOUR	15.2825988592	0.517880823213
18827	SOUR	10.0628972159	0.362011128484
69963	SOUR	10.9957020139	0.391465895445
261	SOUR	16.0401630944	0.538691790937
8658	SOUR	5.91792032235	0.222708100517
5366244	SOUR	7.82331381722	0.288450857056
6998	SOUR	6.09126817863	0.228809307936
7820	SOUR	9.71123132856	0.350726047576
5315892	SOUR	6.47432709574	0.242206319293
7144	SOUR	5.39786426728	0.204259795232
12180	SOUR	12.1889228085	0.428128976649
8452	SOUR	7.75262271466	0.286063645004
6106	SOUR	12.3223747446	0.432158622045
8093	SOUR	9.25011052019	0.335778602953
7761	SOUR	8.20459736079	0.30125772729
8908	SOUR	7.11643542978	0.264399955901
444683	SOUR	9.86833670093	0.35577984034
8091	SOUR	7.55453059384	0.279352850756
89440	SOUR	6.75661476285	0.252003853293
8078	SOUR	7.46038328942	0.276152404047
62900	SOUR	7.11238758712	0.264261080609
7122	SOUR	6.18378496914	0.232055720148
7410	SOUR	6.54945092901	0.244819914172
5364729	SOUR	8.51753287253	0.311681968407
61209	SOUR	8.88973196777	0.323978344927
1550470	SOUR	6.65042174458	0.248325626031
62902	SOUR	8.78556033404	0.320547985208
807	SOUR	9.73469387755	0.351482049146
1001	SOUR	6.64484321238	0.248132151968
13216	SOUR	6.23867268733	0.233978492733
5960	SOUR	14.6267397762	0.499492984455
10448	SOUR	11.8765716532	0.418641684433
177	SOUR	14.5637843187	0.497709847276
1049	SOUR	6.79406053428	0.253298717954
61337	SOUR	9.28079727591	0.336778611806
679	SOUR	10.0389934501	0.361247182207
12206	SOUR	10.1535578339	0.36490441868
7151	SOUR	6.97375261668	0.259496814444
6826	SOUR	6.85001848094	0.255231637962
88454	SOUR	7.48291237761	0.276918904044
7997	SOUR	10.4036425455	0.372851390535
6137	SOUR	16.6005225879	0.55378996344
36822	SOUR	6.94145480913	0.258384674418
61659	SOUR	10.4396884978	0.373992701539
6505	SOUR	16.2501823288	0.544379922866
8918	SOUR	7.06830034333	0.262747665836
12297	SOUR	9.95321990546	0.358502161624
5273467	SOUR	6.97298860255	0.259470516081
22310	SOUR	7.22709750443	0.268191524842
33032	SOUR	14.1030826007	0.484564528492
8175	SOUR	9.91712424389	0.357345228448
7765	SOUR	8.92413378319	0.325109285816
106997	SOUR	6.77312358027	0.252574861997
6658	SOUR	10.1805895826	0.365765821603
16255	SOUR	7.18648892753	0.266801307859
5541	SOUR	13.666447604	0.471949188114
23642	SOUR	10.4040871267	0.372865473493
5365027	SOUR	7.1955308983	0.267110969969
1549778	SOUR	8.01625871025	0.294946186926
12810	SOUR	7.24458631389	0.268789840212
61027	SOUR	8.14657570067	0.299316349768
5363388	SOUR	8.46814687307	0.310042070337
8163	SOUR	6.17956774918	0.231907886941
12348	SOUR	9.0873700265	0.330462683461
13561	SOUR	6.36324005247	0.238333272513
14228	BURNT	5.85541221436	0.220502147694
778574	BURNT	3.59416616052	0.138599434265
61918	BURNT	11.4704950811	0.406190900281
7119	BURNT	5.76106203181	0.217166546979
8892	BURNT	4.47070104802	0.170833174777
18827	BURNT	4.51478614287	0.172438128149
69963	BURNT	4.22153451844	0.161732839261
261	BURNT	4.41518345714	0.168809800302
8658	BURNT	2.64159034386	0.102872413936
5366244	BURNT	7.76969207718	0.286640437097
6998	BURNT	3.28222807831	0.126979914669
7820	BURNT	3.26861311127	0.126470991782
5315892	BURNT	5.45660638749	0.206354434192
7144	BURNT	6.54219321435	0.244567611752
12180	BURNT	3.35817487867	0.129816059741
8452	BURNT	5.25426633977	0.199127727683
6106	BURNT	4.69726821024	0.179064996954
8093	BURNT	4.22305326965	0.161788459219
7761	BURNT	2.61501566359	0.101865303775
8908	BURNT	3.98023952249	0.152872658237
444683	BURNT	4.72695398384	0.180140521767
8091	BURNT	3.5671979883	0.137597958937
89440	BURNT	8.71416804034	0.31819203176
8078	BURNT	5.62194177624	0.212235179316
62900	BURNT	3.41705575937	0.13201172235
7122	BURNT	8.70762042033	0.317975755459
7410	BURNT	9.94425750619	0.358214997308
5364729	BURNT	3.61803254178	0.139485237882
61209	BURNT	6.15218277148	0.230947569718
1550470	BURNT	3.79985111553	0.146218497221
62902	BURNT	4.33315957983	0.165815874415
807	BURNT	5.44897959184	0.206082632237
1001	BURNT	5.15688992175	0.195638191404
13216	BURNT	5.60986867523	0.211806496388
5960	BURNT	4.94372076601	0.187972680635
10448	BURNT	5.31125699976	0.201166499623
177	BURNT	4.79074852112	0.182449432288
1049	BURNT	6.40926075326	0.239938980769
61337	BURNT	3.89089652295	0.149580230617
679	BURNT	4.9243625696	0.187274764097
12206	BURNT	3.42596177277	0.132343585283
7151	BURNT	4.68367244412	0.178572182739
6826	BURNT	2.93252219684	0.1138610133
88454	BURNT	3.87203558351	0.148884359516
7997	BURNT	3.55216204161	0.137039339596
6137	BURNT	10.9526127615	0.390120619937
36822	BURNT	6.78559566359	0.25300610314
61659	BURNT	17.1304068519	0.567835938513
6505	BURNT	2.93265218165	0.113865907738
8918	BURNT	4.04815046999	0.155371009908
12297	BURNT	4.97261244247	0.189013747898
5273467	BURNT	5.01952527025	0.190702757235
22310	BURNT	5.18809895197	0.196757409785
33032	BURNT	4.58649594395	0.175045459741
8175	BURNT	4.6005428835	0.175555717411
7765	BURNT	4.26389331528	0.16328341813
106997	BURNT	5.29913494961	0.200733065499
6658	BURNT	3.90847618408	0.15022857293
16255	BURNT	4.95601285239	0.188415688738
5541	BURNT	2.68932408638	0.104679977839
23642	BURNT	15.265896344	0.517416817285
5365027	BURNT	4.78432440743	0.182217072283
1549778	BURNT	4.02631891646	0.154568259051
12810	BURNT	3.59460711699	0.138615804549
61027	BURNT	5.23411977618	0.198406387115
5363388	BURNT	3.69095600031	0.142188977534
8163	BURNT	4.75669764575	0.181217436833
12348	BURNT	3.58479596995	0.13825153394
13561	BURNT	4.55228548452	0.173802098128
14228	ACID	5.80015216894	0.218549380684
778574	ACID	4.00739376683	0.153872068752
61918	ACID	7.13831266962	0.265150303677
7119	ACID	7.35350390471	0.272510548318
8892	ACID	5.95278839268	0.223937259848
18827	ACID	7.71470438517	0.284781509907
69963	ACID	6.61727771309	0.247175762791
261	ACID	7.21719507556	0.267852641119
8658	ACID	3.56015501659	0.137336319167
5366244	ACID	8.23243547544	0.302188221475
6998	ACID	3.26742853286	0.126426705627
7820	ACID	6.53243022246	0.244228151054
5315892	ACID	5.94795643073	0.223766982949
7144	ACID	7.73263921887	0.285388085039
12180	ACID	6.22267170195	0.233418210834
8452	ACID	12.8178079897	0.446993838922
6106	ACID	6.15074875141	0.230897265975
8093	ACID	7.95339061502	0.292833055691
7761	ACID	5.89715545498	0.221975641215
8908	ACID	5.54376126366	0.209457134967
444683	ACID	9.44525795768	0.342125159152
8091	ACID	4.89412663209	0.186184075087
89440	ACID	6.3595095793	0.238203038336
8078	ACID	8.20874251089	0.301396318992
62900	ACID	6.0897345941	0.228755436794
7122	ACID	5.99458777644	0.225409478014
7410	ACID	8.16361050926	0.299886605752
5364729	ACID	4.92738012766	0.187383575137
61209	ACID	7.05637363738	0.262337981931
1550470	ACID	3.67274057885	0.14151401381
62902	ACID	6.58650490427	0.246107377429
807	ACID	16.5714285714	0.553012244897
1001	ACID	7.78611824897	0.287195275004
13216	ACID	8.37575222828	0.306968798975
5960	ACID	5.18142683083	0.196518199632
10448	ACID	6.79644722528	0.253381211057
177	ACID	7.8907383802	0.290724034334
1049	ACID	7.53611454017	0.278727372662
61337	ACID	7.66022302579	0.28293731431
679	ACID	8.57040706267	0.313435531619
12206	ACID	6.08212135116	0.228487973994
7151	ACID	5.9352800086	0.223320180832
6826	ACID	4.85805446559	0.184881901348
88454	ACID	4.86031236051	0.184963439924
7997	ACID	6.65409833286	0.248453123465
6137	ACID	5.31779999442	0.201400401065
36822	ACID	8.50503791005	0.311267248461
61659	ACID	7.13398145514	0.265001781645
6505	ACID	4.65244856478	0.177439831532
8918	ACID	5.27699043491	0.199940966176
12297	ACID	8.42970769608	0.308764319107
5273467	ACID	4.3382237909	0.166000877372
22310	ACID	6.94658772922	0.258561476737
33032	ACID	4.97153299998	0.188974863851
8175	ACID	8.05725980397	0.296322617939
7765	ACID	7.42872802737	0.275074721053
106997	ACID	7.9398132815	0.292376277282
6658	ACID	5.38846823029	0.203924493264
16255	ACID	4.87515986043	0.185499520951
5541	ACID	5.33755572664	0.202106428612
23642	ACID	7.68668208721	0.283833250885
5365027	ACID	7.08285306169	0.26324739947
1549778	ACID	6.37847841665	0.238865141901
12810	ACID	5.00899597937	0.190323822886
61027	ACID	5.56483174572	0.210206328885
5363388	ACID	5.0849674868	0.193055941735
8163	ACID	7.20156768085	0.267317676409
12348	ACID	6.27850389568	0.23537231136
13561	ACID	7.26138516055	0.269364320642
14228	WARM	4.63419559124	0.176777516138
778574	WARM	6.16892381709	0.231534704259
61918	WARM	6.43507181532	0.240838812905
7119	WARM	6.25072829217	0.234400490014
8892	WARM	5.08903765037	0.193202184332
18827	WARM	4.89330258357	0.186154339273
69963	WARM	4.45835137669	0.170383296268
261	WARM	5.85782186012	0.220587243627
8658	WARM	7.97305454213	0.293494342192
5366244	WARM	5.52709122378	0.208864153993
6998	WARM	7.80435826942	0.287811127578
7820	WARM	5.34769046146	0.20246850115
5315892	WARM	5.99248332956	0.2253353906
7144	WARM	9.05389530131	0.329366604002
12180	WARM	4.96975916735	0.188910964221
8452	WARM	5.61905102256	0.212132547145
6106	WARM	6.78194213199	0.252879789647
8093	WARM	4.62118265424	0.17630517452
7761	WARM	5.36571163309	0.203112120792
8908	WARM	3.43990453323	0.13286300405
444683	WARM	4.07645898702	0.156411352332
8091	WARM	4.71144814182	0.179578828236
89440	WARM	6.89301051489	0.256714983012
8078	WARM	5.30091207615	0.20079661551
62900	WARM	6.35535858708	0.238058110375
7122	WARM	6.74257073768	0.251517925446
7410	WARM	6.49117366861	0.242792812506
5364729	WARM	5.5451577359	0.20950679971
61209	WARM	6.94291043813	0.258434815384
1550470	WARM	5.42986559244	0.205401247557
62902	WARM	5.56970837938	0.210379674603
807	WARM	5.55102040816	0.209715285298
1001	WARM	5.37669372184	0.203504214722
13216	WARM	6.04934439295	0.227335948684
5960	WARM	6.79168003367	0.253216434275
10448	WARM	5.52487429731	0.208785277492
177	WARM	6.19025417728	0.23228246838
1049	WARM	4.46581665618	0.170655258885
61337	WARM	6.62186224387	0.247334865924
679	WARM	6.47427908928	0.242204647681
12206	WARM	4.91814026505	0.187050369135
7151	WARM	6.66710006048	0.248903913132
6826	WARM	6.42551482936	0.240505696845
88454	WARM	4.27427286795	0.163663151298
7997	WARM	4.46852976769	0.170754087394
6137	WARM	6.78636645756	0.253032750424
36822	WARM	5.88607605063	0.221584685516
61659	WARM	6.78095537421	0.252845672654
6505	WARM	9.68507932763	0.349882868472
8918	WARM	3.60683755193	0.139069791227
12297	WARM	4.45013739323	0.170084006602
5273467	WARM	6.00251391904	0.225688487422
22310	WARM	7.11290465756	0.264278821235
33032	WARM	6.06062615899	0.227732570584
8175	WARM	4.73899301732	0.180576498766
7765	WARM	4.88388904465	0.185814612906
106997	WARM	7.85210644197	0.289422027448
6658	WARM	5.50569916791	0.208102877385
16255	WARM	4.94925665073	0.188172209471
5541	WARM	6.00275675108	0.225697034598
23642	WARM	7.43988497064	0.275454643475
5365027	WARM	4.66225218387	0.177795449184
1549778	WARM	5.33525127547	0.20202408855
12810	WARM	6.09915587703	0.229086354116
61027	WARM	5.04382982249	0.191577105188
5363388	WARM	4.92535349288	0.187310496903
8163	WARM	4.66370778615	0.17784824332
12348	WARM	3.58057479905	0.138094785606
13561	WARM	4.73586584569	0.180463263704
14228	MUSKY	7.48596585382	0.277022760247
778574	MUSKY	8.49720872548	0.31100732657
61918	MUSKY	9.90911095197	0.357088246136
7119	MUSKY	6.12931719239	0.230145275997
8892	MUSKY	12.985355554	0.451966438614
18827	MUSKY	6.56609266342	0.245398277391
69963	MUSKY	8.77029514282	0.320044574956
261	MUSKY	13.3494725215	0.46269553422
8658	MUSKY	7.38969955737	0.273744918475
5366244	MUSKY	7.58160550545	0.280271923402
6998	MUSKY	5.61053096945	0.211830015675
7820	MUSKY	6.80390840617	0.253639068407
5315892	MUSKY	6.76175238311	0.252181577208
7144	MUSKY	6.54417323823	0.244636448181
12180	MUSKY	9.08197597171	0.330286123848
8452	MUSKY	7.24248204488	0.268717863327
6106	MUSKY	14.9028824808	0.507276936736
8093	MUSKY	5.85775736835	0.220584966179
7761	MUSKY	5.76053080453	0.217147746121
8908	MUSKY	6.07841956202	0.228357908732
444683	MUSKY	9.0514097882	0.329285183866
8091	MUSKY	5.7929485614	0.218294641242
89440	MUSKY	7.2345319019	0.26844589534
8078	MUSKY	6.78233432513	0.252893349446
62900	MUSKY	5.7028092678	0.215103557294
7122	MUSKY	5.63194862135	0.212590406745
7410	MUSKY	7.97654321944	0.293611632085
5364729	MUSKY	5.52891475018	0.208929030681
61209	MUSKY	7.29119038476	0.2703830325
1550470	MUSKY	5.6289134718	0.212482672123
62902	MUSKY	6.02907518451	0.226623108348
807	MUSKY	8.83673469388	0.322234235735
1001	MUSKY	7.56286253143	0.279635745389
13216	MUSKY	6.58844557974	0.246174777127
5960	MUSKY	9.96712124936	0.358947447574
10448	MUSKY	12.443871593	0.435814887632
177	MUSKY	12.5822395807	0.439964482081
1049	MUSKY	9.42466386912	0.341456839146
61337	MUSKY	9.01257273319	0.328012322419
679	MUSKY	8.27477437297	0.303602218549
12206	MUSKY	5.5342262868	0.209117987235
7151	MUSKY	5.30912906622	0.201090422072
6826	MUSKY	5.05716355817	0.192056581025
88454	MUSKY	5.91861646452	0.222732650239
7997	MUSKY	8.77224852172	0.320109003218
6137	MUSKY	13.1467124211	0.45673407785
36822	MUSKY	8.55601597756	0.312958475339
61659	MUSKY	12.9381838365	0.450568713065
6505	MUSKY	14.2848428141	0.489771018875
8918	MUSKY	8.12543672956	0.298608380364
12297	MUSKY	10.2519846051	0.368038108868
5273467	MUSKY	7.96563035404	0.293244707387
22310	MUSKY	5.84432203973	0.220110441547
33032	MUSKY	11.2089640235	0.398102211147
8175	MUSKY	9.97387005182	0.359163568549
7765	MUSKY	5.64928066606	0.213205477825
106997	MUSKY	6.72495082147	0.250908047438
6658	MUSKY	8.03981081368	0.295737009379
16255	MUSKY	7.83779193213	0.288939284337
5541	MUSKY	8.72383970376	0.31851143648
23642	MUSKY	12.7364578316	0.444571370024
5365027	MUSKY	6.43312991573	0.240771132424
1549778	MUSKY	5.13704828197	0.194926225258
12810	MUSKY	6.25098386045	0.234409434729
61027	MUSKY	7.88342331583	0.290477587363
5363388	MUSKY	5.77624608372	0.217703835821
8163	MUSKY	5.85710249945	0.220561840102
12348	MUSKY	5.31370107687	0.201253875421
13561	MUSKY	6.09980304191	0.229109082816
14228	SWEATY	4.09136262907	0.156958805898
778574	SWEATY	4.48836485941	0.171476426732
61918	SWEATY	3.19740781086	0.123806945751
7119	SWEATY	2.6864103905	0.104569695306
8892	SWEATY	8.46990395415	0.310100448969
18827	SWEATY	3.13197806939	0.121355408125
69963	SWEATY	5.49016041632	0.207549672094
261	SWEATY	6.55397725103	0.244977242918
8658	SWEATY	2.69077297284	0.104734815237
5366244	SWEATY	4.59777054609	0.175455024246
6998	SWEATY	2.19357227135	0.0858181871302
7820	SWEATY	3.97993712629	0.15286152524
5315892	SWEATY	3.30312309578	0.127760674957
7144	SWEATY	3.06733414368	0.118929950248
12180	SWEATY	6.69831713212	0.249985704324
8452	SWEATY	4.30804154933	0.164897973177
6106	SWEATY	10.1357415043	0.364336357836
8093	SWEATY	3.37410092762	0.130410214277
7761	SWEATY	3.19770072166	0.123817912904
8908	SWEATY	3.28844706843	0.127212329089
444683	SWEATY	5.02588896634	0.190931734693
8091	SWEATY	3.19152335083	0.123586605514
89440	SWEATY	2.58552065764	0.100746859477
8078	SWEATY	4.02350539883	0.154464777676
62900	SWEATY	2.42737577506	0.0947381697409
7122	SWEATY	2.30110229086	0.0899260629332
7410	SWEATY	2.47628861663	0.0965987425402
5364729	SWEATY	3.18053701389	0.123175154277
61209	SWEATY	3.3023545006	0.127731961925
1550470	SWEATY	3.16656952092	0.122651915825
62902	SWEATY	3.72444191002	0.143429089385
807	SWEATY	2.24489795918	0.0877800916283
1001	SWEATY	3.0821100834	0.11948464231
13216	SWEATY	3.40935436872	0.131724695864
5960	SWEATY	7.42095537867	0.274809983654
10448	SWEATY	8.88303579164	0.323758101715
177	SWEATY	6.69014342249	0.249702529294
1049	SWEATY	4.45352859499	0.170207577021
61337	SWEATY	3.4623000951	0.133696995025
679	SWEATY	4.7392257195	0.180584924612
12206	SWEATY	3.89501169338	0.149732021299
7151	SWEATY	2.37058718587	0.0925756139926
6826	SWEATY	1.65585601639	0.0651374969969
88454	SWEATY	3.28435035337	0.127059231237
7997	SWEATY	5.96912096218	0.224512676463
6137	SWEATY	7.39493687904	0.273923438583
36822	SWEATY	3.72773082917	0.143550842313
61659	SWEATY	6.50046351853	0.243116130359
6505	SWEATY	5.62412572397	0.212312712895
8918	SWEATY	3.65194954842	0.140743287735
12297	SWEATY	6.43742525075	0.240920832486
5273467	SWEATY	4.73356411078	0.180379912755
22310	SWEATY	2.27996588632	0.0891193376756
33032	SWEATY	7.9910498923	0.29409924434
8175	SWEATY	5.97094359692	0.224576876902
7765	SWEATY	2.99524719447	0.116221285476
106997	SWEATY	1.35887807064	0.0536165029813
6658	SWEATY	4.79621340286	0.182647070912
16255	SWEATY	3.87683986745	0.149061639755
5541	SWEATY	3.18413744938	0.123310005457
23642	SWEATY	4.31683008413	0.165219194575
5365027	SWEATY	3.55232947961	0.137045561292
1549778	SWEATY	2.55432446079	0.0995631490513
12810	SWEATY	2.91612265659	0.113243397724
61027	SWEATY	4.32641512936	0.165569458026
5363388	SWEATY	3.48971778207	0.134717459204
8163	SWEATY	3.82905405292	0.147297500141
12348	SWEATY	3.09868517314	0.120106667005
13561	SWEATY	3.82952254527	0.147314804641
14228	AMMONIA/URINOUS	4.26669421605	0.163385896829
778574	AMMONIA/URINOUS	4.61592846574	0.176114420389
61918	AMMONIA/URINOUS	5.35979982173	0.202901011218
7119	AMMONIA/URINOUS	6.46795490128	0.241984419809
8892	AMMONIA/URINOUS	4.55020001557	0.17372627255
18827	AMMONIA/URINOUS	6.27436568312	0.235227561435
69963	AMMONIA/URINOUS	6.24575873685	0.234226548594
261	AMMONIA/URINOUS	7.13095683484	0.264898055241
8658	AMMONIA/URINOUS	2.48951169689	0.0971014004799
5366244	AMMONIA/URINOUS	6.84902349138	0.255197290541
6998	AMMONIA/URINOUS	2.83145825198	0.110051467746
7820	AMMONIA/URINOUS	3.82427845726	0.147121096003
5315892	AMMONIA/URINOUS	6.26232601779	0.23480634985
7144	AMMONIA/URINOUS	5.78535709984	0.218026141284
12180	AMMONIA/URINOUS	4.59688829169	0.175422978881
8452	AMMONIA/URINOUS	9.3501775029	0.339036772382
6106	AMMONIA/URINOUS	5.52646995575	0.208842050161
8093	AMMONIA/URINOUS	6.04335863175	0.227125471849
7761	AMMONIA/URINOUS	3.2700308072	0.126523991696
8908	AMMONIA/URINOUS	4.15221362856	0.159192193936
444683	AMMONIA/URINOUS	7.83214021099	0.288748640326
8091	AMMONIA/URINOUS	4.14991796213	0.159107990848
89440	AMMONIA/URINOUS	6.56464552794	0.245347992755
8078	AMMONIA/URINOUS	10.1237751766	0.363954677532
62900	AMMONIA/URINOUS	4.19876730718	0.160898833527
7122	AMMONIA/URINOUS	6.53462330057	0.244304411351
7410	AMMONIA/URINOUS	6.12937599383	0.230147339724
5364729	AMMONIA/URINOUS	3.8209367568	0.146997647192
61209	AMMONIA/URINOUS	7.02498596426	0.261259267451
1550470	AMMONIA/URINOUS	2.86155910083	0.111186955838
62902	AMMONIA/URINOUS	4.31808892805	0.165265200326
807	AMMONIA/URINOUS	13.1836734694	0.457823240317
1001	AMMONIA/URINOUS	7.77537038738	0.286832261631
13216	AMMONIA/URINOUS	7.4363255252	0.275333446081
5960	AMMONIA/URINOUS	4.8127339624	0.183244395219
10448	AMMONIA/URINOUS	7.23872011161	0.268589176923
177	AMMONIA/URINOUS	6.26247167245	0.234811446319
1049	AMMONIA/URINOUS	5.27357141901	0.199818634556
61337	AMMONIA/URINOUS	4.74366472247	0.180745646899
679	AMMONIA/URINOUS	7.02926826211	0.261406485564
12206	AMMONIA/URINOUS	4.24071162362	0.162435010915
7151	AMMONIA/URINOUS	4.04318091633	0.155188311884
6826	AMMONIA/URINOUS	3.96508533972	0.152314652888
88454	AMMONIA/URINOUS	4.09775630679	0.157193609572
7997	AMMONIA/URINOUS	4.75384000273	0.181114002201
6137	AMMONIA/URINOUS	4.34922951195	0.166402861539
36822	AMMONIA/URINOUS	7.57587229051	0.280077355236
61659	AMMONIA/URINOUS	7.13327630838	0.264977599979
6505	AMMONIA/URINOUS	1.50740115161	0.0593871427716
8918	AMMONIA/URINOUS	4.53822114567	0.17329066536
12297	AMMONIA/URINOUS	7.32721685106	0.271613431329
5273467	AMMONIA/URINOUS	4.21634741162	0.161542862267
22310	AMMONIA/URINOUS	6.01546109487	0.226144134921
33032	AMMONIA/URINOUS	2.54895966868	0.0993595085904
8175	AMMONIA/URINOUS	7.16442429395	0.266045381572
7765	AMMONIA/URINOUS	4.01081386557	0.153997903477
106997	AMMONIA/URINOUS	7.01919722758	0.261060237215
6658	AMMONIA/URINOUS	4.44272012333	0.169813700096
16255	AMMONIA/URINOUS	3.78510540199	0.145673406918
5541	AMMONIA/URINOUS	3.57798898769	0.137998757429
23642	AMMONIA/URINOUS	6.58483342261	0.246049324423
5365027	AMMONIA/URINOUS	6.54681180498	0.244728174275
1549778	AMMONIA/URINOUS	5.53148938972	0.209020625641
12810	AMMONIA/URINOUS	4.52444327316	0.172789496154
61027	AMMONIA/URINOUS	4.23598572663	0.162261999035
5363388	AMMONIA/URINOUS	3.84290711337	0.147809110502
8163	AMMONIA/URINOUS	6.54033935864	0.244503158775
12348	AMMONIA/URINOUS	3.96608117637	0.152351327096
13561	AMMONIA/URINOUS	6.25852197107	0.234673239938
14228	DECAYED	4.15023561405	0.159119642301
778574	DECAYED	2.97763571113	0.115558902674
61918	DECAYED	6.0891413245	0.228734596152
7119	DECAYED	2.76351724835	0.107485878901
8892	DECAYED	7.31417255099	0.271168053997
18827	DECAYED	4.04863408941	0.15538878838
69963	DECAYED	6.13422248436	0.230317425179
261	DECAYED	5.07333540539	0.192637923361
8658	DECAYED	4.11867208153	0.157961499375
5366244	DECAYED	3.5712992131	0.137750297296
6998	DECAYED	4.07271908114	0.15627394696
7820	DECAYED	5.23220261482	0.198337726912
5315892	DECAYED	2.94741491859	0.114421694863
7144	DECAYED	4.1415118556	0.158799626044
12180	DECAYED	10.7357471631	0.383327379665
8452	DECAYED	6.35986890245	0.238215583116
6106	DECAYED	6.75783145349	0.252045943758
8093	DECAYED	4.78724293749	0.182322639523
7761	DECAYED	2.92936218937	0.11374202244
8908	DECAYED	3.90877682483	0.150239658487
444683	DECAYED	4.92232201409	0.18720117896
8091	DECAYED	4.2050980904	0.161130783636
89440	DECAYED	2.49172476921	0.0971855138382
8078	DECAYED	5.85340729778	0.220431341114
62900	DECAYED	3.21617853897	0.124509619801
7122	DECAYED	2.75996515749	0.107351643231
7410	DECAYED	4.21532817643	0.161505530403
5364729	DECAYED	3.81666386222	0.146839785274
61209	DECAYED	3.88234599019	0.149264795453
1550470	DECAYED	3.11253987273	0.120626433125
62902	DECAYED	4.13303321773	0.158488543278
807	DECAYED	3.26530612245	0.126347355269
1001	DECAYED	3.3230387761	0.128504516361
13216	DECAYED	3.95449901541	0.151924735631
5960	DECAYED	6.19774949368	0.232545140233
10448	DECAYED	14.569639177	0.497875812782
177	DECAYED	4.20954662593	0.161293751919
1049	DECAYED	4.08471200116	0.156714531193
61337	DECAYED	3.27569405591	0.126735693617
679	DECAYED	8.70479877377	0.317882542274
12206	DECAYED	5.59675507411	0.211340736021
7151	DECAYED	2.42167024973	0.0945210152697
6826	DECAYED	2.72434114896	0.10600483208
88454	DECAYED	4.09838737008	0.157216783189
7997	DECAYED	9.29129367276	0.337120491665
6137	DECAYED	10.4262843978	0.373568413375
36822	DECAYED	4.85787394473	0.184875382084
61659	DECAYED	7.60400671224	0.281031901258
6505	DECAYED	2.93317995417	0.113885780309
8918	DECAYED	3.91022669356	0.150293118624
12297	DECAYED	6.73430601316	0.251231889535
5273467	DECAYED	3.3554460359	0.129714234196
22310	DECAYED	2.63449098183	0.10260342218
33032	DECAYED	5.50216948716	0.20797723186
8175	DECAYED	3.83864076531	0.147651565442
7765	DECAYED	3.75560604144	0.144582410962
106997	DECAYED	3.5014374856	0.135153473638
6658	DECAYED	5.10031207139	0.193607209565
16255	DECAYED	3.37072952107	0.130284453841
5541	DECAYED	5.34071720695	0.202219384164
23642	DECAYED	8.70788754711	0.317984579671
5365027	DECAYED	4.0582231583	0.155741256251
1549778	DECAYED	2.62832263301	0.102369673375
12810	DECAYED	2.76665330238	0.107604383897
61027	DECAYED	3.88676852496	0.149427953172
5363388	DECAYED	3.79886289944	0.146181972246
8163	DECAYED	3.7701103365	0.14511892068
12348	DECAYED	4.24020201595	0.162416355383
13561	DECAYED	3.56228363226	0.13741539942
14228	WOOD	3.42923476187	0.132465530054
778574	WOOD	3.5734601415	0.137830558707
61918	WOOD	7.76818955669	0.286589674672
7119	WOOD	3.78388658967	0.145628344497
8892	WOOD	2.79264037233	0.108586078794
18827	WOOD	2.94649752809	0.11438716205
69963	WOOD	2.80745857404	0.109145613504
261	WOOD	2.64307860642	0.102928798449
8658	WOOD	3.16133861017	0.122455919684
5366244	WOOD	5.30358886627	0.200892332706
6998	WOOD	3.08575326321	0.119621381248
7820	WOOD	2.73731739605	0.106495533231
5315892	WOOD	3.31963341082	0.12837735004
7144	WOOD	3.94112685199	0.151432081734
12180	WOOD	2.48901931426	0.0970826857119
8452	WOOD	3.13710234701	0.121547529426
6106	WOOD	3.05266021764	0.118378914944
8093	WOOD	2.93351065105	0.113898232146
7761	WOOD	2.63121455417	0.102479266155
8908	WOOD	2.71313054436	0.105580790834
444683	WOOD	2.86450396511	0.111298005418
8091	WOOD	2.9845462729	0.115818844334
89440	WOOD	5.41776104427	0.204969587878
8078	WOOD	2.9618301525	0.114964230959
62900	WOOD	3.12022497884	0.120914677586
7122	WOOD	3.78829428196	0.145791301852
7410	WOOD	3.0983671342	0.120094733809
5364729	WOOD	2.88467754698	0.112058556059
61209	WOOD	3.04284064563	0.118010074147
1550470	WOOD	4.23432749396	0.162201288028
62902	WOOD	2.68584913957	0.104548451343
807	WOOD	2.48979591837	0.0971122032487
1001	WOOD	2.74158997763	0.106657072863
13216	WOOD	3.25145091474	0.125829263369
5960	WOOD	3.07170639102	0.11909410358
10448	WOOD	2.75530283491	0.107175435912
177	WOOD	2.87627233087	0.111741716226
1049	WOOD	3.38473897891	0.130806975974
61337	WOOD	2.68795928253	0.10462832126
679	WOOD	2.94205777469	0.114220029408
12206	WOOD	2.56149927457	0.0998354595693
7151	WOOD	3.5133368862	0.135596061018
6826	WOOD	3.21524340085	0.124474619983
88454	WOOD	2.79779844581	0.108780867375
7997	WOOD	2.46688467438	0.0962411789764
6137	WOOD	2.93894159907	0.114102712874
36822	WOOD	5.82333830504	0.219369024596
61659	WOOD	3.72187920077	0.143334214117
6505	WOOD	3.14834517778	0.121968976168
8918	WOOD	3.28612672009	0.127125617275
12297	WOOD	2.87203911301	0.111582121054
5273467	WOOD	3.71483562894	0.143073423658
22310	WOOD	3.52774684939	0.136131874842
33032	WOOD	3.04639799157	0.118143703374
8175	WOOD	3.38077576283	0.13065917261
7765	WOOD	2.9501193077	0.114523490736
106997	WOOD	3.70338383345	0.142649332611
6658	WOOD	2.76385106543	0.107498493532
16255	WOOD	3.55198346108	0.13703270384
5541	WOOD	2.93965410196	0.114129537583
23642	WOOD	3.23299059321	0.125138732458
5365027	WOOD	3.39479096955	0.131181796491
1549778	WOOD	3.94002010956	0.151391300997
12810	WOOD	3.09772181419	0.120070520392
61027	WOOD	5.02101623951	0.190756407949
5363388	WOOD	3.14165690444	0.121718272936
8163	WOOD	3.33331573148	0.128888231753
12348	WOOD	2.60727442044	0.101571824856
13561	WOOD	3.14691905236	0.121915522286
14228	GRASS	2.58841539905	0.100856658251
778574	GRASS	3.83708030288	0.147593938015
61918	GRASS	5.68678449311	0.214535572576
7119	GRASS	2.56031739961	0.0997906059099
8892	GRASS	1.9265619821	0.0755778228558
18827	GRASS	3.40041286194	0.131391391425
69963	GRASS	3.33695032498	0.129023918011
261	GRASS	2.76427305157	0.107514439862
8658	GRASS	3.18898787234	0.123491657433
5366244	GRASS	4.7421419844	0.180690515136
6998	GRASS	2.98989053961	0.116019843409
7820	GRASS	3.37506482308	0.130446167899
5315892	GRASS	4.01531376594	0.154163452782
7144	GRASS	2.75459493472	0.107148680087
12180	GRASS	2.22795238785	0.0871325867771
8452	GRASS	1.61792116607	0.0636697790828
6106	GRASS	3.01530584615	0.116975406108
8093	GRASS	2.39396309901	0.0934661002325
7761	GRASS	3.32185457138	0.128460295738
8908	GRASS	4.16449355883	0.159642539713
444683	GRASS	2.19849166159	0.0860063202291
8091	GRASS	3.42397102845	0.132269410096
89440	GRASS	3.45419666997	0.133395276945
8078	GRASS	2.04824030272	0.0802514967739
62900	GRASS	3.34777626226	0.12942800813
7122	GRASS	2.04237456487	0.0800264650496
7410	GRASS	2.99758013162	0.116309010607
5364729	GRASS	5.8188397621	0.219210032013
61209	GRASS	1.72519447209	0.0678172604971
1550470	GRASS	8.27036244921	0.303454939952
62902	GRASS	5.57535406729	0.210580333501
807	GRASS	0.408163265306	0.0162598917118
1001	GRASS	3.55348291415	0.137088420237
13216	GRASS	3.70435655955	0.142685359374
5960	GRASS	1.69231172304	0.0665469013346
10448	GRASS	2.0980439402	0.0821610422581
177	GRASS	2.14960135495	0.0841357398038
1049	GRASS	2.14932178655	0.0841250378053
61337	GRASS	3.19486171196	0.123711611935
679	GRASS	1.67112834118	0.0657280656741
12206	GRASS	2.3120923359	0.0903453850482
7151	GRASS	3.50367313303	0.135236635152
6826	GRASS	3.32491808209	0.128574691183
88454	GRASS	4.53242264542	0.173079763802
7997	GRASS	2.74101632849	0.106635384934
6137	GRASS	1.92691029077	0.0755912183232
36822	GRASS	4.34004560643	0.166067425911
61659	GRASS	3.05845507815	0.11859654414
6505	GRASS	0.701350767745	0.02785727355
8918	GRASS	3.7410310605	0.144043117062
12297	GRASS	2.57703046432	0.100424784167
5273467	GRASS	3.8562454675	0.148301567058
22310	GRASS	4.96771346805	0.188837267882
33032	GRASS	5.47697635731	0.207080146285
8175	GRASS	3.99006298491	0.153234278347
7765	GRASS	3.51443160025	0.135636772221
106997	GRASS	5.17428962568	0.196262275775
6658	GRASS	1.5006032848	0.0591234073047
16255	GRASS	3.54680397846	0.136840231754
5541	GRASS	3.2295301008	0.125009258163
23642	GRASS	3.12861033532	0.121229132361
5365027	GRASS	6.03408968715	0.226799492145
1549778	GRASS	5.82814215754	0.219538789898
12810	GRASS	3.10092544955	0.120190722524
61027	GRASS	3.14514832728	0.121849149891
5363388	GRASS	14.9033781143	0.507290852885
8163	GRASS	3.30446968605	0.127810979479
12348	GRASS	2.87402389121	0.111656950318
13561	GRASS	3.04503144201	0.118092371087
14228	FLOWER	5.75566986135	0.216975700233
778574	FLOWER	10.1040045132	0.363323817647
61918	FLOWER	4.69562547746	0.179005459649
7119	FLOWER	8.83539330293	0.32219006219
8892	FLOWER	4.7554708062	0.181173031212
18827	FLOWER	7.55365380376	0.279323077836
69963	FLOWER	4.82293998008	0.183613299182
261	FLOWER	3.65335507317	0.14079540161
8658	FLOWER	7.10316769981	0.263944711444
5366244	FLOWER	4.80819752449	0.183080395606
6998	FLOWER	6.59222675255	0.246306088679
7820	FLOWER	6.27462223208	0.235236535621
5315892	FLOWER	8.15354459266	0.299549667937
7144	FLOWER	5.24795488406	0.198901783176
12180	FLOWER	4.23993663223	0.162406640231
8452	FLOWER	3.51896160262	0.1358052278
6106	FLOWER	4.44183722954	0.169781521992
8093	FLOWER	8.43254508649	0.308858676805
7761	FLOWER	8.73716659233	0.318951431668
8908	FLOWER	9.39815092814	0.340595940778
444683	FLOWER	4.47850216959	0.171117294111
8091	FLOWER	8.81153563339	0.321404161248
89440	FLOWER	7.28325784512	0.270111975869
8078	FLOWER	2.24239247584	0.0876843694275
62900	FLOWER	6.78447820476	0.252967470386
7122	FLOWER	9.51129155743	0.344265795461
7410	FLOWER	8.86627982347	0.323206825775
5364729	FLOWER	7.35143493354	0.272439959109
61209	FLOWER	4.0363797355	0.154938244872
1550470	FLOWER	8.1979453025	0.301035289227
62902	FLOWER	8.3697660206	0.306769447528
807	FLOWER	3.81632653061	0.146827321949
1001	FLOWER	11.8252284768	0.41707472766
13216	FLOWER	6.46606991017	0.241918772373
5960	FLOWER	4.63004849097	0.176627000027
10448	FLOWER	2.47701715323	0.0966264405383
177	FLOWER	3.23752025948	0.125308195407
1049	FLOWER	2.96515419934	0.115089312203
61337	FLOWER	8.10765850452	0.29801268961
679	FLOWER	2.99376771855	0.116165650681
12206	FLOWER	5.04114129964	0.191480409744
7151	FLOWER	7.01661978825	0.260971610229
6826	FLOWER	7.39590249682	0.273956350376
88454	FLOWER	8.95784344952	0.326216554274
7997	FLOWER	5.77215404744	0.217559056959
6137	FLOWER	1.67145144536	0.0657405578409
36822	FLOWER	2.56424895585	0.0999398091509
61659	FLOWER	4.38937911723	0.167868505075
6505	FLOWER	6.69753421549	0.249958582793
8918	FLOWER	9.19664619048	0.334034527158
12297	FLOWER	5.36686899148	0.203153446551
5273467	FLOWER	10.4756247162	0.37512950337
22310	FLOWER	12.4478958359	0.43593578914
33032	FLOWER	4.31966459511	0.165322782919
8175	FLOWER	7.55294320676	0.279298947836
7765	FLOWER	4.60433805397	0.175693550593
106997	FLOWER	7.96443046673	0.293204357606
6658	FLOWER	3.53050614395	0.136234456305
16255	FLOWER	6.97402571187	0.259506214623
5541	FLOWER	8.01764696364	0.294992813412
23642	FLOWER	2.03391420155	0.0797018452702
5365027	FLOWER	7.08121837588	0.26319127356
1549778	FLOWER	7.64109195971	0.282289163854
12810	FLOWER	9.31754391522	0.337975106764
61027	FLOWER	5.97806703429	0.224827767185
5363388	FLOWER	8.95949615016	0.326270817501
8163	FLOWER	8.50746441499	0.311347796291
12348	FLOWER	9.03620668251	0.328787054817
13561	FLOWER	7.21176638384	0.267666825604
14228	CHEMICAL	15.8462390519	0.533408245241
778574	CHEMICAL	14.6451925736	0.500015036738
61918	CHEMICAL	10.1788560968	0.365710599297
7119	CHEMICAL	24.3034391256	0.735874703692
8892	CHEMICAL	18.888486048	0.612829479845
18827	CHEMICAL	21.3440221286	0.671533972895
69963	CHEMICAL	14.6118958013	0.499072832488
261	CHEMICAL	16.1121815851	0.540646305233
8658	CHEMICAL	15.0219303089	0.510613856274
5366244	CHEMICAL	24.8697081876	0.747387373369
6998	CHEMICAL	19.0320706096	0.616394939708
7820	CHEMICAL	12.9395063265	0.450607923472
5315892	CHEMICAL	16.9732156688	0.563692606697
7144	CHEMICAL	18.7454912587	0.609262273336
12180	CHEMICAL	16.028131594	0.538364862801
8452	CHEMICAL	32.7158244632	0.880502910405
6106	CHEMICAL	13.5431880752	0.468360345711
8093	CHEMICAL	24.5559897693	0.741040937353
7761	CHEMICAL	12.0774192572	0.424751147924
8908	CHEMICAL	15.6356023225	0.527635268904
444683	CHEMICAL	22.2042183528	0.690957809049
8091	CHEMICAL	15.655328911	0.528177427115
89440	CHEMICAL	19.8634108437	0.636714397609
8078	CHEMICAL	23.7390342573	0.724144671305
62900	CHEMICAL	17.5431649721	0.57862154399
7122	CHEMICAL	22.9296546709	0.706878561505
7410	CHEMICAL	23.9820719545	0.729226968089
5364729	CHEMICAL	11.7424729264	0.414544648884
61209	CHEMICAL	26.1415817235	0.772310350937
1550470	CHEMICAL	7.55304779946	0.279302499554
62902	CHEMICAL	17.7324949604	0.583523247407
807	CHEMICAL	45.9387755102	0.993402582257
1001	CHEMICAL	25.6819629598	0.763453229804
13216	CHEMICAL	22.5415167304	0.698412678614
5960	CHEMICAL	9.99107638425	0.359714412444
10448	CHEMICAL	11.3507801232	0.402495121166
177	CHEMICAL	16.4331694702	0.549307155273
1049	CHEMICAL	18.9531085997	0.614436213751
61337	CHEMICAL	16.9087339527	0.561987244555
679	CHEMICAL	16.4214935606	0.548993562121
12206	CHEMICAL	19.1003765388	0.618085307983
7151	CHEMICAL	13.6954358973	0.472791450125
6826	CHEMICAL	15.0125048271	0.510350072612
88454	CHEMICAL	16.1386984969	0.541364904207
7997	CHEMICAL	17.0219039525	0.564978072434
6137	CHEMICAL	8.69824251598	0.317665931493
36822	CHEMICAL	16.4077544675	0.548624416035
61659	CHEMICAL	13.0308722352	0.453313436923
6505	CHEMICAL	5.62960667559	0.212507278495
8918	CHEMICAL	17.3441675139	0.573438641856
12297	CHEMICAL	22.3008139239	0.693102036289
5273467	CHEMICAL	13.8247083837	0.476539310591
22310	CHEMICAL	17.0063146497	0.564566690803
33032	CHEMICAL	8.9465528952	0.325845792325
8175	CHEMICAL	20.126673456	0.643033744479
7765	CHEMICAL	21.371279935	0.672158554977
106997	CHEMICAL	27.6605378573	0.800379372469
6658	CHEMICAL	16.4018911004	0.548466831349
16255	CHEMICAL	16.1067361942	0.540498667437
5541	CHEMICAL	10.4256387885	0.37354797388
23642	CHEMICAL	16.8817305631	0.561272091803
5365027	CHEMICAL	20.9315301442	0.662009624096
1549778	CHEMICAL	20.061945284	0.641485151928
12810	CHEMICAL	17.9739081566	0.589731776495
61027	CHEMICAL	13.9487095981	0.480121784143
5363388	CHEMICAL	11.1226743796	0.395421421041
8163	CHEMICAL	22.377530955	0.694799681543
12348	CHEMICAL	19.1288187842	0.618788068137
13561	CHEMICAL	22.9737662633	0.707833076004
