#oID	descriptor	value	sigma
14228	INTENSITY/STRENGTH	24.3194875962	0.736204513072
778574	INTENSITY/STRENGTH	33.965466903	0.897157499345
61918	INTENSITY/STRENGTH	70.6969113205	0.828655144716
7119	INTENSITY/STRENGTH	40.5481319507	0.964264876151
8892	INTENSITY/STRENGTH	49.5388008165	0.999914918125
18827	INTENSITY/STRENGTH	59.8213952922	0.961416077806
69963	INTENSITY/STRENGTH	55.3631208267	0.988494773999
261	INTENSITY/STRENGTH	39.5757289646	0.956533829352
8658	INTENSITY/STRENGTH	64.5673764386	0.915116617479
5366244	INTENSITY/STRENGTH	36.9229397715	0.931596198312
6998	INTENSITY/STRENGTH	58.8680809954	0.968542855784
7820	INTENSITY/STRENGTH	53.8401511782	0.994101295571
5315892	INTENSITY/STRENGTH	57.0879606417	0.979904325576
12180	INTENSITY/STRENGTH	66.9897872426	0.884538851781
8452	INTENSITY/STRENGTH	50.004146838	0.999999993121
6106	INTENSITY/STRENGTH	34.5368110052	0.904355914444
8093	INTENSITY/STRENGTH	60.6368973875	0.954742565587
7761	INTENSITY/STRENGTH	54.1813032337	0.993006681307
8908	INTENSITY/STRENGTH	53.3379661895	0.995543192687
444683	INTENSITY/STRENGTH	30.0262115562	0.840419110082
8091	INTENSITY/STRENGTH	54.2517453112	0.992769064724
89440	INTENSITY/STRENGTH	25.9816479102	0.769247505156
8078	INTENSITY/STRENGTH	58.3059201161	0.97240467641
62900	INTENSITY/STRENGTH	54.6710830472	0.991272393266
7122	INTENSITY/STRENGTH	43.3450889991	0.982284863828
7410	INTENSITY/STRENGTH	67.0661532171	0.883498565749
5364729	INTENSITY/STRENGTH	60.0491826178	0.959605571485
61209	INTENSITY/STRENGTH	59.3201112193	0.965254210744
1550470	INTENSITY/STRENGTH	55.3019533719	0.988755716177
62902	INTENSITY/STRENGTH	59.3729606872	0.964859043182
807	INTENSITY/STRENGTH	66.1836734694	0.895235485214
1001	INTENSITY/STRENGTH	51.6207574039	0.998949258175
13216	INTENSITY/STRENGTH	40.9419049054	0.967180365303
5960	INTENSITY/STRENGTH	23.9675743937	0.72892512682
177	INTENSITY/STRENGTH	28.7642806875	0.819617690113
61337	INTENSITY/STRENGTH	58.6811503175	0.969855051666
679	INTENSITY/STRENGTH	29.042074472	0.824306143025
12206	INTENSITY/STRENGTH	59.3186210791	0.965265320474
7151	INTENSITY/STRENGTH	60.906156369	0.952422301302
6826	INTENSITY/STRENGTH	59.1822040146	0.966274851774
88454	INTENSITY/STRENGTH	51.8978659543	0.998559241928
7997	INTENSITY/STRENGTH	61.2450578641	0.949419469453
6137	INTENSITY/STRENGTH	47.923197691	0.998274756868
61659	INTENSITY/STRENGTH	38.6588936596	0.94855172279
6505	INTENSITY/STRENGTH	30.7044958471	0.851073407795
8918	INTENSITY/STRENGTH	33.0027455975	0.88443733711
12297	INTENSITY/STRENGTH	54.9551911659	0.990178432204
5273467	INTENSITY/STRENGTH	35.1343060231	0.911604457034
22310	INTENSITY/STRENGTH	45.3194375578	0.99123693409
33032	INTENSITY/STRENGTH	23.7209567971	0.723764755335
8175	INTENSITY/STRENGTH	50.5500484866	0.999878978665
7765	INTENSITY/STRENGTH	54.8227251192	0.99069652897
106997	INTENSITY/STRENGTH	43.4396610393	0.982784781088
6658	INTENSITY/STRENGTH	38.0525098657	0.942902991796
16255	INTENSITY/STRENGTH	29.4623959109	0.831282727312
5541	INTENSITY/STRENGTH	42.8468911304	0.9795332134
5365027	INTENSITY/STRENGTH	53.9885087745	0.993636719102
1549778	INTENSITY/STRENGTH	37.7469917866	0.939945515889
12810	INTENSITY/STRENGTH	52.345688383	0.997799098404
61027	INTENSITY/STRENGTH	22.4627363624	0.696679644541
5363388	INTENSITY/STRENGTH	58.4721578573	0.971289016496
8163	INTENSITY/STRENGTH	41.1084444322	0.968376095834
12348	INTENSITY/STRENGTH	58.6176040664	0.970294760062
13561	INTENSITY/STRENGTH	43.099817467	0.980954992404
14228	VALENCE/PLEASANTNESS	45.8864252052	0.993231400963
778574	VALENCE/PLEASANTNESS	48.7008739435	0.999324908596
61918	VALENCE/PLEASANTNESS	37.1107377663	0.933546767628
7119	VALENCE/PLEASANTNESS	49.8884805092	0.999995025361
8892	VALENCE/PLEASANTNESS	40.7356653989	0.965668841759
18827	VALENCE/PLEASANTNESS	37.947044994	0.941890510249
69963	VALENCE/PLEASANTNESS	42.0672604855	0.974828657518
261	VALENCE/PLEASANTNESS	33.5049903248	0.891165862326
8658	VALENCE/PLEASANTNESS	58.4342680615	0.971545248907
5366244	VALENCE/PLEASANTNESS	39.900056377	0.959196455525
6998	VALENCE/PLEASANTNESS	57.5130372605	0.977421708449
7820	VALENCE/PLEASANTNESS	45.7539716955	0.992788497455
5315892	VALENCE/PLEASANTNESS	50.5484208285	0.999879693838
7144	VALENCE/PLEASANTNESS	46.2177052291	0.994277698506
12180	VALENCE/PLEASANTNESS	39.8271389736	0.958605159415
8452	VALENCE/PLEASANTNESS	36.7460415975	0.929733034666
6106	VALENCE/PLEASANTNESS	35.6602746531	0.91774891079
8093	VALENCE/PLEASANTNESS	51.98277907	0.998427434864
7761	VALENCE/PLEASANTNESS	54.5447046468	0.991738263869
8908	VALENCE/PLEASANTNESS	54.4525910445	0.992069773196
444683	VALENCE/PLEASANTNESS	40.0373626712	0.960298342982
8091	VALENCE/PLEASANTNESS	55.3184463398	0.988685651412
89440	VALENCE/PLEASANTNESS	49.9235360374	0.999997661305
8078	VALENCE/PLEASANTNESS	39.429780354	0.955308182654
62900	VALENCE/PLEASANTNESS	50.1230711862	0.999993941393
7122	VALENCE/PLEASANTNESS	48.860302038	0.999480435422
7410	VALENCE/PLEASANTNESS	41.4307039938	0.970626866383
5364729	VALENCE/PLEASANTNESS	49.0139321569	0.999611068084
61209	VALENCE/PLEASANTNESS	41.1045804964	0.968348604742
1550470	VALENCE/PLEASANTNESS	50.7012596593	0.999803293956
62902	VALENCE/PLEASANTNESS	55.5922340134	0.987490767496
807	VALENCE/PLEASANTNESS	31.5306122449	0.863552686381
1001	VALENCE/PLEASANTNESS	43.7819557615	0.984534370339
13216	VALENCE/PLEASANTNESS	45.8519018394	0.99311731266
5960	VALENCE/PLEASANTNESS	38.3304392441	0.945528540706
10448	VALENCE/PLEASANTNESS	27.4533136173	0.796658773264
177	VALENCE/PLEASANTNESS	34.9231849394	0.909075859051
1049	VALENCE/PLEASANTNESS	39.6164122545	0.956872442213
61337	VALENCE/PLEASANTNESS	45.8954340448	0.993261015328
679	VALENCE/PLEASANTNESS	35.0674668081	0.91080778099
12206	VALENCE/PLEASANTNESS	50.7326495781	0.999785289838
7151	VALENCE/PLEASANTNESS	47.0762439524	0.99658066023
6826	VALENCE/PLEASANTNESS	53.080093647	0.99620520925
88454	VALENCE/PLEASANTNESS	53.2852314593	0.995682901704
7997	VALENCE/PLEASANTNESS	41.7315651563	0.972653194094
6137	VALENCE/PLEASANTNESS	25.8942637689	0.767565392304
36822	VALENCE/PLEASANTNESS	37.5063215584	0.937563199599
61659	VALENCE/PLEASANTNESS	21.5260365629	0.675693362473
6505	VALENCE/PLEASANTNESS	43.8605922448	0.984923068966
8918	VALENCE/PLEASANTNESS	49.611243027	0.999939547206
12297	VALENCE/PLEASANTNESS	34.438870219	0.903140495976
5273467	VALENCE/PLEASANTNESS	46.0074002136	0.993623658778
22310	VALENCE/PLEASANTNESS	60.2648542929	0.957853106538
33032	VALENCE/PLEASANTNESS	40.4321498416	0.963382497338
8175	VALENCE/PLEASANTNESS	36.5968328877	0.928142044544
7765	VALENCE/PLEASANTNESS	49.9561352808	0.999999230355
106997	VALENCE/PLEASANTNESS	50.9378590844	0.999648168135
6658	VALENCE/PLEASANTNESS	41.3303337462	0.969934754819
16255	VALENCE/PLEASANTNESS	48.027072312	0.998443022535
5541	VALENCE/PLEASANTNESS	41.5224327028	0.971252341089
23642	VALENCE/PLEASANTNESS	26.7913225907	0.784542917165
5365027	VALENCE/PLEASANTNESS	45.6063259424	0.99227825131
1549778	VALENCE/PLEASANTNESS	54.3428153335	0.992455981992
12810	VALENCE/PLEASANTNESS	56.2129507417	0.984559697233
61027	VALENCE/PLEASANTNESS	44.0390604047	0.985786879656
5363388	VALENCE/PLEASANTNESS	52.657286234	0.997175531948
8163	VALENCE/PLEASANTNESS	47.2912578212	0.997065086323
12348	VALENCE/PLEASANTNESS	53.6251378139	0.994743350332
13561	VALENCE/PLEASANTNESS	47.0709990669	0.996568381414
14228	BAKERY	2.30113001858	0.0899271209982
778574	BAKERY	3.61068231799	0.139212481999
61918	BAKERY	9.57699223373	0.346392177251
7119	BAKERY	2.6602177557	0.103578006825
8892	BAKERY	2.57810707531	0.100465628576
18827	BAKERY	2.20753531738	0.0863521278242
69963	BAKERY	2.17493477118	0.0851052543438
261	BAKERY	2.86575218476	0.111345073157
8658	BAKERY	12.8593997927	0.448230326496
5366244	BAKERY	1.96258552562	0.0769627242465
6998	BAKERY	11.9056715516	0.419528856025
7820	BAKERY	2.75183807538	0.107044477898
5315892	BAKERY	3.7520651694	0.144451409562
7144	BAKERY	12.3613704018	0.433333424786
12180	BAKERY	3.33206533973	0.128841549818
8452	BAKERY	2.25574205048	0.0881943331397
6106	BAKERY	5.90845417039	0.222374234542
8093	BAKERY	2.39718270009	0.0935887140444
7761	BAKERY	3.56858159208	0.137649353852
8908	BAKERY	2.75647956639	0.107219910816
444683	BAKERY	3.50819306266	0.135404755081
8091	BAKERY	2.4808390677	0.0967717377159
89440	BAKERY	1.89783429517	0.0744726618021
8078	BAKERY	1.91726640778	0.0752202921197
62900	BAKERY	3.00405863602	0.116552598125
7122	BAKERY	2.88066892616	0.111907455661
7410	BAKERY	3.33568363901	0.128976631425
5364729	BAKERY	3.20571498114	0.124117955829
61209	BAKERY	6.79322749128	0.253269923752
1550470	BAKERY	4.40329017743	0.168376021343
62902	BAKERY	4.03552665119	0.154906875907
807	BAKERY	0.122448979592	0.00489196168264
1001	BAKERY	1.70799407637	0.067152865549
13216	BAKERY	2.13451914835	0.0835582971361
5960	BAKERY	6.11969226018	0.229807437063
10448	BAKERY	2.53093655299	0.0986752061856
177	BAKERY	3.428410599	0.132434824266
1049	BAKERY	3.40371729017	0.13151457505
61337	BAKERY	4.4146279652	0.168789542579
679	BAKERY	2.83260195275	0.110094624581
12206	BAKERY	3.09673168175	0.120033368426
7151	BAKERY	4.39256199446	0.167984639428
6826	BAKERY	2.53841729488	0.0989592668499
88454	BAKERY	2.66254857414	0.103666277002
7997	BAKERY	3.54211245725	0.136665874026
6137	BAKERY	5.65037743696	0.213244391406
36822	BAKERY	4.87077123467	0.185341084419
61659	BAKERY	2.64287774571	0.102921188717
6505	BAKERY	4.53248917391	0.173082183712
8918	BAKERY	2.31668643574	0.0905206430128
12297	BAKERY	2.84425076274	0.110534125549
5273467	BAKERY	3.43711643088	0.132759149491
22310	BAKERY	6.67042547293	0.249019188521
33032	BAKERY	6.05986582134	0.227705843344
8175	BAKERY	1.98376960762	0.0777766475624
7765	BAKERY	2.79329065153	0.108610636996
106997	BAKERY	1.83107031676	0.0719016852683
6658	BAKERY	3.12953811995	0.12126392126
16255	BAKERY	2.38472855587	0.0931143701208
5541	BAKERY	5.20757945358	0.197455624637
23642	BAKERY	4.64233783063	0.177072993012
5365027	BAKERY	2.00924921689	0.0787551357094
1549778	BAKERY	2.52881767943	0.0985947396348
12810	BAKERY	2.88319895305	0.112002823641
61027	BAKERY	2.41981934988	0.0944505637209
5363388	BAKERY	3.28620331089	0.127128479556
8163	BAKERY	2.08102143176	0.0815085971908
12348	BAKERY	3.02348140271	0.117282680191
13561	BAKERY	1.95628864894	0.0767207198464
14228	SWEET	15.0340535877	0.510953036598
778574	SWEET	19.3197989434	0.623490105249
61918	SWEET	10.3849132137	0.372257959565
7119	SWEET	17.075616083	0.566393977474
8892	SWEET	13.6934815428	0.472734687008
18827	SWEET	15.0672926046	0.51188238161
69963	SWEET	11.0446427336	0.392992056098
261	SWEET	4.83851011734	0.184175932631
8658	SWEET	33.745790649	0.894320271349
5366244	SWEET	5.35078479926	0.202579032783
6998	SWEET	31.0678253443	0.856629105122
7820	SWEET	22.3052741122	0.693200863201
5315892	SWEET	19.5905876707	0.630107056715
7144	SWEET	17.3103000466	0.572553406783
12180	SWEET	18.8837154715	0.612710734856
8452	SWEET	7.34021757427	0.272057185356
6106	SWEET	14.6641998791	0.500552491925
8093	SWEET	26.1377181317	0.772236601614
7761	SWEET	31.1410222126	0.857735582726
8908	SWEET	27.452672135	0.796647202459
444683	SWEET	7.73705634905	0.285537437583
8091	SWEET	25.4095802579	0.758124502764
89440	SWEET	9.38553763955	0.340186178869
8078	SWEET	10.0517908492	0.361656234257
62900	SWEET	16.557295378	0.552634203025
7122	SWEET	15.7780710533	0.531543831666
7410	SWEET	10.9098997453	0.388785624831
5364729	SWEET	20.3511477029	0.648378222985
61209	SWEET	11.727632265	0.414090347182
1550470	SWEET	20.2993482718	0.647148514767
62902	SWEET	35.6306922284	0.917409197666
807	SWEET	2.77551020408	0.107939025406
1001	SWEET	10.9845283002	0.391117187218
13216	SWEET	12.9100001739	0.44973276516
5960	SWEET	15.5642003423	0.525670280774
10448	SWEET	2.39313206545	0.0934344501851
177	SWEET	5.74353549095	0.216546139664
1049	SWEET	8.25180370168	0.302835242335
61337	SWEET	17.0783571068	0.566466171684
679	SWEET	8.27753504695	0.303694367297
12206	SWEET	25.9378327144	0.768404842208
7151	SWEET	16.2770142701	0.545104093386
6826	SWEET	20.6324369043	0.655018495128
88454	SWEET	24.1694199972	0.733112454687
7997	SWEET	17.153279471	0.568437180196
6137	SWEET	9.0527927716	0.329330488078
36822	SWEET	7.76631918678	0.286526481987
61659	SWEET	0.0	0.0
6505	SWEET	11.757536861	0.415005605225
8918	SWEET	15.8427184878	0.53331204788
12297	SWEET	9.33411855182	0.338514434417
5273467	SWEET	17.044591672	0.565576424773
22310	SWEET	19.7430099227	0.633805820586
33032	SWEET	15.1966613101	0.515491046415
8175	SWEET	7.23703829942	0.268531642638
7765	SWEET	17.1061852271	0.567198779875
106997	SWEET	10.4448623903	0.374156435472
6658	SWEET	12.418806891	0.435061569801
16255	SWEET	17.767581657	0.584428483106
5541	SWEET	15.2588416574	0.517220766806
23642	SWEET	4.83106609757	0.183906964047
5365027	SWEET	14.1473333988	0.485834519032
1549778	SWEET	15.5710546005	0.525859087472
12810	SWEET	22.6422998123	0.700622496177
61027	SWEET	13.3860811351	0.463768378142
5363388	SWEET	23.4899888932	0.718887724447
8163	SWEET	16.2386467181	0.544068409829
12348	SWEET	28.9546371692	0.822837081328
13561	SWEET	16.574366862	0.55309081973
14228	FRUIT	7.17445920022	0.266389222083
778574	FRUIT	7.44444193662	0.275609791166
61918	FRUIT	2.93111876761	0.113808167812
7119	FRUIT	5.44383738627	0.205899349256
8892	FRUIT	8.12298282325	0.298526172951
18827	FRUIT	8.83417461019	0.32214992799
69963	FRUIT	2.4767703935	0.0966170591071
261	FRUIT	2.8758420884	0.111725496449
8658	FRUIT	10.9957675259	0.391467939641
5366244	FRUIT	4.16785885817	0.159765935342
6998	FRUIT	10.162208211	0.365180138151
7820	FRUIT	7.47366927878	0.276604478156
5315892	FRUIT	7.28719396435	0.270246480224
7144	FRUIT	2.40939423966	0.0940536973454
12180	FRUIT	8.13767362164	0.299018252077
8452	FRUIT	0.0	0.0
6106	FRUIT	4.60783278126	0.175820462075
8093	FRUIT	14.7355881166	0.502568501808
7761	FRUIT	15.1237636462	0.513459255118
8908	FRUIT	14.4593667306	0.494745354725
444683	FRUIT	2.19897663495	0.0860248661017
8091	FRUIT	18.22078539	0.596032607508
89440	FRUIT	2.74790975025	0.106895986812
8078	FRUIT	1.38384544408	0.054587806478
62900	FRUIT	7.59089457385	0.280587110781
7122	FRUIT	5.39725098147	0.204237911996
7410	FRUIT	4.32259870319	0.165430004308
5364729	FRUIT	9.19008262194	0.333820257438
61209	FRUIT	2.73600585453	0.106445942967
1550470	FRUIT	10.7630785388	0.384185597699
62902	FRUIT	22.9586940508	0.707507109026
807	FRUIT	2.04081632653	0.0799666805497
1001	FRUIT	4.07027997198	0.156184327259
13216	FRUIT	1.71067441689	0.0672564138912
5960	FRUIT	3.65196063085	0.140743698654
10448	FRUIT	0.0	0.0
177	FRUIT	0.990096006789	0.0392117242305
1049	FRUIT	0.685129539085	0.0272174205693
61337	FRUIT	8.3551874514	0.306283835117
679	FRUIT	0.811191517961	0.0321844480469
12206	FRUIT	14.5584222027	0.497557825294
7151	FRUIT	6.10758057515	0.229382206813
6826	FRUIT	5.48354278376	0.207314014766
88454	FRUIT	17.5113271989	0.57779445585
7997	FRUIT	7.17538681815	0.26642100233
6137	FRUIT	3.12265500075	0.121005810329
36822	FRUIT	1.12669722809	0.0445601104661
61659	FRUIT	1.34776026635	0.05318382756
6505	FRUIT	1.14472110336	0.0452646895728
8918	FRUIT	6.28653596932	0.235653224975
12297	FRUIT	3.97446298905	0.152659977142
5273467	FRUIT	6.27789821822	0.235351126313
22310	FRUIT	2.70274162376	0.105187740036
33032	FRUIT	1.45239892996	0.0572521721376
8175	FRUIT	9.22885156221	0.335085382025
7765	FRUIT	9.46917355599	0.342900843106
106997	FRUIT	0.400081234222	0.0159392233713
6658	FRUIT	3.05145009461	0.118333464712
16255	FRUIT	10.9855435315	0.391148874587
5541	FRUIT	7.25371597348	0.26910208077
23642	FRUIT	1.95409524229	0.076636414405
5365027	FRUIT	8.87277812076	0.323420648198
1549778	FRUIT	10.7985294636	0.385297883112
12810	FRUIT	12.3210794028	0.432119577052
61027	FRUIT	5.59071519775	0.211126169341
5363388	FRUIT	12.8656213135	0.448415167826
8163	FRUIT	9.97282022726	0.359129951776
12348	FRUIT	14.5098239713	0.496178962181
13561	FRUIT	10.2707288485	0.368634005507
14228	FISH	1.03860536522	0.041112734167
778574	FISH	0.994095358356	0.0393685241016
61918	FISH	0.819875970665	0.0325261601837
7119	FISH	0.937261918287	0.0371390927701
8892	FISH	1.51442009276	0.0596594164234
18827	FISH	0.542783635668	0.0215934997966
69963	FISH	1.42962914533	0.0563676300158
261	FISH	3.11277933882	0.120635415468
8658	FISH	0.835284392317	0.0331322956863
5366244	FISH	1.09353445046	0.0432630509808
6998	FISH	0.869616877884	0.0344821817096
7820	FISH	1.07882048587	0.0426872779784
5315892	FISH	0.964575672232	0.0382108643983
7144	FISH	0.8410691368	0.0333598065549
12180	FISH	1.96165860184	0.0769271022856
8452	FISH	2.72767571461	0.106130942663
6106	FISH	0.66189323162	0.0263004882048
8093	FISH	0.485667737793	0.0193323602511
7761	FISH	1.25382350504	0.0495241108487
8908	FISH	0.754186779771	0.0299399521113
444683	FISH	1.40832618503	0.0555396943438
8091	FISH	0.705620372022	0.0280256548371
89440	FISH	0.513509365695	0.0204348978803
8078	FISH	2.71198090393	0.105537299988
62900	FISH	0.755135610371	0.0299773324988
7122	FISH	0.829594923451	0.0329085058432
7410	FISH	0.704994485778	0.0280009725411
5364729	FISH	0.793415238588	0.0314848064472
61209	FISH	1.05875260078	0.0419017212032
1550470	FISH	0.860673380947	0.0341306317704
62902	FISH	0.786204137822	0.0312009187344
807	FISH	3.02040816327	0.117167180342
1001	FISH	0.627502680188	0.0249426033621
13216	FISH	0.594524905346	0.0236396122686
5960	FISH	1.0812967128	0.0427841874794
10448	FISH	6.72408250166	0.250877985871
177	FISH	1.95095624731	0.076515757781
1049	FISH	2.08242653592	0.0815624613257
61337	FISH	1.09103664266	0.0431653213241
679	FISH	3.00288112689	0.116508327051
12206	FISH	1.54016396696	0.0606577166604
7151	FISH	0.860044126568	0.0341058947028
6826	FISH	0.885580056476	0.0351095014445
88454	FISH	0.782737143832	0.0310644147787
7997	FISH	1.83871819162	0.0721963738293
6137	FISH	5.89834460589	0.2220175966
36822	FISH	0.876184216155	0.0347402891339
61659	FISH	6.28545092647	0.235615279719
6505	FISH	3.05614712563	0.118509870924
8918	FISH	0.784969348197	0.0311523031769
12297	FISH	1.75881463659	0.0691152138931
5273467	FISH	1.02909000104	0.0407399895494
22310	FISH	0.64916968303	0.0257982188102
33032	FISH	1.18169920023	0.0467094028092
8175	FISH	0.764591021909	0.0303498011041
7765	FISH	1.67322661312	0.0658091896053
106997	FISH	0.254806536117	0.0101662908963
6658	FISH	0.989809972835	0.0392005094005
16255	FISH	1.03636442907	0.0410249566708
5541	FISH	1.80260935683	0.0708046140759
23642	FISH	4.7894184178	0.1824013252
5365027	FISH	0.855725505717	0.0339361137722
1549778	FISH	0.691179663463	0.0274560948076
12810	FISH	0.829026834561	0.0328861591855
61027	FISH	1.1255019983	0.0445133780328
5363388	FISH	1.98477043603	0.0778150919676
8163	FISH	0.522052906008	0.0207731005457
12348	FISH	0.732769007766	0.0290959801432
13561	FISH	0.460321549428	0.0183281036056
14228	GARLIC	2.81573189308	0.109457937286
778574	GARLIC	2.11772831459	0.0829152232977
61918	GARLIC	1.65312001992	0.0650316784768
7119	GARLIC	1.75486516441	0.0689627858783
8892	GARLIC	2.32132989098	0.090697766654
18827	GARLIC	2.52134653038	0.0983109858846
69963	GARLIC	3.53111263385	0.136257002781
261	GARLIC	4.89277790967	0.186135406117
8658	GARLIC	1.49057926674	0.0587344400495
5366244	GARLIC	2.99485412923	0.116206504667
6998	GARLIC	1.53864066507	0.0605986605643
7820	GARLIC	2.14058095182	0.0837904033484
5315892	GARLIC	2.17744172481	0.0852011680064
7144	GARLIC	1.47716382036	0.0582137476334
12180	GARLIC	2.98728959432	0.115922024125
8452	GARLIC	12.9813454202	0.45184768524
6106	GARLIC	2.26303181355	0.0884727473462
8093	GARLIC	1.52325903281	0.06000223408
7761	GARLIC	2.63527783235	0.102633237593
8908	GARLIC	1.97066158461	0.0772730605521
444683	GARLIC	2.59086028004	0.100949388405
8091	GARLIC	1.96021837332	0.0768717525042
89440	GARLIC	2.08380375498	0.0816152549635
8078	GARLIC	5.26165888445	0.199392333691
62900	GARLIC	1.85225527784	0.072717871268
7122	GARLIC	1.44074862981	0.0567996425468
7410	GARLIC	1.32209382729	0.0521845802563
5364729	GARLIC	2.54808114638	0.0993261588438
61209	GARLIC	2.92501832448	0.1135784401
1550470	GARLIC	1.96262145418	0.0769641049782
62902	GARLIC	1.88591572326	0.0740139576844
807	GARLIC	1.16326530612	0.0459893377758
1001	GARLIC	2.13792208263	0.0836885989727
13216	GARLIC	1.42746546951	0.0562835557138
5960	GARLIC	3.31954213318	0.128373941338
10448	GARLIC	12.0582695625	0.424170036563
177	GARLIC	7.69656035092	0.284167597543
1049	GARLIC	5.18578414682	0.196674422986
61337	GARLIC	2.59582980592	0.101137859284
679	GARLIC	5.11339410885	0.194077044629
12206	GARLIC	2.02360182009	0.0793060870731
7151	GARLIC	1.92437313677	0.0754936406832
6826	GARLIC	1.78477199324	0.0701167153025
88454	GARLIC	1.93549411315	0.0759213095413
7997	GARLIC	2.87647162633	0.111749229446
6137	GARLIC	8.07268669288	0.296840159539
36822	GARLIC	1.95616585509	0.0767160002624
61659	GARLIC	12.5973971741	0.44041812074
6505	GARLIC	3.51663250477	0.135718618521
8918	GARLIC	2.00310127032	0.0785190849333
12297	GARLIC	2.83586623077	0.110217794319
5273467	GARLIC	2.14867950017	0.084100450569
22310	GARLIC	1.75998617951	0.0691604266394
33032	GARLIC	2.93357247897	0.113900560163
8175	GARLIC	1.6968993037	0.0667241852492
7765	GARLIC	2.76269871547	0.107454946942
106997	GARLIC	1.19156793199	0.0470947836248
6658	GARLIC	2.98011164503	0.115652039634
16255	GARLIC	2.60698185658	0.101560732503
5541	GARLIC	2.98548582459	0.11585418274
23642	GARLIC	7.70458252903	0.284439064383
5365027	GARLIC	2.2462517032	0.0878318094422
1549778	GARLIC	1.53517725448	0.0604643824979
12810	GARLIC	2.02631886506	0.0794103673454
61027	GARLIC	2.84084398207	0.110405601471
5363388	GARLIC	2.11181948513	0.0826888667901
8163	GARLIC	1.55508372203	0.0612360347283
12348	GARLIC	1.90793035264	0.0748611348136
13561	GARLIC	1.56149302183	0.0614844166903
14228	SPICES	4.57889624121	0.174769333333
778574	SPICES	6.57726181519	0.245786323413
61918	SPICES	6.50399232416	0.243238926505
7119	SPICES	8.87234771847	0.323406487124
8892	SPICES	4.31855481691	0.165282226394
18827	SPICES	5.3243876755	0.201635865372
69963	SPICES	6.46477108806	0.241873537434
261	SPICES	6.2317519429	0.233736184805
8658	SPICES	6.57736158882	0.245789789365
5366244	SPICES	5.70407913427	0.215148557863
6998	SPICES	7.77763793726	0.286908856737
7820	SPICES	4.36873910152	0.167115211526
5315892	SPICES	6.96339761994	0.259140342232
7144	SPICES	10.7859141299	0.384902187749
12180	SPICES	4.66175801148	0.177777525356
8452	SPICES	6.37540461808	0.238757871106
6106	SPICES	5.42002278638	0.205050252653
8093	SPICES	4.03574069405	0.154914746582
7761	SPICES	3.34519643706	0.129331721802
8908	SPICES	3.21604908913	0.124504774868
444683	SPICES	6.63742308879	0.247874769448
8091	SPICES	3.49818879768	0.135032621961
89440	SPICES	8.83274670062	0.322102902314
8078	SPICES	5.45674296071	0.206359300933
62900	SPICES	7.47556119442	0.276668841708
7122	SPICES	8.25804342729	0.303043624593
7410	SPICES	4.5441168036	0.173505073134
5364729	SPICES	6.04889487186	0.227320143206
61209	SPICES	6.65571869935	0.248509311412
1550470	SPICES	5.81101365002	0.218933394145
62902	SPICES	4.61096264322	0.17593411513
807	SPICES	3.83673469388	0.147581174511
1001	SPICES	5.48771389117	0.207462554146
13216	SPICES	8.15853975322	0.299716881767
5960	SPICES	5.57241585132	0.210475906685
10448	SPICES	8.57847820356	0.313703012827
177	SPICES	7.7893008099	0.287302749553
1049	SPICES	6.81913629405	0.254165203843
61337	SPICES	6.60433590665	0.246726535159
679	SPICES	7.29724656672	0.270589939687
12206	SPICES	4.68611059923	0.17866057095
7151	SPICES	5.35708964183	0.202804221901
6826	SPICES	7.5467921764	0.279090058194
88454	SPICES	3.3597575267	0.129875112813
7997	SPICES	3.89278913168	0.149650042378
6137	SPICES	7.51138516385	0.277887043722
36822	SPICES	7.47214096053	0.276552482208
61659	SPICES	8.02928648955	0.295383682969
6505	SPICES	2.72325386875	0.105963710096
8918	SPICES	4.14037534198	0.15875793049
12297	SPICES	4.98125365344	0.189324990954
5273467	SPICES	6.52939163204	0.244122483248
22310	SPICES	7.9373775688	0.292294317684
33032	SPICES	5.22339302372	0.198022187077
8175	SPICES	3.57591404663	0.137921697358
7765	SPICES	5.53731407573	0.20922782416
106997	SPICES	7.29866616603	0.27063843552
6658	SPICES	5.94774771017	0.223759627277
16255	SPICES	5.13819339947	0.194967323415
5541	SPICES	4.22369942177	0.161812122148
23642	SPICES	9.2735844191	0.336543629573
5365027	SPICES	4.97178489412	0.188983937751
1549778	SPICES	7.0130123275	0.260847556338
12810	SPICES	6.44504788351	0.241186458452
61027	SPICES	5.22250877865	0.197990511969
5363388	SPICES	4.59920928772	0.17550728108
8163	SPICES	4.49841074344	0.171842150051
12348	SPICES	3.77110432106	0.145155681722
13561	SPICES	5.4629592704	0.20658080122
14228	COLD	4.29356504782	0.164368721585
778574	COLD	4.14403434592	0.158892165573
61918	COLD	3.9373301215	0.151292177466
7119	COLD	4.83782947894	0.184151341531
8892	COLD	4.05139523157	0.155490287934
18827	COLD	5.75790308397	0.217054744189
69963	COLD	5.4119036896	0.204760666966
261	COLD	4.11846169549	0.157953777125
8658	COLD	4.19902954194	0.16090844204
5366244	COLD	5.35168059777	0.202611029823
6998	COLD	4.27085248226	0.16353802692
7820	COLD	4.56323481333	0.174200147749
5315892	COLD	5.11050420789	0.193973267012
7144	COLD	4.01112746585	0.154009441215
12180	COLD	4.04013210634	0.155076217279
8452	COLD	7.61650638375	0.281455787553
6106	COLD	3.80424254322	0.146380797198
8093	COLD	4.97182928122	0.188985536688
7761	COLD	4.5920535386	0.175247359263
8908	COLD	4.64699428432	0.177241949021
444683	COLD	5.47247251624	0.206919718473
8091	COLD	5.63502787494	0.212699699337
89440	COLD	7.87266633352	0.290115103261
8078	COLD	7.89288340474	0.290796292813
62900	COLD	6.5971904171	0.246478448124
7122	COLD	4.15980101851	0.159470462935
7410	COLD	4.14365730592	0.158878333889
5364729	COLD	4.92679672098	0.187362538467
61209	COLD	4.64711891531	0.177246470927
1550470	COLD	4.30851025716	0.164915106032
62902	COLD	4.98971270744	0.189629615136
807	COLD	4.51020408163	0.172271386922
1001	COLD	5.53113608086	0.209008056696
13216	COLD	9.10024970726	0.330884170397
5960	COLD	2.9345483767	0.113937305398
10448	COLD	2.36209283368	0.0922519203252
177	COLD	3.99490295565	0.153412418376
1049	COLD	3.04585028255	0.118123129725
61337	COLD	5.45519036443	0.206303973812
679	COLD	3.23818130107	0.125332924788
12206	COLD	5.26514401572	0.199517064026
7151	COLD	5.94566985	0.223686398014
6826	COLD	5.73274460935	0.216164040072
88454	COLD	5.51086445291	0.208286727309
7997	COLD	4.00632020515	0.153832567572
6137	COLD	2.43447042154	0.0950081583682
36822	COLD	5.8864709765	0.221598622837
61659	COLD	1.65145593081	0.064967314556
6505	COLD	0.925827797876	0.0366902490705
8918	COLD	5.0079302558	0.190285464053
12297	COLD	5.23603356871	0.198474923735
5273467	COLD	4.02038872085	0.154350138647
22310	COLD	7.9701751952	0.293397530751
33032	COLD	3.97951266574	0.152845898207
8175	COLD	6.17235181113	0.231654901693
7765	COLD	5.22664791507	0.198138777232
106997	COLD	14.2044652251	0.487471876071
6658	COLD	4.38574558552	0.167735917684
16255	COLD	4.51631998058	0.172493940756
5541	COLD	3.67175933419	0.141477646724
23642	COLD	2.16587750025	0.0847586898715
5365027	COLD	5.44764025163	0.206034896341
1549778	COLD	5.75428291395	0.216926607817
12810	COLD	5.79809256203	0.218476551538
61027	COLD	4.00688288135	0.153853271084
5363388	COLD	4.74519454774	0.180801033391
8163	COLD	5.75226293487	0.216855105846
12348	COLD	4.43393404547	0.169493453371
13561	COLD	5.36202973795	0.202980644354
14228	SOUR	7.9269787695	0.291944353815
778574	SOUR	6.95521928023	0.258858741115
61918	SOUR	10.0234299065	0.360749537425
7119	SOUR	5.79445936492	0.218348070864
8892	SOUR	15.2212249727	0.516174723041
18827	SOUR	9.6756911381	0.349580045924
69963	SOUR	11.8360279055	0.417404493588
261	SOUR	19.3569170533	0.624400587009
8658	SOUR	4.93727243253	0.187740233672
5366244	SOUR	8.37911086197	0.307080634944
6998	SOUR	4.94709727117	0.188094382283
7820	SOUR	9.60334949562	0.347244251211
5315892	SOUR	6.19436198665	0.232426431297
7144	SOUR	5.89421692272	0.221871959656
12180	SOUR	13.4361676246	0.465234464811
8452	SOUR	8.9956896801	0.327458614076
6106	SOUR	11.5894951218	0.409853246001
8093	SOUR	8.27126164281	0.303484958047
7761	SOUR	7.99836814239	0.294345168519
8908	SOUR	6.75791272258	0.252048755157
444683	SOUR	9.37899398436	0.339973548111
8091	SOUR	7.28117520815	0.270040803361
89440	SOUR	6.56244680434	0.24527158895
8078	SOUR	8.2157301658	0.301629917769
62900	SOUR	6.51715240535	0.243696786024
7122	SOUR	5.53921351544	0.20929538607
7410	SOUR	6.63455481243	0.247775265473
5364729	SOUR	8.99943283934	0.327581397002
61209	SOUR	9.74924715938	0.351950758305
1550470	SOUR	6.34986241847	0.237866195645
62902	SOUR	8.54021107769	0.312434361007
807	SOUR	9.73469387755	0.351482049146
1001	SOUR	5.31540497194	0.201314786871
13216	SOUR	5.87693784448	0.221262154408
5960	SOUR	12.0281727732	0.423256134824
10448	SOUR	15.3558850908	0.519914120864
177	SOUR	17.1070641288	0.56722190791
1049	SOUR	6.8876767533	0.256531033709
61337	SOUR	10.8107813682	0.385682057211
679	SOUR	11.3700270432	0.403090075741
12206	SOUR	9.53033777042	0.34488257561
7151	SOUR	6.2722714102	0.235154300951
6826	SOUR	6.29823529702	0.236062304738
88454	SOUR	7.33837968594	0.271994460872
7997	SOUR	11.0319230529	0.392595591617
6137	SOUR	16.2171535981	0.543487715595
36822	SOUR	7.13546304747	0.265052588738
61659	SOUR	10.7859167933	0.384902271302
6505	SOUR	18.7215983759	0.608664636737
8918	SOUR	6.98806840635	0.259989496233
12297	SOUR	10.0268321918	0.360858342153
5273467	SOUR	7.66338171067	0.28304430073
22310	SOUR	5.4597133113	0.206465144675
33032	SOUR	12.9435097789	0.450726612997
8175	SOUR	9.82885569526	0.354511666099
7765	SOUR	7.79237756135	0.28740664323
106997	SOUR	4.37763531309	0.16743993615
6658	SOUR	10.9674910075	0.3905852967
16255	SOUR	7.97287423804	0.293488280075
5541	SOUR	14.6724603595	0.50078597718
23642	SOUR	10.8489630982	0.386878523804
5365027	SOUR	6.54775955471	0.244761120114
1549778	SOUR	7.72886137716	0.285260335812
12810	SOUR	6.80779429856	0.253773346658
61027	SOUR	9.03177289973	0.328641747304
5363388	SOUR	8.29846174752	0.304392682951
8163	SOUR	5.77786080723	0.217760962086
12348	SOUR	8.27778647493	0.303702759428
13561	SOUR	6.52552103025	0.243987871324
14228	BURNT	5.04984998911	0.191793605599
778574	BURNT	3.07350133537	0.119161489231
61918	BURNT	12.4081118462	0.434739978012
7119	BURNT	5.65586674077	0.213439138195
8892	BURNT	4.32304878725	0.165446451163
18827	BURNT	4.42432876936	0.169143276751
69963	BURNT	4.38123194963	0.167571200627
261	BURNT	3.99634264773	0.153465404086
8658	BURNT	2.99338715825	0.116151339658
5366244	BURNT	6.89582235473	0.25681194781
6998	BURNT	2.61924643707	0.102025676723
7820	BURNT	2.99405425362	0.116176425795
5315892	BURNT	4.44254833234	0.16980743902
7144	BURNT	7.72922038348	0.285272476245
12180	BURNT	3.0978573361	0.120075605414
8452	BURNT	5.19295928616	0.196931640987
6106	BURNT	4.59644015926	0.175406701516
8093	BURNT	3.71935035348	0.143240587319
7761	BURNT	1.6313603866	0.0641898807795
8908	BURNT	3.86114271083	0.14848233922
444683	BURNT	4.52033530846	0.172640039818
8091	BURNT	2.93788519236	0.114062939933
89440	BURNT	6.44146595823	0.241061644853
8078	BURNT	5.05277543228	0.191898801464
62900	BURNT	3.11811056579	0.120835377231
7122	BURNT	7.96811135347	0.293328134722
7410	BURNT	9.76139815998	0.352341968784
5364729	BURNT	3.42537629066	0.132321770533
61209	BURNT	5.98963573127	0.225235134773
1550470	BURNT	3.646679716	0.140547879459
62902	BURNT	3.81648580569	0.146833206666
807	BURNT	5.44897959184	0.206082632237
1001	BURNT	4.96940914649	0.188898354953
13216	BURNT	5.57551809571	0.210586163014
5960	BURNT	5.09413984419	0.193385489467
10448	BURNT	7.07216892797	0.262880527781
177	BURNT	4.59259869667	0.175267162751
1049	BURNT	5.97175797296	0.224605561603
61337	BURNT	4.11960757956	0.157995836539
679	BURNT	5.20268892698	0.197280368251
12206	BURNT	2.97915013991	0.115615871374
7151	BURNT	5.16990295343	0.196104959518
6826	BURNT	3.58708185377	0.13833641166
88454	BURNT	3.54563679378	0.136796855642
7997	BURNT	3.58296996449	0.138183729073
6137	BURNT	12.5668497433	0.439503704742
36822	BURNT	7.48648081295	0.277040274533
61659	BURNT	16.5269284577	0.55182139261
6505	BURNT	7.2197450075	0.267939913111
8918	BURNT	3.73454857732	0.143803201862
12297	BURNT	5.05494939331	0.191976970385
5273467	BURNT	4.25520279204	0.162965411361
22310	BURNT	4.86631135783	0.185180059821
33032	BURNT	4.57583957015	0.174658259697
8175	BURNT	4.15189245649	0.159180413871
7765	BURNT	4.68380843554	0.178577112837
106997	BURNT	4.46512062932	0.170629904279
6658	BURNT	4.07546529132	0.156374844717
16255	BURNT	4.05285705039	0.155544021907
5541	BURNT	4.14722340215	0.159009151307
23642	BURNT	15.3110126647	0.518669663061
5365027	BURNT	4.42198337415	0.169057760182
1549778	BURNT	2.64278225166	0.102917570854
12810	BURNT	3.06180186919	0.118722222493
61027	BURNT	4.95354883921	0.188326895128
5363388	BURNT	3.62109194689	0.13959875512
8163	BURNT	4.32780410702	0.165620208925
12348	BURNT	3.15846725518	0.122348324046
13561	BURNT	4.01972596819	0.154325759984
14228	ACID	5.74439060003	0.216576414655
778574	ACID	3.90902505324	0.150248811383
61918	ACID	6.35422062302	0.238018377031
7119	ACID	6.9024776292	0.2570414262
8892	ACID	6.17378235392	0.231705058736
18827	ACID	7.39717933137	0.273999868431
69963	ACID	5.98956438086	0.225232622645
261	ACID	6.45560346607	0.241554212198
8658	ACID	4.01974423611	0.154326431955
5366244	ACID	7.3639011776	0.272865230883
6998	ACID	3.78872773014	0.14580732608
7820	ACID	5.21047579794	0.197559408701
5315892	ACID	5.00378278546	0.190136174553
7144	ACID	7.86404418168	0.289824490911
12180	ACID	6.72813918856	0.251018424766
8452	ACID	12.6456050386	0.441859670826
6106	ACID	6.37184185592	0.238633526782
8093	ACID	7.93301967152	0.292147666417
7761	ACID	4.95684483883	0.188445669251
8908	ACID	5.41763757517	0.204965184248
444683	ACID	9.51009806935	0.344227136658
8091	ACID	4.85593934369	0.184805514984
89440	ACID	8.71131363411	0.318097751272
8078	ACID	8.4936464492	0.310889045966
62900	ACID	6.52596565436	0.244003335086
7122	ACID	7.34509462244	0.272223618893
7410	ACID	8.67934299053	0.317041321722
5364729	ACID	4.6951194476	0.178987119253
61209	ACID	7.17810553998	0.266514141942
1550470	ACID	1.97815760417	0.0775610611639
62902	ACID	6.8435532753	0.255008442439
807	ACID	16.5714285714	0.553012244897
1001	ACID	8.06105405899	0.296449925343
13216	ACID	8.84602420672	0.322540110563
5960	ACID	4.88340290527	0.185797066637
10448	ACID	6.42510050838	0.240491253718
177	ACID	6.69112348704	0.249736486074
1049	ACID	6.38666490222	0.23915080066
61337	ACID	7.35128444283	0.272434824529
679	ACID	7.58250887862	0.280302578787
12206	ACID	6.98938113256	0.260034665856
7151	ACID	5.22593693249	0.198113310571
6826	ACID	5.31781711952	0.201401013214
88454	ACID	4.60672451049	0.175780216133
7997	ACID	7.08935975556	0.263470781525
6137	ACID	4.26298625433	0.163250229451
36822	ACID	7.91541657944	0.291555135327
61659	ACID	6.83924022307	0.254859526191
6505	ACID	4.72770221061	0.180167621148
8918	ACID	4.19270154647	0.160676563356
12297	ACID	8.9101240476	0.324648837687
5273467	ACID	4.24942218942	0.162753851999
22310	ACID	6.73359561331	0.251207300579
33032	ACID	4.44594972165	0.169931401295
8175	ACID	7.53707722711	0.278760075833
7765	ACID	8.27598823732	0.303642736971
106997	ACID	10.8470131152	0.386817447198
6658	ACID	5.39110496395	0.204018593465
16255	ACID	4.9517026196	0.188260361251
5541	ACID	4.89239225165	0.186121489288
23642	ACID	7.50481018992	0.277663537202
5365027	ACID	6.25826174418	0.234664133744
1549778	ACID	5.59390969184	0.211239657417
12810	ACID	4.76020980208	0.181344553139
61027	ACID	4.91715840118	0.18701495735
5363388	ACID	4.09532497429	0.157104324313
8163	ACID	7.51289213341	0.277938266053
12348	ACID	6.04916532128	0.227329652417
13561	ACID	7.70527806965	0.284462598734
14228	WARM	4.84405547257	0.184376269534
778574	WARM	6.07701886211	0.228308691184
61918	WARM	6.91881231721	0.257604507136
7119	WARM	6.08105747174	0.22845059488
8892	WARM	5.41887364447	0.205009269149
18827	WARM	4.62886368897	0.176583995938
69963	WARM	4.62974949809	0.176616147758
261	WARM	5.71107826031	0.215396564454
8658	WARM	8.54909821655	0.312729096535
5366244	WARM	6.53947860826	0.244473232143
6998	WARM	8.1746710597	0.300256743614
7820	WARM	4.9383839233	0.187780302622
5315892	WARM	5.75932639682	0.217105119655
7144	WARM	9.18556353796	0.333672710515
12180	WARM	4.83318824549	0.183983646373
8452	WARM	5.23641959164	0.19848874761
6106	WARM	6.79811178823	0.253438741975
8093	WARM	4.40763200625	0.168534392289
7761	WARM	5.86220787116	0.220742122396
8908	WARM	3.50890422538	0.13543120547
444683	WARM	3.66721947916	0.141309379683
8091	WARM	4.68387580381	0.178579555134
89440	WARM	7.26721743666	0.269563717758
8078	WARM	4.75652401661	0.181211152376
62900	WARM	6.37116228091	0.238609807712
7122	WARM	6.53423864873	0.244291036062
7410	WARM	6.02765946445	0.22657330713
5364729	WARM	5.31173974388	0.201183758113
61209	WARM	6.32984980343	0.237167192724
1550470	WARM	5.56070002123	0.210059446959
62902	WARM	5.45776162683	0.206395600283
807	WARM	5.55102040816	0.209715285298
1001	WARM	5.14921244478	0.195362742271
13216	WARM	5.93718123224	0.223387200896
5960	WARM	6.95084529633	0.25870811172
10448	WARM	6.26079574047	0.234752804297
177	WARM	6.06823248194	0.227999921096
1049	WARM	3.55985120211	0.137325031852
61337	WARM	7.10537746661	0.264020543087
679	WARM	6.84479219799	0.255051215826
12206	WARM	4.88861057654	0.185985017714
7151	WARM	7.06491379028	0.262631348866
6826	WARM	6.55053882421	0.244857729413
88454	WARM	4.18000132883	0.16021108871
7997	WARM	3.8240399666	0.147112285997
6137	WARM	7.51899317367	0.278145623609
36822	WARM	5.877643245	0.221287053754
61659	WARM	7.84047446871	0.289029762791
6505	WARM	12.7906757182	0.446186474597
8918	WARM	3.64587186105	0.140517921791
12297	WARM	3.95109213084	0.151799233623
5273467	WARM	6.16714279122	0.231472251566
22310	WARM	7.45057865045	0.275818697127
33032	WARM	6.36623581024	0.238437849053
8175	WARM	4.63637429239	0.176856585064
7765	WARM	4.56867640016	0.174397934387
106997	WARM	7.90782387104	0.291299483492
6658	WARM	5.21576288406	0.197748842377
16255	WARM	5.04229525083	0.191521913475
5541	WARM	6.04269699079	0.227102204862
23642	WARM	7.75981487899	0.286306704377
5365027	WARM	4.40351250384	0.168384131205
1549778	WARM	5.07167670973	0.19257830653
12810	WARM	5.93074679887	0.223160368918
61027	WARM	5.55170680654	0.209739692875
5363388	WARM	4.77549598791	0.181897694744
8163	WARM	4.4876365334	0.171449908674
12348	WARM	3.66891578489	0.141372254181
13561	WARM	4.52494513213	0.172807753906
14228	MUSKY	7.82712838172	0.288579559787
778574	MUSKY	8.11390273598	0.298221942395
61918	MUSKY	10.7003102631	0.382213754632
7119	MUSKY	6.69801744298	0.249975322653
8892	MUSKY	12.8522114386	0.448016721999
18827	MUSKY	7.29580918756	0.270540834822
69963	MUSKY	10.6774106599	0.381493587036
261	MUSKY	12.888218321	0.449086264244
8658	MUSKY	6.04479777726	0.227176079023
5366244	MUSKY	9.4769448041	0.343152799036
6998	MUSKY	4.36168990188	0.166857860555
7820	MUSKY	6.10600798175	0.229326985881
5315892	MUSKY	6.62681572156	0.247506754219
7144	MUSKY	6.27468754366	0.235238820238
12180	MUSKY	9.09285752068	0.330642277671
8452	MUSKY	7.42642810251	0.274996390356
6106	MUSKY	15.080415208	0.512249039182
8093	MUSKY	5.63162966567	0.21257908555
7761	MUSKY	4.78325177224	0.182178271883
8908	MUSKY	4.99711742086	0.189896223827
444683	MUSKY	8.63170086585	0.315465530699
8091	MUSKY	4.9874158803	0.189546908347
89440	MUSKY	7.5720827843	0.279948736295
8078	MUSKY	5.85161561673	0.220368062539
62900	MUSKY	5.63524292673	0.212707331932
7122	MUSKY	6.57410199878	0.245676553115
7410	MUSKY	8.17582551703	0.300295371527
5364729	MUSKY	5.19395386233	0.196967291804
61209	MUSKY	7.02273286959	0.261181804001
1550470	MUSKY	5.17139978215	0.196158641003
62902	MUSKY	4.12746989845	0.158284392833
807	MUSKY	8.83673469388	0.322234235735
1001	MUSKY	7.34380915751	0.272179753124
13216	MUSKY	5.99174714633	0.225309472307
5960	MUSKY	10.5683222024	0.378057114428
10448	MUSKY	14.4289069446	0.493878935538
177	MUSKY	13.2921065395	0.461012223076
1049	MUSKY	9.19152702452	0.333867413364
61337	MUSKY	9.59582913971	0.347001190837
679	MUSKY	8.41884676126	0.308403078135
12206	MUSKY	4.63144369841	0.176677639644
7151	MUSKY	5.21415692781	0.197691304125
6826	MUSKY	5.38796230755	0.203906437171
88454	MUSKY	5.07021774571	0.192525866633
7997	MUSKY	8.16007881163	0.29976839798
6137	MUSKY	13.1513493095	0.456870776914
36822	MUSKY	9.38878146666	0.340291571695
61659	MUSKY	14.5004966839	0.495914105725
6505	MUSKY	14.2114976803	0.487673240687
8918	MUSKY	7.74305038072	0.285740083549
12297	MUSKY	11.21745272	0.398365610589
5273467	MUSKY	8.23931425934	0.302418050588
22310	MUSKY	4.28768082598	0.164153550293
33032	MUSKY	10.732389628	0.383221910271
8175	MUSKY	9.99608598979	0.359874745545
7765	MUSKY	5.08001257458	0.19287789188
106997	MUSKY	6.11309378548	0.229575785167
6658	MUSKY	7.47834379088	0.276763501293
16255	MUSKY	7.73391099649	0.285431088139
5541	MUSKY	9.59780168343	0.347064948475
23642	MUSKY	13.1881644222	0.457955504556
5365027	MUSKY	6.4433714258	0.2411280429
1549778	MUSKY	5.40952054362	0.20467565674
12810	MUSKY	5.95794462555	0.224118943358
61027	MUSKY	8.55432890863	0.312902539114
5363388	MUSKY	5.09993064593	0.1935935088
8163	MUSKY	5.62479432589	0.212336448552
12348	MUSKY	4.44457577073	0.169881329316
13561	MUSKY	5.79297663688	0.218295634149
14228	SWEATY	3.9102290517	0.150293205573
778574	SWEATY	4.81854202954	0.183454342266
61918	SWEATY	3.2679417906	0.126445894205
7119	SWEATY	2.17748923787	0.0852029857622
8892	SWEATY	8.57426243191	0.313563306776
18827	SWEATY	3.31807730459	0.128319237384
69963	SWEATY	6.62567344621	0.247467118402
261	SWEATY	9.51040850622	0.344237192267
8658	SWEATY	2.45136228853	0.0956508207134
5366244	SWEATY	4.92983459406	0.187472076113
6998	SWEATY	2.4256657469	0.0946730881495
7820	SWEATY	4.38542011974	0.167724040939
5315892	SWEATY	2.79611549804	0.10871731517
7144	SWEATY	2.85584094006	0.110971306612
12180	SWEATY	6.93576698856	0.258188734054
8452	SWEATY	4.65800228708	0.177641297361
6106	SWEATY	10.5190268896	0.376501104902
8093	SWEATY	3.25365330707	0.125911628346
7761	SWEATY	3.16731725632	0.122679930812
8908	SWEATY	2.91514606053	0.113206611799
444683	SWEATY	5.04106166109	0.191477545375
8091	SWEATY	2.85475810149	0.110930466532
89440	SWEATY	2.51210756798	0.0979600289458
8078	SWEATY	4.42744667222	0.169256953275
62900	SWEATY	2.03212617541	0.0796332322993
7122	SWEATY	1.82119385389	0.0715210553342
7410	SWEATY	2.8001800474	0.108870798577
5364729	SWEATY	3.16008312332	0.122408874794
61209	SWEATY	3.03905696463	0.117867931691
1550470	SWEATY	3.14667438743	0.121906351617
62902	SWEATY	3.38752293823	0.130910792866
807	SWEATY	2.24489795918	0.0877800916283
1001	SWEATY	3.12570714166	0.121120267612
13216	SWEATY	2.72555931937	0.106050903333
5960	SWEATY	2.63209004364	0.102512442547
10448	SWEATY	8.91528047381	0.324818328582
177	SWEATY	8.14444222072	0.299244913194
1049	SWEATY	4.68164196897	0.178498570148
61337	SWEATY	3.51228301049	0.135556867641
679	SWEATY	4.37251766125	0.167253142171
12206	SWEATY	3.3655057347	0.130089577848
7151	SWEATY	0.616263714605	0.0244986361978
6826	SWEATY	0.0	0.0
88454	SWEATY	2.92033838973	0.113402185065
7997	SWEATY	5.56829155717	0.21032931394
6137	SWEATY	7.41122475054	0.2744784891
36822	SWEATY	3.56712686951	0.137595317139
61659	SWEATY	6.78391447602	0.252947980794
6505	SWEATY	6.30429737828	0.236274228958
8918	SWEATY	3.25615328132	0.126005117576
12297	SWEATY	6.4319894944	0.240731384233
5273467	SWEATY	5.59483449974	0.211272510758
22310	SWEATY	1.4829268093	0.0584374436035
33032	SWEATY	6.32419729414	0.236969703199
8175	SWEATY	6.02226574544	0.226383555934
7765	SWEATY	2.31604611277	0.0904962166721
106997	SWEATY	1.4619395752	0.0576226760793
6658	SWEATY	4.51218029267	0.172343303309
16255	SWEATY	4.24183701422	0.162476208067
5541	SWEATY	4.28502748262	0.164056515094
23642	SWEATY	4.78155579022	0.182116921299
5365027	SWEATY	3.02822718352	0.117461023391
1549778	SWEATY	2.4086974998	0.0940271705338
12810	SWEATY	2.49101138267	0.0971584002233
61027	SWEATY	4.53735115056	0.173259023837
5363388	SWEATY	2.96328653882	0.115019034708
8163	SWEATY	3.59880611843	0.138771682546
12348	SWEATY	2.7258844228	0.106063198558
13561	SWEATY	4.10400911973	0.157423208447
14228	AMMONIA/URINOUS	4.00747142476	0.153874926102
778574	AMMONIA/URINOUS	3.55549918366	0.137163337568
61918	AMMONIA/URINOUS	4.8096686609	0.183133581385
7119	AMMONIA/URINOUS	5.06458464321	0.192323378685
8892	AMMONIA/URINOUS	4.14799690218	0.159037524767
18827	AMMONIA/URINOUS	6.31128410081	0.236518441232
69963	AMMONIA/URINOUS	6.50604428188	0.243310326396
261	AMMONIA/URINOUS	6.46729984318	0.241961606822
8658	AMMONIA/URINOUS	2.80923107514	0.109212531312
5366244	AMMONIA/URINOUS	7.23926345744	0.268607764135
6998	AMMONIA/URINOUS	3.25363862446	0.125911079259
7820	AMMONIA/URINOUS	3.87973401168	0.149168426067
5315892	AMMONIA/URINOUS	4.63382034696	0.176763897475
7144	AMMONIA/URINOUS	6.17397798135	0.231711917608
12180	AMMONIA/URINOUS	4.86357268472	0.185081171685
8452	AMMONIA/URINOUS	9.74835893511	0.351922156633
6106	AMMONIA/URINOUS	6.14103369021	0.230556429695
8093	AMMONIA/URINOUS	5.62126811028	0.212211262344
7761	AMMONIA/URINOUS	3.27411799494	0.12667678034
8908	AMMONIA/URINOUS	3.88129591921	0.149226053564
444683	AMMONIA/URINOUS	7.0546584976	0.262279057297
8091	AMMONIA/URINOUS	3.6640986981	0.141193700216
89440	AMMONIA/URINOUS	6.92173299114	0.257705164605
8078	AMMONIA/URINOUS	10.6009992025	0.379087494463
62900	AMMONIA/URINOUS	4.45976282088	0.170434719068
7122	AMMONIA/URINOUS	4.83880505875	0.184186588591
7410	AMMONIA/URINOUS	6.47537931766	0.242242957783
5364729	AMMONIA/URINOUS	3.28734053243	0.127170978187
61209	AMMONIA/URINOUS	6.99879517952	0.260358553595
1550470	AMMONIA/URINOUS	1.12605803336	0.0445351186567
62902	AMMONIA/URINOUS	4.52644214375	0.172862214358
807	AMMONIA/URINOUS	13.1836734694	0.457823240317
1001	AMMONIA/URINOUS	8.95588666043	0.326152304067
13216	AMMONIA/URINOUS	6.85902355546	0.255542460565
5960	AMMONIA/URINOUS	4.71474858894	0.179698401855
10448	AMMONIA/URINOUS	7.19947070677	0.267245876888
177	AMMONIA/URINOUS	6.02448464803	0.226461619812
1049	AMMONIA/URINOUS	5.14645562987	0.195263822975
61337	AMMONIA/URINOUS	4.11406674257	0.157792451638
679	AMMONIA/URINOUS	6.80970312355	0.25383930229
12206	AMMONIA/URINOUS	4.20664525049	0.161187464314
7151	AMMONIA/URINOUS	4.3164280419	0.165204501259
6826	AMMONIA/URINOUS	4.22368901301	0.161811740969
88454	AMMONIA/URINOUS	3.62881671326	0.139885344235
7997	AMMONIA/URINOUS	5.04851598914	0.191745634089
6137	AMMONIA/URINOUS	5.5544182642	0.209836105667
36822	AMMONIA/URINOUS	6.44888521142	0.241320160269
61659	AMMONIA/URINOUS	7.6793395852	0.283584680822
6505	AMMONIA/URINOUS	1.23959002364	0.0489689675749
8918	AMMONIA/URINOUS	4.70382559101	0.179302633564
12297	AMMONIA/URINOUS	7.83976448603	0.289005816563
5273467	AMMONIA/URINOUS	3.76316729137	0.14486212043
22310	AMMONIA/URINOUS	5.61099048207	0.211846333607
33032	AMMONIA/URINOUS	1.58536751901	0.0624093446924
8175	AMMONIA/URINOUS	7.15226953753	0.265628797686
7765	AMMONIA/URINOUS	4.70779979866	0.179446640369
106997	AMMONIA/URINOUS	8.54744938996	0.312674419169
6658	AMMONIA/URINOUS	3.75411132681	0.144527112331
16255	AMMONIA/URINOUS	3.14753909775	0.121938762961
5541	AMMONIA/URINOUS	3.60838879911	0.139127364074
23642	AMMONIA/URINOUS	7.54722098557	0.279104621581
5365027	AMMONIA/URINOUS	6.33631068121	0.237392894029
1549778	AMMONIA/URINOUS	4.82714409051	0.183765235592
12810	AMMONIA/URINOUS	4.11936347729	0.157986876908
61027	AMMONIA/URINOUS	3.93302032197	0.151133353337
5363388	AMMONIA/URINOUS	2.93697848384	0.114028802308
8163	AMMONIA/URINOUS	6.42679901068	0.240550462218
12348	AMMONIA/URINOUS	3.92242301517	0.150742759683
13561	AMMONIA/URINOUS	5.88406811557	0.221513821587
14228	DECAYED	4.3821518987	0.167604773843
778574	DECAYED	2.99621826447	0.116257801023
61918	DECAYED	7.05403872773	0.26225776416
7119	DECAYED	2.56844790012	0.100099146159
8892	DECAYED	7.37621235296	0.273285090648
18827	DECAYED	3.82513642451	0.147152789514
69963	DECAYED	6.85260738207	0.25532100411
261	DECAYED	5.05107461509	0.191837642697
8658	DECAYED	4.37327526492	0.16728079598
5366244	DECAYED	6.02133927452	0.226350960317
6998	DECAYED	3.46965662625	0.133970858208
7820	DECAYED	5.3836880072	0.203753881664
5315892	DECAYED	3.00674170298	0.116653469852
7144	DECAYED	4.24379415796	0.162547850776
12180	DECAYED	10.4047619316	0.372886848924
8452	DECAYED	7.0085975497	0.260695726143
6106	DECAYED	7.17667034683	0.266464974966
8093	DECAYED	4.45974801825	0.170434179775
7761	DECAYED	2.81685050107	0.109500161345
8908	DECAYED	3.56764208922	0.137614455538
444683	DECAYED	4.41189801255	0.168689982873
8091	DECAYED	3.78723710352	0.145752218189
89440	DECAYED	2.2689061516	0.0886970720142
8078	DECAYED	5.09702685349	0.193489201042
62900	DECAYED	2.96956109826	0.115255126684
7122	DECAYED	2.59378183676	0.101060191784
7410	DECAYED	4.71205583394	0.179600845285
5364729	DECAYED	3.7328812089	0.143741487508
61209	DECAYED	3.75505791439	0.144562132599
1550470	DECAYED	3.04645267405	0.118145757404
62902	DECAYED	3.76903883765	0.145079292002
807	DECAYED	3.26530612245	0.126347355269
1001	DECAYED	3.14359092861	0.121790771574
13216	DECAYED	4.13651916589	0.158616450312
5960	DECAYED	6.7038991725	0.250179061254
10448	DECAYED	14.9070941831	0.50739518453
177	DECAYED	3.71946960711	0.143245002621
1049	DECAYED	3.26497913333	0.126335129837
61337	DECAYED	4.4516325917	0.170138490575
679	DECAYED	7.68295865376	0.28370720468
12206	DECAYED	4.85166028301	0.18465096832
7151	DECAYED	2.10364184531	0.082375550207
6826	DECAYED	3.30350843585	0.12777507024
88454	DECAYED	3.84090843208	0.14773530625
7997	DECAYED	8.66816175407	0.316671658885
6137	DECAYED	11.8152454507	0.416769808003
36822	DECAYED	4.91667686177	0.186997589925
61659	DECAYED	7.80599874308	0.287866503172
6505	DECAYED	3.96908658531	0.152462004084
8918	DECAYED	3.50262085801	0.13519749317
12297	DECAYED	6.6904459128	0.249713009907
5273467	DECAYED	3.28853479383	0.127215607317
22310	DECAYED	2.09179652297	0.0819216158415
33032	DECAYED	5.31529522646	0.201310863721
8175	DECAYED	3.62474127696	0.139734151348
7765	DECAYED	3.3651436038	0.130076067562
106997	DECAYED	3.69643398511	0.142391909722
6658	DECAYED	4.31091001154	0.16500282241
16255	DECAYED	3.03007285004	0.117530377411
5541	DECAYED	4.88400961352	0.185818964579
23642	DECAYED	9.74163925691	0.351705756112
5365027	DECAYED	4.11025642457	0.157652573832
1549778	DECAYED	2.29588762932	0.0897270651702
12810	DECAYED	2.67307807222	0.104064984337
61027	DECAYED	4.25658844392	0.163016119684
5363388	DECAYED	3.92365640546	0.150788224383
8163	DECAYED	3.44432028155	0.133027474381
12348	DECAYED	3.85884885616	0.148397668448
13561	DECAYED	3.37260153079	0.130354284797
14228	WOOD	4.00836485323	0.153907798611
778574	WOOD	3.63148686823	0.13998439598
61918	WOOD	10.7819142827	0.384776701068
7119	WOOD	3.69177957638	0.142219488479
8892	WOOD	2.42280679209	0.0945642745828
18827	WOOD	2.88949618958	0.112240172291
69963	WOOD	2.74410996035	0.106752342624
261	WOOD	2.43711008438	0.0951086011498
8658	WOOD	2.91826708032	0.113324170112
5366244	WOOD	5.36795512881	0.203192228246
6998	WOOD	2.54980208855	0.0993914872655
7820	WOOD	2.70351635673	0.105217053993
5315892	WOOD	3.04162957874	0.117964578952
7144	WOOD	4.1235256254	0.158139639583
12180	WOOD	1.8484124267	0.0725698456682
8452	WOOD	2.95759539762	0.114804867691
6106	WOOD	5.24389881764	0.198756562782
8093	WOOD	2.64520618863	0.103009401233
7761	WOOD	1.96576137218	0.0770847677783
8908	WOOD	1.91628682156	0.0751826107895
444683	WOOD	2.59109321572	0.100958223008
8091	WOOD	2.67896941743	0.104288025841
89440	WOOD	6.47372859718	0.242185479107
8078	WOOD	2.60495007105	0.101483696893
62900	WOOD	3.26758120326	0.126432413362
7122	WOOD	3.8193416907	0.146938719248
7410	WOOD	3.03623538167	0.11776192515
5364729	WOOD	2.51012440782	0.0978846864956
61209	WOOD	3.21409474892	0.124431627935
1550470	WOOD	3.47898360677	0.134318013496
62902	WOOD	1.76255810996	0.0692596799619
807	WOOD	2.48979591837	0.0971122032487
1001	WOOD	2.84401645629	0.11052528641
13216	WOOD	3.32767056873	0.128677466184
5960	WOOD	5.2545340082	0.199137309271
10448	WOOD	2.74677789399	0.10685320024
177	WOOD	2.86022431645	0.111136619402
1049	WOOD	3.11798551042	0.12083068696
61337	WOOD	2.43504034401	0.0950298451696
679	WOOD	2.79304438031	0.108601336448
12206	WOOD	1.79500996668	0.0705115743549
7151	WOOD	3.34085978831	0.129169853882
6826	WOOD	3.05986213836	0.118649383012
88454	WOOD	2.33027375398	0.0910388798517
7997	WOOD	1.01126158305	0.0400414033262
6137	WOOD	5.03147479648	0.191132696408
36822	WOOD	5.37521716723	0.203451502851
61659	WOOD	3.73938997133	0.14398238391
6505	WOOD	4.92172282972	0.187179570944
8918	WOOD	3.07079605664	0.119059926897
12297	WOOD	2.72291332161	0.105950830082
5273467	WOOD	3.9193028898	0.150627741535
22310	WOOD	3.73159150417	0.143693750105
33032	WOOD	5.19875630447	0.197139425334
8175	WOOD	3.44393011162	0.133012942619
7765	WOOD	2.61054185091	0.101695702534
106997	WOOD	4.0076124295	0.153880114226
6658	WOOD	2.54768656604	0.0993111799061
16255	WOOD	4.04052505176	0.155090664993
5541	WOOD	2.50996697167	0.0978787051872
23642	WOOD	3.13708163676	0.121546752992
5365027	WOOD	3.49280933172	0.134832486458
1549778	WOOD	4.11187826293	0.157712113378
12810	WOOD	3.18620241257	0.123387342177
61027	WOOD	5.25011535099	0.19897912956
5363388	WOOD	2.49587113545	0.097343096328
8163	WOOD	3.30651148573	0.127887252147
12348	WOOD	1.54506237328	0.0608476078362
13561	WOOD	3.24756460225	0.125683913752
14228	GRASS	2.38188211477	0.0930059396273
778574	GRASS	3.9029818235	0.150025966094
61918	GRASS	5.17890341809	0.196427720478
7119	GRASS	2.49074002361	0.0971480865984
8892	GRASS	2.09362490583	0.0819916901349
18827	GRASS	3.44262636466	0.132964384072
69963	GRASS	4.96463671905	0.188726421661
261	GRASS	2.53036890428	0.0986536494545
8658	GRASS	2.74048814538	0.106615415705
5366244	GRASS	4.54450766231	0.173519286535
6998	GRASS	2.62786530905	0.102352341929
7820	GRASS	3.15381432209	0.122173954972
5315892	GRASS	3.98895332364	0.153193433498
7144	GRASS	2.62361910862	0.102191413454
12180	GRASS	1.78915155976	0.0702856370689
8452	GRASS	1.36576584023	0.0538845070771
6106	GRASS	1.65572976556	0.0651326141998
8093	GRASS	1.11055344808	0.0439288063389
7761	GRASS	2.60727787568	0.101571955859
8908	GRASS	3.62355825976	0.139690260606
444683	GRASS	2.02114737667	0.0792118803795
8091	GRASS	3.59518575799	0.138637286066
89440	GRASS	4.13963968881	0.158730940851
8078	GRASS	1.90986636379	0.0749356187406
62900	GRASS	3.63032484199	0.139941290296
7122	GRASS	1.57715384598	0.0620911881375
7410	GRASS	2.79764102243	0.108774922781
5364729	GRASS	6.2051342573	0.232803893832
61209	GRASS	1.00971220378	0.0399806806575
1550470	GRASS	8.30767376629	0.304699973289
62902	GRASS	4.46581102588	0.170655053788
807	GRASS	0.408163265306	0.0162598917118
1001	GRASS	4.02557443767	0.154540877686
13216	GRASS	4.21012828855	0.16131505946
5960	GRASS	0.723070272363	0.028713678647
10448	GRASS	2.94246141829	0.114235225052
177	GRASS	1.89277371727	0.074277911753
1049	GRASS	2.04059994294	0.0799583784668
61337	GRASS	3.88962184817	0.149533210678
679	GRASS	1.93744796602	0.0759964367926
12206	GRASS	1.99560108569	0.0782310739501
7151	GRASS	3.39313561979	0.131120077058
6826	GRASS	3.18710903485	0.123421295794
88454	GRASS	4.46461120222	0.170611346814
7997	GRASS	2.4386706082	0.095167978594
6137	GRASS	0.94702784279	0.0375223690176
36822	GRASS	4.35481014431	0.166606657215
61659	GRASS	5.08577712958	0.193085033578
6505	GRASS	1.06448782947	0.042126259443
8918	GRASS	4.00345152366	0.153727011306
12297	GRASS	2.77730297171	0.10800675415
5273467	GRASS	4.19521222684	0.160768566822
22310	GRASS	5.38945208592	0.203959605922
33032	GRASS	3.30102629356	0.127682341906
8175	GRASS	3.23408541118	0.125179693068
7765	GRASS	3.8830606121	0.149291160597
106997	GRASS	5.28620174069	0.20027049809
6658	GRASS	1.93727426332	0.0759897579043
16255	GRASS	3.64872002812	0.140623537987
5541	GRASS	3.18445134521	0.12332176166
23642	GRASS	3.4146446486	0.131921866713
5365027	GRASS	7.8544630808	0.289501487117
1549778	GRASS	5.45219525953	0.206197237122
12810	GRASS	3.06332732184	0.118779503161
61027	GRASS	3.00793633141	0.116698380867
5363388	GRASS	15.915742658	0.535305360577
8163	GRASS	2.28711451413	0.0893922234448
12348	GRASS	1.8938955505	0.0743210858773
13561	GRASS	2.19800603125	0.0859877490445
14228	FLOWER	5.88512098897	0.221550979937
778574	FLOWER	8.820818103	0.321709991318
61918	FLOWER	3.83164984392	0.147393377546
7119	FLOWER	8.09887638606	0.297718335956
8892	FLOWER	2.32357573435	0.0907834276968
18827	FLOWER	6.79148008799	0.253209522805
69963	FLOWER	5.41876060649	0.205005237655
261	FLOWER	2.9370929007	0.114033110145
8658	FLOWER	8.24935103513	0.302753324405
5366244	FLOWER	6.0435668811	0.227132794986
6998	FLOWER	8.86374995238	0.323123572808
7820	FLOWER	5.26679817945	0.199576261953
5315892	FLOWER	8.51258111986	0.311517629865
7144	FLOWER	3.93231835429	0.151107483116
12180	FLOWER	4.25244255107	0.162864394983
8452	FLOWER	2.84334581384	0.110499986387
6106	FLOWER	3.92051800944	0.150672535793
8093	FLOWER	8.29485992158	0.304272516416
7761	FLOWER	7.50122958912	0.277541805425
8908	FLOWER	9.19176921679	0.333875320138
444683	FLOWER	4.24700389407	0.162665338932
8091	FLOWER	9.3510149317	0.339064005167
89440	FLOWER	9.31687979726	0.337953492228
8078	FLOWER	2.8338098442	0.110140202475
62900	FLOWER	6.78512867598	0.252989958579
7122	FLOWER	8.53087129369	0.312124545736
7410	FLOWER	8.18493358062	0.300600088137
5364729	FLOWER	6.49168628002	0.242810654898
61209	FLOWER	3.21379688682	0.124420479301
1550470	FLOWER	7.58188346827	0.28028135596
62902	FLOWER	7.73743935708	0.285550387161
807	FLOWER	3.81632653061	0.146827321949
1001	FLOWER	13.3330171784	0.462212948303
13216	FLOWER	6.96206678403	0.259094521799
5960	FLOWER	4.52460957008	0.172795546099
10448	FLOWER	1.63435429111	0.0643057260647
177	FLOWER	2.44403398538	0.0953720385665
1049	FLOWER	3.72323141655	0.143384275789
61337	FLOWER	6.56352446415	0.245309037209
679	FLOWER	2.43047956981	0.0948562904168
12206	FLOWER	5.74267076601	0.21651552363
7151	FLOWER	6.73817257947	0.251365715295
6826	FLOWER	7.75132611831	0.286019822095
88454	FLOWER	9.35602410759	0.339226889463
7997	FLOWER	4.71746198333	0.179796700308
6137	FLOWER	1.66845691867	0.065624777351
36822	FLOWER	2.36212806313	0.0922532629305
61659	FLOWER	4.01952657603	0.154318425483
6505	FLOWER	4.26709259681	0.16340047218
8918	FLOWER	9.07926479804	0.330197372212
12297	FLOWER	4.60954825558	0.175882756175
5273467	FLOWER	8.93834942615	0.325576340861
22310	FLOWER	14.3426435975	0.491421173753
33032	FLOWER	3.14976355142	0.122022137885
8175	FLOWER	7.43548466689	0.275304813783
7765	FLOWER	5.78138567616	0.217885658912
106997	FLOWER	9.90490483041	0.356953337337
6658	FLOWER	3.12563252619	0.121117469572
16255	FLOWER	7.68469671306	0.283766043094
5541	FLOWER	8.79688792509	0.320921422137
23642	FLOWER	2.08859026986	0.0817987270684
5365027	FLOWER	7.36015588123	0.272737477411
1549778	FLOWER	9.36517530644	0.339524408849
12810	FLOWER	10.5957275975	0.378921326573
61027	FLOWER	6.58303971637	0.245987023892
5363388	FLOWER	8.26320024867	0.303215818607
8163	FLOWER	8.74953919011	0.319359793189
12348	FLOWER	8.23709961255	0.302344060491
13561	FLOWER	7.33512027345	0.271883215168
14228	CHEMICAL	15.0216353009	0.510605601192
778574	CHEMICAL	14.2101889965	0.487635771334
61918	CHEMICAL	12.4094736182	0.434780930535
7119	CHEMICAL	21.2031472214	0.668296508019
8892	CHEMICAL	19.4375697247	0.626375142266
18827	CHEMICAL	22.2900658683	0.692863820166
69963	CHEMICAL	15.7599599758	0.531047863656
261	CHEMICAL	14.3647481056	0.492051528969
8658	CHEMICAL	19.0381785245	0.616546244369
5366244	CHEMICAL	22.9498347034	0.70731542297
6998	CHEMICAL	18.9374353309	0.614046830471
7820	CHEMICAL	11.9358496924	0.420448184544
5315892	CHEMICAL	11.0239198429	0.392346070233
7144	CHEMICAL	20.6503087555	0.655438249541
12180	CHEMICAL	18.8704206018	0.612379714597
8452	CHEMICAL	37.226346741	0.934733512968
6106	CHEMICAL	13.2064855621	0.458494918124
8093	CHEMICAL	23.5516931241	0.72019482536
7761	CHEMICAL	11.8725047345	0.418517641912
8908	CHEMICAL	15.1342940319	0.513753018938
444683	CHEMICAL	22.8466351383	0.705077910675
8091	CHEMICAL	13.621500901	0.47064192132
89440	CHEMICAL	18.6299158862	0.606367129076
8078	CHEMICAL	28.2289437227	0.810408443428
62900	CHEMICAL	15.7402893876	0.530508891502
7122	CHEMICAL	20.2349182456	0.645615963262
7410	CHEMICAL	25.1508801513	0.753008497099
5364729	CHEMICAL	11.9371299067	0.420487168103
61209	CHEMICAL	22.1891278767	0.690622156697
1550470	CHEMICAL	4.69371078169	0.178936062907
62902	CHEMICAL	18.6246740289	0.606235568083
807	CHEMICAL	45.9387755102	0.993402582257
1001	CHEMICAL	26.7062061382	0.78295966701
13216	CHEMICAL	22.877218232	0.705741883666
5960	CHEMICAL	8.17632168652	0.300311972932
10448	CHEMICAL	9.77005587012	0.352620638123
177	CHEMICAL	12.9314866406	0.450370126929
1049	CHEMICAL	19.4321203707	0.626241893986
61337	CHEMICAL	13.9501745565	0.480164034196
679	CHEMICAL	10.8806589432	0.387870862114
12206	CHEMICAL	19.5847847888	0.629965873463
7151	CHEMICAL	15.6582262907	0.528257031399
6826	CHEMICAL	16.2542798953	0.544490549846
88454	CHEMICAL	15.5255380217	0.524604588523
7997	CHEMICAL	22.1718714304	0.690238104126
6137	CHEMICAL	3.77346452499	0.145242967191
36822	CHEMICAL	20.6108722763	0.654511668656
61659	CHEMICAL	10.8131403179	0.385756011302
6505	CHEMICAL	5.04342669968	0.191562606837
8918	CHEMICAL	16.2575914895	0.544579947165
12297	CHEMICAL	25.9760579489	0.76914008333
5273467	CHEMICAL	12.8241170742	0.447181491476
22310	CHEMICAL	20.7560161972	0.657915764537
33032	CHEMICAL	9.5763893668	0.34637268135
8175	CHEMICAL	20.7809850678	0.658499666557
7765	CHEMICAL	24.3243839204	0.736305095574
106997	CHEMICAL	34.3315055554	0.901799312735
6658	CHEMICAL	17.5625711607	0.579125284119
16255	CHEMICAL	14.1389930376	0.485595271858
5541	CHEMICAL	10.0602754639	0.361927361593
23642	CHEMICAL	16.2022533661	0.543084928988
5365027	CHEMICAL	21.8148128989	0.682238091231
1549778	CHEMICAL	16.1020060084	0.540370401337
12810	CHEMICAL	14.9785008249	0.509397838212
61027	CHEMICAL	10.7136723506	0.38263378393
5363388	CHEMICAL	8.95126893467	0.32600067117
8163	CHEMICAL	22.9136337434	0.706531505205
12348	CHEMICAL	18.2657226756	0.59717425708
13561	CHEMICAL	23.4583080956	0.718215436341
