#oID	descriptor	value	sigma
14228	INTENSITY/STRENGTH	45.8845166891	0.993225118847
778574	INTENSITY/STRENGTH	50.1835478235	0.999986524079
61918	INTENSITY/STRENGTH	53.1053826257	0.996142639499
7119	INTENSITY/STRENGTH	50.9027272754	0.999674033387
8892	INTENSITY/STRENGTH	50.2151756473	0.999981479776
18827	INTENSITY/STRENGTH	50.5364500056	0.999884888557
69963	INTENSITY/STRENGTH	50.0400510959	0.999999358364
261	INTENSITY/STRENGTH	43.3507039385	0.982314744755
8658	INTENSITY/STRENGTH	52.7568524268	0.996959905879
5366244	INTENSITY/STRENGTH	47.9878845237	0.998380556524
6998	INTENSITY/STRENGTH	47.7801256814	0.998028863204
7820	INTENSITY/STRENGTH	50.7182333425	0.999793656346
5315892	INTENSITY/STRENGTH	50.7007751782	0.99980356566
12180	INTENSITY/STRENGTH	52.1709386259	0.998114810193
8452	INTENSITY/STRENGTH	51.5144595165	0.999082564949
6106	INTENSITY/STRENGTH	35.5173480474	0.916101116968
8093	INTENSITY/STRENGTH	49.7756274634	0.999979862786
7761	INTENSITY/STRENGTH	50.4912739164	0.999903459976
8908	INTENSITY/STRENGTH	48.9439319188	0.999553888083
444683	INTENSITY/STRENGTH	37.5955370903	0.938451719969
8091	INTENSITY/STRENGTH	48.4142437395	0.998994150833
89440	INTENSITY/STRENGTH	50.30499031	0.999962792364
8078	INTENSITY/STRENGTH	52.8175564314	0.996824550302
62900	INTENSITY/STRENGTH	50.9252283017	0.999657581036
7122	INTENSITY/STRENGTH	50.7091839337	0.999798823259
7410	INTENSITY/STRENGTH	51.1160526744	0.999501770571
5364729	INTENSITY/STRENGTH	50.9027670139	0.999674004687
61209	INTENSITY/STRENGTH	46.8097408507	0.995928898624
1550470	INTENSITY/STRENGTH	50.4834585553	0.99990650713
62902	INTENSITY/STRENGTH	51.0173017919	0.999586038826
807	INTENSITY/STRENGTH	66.1836734694	0.895235485214
1001	INTENSITY/STRENGTH	49.8917106457	0.999995309366
13216	INTENSITY/STRENGTH	43.8414635523	0.984828971529
5960	INTENSITY/STRENGTH	33.669099728	0.893320678523
177	INTENSITY/STRENGTH	42.0505879767	0.974722739394
61337	INTENSITY/STRENGTH	50.7094270157	0.999798685324
679	INTENSITY/STRENGTH	40.5671973658	0.964408893786
12206	INTENSITY/STRENGTH	51.3627459512	0.999257169389
7151	INTENSITY/STRENGTH	51.9052883088	0.998547950584
6826	INTENSITY/STRENGTH	51.3625760937	0.999257354556
88454	INTENSITY/STRENGTH	48.6740548469	0.99929674778
7997	INTENSITY/STRENGTH	51.4980662565	0.999102318996
6137	INTENSITY/STRENGTH	50.6634457514	0.999823935894
61659	INTENSITY/STRENGTH	50.9093133997	0.999669259656
6505	INTENSITY/STRENGTH	47.0586472235	0.996539377538
8918	INTENSITY/STRENGTH	46.4299864209	0.994902001218
12297	INTENSITY/STRENGTH	51.49497802	0.999106016288
5273467	INTENSITY/STRENGTH	49.9164201921	0.999997205766
22310	INTENSITY/STRENGTH	49.8371691867	0.99998939445
33032	INTENSITY/STRENGTH	34.4530124309	0.903316471011
8175	INTENSITY/STRENGTH	46.7091328349	0.995668077321
7765	INTENSITY/STRENGTH	51.5353442943	0.999057087159
106997	INTENSITY/STRENGTH	50.1568927896	0.999990153861
6658	INTENSITY/STRENGTH	38.2336513233	0.944621215527
16255	INTENSITY/STRENGTH	47.1445339695	0.996738525499
5541	INTENSITY/STRENGTH	49.8913093214	0.999995274535
5365027	INTENSITY/STRENGTH	48.8076272145	0.999431298856
1549778	INTENSITY/STRENGTH	51.042139389	0.999565578198
12810	INTENSITY/STRENGTH	49.6937785268	0.999962491364
61027	INTENSITY/STRENGTH	46.1340049609	0.994021632943
5363388	INTENSITY/STRENGTH	50.7729907474	0.999760994122
8163	INTENSITY/STRENGTH	46.89843065	0.996152107027
12348	INTENSITY/STRENGTH	49.9990661137	0.999999999651
13561	INTENSITY/STRENGTH	48.5767201495	0.999189709787
14228	VALENCE/PLEASANTNESS	46.2490188031	0.994372056024
778574	VALENCE/PLEASANTNESS	45.8062496259	0.99296498312
61918	VALENCE/PLEASANTNESS	44.7596220862	0.989015375728
7119	VALENCE/PLEASANTNESS	45.2119360108	0.990829777294
8892	VALENCE/PLEASANTNESS	38.2101896592	0.944400148851
18827	VALENCE/PLEASANTNESS	44.6853171231	0.988701658367
69963	VALENCE/PLEASANTNESS	44.6238935888	0.988438991942
261	VALENCE/PLEASANTNESS	44.3463618715	0.987214550365
8658	VALENCE/PLEASANTNESS	59.5683355865	0.963378781641
5366244	VALENCE/PLEASANTNESS	45.2984080711	0.991158013334
6998	VALENCE/PLEASANTNESS	58.8168717048	0.968905109337
7820	VALENCE/PLEASANTNESS	46.1957068555	0.994210941468
5315892	VALENCE/PLEASANTNESS	44.8932893286	0.989568602447
7144	VALENCE/PLEASANTNESS	44.8537106328	0.9894062823
12180	VALENCE/PLEASANTNESS	45.9563182844	0.993459455273
8452	VALENCE/PLEASANTNESS	44.0232310917	0.985711293367
6106	VALENCE/PLEASANTNESS	38.8588749673	0.950350133202
8093	VALENCE/PLEASANTNESS	46.0433384053	0.99373793161
7761	VALENCE/PLEASANTNESS	46.4122349796	0.994851176863
8908	VALENCE/PLEASANTNESS	46.3351779326	0.994627631686
444683	VALENCE/PLEASANTNESS	43.8925897415	0.985079815974
8091	VALENCE/PLEASANTNESS	46.4773820035	0.99503646498
89440	VALENCE/PLEASANTNESS	45.6797775696	0.992534271261
8078	VALENCE/PLEASANTNESS	42.7640637012	0.979056490352
62900	VALENCE/PLEASANTNESS	45.3420148814	0.991321269854
7122	VALENCE/PLEASANTNESS	45.2954500753	0.991146884003
7410	VALENCE/PLEASANTNESS	45.254603755	0.990992485791
5364729	VALENCE/PLEASANTNESS	46.2952622008	0.994509967136
61209	VALENCE/PLEASANTNESS	44.6770027899	0.988666280281
1550470	VALENCE/PLEASANTNESS	46.4636942486	0.994997816653
62902	VALENCE/PLEASANTNESS	46.0930153998	0.993894188534
807	VALENCE/PLEASANTNESS	31.5306122449	0.863552686381
1001	VALENCE/PLEASANTNESS	45.0146478217	0.990058505463
13216	VALENCE/PLEASANTNESS	43.9329611458	0.985276415817
5960	VALENCE/PLEASANTNESS	45.1394515336	0.990550027442
10448	VALENCE/PLEASANTNESS	43.533766787	0.983275131214
177	VALENCE/PLEASANTNESS	44.1795674368	0.986449025911
1049	VALENCE/PLEASANTNESS	43.8571604281	0.984906208798
61337	VALENCE/PLEASANTNESS	45.6761751959	0.992521815626
679	VALENCE/PLEASANTNESS	44.3884595323	0.987404245432
12206	VALENCE/PLEASANTNESS	46.1932828968	0.994203561959
7151	VALENCE/PLEASANTNESS	45.2784516808	0.991082792588
6826	VALENCE/PLEASANTNESS	45.6712188938	0.992504661654
88454	VALENCE/PLEASANTNESS	46.3228614925	0.994591460959
7997	VALENCE/PLEASANTNESS	46.0403837559	0.99372857568
6137	VALENCE/PLEASANTNESS	28.3190261576	0.811974149297
36822	VALENCE/PLEASANTNESS	43.059350167	0.980730951958
61659	VALENCE/PLEASANTNESS	28.6629402135	0.817891951866
6505	VALENCE/PLEASANTNESS	46.1357043458	0.994026887639
8918	VALENCE/PLEASANTNESS	46.1287635475	0.994005411332
12297	VALENCE/PLEASANTNESS	44.4320125772	0.987599006424
5273467	VALENCE/PLEASANTNESS	45.7458232197	0.992760791969
22310	VALENCE/PLEASANTNESS	45.1271825405	0.990502260002
33032	VALENCE/PLEASANTNESS	39.9138090641	0.959307500962
8175	VALENCE/PLEASANTNESS	44.9748470506	0.989899135134
7765	VALENCE/PLEASANTNESS	45.2462428241	0.990960717085
106997	VALENCE/PLEASANTNESS	44.9160187978	0.989661254054
6658	VALENCE/PLEASANTNESS	46.0757643213	0.993840149735
16255	VALENCE/PLEASANTNESS	46.2619107346	0.994410675457
5541	VALENCE/PLEASANTNESS	46.129524554	0.994007767929
23642	VALENCE/PLEASANTNESS	28.4169182063	0.813668232114
5365027	VALENCE/PLEASANTNESS	45.1946112605	0.990763295625
1549778	VALENCE/PLEASANTNESS	46.4291657171	0.994899657009
12810	VALENCE/PLEASANTNESS	45.5506127872	0.992081181372
61027	VALENCE/PLEASANTNESS	46.1391858395	0.994037645607
5363388	VALENCE/PLEASANTNESS	46.2357558944	0.994332186525
8163	VALENCE/PLEASANTNESS	45.8534397797	0.993122415336
12348	VALENCE/PLEASANTNESS	46.265359133	0.994420983038
13561	VALENCE/PLEASANTNESS	45.8750632489	0.99319395872
14228	BAKERY	3.01746126744	0.117056421697
778574	BAKERY	3.97968580946	0.152852272722
61918	BAKERY	3.99897116169	0.153562138327
7119	BAKERY	4.10909567239	0.157609959998
8892	BAKERY	3.06560768042	0.118865127037
18827	BAKERY	2.99466073384	0.116199232189
69963	BAKERY	2.90185396091	0.112705855872
261	BAKERY	3.59707404843	0.138707385253
8658	BAKERY	5.6722813258	0.214021342856
5366244	BAKERY	3.08465606544	0.119580201401
6998	BAKERY	5.71666533693	0.215594508447
7820	BAKERY	3.38238962327	0.130719361105
5315892	BAKERY	4.10529975915	0.157470595921
7144	BAKERY	10.1831430811	0.36584716204
12180	BAKERY	3.37674140721	0.130508703276
8452	BAKERY	3.53189594781	0.136286122318
6106	BAKERY	5.40665961218	0.204573597222
8093	BAKERY	3.03950088681	0.117884609216
7761	BAKERY	3.48300340895	0.134467611259
8908	BAKERY	3.11763862966	0.120817676937
444683	BAKERY	3.29224347931	0.127354192322
8091	BAKERY	3.03638479255	0.117767538659
89440	BAKERY	3.88694127041	0.14943432584
8078	BAKERY	2.71147375721	0.105518114314
62900	BAKERY	3.27866507658	0.126846745189
7122	BAKERY	4.07440793388	0.156335997351
7410	BAKERY	3.86527021454	0.148634683049
5364729	BAKERY	3.59411635892	0.138597585396
61209	BAKERY	3.74509942855	0.14419366925
1550470	BAKERY	3.76017149368	0.144751303883
62902	BAKERY	3.3957831309	0.131218788007
807	BAKERY	0.122448979592	0.00489196168264
1001	BAKERY	3.44109015347	0.132907165561
13216	BAKERY	3.19239737373	0.123619334553
5960	BAKERY	5.05972047153	0.192148510361
10448	BAKERY	3.00468689121	0.116576218323
177	BAKERY	4.01515074217	0.154157455494
1049	BAKERY	3.85781756574	0.148359600082
61337	BAKERY	4.0423461666	0.155157621652
679	BAKERY	3.58137087396	0.138124348024
12206	BAKERY	3.26381579044	0.126291634212
7151	BAKERY	4.004029091	0.153748264055
6826	BAKERY	3.97978377724	0.152855879524
88454	BAKERY	3.07557318309	0.119239267162
7997	BAKERY	3.41534894045	0.131948114264
6137	BAKERY	5.18575657555	0.196673434518
36822	BAKERY	4.14092849385	0.158778224238
61659	BAKERY	3.69254959166	0.142248014672
6505	BAKERY	3.16645451166	0.122647606797
8918	BAKERY	3.00109341764	0.116441112025
12297	BAKERY	3.04821627374	0.118212001969
5273467	BAKERY	3.86236793238	0.148527562877
22310	BAKERY	5.22367260588	0.198032202038
33032	BAKERY	4.92384329228	0.187256038584
8175	BAKERY	2.8774455003	0.111785942969
7765	BAKERY	3.34200703997	0.129212677177
106997	BAKERY	3.11066799922	0.120556217808
6658	BAKERY	3.53018233627	0.13622241852
16255	BAKERY	3.04051710589	0.117922786527
5541	BAKERY	3.40230414649	0.131461896458
23642	BAKERY	4.43861178874	0.169663961705
5365027	BAKERY	2.85105424578	0.110790765706
1549778	BAKERY	3.29460188683	0.127442314836
12810	BAKERY	3.14442021535	0.121821857218
61027	BAKERY	3.08460579539	0.11957831465
5363388	BAKERY	3.40676873809	0.13162832023
8163	BAKERY	2.92332942392	0.113514834988
12348	BAKERY	3.20368251378	0.124041867891
13561	BAKERY	2.98925742284	0.115996032937
14228	SWEET	17.9109075822	0.588116059121
778574	SWEET	14.2778875631	0.489572273217
61918	SWEET	13.4662176226	0.466113098081
7119	SWEET	13.7336559407	0.47390091543
8892	SWEET	21.1769078342	0.6676917432
18827	SWEET	14.3441989954	0.491465541888
69963	SWEET	13.0759600652	0.454646109957
261	SWEET	13.5934179058	0.469824312086
8658	SWEET	31.8189281249	0.867779450188
5366244	SWEET	13.2819980893	0.460715334274
6998	SWEET	31.4597010736	0.862502926288
7820	SWEET	15.3903412411	0.520868608238
5315892	SWEET	13.4836426282	0.466622257717
7144	SWEET	15.7742702439	0.531439769064
12180	SWEET	18.2187034682	0.595979676304
8452	SWEET	13.0304746181	0.453301677216
6106	SWEET	13.1629359392	0.457212284551
8093	SWEET	20.9933374065	0.663445410076
7761	SWEET	18.5249167673	0.603727654199
8908	SWEET	19.6622246032	0.631847753589
444683	SWEET	12.1462347659	0.426836983042
8091	SWEET	20.9942697073	0.663467044074
89440	SWEET	13.7923258057	0.475601731777
8078	SWEET	11.5484302278	0.40859071282
62900	SWEET	14.4011477	0.493088685969
7122	SWEET	13.703334923	0.473020841715
7410	SWEET	13.4178572577	0.464698732953
5364729	SWEET	14.9835587583	0.509539537108
61209	SWEET	13.3004620645	0.461257566128
1550470	SWEET	16.0650449727	0.539367530918
62902	SWEET	18.5343181858	0.603964347186
807	SWEET	2.77551020408	0.107939025406
1001	SWEET	13.0381365632	0.453528260511
13216	SWEET	12.3764941561	0.433788723205
5960	SWEET	13.1720551078	0.457480990007
10448	SWEET	12.0728207402	0.424611629358
177	SWEET	13.2796718806	0.460647001121
1049	SWEET	11.9763589076	0.421681087229
61337	SWEET	14.286926554	0.489830554017
679	SWEET	13.0788759114	0.454732238414
12206	SWEET	21.2356156643	0.669044077515
7151	SWEET	13.6131134019	0.470397793478
6826	SWEET	14.1844276775	0.486897911685
88454	SWEET	20.1268523787	0.643038020479
7997	SWEET	17.1953627103	0.569542308916
6137	SWEET	12.8309218668	0.44738385229
36822	SWEET	11.7162378859	0.413741423356
61659	SWEET	12.7959723768	0.446344131444
6505	SWEET	14.6668587	0.50062765035
8918	SWEET	16.2850143251	0.545319896377
12297	SWEET	14.0331439603	0.482554106648
5273467	SWEET	14.205970016	0.487514967002
22310	SWEET	13.3462455941	0.46260091518
33032	SWEET	13.1937568273	0.458120185404
8175	SWEET	13.7672244842	0.474874391368
7765	SWEET	14.2900572713	0.489919996125
106997	SWEET	12.8683618782	0.448496580156
6658	SWEET	14.5630653921	0.497689466238
16255	SWEET	18.9022885103	0.613172936041
5541	SWEET	14.4812019787	0.49536599485
23642	SWEET	13.6272095313	0.470808045408
5365027	SWEET	14.1025155027	0.484548242707
1549778	SWEET	14.5370436335	0.4969514903
12810	SWEET	14.6169502345	0.499215915716
61027	SWEET	16.1081607417	0.540537292675
5363388	SWEET	15.5021683944	0.523959845805
8163	SWEET	16.5947439442	0.553635547138
12348	SWEET	20.450990242	0.650742408929
13561	SWEET	18.150480179	0.594243234868
14228	FRUIT	9.28107530039	0.336787668523
778574	FRUIT	5.38236875678	0.203706792898
61918	FRUIT	5.06030255556	0.192169437441
7119	FRUIT	4.32974652593	0.165691179046
8892	FRUIT	11.9196212832	0.419953902715
18827	FRUIT	6.70322670836	0.250155769013
69963	FRUIT	5.59505690938	0.211280411648
261	FRUIT	5.84688909503	0.220201118966
8658	FRUIT	10.0461360459	0.361475502055
5366244	FRUIT	5.61302638686	0.211918629387
6998	FRUIT	10.1311355865	0.36418946015
7820	FRUIT	6.84561581001	0.255079650073
5315892	FRUIT	4.43395403098	0.1694941819
7144	FRUIT	4.11681702099	0.157893407886
12180	FRUIT	9.98272343413	0.3594470305
8452	FRUIT	4.52944376082	0.17297140612
6106	FRUIT	5.67466462735	0.214105857641
8093	FRUIT	11.8998384503	0.419351075954
7761	FRUIT	10.2538839479	0.36809850351
8908	FRUIT	11.0107852699	0.391936453892
444683	FRUIT	5.67970476253	0.214284572025
8091	FRUIT	11.7338778901	0.414281559469
89440	FRUIT	4.82554060314	0.183707287281
8078	FRUIT	3.74643038375	0.144242919102
62900	FRUIT	6.06965085122	0.228049769467
7122	FRUIT	4.47290090382	0.170913299155
7410	FRUIT	4.57541167051	0.174642710038
5364729	FRUIT	6.53827694846	0.244431451757
61209	FRUIT	4.51149489096	0.172318361178
1550470	FRUIT	7.78026211342	0.286997493115
62902	FRUIT	16.4770345426	0.550484314776
807	FRUIT	2.04081632653	0.0799666805497
1001	FRUIT	4.36890804951	0.167121378962
13216	FRUIT	3.94542838521	0.151590573351
5960	FRUIT	4.8071108783	0.183041109133
10448	FRUIT	4.70321416178	0.179280477091
177	FRUIT	4.90306024921	0.186506410045
1049	FRUIT	3.84569764399	0.147912149612
61337	FRUIT	5.25992811856	0.199330387217
679	FRUIT	4.86382885913	0.185090421897
12206	FRUIT	12.0527165053	0.424001470149
7151	FRUIT	4.77143906182	0.181750910184
6826	FRUIT	4.99816991397	0.189934115563
88454	FRUIT	11.3184692253	0.401495670769
7997	FRUIT	9.68049160596	0.349734897145
6137	FRUIT	5.2331404593	0.198371314745
36822	FRUIT	3.50962681014	0.135458080267
61659	FRUIT	4.30309967149	0.164717320147
6505	FRUIT	6.37660706573	0.238799835561
8918	FRUIT	8.18487878575	0.300598255135
12297	FRUIT	6.76978491305	0.252459401414
5273467	FRUIT	5.48281633797	0.20728814352
22310	FRUIT	4.92567750826	0.187322180764
33032	FRUIT	5.12697229703	0.194564553907
8175	FRUIT	6.45771796388	0.241627870035
7765	FRUIT	7.80205715005	0.287733447693
106997	FRUIT	4.92122621847	0.187161661741
6658	FRUIT	6.07443499797	0.228217895701
16255	FRUIT	10.3228631381	0.370289924176
5541	FRUIT	6.34142028227	0.237571366812
23642	FRUIT	4.2619642431	0.16321283404
5365027	FRUIT	6.62487577728	0.247439439466
1549778	FRUIT	6.35935836253	0.238197758988
12810	FRUIT	6.35078053501	0.237898256039
61027	FRUIT	7.78295022628	0.287088283361
5363388	FRUIT	7.58229241452	0.280295233277
8163	FRUIT	8.41343892366	0.308223175138
12348	FRUIT	11.707624149	0.413477580675
13561	FRUIT	9.56803645566	0.34610252958
14228	FISH	1.09730842345	0.0434107026277
778574	FISH	1.33571777213	0.0527150540986
61918	FISH	1.28421141346	0.0507087769565
7119	FISH	1.28482588201	0.0507327242616
8892	FISH	1.27549215178	0.0503689339796
18827	FISH	1.23461905003	0.0487750483216
69963	FISH	1.34944998098	0.0532495931388
261	FISH	1.77418731229	0.069708396244
8658	FISH	1.25865999319	0.0497127097364
5366244	FISH	1.18481397842	0.0468310454712
6998	FISH	1.30026818364	0.0513344484059
7820	FISH	1.27340994121	0.0502877684969
5315892	FISH	1.41858404517	0.0559384095297
7144	FISH	1.21176295195	0.0478831702974
12180	FISH	1.29713376977	0.0512123283842
8452	FISH	2.5117457374	0.0979462828362
6106	FISH	1.37108894842	0.054091603975
8093	FISH	1.16343825929	0.0459960949383
7761	FISH	1.24992954828	0.0493722523809
8908	FISH	1.124250091	0.044464428333
444683	FISH	1.52608099865	0.0601116706601
8091	FISH	1.12210915436	0.0443807145926
89440	FISH	1.21092252429	0.0478503676277
8078	FISH	2.97123391356	0.115318064155
62900	FISH	1.29906108105	0.0512874193652
7122	FISH	1.26548946928	0.0499789933326
7410	FISH	1.31376092012	0.0518600497029
5364729	FISH	1.23693881749	0.0488655456445
61209	FISH	1.99065506135	0.0780411194247
1550470	FISH	1.22882831393	0.0485491249473
62902	FISH	1.21488151163	0.0480048856304
807	FISH	3.02040816327	0.117167180342
1001	FISH	1.55374857657	0.0611842892071
13216	FISH	1.83867821399	0.0721948335296
5960	FISH	1.394062382	0.0549851313101
10448	FISH	3.74244355495	0.144095388693
177	FISH	1.67845789306	0.0660114273631
1049	FISH	1.51326030017	0.0596144293124
61337	FISH	1.37508546311	0.0542470745122
679	FISH	1.55987498685	0.0614217154842
12206	FISH	1.23461457187	0.0487748736185
7151	FISH	1.27481277865	0.0503424520979
6826	FISH	1.23147343795	0.0486523267866
88454	FISH	1.14096227482	0.0451177730276
7997	FISH	1.2586044676	0.0497105446217
6137	FISH	3.48230690928	0.134441691807
36822	FISH	1.76658432255	0.0694150448347
61659	FISH	2.78858791255	0.108433027483
6505	FISH	1.14063396056	0.0451049400897
8918	FISH	1.07352805489	0.0424801372018
12297	FISH	1.33102263853	0.0525322570356
5273467	FISH	1.3377275482	0.0527932959308
22310	FISH	1.34529584445	0.0530879054143
33032	FISH	1.39122518769	0.0548748044986
8175	FISH	1.1539758911	0.045626371501
7765	FISH	1.28944621936	0.0509127801535
106997	FISH	1.39335446267	0.0549576038434
6658	FISH	1.21679863997	0.0480797060268
16255	FISH	1.14150267639	0.0451388957113
5541	FISH	1.2459410906	0.0492166959433
23642	FISH	1.35251440305	0.0533688580377
5365027	FISH	1.20481516378	0.0476119747195
1549778	FISH	1.23192688224	0.0486700177524
12810	FISH	1.28703911842	0.0508189768599
61027	FISH	1.1094800086	0.0438868219883
5363388	FISH	1.31727500734	0.0519969149157
8163	FISH	1.08836962426	0.0430609655947
12348	FISH	1.15866060748	0.0458094265378
13561	FISH	1.14628953289	0.0453259894383
14228	GARLIC	2.65096980417	0.103227735806
778574	GARLIC	2.75210088813	0.107054411806
61918	GARLIC	3.01177744199	0.116842776336
7119	GARLIC	2.64931979245	0.103165233553
8892	GARLIC	3.04698598716	0.118165790044
18827	GARLIC	3.06376368899	0.118795888383
69963	GARLIC	3.45176296714	0.133304651653
261	GARLIC	3.39979518754	0.131368364575
8658	GARLIC	2.72055522615	0.10586164075
5366244	GARLIC	2.80108791791	0.108905079307
6998	GARLIC	2.67428735689	0.104110769129
7820	GARLIC	3.01541955718	0.116979680245
5315892	GARLIC	2.82288321736	0.109727860831
7144	GARLIC	2.77213122323	0.107811364322
12180	GARLIC	3.12305399177	0.121020773177
8452	GARLIC	4.02425932027	0.15449250758
6106	GARLIC	3.13297404185	0.121392751135
8093	GARLIC	2.82527321439	0.109818061081
7761	GARLIC	2.92235398564	0.113478098299
8908	GARLIC	2.78366596287	0.108247120037
444683	GARLIC	3.53082971404	0.136246485174
8091	GARLIC	2.73588206112	0.106441262184
89440	GARLIC	2.77793695874	0.108030704851
8078	GARLIC	4.393270406	0.168010486296
62900	GARLIC	3.01083482396	0.116807342424
7122	GARLIC	2.69788164947	0.105003839821
7410	GARLIC	2.771256832	0.107778327509
5364729	GARLIC	2.99169095071	0.116087552131
61209	GARLIC	3.25290029462	0.125883467654
1550470	GARLIC	2.89600449006	0.1124854428
62902	GARLIC	2.90404920328	0.112788567421
807	GARLIC	1.16326530612	0.0459893377758
1001	GARLIC	2.79402689028	0.108638441106
13216	GARLIC	4.52291695191	0.172733966975
5960	GARLIC	3.07857769953	0.11935205172
10448	GARLIC	9.94276804897	0.358167267368
177	GARLIC	3.2315353661	0.125084286315
1049	GARLIC	2.96044695298	0.114912179655
61337	GARLIC	2.92504972841	0.113579622771
679	GARLIC	3.41430713219	0.13190928801
12206	GARLIC	2.96091492314	0.114929790053
7151	GARLIC	2.86065670058	0.11115292532
6826	GARLIC	2.7270649922	0.106107846299
88454	GARLIC	2.7474334763	0.106877982769
7997	GARLIC	3.10388627101	0.120301806847
6137	GARLIC	5.34383057573	0.20233061294
36822	GARLIC	3.44242100471	0.132956735239
61659	GARLIC	3.18219148365	0.123237122291
6505	GARLIC	2.68997143021	0.10470447869
8918	GARLIC	2.70496062619	0.105271700252
12297	GARLIC	3.3402311901	0.129146389843
5273467	GARLIC	2.76537233164	0.107555979612
22310	GARLIC	3.24934429479	0.125750476453
33032	GARLIC	3.09608567468	0.120009128385
8175	GARLIC	2.71640119673	0.105704513685
7765	GARLIC	3.13420821183	0.121439024027
106997	GARLIC	3.25790754436	0.126070717147
6658	GARLIC	2.99779331797	0.116317026808
16255	GARLIC	2.67224486213	0.104033437444
5541	GARLIC	2.91060462319	0.113035537219
23642	GARLIC	2.82228534345	0.109705295914
5365027	GARLIC	2.89917049638	0.112604744028
1549778	GARLIC	2.83356014005	0.110130780375
12810	GARLIC	3.08683776972	0.119662083822
61027	GARLIC	2.6737860973	0.104091791054
5363388	GARLIC	2.89322708141	0.112380778079
8163	GARLIC	2.71128307596	0.105510900671
12348	GARLIC	2.84919390108	0.110720593689
13561	GARLIC	2.75385053465	0.107120544279
14228	SPICES	5.31309852964	0.201232334791
778574	SPICES	7.06249980828	0.262548430914
61918	SPICES	6.70655203026	0.250270945157
7119	SPICES	7.49653192712	0.277382080711
8892	SPICES	5.53914978749	0.209293119352
18827	SPICES	5.76135027924	0.217176748353
69963	SPICES	5.78518339635	0.218019997082
261	SPICES	5.94063904461	0.223509084881
8658	SPICES	7.39819382503	0.274034444252
5366244	SPICES	5.94772251305	0.223758739285
6998	SPICES	7.52605851398	0.278385717857
7820	SPICES	6.11918216578	0.22978953048
5315892	SPICES	7.31432607172	0.271173296515
7144	SPICES	8.04092662797	0.295774464704
12180	SPICES	5.9382340587	0.223424312854
8452	SPICES	6.95300081663	0.258782344523
6106	SPICES	6.4818445688	0.242468059146
8093	SPICES	5.52426631697	0.208763645342
7761	SPICES	5.89562994721	0.221921816899
8908	SPICES	5.54253643277	0.209413573267
444683	SPICES	6.63160207871	0.247672824696
8091	SPICES	5.4758949335	0.207041627211
89440	SPICES	7.09363584142	0.263617565877
8078	SPICES	7.05471552385	0.262281016505
62900	SPICES	6.14599030614	0.230730333508
7122	SPICES	7.18394732904	0.266714253471
7410	SPICES	6.93217604853	0.258065016034
5364729	SPICES	6.27822757419	0.235362646378
61209	SPICES	7.08400124426	0.263286820319
1550470	SPICES	6.19997332401	0.232623065273
62902	SPICES	5.95746244667	0.224101954346
807	SPICES	3.83673469388	0.147581174511
1001	SPICES	7.01586229924	0.260945562449
13216	SPICES	7.55397568987	0.279334008106
5960	SPICES	6.00890903636	0.225913566331
10448	SPICES	6.20501598428	0.232799750025
177	SPICES	6.51432486556	0.243598423241
1049	SPICES	7.26067590898	0.269340070497
61337	SPICES	6.695021963	0.249871550886
679	SPICES	6.47202254971	0.242126071635
12206	SPICES	5.78767610718	0.218108166399
7151	SPICES	6.88504905086	0.256440401861
6826	SPICES	7.13111129332	0.264903352422
88454	SPICES	5.49472018048	0.207712027274
7997	SPICES	5.88889282833	0.221684089636
6137	SPICES	6.20797691335	0.232903485591
36822	SPICES	7.75024889443	0.285983412607
61659	SPICES	7.13344559555	0.264983405396
6505	SPICES	5.60652071409	0.211687598757
8918	SPICES	5.34004427779	0.202195341956
12297	SPICES	6.10547734615	0.229308352396
5273467	SPICES	6.91348644501	0.25742093987
22310	SPICES	6.99985352102	0.260394961114
33032	SPICES	5.87814880294	0.221304898778
8175	SPICES	5.19119212259	0.196868294642
7765	SPICES	6.28214457881	0.235499646949
106997	SPICES	6.67309514002	0.249111726102
6658	SPICES	6.32484221984	0.236992237151
16255	SPICES	5.56189037031	0.210101765016
5541	SPICES	6.12466557654	0.229982011692
23642	SPICES	7.58205530844	0.280287187257
5365027	SPICES	5.52342574856	0.208733737143
1549778	SPICES	6.02556466192	0.226499614679
12810	SPICES	5.98613173439	0.225111760119
61027	SPICES	5.36163477875	0.20296654015
5363388	SPICES	5.96041226915	0.224205884999
8163	SPICES	5.29826553653	0.200701974383
12348	SPICES	5.6539955687	0.213372756392
13561	SPICES	5.45420358532	0.206268808713
14228	COLD	4.7641760442	0.181488092416
778574	COLD	4.41088714338	0.168653115578
61918	COLD	4.58296595381	0.174917207379
7119	COLD	4.90277254017	0.186496030175
8892	COLD	4.61202958821	0.175972856759
18827	COLD	5.15203964696	0.195464180869
69963	COLD	5.02912004178	0.191047982313
261	COLD	4.80075142671	0.182811171364
8658	COLD	4.55469207518	0.173889595047
5366244	COLD	5.37211851721	0.203340877743
6998	COLD	4.42655039575	0.169224276468
7820	COLD	4.18147188846	0.160264992677
5315892	COLD	4.76701767134	0.181590923862
7144	COLD	4.56403686206	0.174229301491
12180	COLD	4.55391260337	0.173861256135
8452	COLD	5.70394731978	0.215143886781
6106	COLD	4.69766699886	0.179079449862
8093	COLD	5.19391860895	0.196966028152
7761	COLD	4.18006379066	0.160213378309
8908	COLD	4.81287251272	0.183249403779
444683	COLD	5.14744167451	0.195299204664
8091	COLD	4.80717396612	0.183043390029
89440	COLD	6.51984218868	0.243790350681
8078	COLD	7.47102293846	0.276514444039
62900	COLD	4.95827602302	0.188497240473
7122	COLD	4.88151005874	0.185728746168
7410	COLD	4.91095390677	0.186791168961
5364729	COLD	4.70054519036	0.17918375758
61209	COLD	4.80376641972	0.182920188063
1550470	COLD	4.55601156408	0.173937566014
62902	COLD	4.73197406378	0.180322331135
807	COLD	4.51020408163	0.172271386922
1001	COLD	4.85464107677	0.184758627077
13216	COLD	7.25582743923	0.269174284838
5960	COLD	4.17564506603	0.160051397954
10448	COLD	4.04898285985	0.155401609514
177	COLD	4.77085505881	0.181729779156
1049	COLD	4.46924060391	0.170779979526
61337	COLD	4.09986605348	0.157271081477
679	COLD	4.08865865773	0.156859494461
12206	COLD	4.62864798531	0.176576166544
7151	COLD	4.23854949266	0.162355858986
6826	COLD	4.45204437583	0.170153495383
88454	COLD	4.73818683393	0.180547307568
7997	COLD	4.59787788328	0.175458922919
6137	COLD	3.88012078199	0.149182696366
36822	COLD	5.22729108364	0.198161814516
61659	COLD	3.77075914946	0.145142916153
6505	COLD	3.65579679692	0.140885931789
8918	COLD	4.90672193465	0.186638509328
12297	COLD	5.1559199999	0.195603395578
5273467	COLD	4.48739552799	0.17144113367
22310	COLD	6.01221600685	0.226029943749
33032	COLD	4.14893227547	0.159071835408
8175	COLD	5.24095053006	0.198650996219
7765	COLD	4.96637700059	0.188789119819
106997	COLD	10.282323268	0.369002462004
6658	COLD	4.54689015966	0.173605922337
16255	COLD	4.76416646173	0.181487745639
5541	COLD	3.99549375892	0.153434162206
23642	COLD	4.09721264862	0.157173645349
5365027	COLD	5.20593655337	0.197396751976
1549778	COLD	5.24342584633	0.198739628011
12810	COLD	5.00308055368	0.190110896137
61027	COLD	4.73567939264	0.180456511982
5363388	COLD	4.73502943408	0.180432975867
8163	COLD	5.26057918261	0.19935368997
12348	COLD	4.75037958824	0.180988741036
13561	COLD	5.15006820108	0.195393447053
14228	SOUR	7.82893300961	0.288640443557
778574	SOUR	7.41727406883	0.274684580908
61918	SOUR	8.80693756502	0.321252642891
7119	SOUR	7.23779195964	0.268557425405
8892	SOUR	12.825784667	0.447231085749
18827	SOUR	9.12463410778	0.331681785271
69963	SOUR	9.09855724324	0.330828792166
261	SOUR	13.8724178773	0.477919123986
8658	SOUR	7.82403899704	0.288475325391
5366244	SOUR	8.17933213762	0.300412695818
6998	SOUR	7.44181289621	0.275520284176
7820	SOUR	8.58724273532	0.313993414295
5315892	SOUR	7.27240747471	0.269741134797
7144	SOUR	7.46704454833	0.276379080219
12180	SOUR	8.64206247292	0.315808401402
8452	SOUR	7.64895546604	0.282555610753
6106	SOUR	9.34228311483	0.338780023074
8093	SOUR	8.08325458561	0.297194581546
7761	SOUR	8.5480181112	0.312693278996
8908	SOUR	8.13745435084	0.299010908709
444683	SOUR	8.69231108951	0.31746993475
8091	SOUR	8.04314280873	0.295848853853
89440	SOUR	8.04730293956	0.295988483742
8078	SOUR	7.17031389847	0.266247195378
62900	SOUR	8.34340279737	0.305891163799
7122	SOUR	7.56217384689	0.279612364559
7410	SOUR	7.76556966995	0.286501157878
5364729	SOUR	8.70975177236	0.31804616052
61209	SOUR	7.84228627917	0.289090869533
1550470	SOUR	8.321087778	0.305147310396
62902	SOUR	9.00933766405	0.327906240504
807	SOUR	9.73469387755	0.351482049146
1001	SOUR	7.33623176743	0.271921152079
13216	SOUR	7.60198340213	0.280963275427
5960	SOUR	13.5214175644	0.467725209394
10448	SOUR	10.4385916668	0.373957988278
177	SOUR	11.9672949458	0.421405338504
1049	SOUR	6.94389972169	0.25846889153
61337	SOUR	8.09969517783	0.297745782324
679	SOUR	9.41886257788	0.341268514211
12206	SOUR	8.47970363431	0.310425995882
7151	SOUR	7.95161104041	0.292773194361
6826	SOUR	7.94330062676	0.292493615131
88454	SOUR	7.96792288074	0.293321797216
7997	SOUR	8.51490746794	0.311594839043
6137	SOUR	11.0446993121	0.392993819327
36822	SOUR	7.24591876176	0.26883541499
61659	SOUR	7.41061834057	0.274457827947
6505	SOUR	7.79172043033	0.287384454308
8918	SOUR	7.81570149433	0.288193983834
12297	SOUR	8.77709473949	0.320268832753
5273467	SOUR	7.45165623351	0.275855377092
22310	SOUR	8.3030989096	0.304547375783
33032	SOUR	13.2340654457	0.459306422539
8175	SOUR	11.2977156439	0.400853274248
7765	SOUR	9.45544806064	0.342455723215
106997	SOUR	8.747229695	0.319283576865
6658	SOUR	9.56910775726	0.346137180982
16255	SOUR	8.06105166808	0.296449845125
5541	SOUR	9.01756618491	0.328176047437
23642	SOUR	9.64943462643	0.348732749613
5365027	SOUR	8.40213953825	0.307847202002
1549778	SOUR	8.73009942917	0.318718122749
12810	SOUR	8.16479511505	0.299926252894
61027	SOUR	8.03935949968	0.295721859521
5363388	SOUR	8.73602115964	0.318913620105
8163	SOUR	7.73208105135	0.2853692111
12348	SOUR	8.15558308789	0.299617909314
13561	SOUR	7.97921102347	0.293701317516
14228	BURNT	4.86049293157	0.184969960648
778574	BURNT	5.48913045133	0.207512996808
61918	BURNT	5.81474533017	0.219065307905
7119	BURNT	5.87144188496	0.221068143475
8892	BURNT	4.92465446046	0.187285289796
18827	BURNT	5.03023561715	0.19108811654
69963	BURNT	4.94215758113	0.187916334622
261	BURNT	5.04821332789	0.191734749994
8658	BURNT	6.05740556622	0.227619357771
5366244	BURNT	5.15442193886	0.195549651345
6998	BURNT	6.32549940916	0.237015199256
7820	BURNT	4.88434469543	0.185831058576
5315892	BURNT	5.96959224802	0.224529277278
7144	BURNT	5.89702628507	0.2219710838
12180	BURNT	4.82569248878	0.183712776353
8452	BURNT	5.51438807624	0.208412132708
6106	BURNT	5.19483213907	0.196998773182
8093	BURNT	4.90668354033	0.186637124267
7761	BURNT	4.750613734	0.18099721702
8908	BURNT	4.82126018183	0.183552587377
444683	BURNT	5.20110176124	0.197223486637
8091	BURNT	4.88241012919	0.1857612337
89440	BURNT	5.45566201949	0.206320781551
8078	BURNT	5.17795383025	0.196393670863
62900	BURNT	5.15366138057	0.195522364972
7122	BURNT	5.82554542596	0.219447025234
7410	BURNT	5.90201925064	0.222147237532
5364729	BURNT	4.8403897787	0.184243841864
61209	BURNT	5.47288868982	0.206934543348
1550470	BURNT	4.83964768751	0.184217031605
62902	BURNT	4.8068167853	0.183030476369
807	BURNT	5.44897959184	0.206082632237
1001	BURNT	5.99499489056	0.225423810127
13216	BURNT	5.43171991123	0.205467363972
5960	BURNT	5.25353234942	0.199101453118
10448	BURNT	5.95334731248	0.22395695481
177	BURNT	5.13367779433	0.194805252695
1049	BURNT	6.62684784484	0.24750786885
61337	BURNT	6.55803490247	0.245118267386
679	BURNT	5.09779129609	0.193516661404
12206	BURNT	4.77839268459	0.182002492724
7151	BURNT	5.94122683229	0.223529802782
6826	BURNT	5.6047403908	0.211624369693
88454	BURNT	4.78444416729	0.182221404296
7997	BURNT	4.78888253131	0.182381942893
6137	BURNT	7.29423955958	0.270487210082
36822	BURNT	6.77984588192	0.252807311204
61659	BURNT	10.1158863616	0.363702991711
6505	BURNT	4.84241012729	0.184316830755
8918	BURNT	4.96533944976	0.18875173965
12297	BURNT	5.03370972475	0.191213095553
5273467	BURNT	5.42948222945	0.205387578266
22310	BURNT	5.11659359865	0.194191931924
33032	BURNT	5.16126879774	0.195795273668
8175	BURNT	5.13217450259	0.194751294054
7765	BURNT	4.95141865045	0.188250127357
106997	BURNT	5.04266129345	0.19153507857
6658	BURNT	4.92305440575	0.187227590357
16255	BURNT	4.89910070513	0.186363553118
5541	BURNT	4.87901985784	0.185638860404
23642	BURNT	6.57391815301	0.245670166167
5365027	BURNT	5.07002172212	0.19251882078
1549778	BURNT	4.81145199028	0.183198051509
12810	BURNT	5.14487341945	0.195207047777
61027	BURNT	4.90309237056	0.186507568905
5363388	BURNT	4.76147246142	0.181390250456
8163	BURNT	5.05378595083	0.191935137059
12348	BURNT	4.75362526091	0.181106229188
13561	BURNT	4.89405163868	0.186181368971
14228	ACID	5.60407989229	0.211600911116
778574	ACID	5.65913692532	0.213555144717
61918	ACID	7.71225499538	0.28469864897
7119	ACID	7.77121520235	0.286691893805
8892	ACID	5.74183746781	0.21648601971
18827	ACID	7.77360878655	0.286772754036
69963	ACID	7.33258894362	0.271796813498
261	ACID	7.46657172305	0.276362991604
8658	ACID	3.8264007284	0.147199492122
5366244	ACID	7.72710817909	0.285201046839
6998	ACID	3.84543771927	0.14790255227
7820	ACID	5.64026236686	0.212885470848
5315892	ACID	7.5684587084	0.279825721448
7144	ACID	7.69027113519	0.283954737354
12180	ACID	5.67140214427	0.213990164858
8452	ACID	8.21754332193	0.301690525578
6106	ACID	5.6630100101	0.213692527454
8093	ACID	7.79225251361	0.28740242085
7761	ACID	5.65009425423	0.213234344136
8908	ACID	5.78620028942	0.218055966061
444683	ACID	8.41067473018	0.30813120944
8091	ACID	5.62905661023	0.212487753081
89440	ACID	7.51089738588	0.277870463619
8078	ACID	8.52907445031	0.312064933621
62900	ACID	5.67619767787	0.214160219083
7122	ACID	7.72273590949	0.285053176408
7410	ACID	7.67491726722	0.283434948665
5364729	ACID	5.58515076114	0.210928466836
61209	ACID	7.79140265272	0.28737372399
1550470	ACID	5.60556987878	0.211653829685
62902	ACID	5.76344240053	0.217250788699
807	ACID	16.5714285714	0.553012244897
1001	ACID	7.68998504044	0.283945053649
13216	ACID	8.20623978145	0.301312642718
5960	ACID	5.62740752866	0.212429214949
10448	ACID	7.42521152477	0.274954954516
177	ACID	7.24523307796	0.268811962177
1049	ACID	7.30867225025	0.270980213985
61337	ACID	5.91731319308	0.222686689553
679	ACID	7.80047601861	0.287680070298
12206	ACID	5.654045625	0.213374532228
7151	ACID	5.86316598128	0.220775953122
6826	ACID	5.71102831603	0.215394794871
88454	ACID	5.69707939116	0.214900490211
7997	ACID	5.82427845337	0.219402250334
6137	ACID	5.66557314384	0.213783438134
36822	ACID	7.65565599994	0.282782612482
61659	ACID	7.59089189256	0.280587019813
6505	ACID	5.73012342201	0.216071211108
8918	ACID	5.77533049718	0.217671442947
12297	ACID	8.04813796783	0.296016508813
5273467	ACID	5.61529743186	0.211999271175
22310	ACID	7.62933998144	0.281890867837
33032	ACID	5.62089653792	0.212198070361
8175	ACID	7.74444155253	0.285787112117
7765	ACID	5.89019632285	0.221730087825
106997	ACID	7.89664175459	0.290922889783
6658	ACID	5.76896961416	0.217446380403
16255	ACID	5.60648879995	0.211686465332
5541	ACID	5.83584092445	0.21981082126
23642	ACID	7.65982125785	0.282923705633
5365027	ACID	7.54004298036	0.278860819956
1549778	ACID	7.47939519943	0.276799266958
12810	ACID	5.69562879273	0.214849076771
61027	ACID	5.58073970864	0.210771726067
5363388	ACID	5.63273850888	0.212618443112
8163	ACID	7.91386149045	0.291502778142
12348	ACID	5.78237360026	0.217920606229
13561	ACID	7.8283381015	0.288620373088
14228	WARM	5.20685590932	0.197429696989
778574	WARM	6.16963530809	0.23155965239
61918	WARM	5.99458675464	0.225409442042
7119	WARM	6.23364790041	0.233802569558
8892	WARM	5.26700411975	0.199583631831
18827	WARM	5.09012322809	0.193241187333
69963	WARM	5.10294646527	0.19370183356
261	WARM	5.61431745027	0.211964473838
8658	WARM	6.9168682166	0.257537502294
5366244	WARM	5.40552804588	0.204533228453
6998	WARM	7.02624246649	0.26130246538
7820	WARM	5.54679363679	0.209564977612
5315892	WARM	6.10732250534	0.22937314494
7144	WARM	7.12544928966	0.264709160554
12180	WARM	5.42296418147	0.205155151053
8452	WARM	5.89895201947	0.222039026808
6106	WARM	5.93334942278	0.223252122762
8093	WARM	5.14294683499	0.195137912541
7761	WARM	5.68999760762	0.214649475195
8908	WARM	5.15407977853	0.195537375796
444683	WARM	5.15000002487	0.195391000892
8091	WARM	5.24746902667	0.198884388592
89440	WARM	6.39545388242	0.239457423152
8078	WARM	5.71040179489	0.215372596332
62900	WARM	5.79892640158	0.218506037099
7122	WARM	6.31549996863	0.236665782804
7410	WARM	6.18790398901	0.23220009725
5364729	WARM	5.69670099287	0.214887078834
61209	WARM	6.42671177306	0.240547421237
1550470	WARM	5.63845513704	0.212821334949
62902	WARM	5.64548231325	0.21307070431
807	WARM	5.55102040816	0.209715285298
1001	WARM	5.87683798058	0.221258629363
13216	WARM	6.20992001824	0.232971558076
5960	WARM	5.95328987819	0.223954930978
10448	WARM	5.74146727737	0.216472912496
177	WARM	5.74143546948	0.216471786279
1049	WARM	5.97486091719	0.224714851496
61337	WARM	6.46541997819	0.24189613693
679	WARM	6.04485951909	0.227178250121
12206	WARM	5.2929844582	0.200513104538
7151	WARM	6.20703445345	0.232870467455
6826	WARM	6.19598254046	0.232483221762
88454	WARM	5.22395631165	0.198042364648
7997	WARM	5.28343009597	0.200171350407
6137	WARM	6.31137223275	0.236521521526
36822	WARM	6.19415302769	0.232419108415
61659	WARM	6.73607918881	0.251293262417
6505	WARM	5.54645479249	0.209552927394
8918	WARM	5.11637529184	0.194184093223
12297	WARM	5.0294948362	0.191061466125
5273467	WARM	6.05324008793	0.227472917292
22310	WARM	6.18079559017	0.231950929956
33032	WARM	5.74813235062	0.216708883817
8175	WARM	5.22939112302	0.198237032314
7765	WARM	5.42203617449	0.205122056469
106997	WARM	6.22658343409	0.233555200859
6658	WARM	5.87733507969	0.221276176132
16255	WARM	5.35866438268	0.202860461721
5541	WARM	5.76740216723	0.217390915586
23642	WARM	6.48505528879	0.242579834712
5365027	WARM	4.97361989999	0.189050038036
1549778	WARM	5.53902441676	0.209288660075
12810	WARM	5.64167669481	0.212935661421
61027	WARM	5.32619180671	0.201700344604
5363388	WARM	5.42929560437	0.205380923871
8163	WARM	5.13031840839	0.194684669547
12348	WARM	5.17107145696	0.196146866273
13561	WARM	5.20186330843	0.197250779585
14228	MUSKY	7.42128228082	0.274821118956
778574	MUSKY	7.29939315767	0.270663270119
61918	MUSKY	8.55677548928	0.312983656862
7119	MUSKY	7.54247470739	0.278943418411
8892	MUSKY	8.09600361067	0.297622034641
18827	MUSKY	8.21696745722	0.301671276612
69963	MUSKY	8.24099280965	0.302474127391
261	MUSKY	12.6978003103	0.443418359323
8658	MUSKY	7.96876099302	0.293349979015
5366244	MUSKY	7.73133634962	0.285344029284
6998	MUSKY	7.95844171479	0.29300295078
7820	MUSKY	7.57299364441	0.279979652681
5315892	MUSKY	7.67870034291	0.283563038134
7144	MUSKY	7.38297213063	0.273515574232
12180	MUSKY	7.60036470289	0.280908370669
8452	MUSKY	7.26404222578	0.269455165248
6106	MUSKY	8.8893440173	0.323965585869
8093	MUSKY	7.44050072856	0.275475608706
7761	MUSKY	7.4359769509	0.27532157675
8908	MUSKY	7.35530099472	0.272571858699
444683	MUSKY	8.07373721637	0.296875395599
8091	MUSKY	7.41353672538	0.274557258304
89440	MUSKY	7.70889812561	0.2845850809
8078	MUSKY	6.90006379835	0.256958199765
62900	MUSKY	7.53387640363	0.278651338679
7122	MUSKY	7.76976140291	0.286642779213
7410	MUSKY	8.00584211421	0.294596281385
5364729	MUSKY	7.65202581722	0.282659633046
61209	MUSKY	7.38731040754	0.273663474279
1550470	MUSKY	7.29611455677	0.270551267221
62902	MUSKY	7.90732209701	0.291282586782
807	MUSKY	8.83673469388	0.322234235735
1001	MUSKY	7.79363815995	0.287449208091
13216	MUSKY	7.22803195047	0.268223499668
5960	MUSKY	9.01391563149	0.328056355255
10448	MUSKY	9.13158812038	0.331909164175
177	MUSKY	11.3186598373	0.401501569288
1049	MUSKY	7.97270139875	0.293482468913
61337	MUSKY	7.74243573016	0.285719304792
679	MUSKY	8.32286260073	0.305206487281
12206	MUSKY	7.508314553	0.277782667149
7151	MUSKY	7.8510822116	0.289387491707
6826	MUSKY	7.84657921661	0.289235646503
88454	MUSKY	7.23595796742	0.268494683614
7997	MUSKY	7.52065646466	0.278202149123
6137	MUSKY	9.89971074291	0.356786720599
36822	MUSKY	7.81687215869	0.288233490209
61659	MUSKY	7.63738209724	0.28216344177
6505	MUSKY	7.15522038992	0.265729944066
8918	MUSKY	7.3932043495	0.273864385758
12297	MUSKY	8.05668779252	0.296303424426
5273467	MUSKY	7.28706447978	0.270242055698
22310	MUSKY	7.50759681428	0.277758268601
33032	MUSKY	8.88603078231	0.323856614067
8175	MUSKY	11.265886548	0.399867382036
7765	MUSKY	8.24152747152	0.302491988835
106997	MUSKY	7.77928407682	0.286964458774
6658	MUSKY	8.2010292375	0.301138417278
16255	MUSKY	7.55957815012	0.279524237282
5541	MUSKY	7.91190425588	0.291436878654
23642	MUSKY	10.4140397404	0.373180700131
5365027	MUSKY	7.75423623702	0.286118177633
1549778	MUSKY	7.69505260443	0.284116570343
12810	MUSKY	7.48633008899	0.277035148279
61027	MUSKY	7.58788516236	0.280485005999
5363388	MUSKY	7.67592682848	0.283469132069
8163	MUSKY	7.48551421788	0.277007399473
12348	MUSKY	7.29466421821	0.270501718306
13561	MUSKY	7.44095464239	0.275491063299
14228	SWEATY	4.44472759576	0.16988686247
778574	SWEATY	4.10530227919	0.157470688446
61918	SWEATY	3.45373193723	0.133377971772
7119	SWEATY	3.54043351907	0.136603472961
8892	SWEATY	4.88322763055	0.185790740385
18827	SWEATY	4.0955101009	0.157111122841
69963	SWEATY	5.08917641918	0.193207170117
261	SWEATY	8.1139602404	0.298223869303
8658	SWEATY	2.89265289643	0.112359139545
5366244	SWEATY	3.78584435823	0.145700727327
6998	SWEATY	2.20961667948	0.086431704831
7820	SWEATY	4.01274802506	0.154069062317
5315892	SWEATY	4.11884768693	0.15796794497
7144	SWEATY	3.79273617808	0.145955508037
12180	SWEATY	6.07257945619	0.228152689747
8452	SWEATY	4.23008919688	0.16204610603
6106	SWEATY	6.29229621083	0.235854651791
8093	SWEATY	3.92340000332	0.150778773098
7761	SWEATY	3.83252336293	0.147425640386
8908	SWEATY	4.02366513214	0.154470652848
444683	SWEATY	5.56982296348	0.210383747402
8091	SWEATY	4.2536424075	0.162908306808
89440	SWEATY	2.83179193116	0.11006405903
8078	SWEATY	4.05925494679	0.155779177582
62900	SWEATY	3.49490142649	0.134910322667
7122	SWEATY	3.11319015532	0.120650825036
7410	SWEATY	2.24226635299	0.0876795507604
5364729	SWEATY	4.55578133465	0.173929195958
61209	SWEATY	4.55349535194	0.173846086109
1550470	SWEATY	4.07714532154	0.156436567272
62902	SWEATY	4.84720224058	0.184489941799
807	SWEATY	2.24489795918	0.0877800916283
1001	SWEATY	3.66002020353	0.141042508985
13216	SWEATY	3.95782322249	0.152047183036
5960	SWEATY	6.69890793942	0.250006170545
10448	SWEATY	5.87319278455	0.221129953988
177	SWEATY	7.49443849303	0.277310896391
1049	SWEATY	4.33597807066	0.165918840495
61337	SWEATY	4.68088293959	0.178471051546
679	SWEATY	5.24104610357	0.198654418439
12206	SWEATY	4.62590760816	0.176476695847
7151	SWEATY	3.28022244286	0.126904954005
6826	SWEATY	3.32585058965	0.128609510728
88454	SWEATY	4.2021087492	0.161021262792
7997	SWEATY	5.645159349	0.21305924433
6137	SWEATY	4.62767042477	0.176540683567
36822	SWEATY	3.95177713214	0.151824468285
61659	SWEATY	4.00059498427	0.153621895279
6505	SWEATY	3.82283427709	0.147067746319
8918	SWEATY	4.42133488115	0.169034114393
12297	SWEATY	5.62058135756	0.212186880384
5273467	SWEATY	3.76309593077	0.144859480837
22310	SWEATY	3.83856826606	0.147648888109
33032	SWEATY	4.87496290999	0.18549241105
8175	SWEATY	6.99682312467	0.260290711452
7765	SWEATY	3.76507770858	0.144932784283
106997	SWEATY	2.30394729378	0.0900346224981
6658	SWEATY	5.44361258627	0.205891336255
16255	SWEATY	3.91011732264	0.150289085915
5541	SWEATY	4.01383749378	0.154109143181
23642	SWEATY	2.19119539191	0.0857272807782
5365027	SWEATY	4.72985965946	0.180245757419
1549778	SWEATY	3.23645312956	0.125268273639
12810	SWEATY	3.91781837478	0.150573014664
61027	SWEATY	4.75882880696	0.181294571633
5363388	SWEATY	4.2386864083	0.162360871345
8163	SWEATY	4.45772926247	0.170360630428
12348	SWEATY	3.74462362965	0.144176062735
13561	SWEATY	4.21307015076	0.161422821992
14228	AMMONIA/URINOUS	5.27954995833	0.200032539228
778574	AMMONIA/URINOUS	5.58472761932	0.21091343174
61918	AMMONIA/URINOUS	5.5466239282	0.209558942328
7119	AMMONIA/URINOUS	5.92366628318	0.222910722433
8892	AMMONIA/URINOUS	5.48743361813	0.20745257364
18827	AMMONIA/URINOUS	5.65240659637	0.213316383722
69963	AMMONIA/URINOUS	5.73257417721	0.216158004409
261	AMMONIA/URINOUS	5.63484029676	0.212693041802
8658	AMMONIA/URINOUS	2.80144044743	0.108918390465
5366244	AMMONIA/URINOUS	5.50631834248	0.208124917024
6998	AMMONIA/URINOUS	2.95441243238	0.114685076167
7820	AMMONIA/URINOUS	5.27437845717	0.199847511043
5315892	AMMONIA/URINOUS	5.93226254419	0.22321380621
7144	AMMONIA/URINOUS	6.18649137679	0.23215058485
12180	AMMONIA/URINOUS	5.37685505376	0.203509974043
8452	AMMONIA/URINOUS	6.5886451563	0.246181708254
6106	AMMONIA/URINOUS	5.48438148469	0.20734388328
8093	AMMONIA/URINOUS	5.45027857971	0.20612892855
7761	AMMONIA/URINOUS	5.2476269212	0.198890041526
8908	AMMONIA/URINOUS	5.39332655415	0.204097873638
444683	AMMONIA/URINOUS	5.79356231569	0.218316346905
8091	AMMONIA/URINOUS	5.33253981758	0.201927200341
89440	AMMONIA/URINOUS	5.59099343366	0.211136054316
8078	AMMONIA/URINOUS	8.00973767612	0.294727147989
62900	AMMONIA/URINOUS	5.65694844186	0.213477511405
7122	AMMONIA/URINOUS	5.88676360913	0.221608950049
7410	AMMONIA/URINOUS	5.89130487697	0.221769205817
5364729	AMMONIA/URINOUS	5.24303143275	0.198725505868
61209	AMMONIA/URINOUS	5.96706529405	0.224440264473
1550470	AMMONIA/URINOUS	5.18723834517	0.196726557147
62902	AMMONIA/URINOUS	5.32185078621	0.201545193132
807	AMMONIA/URINOUS	13.1836734694	0.457823240317
1001	AMMONIA/URINOUS	6.06483942692	0.227880666167
13216	AMMONIA/URINOUS	6.86840364179	0.255866158237
5960	AMMONIA/URINOUS	5.29581889204	0.200614476587
10448	AMMONIA/URINOUS	5.84393409565	0.22009673754
177	AMMONIA/URINOUS	5.54282131871	0.20942370548
1049	AMMONIA/URINOUS	5.86158970558	0.220720294673
61337	AMMONIA/URINOUS	5.51405216203	0.208400177983
679	AMMONIA/URINOUS	5.62825346071	0.212459243621
12206	AMMONIA/URINOUS	5.34772819957	0.202469849224
7151	AMMONIA/URINOUS	5.57434445665	0.210544451817
6826	AMMONIA/URINOUS	5.71480301904	0.215528531343
88454	AMMONIA/URINOUS	5.36558143014	0.203107471572
7997	AMMONIA/URINOUS	5.36617165078	0.203128546757
6137	AMMONIA/URINOUS	5.51278177156	0.208354965718
36822	AMMONIA/URINOUS	6.24092669499	0.234057401395
61659	AMMONIA/URINOUS	5.95644561275	0.224066126775
6505	AMMONIA/URINOUS	5.29801687073	0.200693081724
8918	AMMONIA/URINOUS	5.42986480086	0.205401219332
12297	AMMONIA/URINOUS	5.680586857	0.214315847464
5273467	AMMONIA/URINOUS	5.56567649351	0.210236357808
22310	AMMONIA/URINOUS	5.86058549041	0.2206848347
33032	AMMONIA/URINOUS	5.30300365224	0.200871406995
8175	AMMONIA/URINOUS	5.62186717714	0.212232530863
7765	AMMONIA/URINOUS	5.50653265037	0.208132545283
106997	AMMONIA/URINOUS	5.99960711108	0.225586170248
6658	AMMONIA/URINOUS	5.28595235604	0.200261577317
16255	AMMONIA/URINOUS	5.27508029098	0.199872622809
5541	AMMONIA/URINOUS	5.2847469396	0.200218457498
23642	AMMONIA/URINOUS	6.00007735676	0.225602722956
5365027	AMMONIA/URINOUS	5.5733424996	0.210508841337
1549778	AMMONIA/URINOUS	5.28648427774	0.200280604702
12810	AMMONIA/URINOUS	5.76407828601	0.217273292045
61027	AMMONIA/URINOUS	5.27969990344	0.200037903709
5363388	AMMONIA/URINOUS	5.23672309266	0.198499616207
8163	AMMONIA/URINOUS	5.47892415065	0.207149522087
12348	AMMONIA/URINOUS	5.38580013877	0.203829268297
13561	AMMONIA/URINOUS	5.42273635514	0.205147026375
14228	DECAYED	4.42442590226	0.169146818265
778574	DECAYED	4.20871283201	0.161263207799
61918	DECAYED	4.60680097633	0.175782992959
7119	DECAYED	3.95240919578	0.151847752451
8892	DECAYED	6.20623667228	0.232842517438
18827	DECAYED	4.91704190092	0.187010755615
69963	DECAYED	6.04695275263	0.227251855068
261	DECAYED	5.28652940218	0.200282218839
8658	DECAYED	4.07651507648	0.156413412992
5366244	DECAYED	4.56955728264	0.174429949802
6998	DECAYED	4.12464150558	0.158180593203
7820	DECAYED	4.68800059546	0.178729083985
5315892	DECAYED	4.17669018246	0.160089710946
7144	DECAYED	4.12386561791	0.158152117663
12180	DECAYED	5.07632749973	0.192745459635
8452	DECAYED	4.73112461655	0.180291568607
6106	DECAYED	5.06782664116	0.192439918901
8093	DECAYED	4.72924560317	0.180223518537
7761	DECAYED	4.50353809542	0.172028781666
8908	DECAYED	4.46908998442	0.170774493261
444683	DECAYED	4.88267128482	0.185770659843
8091	DECAYED	4.49316076607	0.171651033175
89440	DECAYED	4.27243872949	0.163596056101
8078	DECAYED	5.52949293312	0.208949600486
62900	DECAYED	4.509641898	0.172250927901
7122	DECAYED	4.14241840176	0.158832883984
7410	DECAYED	4.2363701839	0.162276074422
5364729	DECAYED	4.91877118081	0.187073123261
61209	DECAYED	4.48717761607	0.17143319946
1550470	DECAYED	4.47315008677	0.170922374791
62902	DECAYED	4.56681684168	0.174330347241
807	DECAYED	3.26530612245	0.126347355269
1001	DECAYED	4.15081410493	0.159140861104
13216	DECAYED	4.94576880665	0.188046500631
5960	DECAYED	5.235586342	0.198458907942
10448	DECAYED	8.23202822989	0.302174613685
177	DECAYED	4.81141517845	0.18319672073
1049	DECAYED	4.15214827459	0.159189796866
61337	DECAYED	4.57031988681	0.174457665925
679	DECAYED	4.8264957999	0.183741807313
12206	DECAYED	4.84023472288	0.184238240046
7151	DECAYED	4.30280170287	0.164706427117
6826	DECAYED	4.16219215007	0.159558148605
88454	DECAYED	4.47954992282	0.171155449908
7997	DECAYED	4.73982173996	0.180606505548
6137	DECAYED	8.36904018002	0.306745273787
36822	DECAYED	4.59395106516	0.175316288051
61659	DECAYED	5.88301280619	0.221476576377
6505	DECAYED	4.39840500515	0.16819781357
8918	DECAYED	4.3372102359	0.165963852384
12297	DECAYED	4.80284497734	0.182886871143
5273467	DECAYED	4.26241909245	0.16322947709
22310	DECAYED	4.54250049226	0.173446295401
33032	DECAYED	5.84624742605	0.220178453455
8175	DECAYED	4.52552109794	0.172828707434
7765	DECAYED	4.6087298394	0.175853037283
106997	DECAYED	4.59149047746	0.175226905176
6658	DECAYED	4.57660417025	0.174686044518
16255	DECAYED	4.43461611508	0.169518316568
5541	DECAYED	4.44190721677	0.169784072782
23642	DECAYED	4.12484075932	0.158187905857
5365027	DECAYED	4.65548789337	0.177550088725
1549778	DECAYED	4.61023667386	0.175907754079
12810	DECAYED	4.48925670387	0.171508897854
61027	DECAYED	4.62715498655	0.176521974154
5363388	DECAYED	4.71580855461	0.179736802055
8163	DECAYED	4.48096276296	0.171206899605
12348	DECAYED	4.54363837183	0.173487675012
13561	DECAYED	4.61643586014	0.176132842385
14228	WOOD	3.15269391725	0.122131965116
778574	WOOD	3.21316717655	0.12439690974
61918	WOOD	5.51296103301	0.20836134558
7119	WOOD	3.37743007092	0.130534389283
8892	WOOD	3.07892423836	0.119365059748
18827	WOOD	3.04971192156	0.118268179741
69963	WOOD	2.99926905569	0.11637251628
261	WOOD	3.08374772073	0.119546108827
8658	WOOD	3.37148035408	0.130312462252
5366244	WOOD	3.26325415856	0.126270635261
6998	WOOD	3.4254575216	0.132324797171
7820	WOOD	3.12884676715	0.121237997849
5315892	WOOD	3.20895515977	0.124239249104
7144	WOOD	3.94279228856	0.15149344713
12180	WOOD	3.06222887299	0.118738256651
8452	WOOD	3.29611849904	0.127498981098
6106	WOOD	3.19613431149	0.123759262645
8093	WOOD	3.14802619842	0.121957020359
7761	WOOD	3.04138154507	0.117955261122
8908	WOOD	3.07378294511	0.119172061167
444683	WOOD	3.11246241759	0.120623527783
8091	WOOD	3.13232243282	0.121368319783
89440	WOOD	3.60783173797	0.139106689579
8078	WOOD	3.16596225683	0.122629163469
62900	WOOD	3.20073134279	0.12393138126
7122	WOOD	3.41345460501	0.131877515264
7410	WOOD	3.33688199947	0.129021367387
5364729	WOOD	3.08142191229	0.119458812091
61209	WOOD	3.44966646426	0.133226579085
1550470	WOOD	3.06396003121	0.118803260819
62902	WOOD	3.04476400178	0.118082324941
807	WOOD	2.48979591837	0.0971122032487
1001	WOOD	3.18095237581	0.123190711826
13216	WOOD	3.36244143956	0.129975252609
5960	WOOD	3.21210753818	0.124357247592
10448	WOOD	3.02247324705	0.11724479207
177	WOOD	3.2114235923	0.124331647096
1049	WOOD	3.46203625127	0.133687172049
61337	WOOD	3.1385688348	0.12160250766
679	WOOD	3.20031596587	0.123915829722
12206	WOOD	3.0649149566	0.118839116787
7151	WOOD	3.44021722632	0.132874651227
6826	WOOD	3.34570854199	0.129350835421
88454	WOOD	3.05021760994	0.11828717341
7997	WOOD	3.03182828122	0.117596338158
6137	WOOD	3.12934375928	0.121256633426
36822	WOOD	4.19111704613	0.160618497007
61659	WOOD	3.2915268112	0.127327412948
6505	WOOD	3.19243349705	0.123620687229
8918	WOOD	3.15652658628	0.122275599415
12297	WOOD	3.09231506696	0.119867637689
5273467	WOOD	3.18928276202	0.123502700666
22310	WOOD	3.36673463209	0.13013542445
33032	WOOD	3.157954436	0.122329106952
8175	WOOD	3.27127486996	0.126570499088
7765	WOOD	3.10977070232	0.120522558565
106997	WOOD	3.30103505809	0.127682669342
6658	WOOD	3.18507046731	0.12334494914
16255	WOOD	3.12476772763	0.121085039764
5541	WOOD	3.14871398188	0.121982799379
23642	WOOD	3.42625540038	0.132354525588
5365027	WOOD	3.16676033345	0.122659064934
1549778	WOOD	3.23505799017	0.125216079527
12810	WOOD	3.20272091131	0.124005867958
61027	WOOD	3.13600645262	0.121506443516
5363388	WOOD	3.06431608053	0.118816630004
8163	WOOD	3.22743092792	0.124930712959
12348	WOOD	3.04797420206	0.118202909388
13561	WOOD	3.15937944298	0.122382506333
14228	GRASS	3.45702185852	0.133500474289
778574	GRASS	3.21517557997	0.124472081595
61918	GRASS	3.30648231804	0.127886162594
7119	GRASS	3.05511086594	0.118470953676
8892	GRASS	3.28674142957	0.127148589493
18827	GRASS	3.34785363093	0.129430895664
69963	GRASS	3.53401359079	0.136364842807
261	GRASS	3.35799959687	0.129809519358
8658	GRASS	3.03928104435	0.117876350068
5366244	GRASS	3.37651485224	0.13050025307
6998	GRASS	2.95628309171	0.114755479781
7820	GRASS	3.32802053352	0.128690533072
5315892	GRASS	3.14946133048	0.122010810551
7144	GRASS	3.11537783624	0.120732881824
12180	GRASS	3.58179422915	0.138140069206
8452	GRASS	2.98634388493	0.115886455478
6106	GRASS	3.09770183516	0.120069770742
8093	GRASS	3.44983778925	0.133232959261
7761	GRASS	3.65511044409	0.14086048482
8908	GRASS	3.7781489172	0.145416192992
444683	GRASS	3.19591653859	0.123751108535
8091	GRASS	3.51271877647	0.135573073778
89440	GRASS	3.27398410814	0.126671775549
8078	GRASS	2.80209941849	0.108943272279
62900	GRASS	3.31194671133	0.128090272046
7122	GRASS	2.97970434548	0.115636718625
7410	GRASS	2.99192787864	0.116096462173
5364729	GRASS	3.60606477906	0.139041109886
61209	GRASS	3.23585104907	0.125245749158
1550470	GRASS	3.63764699094	0.140212889385
62902	GRASS	3.70077308526	0.142552634839
807	GRASS	0.408163265306	0.0162598917118
1001	GRASS	3.03946717375	0.11788334267
13216	GRASS	3.36061820119	0.12990722617
5960	GRASS	2.8766716216	0.111756769016
10448	GRASS	3.23048134113	0.125044849767
177	GRASS	3.10760695194	0.12044138969
1049	GRASS	3.14061006681	0.121679030036
61337	GRASS	3.14724266262	0.121927651954
679	GRASS	3.14120091102	0.121701179176
12206	GRASS	3.63935650467	0.14027629388
7151	GRASS	3.09557152222	0.119989835669
6826	GRASS	3.07813722856	0.119335517623
88454	GRASS	4.80314852121	0.182897846562
7997	GRASS	3.84614440255	0.147928645396
6137	GRASS	3.03412656894	0.117682693143
36822	GRASS	3.30397292236	0.127792422066
61659	GRASS	3.07538195012	0.119232088349
6505	GRASS	3.34994862065	0.129509082521
8918	GRASS	3.46226207453	0.133695579512
12297	GRASS	3.25308854129	0.125890507628
5273467	GRASS	3.29155623032	0.127328512246
22310	GRASS	3.61984639491	0.139552540627
33032	GRASS	2.91178197534	0.113079889305
8175	GRASS	3.3108175895	0.128048098336
7765	GRASS	3.41158772545	0.131807936695
106997	GRASS	3.5383114401	0.136524598465
6658	GRASS	3.23903978603	0.125365039947
16255	GRASS	3.51665476691	0.135719446377
5541	GRASS	3.32924782579	0.128736356597
23642	GRASS	3.02972985513	0.117517489007
5365027	GRASS	3.87760362484	0.149089821045
1549778	GRASS	3.59724031099	0.138713557298
12810	GRASS	3.26442217144	0.126314306012
61027	GRASS	3.39808432177	0.131304582048
5363388	GRASS	9.29944674742	0.337385985973
8163	GRASS	3.25084270097	0.125806516732
12348	GRASS	3.91345784009	0.150412252697
13561	GRASS	3.32692188398	0.12864951167
14228	FLOWER	7.51899384136	0.2781456463
778574	FLOWER	8.23050189437	0.302123611201
61918	FLOWER	6.10640454173	0.229340911098
7119	FLOWER	6.57177024293	0.245595544067
8892	FLOWER	4.81944056797	0.183486819763
18827	FLOWER	6.44481714271	0.241178418507
69963	FLOWER	4.86046056086	0.184968791689
261	FLOWER	4.58066581548	0.174833632894
8658	FLOWER	6.3733299751	0.238685465015
5366244	FLOWER	6.31684409745	0.236712756157
6998	FLOWER	5.9056947603	0.222276898171
7820	FLOWER	6.57451413855	0.245690871079
5315892	FLOWER	7.42372935344	0.274904471132
7144	FLOWER	5.62215009814	0.212242575235
12180	FLOWER	5.23018300286	0.198265394417
8452	FLOWER	5.48703212473	0.207438276374
6106	FLOWER	4.98668119665	0.189520452123
8093	FLOWER	8.486108772	0.310638734044
7761	FLOWER	6.72560850611	0.250930816333
8908	FLOWER	7.60876451583	0.28119326165
444683	FLOWER	4.34478047694	0.16624037212
8091	FLOWER	7.56496524423	0.279707130111
89440	FLOWER	8.87458765711	0.323480183851
8078	FLOWER	4.3410024496	0.166102377077
62900	FLOWER	8.21636181932	0.301651032154
7122	FLOWER	8.98112133027	0.326980637071
7410	FLOWER	6.58254671455	0.245969900082
5364729	FLOWER	7.41955041032	0.274762125096
61209	FLOWER	5.61468596161	0.211977559085
1550470	FLOWER	6.81353672044	0.253971755761
62902	FLOWER	8.16261046182	0.299853134652
807	FLOWER	3.81632653061	0.146827321949
1001	FLOWER	8.35337245348	0.306223365601
13216	FLOWER	6.72390720794	0.250871917061
5960	FLOWER	4.76463559527	0.181504722869
10448	FLOWER	4.33781930139	0.165986101539
177	FLOWER	4.19438280489	0.16073817335
1049	FLOWER	3.62405272272	0.139708605654
61337	FLOWER	7.87558820599	0.290213572403
679	FLOWER	4.62538604033	0.176457763204
12206	FLOWER	5.44976962952	0.206110789575
7151	FLOWER	10.3905617544	0.372436960748
6826	FLOWER	9.25887086875	0.336064158844
88454	FLOWER	7.5972400426	0.280802379198
7997	FLOWER	5.14197374235	0.195102992107
6137	FLOWER	4.9469551448	0.18808925971
36822	FLOWER	3.81719615622	0.146859451651
61659	FLOWER	4.9256091615	0.187319716215
6505	FLOWER	8.66402411502	0.316534839054
8918	FLOWER	6.93539379559	0.258175876984
12297	FLOWER	4.7451926034	0.180800962998
5273467	FLOWER	8.42369277017	0.308564270852
22310	FLOWER	5.78169881185	0.217896736014
33032	FLOWER	4.88038696341	0.185688207771
8175	FLOWER	6.04821470227	0.227296227657
7765	FLOWER	3.97628595327	0.152727098138
106997	FLOWER	6.5423704492	0.24457377353
6658	FLOWER	5.24470547112	0.198785444653
16255	FLOWER	7.52577151693	0.278375965907
5541	FLOWER	8.73503313057	0.318881003706
23642	FLOWER	3.95030400931	0.151770199666
5365027	FLOWER	5.78990847265	0.218187122857
1549778	FLOWER	6.99592892308	0.260259948324
12810	FLOWER	7.76158433869	0.286366496969
61027	FLOWER	7.14858225638	0.265502398945
5363388	FLOWER	7.55541642501	0.279382930058
8163	FLOWER	7.17408980552	0.266376566406
12348	FLOWER	8.26270695945	0.303199347859
13561	FLOWER	6.83723546687	0.254790303143
14228	CHEMICAL	15.0146510064	0.51041014232
778574	CHEMICAL	14.591089766	0.498483630416
61918	CHEMICAL	17.272294172	0.571558908494
7119	CHEMICAL	18.0623254584	0.59199397795
8892	CHEMICAL	19.9594212951	0.63902545243
18827	CHEMICAL	20.5543437938	0.653181332236
69963	CHEMICAL	16.3426264943	0.54687248348
261	CHEMICAL	16.2708030018	0.544936507944
8658	CHEMICAL	18.8938372982	0.612962656787
5366244	CHEMICAL	15.2065709427	0.515766917773
6998	CHEMICAL	21.0190154415	0.664041013607
7820	CHEMICAL	16.357499241	0.547272857071
5315892	CHEMICAL	19.7998700099	0.635180859433
7144	CHEMICAL	19.0990462915	0.618052423962
12180	CHEMICAL	15.9813098761	0.537091488902
8452	CHEMICAL	23.7520593588	0.724418244838
6106	CHEMICAL	18.0482291584	0.591633736034
8093	CHEMICAL	23.2033905298	0.712776688361
7761	CHEMICAL	15.9553311864	0.536384210149
8908	CHEMICAL	18.1200381006	0.593467211718
444683	CHEMICAL	17.3783478596	0.574331124651
8091	CHEMICAL	17.3301337079	0.573071934582
89440	CHEMICAL	14.4509097721	0.494504873587
8078	CHEMICAL	19.8960986493	0.637502049388
62900	CHEMICAL	17.3873618001	0.574566331857
7122	CHEMICAL	16.2308404028	0.543857544039
7410	CHEMICAL	19.5772392433	0.629782251177
5364729	CHEMICAL	17.3715628229	0.574154034951
61209	CHEMICAL	30.0005956303	0.840009529942
1550470	CHEMICAL	17.3798592481	0.574370566931
62902	CHEMICAL	18.0700345806	0.592190923326
807	CHEMICAL	45.9387755102	0.993402582257
1001	CHEMICAL	20.120677379	0.642890431884
13216	CHEMICAL	20.1910731417	0.644571151822
5960	CHEMICAL	16.4489604945	0.54973109924
10448	CHEMICAL	16.2518840309	0.544425867415
177	CHEMICAL	15.8936847697	0.534703704565
1049	CHEMICAL	17.690170443	0.582429965598
61337	CHEMICAL	16.5931872658	0.553593945177
679	CHEMICAL	16.6727238666	0.555717066211
12206	CHEMICAL	19.5044044552	0.628007460948
7151	CHEMICAL	17.987153593	0.590071065968
6826	CHEMICAL	17.5649251897	0.579186368819
88454	CHEMICAL	17.6690806682	0.581884662065
7997	CHEMICAL	16.2304748447	0.543847668314
6137	CHEMICAL	17.1946505693	0.569523619492
36822	CHEMICAL	18.2815813988	0.597576768574
61659	CHEMICAL	15.8168678257	0.532605389903
6505	CHEMICAL	12.6910457373	0.443216772729
8918	CHEMICAL	16.4917628673	0.550879217703
12297	CHEMICAL	17.1459292965	0.568244015284
5273467	CHEMICAL	14.5692016139	0.497863410288
22310	CHEMICAL	18.5951292858	0.60549363817
33032	CHEMICAL	16.370693148	0.547627888263
8175	CHEMICAL	18.7203922072	0.608634454531
7765	CHEMICAL	19.4283868222	0.626150587083
106997	CHEMICAL	22.8508811055	0.705170137302
6658	CHEMICAL	15.996962761	0.537517383409
16255	CHEMICAL	15.8454721164	0.53338729002
5541	CHEMICAL	15.0362246494	0.511013765293
23642	CHEMICAL	20.1659309967	0.643971330684
5365027	CHEMICAL	19.2649118315	0.622141742111
1549778	CHEMICAL	19.7862922813	0.634852746356
12810	CHEMICAL	16.7284779986	0.557202329485
61027	CHEMICAL	14.6458911336	0.500034794504
5363388	CHEMICAL	17.0156880037	0.564814064853
8163	CHEMICAL	20.0109146152	0.640261903113
12348	CHEMICAL	18.9041529802	0.613219319249
13561	CHEMICAL	20.5606874001	0.653330749459
