#oID	descriptor	value	sigma
14228	INTENSITY/STRENGTH	46.0885777707	0.993880310458
778574	INTENSITY/STRENGTH	50.2043679372	0.999983293498
61918	INTENSITY/STRENGTH	53.1145780244	0.996119761492
7119	INTENSITY/STRENGTH	50.9983224893	0.999601340883
8892	INTENSITY/STRENGTH	50.3110921313	0.999961288674
18827	INTENSITY/STRENGTH	50.5947437378	0.999858511955
69963	INTENSITY/STRENGTH	50.1012108958	0.999995902542
261	INTENSITY/STRENGTH	43.2113866534	0.981565891532
8658	INTENSITY/STRENGTH	51.9566635906	0.998468587037
5366244	INTENSITY/STRENGTH	48.1300572589	0.998601325658
6998	INTENSITY/STRENGTH	46.6283554384	0.99545280518
7820	INTENSITY/STRENGTH	50.8733994537	0.999694869358
5315892	INTENSITY/STRENGTH	50.723608264	0.999790556432
12180	INTENSITY/STRENGTH	52.2524736528	0.997970544977
8452	INTENSITY/STRENGTH	51.5616108889	0.999024548573
6106	INTENSITY/STRENGTH	35.5952541557	0.917001318865
8093	INTENSITY/STRENGTH	49.9222137281	0.999997579718
7761	INTENSITY/STRENGTH	50.5924513502	0.999859600559
8908	INTENSITY/STRENGTH	49.0693277863	0.999653539692
444683	INTENSITY/STRENGTH	37.6155342507	0.938650003242
8091	INTENSITY/STRENGTH	48.5890093438	0.999203642147
89440	INTENSITY/STRENGTH	50.5405304182	0.999883130747
8078	INTENSITY/STRENGTH	52.8204840537	0.996817947881
62900	INTENSITY/STRENGTH	51.0174238968	0.999585939446
7122	INTENSITY/STRENGTH	50.7448976062	0.999778051023
7410	INTENSITY/STRENGTH	51.1513191385	0.999469785697
5364729	INTENSITY/STRENGTH	50.993331898	0.999605316696
61209	INTENSITY/STRENGTH	46.8626024819	0.996062694725
1550470	INTENSITY/STRENGTH	50.549642262	0.999879157354
62902	INTENSITY/STRENGTH	51.0898382316	0.999524901052
807	INTENSITY/STRENGTH	66.1836734694	0.895235485214
1001	INTENSITY/STRENGTH	50.1541365348	0.999990496771
13216	INTENSITY/STRENGTH	43.8798684825	0.985017596083
5960	INTENSITY/STRENGTH	33.7158323298	0.893930353316
177	INTENSITY/STRENGTH	42.0713639738	0.974854692306
61337	INTENSITY/STRENGTH	50.7371300354	0.999782655724
679	INTENSITY/STRENGTH	40.4536052136	0.963546538633
12206	INTENSITY/STRENGTH	51.4647040126	0.999141856862
7151	INTENSITY/STRENGTH	51.977478153	0.998435832062
6826	INTENSITY/STRENGTH	51.3921553031	0.999224761445
88454	INTENSITY/STRENGTH	48.8223911222	0.999445294932
7997	INTENSITY/STRENGTH	51.5580715261	0.999028965248
6137	INTENSITY/STRENGTH	50.6152116415	0.999848605854
61659	INTENSITY/STRENGTH	51.1325270375	0.999486953004
6505	INTENSITY/STRENGTH	47.2842968633	0.997049982589
8918	INTENSITY/STRENGTH	46.6062111361	0.995392878859
12297	INTENSITY/STRENGTH	51.5933411026	0.998984505652
5273467	INTENSITY/STRENGTH	49.9973419253	0.999999997174
22310	INTENSITY/STRENGTH	49.9515578585	0.999999061344
33032	INTENSITY/STRENGTH	34.5288710049	0.904257667046
8175	INTENSITY/STRENGTH	46.817536631	0.995948770762
7765	INTENSITY/STRENGTH	51.6236158972	0.998945548567
106997	INTENSITY/STRENGTH	50.3043793162	0.999962941293
6658	INTENSITY/STRENGTH	38.275575989	0.945015152644
16255	INTENSITY/STRENGTH	47.3260482718	0.997139992862
5541	INTENSITY/STRENGTH	50.0107484801	0.999999953788
5365027	INTENSITY/STRENGTH	48.9073519973	0.999522448137
1549778	INTENSITY/STRENGTH	51.1564291216	0.999465068675
12810	INTENSITY/STRENGTH	49.8067005002	0.999985054121
61027	INTENSITY/STRENGTH	46.2905218839	0.994495908843
5363388	INTENSITY/STRENGTH	50.8495328136	0.999711317599
8163	INTENSITY/STRENGTH	47.0823091457	0.996594832032
12348	INTENSITY/STRENGTH	50.1062100533	0.99999548777
13561	INTENSITY/STRENGTH	48.7542284519	0.9993792213
14228	VALENCE/PLEASANTNESS	45.110203076	0.990435954417
778574	VALENCE/PLEASANTNESS	44.4027052171	0.987468116446
61918	VALENCE/PLEASANTNESS	43.5456370447	0.983336479537
7119	VALENCE/PLEASANTNESS	44.131348632	0.986223572448
8892	VALENCE/PLEASANTNESS	43.9474789262	0.985346795461
18827	VALENCE/PLEASANTNESS	43.6073253712	0.983653484436
69963	VALENCE/PLEASANTNESS	43.7153626273	0.984201333237
261	VALENCE/PLEASANTNESS	43.1962659494	0.981483681187
8658	VALENCE/PLEASANTNESS	59.3724874011	0.964862591966
5366244	VALENCE/PLEASANTNESS	44.3012381442	0.987009645324
6998	VALENCE/PLEASANTNESS	58.604756252	0.970383267937
7820	VALENCE/PLEASANTNESS	44.9714876615	0.989885625465
5315892	VALENCE/PLEASANTNESS	43.5453681902	0.98333509128
7144	VALENCE/PLEASANTNESS	43.8937581605	0.985085524239
12180	VALENCE/PLEASANTNESS	44.4985326457	0.98789354278
8452	VALENCE/PLEASANTNESS	43.5703344815	0.983463760528
6106	VALENCE/PLEASANTNESS	43.4418277191	0.982796150534
8093	VALENCE/PLEASANTNESS	44.6902952687	0.988722814267
7761	VALENCE/PLEASANTNESS	45.2915251293	0.991132105757
8908	VALENCE/PLEASANTNESS	45.164419613	0.990646864929
444683	VALENCE/PLEASANTNESS	42.6779788482	0.978555202501
8091	VALENCE/PLEASANTNESS	45.1165581969	0.990460798462
89440	VALENCE/PLEASANTNESS	44.8032317171	0.989197439766
8078	VALENCE/PLEASANTNESS	42.7436011633	0.978937870369
62900	VALENCE/PLEASANTNESS	44.2967906563	0.986989361273
7122	VALENCE/PLEASANTNESS	44.0653368047	0.985911909103
7410	VALENCE/PLEASANTNESS	43.7582279421	0.984416112631
5364729	VALENCE/PLEASANTNESS	45.2572358485	0.991002475281
61209	VALENCE/PLEASANTNESS	44.0299654441	0.985743474961
1550470	VALENCE/PLEASANTNESS	45.3649924297	0.991406681929
62902	VALENCE/PLEASANTNESS	44.7952622675	0.989164282054
807	VALENCE/PLEASANTNESS	31.5306122449	0.863552686381
1001	VALENCE/PLEASANTNESS	43.4644540283	0.982914655541
13216	VALENCE/PLEASANTNESS	43.7465377112	0.984357683761
5960	VALENCE/PLEASANTNESS	43.5668594169	0.983445880895
10448	VALENCE/PLEASANTNESS	42.4561916761	0.977236382389
177	VALENCE/PLEASANTNESS	43.4004081764	0.982578155105
1049	VALENCE/PLEASANTNESS	42.5460716975	0.977775581145
61337	VALENCE/PLEASANTNESS	44.4015694378	0.987463030096
679	VALENCE/PLEASANTNESS	43.4863190122	0.983028783996
12206	VALENCE/PLEASANTNESS	44.8035588168	0.989198799612
7151	VALENCE/PLEASANTNESS	44.0223828694	0.985707237376
6826	VALENCE/PLEASANTNESS	44.3688797016	0.987316193674
88454	VALENCE/PLEASANTNESS	45.1698657542	0.990667921267
7997	VALENCE/PLEASANTNESS	44.7818589559	0.989108401617
6137	VALENCE/PLEASANTNESS	42.9936157799	0.980364232064
36822	VALENCE/PLEASANTNESS	42.4294567899	0.977074750202
61659	VALENCE/PLEASANTNESS	42.7966478567	0.97924468716
6505	VALENCE/PLEASANTNESS	45.3434697798	0.991326690523
8918	VALENCE/PLEASANTNESS	44.9641582485	0.989856119141
12297	VALENCE/PLEASANTNESS	43.1852151548	0.981423483006
5273467	VALENCE/PLEASANTNESS	44.3435640906	0.987201893121
22310	VALENCE/PLEASANTNESS	44.5875020676	0.988281946453
33032	VALENCE/PLEASANTNESS	43.4645745982	0.982915285927
8175	VALENCE/PLEASANTNESS	43.8586861584	0.984913705719
7765	VALENCE/PLEASANTNESS	44.1778217272	0.986440896064
106997	VALENCE/PLEASANTNESS	44.1861534966	0.986479675534
6658	VALENCE/PLEASANTNESS	45.0022633663	0.990009051416
16255	VALENCE/PLEASANTNESS	44.9597387193	0.989838306489
5541	VALENCE/PLEASANTNESS	45.1787014737	0.990702032208
23642	VALENCE/PLEASANTNESS	43.6136326321	0.983685724737
5365027	VALENCE/PLEASANTNESS	44.1778525297	0.986441039534
1549778	VALENCE/PLEASANTNESS	45.3978753491	0.991528179479
12810	VALENCE/PLEASANTNESS	44.6138649657	0.988395819757
61027	VALENCE/PLEASANTNESS	44.9919356438	0.989967716561
5363388	VALENCE/PLEASANTNESS	45.1662779748	0.990654052553
8163	VALENCE/PLEASANTNESS	44.5024932819	0.987910967954
12348	VALENCE/PLEASANTNESS	45.0834446626	0.990330993446
13561	VALENCE/PLEASANTNESS	44.6311022734	0.988469974881
14228	BAKERY	3.09625771576	0.120015583894
778574	BAKERY	4.12907730548	0.158343380462
61918	BAKERY	4.15019902879	0.15911830036
7119	BAKERY	4.2303402268	0.162055297698
8892	BAKERY	3.24074293378	0.125428751446
18827	BAKERY	3.1293467333	0.121256744941
69963	BAKERY	3.02142075368	0.117205236799
261	BAKERY	3.75408293019	0.144526061749
8658	BAKERY	5.91190609053	0.222495990172
5366244	BAKERY	3.16938869428	0.122757537893
6998	BAKERY	6.07301320707	0.228167932517
7820	BAKERY	3.5309399215	0.136250582168
5315892	BAKERY	4.24353441987	0.162538343046
7144	BAKERY	7.78073515033	0.287013470221
12180	BAKERY	3.5294694274	0.13619591532
8452	BAKERY	3.64615064926	0.140528260147
6106	BAKERY	3.62172000303	0.139622057809
8093	BAKERY	3.15011336694	0.122035248988
7761	BAKERY	3.63078353345	0.139958305711
8908	BAKERY	3.23503069785	0.125215058468
444683	BAKERY	3.52799896979	0.136141248099
8091	BAKERY	3.14019264635	0.121663381912
89440	BAKERY	4.01307215771	0.154080987051
8078	BAKERY	2.71383240643	0.105607341725
62900	BAKERY	3.46977615726	0.133975307658
7122	BAKERY	4.22668453956	0.161921436704
7410	BAKERY	4.00143665892	0.153652868223
5364729	BAKERY	3.73396445905	0.143781582129
61209	BAKERY	3.93612245033	0.151247674036
1550470	BAKERY	3.90327767619	0.150036876401
62902	BAKERY	3.54291130442	0.136695563972
807	BAKERY	0.122448979592	0.00489196168264
1001	BAKERY	3.51202797919	0.135547382957
13216	BAKERY	3.37863998155	0.130579516012
5960	BAKERY	3.67111467854	0.141453753949
10448	BAKERY	3.15741336105	0.122308830789
177	BAKERY	4.16576905995	0.159689309654
1049	BAKERY	3.81340831853	0.14671949954
61337	BAKERY	4.16576599971	0.159689197443
679	BAKERY	3.70907638742	0.142860156438
12206	BAKERY	3.40654454625	0.131619963552
7151	BAKERY	4.11221207948	0.157724367904
6826	BAKERY	4.15124426169	0.1591566389
88454	BAKERY	3.18432525234	0.123317039169
7997	BAKERY	3.56879287793	0.137657202075
6137	BAKERY	3.51410510375	0.135624630278
36822	BAKERY	4.16751979943	0.159753503466
61659	BAKERY	3.7577688046	0.144662421629
6505	BAKERY	3.25192715054	0.125847073945
8918	BAKERY	3.0943432522	0.119943746023
12297	BAKERY	3.22147231307	0.124707738977
5273467	BAKERY	3.99602799659	0.153453823964
22310	BAKERY	3.59330205312	0.138567354267
33032	BAKERY	3.48233096058	0.134442586856
8175	BAKERY	2.95752731811	0.11480230559
7765	BAKERY	3.4568568709	0.133494331066
106997	BAKERY	3.25770148025	0.126063011636
6658	BAKERY	3.68082714263	0.141813690324
16255	BAKERY	3.12933042104	0.121256133288
5541	BAKERY	3.53112804151	0.136257575562
23642	BAKERY	4.60824532707	0.175835443085
5365027	BAKERY	2.95440337905	0.114684735432
1549778	BAKERY	3.39434267018	0.131165081942
12810	BAKERY	3.28866524515	0.127220482168
61027	BAKERY	3.16655191344	0.122651256129
5363388	BAKERY	3.53853987485	0.136533089216
8163	BAKERY	3.0091954731	0.116745715966
12348	BAKERY	3.33447266579	0.128931423448
13561	BAKERY	3.08183301746	0.119474242799
14228	SWEET	16.29195947	0.545507201451
778574	SWEET	14.8257571414	0.505109055729
61918	SWEET	14.257840422	0.48899921148
7119	SWEET	13.9842827585	0.481147244631
8892	SWEET	15.3152427229	0.518787045053
18827	SWEET	14.7674187033	0.503466086068
69963	SWEET	14.6891817965	0.50125844712
261	SWEET	14.5857205337	0.498331523952
8658	SWEET	33.3880889772	0.889617764869
5366244	SWEET	14.8614740923	0.506113598814
6998	SWEET	32.7225856967	0.880596381997
7820	SWEET	16.0956820987	0.54019889106
5315892	SWEET	13.5199108032	0.467681236878
7144	SWEET	13.7870531135	0.475448991119
12180	SWEET	16.0185271844	0.538103802112
8452	SWEET	13.4991384937	0.467074843719
6106	SWEET	14.328025318	0.491004088913
8093	SWEET	15.8158461832	0.532577451131
7761	SWEET	16.6454724934	0.554990197925
8908	SWEET	16.1230719105	0.540941497288
444683	SWEET	13.5575169054	0.468778170361
8091	SWEET	16.2799401239	0.54518302478
89440	SWEET	14.6767671892	0.500907689517
8078	SWEET	11.5581287305	0.408889013321
62900	SWEET	15.1663925528	0.514647916885
7122	SWEET	14.17093069	0.486511116951
7410	SWEET	13.9779393698	0.480964459181
5364729	SWEET	16.0576496151	0.53916674014
61209	SWEET	14.0104665026	0.481901391457
1550470	SWEET	16.3888874057	0.548117244068
62902	SWEET	16.0842920394	0.539889901413
807	SWEET	2.77551020408	0.107939025406
1001	SWEET	13.5592503056	0.468828704684
13216	SWEET	12.4310631511	0.435429993619
5960	SWEET	14.494963943	0.495756965836
10448	SWEET	13.6056627975	0.470180887835
177	SWEET	14.3243760324	0.49089994181
1049	SWEET	12.337237998	0.432606543352
61337	SWEET	15.1115541786	0.513118539266
679	SWEET	14.4454190053	0.494348708116
12206	SWEET	16.233669561	0.543933971474
7151	SWEET	14.3915824964	0.492816241155
6826	SWEET	14.7079970134	0.501789810078
88454	SWEET	16.3592936667	0.54732115096
7997	SWEET	15.8743523769	0.53417606972
6137	SWEET	14.1511230678	0.48594320908
36822	SWEET	11.9877887233	0.422028717544
61659	SWEET	13.321879596	0.461886193451
6505	SWEET	16.215698806	0.543448397133
8918	SWEET	15.7983811106	0.532099706137
12297	SWEET	14.3456207626	0.491506096479
5273467	SWEET	14.8551185532	0.505934923235
22310	SWEET	14.0646022777	0.483458876215
33032	SWEET	14.6071300596	0.498937902953
8175	SWEET	14.8596414742	0.506062081072
7765	SWEET	15.2625140635	0.517322828323
106997	SWEET	13.9849689376	0.48116701503
6658	SWEET	15.7669839911	0.531240245973
16255	SWEET	16.1026443907	0.54038771308
5541	SWEET	15.7885355747	0.531830280751
23642	SWEET	13.7049353159	0.473067311831
5365027	SWEET	14.9859146553	0.509605530989
1549778	SWEET	15.8115592653	0.532460208052
12810	SWEET	15.2356863713	0.51657699917
61027	SWEET	16.2016108714	0.543067556923
5363388	SWEET	15.9291540776	0.535670983254
8163	SWEET	15.5104144488	0.524187395403
12348	SWEET	16.1658480768	0.542100065455
13561	SWEET	15.8837785132	0.534433372587
14228	FRUIT	8.22380620135	0.301899852679
778574	FRUIT	5.93427633504	0.223284799153
61918	FRUIT	5.80464595673	0.218708272396
7119	FRUIT	4.72368871351	0.180022254516
8892	FRUIT	7.42645513719	0.274997311126
18827	FRUIT	7.32132019325	0.271412115981
69963	FRUIT	7.15898415028	0.265858944386
261	FRUIT	6.83002148714	0.25454118208
8658	FRUIT	10.1839322913	0.365872300885
5366244	FRUIT	7.12223050127	0.264598753126
6998	FRUIT	10.2613482512	0.368335822875
7820	FRUIT	7.28429058636	0.270147267716
5315892	FRUIT	4.74614732946	0.180835527389
7144	FRUIT	4.76075189673	0.18136417242
12180	FRUIT	7.4882284352	0.277099711369
8452	FRUIT	4.91153155873	0.186812005448
6106	FRUIT	6.1588626575	0.231181870606
8093	FRUIT	7.84390614956	0.289145500509
7761	FRUIT	7.8677228707	0.28994848956
8908	FRUIT	7.95987451913	0.293051139821
444683	FRUIT	5.91113501076	0.222468793584
8091	FRUIT	8.12784254903	0.298688972161
89440	FRUIT	5.67887539014	0.214255165327
8078	FRUIT	3.75466375779	0.144547550338
62900	FRUIT	6.84974414131	0.255222167732
7122	FRUIT	5.15069706127	0.195416010364
7410	FRUIT	5.25073801115	0.199001420581
5364729	FRUIT	7.3119492802	0.271092130298
61209	FRUIT	5.18130372539	0.196513785698
1550470	FRUIT	7.5328551024	0.278616641699
62902	FRUIT	7.7238594192	0.285091175037
807	FRUIT	2.04081632653	0.0799666805497
1001	FRUIT	4.84877203524	0.18454664531
13216	FRUIT	3.97264816052	0.152593153058
5960	FRUIT	6.06436493579	0.227863988602
10448	FRUIT	6.12581131037	0.230022226731
177	FRUIT	6.0319119818	0.22672289441
1049	FRUIT	3.88103113853	0.149216284462
61337	FRUIT	6.1812664998	0.231967437776
679	FRUIT	6.12242287148	0.229903290132
12206	FRUIT	7.77994839439	0.286986896968
7151	FRUIT	5.5736412447	0.210519459098
6826	FRUIT	5.67639880289	0.214167350768
88454	FRUIT	8.14839532326	0.299377274393
7997	FRUIT	7.38483735731	0.273579165175
6137	FRUIT	6.18549123277	0.232115528594
36822	FRUIT	3.53022932685	0.136224165434
61659	FRUIT	4.70394283698	0.179306882194
6505	FRUIT	7.87094298864	0.290057022133
8918	FRUIT	7.84671472219	0.289240216115
12297	FRUIT	6.77967566949	0.252801425906
5273467	FRUIT	6.05593066492	0.22756750811
22310	FRUIT	5.67333924355	0.214058858473
33032	FRUIT	6.40600340764	0.239825384442
8175	FRUIT	7.59040490287	0.280570497479
7765	FRUIT	7.14922507548	0.265524435347
106997	FRUIT	5.97678233313	0.224782522502
6658	FRUIT	6.89190178982	0.25667674748
16255	FRUIT	8.06585871968	0.296611118033
5541	FRUIT	7.1753288022	0.26641901472
23642	FRUIT	4.73733935763	0.180516620629
5365027	FRUIT	7.61442770211	0.281385304392
1549778	FRUIT	7.52742486408	0.27843214453
12810	FRUIT	7.07124660071	0.262848852633
61027	FRUIT	8.13602838929	0.298963152391
5363388	FRUIT	7.59645860218	0.280775870769
8163	FRUIT	7.75067670296	0.285997872377
12348	FRUIT	7.87506378702	0.290195899621
13561	FRUIT	7.94741606041	0.292632073602
14228	FISH	1.15009444196	0.0454746907883
778574	FISH	1.35183899126	0.0533425721872
61918	FISH	1.36019739184	0.0536678408956
7119	FISH	1.35064149407	0.0532959667845
8892	FISH	1.25214493732	0.0494586507152
18827	FISH	1.28171517316	0.0506114894123
69963	FISH	1.33216837171	0.0525768658403
261	FISH	1.49158838136	0.0587736008948
8658	FISH	1.36144227107	0.05371628082
5366244	FISH	1.23994756028	0.0489829144304
6998	FISH	1.37929287206	0.0544107353516
7820	FISH	1.33952460999	0.0528632539274
5315892	FISH	1.43401734099	0.0565381313458
7144	FISH	1.30958187062	0.0516972729544
12180	FISH	1.31946667684	0.0520822701491
8452	FISH	1.73726222079	0.0682832568222
6106	FISH	1.36493615079	0.0538522257533
8093	FISH	1.19027701838	0.0470443769829
7761	FISH	1.3176084922	0.0520099028324
8908	FISH	1.17903675244	0.046605419032
444683	FISH	1.43290941155	0.0564950847091
8091	FISH	1.17213745639	0.0463359357691
89440	FISH	1.28631549544	0.0507907767961
8078	FISH	2.81165383736	0.109303994574
62900	FISH	1.33419365538	0.0526557171312
7122	FISH	1.31760920006	0.0520099304009
7410	FISH	1.36111291644	0.0537034653092
5364729	FISH	1.28065122909	0.0505700221354
61209	FISH	1.44416986047	0.0569325437844
1550470	FISH	1.29094106845	0.0509710312012
62902	FISH	1.28673300592	0.0508070475055
807	FISH	3.02040816327	0.117167180342
1001	FISH	1.45624758418	0.0574016405566
13216	FISH	1.94674317644	0.0763538034594
5960	FISH	1.35776474683	0.05357317983
10448	FISH	3.72697912551	0.14352301566
177	FISH	1.4715104811	0.0579942820056
1049	FISH	1.52518629499	0.0600769745059
61337	FISH	1.37484206613	0.0542376063624
679	FISH	1.43350943078	0.056518397516
12206	FISH	1.26934071507	0.0501291382626
7151	FISH	1.33880496139	0.0528352389659
6826	FISH	1.32448797294	0.0522778115614
88454	FISH	1.19006358709	0.0470360429473
7997	FISH	1.28302553031	0.0506625594078
6137	FISH	3.54739155509	0.136862067465
36822	FISH	1.67055956767	0.0657060749993
61659	FISH	2.83338172014	0.110124048017
6505	FISH	1.20618233509	0.0476653430734
8918	FISH	1.12972438199	0.0446784644079
12297	FISH	1.34528096516	0.0530873262563
5273467	FISH	1.35721687119	0.0535518597935
22310	FISH	1.41611857662	0.0558425863354
33032	FISH	1.39152654734	0.0548865234407
8175	FISH	1.18606574303	0.0468799289424
7765	FISH	1.39528314283	0.0550325996938
106997	FISH	1.43301044269	0.0564990101362
6658	FISH	1.2690862023	0.0501192161765
16255	FISH	1.18879593836	0.0469865432211
5541	FISH	1.3124141345	0.0518075930359
23642	FISH	1.41117015078	0.0556502455536
5365027	FISH	1.2339994895	0.0487508776839
1549778	FISH	1.27110418729	0.0501978851496
12810	FISH	1.33507365584	0.0526899775669
61027	FISH	1.15500869469	0.0456667297536
5363388	FISH	1.32712035146	0.0523803146876
8163	FISH	1.13487600551	0.0448798628013
12348	FISH	1.20487430359	0.0476142833088
13561	FISH	1.19883972347	0.0473787022659
14228	GARLIC	2.71893814716	0.105800476027
778574	GARLIC	2.78935835415	0.108462126155
61918	GARLIC	3.04572854852	0.118118556984
7119	GARLIC	2.65677825262	0.103447741832
8892	GARLIC	2.96788570815	0.115192090095
18827	GARLIC	3.05246180606	0.118371463011
69963	GARLIC	3.20391465766	0.124050558653
261	GARLIC	3.27830454975	0.126833269701
8658	GARLIC	2.72722973356	0.106114076534
5366244	GARLIC	2.8713887085	0.111557599094
6998	GARLIC	2.70223206256	0.105168459254
7820	GARLIC	3.06517067498	0.118848718492
5315892	GARLIC	2.83031431484	0.110008300945
7144	GARLIC	2.79806262811	0.108790843336
12180	GARLIC	3.09679561615	0.120035767411
8452	GARLIC	4.03195052495	0.154775370984
6106	GARLIC	3.15941528148	0.122383849291
8093	GARLIC	2.87845971017	0.111824176286
7761	GARLIC	2.98139859493	0.115700448764
8908	GARLIC	2.83760307892	0.110283326663
444683	GARLIC	3.39060019315	0.131025539858
8091	GARLIC	2.81009694072	0.109245219702
89440	GARLIC	2.81601704862	0.109468701137
8078	GARLIC	4.39940763533	0.168234390397
62900	GARLIC	3.05410981545	0.118433357912
7122	GARLIC	2.70927356177	0.105434877178
7410	GARLIC	2.78142969886	0.108162647486
5364729	GARLIC	3.03715986677	0.117796658648
61209	GARLIC	3.28496692511	0.127082273925
1550470	GARLIC	2.95805157964	0.114822035526
62902	GARLIC	2.95413704042	0.114674711355
807	GARLIC	1.16326530612	0.0459893377758
1001	GARLIC	2.82321117539	0.109740238479
13216	GARLIC	4.54539393946	0.173551515152
5960	GARLIC	3.12978545283	0.121273195321
10448	GARLIC	3.99087887233	0.153264309224
177	GARLIC	3.28637609193	0.12713493655
1049	GARLIC	2.97516580499	0.115465987573
61337	GARLIC	2.93544936611	0.113971229452
679	GARLIC	3.35686663395	0.129767243919
12206	GARLIC	2.98721952326	0.115919388738
7151	GARLIC	2.87050459939	0.111524265314
6826	GARLIC	2.75648380782	0.10722007112
88454	GARLIC	2.8167451593	0.109496185055
7997	GARLIC	3.06153366334	0.118712151185
6137	GARLIC	3.57974936542	0.138064132409
36822	GARLIC	3.44258607037	0.132962883274
61659	GARLIC	3.2027652543	0.124007528062
6505	GARLIC	2.76027796599	0.10736346486
8918	GARLIC	2.76814449839	0.10766073035
12297	GARLIC	3.18735513428	0.12343051227
5273467	GARLIC	2.81149977068	0.109298178443
22310	GARLIC	3.29521557131	0.127465244588
33032	GARLIC	3.1383716672	0.121595116
8175	GARLIC	2.78465346697	0.108284420706
7765	GARLIC	3.16790783627	0.122702057427
106997	GARLIC	3.33701332606	0.129026269867
6658	GARLIC	3.04814209859	0.118209215842
16255	GARLIC	2.73876305929	0.106550193133
5541	GARLIC	2.96125885092	0.114942732444
23642	GARLIC	2.79146463815	0.108541675596
5365027	GARLIC	2.88916865407	0.112227827958
1549778	GARLIC	2.90155796623	0.112694703197
12810	GARLIC	3.13510455846	0.121472630101
61027	GARLIC	2.72553822323	0.106050105487
5363388	GARLIC	2.93753863621	0.114049892153
8163	GARLIC	2.78211441672	0.108188512418
12348	GARLIC	2.88943852686	0.112237999074
13561	GARLIC	2.83583983588	0.110216798405
14228	SPICES	5.38157070209	0.203678306795
778574	SPICES	6.91743233423	0.25755694533
61918	SPICES	6.75326474038	0.251887955754
7119	SPICES	7.52113214551	0.27821831432
8892	SPICES	5.61890998513	0.212127539637
18827	SPICES	5.84082112821	0.219986768548
69963	SPICES	5.84419115615	0.220105818138
261	SPICES	6.04332552831	0.227124307756
8658	SPICES	7.37959951063	0.27340058485
5366244	SPICES	6.03790644744	0.22693373219
6998	SPICES	7.51243387563	0.277922689931
7820	SPICES	6.22482283801	0.233493545774
5315892	SPICES	7.29061420093	0.270363345867
7144	SPICES	7.80418825914	0.287805388612
12180	SPICES	6.04188711467	0.227073724624
8452	SPICES	7.00939515818	0.260723158134
6106	SPICES	6.40609267068	0.239828497505
8093	SPICES	5.60925952783	0.211784864133
7761	SPICES	5.9903620987	0.225260708719
8908	SPICES	5.63465481701	0.212686458718
444683	SPICES	6.51206975245	0.243519969114
8091	SPICES	5.56403843632	0.210178127965
89440	SPICES	7.16879010651	0.266194983624
8078	SPICES	7.0591941296	0.26243487648
62900	SPICES	6.21157303059	0.233029465418
7122	SPICES	7.16220858152	0.265969450555
7410	SPICES	6.91901721078	0.257611568766
5364729	SPICES	6.38941711525	0.239246824181
61209	SPICES	7.14649213627	0.265430745509
1550470	SPICES	6.30620292688	0.236340838933
62902	SPICES	6.02531948246	0.226490989352
807	SPICES	3.83673469388	0.147581174511
1001	SPICES	7.01974794846	0.261079173434
13216	SPICES	7.57392696393	0.280011330695
5960	SPICES	6.09716536435	0.229016444382
10448	SPICES	6.26075957918	0.234751538964
177	SPICES	6.63013894915	0.247622060972
1049	SPICES	7.46065961993	0.276161808011
61337	SPICES	6.84545667898	0.255074156302
679	SPICES	6.59673302911	0.246462566501
12206	SPICES	5.88713772933	0.221622152916
7151	SPICES	6.98504822977	0.259885569682
6826	SPICES	7.04842703181	0.262064951823
88454	SPICES	5.57997431593	0.210744527291
7997	SPICES	5.99281297237	0.225346995966
6137	SPICES	6.30002112747	0.236124738616
36822	SPICES	7.88377176384	0.290489327664
61659	SPICES	7.28892340901	0.270305574575
6505	SPICES	5.67291758235	0.214043905736
8918	SPICES	5.42202818979	0.205121771715
12297	SPICES	6.04450658599	0.227165839492
5273467	SPICES	6.82202275992	0.254264912582
22310	SPICES	7.09048879265	0.263509539179
33032	SPICES	5.96105109877	0.22422839187
8175	SPICES	5.25590006291	0.199186208328
7765	SPICES	6.34961516433	0.237857561479
106997	SPICES	6.72092766383	0.250768759088
6658	SPICES	6.44768733635	0.241278424659
16255	SPICES	5.63431152599	0.212674274491
5541	SPICES	6.23801292832	0.233955395015
23642	SPICES	7.54125568152	0.278902012359
5365027	SPICES	5.5848182784	0.210916653055
1549778	SPICES	6.11945503247	0.229799109341
12810	SPICES	6.03572097326	0.226856867864
61027	SPICES	5.41978066079	0.205041617467
5363388	SPICES	6.06535327877	0.227898726992
8163	SPICES	5.37506650155	0.203446124104
12348	SPICES	5.74975428627	0.21676630171
13561	SPICES	5.53088332042	0.208999064695
14228	COLD	4.7508197073	0.181004673135
778574	COLD	4.58499046673	0.174990763637
61918	COLD	4.58155238833	0.174865846618
7119	COLD	4.90974589668	0.186747593959
8892	COLD	4.66276261221	0.177813962417
18827	COLD	5.14529425179	0.195222148897
69963	COLD	5.05992091906	0.19215571688
261	COLD	4.99117465516	0.189682256431
8658	COLD	4.56717374859	0.174343319524
5366244	COLD	5.13709099715	0.194927758321
6998	COLD	4.53573276767	0.173200162011
7820	COLD	4.19686436004	0.160829106219
5315892	COLD	4.83464885614	0.184036422421
7144	COLD	4.61858167478	0.176210748317
12180	COLD	4.69259641704	0.178895672228
8452	COLD	6.22676492731	0.233561556509
6106	COLD	4.50856707209	0.172211812066
8093	COLD	5.23764551796	0.19853264849
7761	COLD	4.24607311519	0.162631269848
8908	COLD	4.82640862802	0.183738657023
444683	COLD	5.23725505731	0.198518666078
8091	COLD	4.77920115553	0.182031740747
89440	COLD	5.35573851702	0.202755966656
8078	COLD	7.81338409715	0.288115775466
62900	COLD	4.89303803558	0.186144792936
7122	COLD	4.91231770017	0.186840361932
7410	COLD	4.95350339649	0.1883252575
5364729	COLD	4.76887348446	0.181658077654
61209	COLD	5.20465084816	0.197350677746
1550470	COLD	4.725046501	0.180071434266
62902	COLD	4.73511238903	0.180435979827
807	COLD	4.51020408163	0.172271386922
1001	COLD	4.86371203244	0.185086203404
13216	COLD	6.96088595974	0.259053865052
5960	COLD	4.20636345645	0.161177140847
10448	COLD	4.12845462958	0.158320530132
177	COLD	4.99696787921	0.189890839974
1049	COLD	4.52417869028	0.172779870482
61337	COLD	4.22571199468	0.161885823042
679	COLD	4.33184010753	0.165767668814
12206	COLD	4.6960370771	0.179020377392
7151	COLD	4.4040665282	0.168404340334
6826	COLD	4.46493090349	0.170622992951
88454	COLD	4.79473422448	0.182593578466
7997	COLD	4.75980459941	0.181329888046
6137	COLD	3.77594820365	0.145334814211
36822	COLD	5.37052054316	0.203283825365
61659	COLD	3.81318656754	0.146711305982
6505	COLD	3.79158327562	0.14591288953
8918	COLD	4.86118998871	0.184995132306
12297	COLD	5.15867624263	0.195702273475
5273467	COLD	4.5691860003	0.17441645573
22310	COLD	5.38810687208	0.203911596617
33032	COLD	4.13089582873	0.15841011301
8175	COLD	5.2363293062	0.198485514407
7765	COLD	4.80487457421	0.182960255099
106997	COLD	5.99582090585	0.2254528889
6658	COLD	4.83971461661	0.184219449636
16255	COLD	4.75293431158	0.181081218635
5541	COLD	3.91297621338	0.150394495397
23642	COLD	4.11040565312	0.157658052271
5365027	COLD	5.20700124383	0.197434904972
1549778	COLD	5.13040730149	0.194687860428
12810	COLD	5.00831248522	0.190299221829
61027	COLD	4.72110774991	0.179928766642
5363388	COLD	4.75134470464	0.181023677585
8163	COLD	5.24772320247	0.198893488575
12348	COLD	4.78932982896	0.182398121074
13561	COLD	5.16350116111	0.195875348748
14228	SOUR	8.86213579842	0.323070451573
778574	SOUR	8.19147455785	0.300818880141
61918	SOUR	8.71023063472	0.318061978305
7119	SOUR	7.44396891639	0.275593687364
8892	SOUR	9.60005677408	0.347137834937
18827	SOUR	9.28125983755	0.336793679833
69963	SOUR	9.52792065125	0.344804317275
261	SOUR	14.0218382261	0.482228750147
8658	SOUR	7.69358539824	0.284066913418
5366244	SOUR	8.91526277729	0.324817746936
6998	SOUR	7.59437102365	0.280705052448
7820	SOUR	9.4823523747	0.343328092365
5315892	SOUR	7.70628180639	0.284496560544
7144	SOUR	7.82407108443	0.288476408044
12180	SOUR	9.52265281627	0.344633745987
8452	SOUR	7.93632814396	0.292259003995
6106	SOUR	9.49132337319	0.343618847178
8093	SOUR	9.15340205287	0.332622174458
7761	SOUR	9.28336007708	0.336862093355
8908	SOUR	8.97681061173	0.326839172966
444683	SOUR	9.31901723743	0.338023056589
8091	SOUR	9.00608208276	0.327799477518
89440	SOUR	8.26965936069	0.303431468051
8078	SOUR	7.28830207494	0.270284344143
62900	SOUR	8.80783969961	0.321282371915
7122	SOUR	7.95201981252	0.292786944861
7410	SOUR	8.09903307891	0.297723588431
5364729	SOUR	9.28554577724	0.336933286937
61209	SOUR	8.2650508669	0.303277608343
1550470	SOUR	9.08901844099	0.330516635152
62902	SOUR	9.17293585918	0.333260333457
807	SOUR	9.73469387755	0.351482049146
1001	SOUR	7.67559458582	0.283457882534
13216	SOUR	7.90124627894	0.291077974053
5960	SOUR	10.1745041773	0.36557195299
10448	SOUR	9.70579483358	0.350550812002
177	SOUR	13.5449413462	0.468411479419
1049	SOUR	7.32022247791	0.271374636266
61337	SOUR	8.5474917823	0.312675824985
679	SOUR	9.35086467511	0.339059118935
12206	SOUR	9.35107097647	0.339065827696
7151	SOUR	8.28528304618	0.303952955785
6826	SOUR	8.11177763013	0.298150730677
88454	SOUR	9.0125072133	0.328010174024
7997	SOUR	9.24162674037	0.335502003692
6137	SOUR	9.81741026885	0.354143792999
36822	SOUR	7.37289752108	0.273172053701
61659	SOUR	7.94438644065	0.292530147259
6505	SOUR	9.0052380019	0.327771795488
8918	SOUR	8.80394863676	0.321154140831
12297	SOUR	9.31047181418	0.337744918406
5273467	SOUR	8.27113409318	0.303480700052
22310	SOUR	8.61999252087	0.315077992411
33032	SOUR	10.1594575787	0.36509247183
8175	SOUR	12.0087512224	0.422666006527
7765	SOUR	9.0452560654	0.329083579701
106997	SOUR	8.63317489204	0.315514312195
6658	SOUR	9.40890103307	0.340945073863
16255	SOUR	8.90198877117	0.324381389214
5541	SOUR	9.22586494319	0.334987964147
23642	SOUR	7.58317849927	0.28032530151
5365027	SOUR	8.97563767872	0.326800678453
1549778	SOUR	9.20447021114	0.334289899699
12810	SOUR	8.58346496704	0.313868250345
61027	SOUR	8.9623941395	0.326365962095
5363388	SOUR	9.06882876875	0.329855688655
8163	SOUR	8.93134154734	0.32534611716
12348	SOUR	9.07367479459	0.330014362072
13561	SOUR	9.12464419483	0.33168211512
14228	BURNT	4.89999669726	0.186395880837
778574	BURNT	5.45368615306	0.20625036906
61918	BURNT	5.87416967724	0.221164439331
7119	BURNT	5.97055793011	0.224563292406
8892	BURNT	4.98763876956	0.189554934584
18827	BURNT	5.0803312159	0.192889342531
69963	BURNT	4.98384260426	0.189418229329
261	BURNT	4.99727206594	0.189901791397
8658	BURNT	5.84405981657	0.220101178607
5366244	BURNT	5.19325652669	0.196942295727
6998	BURNT	6.0902121652	0.228772212921
7820	BURNT	4.93767302806	0.18775467515
5315892	BURNT	5.92092272692	0.222813978702
7144	BURNT	5.98903900036	0.225214124755
12180	BURNT	4.8721560322	0.185391079527
8452	BURNT	5.61535404761	0.212001281473
6106	BURNT	5.26983248085	0.199684845484
8093	BURNT	4.96098220097	0.18859475028
7761	BURNT	4.81479531969	0.183318911199
8908	BURNT	4.87701308162	0.185566420625
444683	BURNT	5.25070122423	0.199000103631
8091	BURNT	4.92693460474	0.18736751035
89440	BURNT	5.5551643846	0.209862634848
8078	BURNT	5.23609103158	0.198476981547
62900	BURNT	5.16183225158	0.195815485186
7122	BURNT	5.88767117451	0.221640978237
7410	BURNT	5.82651670068	0.219481349282
5364729	BURNT	4.87637486512	0.185543381875
61209	BURNT	5.56016383195	0.210040384543
1550470	BURNT	4.90127798296	0.186442108972
62902	BURNT	4.86044936672	0.18496838745
807	BURNT	5.44897959184	0.206082632237
1001	BURNT	5.97587435604	0.224750544514
13216	BURNT	5.5735462987	0.21051608461
5960	BURNT	5.29931883371	0.200739641308
10448	BURNT	5.8826215797	0.221462768528
177	BURNT	5.12226747485	0.19439564936
1049	BURNT	6.73780526517	0.25135300269
61337	BURNT	5.61603671707	0.21202552132
679	BURNT	5.12854436704	0.194620987752
12206	BURNT	4.82813485766	0.183801039825
7151	BURNT	5.90116024215	0.222116932805
6826	BURNT	5.61920189592	0.212137903858
88454	BURNT	4.8331695928	0.183982972387
7997	BURNT	4.85420561349	0.184742899684
6137	BURNT	7.40995187399	0.27443512025
36822	BURNT	6.90476618734	0.257120329053
61659	BURNT	8.94089111937	0.325659831171
6505	BURNT	4.87914905616	0.185643524041
8918	BURNT	5.00807092777	0.190290527344
12297	BURNT	5.09462554428	0.193402937997
5273467	BURNT	5.41718063375	0.204948886942
22310	BURNT	5.14039660448	0.195046393279
33032	BURNT	5.22360749238	0.198029869601
8175	BURNT	5.15984858655	0.195744328488
7765	BURNT	4.99173027988	0.18970226272
106997	BURNT	5.11580676812	0.194163679169
6658	BURNT	4.962104329	0.188635181411
16255	BURNT	4.94272990369	0.187936964587
5541	BURNT	4.92411039619	0.18726567057
23642	BURNT	6.37197501397	0.238638174327
5365027	BURNT	5.10281995816	0.193697289716
1549778	BURNT	4.85501565013	0.18477215522
12810	BURNT	5.18042590435	0.196482311154
61027	BURNT	4.94285408063	0.18794144064
5363388	BURNT	4.79964810316	0.182771275361
8163	BURNT	5.09747619624	0.193505342421
12348	BURNT	4.81383975392	0.183284368886
13561	BURNT	4.94220923083	0.187918196401
14228	ACID	6.44886017357	0.241319287928
778574	ACID	6.61433237162	0.247073537776
61918	ACID	6.71193915942	0.250457515465
7119	ACID	6.85518238693	0.255409885254
8892	ACID	6.58099069877	0.24591585252
18827	ACID	6.81748199671	0.254108055558
69963	ACID	6.53416220728	0.244288377991
261	ACID	6.64704933143	0.248208667331
8658	ACID	3.56116281185	0.137373760245
5366244	ACID	6.6972943602	0.249950273709
6998	ACID	3.59665813687	0.138691945573
7820	ACID	6.40908410497	0.239932820573
5315892	ACID	6.72840761065	0.251027716836
7144	ACID	6.87035518225	0.255933495158
12180	ACID	6.51376962435	0.243579107087
8452	ACID	7.14775973926	0.265474201854
6106	ACID	6.65317699677	0.248421174211
8093	ACID	6.64718125803	0.24821324285
7761	ACID	6.42599561837	0.24052245686
8908	ACID	6.56324731908	0.245299406615
444683	ACID	7.17124306014	0.266279031595
8091	ACID	6.49820706496	0.243037604575
89440	ACID	6.62073216291	0.247295648767
8078	ACID	7.80492339536	0.287830204131
62900	ACID	6.73742521117	0.251339849057
7122	ACID	6.72799836112	0.251013549666
7410	ACID	6.74389442495	0.251563732192
5364729	ACID	6.30375280224	0.236255192333
61209	ACID	6.83869468359	0.254840689353
1550470	ACID	6.32890936015	0.23713433693
62902	ACID	6.62149559054	0.247322142079
807	ACID	16.5714285714	0.553012244897
1001	ACID	6.76225095332	0.25219882295
13216	ACID	7.38115562347	0.273453641604
5960	ACID	6.35593047709	0.238078078192
10448	ACID	6.73929985068	0.251404729036
177	ACID	6.51847027373	0.243742629066
1049	ACID	6.81377871898	0.253980116587
61337	ACID	6.55948026273	0.245168497982
679	ACID	6.82177053974	0.254256200271
12206	ACID	6.49985456877	0.243094938985
7151	ACID	6.61917561416	0.247241630242
6826	ACID	6.69568066896	0.24989437091
88454	ACID	6.50543568686	0.243289150084
7997	ACID	6.58199496154	0.245950735392
6137	ACID	6.50590914345	0.243305624225
36822	ACID	7.11652560373	0.264403049482
61659	ACID	6.87164864994	0.25597812393
6505	ACID	6.45872261042	0.241662865314
8918	ACID	6.60604398581	0.246785832575
12297	ACID	6.95914965233	0.25899408054
5273467	ACID	6.57332763415	0.245649650892
22310	ACID	6.82847171649	0.254487658266
33032	ACID	6.36944268833	0.238549787469
8175	ACID	6.72698195108	0.250978363575
7765	ACID	6.90245632955	0.257040691829
106997	ACID	7.01459856712	0.260902105462
6658	ACID	6.50534308366	0.243285927892
16255	ACID	6.50463919323	0.243261435316
5541	ACID	6.55626294993	0.24505668445
23642	ACID	6.87953053277	0.25625004517
5365027	ACID	6.65554897136	0.24850342601
1549778	ACID	6.4310524266	0.240698722939
12810	ACID	6.72875526033	0.251039751472
61027	ACID	6.35452759622	0.23802909546
5363388	ACID	6.34561415295	0.237717838527
8163	ACID	6.69353511949	0.249820039821
12348	ACID	6.55496921273	0.245011719957
13561	ACID	6.61195465737	0.246991008538
14228	WARM	5.24704746374	0.198869295715
778574	WARM	6.14932389505	0.230847282055
61918	WARM	6.01074321809	0.22597811511
7119	WARM	6.28741001753	0.23568379081
8892	WARM	5.28762171418	0.20032129121
18827	WARM	5.11340390349	0.194077396348
69963	WARM	5.13817100106	0.194966519548
261	WARM	5.5568368515	0.209922099742
8658	WARM	6.52422864548	0.243942922052
5366244	WARM	5.44621746329	0.205984184668
6998	WARM	6.60107666187	0.246613381236
7820	WARM	5.61655858875	0.212044051398
5315892	WARM	6.05967687617	0.227699201509
7144	WARM	6.341022501	0.237557473497
12180	WARM	5.45299912667	0.206225885277
8452	WARM	5.95423234573	0.223988140699
6106	WARM	5.9966012619	0.225480359798
8093	WARM	5.18233672625	0.196550823472
7761	WARM	5.73311796829	0.216177262076
8908	WARM	5.19269381461	0.196922124964
444683	WARM	5.17682712064	0.196353269211
8091	WARM	5.29113778952	0.200447055938
89440	WARM	6.48868906284	0.242706328212
8078	WARM	5.71038380229	0.215371958824
62900	WARM	5.84532051497	0.22014571183
7122	WARM	6.34246391457	0.23760781718
7410	WARM	6.17141310828	0.23162198843
5364729	WARM	5.75788150994	0.217053980604
61209	WARM	6.50290693337	0.243201157901
1550470	WARM	5.66216636542	0.213662603437
62902	WARM	5.67781130029	0.214217435547
807	WARM	5.55102040816	0.209715285298
1001	WARM	5.9106093688	0.222450253508
13216	WARM	6.21664073175	0.233206980475
5960	WARM	6.01157658765	0.226007442278
10448	WARM	5.79599732736	0.218402459087
177	WARM	5.78096517566	0.217870783682
1049	WARM	6.09642488917	0.228990436995
61337	WARM	6.20518794288	0.232805774753
679	WARM	6.11492519432	0.22964008372
12206	WARM	5.32520794991	0.201665182112
7151	WARM	6.23050218319	0.233692424346
6826	WARM	6.18658306998	0.232153798767
88454	WARM	5.26600894488	0.199548017712
7997	WARM	5.30807880289	0.201052871885
6137	WARM	6.38591144649	0.239124511859
36822	WARM	6.28930741851	0.235750141618
61659	WARM	6.44551515731	0.241202740035
6505	WARM	5.59429798618	0.211253451464
8918	WARM	5.15777538668	0.195669956692
12297	WARM	5.05835542929	0.192099433312
5273467	WARM	6.05011333204	0.227362984749
22310	WARM	6.23465800067	0.233837935873
33032	WARM	5.80229851049	0.218625273218
8175	WARM	5.2522065776	0.199053993531
7765	WARM	5.45633383895	0.206344721973
106997	WARM	6.26485836636	0.234894954514
6658	WARM	5.97163580103	0.224601258385
16255	WARM	5.40441059666	0.204493362307
5541	WARM	5.8375624612	0.219871644253
23642	WARM	6.45803234877	0.241638821224
5365027	WARM	4.99853259465	0.189947172546
1549778	WARM	5.59748751766	0.211366754102
12810	WARM	5.68226070541	0.214375193527
61027	WARM	5.36742605197	0.203173337109
5363388	WARM	5.46589105075	0.206685256038
8163	WARM	5.16854953579	0.19605641971
12348	WARM	5.20558182229	0.197384040048
13561	WARM	5.24331478821	0.198735651541
14228	MUSKY	7.79079194879	0.287353102276
778574	MUSKY	7.88126806974	0.290404968235
61918	MUSKY	8.12982929422	0.298755522027
7119	MUSKY	7.75770249286	0.286235320527
8892	MUSKY	8.37675135017	0.307002068734
18827	MUSKY	8.05744591459	0.296328862717
69963	MUSKY	8.26614822041	0.303314246256
261	MUSKY	12.7516791677	0.445025038068
8658	MUSKY	7.67436766063	0.283416338829
5366244	MUSKY	8.01639840607	0.294950878881
6998	MUSKY	7.91873510862	0.291666858057
7820	MUSKY	7.9080151077	0.291305923131
5315892	MUSKY	8.0209991743	0.29510539587
7144	MUSKY	7.66441282641	0.283079223467
12180	MUSKY	7.92654814369	0.291929859558
8452	MUSKY	7.41186991431	0.274500470322
6106	MUSKY	8.49599750582	0.310967110785
8093	MUSKY	7.87564820733	0.290215594419
7761	MUSKY	7.76908153022	0.286619810079
8908	MUSKY	7.70369669108	0.28440909056
444683	MUSKY	8.20879268915	0.301397996601
8091	MUSKY	7.75077982704	0.286001357911
89440	MUSKY	7.80704570928	0.287901843289
8078	MUSKY	6.94793685142	0.25860794346
62900	MUSKY	7.73555146568	0.285486556036
7122	MUSKY	8.01568944088	0.29492706675
7410	MUSKY	8.06922169013	0.296723932132
5364729	MUSKY	7.80490917927	0.287829724252
61209	MUSKY	7.61405723732	0.281372742448
1550470	MUSKY	7.63252059459	0.281998675533
62902	MUSKY	7.81206129839	0.288071131244
807	MUSKY	8.83673469388	0.322234235735
1001	MUSKY	8.11701713413	0.298326298503
13216	MUSKY	7.31376137926	0.271154012965
5960	MUSKY	8.92118163163	0.325012272583
10448	MUSKY	8.40248345758	0.307858647001
177	MUSKY	12.3721827187	0.433658946658
1049	MUSKY	8.42935216769	0.308752495521
61337	MUSKY	7.98274015491	0.293819950044
679	MUSKY	8.04507973349	0.295913866172
12206	MUSKY	7.83481851402	0.288838988102
7151	MUSKY	7.96713183068	0.293295197384
6826	MUSKY	7.80501212214	0.287833199195
88454	MUSKY	7.71799807338	0.284892925231
7997	MUSKY	7.79828390841	0.28760606357
6137	MUSKY	8.61653029306	0.314963374006
36822	MUSKY	7.95790273246	0.292984822939
61659	MUSKY	8.19156733956	0.300821983391
6505	MUSKY	7.74763622595	0.285895102202
8918	MUSKY	7.74327242346	0.285747589809
12297	MUSKY	8.1438654732	0.29922560099
5273467	MUSKY	7.92230216199	0.291786937861
22310	MUSKY	7.6026550906	0.280986057853
33032	MUSKY	8.90831222391	0.324589278285
8175	MUSKY	11.5898466874	0.409864049002
7765	MUSKY	7.74463374256	0.28579360898
106997	MUSKY	7.64752239889	0.282507056419
6658	MUSKY	7.82080168571	0.288366091825
16255	MUSKY	7.85340728823	0.289465889115
5541	MUSKY	7.80955497877	0.287986539564
23642	MUSKY	7.78934084639	0.287304101527
5365027	MUSKY	7.89168023402	0.290755762594
1549778	MUSKY	7.76898222392	0.286616455038
12810	MUSKY	7.65542567059	0.282774809945
61027	MUSKY	7.86061731096	0.289708970635
5363388	MUSKY	7.66831346638	0.283211326088
8163	MUSKY	7.90354583474	0.291155418685
12348	MUSKY	7.71931308353	0.284937405549
13561	MUSKY	7.92374168368	0.291835394439
14228	SWEATY	4.62774672133	0.176543452967
778574	SWEATY	4.25979209798	0.163133352432
61918	SWEATY	3.53206082495	0.13629225153
7119	SWEATY	3.61115898893	0.13923017186
8892	SWEATY	3.42982663438	0.132487581078
18827	SWEATY	4.0692742227	0.156147371828
69963	SWEATY	4.24536630478	0.162605398167
261	SWEATY	5.89594237238	0.221932840312
8658	SWEATY	3.02015227268	0.117157563007
5366244	SWEATY	3.92749131373	0.150929577341
6998	SWEATY	2.26602241289	0.0885869534853
7820	SWEATY	3.97414955436	0.152648436302
5315892	SWEATY	4.26076140781	0.163168821203
7144	SWEATY	3.88796079491	0.149471936139
12180	SWEATY	5.89398095892	0.221863633739
8452	SWEATY	4.30924761123	0.164942058459
6106	SWEATY	6.22839166724	0.233618521585
8093	SWEATY	3.87218575772	0.148889901292
7761	SWEATY	3.92946905529	0.151002471389
8908	SWEATY	4.14545531052	0.158944292528
444683	SWEATY	5.79483512621	0.218361359392
8091	SWEATY	4.36207954574	0.166872086644
89440	SWEATY	2.93174492354	0.113831745623
8078	SWEATY	4.05997924303	0.15580579714
62900	SWEATY	3.67422824085	0.141569148368
7122	SWEATY	3.2132453497	0.124399835717
7410	SWEATY	2.29502959944	0.0896943196326
5364729	SWEATY	4.28348022644	0.163999927917
61209	SWEATY	4.67571139139	0.178283544849
1550470	SWEATY	4.19684035512	0.160828226618
62902	SWEATY	4.97908754892	0.189246976829
807	SWEATY	2.24489795918	0.0877800916283
1001	SWEATY	3.76677251224	0.144995470426
13216	SWEATY	3.98505938945	0.153050096243
5960	SWEATY	6.55147644424	0.24489032033
10448	SWEATY	6.07090940593	0.228093999831
177	SWEATY	5.5503571367	0.20969169973
1049	SWEATY	4.4003917048	0.16827028933
61337	SWEATY	4.59186159706	0.175240386712
679	SWEATY	5.44253487383	0.205852920612
12206	SWEATY	4.50175579366	0.171963909656
7151	SWEATY	3.37786761812	0.130550708867
6826	SWEATY	3.43764032501	0.132778664599
88454	SWEATY	4.35857479188	0.166744121989
7997	SWEATY	5.66228770004	0.213666907202
6137	SWEATY	4.34951007137	0.16641310771
36822	SWEATY	3.9696352795	0.152482209479
61659	SWEATY	4.0991095418	0.157243302058
6505	SWEATY	3.95911970599	0.152094936701
8918	SWEATY	4.61357552071	0.176028989194
12297	SWEATY	5.87582780239	0.22122297115
5273467	SWEATY	3.88380803602	0.149318735496
22310	SWEATY	3.93998308146	0.151389936585
33032	SWEATY	3.88407515874	0.149328590414
8175	SWEATY	5.02651883374	0.190954396715
7765	SWEATY	3.91799699102	0.150579599472
106997	SWEATY	2.4156490672	0.0942918185218
6658	SWEATY	5.54937576804	0.209656802155
16255	SWEATY	4.06630900318	0.156038412563
5541	SWEATY	4.14576619513	0.158955696867
23642	SWEATY	2.24935851242	0.0879504950097
5365027	SWEATY	4.93199458823	0.187549955282
1549778	SWEATY	3.24635135564	0.125638535376
12810	SWEATY	4.10867298041	0.157594441752
61027	SWEATY	4.78557231212	0.182262211543
5363388	SWEATY	4.18692092145	0.160464714137
8163	SWEATY	4.61213934934	0.175976842222
12348	SWEATY	3.79817590483	0.146156580112
13561	SWEATY	4.35619361363	0.166657175425
14228	AMMONIA/URINOUS	5.29124328287	0.200450829123
778574	AMMONIA/URINOUS	5.62339824141	0.212286886544
61918	AMMONIA/URINOUS	5.57430840184	0.21054317041
7119	AMMONIA/URINOUS	5.89883958172	0.222035059904
8892	AMMONIA/URINOUS	5.50235948363	0.20798399539
18827	AMMONIA/URINOUS	5.66693891471	0.213831877923
69963	AMMONIA/URINOUS	5.74141801739	0.216471168355
261	AMMONIA/URINOUS	5.64969466085	0.21322016653
8658	AMMONIA/URINOUS	2.85730425228	0.111026495055
5366244	AMMONIA/URINOUS	5.52307781191	0.20872135707
6998	AMMONIA/URINOUS	2.92815964747	0.11369673833
7820	AMMONIA/URINOUS	5.29545664103	0.200601521226
5315892	AMMONIA/URINOUS	5.94019834661	0.223493551305
7144	AMMONIA/URINOUS	5.77631846309	0.217706396529
12180	AMMONIA/URINOUS	5.39832046896	0.204276073204
8452	AMMONIA/URINOUS	6.57564678766	0.245730219236
6106	AMMONIA/URINOUS	5.51643348602	0.208484924078
8093	AMMONIA/URINOUS	5.4656392778	0.206676286026
7761	AMMONIA/URINOUS	5.26885949215	0.199650027547
8908	AMMONIA/URINOUS	5.40874757948	0.204648083028
444683	AMMONIA/URINOUS	5.8180178125	0.219180979993
8091	AMMONIA/URINOUS	5.34725374712	0.20245290083
89440	AMMONIA/URINOUS	5.61354241895	0.211936953362
8078	AMMONIA/URINOUS	8.02962954587	0.295395201577
62900	AMMONIA/URINOUS	5.66839527999	0.21388352918
7122	AMMONIA/URINOUS	5.83691060269	0.219848613954
7410	AMMONIA/URINOUS	5.82065416519	0.219274160643
5364729	AMMONIA/URINOUS	5.26181984747	0.199398094656
61209	AMMONIA/URINOUS	5.96372688606	0.224322660094
1550470	AMMONIA/URINOUS	5.20678586615	0.197427187024
62902	AMMONIA/URINOUS	5.34961277867	0.202537168394
807	AMMONIA/URINOUS	13.1836734694	0.457823240317
1001	AMMONIA/URINOUS	6.09506122027	0.228942540299
13216	AMMONIA/URINOUS	6.87396607904	0.256058079299
5960	AMMONIA/URINOUS	5.31289793454	0.201225163596
10448	AMMONIA/URINOUS	5.86062583191	0.22068625922
177	AMMONIA/URINOUS	5.55520711576	0.209864154191
1049	AMMONIA/URINOUS	5.95436962008	0.223992977774
61337	AMMONIA/URINOUS	5.56619768648	0.210254884785
679	AMMONIA/URINOUS	5.64835015513	0.213172462415
12206	AMMONIA/URINOUS	5.36745817117	0.203174483959
7151	AMMONIA/URINOUS	5.57564055481	0.210590515154
6826	AMMONIA/URINOUS	5.67070146783	0.213965316658
88454	AMMONIA/URINOUS	5.38138478989	0.203671670693
7997	AMMONIA/URINOUS	5.38820221505	0.203914999358
6137	AMMONIA/URINOUS	5.53584072657	0.209175416043
36822	AMMONIA/URINOUS	6.27243437677	0.235160001866
61659	AMMONIA/URINOUS	6.01963032725	0.226290833379
6505	AMMONIA/URINOUS	5.30902640898	0.201086751795
8918	AMMONIA/URINOUS	5.44100948882	0.20579854585
12297	AMMONIA/URINOUS	5.7028566247	0.215105235515
5273467	AMMONIA/URINOUS	5.60875318777	0.211766882582
22310	AMMONIA/URINOUS	5.86781347292	0.220940044936
33032	AMMONIA/URINOUS	5.32003380303	0.201480248255
8175	AMMONIA/URINOUS	5.62879994496	0.21247864227
7765	AMMONIA/URINOUS	5.5381348888	0.209257020333
106997	AMMONIA/URINOUS	5.98180094854	0.224959260906
6658	AMMONIA/URINOUS	5.30408761564	0.200910166452
16255	AMMONIA/URINOUS	5.29443396717	0.200564946274
5541	AMMONIA/URINOUS	5.30647458544	0.200995514407
23642	AMMONIA/URINOUS	5.91704985779	0.222677402704
5365027	AMMONIA/URINOUS	5.58557173778	0.210943424856
1549778	AMMONIA/URINOUS	5.30285490961	0.200866088307
12810	AMMONIA/URINOUS	5.76088793865	0.217160385609
61027	AMMONIA/URINOUS	5.28810433832	0.200338554536
5363388	AMMONIA/URINOUS	5.25706212127	0.199227803992
8163	AMMONIA/URINOUS	5.49005138002	0.207545789539
12348	AMMONIA/URINOUS	5.40321103571	0.20445056563
13561	AMMONIA/URINOUS	5.43593968783	0.205617811397
14228	DECAYED	4.60054135692	0.175555661966
778574	DECAYED	4.33923498769	0.166037815396
61918	DECAYED	4.77535725134	0.181892675302
7119	DECAYED	4.00586861467	0.153815951243
8892	DECAYED	5.00725710426	0.190261234687
18827	DECAYED	4.94331023112	0.187957882829
69963	DECAYED	5.17238472885	0.196193963641
261	DECAYED	5.20989273223	0.197538516377
8658	DECAYED	4.1809571211	0.160246123864
5366244	DECAYED	4.72071434868	0.179914516362
6998	DECAYED	4.1846822182	0.160382662621
7820	DECAYED	4.81199554553	0.183217701369
5315892	DECAYED	4.25235021995	0.162861015841
7144	DECAYED	4.23992781078	0.162406317295
12180	DECAYED	4.95782323824	0.188480925025
8452	DECAYED	4.82849467031	0.1838140425
6106	DECAYED	5.01595684778	0.190574344672
8093	DECAYED	4.77774622097	0.181979105258
7761	DECAYED	4.7240284253	0.180034559187
8908	DECAYED	4.63570752461	0.176832387283
444683	DECAYED	5.20129518383	0.197230418718
8091	DECAYED	4.64045842824	0.17700479536
89440	DECAYED	4.39650790359	0.168128603445
8078	DECAYED	5.55938083229	0.210012547196
62900	DECAYED	4.7738691028	0.181838833628
7122	DECAYED	4.24696790802	0.162664021756
7410	DECAYED	4.34487648591	0.166243878765
5364729	DECAYED	4.7070142602	0.17941817711
61209	DECAYED	4.65268337576	0.177448349992
1550470	DECAYED	4.66075726602	0.177741227324
62902	DECAYED	4.7504423642	0.180991013506
807	DECAYED	3.26530612245	0.126347355269
1001	DECAYED	4.24072737949	0.162435587697
13216	DECAYED	5.00902170201	0.190324748716
5960	DECAYED	5.02108027073	0.190758711995
10448	DECAYED	5.62090360279	0.212198321187
177	DECAYED	5.05675600709	0.192041927758
1049	DECAYED	4.16528160997	0.159671436043
61337	DECAYED	4.42616502279	0.169210226188
679	DECAYED	5.15930184342	0.195724715532
12206	DECAYED	4.83363103825	0.183999645924
7151	DECAYED	4.42587008925	0.169199473151
6826	DECAYED	4.30449597236	0.164768364664
88454	DECAYED	4.67263984045	0.178172168387
7997	DECAYED	4.79478059049	0.182595255255
6137	DECAYED	5.30666165204	0.201002202926
36822	DECAYED	4.61742901019	0.176168900142
61659	DECAYED	4.46354046554	0.170572341227
6505	DECAYED	4.54570813703	0.173562940494
8918	DECAYED	4.51359740406	0.172394871552
12297	DECAYED	5.07372387108	0.192651885275
5273467	DECAYED	4.38941788241	0.167869919558
22310	DECAYED	4.71815471559	0.179821795056
33032	DECAYED	5.11924647013	0.194287185036
8175	DECAYED	4.68383252923	0.178577986304
7765	DECAYED	4.89498391728	0.186215009671
106997	DECAYED	4.81684674057	0.183393064614
6658	DECAYED	4.71727002796	0.179789746512
16255	DECAYED	4.60801358218	0.175827027618
5541	DECAYED	4.63210432804	0.176701616919
23642	DECAYED	4.18593105744	0.16042843477
5365027	DECAYED	4.80651042499	0.183019400014
1549778	DECAYED	4.71458309255	0.179692406207
12810	DECAYED	4.69050969155	0.178820035195
61027	DECAYED	4.60337591519	0.175658608681
5363388	DECAYED	4.73393359642	0.180393292939
8163	DECAYED	4.63390243327	0.176766876627
12348	DECAYED	4.69152789396	0.178856942167
13561	DECAYED	4.79770994887	0.182701189653
14228	WOOD	3.17471142597	0.122956939984
778574	WOOD	3.21885594166	0.124609824237
61918	WOOD	3.61306020943	0.139300726746
7119	WOOD	3.41298168986	0.131859889988
8892	WOOD	3.09893173168	0.120115918116
18827	WOOD	3.07862771712	0.119353929237
69963	WOOD	3.01858080328	0.117098500105
261	WOOD	3.0907867385	0.119810284475
8658	WOOD	3.38903600849	0.130967214313
5366244	WOOD	3.30026954343	0.127654070113
6998	WOOD	3.37694404516	0.130516261373
7820	WOOD	3.16556128467	0.122614140088
5315892	WOOD	3.25921821084	0.126119727095
7144	WOOD	3.54629527552	0.136821326948
12180	WOOD	3.06306825496	0.118769775344
8452	WOOD	3.32243111658	0.128481825253
6106	WOOD	3.20907189215	0.124243618723
8093	WOOD	3.16131471302	0.122455024235
7761	WOOD	3.05552992946	0.118486691918
8908	WOOD	3.09470029655	0.119957143892
444683	WOOD	3.09246020049	0.119873083983
8091	WOOD	3.1557895509	0.12224797896
89440	WOOD	3.63636401054	0.140165303135
8078	WOOD	3.16648411901	0.12264871609
62900	WOOD	3.21603417982	0.124504216854
7122	WOOD	3.43358367876	0.132627548399
7410	WOOD	3.35697401125	0.129771250645
5364729	WOOD	3.12368386004	0.121044394059
61209	WOOD	3.49990900465	0.13509661497
1550470	WOOD	3.10262299809	0.120254412136
62902	WOOD	3.04011271133	0.117907594334
807	WOOD	2.48979591837	0.0971122032487
1001	WOOD	3.22241039326	0.124742844233
13216	WOOD	3.36714810809	0.130150849771
5960	WOOD	3.23414315146	0.125181853289
10448	WOOD	3.05674349086	0.118532267327
177	WOOD	3.24195302777	0.125474017337
1049	WOOD	3.52016329566	0.135849911975
61337	WOOD	3.19681338707	0.12378468915
679	WOOD	3.25467557612	0.125949857803
12206	WOOD	3.07592649886	0.119252530424
7151	WOOD	3.46249316259	0.133704182943
6826	WOOD	3.33699468512	0.129025573993
88454	WOOD	3.06287985073	0.118762700837
7997	WOOD	3.03181698312	0.117595913637
6137	WOOD	3.16604090608	0.122632110236
36822	WOOD	4.01552404072	0.1541711883
61659	WOOD	3.35917927252	0.129853536747
6505	WOOD	3.22098920628	0.124689659665
8918	WOOD	3.18104709773	0.123194259654
12297	WOOD	3.06949128444	0.11901094068
5273467	WOOD	3.19726030234	0.123801422717
22310	WOOD	3.41164838669	0.131810197582
33032	WOOD	3.18164414668	0.123216622077
8175	WOOD	3.2891863198	0.127239954134
7765	WOOD	3.09160845692	0.119841121136
106997	WOOD	3.34460011491	0.129309464625
6658	WOOD	3.23366937294	0.125164127872
16255	WOOD	3.15367127876	0.122168594137
5541	WOOD	3.19198230731	0.123603791872
23642	WOOD	3.43739409436	0.132769492511
5365027	WOOD	3.19067081466	0.123554680487
1549778	WOOD	3.27140306043	0.126575291224
12810	WOOD	3.22796920579	0.124950854154
61027	WOOD	3.15320347602	0.122151062176
5363388	WOOD	3.08978954429	0.119772862
8163	WOOD	3.24983131798	0.125768691281
12348	WOOD	3.06463424281	0.118828576496
13561	WOOD	3.17732301509	0.123054767987
14228	GRASS	3.42045233145	0.132138295597
778574	GRASS	3.2612810426	0.126196860088
61918	GRASS	3.41216805009	0.131829565683
7119	GRASS	3.10985039343	0.120525547949
8892	GRASS	3.23441732439	0.125192110804
18827	GRASS	3.47427286657	0.134142685882
69963	GRASS	3.67902044948	0.141746741392
261	GRASS	3.36275190067	0.129986835888
8658	GRASS	3.12825181237	0.121215688734
5366244	GRASS	3.55245885279	0.137050368551
6998	GRASS	3.01444678218	0.116943115526
7820	GRASS	3.35817730256	0.129816150184
5315892	GRASS	3.2320109042	0.125102078374
7144	GRASS	3.19453020638	0.123699198959
12180	GRASS	3.31153474782	0.128074884958
8452	GRASS	3.02252243649	0.117246640708
6106	GRASS	3.21675265552	0.124531107162
8093	GRASS	3.37444266928	0.13042296144
7761	GRASS	3.39990262537	0.13137236987
8908	GRASS	3.46022448662	0.133619718066
444683	GRASS	3.33490401179	0.128947526564
8091	GRASS	3.41982316462	0.132114850394
89440	GRASS	3.3807553094	0.130658409791
8078	GRASS	2.80243192877	0.108955827264
62900	GRASS	3.42505721535	0.132309881842
7122	GRASS	3.06996604505	0.119028765195
7410	GRASS	3.08793654834	0.119703321083
5364729	GRASS	3.54437549999	0.136749980926
61209	GRASS	3.29943716815	0.127622972476
1550470	GRASS	3.55025369272	0.136968427196
62902	GRASS	3.41573560939	0.131962524474
807	GRASS	0.408163265306	0.0162598917118
1001	GRASS	3.10322316033	0.12027692882
13216	GRASS	3.36091464602	0.129918286938
5960	GRASS	3.04567667979	0.118116608617
10448	GRASS	3.37375836556	0.130397436419
177	GRASS	3.26179135865	0.126215941199
1049	GRASS	3.1556294102	0.122241977618
61337	GRASS	3.2444616594	0.125567853792
679	GRASS	3.27916966776	0.126865605226
12206	GRASS	3.35027512509	0.129521267638
7151	GRASS	3.20072815845	0.12393126204
6826	GRASS	3.16855056623	0.122726137573
88454	GRASS	3.48371798662	0.134494203061
7997	GRASS	3.36832871054	0.130194893101
6137	GRASS	3.16691869247	0.122664998097
36822	GRASS	3.34311872554	0.129254171896
61659	GRASS	3.12539665578	0.121108624529
6505	GRASS	3.50480153268	0.135278607794
8918	GRASS	3.43009232836	0.132497479782
12297	GRASS	3.37078934156	0.130286685348
5273467	GRASS	3.28618237757	0.127127697255
22310	GRASS	3.71298539504	0.143004911584
33032	GRASS	3.08502790578	0.119594157359
8175	GRASS	3.43343197941	0.132621897114
7765	GRASS	3.52500876258	0.136030075793
106997	GRASS	3.65095156381	0.140706283624
6658	GRASS	3.35042090005	0.129526707919
16255	GRASS	3.43373169534	0.132633062471
5541	GRASS	3.46965535089	0.133970810734
23642	GRASS	3.09569011564	0.119994285709
5365027	GRASS	3.74852229731	0.144320324127
1549778	GRASS	3.61479518457	0.139365109692
12810	GRASS	3.38527392515	0.130826925187
61027	GRASS	3.41053994304	0.131768884641
5363388	GRASS	3.91256194584	0.150379221442
8163	GRASS	3.33696896547	0.129024613868
12348	GRASS	3.42762658308	0.132405613726
13561	GRASS	3.38120179329	0.130675061505
14228	FLOWER	7.62229870099	0.281652173045
778574	FLOWER	8.81685069703	0.321579285396
61918	FLOWER	7.18468634817	0.266739566758
7119	FLOWER	5.20268512603	0.197280232033
8892	FLOWER	5.84471626808	0.220124367421
18827	FLOWER	6.03312182324	0.226765449356
69963	FLOWER	5.70857762863	0.215307961728
261	FLOWER	5.30429726587	0.200917662841
8658	FLOWER	7.42951667895	0.275101579925
5366244	FLOWER	6.10105259897	0.229152966833
6998	FLOWER	7.03310699874	0.261538442327
7820	FLOWER	6.60773947749	0.246844690699
5315892	FLOWER	6.55293780079	0.244941114503
7144	FLOWER	6.50391331706	0.243236177308
12180	FLOWER	6.28018285934	0.235431035675
8452	FLOWER	6.07352938397	0.228186071688
6106	FLOWER	5.78790514929	0.218116267565
8093	FLOWER	6.65637786353	0.248532168036
7761	FLOWER	6.99738638136	0.260310088787
8908	FLOWER	6.64031347563	0.247975033803
444683	FLOWER	4.88704185094	0.185928402817
8091	FLOWER	7.04288405632	0.26187447592
89440	FLOWER	7.94903882927	0.292686665847
8078	FLOWER	4.39716094138	0.168152427918
62900	FLOWER	6.93301001969	0.258093749614
7122	FLOWER	8.55996887026	0.313089527986
7410	FLOWER	8.01854766869	0.295023064061
5364729	FLOWER	7.169217429	0.266209625742
61209	FLOWER	6.3447132989	0.237686377218
1550470	FLOWER	6.88504615199	0.256440301874
62902	FLOWER	7.28265256259	0.270091291165
807	FLOWER	3.81632653061	0.146827321949
1001	FLOWER	5.01826646413	0.190657459243
13216	FLOWER	5.82591354176	0.219460034232
5960	FLOWER	5.49384311304	0.207680799661
10448	FLOWER	5.10985563696	0.193949975626
177	FLOWER	4.66908023438	0.178043085281
1049	FLOWER	4.38057592574	0.167547258853
61337	FLOWER	7.78940531235	0.287306278446
679	FLOWER	5.16696735154	0.195999673417
12206	FLOWER	6.59617426334	0.246443164569
7151	FLOWER	7.59144664448	0.280605840917
6826	FLOWER	8.52488173044	0.31192582581
88454	FLOWER	7.09550403645	0.263681690445
7997	FLOWER	6.09540633854	0.228954662169
6137	FLOWER	5.79892483373	0.218505981658
36822	FLOWER	4.32055862927	0.165355454423
61659	FLOWER	5.17797086903	0.196394281833
6505	FLOWER	8.73307787213	0.318816455237
8918	FLOWER	6.8348156119	0.254706742696
12297	FLOWER	5.51444523699	0.208414166971
5273467	FLOWER	8.92855309991	0.325254499813
22310	FLOWER	6.41520768016	0.240146351374
33032	FLOWER	5.72474590015	0.215880749757
8175	FLOWER	6.25079083428	0.23440267895
7765	FLOWER	4.53487592213	0.173168997034
106997	FLOWER	7.29425349378	0.270487686139
6658	FLOWER	6.14981964595	0.230864673167
16255	FLOWER	7.62541110819	0.2817576865
5541	FLOWER	6.8936872156	0.256738319253
23642	FLOWER	4.71900019084	0.179852422513
5365027	FLOWER	5.74002752412	0.216421934574
1549778	FLOWER	6.96850542127	0.259316189728
12810	FLOWER	7.20162710445	0.267319710997
61027	FLOWER	7.60020818118	0.280903061488
5363388	FLOWER	6.60448954708	0.246731869012
8163	FLOWER	6.84688556736	0.255123485906
12348	FLOWER	6.4997163176	0.24309012782
13561	FLOWER	7.39892933793	0.274059511378
14228	CHEMICAL	17.363290023	0.573938064752
778574	CHEMICAL	17.5899479928	0.579835411558
61918	CHEMICAL	17.1887943092	0.569369912447
7119	CHEMICAL	18.3559609951	0.599461918184
8892	CHEMICAL	17.0387814951	0.565423229869
18827	CHEMICAL	18.0250321895	0.591040573408
69963	CHEMICAL	17.2120579511	0.569980342479
261	CHEMICAL	17.1710370772	0.568903677364
8658	CHEMICAL	17.9707386597	0.589650567199
5366244	CHEMICAL	17.942469236	0.588925888527
6998	CHEMICAL	18.4134024649	0.600914742463
7820	CHEMICAL	16.3840443344	0.547987009876
5315892	CHEMICAL	18.1603466039	0.594494588646
7144	CHEMICAL	18.0327911597	0.591239023585
12180	CHEMICAL	16.7078101485	0.556652037956
8452	CHEMICAL	25.5504319553	0.760887448971
6106	CHEMICAL	16.8664827958	0.560868015073
8093	CHEMICAL	21.5382312308	0.675971087412
7761	CHEMICAL	16.716864686	0.556893161469
8908	CHEMICAL	17.3744225248	0.574228677765
444683	CHEMICAL	18.3033957873	0.598130112554
8091	CHEMICAL	17.2046992355	0.569787299105
89440	CHEMICAL	17.4935469339	0.577332203625
8078	CHEMICAL	20.8464813609	0.660028940385
62900	CHEMICAL	17.6189030295	0.580585823594
7122	CHEMICAL	17.8805438856	0.587336215566
7410	CHEMICAL	18.0007546786	0.590419319544
5364729	CHEMICAL	16.2797725586	0.545178504519
61209	CHEMICAL	28.2710860166	0.811141718841
1550470	CHEMICAL	16.4421229326	0.549547554692
62902	CHEMICAL	17.2497413775	0.570968224065
807	CHEMICAL	45.9387755102	0.993402582257
1001	CHEMICAL	18.3375215017	0.598994982139
13216	CHEMICAL	19.8035474517	0.6352697014
5960	CHEMICAL	15.8580053053	0.533729679308
10448	CHEMICAL	17.2373708309	0.57064405197
177	CHEMICAL	16.5840604278	0.553349993003
1049	CHEMICAL	18.5380592332	0.604058513274
61337	CHEMICAL	17.0344812447	0.565309829277
679	CHEMICAL	17.3747625672	0.574237552982
12206	CHEMICAL	16.842886441	0.560242328174
7151	CHEMICAL	17.3043324585	0.572397329607
6826	CHEMICAL	17.800629756	0.585280222356
88454	CHEMICAL	17.3835753566	0.574467537393
7997	CHEMICAL	17.0480342837	0.565667182172
6137	CHEMICAL	16.4329644085	0.54930164864
36822	CHEMICAL	18.3133228237	0.598381795811
61659	CHEMICAL	18.1583348508	0.594443344209
6505	CHEMICAL	17.254476806	0.571092284302
8918	CHEMICAL	17.6844976863	0.582283324085
12297	CHEMICAL	18.1569541122	0.594408171435
5273467	CHEMICAL	17.5200856167	0.57802206466
22310	CHEMICAL	18.2863393918	0.597697492331
33032	CHEMICAL	16.0222483862	0.538204958108
8175	CHEMICAL	18.1539889966	0.594332633269
7765	CHEMICAL	18.0025077673	0.590464196327
106997	CHEMICAL	18.7329603948	0.60894889373
6658	CHEMICAL	16.5923417185	0.553571347258
16255	CHEMICAL	17.4062880835	0.575059977402
5541	CHEMICAL	16.9292282187	0.562529621515
23642	CHEMICAL	18.405599684	0.600717547468
5365027	CHEMICAL	17.8633078446	0.586893206923
1549778	CHEMICAL	20.9190718543	0.661719847273
12810	CHEMICAL	17.5539767094	0.578902229051
61027	CHEMICAL	17.1482861012	0.568305957564
5363388	CHEMICAL	16.6347373766	0.554703700027
8163	CHEMICAL	20.8871044452	0.660975724966
12348	CHEMICAL	17.2233272804	0.570275890172
13561	CHEMICAL	21.4539572865	0.674049378159
