#oID	descriptor	value	sigma
7127	INTENSITY/STRENGTH	57.9469387755	0.974738465639
7632	INTENSITY/STRENGTH	51.112244898	0.999505164515
10882	INTENSITY/STRENGTH	68.2551020408	0.866700499792
6106	INTENSITY/STRENGTH	51.793877551	0.998712801333
2969	INTENSITY/STRENGTH	31.6051020408	0.864651091629
311	INTENSITY/STRENGTH	12.8306122449	0.447374645565
6213	INTENSITY/STRENGTH	31.4326530612	0.862101451062
8078	INTENSITY/STRENGTH	44.7642857143	0.989034918367
356	INTENSITY/STRENGTH	58.6836734694	0.969837526031
8051	INTENSITY/STRENGTH	78.093877551	0.68429361766
8615	INTENSITY/STRENGTH	33.7551020408	0.894441316118
7047	INTENSITY/STRENGTH	36.9836734694	0.932230097459
31210	INTENSITY/STRENGTH	35.0693877551	0.910830727197
7409	INTENSITY/STRENGTH	67.7	0.874684
61331	INTENSITY/STRENGTH	44.0469387755	0.985824424823
1030	INTENSITY/STRENGTH	16.6428571429	0.554920408164
2879	INTENSITY/STRENGTH	55.1673469388	0.989319410246
5366244	INTENSITY/STRENGTH	46.1428571429	0.994048979592
13436	INTENSITY/STRENGTH	48.9	0.999516
15606	INTENSITY/STRENGTH	32.5897959184	0.878753917534
61177	INTENSITY/STRENGTH	69.9693877551	0.840489421074
8174	INTENSITY/STRENGTH	39.6265306123	0.956956453145
6276	INTENSITY/STRENGTH	61.6204081633	0.945986445648
5363233	INTENSITY/STRENGTH	47.9795918367	0.998367180342
7820	INTENSITY/STRENGTH	44.2163265306	0.98661964848
11980	INTENSITY/STRENGTH	58.9265306122	0.968126820491
8077	INTENSITY/STRENGTH	61.3183673469	0.94875782424
454	INTENSITY/STRENGTH	69.4204081633	0.849139098708
7761	INTENSITY/STRENGTH	53.4918367347	0.995122830487
1068	INTENSITY/STRENGTH	16.3510204082	0.547098468971
8205	INTENSITY/STRENGTH	19.7918367347	0.634986748855
6137	INTENSITY/STRENGTH	36.3367346939	0.92532607247
31260	INTENSITY/STRENGTH	53.1091836735	0.996133190754
778574	INTENSITY/STRENGTH	27.806122449	0.8029727197
2345	INTENSITY/STRENGTH	44.9591836735	0.989836068305
14257	INTENSITY/STRENGTH	33.012244898	0.884566470637
18827	INTENSITY/STRENGTH	70.2244897959	0.836388004998
1060	INTENSITY/STRENGTH	38.7887755102	0.949723378176
326	INTENSITY/STRENGTH	49.8	0.999984
14525	INTENSITY/STRENGTH	57.6051020408	0.976864969179
13187	INTENSITY/STRENGTH	56.8653061224	0.981147028738
8180	INTENSITY/STRENGTH	18.2948979592	0.597914601832
61809	INTENSITY/STRENGTH	75.3612244898	0.742723316951
61052	INTENSITY/STRENGTH	28.6734693878	0.818071636818
7824	INTENSITY/STRENGTH	64.3285714286	0.917876816326
10364	INTENSITY/STRENGTH	65.8	0.900144
6998	INTENSITY/STRENGTH	37.4346938776	0.93684523282
6054	INTENSITY/STRENGTH	58.093877551	0.973795658476
8363	INTENSITY/STRENGTH	30.9	0.854076
8093	INTENSITY/STRENGTH	68.5163265306	0.862858260724
244	INTENSITY/STRENGTH	65.7387755102	0.900916378176
1550470	INTENSITY/STRENGTH	67.4918367347	0.877614259059
61209	INTENSITY/STRENGTH	56.7714285714	0.981659102041
8082	INTENSITY/STRENGTH	36.2775510204	0.924677757601
11428	INTENSITY/STRENGTH	46.5346938775	0.995196661391
61138	INTENSITY/STRENGTH	39.3306122449	0.954465665972
8857	INTENSITY/STRENGTH	61.4132653061	0.947894950021
12206	INTENSITY/STRENGTH	73.2142857143	0.78443877551
31249	INTENSITY/STRENGTH	36.1	0.922716
7136	INTENSITY/STRENGTH	48.312244898	0.998860593086
8375	INTENSITY/STRENGTH	71.2346938776	0.819635110371
7127	VALENCE/PLEASANTNESS	55.5322198991	0.987757817195
18635	VALENCE/PLEASANTNESS	24.7199619365	0.744367870204
1549026	VALENCE/PLEASANTNESS	47.9285101999	0.998283572003
7632	VALENCE/PLEASANTNESS	40.9934270282	0.967552657322
10882	VALENCE/PLEASANTNESS	58.1389996426	0.973502673927
6106	VALENCE/PLEASANTNESS	38.3981623104	0.94615894489
2969	VALENCE/PLEASANTNESS	31.7590834331	0.86690758512
311	VALENCE/PLEASANTNESS	32.6095311199	0.879028636852
6213	VALENCE/PLEASANTNESS	37.0783647938	0.933212537439
8078	VALENCE/PLEASANTNESS	38.167487982	0.943996663737
356	VALENCE/PLEASANTNESS	42.9840351497	0.980310494888
8051	VALENCE/PLEASANTNESS	46.5718307957	0.995299062363
8615	VALENCE/PLEASANTNESS	56.6538768749	0.982290369013
7047	VALENCE/PLEASANTNESS	38.0168617265	0.942561758848
31210	VALENCE/PLEASANTNESS	47.4959648339	0.997491923155
7409	VALENCE/PLEASANTNESS	30.7325878973	0.851506732346
61331	VALENCE/PLEASANTNESS	47.3088251134	0.997103031092
1030	VALENCE/PLEASANTNESS	40.1681923822	0.961334223587
61945	VALENCE/PLEASANTNESS	26.7125212215	0.783077332857
2879	VALENCE/PLEASANTNESS	35.6898801476	0.918088187924
5366244	VALENCE/PLEASANTNESS	38.3461489899	0.945675102654
23642	VALENCE/PLEASANTNESS	29.397915328	0.830221642868
13436	VALENCE/PLEASANTNESS	20.9949470302	0.663482760887
15606	VALENCE/PLEASANTNESS	56.2658172406	0.984295813723
61177	VALENCE/PLEASANTNESS	57.0134591381	0.980324556367
8174	VALENCE/PLEASANTNESS	38.061147064	0.942985516229
6276	VALENCE/PLEASANTNESS	42.7763990553	0.979127835757
5363233	VALENCE/PLEASANTNESS	32.2411250244	0.87384894384
7820	VALENCE/PLEASANTNESS	48.0236134612	0.9984375585
11980	VALENCE/PLEASANTNESS	43.3219148723	0.982161271611
8077	VALENCE/PLEASANTNESS	23.8565167798	0.726607314047
454	VALENCE/PLEASANTNESS	40.6019914733	0.964670974293
7761	VALENCE/PLEASANTNESS	42.0740179339	0.974871523315
1068	VALENCE/PLEASANTNESS	29.7335262003	0.835708015891
8205	VALENCE/PLEASANTNESS	40.8634289956	0.966609228112
6137	VALENCE/PLEASANTNESS	34.9753021004	0.90970338121
31260	VALENCE/PLEASANTNESS	35.0439486298	0.910526610965
778574	VALENCE/PLEASANTNESS	43.5855678206	0.983542023926
2345	VALENCE/PLEASANTNESS	50.1643567054	0.999989194749
14257	VALENCE/PLEASANTNESS	35.6943731441	0.918139616104
18827	VALENCE/PLEASANTNESS	39.2541435565	0.953810627718
31252	VALENCE/PLEASANTNESS	37.4461479393	0.936960319375
1060	VALENCE/PLEASANTNESS	37.8555861343	0.941005284744
326	VALENCE/PLEASANTNESS	50.4336398606	0.999924782589
14525	VALENCE/PLEASANTNESS	48.0171680993	0.998427351061
7341	VALENCE/PLEASANTNESS	36.630910075	0.928506973831
13187	VALENCE/PLEASANTNESS	39.4965203958	0.955870766482
8180	VALENCE/PLEASANTNESS	28.3394107279	0.812327548953
61809	VALENCE/PLEASANTNESS	34.7193543669	0.906600747614
61052	VALENCE/PLEASANTNESS	51.3378790908	0.999284031815
6920	VALENCE/PLEASANTNESS	40.4021972308	0.963152872801
7824	VALENCE/PLEASANTNESS	65.4541112516	0.904468178169
10364	VALENCE/PLEASANTNESS	37.4388153757	0.936886656333
6998	VALENCE/PLEASANTNESS	45.0203124792	0.990081084878
6054	VALENCE/PLEASANTNESS	33.4800556905	0.890836576005
8363	VALENCE/PLEASANTNESS	47.3478812596	0.997186506475
8093	VALENCE/PLEASANTNESS	46.4219353232	0.994878981267
244	VALENCE/PLEASANTNESS	32.9567730559	0.883811366132
1550470	VALENCE/PLEASANTNESS	57.5478146936	0.97721219734
61209	VALENCE/PLEASANTNESS	38.1166489362	0.943514386998
8082	VALENCE/PLEASANTNESS	28.0898628857	0.807978356653
11428	VALENCE/PLEASANTNESS	37.6102583363	0.938597720602
7969	VALENCE/PLEASANTNESS	20.5581355368	0.653270646772
61138	VALENCE/PLEASANTNESS	38.4281490542	0.946436906275
8857	VALENCE/PLEASANTNESS	41.098291033	0.968303830987
12206	VALENCE/PLEASANTNESS	52.5741483613	0.997349504086
31249	VALENCE/PLEASANTNESS	43.4388590941	0.982780572005
7136	VALENCE/PLEASANTNESS	56.2605514577	0.984322198178
8375	VALENCE/PLEASANTNESS	55.1909111966	0.98922177638
7127	BAKERY	3.11558789242	0.120740760531
18635	BAKERY	1.81121686404	0.0711364719503
1549026	BAKERY	1.41273105728	0.0557109186752
7632	BAKERY	2.1747751086	0.0850991456349
10882	BAKERY	10.0231910946	0.360741899897
6106	BAKERY	3.4487179089	0.13319125427
2969	BAKERY	0.151068624108	0.00603361627263
311	BAKERY	5.02851190476	0.1910261034
6213	BAKERY	3.23266539949	0.125126565746
8078	BAKERY	4.86286896245	0.18505576068
356	BAKERY	2.11227259259	0.0827062255014
8051	BAKERY	1.37589991316	0.0542787562978
8615	BAKERY	0.760647438934	0.0301944637468
7047	BAKERY	5.2595163963	0.199315650763
31210	BAKERY	0.928767352429	0.0368056505792
7409	BAKERY	2.53498555347	0.0988289614364
61331	BAKERY	5.31456934985	0.201284915044
1030	BAKERY	6.01533889376	0.226139834948
61945	BAKERY	5.36476735588	0.203078402722
2879	BAKERY	3.55694467908	0.137217044983
5366244	BAKERY	2.71265262904	0.105562711447
23642	BAKERY	2.6872602655	0.104601863526
13436	BAKERY	2.42905111008	0.094801928685
15606	BAKERY	2.99484461389	0.116206146851
61177	BAKERY	3.52564284905	0.136053650962
8174	BAKERY	0.17899543229	0.00714700154568
6276	BAKERY	2.24428744896	0.0877567674971
5363233	BAKERY	0.968470590712	0.0383636495144
7820	BAKERY	3.37393415154	0.130403993398
11980	BAKERY	3.59917112139	0.138785231751
8077	BAKERY	1.80537059363	0.070911078553
454	BAKERY	1.13404415322	0.044847343672
7761	BAKERY	3.52630957991	0.136078439495
1068	BAKERY	2.91016449578	0.113018956874
8205	BAKERY	1.02096361067	0.040421597749
6137	BAKERY	5.22068830553	0.197925297668
31260	BAKERY	1.64922550101	0.0648810421392
778574	BAKERY	1.35738636364	0.0535584554494
2345	BAKERY	2.30856666791	0.0902108746923
14257	BAKERY	1.31520254302	0.0519161986293
18827	BAKERY	1.91961791164	0.0753107432949
31252	BAKERY	10.2863220122	0.369129512272
1060	BAKERY	4.12618527275	0.158237248948
326	BAKERY	5.24797090167	0.198902356633
14525	BAKERY	0.898729674797	0.0356261009805
7341	BAKERY	1.17315414572	0.0463756495688
13187	BAKERY	2.1423951011	0.0838598613363
8180	BAKERY	0.529812850871	0.0210802333721
61809	BAKERY	6.9389333777	0.25829781654
61052	BAKERY	1.00654396279	0.0398565062121
6920	BAKERY	2.06900648471	0.0810479442548
7824	BAKERY	3.72476433754	0.143441025754
10364	BAKERY	0.858604844039	0.0340493128503
6998	BAKERY	9.86254161239	0.355593773673
6054	BAKERY	4.07152865632	0.156230208013
8363	BAKERY	2.15858535561	0.0844796179296
8093	BAKERY	3.54086365533	0.136619460043
244	BAKERY	1.35247852114	0.0533674615856
1550470	BAKERY	3.6688476896	0.141369730236
61209	BAKERY	13.3548488725	0.462853159538
8082	BAKERY	5.07672469375	0.192759734303
11428	BAKERY	0.901111111111	0.0357196439506
7969	BAKERY	9.45159204149	0.342330644812
61138	BAKERY	0.742019140989	0.0294605286773
8857	BAKERY	7.13448335433	0.26501899308
12206	BAKERY	1.32765414536	0.0524010996026
31249	BAKERY	3.98694073826	0.15311935095
7136	BAKERY	3.58563411164	0.138282655673
8375	BAKERY	2.86626526073	0.111364419811
7127	SWEET	18.7147808218	0.608494024389
18635	SWEET	6.04518637992	0.22718974385
1549026	SWEET	15.4641607605	0.522910323209
7632	SWEET	11.6624169198	0.412091889428
10882	SWEET	45.8910533208	0.993246622875
6106	SWEET	4.53570384109	0.17319910991
2969	SWEET	5.72551898887	0.215908132478
311	SWEET	12.0491230726	0.423892376178
6213	SWEET	7.42740755068	0.275029748858
8078	SWEET	7.02281017071	0.261184461751
356	SWEET	9.51440597424	0.344366670553
8051	SWEET	22.0226956942	0.686908177513
8615	SWEET	16.2411607143	0.544136308033
7047	SWEET	6.31643186297	0.236698349927
31210	SWEET	16.0118387535	0.537921958032
7409	SWEET	4.12713368509	0.158272054422
61331	SWEET	17.1102039952	0.567304527504
1030	SWEET	7.32285088091	0.271464377227
61945	SWEET	4.23430402903	0.162200428917
2879	SWEET	12.074349166	0.424658003528
5366244	SWEET	9.5599254431	0.345840147933
23642	SWEET	8.80882723464	0.321314914486
13436	SWEET	6.37090986395	0.23860099756
15606	SWEET	26.9330747216	0.78716678328
61177	SWEET	18.4280533478	0.601284873837
8174	SWEET	10.0973639263	0.363111853747
6276	SWEET	10.8258048769	0.386152974583
5363233	SWEET	15.1747161115	0.514879840835
7820	SWEET	16.2599356198	0.544643222247
11980	SWEET	17.3227930552	0.572880058515
8077	SWEET	3.25148863715	0.125830674143
454	SWEET	5.87124043645	0.221061031753
7761	SWEET	20.5150617939	0.652255367594
1068	SWEET	5.6963839236	0.214875841022
8205	SWEET	8.04602755339	0.29594567838
6137	SWEET	2.81076530612	0.109270451602
31260	SWEET	3.17705050133	0.123044560098
778574	SWEET	18.8312305735	0.611403124975
2345	SWEET	15.2461570471	0.516868160002
14257	SWEET	12.6605175362	0.442305219735
18827	SWEET	9.05756833338	0.32948691569
31252	SWEET	6.77167225319	0.252524672086
1060	SWEET	9.37475597034	0.339835819012
326	SWEET	25.5504383626	0.760887574296
14525	SWEET	5.44019015737	0.205769338715
7341	SWEET	10.835797993	0.38646611246
13187	SWEET	19.8286539103	0.635875950054
8180	SWEET	4.36915793672	0.167130501039
61809	SWEET	6.67839168282	0.249295301125
61052	SWEET	10.5870433235	0.378647538406
6920	SWEET	5.58683107025	0.210988170247
7824	SWEET	32.5537117995	0.87825081121
10364	SWEET	3.05568064182	0.118492351999
6998	SWEET	20.4013289305	0.649567468367
6054	SWEET	5.34116467257	0.202235370879
8363	SWEET	14.6875591488	0.501212608451
8093	SWEET	25.8366154779	0.766452339376
244	SWEET	9.41238254346	0.341058123681
1550470	SWEET	13.6473041678	0.471392602291
61209	SWEET	7.1557062922	0.265746598672
8082	SWEET	8.54949177002	0.31274214699
11428	SWEET	6.55215760197	0.244913996382
7969	SWEET	4.64140986105	0.177039320243
61138	SWEET	7.8929333051	0.290797973741
8857	SWEET	29.5087553553	0.832043557165
12206	SWEET	27.7717119603	0.80236128433
31249	SWEET	30.3372923198	0.845351170674
7136	SWEET	32.877131469	0.882722949309
8375	SWEET	20.7166381137	0.656993886654
7127	FRUIT	3.90103245534	0.149954076527
18635	FRUIT	0.116642761119	0.00466026823128
1549026	FRUIT	6.30094193566	0.236156929716
7632	FRUIT	3.56858252858	0.137649388638
10882	FRUIT	30.9369472789	0.854640008381
6106	FRUIT	7.49494866624	0.277328244446
2969	FRUIT	7.17839962692	0.266524216595
311	FRUIT	1.13897336293	0.0450400303886
6213	FRUIT	0.777487352268	0.0308576994576
8078	FRUIT	3.06095787671	0.118690529819
356	FRUIT	2.87842983879	0.111823050217
8051	FRUIT	10.4563269078	0.374519167351
8615	FRUIT	7.67257438877	0.28335561645
7047	FRUIT	3.07841767011	0.119346044664
31210	FRUIT	3.77359556583	0.145247813235
7409	FRUIT	0.103228396962	0.0041248734377
61331	FRUIT	3.37900974747	0.130593307149
1030	FRUIT	0.852190150936	0.0337971148161
61945	FRUIT	0.780251951614	0.0309665608213
2879	FRUIT	1.84631932355	0.0724892149243
5366244	FRUIT	2.14104391119	0.0838081288356
23642	FRUIT	1.06697606785	0.0422236675423
13436	FRUIT	1.88933659231	0.0741456265887
15606	FRUIT	12.2069884455	0.428675311056
61177	FRUIT	9.65455055183	0.34889788353
8174	FRUIT	6.28616268313	0.235640170814
6276	FRUIT	1.95584296877	0.0767035900632
5363233	FRUIT	11.6507225155	0.411733166567
7820	FRUIT	2.37917148939	0.0929026767851
11980	FRUIT	6.53286978475	0.24424343634
8077	FRUIT	0.450968943028	0.0179574085261
454	FRUIT	4.08202295881	0.156615753778
7761	FRUIT	12.8144575915	0.446894174316
1068	FRUIT	0.547576530612	0.0217831252017
8205	FRUIT	2.60907292395	0.101640012349
6137	FRUIT	1.87267636888	0.0735042880423
31260	FRUIT	2.25241122525	0.0880671064791
778574	FRUIT	7.26737535103	0.269569116244
2345	FRUIT	1.84055325114	0.0722670755374
14257	FRUIT	4.27338332079	0.163630610829
18827	FRUIT	7.10307668657	0.263941588097
31252	FRUIT	1.44408439671	0.0569292239706
1060	FRUIT	1.99012766454	0.0780208633332
326	FRUIT	10.8245252625	0.386112871637
14525	FRUIT	2.95158323449	0.114578591943
7341	FRUIT	4.87344629445	0.185437660264
13187	FRUIT	16.2093811976	0.543277632379
8180	FRUIT	1.38663800236	0.0546964141147
61809	FRUIT	1.16342052298	0.045995401994
61052	FRUIT	7.09362709698	0.263617265723
6920	FRUIT	2.37204026462	0.0926309805779
7824	FRUIT	27.0524050578	0.789363154548
10364	FRUIT	1.39240923674	0.0549208480768
6998	FRUIT	4.26805951728	0.163435847874
6054	FRUIT	0.745005585606	0.0295782100952
8363	FRUIT	4.56909549572	0.174413166369
8093	FRUIT	24.3696726491	0.737234527955
244	FRUIT	1.05695024378	0.0418311522242
1550470	FRUIT	5.79731879338	0.218449189658
61209	FRUIT	1.78283199959	0.0700418840081
8082	FRUIT	2.02924919814	0.0795228270024
11428	FRUIT	2.26189420804	0.0884293021582
7969	FRUIT	1.69481160687	0.0666435097216
61138	FRUIT	3.26431093145	0.126310146915
8857	FRUIT	15.0804123979	0.51224896068
12206	FRUIT	15.299308656	0.518344808101
31249	FRUIT	9.6411892583	0.348466558206
7136	FRUIT	7.5546221029	0.279355958069
8375	FRUIT	5.35628705155	0.20277555767
7127	FISH	0.0491649659185	0.00196563175919
18635	FISH	6.01849615828	0.226250927928
1549026	FISH	1.21389566991	0.0479664097174
7632	FISH	3.61358390164	0.13932016062
10882	FISH	1.04817193391	0.0414874115951
6106	FISH	1.14297132919	0.0451962997838
2969	FISH	0.504672743692	0.0200850319164
311	FISH	3.67673617273	0.141662091356
6213	FISH	2.69871001947	0.105035186471
8078	FISH	0.986570659272	0.0390734977046
356	FISH	1.01873011104	0.0403340800258
8051	FISH	1.1224502173	0.044394050896
8615	FISH	0.423966440082	0.0168867585864
7047	FISH	0.323076783905	0.0128813199129
31210	FISH	0.830000587544	0.0329244631116
7409	FISH	2.06040958429	0.0807182683096
61331	FISH	0.636928854875	0.0253148828485
1030	FISH	0.780898310411	0.030992011548
61945	FISH	4.04301893977	0.155182356732
2879	FISH	3.32000316015	0.128391158013
5366244	FISH	1.20591047953	0.0476547311472
23642	FISH	3.55441107063	0.137122907602
13436	FISH	6.35458444247	0.238031080324
15606	FISH	0.209096014092	0.00834635210645
61177	FISH	0.977021462613	0.0386990301292
8174	FISH	0.060183880038	0.00240590636175
6276	FISH	0.887997837636	0.0352044974416
5363233	FISH	0.983126582553	0.0389384481512
7820	FISH	1.17714885242	0.0465316823284
11980	FISH	3.27153859923	0.126580358047
8077	FISH	7.17850572047	0.266527851067
454	FISH	3.21913392757	0.124620227805
7761	FISH	2.68688821138	0.104587781151
1068	FISH	5.88269057622	0.221465203683
8205	FISH	0.00681126674241	0.000272432112355
6137	FISH	4.14825165543	0.159046869499
31260	FISH	0.175068497943	0.00699048032611
778574	FISH	1.03181756896	0.0408468437602
2345	FISH	0.87059650947	0.0345206850659
14257	FISH	0.622413713857	0.0247415890218
18827	FISH	0.505258053261	0.0201082078503
31252	FISH	1.08763460703	0.043032204666
1060	FISH	0.701082090495	0.0278466771808
326	FISH	0.48514303964	0.019311576078
14525	FISH	0.825511158458	0.0327478588692
7341	FISH	1.18060504738	0.046666670584
13187	FISH	0.39350385728	0.0156782161769
8180	FISH	0.628250020537	0.0249721215862
61809	FISH	3.72951181208	0.143616769141
61052	FISH	0.296267343478	0.0118155840036
6920	FISH	1.81325875212	0.0712151871639
7824	FISH	0.598947910136	0.0238144209658
10364	FISH	0.808673559062	0.0320853611924
6998	FISH	0.586562171323	0.0233248647806
6054	FISH	9.68068461549	0.34974112277
8363	FISH	0.724385525665	0.0287655272707
8093	FISH	0.463744489934	0.0184637560166
244	FISH	8.39022214008	0.307450554579
1550470	FISH	0.377174359631	0.0150300701862
61209	FISH	0.705068343971	0.028003885211
8082	FISH	1.28592455979	0.0507755416021
11428	FISH	0.227177495929	0.00906645599131
7969	FISH	5.17030055315	0.196119219002
61138	FISH	2.85026550222	0.110761014716
8857	FISH	0.566628122108	0.0225366979128
12206	FISH	0.632644580084	0.0251456875375
31249	FISH	2.00894108535	0.0787433057003
7136	FISH	0.173656182731	0.00693418472132
8375	FISH	0.777662180815	0.0308645838456
7127	GARLIC	1.79193385911	0.0703929435824
18635	GARLIC	22.0072426996	0.686562215488
1549026	GARLIC	3.80296319962	0.146333516346
7632	GARLIC	1.70338258457	0.066974698491
10882	GARLIC	0.766214437977	0.0304137436931
6106	GARLIC	3.95860579962	0.152076008034
2969	GARLIC	2.60531855988	0.101497668476
311	GARLIC	4.86416276763	0.185102478933
6213	GARLIC	9.38478284718	0.340161654252
8078	GARLIC	5.94026365851	0.223495853407
356	GARLIC	3.67197944395	0.141485804543
8051	GARLIC	2.72665084657	0.106092183927
8615	GARLIC	1.73557493046	0.0682181090827
7047	GARLIC	3.06093202011	0.118689558872
31210	GARLIC	2.29168692317	0.0895667453452
7409	GARLIC	2.29427543705	0.0896655375695
61331	GARLIC	2.35778162335	0.0920876112608
1030	GARLIC	4.74230211474	0.180696312851
61945	GARLIC	8.30649464187	0.304660644381
2879	GARLIC	1.21625587867	0.048058523802
5366244	GARLIC	2.51907717437	0.0982247870508
23642	GARLIC	7.02560632948	0.261280595461
13436	GARLIC	4.57167138106	0.174506783556
15606	GARLIC	1.4424628558	0.056866234596
61177	GARLIC	0.59000807574	0.0234610792178
8174	GARLIC	0.602262728095	0.0239454209664
6276	GARLIC	3.55963627549	0.137317046854
5363233	GARLIC	1.56912231005	0.0617800344724
7820	GARLIC	3.16942547209	0.122758915754
11980	GARLIC	1.65955309502	0.0652804772108
8077	GARLIC	21.4087683911	0.673016590034
454	GARLIC	2.4758290067	0.0965812685598
7761	GARLIC	3.53214977852	0.136295558317
1068	GARLIC	19.5514465119	0.629154236194
8205	GARLIC	2.8541023975	0.110905735702
6137	GARLIC	5.41557298002	0.20489154692
31260	GARLIC	3.26058001426	0.126170647759
778574	GARLIC	1.09372588514	0.0432705408807
2345	GARLIC	2.48641284226	0.0969836141616
14257	GARLIC	2.51863910663	0.0982081470856
18827	GARLIC	3.27202337582	0.126598480244
31252	GARLIC	2.40948129252	0.094057011661
1060	GARLIC	5.00151680672	0.190054604122
326	GARLIC	1.19667491239	0.0472941841572
14525	GARLIC	1.14061155056	0.0451040641387
7341	GARLIC	3.50623170972	0.135331804068
13187	GARLIC	2.0253081695	0.0793715775075
8180	GARLIC	1.88987768527	0.0741664523447
61809	GARLIC	7.46736138734	0.276389861058
61052	GARLIC	1.14589509607	0.0453105736145
6920	GARLIC	7.5247558572	0.278341454004
7824	GARLIC	1.41037425879	0.0556193081316
10364	GARLIC	1.74632332349	0.0686330748797
6998	GARLIC	0.947336696724	0.0375344891422
6054	GARLIC	2.26383243802	0.0885033225977
8363	GARLIC	1.37247114239	0.0541453748811
8093	GARLIC	1.53626432798	0.0605065298851
244	GARLIC	2.64328705305	0.102936695544
1550470	GARLIC	0.672445059584	0.0267169294401
61209	GARLIC	2.04509602328	0.0801308738333
8082	GARLIC	9.66740293714	0.349312645666
11428	GARLIC	1.48033846114	0.0583369776619
7969	GARLIC	7.44084759986	0.275487418793
61138	GARLIC	4.24037482084	0.162422681385
8857	GARLIC	3.51333333333	0.135595928889
12206	GARLIC	0.945423124813	0.0374593950386
31249	GARLIC	3.3403122338	0.129149415024
7136	GARLIC	1.84897138608	0.0725913773685
8375	GARLIC	1.02875980069	0.0407270533367
7127	SPICES	9.11482969078	0.331361139515
18635	SPICES	11.402323196	0.404087738135
1549026	SPICES	4.71846364292	0.179832986057
7632	SPICES	5.67840292207	0.214238412985
10882	SPICES	4.12843732355	0.158319895048
6106	SPICES	5.34446531222	0.202353288699
2969	SPICES	3.55933414272	0.137305821893
311	SPICES	6.39967650103	0.239604716314
6213	SPICES	5.28850437935	0.200352863746
8078	SPICES	4.53099149677	0.173027706293
356	SPICES	5.34148722939	0.202246894847
8051	SPICES	3.87987148449	0.149173498285
8615	SPICES	3.89133715575	0.149596484286
7047	SPICES	9.19460074876	0.333967756779
31210	SPICES	3.58987087463	0.138439965826
7409	SPICES	6.92217317994	0.257720334584
61331	SPICES	3.68750575511	0.142061150727
1030	SPICES	5.48875783518	0.207499728378
61945	SPICES	9.42687909446	0.341528743994
2879	SPICES	8.1606819928	0.299788587477
5366244	SPICES	5.88587952761	0.221577749979
23642	SPICES	7.61066907452	0.281257849476
13436	SPICES	7.55371882086	0.279325285625
15606	SPICES	4.38889957069	0.167851007051
61177	SPICES	3.60274270832	0.138917806324
8174	SPICES	3.03468795043	0.117703785635
6276	SPICES	4.16645258981	0.159714372719
5363233	SPICES	3.11166158536	0.120593488286
7820	SPICES	3.76533521674	0.144942308952
11980	SPICES	7.45208413803	0.275869942321
8077	SPICES	7.9039113856	0.291167729348
454	SPICES	2.97299400323	0.115384282792
7761	SPICES	5.71657759203	0.215591399935
1068	SPICES	7.64694264727	0.282487413151
8205	SPICES	4.76275437427	0.181436643279
6137	SPICES	6.93711532287	0.258235185314
31260	SPICES	3.8618592667	0.14850878787
778574	SPICES	5.48057841726	0.207208440775
2345	SPICES	5.65746943599	0.213495993272
14257	SPICES	4.9373587554	0.187743345624
18827	SPICES	6.71319832257	0.250501120215
31252	SPICES	6.78196611657	0.2528806189
1060	SPICES	6.91154741659	0.257354101587
326	SPICES	14.6979563227	0.501506284883
14525	SPICES	7.93531018894	0.29222474844
7341	SPICES	4.89252140027	0.18612614975
13187	SPICES	4.13137449722	0.158427677794
8180	SPICES	3.1945221209	0.123698896204
61809	SPICES	8.81555752736	0.321536679287
61052	SPICES	3.7837014674	0.145621499978
6920	SPICES	9.55211907227	0.345587571382
7824	SPICES	5.04710391899	0.191694853572
10364	SPICES	20.5529732679	0.653149046655
6998	SPICES	8.1413943673	0.299142853794
6054	SPICES	4.5887871366	0.17512869851
8363	SPICES	5.9701026761	0.224547256659
8093	SPICES	3.21812865837	0.12458260551
244	SPICES	10.3526362552	0.371234619236
1550470	SPICES	5.34584261682	0.202402491359
61209	SPICES	10.4766198724	0.375160969316
8082	SPICES	4.50704696102	0.172156489517
11428	SPICES	3.34198433806	0.129211829796
7969	SPICES	9.20420963598	0.33428139543
61138	SPICES	3.69608681938	0.142379049665
8857	SPICES	9.98840157856	0.359628796704
12206	SPICES	3.9574413136	0.152033115844
31249	SPICES	3.78951224079	0.145836328422
7136	SPICES	5.18572232638	0.196672206637
8375	SPICES	8.28874475321	0.304068474295
7127	COLD	4.22741488696	0.161948180828
18635	COLD	2.23950650767	0.0875741045475
1549026	COLD	4.30922934641	0.164941390833
7632	COLD	5.4738261256	0.206967936043
10882	COLD	4.34485602732	0.166243131533
6106	COLD	4.32944428587	0.165680136305
2969	COLD	5.67892412951	0.214256893473
311	COLD	4.20253297798	0.161036805747
6213	COLD	4.24690227052	0.162661619263
8078	COLD	5.13999244398	0.19503188883
356	COLD	6.53576244375	0.244344021462
8051	COLD	5.66326707603	0.213701645451
8615	COLD	3.58264880952	0.138171803384
7047	COLD	5.24097788241	0.198651975631
31210	COLD	4.50005841634	0.171902126353
7409	COLD	6.00290362329	0.225702204167
61331	COLD	5.33525962513	0.202024386898
1030	COLD	4.25367174205	0.162909380367
61945	COLD	2.78607486577	0.108338109368
2879	COLD	4.9946701549	0.189808114214
5366244	COLD	6.22548795727	0.233516838168
23642	COLD	3.09802253939	0.120081804114
13436	COLD	3.96569927121	0.152337262565
15606	COLD	6.03164279607	0.226713425915
61177	COLD	4.28361860769	0.164004988957
8174	COLD	9.43160314481	0.34168207064
6276	COLD	5.30689650559	0.201010600015
5363233	COLD	5.48050509169	0.207205829244
7820	COLD	2.99596116721	0.116248133362
11980	COLD	3.27919945729	0.126866718659
8077	COLD	3.3456462585	0.129348510785
454	COLD	4.92883081154	0.187435883194
7761	COLD	3.60649887518	0.139057221353
1068	COLD	3.18295586656	0.123265751443
8205	COLD	5.00986505986	0.190355103227
6137	COLD	3.6695811435	0.141396915432
31260	COLD	5.6868300846	0.214537188819
778574	COLD	5.22947981617	0.198240208988
2345	COLD	6.20651903679	0.23285241005
14257	COLD	8.07624740083	0.296959587201
18827	COLD	5.69240388854	0.214734770729
31252	COLD	2.33214452858	0.0911102219023
1060	COLD	4.90718000282	0.186655033881
326	COLD	5.6220632677	0.212239492554
14525	COLD	10.9536081765	0.390151714227
7341	COLD	3.40682982945	0.131630597383
13187	COLD	4.92488455846	0.187293587173
8180	COLD	6.93462679261	0.258149452203
61809	COLD	2.64597986165	0.103038710695
61052	COLD	4.04337553748	0.155195467204
6920	COLD	3.17108180604	0.122820968313
7824	COLD	4.65698990965	0.177604574379
10364	COLD	4.74659633679	0.180851782758
6998	COLD	3.00315240893	0.116518526601
6054	COLD	3.79358813646	0.145987001079
8363	COLD	7.07335070985	0.262921112288
8093	COLD	4.23039225104	0.162057202602
244	COLD	4.68088917794	0.178471277719
1550470	COLD	5.6692158342	0.213912630098
61209	COLD	2.83959183302	0.11035836061
8082	COLD	5.58615360002	0.210964099184
11428	COLD	5.68469858016	0.214461624027
7969	COLD	4.88307471108	0.185785220989
61138	COLD	2.44031350579	0.0952304882292
8857	COLD	4.54460798504	0.173522934706
12206	COLD	6.84889320276	0.255192792869
31249	COLD	2.68127521556	0.10437531391
7136	COLD	5.19756275403	0.197096646728
8375	COLD	6.00542417499	0.225790919191
7127	SOUR	9.99769525814	0.359926246136
18635	SOUR	17.2197862689	0.570183035097
1549026	SOUR	11.836022331	0.417404323393
7632	SOUR	5.32517919447	0.201664154397
10882	SOUR	8.29723998242	0.304351922767
6106	SOUR	7.85448541453	0.28950224013
2969	SOUR	10.7107223651	0.382541065172
311	SOUR	14.2120462086	0.487688945371
6213	SOUR	15.7684252462	0.531279715951
8078	SOUR	5.63254090851	0.212611429506
356	SOUR	7.63026404359	0.281922189994
8051	SOUR	7.69604329432	0.284150098817
8615	SOUR	5.99906741123	0.225567172528
7047	SOUR	8.44368544543	0.309229088257
31210	SOUR	7.32399565268	0.271503461179
7409	SOUR	7.05338415825	0.262235275097
61331	SOUR	7.84198872433	0.289080834112
1030	SOUR	7.34843335707	0.272337545161
61945	SOUR	10.5282504023	0.376792393477
2879	SOUR	6.7161195369	0.250602276822
5366244	SOUR	9.59984085999	0.347130856585
23642	SOUR	9.25528077955	0.335947142259
13436	SOUR	13.2259371728	0.459067321271
15606	SOUR	8.72384319068	0.318511551621
61177	SOUR	8.76145944508	0.31975310916
8174	SOUR	6.13565293975	0.230367622791
6276	SOUR	9.87611864276	0.356029657932
5363233	SOUR	7.75212186805	0.286046717339
7820	SOUR	13.7048537117	0.473064942365
11980	SOUR	7.74859672031	0.285927568359
8077	SOUR	16.5814682623	0.553280694599
454	SOUR	10.722239672	0.382903017448
7761	SOUR	15.1108333333	0.513098419722
1068	SOUR	17.159257453	0.568594251584
8205	SOUR	8.63078381899	0.315435181028
6137	SOUR	17.3490731047	0.57356678915
31260	SOUR	9.08785846426	0.330478669984
778574	SOUR	5.81861221147	0.219201989232
2345	SOUR	4.92374248019	0.187252403203
14257	SOUR	6.46277380838	0.241803974216
18827	SOUR	13.5771527967	0.469350480643
31252	SOUR	11.3683214767	0.40303736579
1060	SOUR	20.4168719394	0.64993541366
326	SOUR	4.91174966247	0.1868198726
14525	SOUR	6.25308278231	0.23448289358
7341	SOUR	13.5813690801	0.469473328768
13187	SOUR	7.54573768411	0.279054244485
8180	SOUR	11.5962302016	0.410060186108
61809	SOUR	8.95920709848	0.326261327206
61052	SOUR	8.5192909382	0.311740310292
6920	SOUR	8.20758385408	0.301357581074
7824	SOUR	7.65055058836	0.282609653812
10364	SOUR	5.79560488271	0.218388580926
6998	SOUR	6.56494490671	0.245358395617
6054	SOUR	8.95673315139	0.326180098557
8363	SOUR	6.9902477482	0.260064484496
8093	SOUR	6.84316145323	0.254994914659
244	SOUR	11.00388322	0.391721150431
1550470	SOUR	7.71340216876	0.284737457544
61209	SOUR	11.1289099976	0.395615344811
8082	SOUR	3.75159975947	0.144434190077
11428	SOUR	5.87879422413	0.221327680353
7969	SOUR	15.2420559991	0.516754131531
61138	SOUR	13.78757057	0.47546398191
8857	SOUR	9.45019543818	0.342285339999
12206	SOUR	5.9520926849	0.223912744464
31249	SOUR	13.2288402422	0.459152724026
7136	SOUR	10.7140344847	0.382645165414
8375	SOUR	3.9262946978	0.15088547189
7127	BURNT	3.62276945263	0.139660994703
18635	BURNT	6.57334563536	0.245650276277
1549026	BURNT	3.32582092837	0.128608403196
7632	BURNT	4.58481728808	0.174984471697
10882	BURNT	2.73099178277	0.106256344864
6106	BURNT	4.02967508065	0.154691690724
2969	BURNT	6.82924203775	0.254514262786
311	BURNT	3.0384579474	0.117845427217
6213	BURNT	6.70587229081	0.25024740236
8078	BURNT	8.37918782841	0.307083197671
356	BURNT	4.83885565142	0.184188416451
8051	BURNT	3.2361783832	0.125257995117
8615	BURNT	2.91181333537	0.113081070655
7047	BURNT	5.45045879927	0.206135351522
31210	BURNT	2.13043757127	0.0834019971528
7409	BURNT	8.98399438138	0.327074913237
61331	BURNT	4.72547417712	0.180086924605
1030	BURNT	5.69666088397	0.214885657268
61945	BURNT	15.7841540178	0.531710353488
2879	BURNT	10.6543705774	0.380768578135
5366244	BURNT	7.02227596696	0.261166094776
23642	BURNT	17.2851778084	0.571896163589
13436	BURNT	23.1902636055	0.712495213782
15606	BURNT	1.78386296179	0.0700816516449
61177	BURNT	4.28178454718	0.163937910324
8174	BURNT	5.58724587239	0.21100290832
6276	BURNT	4.11112772203	0.157684560423
5363233	BURNT	1.83488716529	0.0720487622479
7820	BURNT	5.1391134659	0.19500034375
11980	BURNT	6.16917244821	0.23154342245
8077	BURNT	6.43458063602	0.240821694256
454	BURNT	3.62866621527	0.13987976121
7761	BURNT	4.812505803	0.183236147278
1068	BURNT	6.56934198443	0.245511177734
8205	BURNT	3.90331890259	0.150038396721
6137	BURNT	6.75792847459	0.252049300077
31260	BURNT	5.7837521242	0.217969369514
778574	BURNT	3.20701740635	0.124166711996
2345	BURNT	3.63974228415	0.140290601808
14257	BURNT	6.10590700561	0.22932344008
18827	BURNT	6.2493270848	0.234351447787
31252	BURNT	16.2447331242	0.544232783259
1060	BURNT	5.58483628345	0.210917292813
326	BURNT	4.46599935843	0.17066191423
14525	BURNT	2.34992762135	0.0917882409237
7341	BURNT	3.76448842017	0.14491098758
13187	BURNT	1.78459479894	0.0701098805189
8180	BURNT	8.41693925316	0.30833962357
61809	BURNT	8.56657931212	0.31330866004
61052	BURNT	1.26790683875	0.0500732384494
6920	BURNT	8.96555472096	0.326469720257
7824	BURNT	3.06529660816	0.118853447008
10364	BURNT	5.93805356245	0.223417950454
6998	BURNT	2.74655110726	0.106844627096
6054	BURNT	6.40980579158	0.239957987549
8363	BURNT	6.9146875699	0.25746234112
8093	BURNT	3.4255896782	0.132329721271
244	BURNT	9.84621335806	0.355069367325
1550470	BURNT	2.89757047005	0.11254445295
61209	BURNT	4.08362143494	0.156674471788
8082	BURNT	10.9784611692	0.390927802909
11428	BURNT	4.3773768595	0.167430503112
7969	BURNT	15.0794550429	0.512222215959
61138	BURNT	4.26137547586	0.163191290656
8857	BURNT	3.4008632591	0.131408182001
12206	BURNT	2.7659789423	0.107578901888
31249	BURNT	3.97669567576	0.152742183631
7136	BURNT	3.29166770537	0.127332677702
8375	BURNT	8.68869260007	0.317350352363
7127	ACID	4.63364388041	0.176757492972
18635	ACID	5.41902957752	0.205014830476
1549026	ACID	9.48067608895	0.343273755917
7632	ACID	9.45391699232	0.342406061094
10882	ACID	4.69028379356	0.178811846917
6106	ACID	5.28950415491	0.200388624515
2969	ACID	9.12908831554	0.331827431232
311	ACID	8.71914360824	0.318356358225
6213	ACID	5.60114673437	0.211496731479
8078	ACID	10.4475701243	0.374242116372
356	ACID	8.82513507198	0.321852199264
8051	ACID	9.41659868296	0.341195015016
8615	ACID	5.23091905749	0.198291756625
7047	ACID	8.30575258174	0.30463589289
31210	ACID	6.67246973985	0.249090048622
7409	ACID	7.89396038903	0.290832571312
61331	ACID	6.37856867071	0.238868291514
1030	ACID	5.32152184239	0.201533435808
61945	ACID	6.63730821225	0.247870784368
2879	ACID	8.19673278086	0.300994739922
5366244	ACID	9.18564434489	0.333675348983
23642	ACID	7.2360214725	0.2684968562
13436	ACID	11.3499460586	0.402469332131
15606	ACID	6.70700703419	0.250286704025
61177	ACID	3.75645649715	0.14461387372
8174	ACID	9.9081069139	0.357056043509
6276	ACID	7.7918977779	0.287390442724
5363233	ACID	4.81311880713	0.183258307225
7820	ACID	7.11892084324	0.264485220141
11980	ACID	4.24193280341	0.162479714573
8077	ACID	8.72979796831	0.318708169705
454	ACID	9.02749263683	0.32850145615
7761	ACID	11.7795380366	0.415678514921
1068	ACID	8.06535406716	0.296594188195
8205	ACID	4.40029306528	0.168266690987
6137	ACID	6.04323382544	0.22712108299
31260	ACID	10.048738639	0.361558686267
778574	ACID	2.92590657409	0.113611891252
2345	ACID	7.28759686147	0.270260247253
14257	ACID	9.37260584391	0.339765937634
18827	ACID	7.5083943632	0.277785380162
31252	ACID	8.54858401298	0.312712045068
1060	ACID	6.41339230651	0.240083051909
326	ACID	13.8692010371	0.47782614652
14525	ACID	8.09836015765	0.297701031409
7341	ACID	6.18148161099	0.231974978477
13187	ACID	5.90410492592	0.222220815046
8180	ACID	8.96388073486	0.326414766263
61809	ACID	7.39632320319	0.273970689357
61052	ACID	3.95114848395	0.151801309621
6920	ACID	5.0827611499	0.192976661633
7824	ACID	3.49409726143	0.134880404188
10364	ACID	9.50882589738	0.344185927917
6998	ACID	3.7889278758	0.145814725253
6054	ACID	5.35804970107	0.202838509403
8363	ACID	3.67932060586	0.141757864186
8093	ACID	9.94396004424	0.358205465225
244	ACID	5.46064969242	0.206498509671
1550470	ACID	4.25261272412	0.162870622972
61209	ACID	4.7080461721	0.17945556738
8082	ACID	5.65229314357	0.213312358631
11428	ACID	11.664657527	0.41216060699
7969	ACID	4.78600399284	0.182277826026
61138	ACID	4.48504287167	0.171355471042
8857	ACID	7.404106393	0.274235939128
12206	ACID	7.84468762472	0.289171855417
31249	ACID	11.1283943305	0.395599309071
7136	ACID	2.88583884177	0.112102327343
8375	ACID	4.07840279744	0.156482764146
7127	WARM	6.70494915964	0.250215429092
18635	WARM	5.25818713315	0.199268072555
1549026	WARM	3.44928204376	0.133212263103
7632	WARM	5.39719351856	0.204235861592
10882	WARM	5.75550740467	0.216969949993
6106	WARM	6.12833319609	0.230110740739
2969	WARM	5.10948065801	0.193936509283
311	WARM	7.24099657677	0.268667050501
6213	WARM	5.00350919349	0.19012632604
8078	WARM	6.2220593092	0.233396763549
356	WARM	2.84174900759	0.110439745335
8051	WARM	4.15561660801	0.159317004563
8615	WARM	8.06897124194	0.296715530916
7047	WARM	8.5601884248	0.313096806645
31210	WARM	6.54790757858	0.24476626568
7409	WARM	5.96192750165	0.224259268252
61331	WARM	10.6413666792	0.380359193247
1030	WARM	5.96352227749	0.224315451918
61945	WARM	10.0457809874	0.361464153236
2879	WARM	5.8855899552	0.22156753056
5366244	WARM	8.79312958084	0.320797532103
23642	WARM	5.45074990797	0.206145726495
13436	WARM	6.7249883973	0.250909348315
15606	WARM	4.62392024424	0.176404554399
61177	WARM	6.45500831746	0.241533479747
8174	WARM	3.9958296362	0.153446523655
6276	WARM	3.92919741055	0.150992459506
5363233	WARM	5.19742501609	0.197091709924
7820	WARM	5.10118007943	0.193638387896
11980	WARM	6.39183462723	0.239331165129
8077	WARM	4.87860989396	0.185624061959
454	WARM	4.25932549164	0.163116278208
7761	WARM	7.13288340368	0.264964125887
1068	WARM	4.98181982281	0.189345381414
8205	WARM	4.50923032626	0.172235949796
6137	WARM	6.81673139559	0.254082125056
31260	WARM	5.26989978617	0.199687253944
778574	WARM	4.17648919818	0.160082343118
2345	WARM	5.47136778116	0.206880365088
14257	WARM	3.00037955302	0.116414271136
18827	WARM	5.26753066011	0.199602474702
31252	WARM	6.53506842926	0.24431988942
1060	WARM	5.45776253035	0.206395632479
326	WARM	5.31590113072	0.201332523296
14525	WARM	7.63801807959	0.28218499511
7341	WARM	5.19820678271	0.197119729806
13187	WARM	2.96731502258	0.115170617526
8180	WARM	5.00825448877	0.190297134341
61809	WARM	8.49268564935	0.310857142158
61052	WARM	4.03857527368	0.155018974851
6920	WARM	7.78648576148	0.287207686254
7824	WARM	5.57347682605	0.21051361547
10364	WARM	8.1640213139	0.299900354951
6998	WARM	6.6639656932	0.248795252224
6054	WARM	6.37346531002	0.238690188377
8363	WARM	7.6487351925	0.282548147682
8093	WARM	3.8458409465	0.147917440826
244	WARM	6.86030947105	0.255586840426
1550470	WARM	6.36693145059	0.238462131585
61209	WARM	5.06162563281	0.192217003694
8082	WARM	7.54057621591	0.278878932769
11428	WARM	4.61300320617	0.176008208815
7969	WARM	6.16574269353	0.231423154556
61138	WARM	6.29241343234	0.235858750572
8857	WARM	3.6307347916	0.139956497613
12206	WARM	5.16734541584	0.196013233175
31249	WARM	6.79902395454	0.253470267488
7136	WARM	7.99802034391	0.294333481988
8375	WARM	7.26949891782	0.269641710906
7127	MUSKY	7.47397293541	0.276614808841
18635	MUSKY	13.2261136029	0.4590725117
1549026	MUSKY	8.10753484067	0.29800854515
7632	MUSKY	5.728398935	0.216010135657
10882	MUSKY	3.69858269584	0.14247150225
6106	MUSKY	13.2244133866	0.459022491696
2969	MUSKY	13.7313250832	0.473833287912
311	MUSKY	11.3205279503	0.401559376783
6213	MUSKY	9.67508970758	0.349560643963
8078	MUSKY	8.1115942029	0.298144583911
356	MUSKY	7.62263357656	0.281663526005
8051	MUSKY	4.32153467623	0.165391122266
8615	MUSKY	7.73107024205	0.285335030847
7047	MUSKY	11.3160954314	0.401422210932
31210	MUSKY	11.4081447102	0.404267482117
7409	MUSKY	7.66417695444	0.283071234822
61331	MUSKY	7.1066727295	0.264064990266
1030	MUSKY	7.95983255805	0.293049728581
61945	MUSKY	12.3851298338	0.434048616953
2879	MUSKY	8.65953875073	0.316386505479
5366244	MUSKY	11.3295379994	0.401838147465
23642	MUSKY	9.95155484026	0.358448816115
13436	MUSKY	14.0739360156	0.483727170637
15606	MUSKY	6.94355287683	0.258456944452
61177	MUSKY	4.39865809271	0.168207046502
8174	MUSKY	4.58441186384	0.174969741699
6276	MUSKY	5.92459297782	0.222943398332
5363233	MUSKY	8.237693915	0.302363916185
7820	MUSKY	9.39871983298	0.34061441952
11980	MUSKY	10.1920138637	0.366129695909
8077	MUSKY	10.7380825931	0.383400736614
454	MUSKY	9.17761404892	0.333413122104
7761	MUSKY	9.10259757546	0.33096098997
1068	MUSKY	11.899689245	0.419346528149
8205	MUSKY	7.06006713249	0.262464866133
6137	MUSKY	11.823176477	0.417012058278
31260	MUSKY	10.6907607911	0.381913485128
778574	MUSKY	9.41257836985	0.341064482166
2345	MUSKY	5.51412439359	0.208402748613
14257	MUSKY	5.97290159876	0.224645842547
18827	MUSKY	7.70516462649	0.284458760291
31252	MUSKY	12.603813158	0.440610083871
1060	MUSKY	11.1553560852	0.396437455651
326	MUSKY	7.57737399195	0.280128321033
14525	MUSKY	4.39962174941	0.168242201361
7341	MUSKY	15.3380576049	0.519419899759
13187	MUSKY	6.48096241475	0.242437347061
8180	MUSKY	14.1532692166	0.486004756857
61809	MUSKY	10.8509521315	0.386940820396
61052	MUSKY	8.78859499573	0.320648039029
6920	MUSKY	10.0547099397	0.361749520799
7824	MUSKY	1.95726187909	0.0767581255383
10364	MUSKY	5.74009715588	0.216424400092
6998	MUSKY	7.99903356333	0.294367527354
6054	MUSKY	8.61124697632	0.314788449258
8363	MUSKY	4.88782255502	0.185956578469
8093	MUSKY	6.7621831919	0.252196479068
244	MUSKY	8.13911017922	0.299066361365
1550470	MUSKY	5.88372404111	0.221501678208
61209	MUSKY	6.30547704488	0.23631546549
8082	MUSKY	9.14043802601	0.332198478117
11428	MUSKY	5.98556117021	0.2250916698
7969	MUSKY	11.2098055309	0.39812832522
61138	MUSKY	13.53951621	0.46825324872
8857	MUSKY	6.71189963137	0.25045614659
12206	MUSKY	3.70320031831	0.142642535693
31249	MUSKY	10.9939312826	0.391410641285
7136	MUSKY	7.2637588745	0.269445477785
8375	MUSKY	7.49605927973	0.277366009299
7127	SWEATY	0.693612219299	0.0275520496076
18635	SWEATY	8.82960504362	0.321999431654
1549026	SWEATY	3.06889535815	0.118988566838
7632	SWEATY	3.54864265472	0.136908560312
10882	SWEATY	3.30906959418	0.127982807136
6106	SWEATY	7.09260163351	0.263582066168
2969	SWEATY	5.59610297539	0.211317571611
311	SWEATY	6.67650105169	0.24922977555
6213	SWEATY	6.94873501792	0.258635433377
8078	SWEATY	4.7092343851	0.179498620006
356	SWEATY	5.26129934624	0.199379465525
8051	SWEATY	3.28239487848	0.126986148684
8615	SWEATY	3.89015079539	0.149552722531
7047	SWEATY	1.57033730159	0.0618271083672
31210	SWEATY	6.0801555933	0.228418906916
7409	SWEATY	2.71836856712	0.105778931618
61331	SWEATY	3.50141382781	0.135152593595
1030	SWEATY	5.17472295722	0.196277815215
61945	SWEATY	5.95966614906	0.224179597719
2879	SWEATY	2.33865875015	0.0913586201061
5366244	SWEATY	6.63960719544	0.247950534334
23642	SWEATY	2.09494424084	0.0820422530849
13436	SWEATY	6.6796560527	0.249339120115
15606	SWEATY	0.552109982251	0.021962469117
61177	SWEATY	3.73455576323	0.14380346783
8174	SWEATY	4.98186523622	0.189347016956
6276	SWEATY	2.57011368177	0.100162353536
5363233	SWEATY	4.35843663802	0.16673907755
7820	SWEATY	7.65700453515	0.282828294025
11980	SWEATY	3.3055895095	0.127852811578
8077	SWEATY	6.67775202109	0.249273132022
454	SWEATY	4.75863131582	0.181287423833
7761	SWEATY	3.23186284521	0.125096538828
1068	SWEATY	5.48341100975	0.207309321869
8205	SWEATY	3.09163385373	0.119842074195
6137	SWEATY	6.77717914934	0.252715103085
31260	SWEATY	9.39256653032	0.340414538802
778574	SWEATY	3.04625389584	0.118138290715
2345	SWEATY	1.94407049628	0.0762510558135
14257	SWEATY	4.48663961468	0.171413610574
18827	SWEATY	4.37066075379	0.167185359982
31252	SWEATY	4.85250754521	0.184681570018
1060	SWEATY	5.93467485279	0.223298847868
326	SWEATY	2.68619001374	0.104561353834
14525	SWEATY	1.5366801201	0.0605226504873
7341	SWEATY	7.90730393002	0.291281975024
13187	SWEATY	3.70294648424	0.142633134304
8180	SWEATY	5.50961381719	0.208242214922
61809	SWEATY	5.91395852998	0.222568379002
61052	SWEATY	5.33160122961	0.201893660516
6920	SWEATY	6.67136433355	0.249051732514
7824	SWEATY	1.82084669999	0.0715076749177
10364	SWEATY	0.0785061137962	0.00313777926788
6998	SWEATY	1.73054987891	0.068024074003
6054	SWEATY	6.13438539726	0.23032314221
8363	SWEATY	2.45962472088	0.0959650873282
8093	SWEATY	3.02919332512	0.117497328124
244	SWEATY	4.73537141367	0.180445359577
1550470	SWEATY	1.9439551872	0.0762466227799
61209	SWEATY	4.63700279567	0.176879393856
8082	SWEATY	3.62143225621	0.139611381614
11428	SWEATY	3.14220473209	0.121738809052
7969	SWEATY	5.20264548002	0.197278811205
61138	SWEATY	7.91944738586	0.291690836675
8857	SWEATY	3.77421943942	0.145270884626
12206	SWEATY	1.47895996998	0.058283469762
31249	SWEATY	6.33202011449	0.237243013087
7136	SWEATY	2.72947558865	0.106199008751
8375	SWEATY	1.89612528345	0.0744068949017
7127	AMMONIA/URINOUS	5.64530220509	0.213064313409
18635	AMMONIA/URINOUS	8.65131269637	0.316114423307
1549026	AMMONIA/URINOUS	3.26997250369	0.126521812077
7632	AMMONIA/URINOUS	6.67919364228	0.249323094607
10882	AMMONIA/URINOUS	2.98426987153	0.115808448195
6106	AMMONIA/URINOUS	7.84602718685	0.289217030427
2969	AMMONIA/URINOUS	10.0825302461	0.362638243379
311	AMMONIA/URINOUS	5.45894228412	0.20643767102
6213	AMMONIA/URINOUS	7.21750897724	0.267863384755
8078	AMMONIA/URINOUS	7.41713170405	0.274679731076
356	AMMONIA/URINOUS	6.05570503553	0.22755957603
8051	AMMONIA/URINOUS	8.36207574745	0.306513305576
8615	AMMONIA/URINOUS	3.39147541296	0.131058174328
7047	AMMONIA/URINOUS	7.50550844476	0.277687274985
31210	AMMONIA/URINOUS	7.94297703083	0.292482727588
7409	AMMONIA/URINOUS	9.46526384275	0.342774065865
61331	AMMONIA/URINOUS	8.71047934028	0.318070193476
1030	AMMONIA/URINOUS	4.42760715222	0.169262804051
61945	AMMONIA/URINOUS	4.74476593229	0.180785515791
2879	AMMONIA/URINOUS	10.7828154409	0.384804974104
5366244	AMMONIA/URINOUS	8.96519944789	0.32645805746
23642	AMMONIA/URINOUS	8.8538883071	0.322798997022
13436	AMMONIA/URINOUS	8.29680707448	0.304337479927
15606	AMMONIA/URINOUS	3.08743658807	0.119684557649
61177	AMMONIA/URINOUS	2.96912183669	0.115238599675
8174	AMMONIA/URINOUS	8.8965445089	0.324202378677
6276	AMMONIA/URINOUS	8.59951586745	0.314399965436
5363233	AMMONIA/URINOUS	5.71772206541	0.21563194437
7820	AMMONIA/URINOUS	2.71104274159	0.105501808565
11980	AMMONIA/URINOUS	3.3420651158	0.129214844937
8077	AMMONIA/URINOUS	6.67163640262	0.249061163189
454	AMMONIA/URINOUS	6.77271996751	0.252560904397
7761	AMMONIA/URINOUS	4.79012624412	0.182426925991
1068	AMMONIA/URINOUS	6.53834801452	0.244433922677
8205	AMMONIA/URINOUS	7.48394638069	0.276954073856
6137	AMMONIA/URINOUS	7.38377750286	0.27354303203
31260	AMMONIA/URINOUS	8.48719577859	0.31067483427
778574	AMMONIA/URINOUS	4.14847178622	0.159054944184
2345	AMMONIA/URINOUS	9.20956123457	0.334456042129
14257	AMMONIA/URINOUS	9.84116267328	0.354907113827
18827	AMMONIA/URINOUS	3.94515661187	0.151580560198
31252	AMMONIA/URINOUS	3.30067409831	0.127669184131
1060	AMMONIA/URINOUS	4.75807369614	0.181267241727
326	AMMONIA/URINOUS	6.47990255256	0.242400447266
14525	AMMONIA/URINOUS	11.195523217	0.397685032638
7341	AMMONIA/URINOUS	7.68491599023	0.283773466099
13187	AMMONIA/URINOUS	7.19546679778	0.267108774936
8180	AMMONIA/URINOUS	9.86315389531	0.355613433907
61809	AMMONIA/URINOUS	6.71087892796	0.250420798724
61052	AMMONIA/URINOUS	2.37741386538	0.0928357159404
6920	AMMONIA/URINOUS	6.13119567517	0.230211202844
7824	AMMONIA/URINOUS	1.40046019128	0.0552338921522
10364	AMMONIA/URINOUS	7.84096444777	0.289046288522
6998	AMMONIA/URINOUS	5.59072990403	0.211126691817
6054	AMMONIA/URINOUS	8.29092558999	0.304141244744
8363	AMMONIA/URINOUS	4.97811716612	0.189212026437
8093	AMMONIA/URINOUS	5.89848950581	0.222022708852
244	AMMONIA/URINOUS	10.1405195864	0.364488728463
1550470	AMMONIA/URINOUS	1.64144226317	0.0645799574455
61209	AMMONIA/URINOUS	7.87560350263	0.290214087893
8082	AMMONIA/URINOUS	5.65612120742	0.213448165452
11428	AMMONIA/URINOUS	12.3746360064	0.433732793741
7969	AMMONIA/URINOUS	10.5559399339	0.377666450202
61138	AMMONIA/URINOUS	4.23413730234	0.162194324616
8857	AMMONIA/URINOUS	5.55310688008	0.209789476795
12206	AMMONIA/URINOUS	3.04600070263	0.118128779993
31249	AMMONIA/URINOUS	3.61162369294	0.139247417438
7136	AMMONIA/URINOUS	3.45326329586	0.133360520878
8375	AMMONIA/URINOUS	5.34072351947	0.202219609694
7127	DECAYED	2.80977607684	0.109233106433
18635	DECAYED	12.3501810402	0.432996452917
1549026	DECAYED	4.27344582995	0.163632897493
7632	DECAYED	2.42127064738	0.0945058052762
10882	DECAYED	2.0380318491	0.079859844437
6106	DECAYED	7.59756148612	0.280813283231
2969	DECAYED	5.3704095011	0.20327986076
311	DECAYED	5.72266881206	0.215807177149
6213	DECAYED	5.12770113822	0.194590717944
8078	DECAYED	5.27330600754	0.199809137802
356	DECAYED	3.73342179164	0.143761496356
8051	DECAYED	3.04143363411	0.117957217944
8615	DECAYED	1.13852561366	0.0450225283172
7047	DECAYED	2.74759744897	0.106884181262
31210	DECAYED	3.23916099128	0.12536957408
7409	DECAYED	4.31455800405	0.165136155854
61331	DECAYED	3.94128825752	0.151438029049
1030	DECAYED	4.71957125809	0.179873109179
61945	DECAYED	10.643694814	0.380432496843
2879	DECAYED	3.54183903035	0.136655711727
5366244	DECAYED	8.24605708458	0.302643300406
23642	DECAYED	14.186664881	0.486962011063
13436	DECAYED	12.7378826531	0.44461384433
15606	DECAYED	2.7675190425	0.10763709704
61177	DECAYED	5.33879073642	0.202150554846
8174	DECAYED	3.60194595489	0.138888232331
6276	DECAYED	4.58194264767	0.174880026536
5363233	DECAYED	5.51263200338	0.208349635493
7820	DECAYED	3.29223170033	0.127353752186
11980	DECAYED	9.09635360683	0.330756684697
8077	DECAYED	16.6764408541	0.55581616234
454	DECAYED	4.53459556904	0.173158799972
7761	DECAYED	2.93834787376	0.11408035966
1068	DECAYED	9.29644210174	0.337288149769
8205	DECAYED	5.12281388553	0.194415266579
6137	DECAYED	8.59859376336	0.314369424652
31260	DECAYED	8.6873759894	0.317306838944
778574	DECAYED	5.79002076446	0.218191094397
2345	DECAYED	3.11474236503	0.120709046601
14257	DECAYED	2.71308989618	0.105579253133
18827	DECAYED	4.55491811769	0.173897813084
31252	DECAYED	10.5842488059	0.378559423122
1060	DECAYED	3.86964610467	0.148796179797
326	DECAYED	2.56798975846	0.100081761779
14525	DECAYED	3.53090034079	0.136249110745
7341	DECAYED	6.07097075871	0.228096155967
13187	DECAYED	4.04719299484	0.155335811339
8180	DECAYED	3.79219085096	0.145935349458
61809	DECAYED	7.31181554572	0.271087563199
61052	DECAYED	2.86702202071	0.111392954721
6920	DECAYED	9.97664732931	0.359252496399
7824	DECAYED	2.13883353712	0.0837234979249
10364	DECAYED	3.09048074754	0.119798801401
6998	DECAYED	3.29562066372	0.127480380325
6054	DECAYED	4.10214791937	0.157354869754
8363	DECAYED	2.39918544434	0.0936649814552
8093	DECAYED	4.97932113832	0.189255389933
244	DECAYED	4.26627106632	0.163370415128
1550470	DECAYED	2.52814041893	0.0985690191661
61209	DECAYED	5.12038162265	0.194327941721
8082	DECAYED	5.99242548602	0.225333354159
11428	DECAYED	5.38803422948	0.203909004036
7969	DECAYED	9.38506574695	0.340170846248
61138	DECAYED	6.8835441947	0.256388495516
8857	DECAYED	3.18637715956	0.123393886621
12206	DECAYED	2.08233288968	0.0815588714817
31249	DECAYED	2.47621551423	0.0965959632601
7136	DECAYED	1.85308836655	0.0727499600644
8375	DECAYED	4.41386987164	0.168761895968
7127	WOOD	2.91879379295	0.113344008836
18635	WOOD	2.34647877588	0.0916567659769
1549026	WOOD	3.45935903751	0.13358749552
7632	WOOD	2.84127561117	0.110421885607
10882	WOOD	0.473198715556	0.0188383818125
6106	WOOD	3.23671381329	0.125278026008
2969	WOOD	4.53861397337	0.173304952215
311	WOOD	3.52291810326	0.135952343345
6213	WOOD	2.97673129252	0.115524880026
8078	WOOD	3.21102620859	0.124316772619
356	WOOD	5.39595326893	0.204191606085
8051	WOOD	1.18926278683	0.0470047730828
8615	WOOD	3.54089473866	0.136620615326
7047	WOOD	3.67564018194	0.141621474979
31210	WOOD	2.54007545817	0.0990222249934
7409	WOOD	2.34222462062	0.0914945783553
61331	WOOD	3.85056208799	0.148091752162
1030	WOOD	2.47835516506	0.0966773088727
61945	WOOD	4.400524506	0.168275133869
2879	WOOD	2.88811810667	0.112188233787
5366244	WOOD	5.07669837498	0.192758788443
23642	WOOD	5.98225047446	0.224975090683
13436	WOOD	4.2251377514	0.161864794449
15606	WOOD	3.29123738737	0.127316598079
61177	WOOD	3.12016584524	0.120912459849
8174	WOOD	3.5772652466	0.137971879206
6276	WOOD	1.45091682469	0.0571946091347
5363233	WOOD	3.76272649792	0.144845815638
7820	WOOD	1.82506320792	0.0716701860316
11980	WOOD	1.46351166144	0.0576837199044
8077	WOOD	2.41911381011	0.0944237077537
454	WOOD	4.10279046762	0.157378462856
7761	WOOD	2.44863876826	0.0955472180033
1068	WOOD	3.00762841369	0.116686805077
8205	WOOD	4.19963709951	0.160930703273
6137	WOOD	3.82283965095	0.147067944839
31260	WOOD	1.01038960559	0.0400072293617
778574	WOOD	4.4395936085	0.169699747776
2345	WOOD	2.25112307206	0.0880179008482
14257	WOOD	3.27013861266	0.126528021888
18827	WOOD	3.37153958087	0.130314671577
31252	WOOD	10.378085844	0.372041567446
1060	WOOD	3.4800874011	0.134359092716
326	WOOD	2.52105350976	0.0982998560708
14525	WOOD	3.81768467169	0.146877500367
7341	WOOD	2.38917616936	0.0932837816671
13187	WOOD	2.54744564139	0.0993020339371
8180	WOOD	4.71957239116	0.179873150224
61809	WOOD	3.31142486643	0.128070780799
61052	WOOD	2.56275548775	0.0998831332342
6920	WOOD	2.31591287982	0.0904911342061
7824	WOOD	0.696968293965	0.0276844258375
10364	WOOD	4.42379504993	0.16912381694
6998	WOOD	1.84813883454	0.0725593065209
6054	WOOD	1.68521838411	0.0662727509634
8363	WOOD	1.12200074105	0.044376475377
8093	WOOD	5.29665176201	0.200644262525
244	WOOD	2.19750687509	0.0859686604172
1550470	WOOD	1.4367164701	0.056642997118
61209	WOOD	3.84773193768	0.147987261081
8082	WOOD	1.91130512016	0.0749909699013
11428	WOOD	1.2509842752	0.0494133863454
7969	WOOD	3.78644329702	0.145722870744
61138	WOOD	2.12029792148	0.083013651549
8857	WOOD	2.56231237947	0.0998663172868
12206	WOOD	2.23216033664	0.0872933975581
31249	WOOD	3.19879811135	0.123859000711
7136	WOOD	4.19952566074	0.16092662012
8375	WOOD	2.66560534291	0.103782032979
7127	GRASS	2.44888198799	0.0955564703232
18635	GRASS	1.65816902809	0.0652269513131
1549026	GRASS	4.70986943461	0.179521629348
7632	GRASS	4.03531820233	0.154899210896
10882	GRASS	4.47360367754	0.170938895156
6106	GRASS	2.13329674852	0.0835114879337
2969	GRASS	0.918671693693	0.0364092846754
311	GRASS	2.63659382138	0.102683102064
6213	GRASS	4.47918817527	0.171142276327
8078	GRASS	1.09859693878	0.0434611114575
356	GRASS	5.26220485156	0.199411874103
8051	GRASS	2.40392527076	0.0938454681473
8615	GRASS	2.65591065496	0.103414881636
7047	GRASS	3.0292510415	0.117499496911
31210	GRASS	4.22874888186	0.161997028432
7409	GRASS	2.35649592894	0.0920386079322
61331	GRASS	1.42396217599	0.0561474197281
1030	GRASS	2.12507355084	0.0831965669951
61945	GRASS	6.51491839074	0.243619070975
2879	GRASS	0.849427398373	0.0336884851729
5366244	GRASS	3.77517252612	0.145306130004
23642	GRASS	9.22086826467	0.334824965965
13436	GRASS	3.27197510372	0.126596675717
15606	GRASS	2.9498440997	0.114513131903
61177	GRASS	2.12419202353	0.0831628042399
8174	GRASS	4.13255155439	0.158470869236
6276	GRASS	11.4716502795	0.406226507127
5363233	GRASS	4.03380088546	0.154843415585
7820	GRASS	2.33762179037	0.0913190813611
11980	GRASS	2.11881355345	0.0829567937883
8077	GRASS	2.75307989499	0.107091416236
454	GRASS	3.46400621265	0.13376051289
7761	GRASS	3.35719688343	0.129779566972
1068	GRASS	4.57202894786	0.174519778435
8205	GRASS	4.32757661731	0.165611896941
6137	GRASS	2.97313747325	0.115389680356
31260	GRASS	1.8070692044	0.0709765685322
778574	GRASS	1.68019827371	0.0660787044527
2345	GRASS	1.97381519274	0.0773942291437
14257	GRASS	5.3491268025	0.20251980908
18827	GRASS	5.23739791047	0.19852378167
31252	GRASS	2.71955317875	0.105823739353
1060	GRASS	0.959651956805	0.0380177055209
326	GRASS	3.04496486663	0.118089870249
14525	GRASS	5.30403741283	0.200908371363
7341	GRASS	1.70056208849	0.0668657189727
13187	GRASS	2.95251227208	0.114613559396
8180	GRASS	1.18244895596	0.046738684025
61809	GRASS	1.09377409297	0.0432724270122
61052	GRASS	2.94564212905	0.114354962141
6920	GRASS	1.45085089471	0.0571920484607
7824	GRASS	5.39710802458	0.204232810972
10364	GRASS	1.89429837892	0.0743365886175
6998	GRASS	1.22271140883	0.0483104470775
6054	GRASS	1.35131792495	0.0533222929443
8363	GRASS	2.91835859344	0.113327616986
8093	GRASS	2.82772224298	0.109910484486
244	GRASS	0.944890339793	0.03743848649
1550470	GRASS	8.36419985602	0.306584058548
61209	GRASS	2.42750369219	0.0947430380173
8082	GRASS	1.68776360544	0.0663711258225
11428	GRASS	1.60676300206	0.0632378451444
7969	GRASS	1.26854449337	0.0500980976821
61138	GRASS	2.96623131522	0.115129841323
8857	GRASS	2.60548337266	0.101503917464
12206	GRASS	2.00164944025	0.0784633374174
31249	GRASS	2.37044072566	0.0925700333328
7136	GRASS	2.79577193425	0.108704341087
8375	GRASS	2.96916244849	0.115240127681
7127	FLOWER	5.77815454937	0.217771353976
18635	FLOWER	0.645909740708	0.0256695098711
1549026	FLOWER	11.8292867985	0.417198661477
7632	FLOWER	6.53341831218	0.24426251055
10882	FLOWER	10.7782810642	0.384662705487
6106	FLOWER	4.63773868419	0.176906099326
2969	FLOWER	4.11645325044	0.157880055072
311	FLOWER	3.45068748492	0.133264601749
6213	FLOWER	3.35166169998	0.129573013539
8078	FLOWER	1.17659397764	0.0465100097504
356	FLOWER	6.97954155541	0.259696062087
8051	FLOWER	7.2165095445	0.267829177778
8615	FLOWER	14.7380980628	0.502639308707
7047	FLOWER	3.40867463476	0.131699360284
31210	FLOWER	12.058712462	0.424183479983
7409	FLOWER	4.20604772317	0.161165573947
61331	FLOWER	19.8664651131	0.636788030087
1030	FLOWER	3.37053775076	0.130277300139
61945	FLOWER	2.14267353661	0.0838705215107
2879	FLOWER	3.0100166746	0.116776586832
5366244	FLOWER	11.1810581417	0.397235901202
23642	FLOWER	3.84215854559	0.147781468908
13436	FLOWER	10.3180192452	0.370136161352
15606	FLOWER	8.13408639023	0.298898111048
61177	FLOWER	9.20460758544	0.334294383097
8174	FLOWER	6.2021847859	0.232700552989
6276	FLOWER	8.02172994521	0.295129937283
5363233	FLOWER	10.6208752387	0.379713813213
7820	FLOWER	2.2231763285	0.086950047945
11980	FLOWER	5.6293581117	0.212498455368
8077	FLOWER	1.11528970017	0.0441140395606
454	FLOWER	4.17924056644	0.160183201973
7761	FLOWER	3.3915264193	0.131060076191
1068	FLOWER	3.4995021061	0.135081478248
8205	FLOWER	5.9885580324	0.225197190373
6137	FLOWER	1.02990843439	0.0407720528222
31260	FLOWER	2.15879047045	0.0844874682999
778574	FLOWER	10.5513933475	0.377522973269
2345	FLOWER	15.0808820339	0.512262080189
14257	FLOWER	7.410510767	0.274454162749
18827	FLOWER	7.54064181222	0.278881160913
31252	FLOWER	1.71140978364	0.0672848219665
1060	FLOWER	4.19920466059	0.160914858511
326	FLOWER	7.46631813417	0.276354362775
14525	FLOWER	6.26542476177	0.234914771493
7341	FLOWER	2.86942387276	0.111483517566
13187	FLOWER	12.0599367326	0.424220639707
8180	FLOWER	3.62080154062	0.139587980106
61809	FLOWER	1.86319169088	0.0731390743245
61052	FLOWER	11.8727110592	0.418523935211
6920	FLOWER	2.48667987734	0.0969937643688
7824	FLOWER	4.6400411068	0.176989651683
10364	FLOWER	1.18301943118	0.0467609632573
6998	FLOWER	8.80970911317	0.321343974663
6054	FLOWER	5.22570491136	0.198104999726
8363	FLOWER	13.9946351581	0.48144548104
8093	FLOWER	9.29260235963	0.33716311094
244	FLOWER	4.44964417484	0.17006603368
1550470	FLOWER	4.71257740624	0.179619741926
61209	FLOWER	2.77151245488	0.10778798568
8082	FLOWER	1.26339453506	0.0498973151017
11428	FLOWER	2.30341228309	0.0900142080654
7969	FLOWER	3.72630330379	0.143497997627
61138	FLOWER	6.62042557226	0.247285008987
8857	FLOWER	5.58842423062	0.211044775072
12206	FLOWER	5.54763325461	0.209594836293
31249	FLOWER	3.61021340665	0.139195079929
7136	FLOWER	11.0929220426	0.394495713926
8375	FLOWER	10.3314229025	0.370561596423
7127	CHEMICAL	10.9140810296	0.388916375295
18635	CHEMICAL	7.35901437738	0.272698538052
1549026	CHEMICAL	11.9678874365	0.421423365582
7632	CHEMICAL	24.8569548205	0.747130911641
10882	CHEMICAL	12.8287267815	0.447318578925
6106	CHEMICAL	9.81963657771	0.354215358101
2969	CHEMICAL	21.5216016423	0.675592330793
311	CHEMICAL	17.2551621009	0.571110236384
6213	CHEMICAL	13.7481520154	0.474321407082
8078	CHEMICAL	26.0248624043	0.770077110907
356	CHEMICAL	25.0409190346	0.750817710945
8051	CHEMICAL	28.7920477395	0.820089104366
8615	CHEMICAL	12.3772342854	0.433810999993
7047	CHEMICAL	31.1722584942	0.858206459917
31210	CHEMICAL	14.2120329935	0.487688567016
7409	CHEMICAL	41.7928387188	0.973057001482
61331	CHEMICAL	15.2054943196	0.515736949782
1030	CHEMICAL	11.0160959135	0.392102088871
61945	CHEMICAL	9.94261113756	0.358162239009
2879	CHEMICAL	25.8110791496	0.765958443237
5366244	CHEMICAL	22.2581775389	0.692156514615
23642	CHEMICAL	15.4363204972	0.522140823691
13436	CHEMICAL	10.6435585948	0.380428207968
15606	CHEMICAL	13.1075195741	0.45557795521
61177	CHEMICAL	23.0094751588	0.708604627518
8174	CHEMICAL	30.1241076788	0.841979561774
6276	CHEMICAL	12.7195593948	0.444067499312
5363233	CHEMICAL	18.0805128908	0.592458537074
7820	CHEMICAL	8.65004207476	0.316072391832
11980	CHEMICAL	15.1488771039	0.514159693153
8077	CHEMICAL	11.3137410651	0.401349347847
454	CHEMICAL	26.9170647022	0.786871239214
7761	CHEMICAL	16.9750915298	0.563742168214
1068	CHEMICAL	15.2479334653	0.516917548628
8205	CHEMICAL	29.0039596807	0.823666516364
6137	CHEMICAL	9.09078781512	0.330574543365
31260	CHEMICAL	18.6982650197	0.608080554889
778574	CHEMICAL	16.8893769466	0.561474656407
2345	CHEMICAL	14.7066152082	0.501750795976
14257	CHEMICAL	26.6729031646	0.782338621292
18827	CHEMICAL	23.1806376169	0.712288720545
31252	CHEMICAL	15.1072587181	0.512998642334
1060	CHEMICAL	8.169645904	0.300088590481
326	CHEMICAL	20.1463999481	0.643505025577
14525	CHEMICAL	37.0284444287	0.932695498425
7341	CHEMICAL	11.6328723429	0.411185406136
13187	CHEMICAL	21.5004056521	0.675109248802
8180	CHEMICAL	25.7779017375	0.765315982304
61809	CHEMICAL	19.9664742478	0.639194932357
61052	CHEMICAL	17.3668144727	0.574030080935
6920	CHEMICAL	10.1787805111	0.365708191366
7824	CHEMICAL	13.6617917075	0.471813847237
10364	CHEMICAL	24.032832262	0.730282479867
6998	CHEMICAL	21.9499705219	0.685278338512
6054	CHEMICAL	14.3118685504	0.490542909454
8363	CHEMICAL	14.753252551	0.503066717707
8093	CHEMICAL	19.3048050088	0.623122001782
244	CHEMICAL	18.4241743226	0.601186893117
1550470	CHEMICAL	12.6128211307	0.440879542478
61209	CHEMICAL	11.7062382987	0.413435125904
8082	CHEMICAL	19.8790676522	0.6370917738
11428	CHEMICAL	34.0537036064	0.898286252531
7969	CHEMICAL	35.0843907128	0.911009839836
61138	CHEMICAL	12.9776723473	0.451738902071
8857	CHEMICAL	24.3006361024	0.735817078103
12206	CHEMICAL	16.7051724512	0.556581783399
31249	CHEMICAL	13.8694048194	0.47783203676
7136	CHEMICAL	11.8172819274	0.416832016234
8375	CHEMICAL	19.5072130592	0.628075977834
