#oID	descriptor	value	sigma
7749	INTENSITY/STRENGTH	51.3394698605	0.999282328197
6137	INTENSITY/STRENGTH	50.1570361985	0.999990135853
5364729	INTENSITY/STRENGTH	50.8164960336	0.999733333691
22310	INTENSITY/STRENGTH	50.9396434355	0.999646828086
6753	INTENSITY/STRENGTH	50.014958356	0.999999910499
16741	INTENSITY/STRENGTH	49.8665530616	0.999992876766
641423	INTENSITY/STRENGTH	49.9166125901	0.999997218616
24834	INTENSITY/STRENGTH	51.6886700469	0.998859357389
8137	INTENSITY/STRENGTH	48.4079894613	0.998986200978
7151	INTENSITY/STRENGTH	51.8850184945	0.99857868211
243	INTENSITY/STRENGTH	40.2199772865	0.96174046229
5960	INTENSITY/STRENGTH	33.8669231994	0.895889533178
7720	INTENSITY/STRENGTH	49.8769237281	0.999993940893
244	INTENSITY/STRENGTH	42.9998092008	0.98039893151
7519	INTENSITY/STRENGTH	51.4099124041	0.999204858805
61138	INTENSITY/STRENGTH	37.4403027972	0.936901602469
21648	INTENSITY/STRENGTH	50.0818801354	0.999997318257
13187	INTENSITY/STRENGTH	47.7600742103	0.997993092983
12506	INTENSITY/STRENGTH	50.2666113098	0.999971567364
6998	INTENSITY/STRENGTH	44.8499720518	0.989390884853
8918	INTENSITY/STRENGTH	45.4459970764	0.991704422949
8091	INTENSITY/STRENGTH	47.5818062985	0.997660935689
62375	INTENSITY/STRENGTH	50.6613897831	0.999825025422
7593	INTENSITY/STRENGTH	48.8581349267	0.999478457662
170833	INTENSITY/STRENGTH	50.804099166	0.999741369813
16324	INTENSITY/STRENGTH	50.8298573377	0.99972453472
7768	INTENSITY/STRENGTH	52.9476414891	0.996524563861
875	INTENSITY/STRENGTH	34.2711791766	0.901041678202
177	INTENSITY/STRENGTH	42.4031814193	0.97691533898
1001	INTENSITY/STRENGTH	49.6640123324	0.999954844915
7937	INTENSITY/STRENGTH	44.083390923	0.985997494812
6276	INTENSITY/STRENGTH	42.0545990143	0.974748241271
6584	INTENSITY/STRENGTH	38.4302078472	0.946455963816
14514	INTENSITY/STRENGTH	52.3149913651	0.997856325992
5365049	INTENSITY/STRENGTH	50.1916864975	0.999985302515
8174	INTENSITY/STRENGTH	43.7860949873	0.984554953797
31249	INTENSITY/STRENGTH	49.8533830652	0.99999140139
778574	INTENSITY/STRENGTH	49.8930105135	0.9999954213
7967	INTENSITY/STRENGTH	53.5284131528	0.995020120249
12748	INTENSITY/STRENGTH	45.7390490938	0.99273771895
519539	INTENSITY/STRENGTH	52.8974090706	0.996642008271
7127	INTENSITY/STRENGTH	50.5904320324	0.999860556006
62572	INTENSITY/STRENGTH	50.5816733708	0.999864662436
2345	INTENSITY/STRENGTH	48.2057313406	0.998712239991
807	INTENSITY/STRENGTH	42.1482263321	0.975339860107
379	INTENSITY/STRENGTH	47.2171363922	0.996902268056
61771	INTENSITY/STRENGTH	51.1607630259	0.999461051679
6287	INTENSITY/STRENGTH	35.5725970932	0.916740018146
7795	INTENSITY/STRENGTH	49.2627149687	0.999782564313
565690	INTENSITY/STRENGTH	48.3155100111	0.998864997391
61337	INTENSITY/STRENGTH	50.6803619564	0.999814843043
14296	INTENSITY/STRENGTH	53.1781052604	0.995959858781
5779	INTENSITY/STRENGTH	40.2061673218	0.961632336589
7601	INTENSITY/STRENGTH	47.945540466	0.998311678409
61192	INTENSITY/STRENGTH	50.7757055161	0.999759312381
8051	INTENSITY/STRENGTH	50.1940916478	0.999984931373
33032	INTENSITY/STRENGTH	34.2723364209	0.901056239337
8078	INTENSITY/STRENGTH	56.7721081171	0.98165542066
7749	VALENCE/PLEASANTNESS	44.7233823209	0.988862922347
6137	VALENCE/PLEASANTNESS	42.8422446939	0.979506615591
5364729	VALENCE/PLEASANTNESS	45.0889879961	0.990352784439
22310	VALENCE/PLEASANTNESS	44.3406097438	0.987188520771
6753	VALENCE/PLEASANTNESS	44.7105155542	0.988808541719
16741	VALENCE/PLEASANTNESS	44.3773144172	0.987354162735
641423	VALENCE/PLEASANTNESS	45.1430982872	0.990564202301
10797	VALENCE/PLEASANTNESS	43.1554193235	0.981260686145
24834	VALENCE/PLEASANTNESS	60.1651131139	0.958668190153
8137	VALENCE/PLEASANTNESS	44.6385521294	0.988501950692
7151	VALENCE/PLEASANTNESS	44.4065869603	0.987485492227
243	VALENCE/PLEASANTNESS	44.3598218527	0.987275356187
5960	VALENCE/PLEASANTNESS	43.3220060555	0.982161758751
7720	VALENCE/PLEASANTNESS	43.4489439921	0.982833466072
244	VALENCE/PLEASANTNESS	44.033831652	0.985761934097
7519	VALENCE/PLEASANTNESS	44.5780319776	0.988240905106
61138	VALENCE/PLEASANTNESS	43.6050457505	0.983641824059
10430	VALENCE/PLEASANTNESS	43.0558512135	0.980711519052
21648	VALENCE/PLEASANTNESS	44.0088076778	0.985642245823
13187	VALENCE/PLEASANTNESS	44.3883439567	0.987403726581
12506	VALENCE/PLEASANTNESS	45.1202278344	0.990475129445
6998	VALENCE/PLEASANTNESS	58.4786741496	0.971244833866
8918	VALENCE/PLEASANTNESS	44.6520846808	0.988559920696
8091	VALENCE/PLEASANTNESS	44.6553426065	0.988573854939
62375	VALENCE/PLEASANTNESS	44.4053931612	0.987480149728
7593	VALENCE/PLEASANTNESS	44.4998233691	0.987899222811
170833	VALENCE/PLEASANTNESS	44.501323	0.9879058205
16324	VALENCE/PLEASANTNESS	44.8262835611	0.989293063284
7768	VALENCE/PLEASANTNESS	43.6997204695	0.984122591135
526618	VALENCE/PLEASANTNESS	42.9264293739	0.979985839439
875	VALENCE/PLEASANTNESS	43.4183269101	0.982672631735
177	VALENCE/PLEASANTNESS	43.0676108946	0.980776792516
7991	VALENCE/PLEASANTNESS	43.6331059034	0.983785063825
7894	VALENCE/PLEASANTNESS	42.4016481245	0.97690601951
1001	VALENCE/PLEASANTNESS	44.319144635	0.987091152929
263	VALENCE/PLEASANTNESS	43.3444001235	0.982281196114
7937	VALENCE/PLEASANTNESS	43.4930742471	0.983063966899
6276	VALENCE/PLEASANTNESS	43.6345870049	0.983792606961
6584	VALENCE/PLEASANTNESS	44.6039100187	0.988352885166
5362588	VALENCE/PLEASANTNESS	44.0404064147	0.985793297719
18635	VALENCE/PLEASANTNESS	42.2204588026	0.975791495503
14514	VALENCE/PLEASANTNESS	44.2243729479	0.986656852862
5365049	VALENCE/PLEASANTNESS	44.8433916062	0.989363755949
8174	VALENCE/PLEASANTNESS	43.2793092813	0.981932926505
31249	VALENCE/PLEASANTNESS	44.9286854357	0.989712707436
61130	VALENCE/PLEASANTNESS	44.3987385366	0.987450348007
778574	VALENCE/PLEASANTNESS	44.5468280291	0.988105166182
9016	VALENCE/PLEASANTNESS	44.504227921	0.987918595702
7967	VALENCE/PLEASANTNESS	43.4383806636	0.982778060674
12748	VALENCE/PLEASANTNESS	42.7428580693	0.978933556399
519539	VALENCE/PLEASANTNESS	42.9039783241	0.97985859055
7127	VALENCE/PLEASANTNESS	44.5902566184	0.988293870618
62572	VALENCE/PLEASANTNESS	44.2748762626	0.986889183277
2345	VALENCE/PLEASANTNESS	45.1504699067	0.99059282315
807	VALENCE/PLEASANTNESS		
379	VALENCE/PLEASANTNESS	43.8943938734	0.985088629531
61771	VALENCE/PLEASANTNESS	43.5198053148	0.983202830737
6287	VALENCE/PLEASANTNESS	43.2815508753	0.981944976543
7795	VALENCE/PLEASANTNESS	44.1989696459	0.986539218732
565690	VALENCE/PLEASANTNESS	44.6573983513	0.988582643049
61337	VALENCE/PLEASANTNESS	44.7732113185	0.989072272032
14296	VALENCE/PLEASANTNESS	43.5255056519	0.983232369175
5779	VALENCE/PLEASANTNESS	43.2757047722	0.981913541476
7601	VALENCE/PLEASANTNESS	44.9956226938	0.989982483111
61192	VALENCE/PLEASANTNESS	44.5932540327	0.988306839218
8051	VALENCE/PLEASANTNESS	44.3352186568	0.987164100933
33032	VALENCE/PLEASANTNESS	43.153919117	0.981252470617
8078	VALENCE/PLEASANTNESS	42.9172815068	0.979934039498
1032	VALENCE/PLEASANTNESS	43.3372981393	0.982243361566
7749	BAKERY	10.9180379066	0.389040095572
6137	BAKERY	2.94292488081	0.114252672491
5364729	BAKERY	2.03445121951	0.0797224520747
22310	BAKERY	2.80029629629	0.108875188113
6753	BAKERY	4.64966183575	0.177338731355
16741	BAKERY	3.33044217687	0.128780949037
641423	BAKERY	1.32111835173	0.0521465925897
10797	BAKERY	8.96861539598	0.326570190991
24834	BAKERY	23.9476501938	0.72851002783
8137	BAKERY	2.90296386069	0.112747674757
7151	BAKERY	10.2359577947	0.367528378997
243	BAKERY	0.988735971943	0.0391583993488
5960	BAKERY	3.25864832536	0.126098417451
7720	BAKERY	0.869649678053	0.0344834708971
244	BAKERY	0.920871943372	0.0364956756804
7519	BAKERY	0.920871943372	0.0364956756804
61138	BAKERY	0.344612609195	0.0137370012276
10430	BAKERY	1.4006097561	0.0552397071683
21648	BAKERY	4.65958333333	0.177698646597
13187	BAKERY	0.74270435447	0.0294875302755
12506	BAKERY	2.08231283423	0.0815581026732
6998	BAKERY	5.67081674674	0.21396940484
8918	BAKERY	0.788523241465	0.0312922220977
8091	BAKERY	1.59426919881	0.062754090241
62375	BAKERY	6.39218564846	0.239343410993
7593	BAKERY	3.33044217687	0.128780949037
170833	BAKERY	1.47897475196	0.0582840435516
16324	BAKERY	5.68219883698	0.21437300003
7768	BAKERY	1.69261363636	0.0665585690857
526618	BAKERY	4.89012043871	0.186039506387
875	BAKERY	2.79909574432	0.108829854979
177	BAKERY	3.33044217687	0.128780949037
7991	BAKERY	1.58952439765	0.0625703407816
7894	BAKERY	2.54570578232	0.0992359841206
1001	BAKERY	2.57994222935	0.100535248411
263	BAKERY	4.254360343	0.162934580949
7937	BAKERY	3.14318281014	0.121775473134
6276	BAKERY	1.4006097561	0.0552397071683
6584	BAKERY	4.85217482518	0.184669552793
5362588	BAKERY	5.0728830113	0.192621663634
18635	BAKERY	5.65111086988	0.21327041317
14514	BAKERY	0.920871943372	0.0364956756804
5365049	BAKERY	4.254360343	0.162934580949
8174	BAKERY	0.961300125314	0.0380823658402
31249	BAKERY	3.23697660814	0.125287857301
61130	BAKERY	17.816122449	0.585679210312
778574	BAKERY	2.80337194337	0.108991320034
9016	BAKERY	3.41484762824	0.1319294314
7967	BAKERY	3.94897959184	0.151721407747
12748	BAKERY	1.27859830277	0.0504900066628
519539	BAKERY	5.62175001206	0.212228371203
7127	BAKERY	5.06761082693	0.19243216128
62572	BAKERY	7.71048057934	0.284638618868
2345	BAKERY	17.1880632411	0.569350722452
807	BAKERY		
379	BAKERY	2.96801711588	0.115197034395
61771	BAKERY	9.81136363636	0.353949402893
6287	BAKERY	0.795928320062	0.0315837320462
7795	BAKERY	0.829735588001	0.0329140390616
565690	BAKERY	5.18234154654	0.1965509963
61337	BAKERY	3.84752493727	0.147979618234
14296	BAKERY	3.28820463072	0.127203269351
5779	BAKERY	0.439499544271	0.0175027178311
7601	BAKERY	3.35213239142	0.129590579029
61192	BAKERY	3.34988857612	0.129506841656
8051	BAKERY	0.804047801117	0.0319033148981
33032	BAKERY	4.55795652174	0.174008273808
8078	BAKERY	0.603031875469	0.0239758160416
1032	BAKERY	2.02132034632	0.0792185194758
7749	SWEET	14.7151347405	0.501991313446
6137	SWEET	12.7095155848	0.443767908832
5364729	SWEET	14.3432346572	0.491438034116
22310	SWEET	12.2545140911	0.4301113174
6753	SWEET	13.7415870746	0.474130996851
16741	SWEET	13.5647695312	0.468989592275
641423	SWEET	21.6698651688	0.678961384179
10797	SWEET	12.6967958335	0.443388383565
24834	SWEET	21.100570968	0.66592920065
8137	SWEET	20.0758292696	0.64181760244
7151	SWEET	13.7554197656	0.474532161452
243	SWEET	13.6309053169	0.470915580772
5960	SWEET	13.1164389759	0.455841170471
7720	SWEET	13.0712621543	0.45450732845
244	SWEET	12.7139579258	0.443900426575
7519	SWEET	13.66113638	0.471794796324
61138	SWEET	13.6350677091	0.471036679793
10430	SWEET	12.6387099012	0.441653600861
21648	SWEET	22.0287454982	0.687043568639
13187	SWEET	22.8656857186	0.705491595391
12506	SWEET	13.7482706333	0.47432484717
6998	SWEET	14.062290192	0.483392405503
8918	SWEET	14.2557410903	0.488939181997
8091	SWEET	20.4318920778	0.65029079756
62375	SWEET	13.317770391	0.461765612366
7593	SWEET	13.6938395115	0.472745084232
170833	SWEET	12.4726654255	0.436679663893
16324	SWEET	15.1237673751	0.513459359158
7768	SWEET	11.9291159586	0.420243115321
526618	SWEET	12.547143417	0.438913413509
875	SWEET	13.0615389623	0.454220038466
177	SWEET	13.8929812699	0.478513279369
7991	SWEET	13.7944017313	0.475661861602
7894	SWEET	11.8899520624	0.419049698477
1001	SWEET	13.0866124686	0.454960728384
263	SWEET	13.0291759088	0.453263266407
7937	SWEET	12.7991049414	0.446437362736
6276	SWEET	13.2027403304	0.458384672324
6584	SWEET	14.1321781145	0.485399741276
5362588	SWEET	13.5781352523	0.469379107321
18635	SWEET	12.840201368	0.447659746251
14514	SWEET	13.7594607459	0.47464932583
5365049	SWEET	20.271904785	0.646496141955
8174	SWEET	11.4237366551	0.404748762537
31249	SWEET	5.32867726138	0.201789169913
61130	SWEET	13.3963532304	0.464069217267
778574	SWEET	23.5072207785	0.719253059649
9016	SWEET	13.6164162638	0.470493933805
7967	SWEET	11.7933904679	0.416101995223
12748	SWEET	11.8336094441	0.417330652774
519539	SWEET	12.0349708994	0.423462626157
7127	SWEET	22.2791223467	0.692621176853
62572	SWEET	13.8786435188	0.478099042382
2345	SWEET	18.4648541539	0.602213830587
807	SWEET		
379	SWEET	22.6023011249	0.699746438541
61771	SWEET	12.3446423438	0.432829615913
6287	SWEET	12.8164952033	0.446954788413
7795	SWEET	21.4523119245	0.674011802219
565690	SWEET	34.6928830209	0.906276867915
61337	SWEET	23.2180447323	0.713090748816
14296	SWEET	12.4148899288	0.434943800374
5779	SWEET	12.0853884417	0.424992892154
7601	SWEET	13.9409539533	0.479898079282
61192	SWEET	13.0421121056	0.453645808953
8051	SWEET	14.2308390621	0.48822685032
33032	SWEET	13.1118075343	0.455704502646
8078	SWEET	8.28095955007	0.303808665575
1032	SWEET	13.2355865312	0.459351160918
7749	FRUIT	8.20922565451	0.301412471842
6137	FRUIT	6.87256222287	0.256009644312
5364729	FRUIT	7.81545865523	0.288185788612
22310	FRUIT	6.08708471558	0.228662348489
6753	FRUIT	6.08709250962	0.228662622296
16741	FRUIT	5.75482877166	0.21694592919
641423	FRUIT	6.80426353025	0.253651340334
10797	FRUIT	5.16430519856	0.195904188669
24834	FRUIT	6.39148239149	0.239318876795
8137	FRUIT	8.3590218599	0.306411575814
7151	FRUIT	6.28908247272	0.235742275569
243	FRUIT	1.19687590887	0.0473020315784
5960	FRUIT	7.00498118796	0.260571342941
7720	FRUIT	7.62822722861	0.281853148884
244	FRUIT	5.3261958199	0.201700488031
7519	FRUIT	5.707432876	0.215267399026
61138	FRUIT	2.33498624289	0.0912185854139
10430	FRUIT	1.2043967116	0.0475956398884
21648	FRUIT	6.25848284379	0.234671870749
13187	FRUIT	8.42439360231	0.308587581066
12506	FRUIT	7.42535947434	0.274959993644
6998	FRUIT	5.38423648004	0.203773458212
8918	FRUIT	8.44424626458	0.309247732593
8091	FRUIT	8.59503374747	0.314251507851
62375	FRUIT	5.8718579304	0.221082830994
7593	FRUIT	6.07253652154	0.228151180939
170833	FRUIT	6.20240325731	0.232708207826
16324	FRUIT	8.59630496617	0.314293615018
7768	FRUIT	5.5847494507	0.210914207457
526618	FRUIT	5.33082046054	0.201865759709
875	FRUIT	6.76601219132	0.252328919264
177	FRUIT	6.63026709818	0.24762650721
7991	FRUIT	2.21414853601	0.0866049599445
7894	FRUIT	6.43133353373	0.24070852094
1001	FRUIT	5.73443420756	0.21622387403
263	FRUIT	7.34424436975	0.272194604645
7937	FRUIT	5.27979005096	0.200041128845
6276	FRUIT	7.73537987174	0.285480754166
6584	FRUIT	7.30915756165	0.270996788762
5362588	FRUIT	7.29108270454	0.27037935338
18635	FRUIT	6.75171021593	0.251834172301
14514	FRUIT	6.33928101352	0.237496647033
5365049	FRUIT	8.31655582151	0.304996192567
8174	FRUIT	7.89464252528	0.29085554877
31249	FRUIT	8.58930739967	0.314061815345
61130	FRUIT	6.33882851232	0.23748084173
778574	FRUIT	6.58731308871	0.246135446057
9016	FRUIT	5.72141978233	0.215762933563
7967	FRUIT	5.51661403555	0.208491349255
12748	FRUIT	4.92080262311	0.187146385542
519539	FRUIT	5.87588092632	0.221224846389
7127	FRUIT	5.9760396728	0.224756366844
62572	FRUIT	7.66289815434	0.283027922924
2345	FRUIT	6.32218391127	0.236899352688
807	FRUIT		
379	FRUIT	1.69220099255	0.0665426220223
61771	FRUIT	6.35732732414	0.238126848683
6287	FRUIT	1.21105735297	0.0478556301539
7795	FRUIT	8.05323078485	0.296187420965
565690	FRUIT	6.93208820425	0.258061989421
61337	FRUIT	6.97826203036	0.259652024829
14296	FRUIT	5.424729161	0.205218091852
5779	FRUIT	5.80843327389	0.218842172117
7601	FRUIT	6.53344084097	0.24426329395
61192	FRUIT	7.0450058036	0.261947389435
8051	FRUIT	8.31377459822	0.304903444701
33032	FRUIT	2.36753050049	0.0924591397513
8078	FRUIT	4.24569988277	0.162617608313
1032	FRUIT	7.00328185661	0.260512891559
7749	FISH	1.08875865692	0.0430761881117
6137	FISH	6.78417121454	0.252956856954
5364729	FISH	1.06491310876	0.0421429083786
22310	FISH	1.13694009957	0.044960550867
6753	FISH	1.08393893601	0.0428875879936
16741	FISH	1.13489679021	0.0448806753185
641423	FISH	1.09740830269	0.0434146101145
10797	FISH	1.15016352821	0.0454773906719
24834	FISH	1.10158875784	0.0435781511969
8137	FISH	1.04556929742	0.0413854858343
7151	FISH	1.07582349541	0.0425699813389
243	FISH	1.10273558939	0.0436230132637
5960	FISH	1.13649464339	0.044943137706
7720	FISH	1.09240142839	0.0432187207832
244	FISH	1.15662902074	0.045730044553
7519	FISH	1.14231259483	0.0451705525673
61138	FISH	1.14915085226	0.045437815018
10430	FISH	1.14746401013	0.0453718909434
21648	FISH	1.06989806604	0.0423380498927
13187	FISH	1.02930293632	0.0407483316387
12506	FISH	1.12715281664	0.0445779232768
6998	FISH	1.13605328589	0.0449258846081
8918	FISH	1.00842711791	0.0399303146157
8091	FISH	1.04753500299	0.0414624682865
62375	FISH	1.13949352658	0.0450603628644
7593	FISH	1.09600337231	0.0433596455354
170833	FISH	1.12244046298	0.044393669482
16324	FISH	1.09543028817	0.0433372245204
7768	FISH	1.62631380197	0.0639945934458
526618	FISH	6.69708265325	0.249942939704
875	FISH	1.1414659729	0.045137461089
177	FISH	1.16725880686	0.0461453550256
7991	FISH	1.09500968206	0.0433207688009
7894	FISH	1.22654824186	0.0484601614385
1001	FISH	1.13390993735	0.0448420967954
263	FISH	1.1016996746	0.0435824901146
7937	FISH	1.12633377054	0.0445458997164
6276	FISH	1.06866955945	0.0422899605271
6584	FISH	1.05180943506	0.0416298561673
5362588	FISH	1.08685237514	0.0430015957716
18635	FISH	6.64809167578	0.248244817859
14514	FISH	1.05978173516	0.0419420144759
5365049	FISH	1.13652525874	0.0449443344841
8174	FISH	0.995764816037	0.0394339736139
31249	FISH	1.10843550946	0.0438459686668
61130	FISH	1.12300648024	0.0444158017878
778574	FISH	1.11940815564	0.0442750963781
9016	FISH	1.1006718835	0.0435422839018
7967	FISH	1.45632864829	0.0574047886789
12748	FISH	1.19807411011	0.0473488117753
519539	FISH	1.16883272598	0.0462068410627
7127	FISH	1.10311446427	0.0436378339621
62572	FISH	1.11997386283	0.0442972179317
2345	FISH	1.0647045249	0.0421347427057
807	FISH		
379	FISH	1.04717332684	0.0414483042832
61771	FISH	1.22788245144	0.0485122199316
6287	FISH	1.11221287866	0.0439937081513
7795	FISH	1.13076931205	0.0447193167873
565690	FISH	1.14611880741	0.0453193169682
61337	FISH	1.08700998322	0.0430077630474
14296	FISH	1.07492792987	0.0425349291729
5779	FISH	1.12561588643	0.0445178310076
7601	FISH	1.08431425242	0.0429022751376
61192	FISH	1.09087048381	0.0431588199874
8051	FISH	1.04821457653	0.0414890815418
33032	FISH	1.16038808168	0.0458769230672
8078	FISH	2.41008245883	0.0940798993699
1032	FISH	1.10495182156	0.043709705451
7749	GARLIC	3.03130349688	0.117576619519
6137	GARLIC	3.6755779107	0.141619167237
5364729	GARLIC	2.94657126704	0.114389937789
22310	GARLIC	5.10930232558	0.193930104922
6753	GARLIC	2.60893734451	0.101634872153
16741	GARLIC	2.47796015165	0.0966622914607
641423	GARLIC	2.4793487865	0.0967150832979
10797	GARLIC	2.75771053387	0.107266434399
24834	GARLIC	2.56246438897	0.0998720860608
8137	GARLIC	2.78739674945	0.108388037722
7151	GARLIC	2.61926723802	0.102026465175
243	GARLIC	2.4451320127	0.0954138122841
5960	GARLIC	3.07428895048	0.119191056999
7720	GARLIC	3.13149840335	0.121337423234
244	GARLIC	2.56651104901	0.100025650375
7519	GARLIC	2.40807232293	0.094003367992
61138	GARLIC	3.18490062836	0.123338588329
10430	GARLIC	3.15420177448	0.122188475445
21648	GARLIC	2.64823174053	0.103124017081
13187	GARLIC	2.81827071684	0.10955376874
12506	GARLIC	1.29163235139	0.0509979684032
6998	GARLIC	2.37348992304	0.0926862151559
8918	GARLIC	2.69716375405	0.104976673236
8091	GARLIC	2.77639228707	0.10797234983
62375	GARLIC	2.48128337306	0.0967886280515
7593	GARLIC	2.4857785425	0.0969595037152
170833	GARLIC	1.16507424383	0.0460600105556
16324	GARLIC	2.92992558551	0.113763237846
7768	GARLIC	1.29513477231	0.0511344412611
526618	GARLIC	3.21040849752	0.124293650812
875	GARLIC	2.97529655966	0.115470906539
177	GARLIC	3.25870914614	0.126100691726
7991	GARLIC	3.09467578354	0.119956224059
7894	GARLIC	3.33561248802	0.128973975253
1001	GARLIC	2.49278670894	0.0972258741271
263	GARLIC	3.45395230216	0.133386177484
7937	GARLIC	2.64337670947	0.102940092207
6276	GARLIC	3.24328932242	0.125524002645
6584	GARLIC	2.95859672578	0.114842551197
5362588	GARLIC	2.94834924947	0.11445686466
18635	GARLIC	4.14522871946	0.158935980324
14514	GARLIC	2.62334235533	0.102180924168
5365049	GARLIC	2.84902213523	0.110714114558
8174	GARLIC	2.86702809116	0.111393183616
31249	GARLIC	2.90062852247	0.112659682569
61130	GARLIC	0.349651628435	0.0139371626329
778574	GARLIC	2.56462773573	0.0999541832599
9016	GARLIC	2.46740289263	0.0962608848913
7967	GARLIC	3.37454407295	0.130426743838
12748	GARLIC	3.0211090969	0.117193523806
519539	GARLIC	3.05659078562	0.118526532532
7127	GARLIC	2.60825828778	0.101609126993
62572	GARLIC	3.02817629823	0.117459111252
2345	GARLIC	2.36137648831	0.0922246199644
807	GARLIC		
379	GARLIC	2.85479906124	0.110932011378
61771	GARLIC	1.18902439024	0.0469954640095
6287	GARLIC	3.03632238963	0.117765194124
7795	GARLIC	2.84258268534	0.110471196884
565690	GARLIC	2.32248062016	0.0907416583139
61337	GARLIC	2.65271978417	0.103294022465
14296	GARLIC	2.8425516278	0.110470025209
5779	GARLIC	2.79792819149	0.108785766794
7601	GARLIC	2.46539724421	0.0961846163398
61192	GARLIC	2.85437224956	0.110915913607
8051	GARLIC	2.92675176664	0.113643720304
33032	GARLIC	3.09290448827	0.119889756261
8078	GARLIC	1.75206786851	0.0688548180139
1032	GARLIC	3.22916847127	0.124995727244
7749	SPICES	5.36907410245	0.203232181411
6137	SPICES	7.35233843537	0.272470785228
5364729	SPICES	4.4504214232	0.17009435659
22310	SPICES	6.49746896913	0.243011917563
6753	SPICES	6.22794924326	0.23360302902
16741	SPICES	13.722094055	0.473565416098
641423	SPICES	8.54680855932	0.312653167753
10797	SPICES	11.5767043654	0.409460141031
24834	SPICES	7.27663234139	0.269885542363
8137	SPICES	5.99455728475	0.225408404574
7151	SPICES	7.71961679768	0.284947678506
243	SPICES	9.32345746554	0.338167554977
5960	SPICES	8.78001062363	0.320364990325
7720	SPICES	3.82280028984	0.147066490771
244	SPICES	6.94157463534	0.258388802046
7519	SPICES	5.90837129408	0.222371311224
61138	SPICES	6.09602788906	0.228976493153
10430	SPICES	4.65949401901	0.177695406955
21648	SPICES	5.82497790887	0.219426969299
13187	SPICES	3.92430936397	0.150812292965
12506	SPICES	7.73807937399	0.285572026
6998	SPICES	14.679410371	0.500982379305
8918	SPICES	3.83724553688	0.147600040151
8091	SPICES	6.11957228703	0.229803225491
62375	SPICES	6.82877684585	0.25449819655
7593	SPICES	7.47247711806	0.27656391901
170833	SPICES	5.66245258926	0.21367275584
16324	SPICES	6.4407376245	0.241036264521
7768	SPICES	4.56147991082	0.174136356842
526618	SPICES	11.5841695297	0.40968958771
875	SPICES	4.51273115415	0.172363349178
177	SPICES	8.40867382365	0.308064634757
7991	SPICES	3.73584002991	0.143851000905
7894	SPICES	7.78185052943	0.287051142112
1001	SPICES	7.54346640079	0.278977101896
263	SPICES	3.10255908876	0.120252014391
7937	SPICES	6.35299128116	0.237975451959
6276	SPICES	4.37771372327	0.167442797954
6584	SPICES	4.10641492558	0.157511539607
5362588	SPICES	4.89735033218	0.186300397177
18635	SPICES	6.8919217687	0.256677436482
14514	SPICES	6.52544244191	0.243985138051
5365049	SPICES	4.99049067776	0.189657628228
8174	SPICES	3.6815147215	0.141839168602
31249	SPICES	6.76454663435	0.252278228907
61130	SPICES	5.30730721596	0.201025284684
778574	SPICES	8.4994352964	0.311081251713
9016	SPICES	7.30359904374	0.270806938153
7967	SPICES	4.56857048496	0.174394084888
12748	SPICES	8.34635375494	0.305989501796
519539	SPICES	8.64183673469	0.315800932528
7127	SPICES	6.39156462061	0.239321745505
62572	SPICES	5.99979259473	0.225592699317
2345	SPICES	7.4150201839	0.274607797625
807	SPICES		
379	SPICES	6.12030813722	0.229829056811
61771	SPICES	3.83916575856	0.147670952854
6287	SPICES	6.10202272117	0.229187036331
7795	SPICES	5.38644378841	0.203852240862
565690	SPICES	7.27209465228	0.269730441839
61337	SPICES	5.85619541532	0.220529806716
14296	SPICES	6.12280698582	0.229916773279
5779	SPICES	5.77032148904	0.217494215527
7601	SPICES	7.21219143316	0.267681375219
61192	SPICES	6.64943553465	0.248291424214
8051	SPICES	5.31719395959	0.201378737742
33032	SPICES	5.33148696363	0.201889577248
8078	SPICES	7.81450055787	0.288153454727
1032	SPICES	5.96344847366	0.224312851867
7749	COLD	4.68242440932	0.178526937033
6137	COLD	3.25588560053	0.125995107604
5364729	COLD	4.81647581759	0.183379656983
22310	COLD	4.75012680069	0.180979590179
6753	COLD	2.97026568135	0.115281635967
16741	COLD	5.11139707807	0.194005331087
641423	COLD	4.89312064074	0.186147773788
10797	COLD	5.98144545722	0.224946742386
24834	COLD	4.90538270788	0.186590196511
8137	COLD	4.63890820186	0.176948540352
7151	COLD	4.9802054322	0.189287238829
243	COLD	4.9106731763	0.186781042634
5960	COLD	2.73516123678	0.106414006675
7720	COLD	5.68331036195	0.21441240781
244	COLD	5.64311031407	0.212986534956
7519	COLD	5.90523338083	0.22226062272
61138	COLD	4.40940051355	0.168598895386
10430	COLD	4.63427422703	0.176780370037
21648	COLD	4.79320248517	0.182538183381
13187	COLD	5.84455577656	0.220118698172
12506	COLD	3.52805398274	0.136143293348
6998	COLD	4.95114080302	0.18824011402
8918	COLD	4.67462875772	0.1782442887
8091	COLD	4.5495943451	0.173704250322
62375	COLD	5.05691739249	0.192047730294
7593	COLD	5.76661830641	0.21736317758
170833	COLD	7.55564372655	0.279390648213
16324	COLD	4.56011751933	0.174086832057
7768	COLD	2.6744321007	0.104116249203
526618	COLD	3.06326633305	0.118777213071
875	COLD	1.60690128632	0.0632431987551
177	COLD	5.66112409521	0.2136256334
7991	COLD	4.5031706987	0.172015409411
7894	COLD	6.30626063721	0.236342856199
1001	COLD	4.46742219204	0.170713743265
263	COLD	5.55343281592	0.209801066221
7937	COLD	4.66669320037	0.177956517844
6276	COLD	5.64556616946	0.213073679829
6584	COLD	4.91209129423	0.186832195416
5362588	COLD	5.80872461686	0.218852472005
18635	COLD	3.0946307575	0.11995453449
14514	COLD	4.94931608987	0.188174351692
5365049	COLD	4.66924791165	0.178049166042
8174	COLD	5.8940700044	0.221866775689
31249	COLD	3.67657297664	0.141656043525
61130	COLD	6.78865714509	0.25311193947
778574	COLD	4.89649931699	0.186269690455
9016	COLD	5.12712443747	0.1945700155
7967	COLD	8.0406524176	0.295765260184
12748	COLD	4.91885921057	0.187076298049
519539	COLD	5.13551832634	0.194871313661
7127	COLD	4.91901794517	0.187082022789
62572	COLD	3.57229290371	0.137787205512
2345	COLD	4.90044344267	0.186411999333
807	COLD		
379	COLD	4.47562927599	0.171012668073
61771	COLD	6.72220816805	0.25081309366
6287	COLD	3.65114230987	0.140713356328
7795	COLD	4.6266457723	0.176503490451
565690	COLD	4.82927643194	0.183842292935
61337	COLD	3.45372128244	0.133377575019
14296	COLD	4.22339192667	0.16180086132
5779	COLD	3.31939878077	0.128368587924
7601	COLD	4.67545061209	0.178274089113
61192	COLD	3.15840297696	0.122345915332
8051	COLD	5.75520612237	0.216959285891
33032	COLD	2.59270791756	0.101019462964
8078	COLD	8.76569142514	0.319892718541
1032	COLD	4.60419678497	0.175688420185
7749	SOUR	9.14102646316	0.332217712606
6137	SOUR	9.70308169406	0.350463350018
5364729	SOUR	9.08912475594	0.330520114706
22310	SOUR	8.26509456929	0.303279067476
6753	SOUR	7.95371455835	0.292843952224
16741	SOUR	7.37396601335	0.273208490628
641423	SOUR	7.86517332033	0.28986255227
10797	SOUR	7.41590533385	0.274637952586
24834	SOUR	7.59290477764	0.280655309921
8137	SOUR	8.91539311165	0.324822030732
7151	SOUR	8.03362917383	0.295529487872
243	SOUR	7.84763732615	0.289271328405
5960	SOUR	9.99557422805	0.359858367463
7720	SOUR	8.90694595977	0.324544363859
244	SOUR	7.29365575777	0.270467264586
7519	SOUR	7.2218312065	0.26801130987
61138	SOUR	9.71032518196	0.350696841223
10430	SOUR	9.41048066115	0.340996367937
21648	SOUR	8.16979406432	0.300093548551
13187	SOUR	8.98101735262	0.326977225029
12506	SOUR	8.69950136532	0.317707525011
6998	SOUR	7.15204316184	0.265621037918
8918	SOUR	8.73943460734	0.319026297391
8091	SOUR	8.94417342026	0.325767641542
62375	SOUR	7.52224704973	0.278256201718
7593	SOUR	7.79461584756	0.287482219418
170833	SOUR	8.51119912042	0.31147176063
16324	SOUR	9.17472733846	0.333318844844
7768	SOUR	7.7641176599	0.286452097181
526618	SOUR	7.95862942828	0.293009264181
875	SOUR	10.0856910875	0.362739177615
177	SOUR	15.4566014385	0.522701446327
7991	SOUR	9.43327605703	0.341736363414
7894	SOUR	9.15085722722	0.332539013892
1001	SOUR	7.35746216757	0.272645586884
263	SOUR	8.92405031608	0.325106543026
7937	SOUR	7.45568413896	0.275992475166
6276	SOUR	8.84455719194	0.322491810909
6584	SOUR	9.29770355022	0.337329225486
5362588	SOUR	9.07536451281	0.330069684096
18635	SOUR	14.886579674	0.506819085203
14514	SOUR	8.18758308013	0.300688716528
5365049	SOUR	8.94912607825	0.325930300104
8174	SOUR	8.57277746291	0.313514093145
31249	SOUR	9.26607810796	0.336299042917
61130	SOUR	14.853333653	0.505884737878
778574	SOUR	8.08412185265	0.297223663654
9016	SOUR	7.41493712336	0.274604967917
7967	SOUR	7.66573003947	0.283123834764
12748	SOUR	7.565719238	0.279732726485
519539	SOUR	8.21501308356	0.301605947357
7127	SOUR	7.63235150014	0.281992944237
62572	SOUR	9.06879629095	0.329854625171
2345	SOUR	7.67788219726	0.283535337876
807	SOUR		
379	SOUR	9.11192309963	0.331266066956
61771	SOUR	8.34764579833	0.306032555784
6287	SOUR	9.37314453801	0.339783446108
7795	SOUR	9.19891070978	0.334108445093
565690	SOUR	8.6801202971	0.317067016535
61337	SOUR	8.17484165128	0.300262451642
14296	SOUR	7.91430129785	0.291517585901
5779	SOUR	8.58994824657	0.314083045511
7601	SOUR	7.84493929192	0.289180342679
61192	SOUR	8.51305488227	0.31153335392
8051	SOUR	9.1938741127	0.333944036028
33032	SOUR	10.0762828601	0.362438723895
8078	SOUR	7.21086671102	0.267636028951
1032	SOUR	9.50058539714	0.34391896673
7749	BURNT	3.98513798914	0.153052989649
6137	BURNT	2.41771479723	0.0943704539528
5364729	BURNT	2.66043504236	0.103586235848
22310	BURNT	4.00589551786	0.153816941155
6753	BURNT	9.23013460701	0.335127230335
16741	BURNT	8.35341057277	0.306224635632
641423	BURNT	12.3211278717	0.432121038056
10797	BURNT	2.22737276081	0.0871104346661
24834	BURNT	13.685800185	0.47251155672
8137	BURNT	2.97103520854	0.115310588257
7151	BURNT	5.18708316986	0.19672099407
243	BURNT	4.7501914558	0.180981930685
5960	BURNT	5.28125	0.200093359375
7720	BURNT	2.65643900926	0.103434893087
244	BURNT	2.9182277458	0.113322688561
7519	BURNT	2.962735931	0.114998315561
61138	BURNT	5.18230877865	0.196549821435
10430	BURNT	2.79074896178	0.108514646564
21648	BURNT	1.66445058774	0.0654698652059
13187	BURNT	2.86326089773	0.111251130722
12506	BURNT	6.78561514676	0.253006776703
6998	BURNT	9.40177767099	0.34071373749
8918	BURNT	8.57852489712	0.313704560121
8091	BURNT	4.24767732387	0.162689987896
62375	BURNT	7.82545917204	0.28852324238
7593	BURNT	6.86842737094	0.255866977018
170833	BURNT	5.50774788618	0.208175800736
16324	BURNT	3.05731304522	0.118553656586
7768	BURNT	5.523283859	0.208728688525
526618	BURNT	12.2404798168	0.429687454214
875	BURNT	3.33478987373	0.128943265549
177	BURNT	7.30465878414	0.270843135384
7991	BURNT	4.03718664782	0.154967915501
7894	BURNT	10.1902452562	0.366073370894
1001	BURNT	8.73717968728	0.318951863936
263	BURNT	3.19844760117	0.123845877224
7937	BURNT	6.76556003179	0.252313280254
6276	BURNT	5.8782652241	0.221309008146
6584	BURNT	8.25635854342	0.302987359178
5362588	BURNT	2.50926334102	0.0978519726351
18635	BURNT	2.73077345959	0.106248088908
14514	BURNT	6.63833333332	0.247906345555
5365049	BURNT	3.86748876336	0.1487165628
8174	BURNT	8.83438398986	0.322156823402
31249	BURNT	4.05872139769	0.155759568154
61130	BURNT	6.26773797932	0.234995703422
778574	BURNT	16.7702932869	0.558314636704
9016	BURNT	5.21251972062	0.19763264409
7967	BURNT	2.65440729483	0.103357940558
12748	BURNT	2.37095102395	0.0925894774547
519539	BURNT	3.94569266702	0.151600310432
7127	BURNT	4.13758893944	0.158655700685
62572	BURNT	2.22002096153	0.0868294412335
2345	BURNT	6.86842737094	0.255866977018
807	BURNT		
379	BURNT	2.76920112245	0.107700654955
61771	BURNT	5.82074468085	0.219277359778
6287	BURNT	4.19566871029	0.160785294041
7795	BURNT	5.58640571613	0.210973057115
565690	BURNT	3.250371926	0.125788909977
61337	BURNT	6.50023585963	0.243108207893
14296	BURNT	10.7313161996	0.383188189032
5779	BURNT	10.1177097506	0.363761169785
7601	BURNT	10.69593525	0.38207619765
61192	BURNT	3.93566192433	0.15123070306
8051	BURNT	3.91133128465	0.150333846419
33032	BURNT	4.61941095013	0.176240854995
8078	BURNT	4.80995423341	0.183143905445
1032	BURNT	8.25635854342	0.302987359178
7749	ACID	4.41726086776	0.168885557281
6137	ACID	6.57719355685	0.24578395224
5364729	ACID	16.986056231	0.564031806728
22310	ACID	7.0324829932	0.261516992908
6753	ACID	7.81235772357	0.288081135663
16741	ACID	6.57005594257	0.245535983667
641423	ACID	1.73023698322	0.0680119913215
10797	ACID	6.89705876481	0.25685458275
24834	ACID	10.5665645228	0.378001666588
8137	ACID	5.25170392954	0.199035999516
7151	ACID	10.5693736704	0.378090282901
243	ACID	6.77926674462	0.252787286747
5960	ACID	6.38441526948	0.239072307446
7720	ACID	6.80473332474	0.253667574741
244	ACID	6.98351057673	0.259832655079
7519	ACID	7.03125070027	0.261474633447
61138	ACID	6.36178871953	0.238282606496
10430	ACID	6.92879077903	0.257948374497
21648	ACID	5.40494550806	0.204512445944
13187	ACID	9.03829787235	0.328855583522
12506	ACID	9.33722222222	0.338615401358
6998	ACID	6.99378606935	0.26018622534
8918	ACID	9.03829787235	0.328855583522
8091	ACID	1.78915757	0.070285868876
62375	ACID	6.79275362321	0.253253544214
7593	ACID	5.33571428571	0.202040632653
170833	ACID	5.0583006536	0.192097463943
16324	ACID	5.52861111111	0.208918228117
7768	ACID	8.04552030239	0.295928653321
526618	ACID	6.92894409728	0.25795365737
875	ACID	6.4271466028	0.24056257873
177	ACID	6.67039014119	0.249017963793
7991	ACID	7.91895940328	0.291674408919
7894	ACID	7.16794740363	0.266166108153
1001	ACID	5.64293478261	0.21298030612
263	ACID	6.63401267408	0.247756457299
7937	ACID	6.93367719172	0.258116735909
6276	ACID	6.50358353082	0.243224701736
6584	ACID	6.72742662604	0.250993757438
5362588	ACID	4.3362649328	0.165929319885
18635	ACID	6.50795308345	0.243376742003
14514	ACID	6.69577873156	0.249897768134
5365049	ACID	9.4719368328	0.342990438366
8174	ACID	8.28452380953	0.303927618481
31249	ACID	6.33297315663	0.237276306664
61130	ACID	6.98890558323	0.260018302829
778574	ACID	4.08617021277	0.156768093708
9016	ACID	8.30573309119	0.304635242775
7967	ACID	8.69759525525	0.31764454492
12748	ACID	6.7175921511	0.250653268321
519539	ACID	6.93454286735	0.258146560782
7127	ACID	12.0030303031	0.42249211754
62572	ACID	5.21205699671	0.197616064614
2345	ACID	4.74756756757	0.180886943579
807	ACID		
379	ACID	8.87470238095	0.323483958298
61771	ACID	7.62298106224	0.281675306379
6287	ACID	6.88567096551	0.256461852762
7795	ACID	7.81235772357	0.288081135663
565690	ACID	7.43219696971	0.27519285807
61337	ACID	7.76917746005	0.28662305104
14296	ACID	6.90002143524	0.256956739087
5779	ACID	6.60091271868	0.246607689259
7601	ACID	5.07418846131	0.192668583036
61192	ACID	10.7575220351	0.384011169268
8051	ACID	6.64978723404	0.248303621258
33032	ACID	6.34672947348	0.237756788935
8078	ACID	9.22537338087	0.334971929628
1032	ACID	6.64461439319	0.248124215554
7749	WARM	4.93549307839	0.187676086365
6137	WARM	5.58495461382	0.210921497337
5364729	WARM	6.10541014587	0.229305992615
22310	WARM	4.64237982428	0.177074516798
6753	WARM	7.39566422314	0.273948229205
16741	WARM	8.76542725929	0.319884004357
641423	WARM	6.86808143963	0.255855040521
10797	WARM	4.6748451342	0.178252134557
24834	WARM	11.0221554117	0.3922910525
8137	WARM	5.07760831001	0.19279148994
7151	WARM	4.13965160251	0.158731377944
243	WARM	2.80739078109	0.109143054044
5960	WARM	7.53124999999	0.278562109374
7720	WARM	3.62751949561	0.139837220748
244	WARM	3.68184530351	0.141851418205
7519	WARM	5.4216972765	0.205109970517
61138	WARM	4.88713166845	0.18593164436
10430	WARM	3.79288793594	0.14596111788
21648	WARM	9.05013562049	0.32924344292
13187	WARM	5.52239020681	0.208696890834
12506	WARM	6.95380857239	0.258810161431
6998	WARM	5.03461847457	0.191245785709
8918	WARM	6.2615014862	0.234777499103
8091	WARM	3.76509248288	0.144933330753
62375	WARM	0.326173864895	0.0130043988397
7593	WARM	5.15714285714	0.195647265306
170833	WARM	6.69810673441	0.249978415846
16324	WARM	4.15914832475	0.159446527075
7768	WARM	4.891419295	0.186086378712
526618	WARM	8.59935740347	0.314394717038
875	WARM	5.90342409286	0.222196797306
177	WARM	6.66459993521	0.24881724049
7991	WARM	4.99688701102	0.189887928521
7894	WARM	4.90065520919	0.186419639776
1001	WARM	6.24239267917	0.234108720623
263	WARM	5.14825277868	0.195328308478
7937	WARM	5.41415637225	0.204841019201
6276	WARM	6.80459987608	0.253662963254
6584	WARM	5.30565026011	0.200966040531
5362588	WARM	5.87488766131	0.221189784439
18635	WARM	4.40102990413	0.168293570478
14514	WARM	6.53666666668	0.244375462223
5365049	WARM	3.88419934114	0.149333171837
8174	WARM	7.22356196191	0.268070539509
31249	WARM	3.18405040224	0.123306745304
61130	WARM	6.85018110837	0.255237251848
778574	WARM	6.64687767117	0.248202713737
9016	WARM	3.90583890747	0.15013132527
7967	WARM	10.0570921986	0.361825646546
12748	WARM	4.76278610741	0.181437791694
519539	WARM	3.68778511524	0.142071500987
7127	WARM	7.52653795761	0.278402008853
62572	WARM	5.6362704636	0.212743800649
2345	WARM	5.15714285714	0.195647265306
807	WARM		
379	WARM	5.67487080631	0.214113168785
61771	WARM	7.98457446809	0.293881606949
6287	WARM	4.99059252432	0.189661295475
7795	WARM	9.40934065934	0.340959349716
565690	WARM	7.2114937639	0.267657493633
61337	WARM	6.87027665366	0.255930785627
14296	WARM	3.90054653779	0.149936156194
5779	WARM	10.0507256236	0.361622190719
7601	WARM	4.24408649674	0.162558551793
61192	WARM	11.3235472913	0.401652802348
8051	WARM	5.02064287164	0.190742972928
33032	WARM	2.35987481482	0.0921673889362
8078	WARM	4.20160183066	0.161002690049
1032	WARM	5.30565026011	0.200966040531
7749	MUSKY	7.62897283969	0.281878422952
6137	MUSKY	8.33902225329	0.305745173275
5364729	MUSKY	7.56279138461	0.279633329974
22310	MUSKY	7.41243027367	0.274519561922
6753	MUSKY	7.39638288995	0.273972723656
16741	MUSKY	7.78729522099	0.287235022096
641423	MUSKY	7.64218060448	0.282326054423
10797	MUSKY	7.858780397	0.289647044149
24834	MUSKY	7.44480296078	0.275622081981
8137	MUSKY	7.67352796215	0.283387905932
7151	MUSKY	7.75668078802	0.286200792782
243	MUSKY	7.9200615971	0.291711513603
5960	MUSKY	8.51529725971	0.31160777542
7720	MUSKY	7.84282238563	0.289108950236
244	MUSKY	7.85670668203	0.289577131326
7519	MUSKY	7.54780580812	0.279124483318
61138	MUSKY	8.31384708886	0.304905862188
10430	MUSKY	8.23376979055	0.302232805637
21648	MUSKY	7.81524725623	0.288178654379
13187	MUSKY	7.77853941704	0.286939306496
12506	MUSKY	7.43530821676	0.275298805359
6998	MUSKY	7.65638005403	0.282807139948
8918	MUSKY	7.64587842934	0.282451354391
8091	MUSKY	7.71489273217	0.284787881339
62375	MUSKY	7.59890910389	0.280858996328
7593	MUSKY	7.87551207098	0.290211006687
170833	MUSKY	7.50676038837	0.277729834923
16324	MUSKY	7.67027025324	0.283277591826
7768	MUSKY	7.82520914165	0.288514806422
526618	MUSKY	7.84716645286	0.289255449579
875	MUSKY	8.48136043723	0.310481027543
177	MUSKY	13.9521564306	0.480221189599
7991	MUSKY	8.15459124272	0.299584706374
7894	MUSKY	8.12500623082	0.298593958733
1001	MUSKY	7.77455941955	0.286804867115
263	MUSKY	7.84912262103	0.289321414473
7937	MUSKY	7.77468001278	0.286808940791
6276	MUSKY	7.81127959503	0.288044748237
6584	MUSKY	7.64773714486	0.28251433242
5362588	MUSKY	7.73132969061	0.285343804111
18635	MUSKY	13.6373189147	0.471102169716
14514	MUSKY	7.76188317195	0.286376594728
5365049	MUSKY	7.55774143365	0.279461875115
8174	MUSKY	7.94644507372	0.292599407225
31249	MUSKY	7.69348933748	0.284063662225
61130	MUSKY	13.3001544047	0.461248533312
778574	MUSKY	7.69240091702	0.284026823934
9016	MUSKY	7.41583864902	0.274635680813
7967	MUSKY	7.78794111772	0.287256833968
12748	MUSKY	8.0219295698	0.295136641183
519539	MUSKY	7.9299049265	0.292042840203
7127	MUSKY	7.36689898381	0.272967479097
62572	MUSKY	7.75582680087	0.286171932289
2345	MUSKY	7.63460686146	0.282069385687
807	MUSKY		
379	MUSKY	8.08369972785	0.297209508598
61771	MUSKY	7.66969412171	0.2832580817
6287	MUSKY	8.18605157519	0.300637486851
7795	MUSKY	7.81605205412	0.28820581428
565690	MUSKY	7.51414580157	0.277980877212
61337	MUSKY	7.65753605502	0.282846298827
14296	MUSKY	7.70133294528	0.284329106158
5779	MUSKY	7.89579014424	0.290894204969
7601	MUSKY	7.73138801862	0.285345776467
61192	MUSKY	7.62924767579	0.281887738992
8051	MUSKY	7.80878280084	0.287960476501
33032	MUSKY	8.60691825875	0.314645113585
8078	MUSKY	7.87529588522	0.290203721297
1032	MUSKY	8.20507531735	0.301273708309
7749	SWEATY	3.83431142991	0.14749167954
6137	SWEATY	8.76027953829	0.319714182496
5364729	SWEATY	3.71024439769	0.142903410511
22310	SWEATY	3.5286112799	0.13616401217
6753	SWEATY	3.25053200622	0.12579489692
16741	SWEATY	3.3795962446	0.130615181474
641423	SWEATY	3.42114079812	0.13216395018
10797	SWEATY	3.25976942118	0.126140338175
24834	SWEATY	3.28180814911	0.126964220073
8137	SWEATY	3.76604900741	0.144968710246
7151	SWEATY	3.32764559848	0.128676533848
243	SWEATY	9.12546424973	0.33170893088
5960	SWEATY	4.13521515691	0.158568604519
7720	SWEATY	3.92750343999	0.150930024291
244	SWEATY	3.36472085863	0.130060295763
7519	SWEATY	3.12280674467	0.121011501001
61138	SWEATY	9.54926867075	0.345495333972
10430	SWEATY	3.9158053779	0.150498802413
21648	SWEATY	3.49185400311	0.134796942373
13187	SWEATY	3.84776515023	0.147988487349
12506	SWEATY	3.63463359935	0.140101119414
6998	SWEATY	3.14566019689	0.121868336646
8918	SWEATY	3.79770427269	0.14613914781
8091	SWEATY	3.78382020935	0.145625890223
62375	SWEATY	3.22521443449	0.12484777412
7593	SWEATY	3.47593292629	0.134204473168
170833	SWEATY	3.55980616017	0.137323358448
16324	SWEATY	3.84836209729	0.148010527559
7768	SWEATY	3.75037582125	0.14438890533
526618	SWEATY	3.44364902697	0.13300247363
875	SWEATY	4.11375384436	0.157780965498
177	SWEATY	3.91613066882	0.150510794987
7991	SWEATY	9.41338989691	0.341090832136
7894	SWEATY	3.90118160521	0.149959577042
1001	SWEATY	3.354028942	0.129661353622
263	SWEATY	4.03558751175	0.154909113844
7937	SWEATY	3.25052665114	0.125794696642
6276	SWEATY	3.98114056123	0.152905830382
6584	SWEATY	3.62438822492	0.139721052995
5362588	SWEATY	3.80713101593	0.146487542008
18635	SWEATY	4.20078149937	0.160972633893
14514	SWEATY	3.40598735186	0.131599194138
5365049	SWEATY	3.83685434844	0.147585593421
8174	SWEATY	4.09623443315	0.157137722713
31249	SWEATY	3.91430489127	0.150443482538
61130	SWEATY	3.4124661361	0.131840675392
778574	SWEATY	3.49368633994	0.134865115901
9016	SWEATY	3.06746316163	0.118934794366
7967	SWEATY	3.5955312908	0.138650113527
12748	SWEATY	3.43706847095	0.132757362968
519539	SWEATY	3.61889840786	0.13951736604
7127	SWEATY	3.16053295886	0.122425730921
62572	SWEATY	3.84266279634	0.147800088907
2345	SWEATY	3.35133091168	0.129560668915
807	SWEATY		
379	SWEATY	9.4453868807	0.342129341897
61771	SWEATY	3.67555197042	0.141618205902
6287	SWEATY	3.81925952372	0.146935683625
7795	SWEATY	3.87338559481	0.148934177406
565690	SWEATY	3.61269400991	0.139287137193
61337	SWEATY	3.38859864734	0.130950905576
14296	SWEATY	3.41039181527	0.131763363678
5779	SWEATY	4.00980594969	0.153960820486
7601	SWEATY	3.53068379409	0.136241060542
61192	SWEATY	3.56481268057	0.137509351444
8051	SWEATY	3.856134431	0.14829746814
33032	SWEATY	4.13711894791	0.158638456641
8078	SWEATY	4.03825729752	0.1550072831
1032	SWEATY	3.99769872224	0.15351531086
7749	AMMONIA/URINOUS	5.63538821617	0.212712488508
6137	AMMONIA/URINOUS	6.00770975056	0.225871359444
5364729	AMMONIA/URINOUS	3.59099294983	0.138481625847
22310	AMMONIA/URINOUS	3.20969189142	0.124266826842
6753	AMMONIA/URINOUS	3.18945721188	0.123509233553
16741	AMMONIA/URINOUS	7.79286585578	0.287423130933
641423	AMMONIA/URINOUS	6.83909334024	0.254854454523
10797	AMMONIA/URINOUS	8.55420249989	0.312898347832
24834	AMMONIA/URINOUS	4.98035975132	0.189292796752
8137	AMMONIA/URINOUS	0.800140426207	0.0317495271676
7151	AMMONIA/URINOUS	6.82126174057	0.254238624929
243	AMMONIA/URINOUS	1.72395163109	0.0677692615531
5960	AMMONIA/URINOUS	10.242324756	0.367730903678
7720	AMMONIA/URINOUS	3.43883413919	0.132823133473
244	AMMONIA/URINOUS	9.45160900948	0.342331195232
7519	AMMONIA/URINOUS	6.23613891796	0.233889785277
61138	AMMONIA/URINOUS	4.01442837307	0.154130880858
10430	AMMONIA/URINOUS	13.1656474175	0.457292187931
21648	AMMONIA/URINOUS	4.25014795034	0.162780414974
13187	AMMONIA/URINOUS	6.75713958139	0.252022009127
12506	AMMONIA/URINOUS	3.07773369311	0.11932036985
6998	AMMONIA/URINOUS	8.7601256997	0.319709107078
8918	AMMONIA/URINOUS	3.8720289855	0.148884116034
8091	AMMONIA/URINOUS	0.799621567065	0.0317291048224
62375	AMMONIA/URINOUS	3.14472762306	0.121833380193
7593	AMMONIA/URINOUS	3.30487295898	0.127826044249
170833	AMMONIA/URINOUS	4.49260495814	0.171630798602
16324	AMMONIA/URINOUS	7.85953900745	0.289672618934
7768	AMMONIA/URINOUS	2.04201633731	0.0800127212037
526618	AMMONIA/URINOUS	9.84232475602	0.3549444476
875	AMMONIA/URINOUS	2.60824673864	0.101608689126
177	AMMONIA/URINOUS	3.92394795873	0.150798971316
7991	AMMONIA/URINOUS	1.63650214667	0.0643888301563
7894	AMMONIA/URINOUS	9.12928127774	0.33183374045
1001	AMMONIA/URINOUS	4.68175113145	0.178502527795
263	AMMONIA/URINOUS	3.24924976813	0.125746941103
7937	AMMONIA/URINOUS	4.71769755537	0.179805234125
6276	AMMONIA/URINOUS	5.02230170535	0.190802662446
6584	AMMONIA/URINOUS	4.59754091655	0.17544668367
5362588	AMMONIA/URINOUS	4.2871426418	0.164133868859
18635	AMMONIA/URINOUS	1.45905267147	0.0575105729794
14514	AMMONIA/URINOUS	6.99916316734	0.260371212676
5365049	AMMONIA/URINOUS	13.3759110216	0.463470442601
8174	AMMONIA/URINOUS	9.96971615138	0.35903055
31249	AMMONIA/URINOUS	4.43517730497	0.169538773108
61130	AMMONIA/URINOUS	9.02679093567	0.328478455588
778574	AMMONIA/URINOUS	3.77698590999	0.145373187374
9016	AMMONIA/URINOUS	9.0632299823	0.329672344207
7967	AMMONIA/URINOUS	8.90279397371	0.324407862733
12748	AMMONIA/URINOUS	13.5108983136	0.467418183247
519539	AMMONIA/URINOUS	8.29719387755	0.304350384605
7127	AMMONIA/URINOUS	6.25146299307	0.234426203901
62572	AMMONIA/URINOUS	3.70529133283	0.142719979769
2345	AMMONIA/URINOUS	3.07757454829	0.119314395892
807	AMMONIA/URINOUS		
379	AMMONIA/URINOUS	8.18790356859	0.300699436804
61771	AMMONIA/URINOUS	9.21585789742	0.334661501182
6287	AMMONIA/URINOUS	13.756097561	0.474551814397
7795	AMMONIA/URINOUS	9.2557854858	0.335963593448
565690	AMMONIA/URINOUS	8.55642161993	0.312971924422
61337	AMMONIA/URINOUS	3.88780749637	0.149466281003
14296	AMMONIA/URINOUS	1.71741241127	0.0675166942946
5779	AMMONIA/URINOUS	7.45432800093	0.275946317659
7601	AMMONIA/URINOUS	4.95251521553	0.188289645837
61192	AMMONIA/URINOUS	8.88777799579	0.323914080751
8051	AMMONIA/URINOUS	2.19360527392	0.0858194493176
33032	AMMONIA/URINOUS	5.98853669128	0.22519643897
8078	AMMONIA/URINOUS	4.40975609756	0.168611864366
1032	AMMONIA/URINOUS	7.0718367347	0.262869119467
7749	DECAYED	14.4930771222	0.495703371099
6137	DECAYED	2.68850614406	0.104649019648
5364729	DECAYED	3.51462291379	0.135643886861
22310	DECAYED	2.07161408746	0.0811479295273
6753	DECAYED	4.1764107883	0.160079468703
16741	DECAYED	0.653594945381	0.0259729232742
641423	DECAYED	3.28973214285	0.127260350685
10797	DECAYED	8.28645691612	0.303992129356
24834	DECAYED	5.46964285714	0.206818917092
8137	DECAYED	3.17927623204	0.123127930338
7151	DECAYED	3.95481477603	0.151936367076
243	DECAYED	3.74691995947	0.144261034706
5960	DECAYED	4.87703156981	0.185567088019
7720	DECAYED	5.11704081633	0.194207989967
244	DECAYED	3.53599964586	0.136438668436
7519	DECAYED	3.54045807454	0.136604385631
61138	DECAYED	4.0124506846	0.154058123185
10430	DECAYED	7.55248387769	0.279283350019
21648	DECAYED	1.97038592539	0.0772624687376
13187	DECAYED	0.919638694639	0.0364472536541
12506	DECAYED	5.96489029959	0.224363645469
6998	DECAYED	7.11828474658	0.26446339877
8918	DECAYED	3.06370979532	0.118793864729
8091	DECAYED	6.13973686427	0.230510927066
62375	DECAYED	3.59160037002	0.138504177514
7593	DECAYED	3.76298659129	0.144855436417
170833	DECAYED	4.99874442758	0.189954798762
16324	DECAYED	3.69116414644	0.142196688755
7768	DECAYED	2.88049832816	0.111901024879
526618	DECAYED	4.98354404997	0.18940747748
875	DECAYED	1.89887856606	0.0745128467191
177	DECAYED	2.65340312251	0.103319905648
7991	DECAYED	2.61905882353	0.102018565293
7894	DECAYED	9.89119688284	0.356513565003
1001	DECAYED	4.56843679476	0.174389225891
263	DECAYED	7.2865069475	0.270223004501
7937	DECAYED	4.46496455499	0.170624218809
6276	DECAYED	9.87671520819	0.356048807006
6584	DECAYED	6.94415739805	0.258477767134
5362588	DECAYED	8.29174085357	0.30416844759
18635	DECAYED	7.77443921578	0.286800806583
14514	DECAYED	3.0231282474	0.117269408136
5365049	DECAYED	3.42009456265	0.132124963779
8174	DECAYED	3.01575758537	0.116992385889
31249	DECAYED	6.72401617368	0.250875689546
61130	DECAYED	4.66674180317	0.177958280504
778574	DECAYED	3.77181492565	0.145181961893
9016	DECAYED	3.872900447	0.148916274731
7967	DECAYED	4.81411960133	0.183294485039
12748	DECAYED	8.91147392292	0.324693209925
519539	DECAYED	12.4981838114	0.437445513023
7127	DECAYED	3.9632106251	0.152245609621
62572	DECAYED	2.32291828248	0.0907583515604
2345	DECAYED	2.20317236026	0.0861853070308
807	DECAYED		
379	DECAYED	5.97229751622	0.2246245656
61771	DECAYED	4.40392598908	0.168399213916
6287	DECAYED	5.25315192744	0.199087835029
7795	DECAYED	12.5619047619	0.439355609977
565690	DECAYED	5.79281462585	0.218289904518
61337	DECAYED	3.09394701325	0.119928877282
14296	DECAYED	3.56927697314	0.137675183681
5779	DECAYED	3.97619070275	0.152723591108
7601	DECAYED	4.7862244898	0.182285801645
61192	DECAYED	1.90091917081	0.0745913693548
8051	DECAYED	7.7080029855	0.28455479541
33032	DECAYED	3.55611801242	0.13718633037
8078	DECAYED	9.88646777204	0.356361812879
1032	DECAYED	12.5619047619	0.439355609977
7749	WOOD	5.49593996193	0.207755456051
6137	WOOD	2.38431122449	0.0930984729735
5364729	WOOD	1.28081632653	0.0505764568763
22310	WOOD	2.47484793918	0.0965439686382
6753	WOOD	2.585	0.10072711
16741	WOOD	4.26959728867	0.163492107144
641423	WOOD	4.65182610065	0.177417249598
10797	WOOD	2.02588894506	0.0793938673954
24834	WOOD	2.18173758865	0.0853655119838
8137	WOOD	0.954531638573	0.0378168132833
7151	WOOD	4.62157054126	0.176319255943
243	WOOD	1.24445590511	0.0491587680043
5960	WOOD	4.87789115647	0.185598117405
7720	WOOD	3.6578527063	0.140962153684
244	WOOD	3.15031640563	0.122042858843
7519	WOOD	2.03998639287	0.0799348379216
61138	WOOD	4.89697528599	0.186286864659
10430	WOOD	1.28588637884	0.0507740536421
21648	WOOD	4.92279452492	0.187218218623
13187	WOOD	2.46025678099	0.0959891258681
12506	WOOD	0.779761904762	0.0309472647393
6998	WOOD	4.521395881	0.172678626955
8918	WOOD	4.62705601389	0.176518381613
8091	WOOD	5.28061917732	0.200070791534
62375	WOOD	3.53745196324	0.136492651973
7593	WOOD	4.59	0.17517276
170833	WOOD	2.17539295393	0.0851227843556
16324	WOOD	1.06328609128	0.0420792127264
7768	WOOD	4.14860852775	0.159059960023
526618	WOOD	4.11881856998	0.157966876234
875	WOOD	4.22	0.16167664
177	WOOD	2.35343562425	0.091921961275
7991	WOOD	4.98930658322	0.189614991256
7894	WOOD	3.62190476191	0.139628912834
1001	WOOD	3.52094104308	0.135878831392
263	WOOD	6.10485714286	0.22928657342
7937	WOOD	2.50541832067	0.0977058844423
6276	WOOD	3.18746565934	0.123434651442
6584	WOOD	0.954340431824	0.037809311009
5362588	WOOD	5.49277039705	0.207642605228
18635	WOOD	0.375196232339	0.0149515404085
14514	WOOD	5.10112179487	0.193636294369
5365049	WOOD	2.45437114381	0.0957652706677
8174	WOOD	1.61930296756	0.0637232618623
31249	WOOD	1.93301185771	0.0758258603715
61130	WOOD	4.18921768708	0.160548889551
778574	WOOD	6.22809477756	0.233608125279
9016	WOOD	2.79266304348	0.108586934989
7967	WOOD	3.86888888889	0.148768235062
12748	WOOD	2.44136312962	0.0952704236127
519539	WOOD	5.59315217391	0.21121274646
7127	WOOD	2.55	0.099399
62572	WOOD	1.58804573587	0.0625130737311
2345	WOOD	2.06389046448	0.0808517610396
807	WOOD		
379	WOOD	2.04911028894	0.0802848703669
61771	WOOD	3.97027017233	0.152505588797
6287	WOOD	1.24755912718	0.0492798035769
7795	WOOD	2.18173758865	0.0853655119838
565690	WOOD	3.15191932624	0.122102934874
61337	WOOD	2.63035714286	0.102446774235
14296	WOOD	3.53453521653	0.136384232982
5779	WOOD	7.91818181818	0.291648231405
7601	WOOD	2.55	0.099399
61192	WOOD	5.49348685421	0.207668115041
8051	WOOD	2.4771624714	0.0966319652919
33032	WOOD	4.18921768708	0.160548889551
8078	WOOD	3.86913043478	0.148777149263
1032	WOOD	5.01377635172	0.190495872747
7749	GRASS	1.08673469388	0.0429969908372
6137	GRASS	1.91790323825	0.0752447883976
5364729	GRASS	3.29167257683	0.127332859732
22310	GRASS	4.21625838689	0.161539601562
6753	GRASS	5.90237136833	0.222159659625
16741	GRASS	0.970833333333	0.0384563263889
641423	GRASS	3.02138605442	0.117203932701
10797	GRASS	1.03292517007	0.0408902330399
24834	GRASS	4.03315602837	0.154819702115
8137	GRASS	3.17974692614	0.12314556084
7151	GRASS	7.62104888695	0.281609801023
243	GRASS	7.35309311179	0.272496533147
5960	GRASS	3.80652887369	0.146465290121
7720	GRASS	4.61356438702	0.176028584939
244	GRASS	1.65897079656	0.0652579582208
7519	GRASS	1.74558177487	0.0686044487017
61138	GRASS	0.939308510639	0.0372194202343
10430	GRASS	4.93613481756	0.187699221928
21648	GRASS	2.5695240583	0.100139980778
13187	GRASS	4.6007740448	0.175564113067
12506	GRASS	3.23488805029	0.125209721733
6998	GRASS	3.59765912474	0.138729104518
8918	GRASS	5.98555168171	0.225091335695
8091	GRASS	2.58629332772	0.100776167838
62375	GRASS	1.0897606383	0.0431153942324
7593	GRASS	3.67160832427	0.141472049896
170833	GRASS	2.45183031584	0.0956686238747
16324	GRASS	2.14989953672	0.0841471542615
7768	GRASS	1.1337742744	0.044836793334
526618	GRASS	1.76903493506	0.069509603562
875	GRASS	5.25453233468	0.199137249365
177	GRASS	3.5060860738	0.135326387129
7991	GRASS	2.78974031279	0.108476552107
7894	GRASS	1.84432177294	0.0724122617968
1001	GRASS	7.58766420791	0.280477509064
263	GRASS	0.810746152749	0.0321669223803
7937	GRASS	1.58862931467	0.062535675347
6276	GRASS	1.49902667316	0.0590622345397
6584	GRASS	1.26717962313	0.0500448872464
5362588	GRASS	1.81316425121	0.0712115442076
18635	GRASS	4.52099047608	0.172663877089
14514	GRASS	1.74151382919	0.0684474050006
5365049	GRASS	18.687191671	0.60780321382
8174	GRASS	1.49404761905	0.0588690334467
31249	GRASS	4.44474358974	0.169887445358
61130	GRASS	4.10093863831	0.157310466446
778574	GRASS	5.50307692308	0.208009534674
9016	GRASS	4.150490632	0.159128996286
7967	GRASS	3.48495627498	0.134540282904
12748	GRASS	0.740204081632	0.0293890024323
519539	GRASS	3.46352292548	0.133742520597
7127	GRASS	3.07962967484	0.11939153942
62572	GRASS	1.81526834239	0.0712926540337
2345	GRASS	4.20765911108	0.161224606365
807	GRASS		
379	GRASS	3.48286744549	0.134462551562
61771	GRASS	0.994360769461	0.0393789294425
6287	GRASS	2.78974031279	0.108476552107
7795	GRASS	1.46897315937	0.0578957735175
565690	GRASS	2.48034330725	0.0967528911214
61337	GRASS	2.74857542491	0.10692115025
14296	GRASS	5.0709503074	0.192552197488
5779	GRASS	2.11525747509	0.0828205733291
7601	GRASS	1.80255319149	0.0708024484563
61192	GRASS	1.87322935584	0.0735255789456
8051	GRASS	3.32214056744	0.128470975518
33032	GRASS	8.21102189	0.301472523409
8078	GRASS	2.83135885643	0.110047717068
1032	GRASS	1.17474370274	0.0464377390029
7749	FLOWER	3.89021686254	0.149555159606
6137	FLOWER	7.35851898263	0.272681638658
5364729	FLOWER	8.11852040817	0.29837666688
22310	FLOWER	6.5613696145	0.245234156093
6753	FLOWER	8.78629994146	0.320572370994
16741	FLOWER	1.64583333334	0.064749826389
641423	FLOWER	12.2246316359	0.429208617982
10797	FLOWER	4.36743263272	0.167067518188
24834	FLOWER	7.0383089432	0.261717240616
8137	FLOWER	7.29239845426	0.270424308084
7151	FLOWER	13.6076165944	0.470237772023
243	FLOWER	14.8602303286	0.506078634976
5960	FLOWER	2.44093532892	0.0952541470447
7720	FLOWER	3.37163931403	0.130318391896
244	FLOWER	0.930437062938	0.0368711972663
7519	FLOWER	9.21355956923	0.334586510795
61138	FLOWER	1.31665183095	0.0519726444203
10430	FLOWER	19.0262234824	0.616250067295
21648	FLOWER	8.8	0.321024
13187	FLOWER	6.92692769558	0.257884176903
12506	FLOWER	6.07672677952	0.22829842784
6998	FLOWER	5.30962162377	0.201108032236
8918	FLOWER	3.14165909954	0.121718355223
8091	FLOWER	7.58811713688	0.280492876802
62375	FLOWER	14.8949028985	0.507052862999
7593	FLOWER	5.47552414665	0.207028419994
170833	FLOWER	6.06758334232	0.227977106647
16324	FLOWER	6.90530982906	0.257139071628
7768	FLOWER	8.57460595713	0.313574691357
526618	FLOWER	7.12741641337	0.264776630643
875	FLOWER	2.32124331358	0.090694464335
177	FLOWER	0.540431470916	0.0215004323667
7991	FLOWER	19.2396984367	0.621521539093
7894	FLOWER	1.80211878567	0.0707856985798
1001	FLOWER	15.3715715033	0.520348775941
263	FLOWER	6.86438485536	0.255727482437
7937	FLOWER	6.45292419724	0.241460875612
6276	FLOWER	2.83648863392	0.110241278249
6584	FLOWER	5.96840336134	0.22448739898
5362588	FLOWER	8.39975931816	0.307767990085
18635	FLOWER	4.54693686938	0.173607620818
14514	FLOWER	4.69593113841	0.179016537834
5365049	FLOWER	7.59088879728	0.280586914798
8174	FLOWER	7.04280501593	0.26187175964
31249	FLOWER	2.71630413186	0.10570084202
61130	FLOWER	1.78953504565	0.070300427554
778574	FLOWER	13.1029085588	0.455441857272
9016	FLOWER	5.64500358461	0.213053717196
7967	FLOWER	1.87442664237	0.0735716755998
12748	FLOWER	4.59381527689	0.175311355556
519539	FLOWER	4.49758080097	0.171811938814
7127	FLOWER	13.4367470047	0.465251412161
62572	FLOWER	2.70147824294	0.105139935839
2345	FLOWER	5.60924237447	0.211784254973
807	FLOWER		
379	FLOWER	11.4470679372	0.405468571745
61771	FLOWER	4.08236516412	0.156628324432
6287	FLOWER	3.83550492622	0.147535757833
7795	FLOWER	5.4194337682	0.205029245781
565690	FLOWER	16.4696958002	0.550287480107
61337	FLOWER	3.65226023976	0.140754807647
14296	FLOWER	2.51356754082	0.09801549292
5779	FLOWER	7.62951895045	0.281896934252
7601	FLOWER	12.2151904847	0.428923267957
61192	FLOWER	2.43212708865	0.0949189866758
8051	FLOWER	10.1383250673	0.364418748624
33032	FLOWER	3.7542819149	0.144533423517
8078	FLOWER	1.21910755149	0.0481698127707
1032	FLOWER	6.82422914068	0.254341124281
7749	CHEMICAL	16.8788934133	0.56119691939
6137	CHEMICAL	16.4580614285	0.549975342746
5364729	CHEMICAL	16.369644746	0.547599682196
22310	CHEMICAL	17.6298049605	0.580868189242
6753	CHEMICAL	17.5256308606	0.5781661396
16741	CHEMICAL	18.302508824	0.598107621258
641423	CHEMICAL	17.1468037533	0.56826699855
10797	CHEMICAL	18.4402333923	0.601592452666
24834	CHEMICAL	17.5495534382	0.578787407175
8137	CHEMICAL	17.270438933	0.571510332946
7151	CHEMICAL	17.3422923305	0.57338965191
243	CHEMICAL	17.978344316	0.589845426902
5960	CHEMICAL	15.9312528331	0.535728186592
7720	CHEMICAL	18.1166021982	0.593379577846
244	CHEMICAL	18.5245035032	0.603717248113
7519	CHEMICAL	18.5935716346	0.605454502932
61138	CHEMICAL	15.9954865437	0.53747722584
10430	CHEMICAL	17.1278450106	0.567768570542
21648	CHEMICAL	23.0651421928	0.709805373962
13187	CHEMICAL	20.9568054318	0.66259713971
12506	CHEMICAL	16.4500493334	0.549760324107
6998	CHEMICAL	18.5447561078	0.604227052672
8918	CHEMICAL	17.4892171918	0.577219600478
8091	CHEMICAL	17.0834903626	0.566601357317
62375	CHEMICAL	18.5558633787	0.604506508857
7593	CHEMICAL	24.087081078	0.731408253176
170833	CHEMICAL	17.3245530593	0.572926066889
16324	CHEMICAL	16.4639597072	0.550133600591
7768	CHEMICAL	15.4656960258	0.522952739606
526618	CHEMICAL	17.9150411812	0.588222167039
875	CHEMICAL	15.8631859939	0.533871171806
177	CHEMICAL	16.5226282809	0.551706233112
7991	CHEMICAL	17.053557919	0.565812781682
7894	CHEMICAL	17.8756572675	0.587210641603
1001	CHEMICAL	18.2893539416	0.597773970624
263	CHEMICAL	17.8728414844	0.587138274286
7937	CHEMICAL	18.314337196	0.598407509069
6276	CHEMICAL	17.902753895	0.58790671699
6584	CHEMICAL	16.7852469292	0.558712071378
5362588	CHEMICAL	23.6088150849	0.721402143512
18635	CHEMICAL	16.4595488071	0.55001525351
14514	CHEMICAL	17.4066178667	0.575068576445
5365049	CHEMICAL	16.6579955278	0.55532429511
8174	CHEMICAL	18.2770026705	0.597460576173
31249	CHEMICAL	16.5806705019	0.55325936636
61130	CHEMICAL	17.2870007527	0.571943872098
778574	CHEMICAL	17.5526909026	0.578868852936
9016	CHEMICAL	18.1666456907	0.594655021368
7967	CHEMICAL	33.2879886861	0.888283471138
12748	CHEMICAL	17.7318360136	0.583506237178
519539	CHEMICAL	17.9730888393	0.589710784603
7127	CHEMICAL	17.5668422739	0.579236111966
62572	CHEMICAL	17.0260068512	0.56508631033
2345	CHEMICAL	17.826289999	0.585940953908
807	CHEMICAL		
379	CHEMICAL	17.3250211543	0.572938302974
61771	CHEMICAL	30.0937846531	0.841497036225
6287	CHEMICAL	16.9924026344	0.56419940646
7795	CHEMICAL	17.1442866245	0.568200839435
565690	CHEMICAL	17.1051127065	0.567170555979
61337	CHEMICAL	17.1332793596	0.567911469739
14296	CHEMICAL	17.8045236395	0.585380520768
5779	CHEMICAL	16.9607120276	0.56336218011
7601	CHEMICAL	17.4234844534	0.575508253938
61192	CHEMICAL	16.9263799543	0.562454262829
8051	CHEMICAL	21.6987139005	0.679614882047
33032	CHEMICAL	16.0368737573	0.538602422328
8078	CHEMICAL	13.976716721	0.48092922472
1032	CHEMICAL	16.8422048755	0.560224248992
