#oID	descriptor	value	sigma
7749	INTENSITY/STRENGTH	55.2142857143	0.989124489796
6137	INTENSITY/STRENGTH	61.3244897959	0.948702372345
5364729	INTENSITY/STRENGTH	59.9612244898	0.960309602666
22310	INTENSITY/STRENGTH	27.2897959184	0.793698652228
6753	INTENSITY/STRENGTH	29.243877551	0.827673352354
16741	INTENSITY/STRENGTH	55.893877551	0.986104882965
641423	INTENSITY/STRENGTH	36.2857142857	0.924767346939
24834	INTENSITY/STRENGTH	61.5734693878	0.946421922532
8137	INTENSITY/STRENGTH	44.9673469388	0.989868961266
7151	INTENSITY/STRENGTH	69.65	0.845551
243	INTENSITY/STRENGTH	40.812244898	0.966234062474
5960	INTENSITY/STRENGTH	8.85102040816	0.32270459142
7720	INTENSITY/STRENGTH	60.5183673469	0.955745579342
244	INTENSITY/STRENGTH	59.0714285714	0.967083673469
7519	INTENSITY/STRENGTH	64.8051020408	0.912323581424
61138	INTENSITY/STRENGTH	48.3346938775	0.998890702207
21648	INTENSITY/STRENGTH	31.1653061225	0.858101722616
13187	INTENSITY/STRENGTH	61.6142857143	0.946043346939
12506	INTENSITY/STRENGTH	46.1	0.993916
6998	INTENSITY/STRENGTH	46.0448979592	0.993742867139
8918	INTENSITY/STRENGTH	28.9632653061	0.822982317368
8091	INTENSITY/STRENGTH	48.1489795918	0.998629489379
62375	INTENSITY/STRENGTH	54.7969387755	0.990795751354
7593	INTENSITY/STRENGTH	38.6387755102	0.948369031237
170833	INTENSITY/STRENGTH	48.5918367347	0.999206830487
16324	INTENSITY/STRENGTH	72.4693877551	0.798050645564
7768	INTENSITY/STRENGTH	62.7163265306	0.935318015827
875	INTENSITY/STRENGTH	21.2479591837	0.669328059559
177	INTENSITY/STRENGTH	25.5040816326	0.759979993336
1001	INTENSITY/STRENGTH	65.6030612245	0.90261779217
7937	INTENSITY/STRENGTH	75.1775510204	0.746436369846
6276	INTENSITY/STRENGTH	57.0795918367	0.97995175177
6584	INTENSITY/STRENGTH	24.606122449	0.74206039317
14514	INTENSITY/STRENGTH	71.4081632653	0.816676218242
5365049	INTENSITY/STRENGTH	68.5918367347	0.861737442732
8174	INTENSITY/STRENGTH	27.4979591837	0.79746326364
31249	INTENSITY/STRENGTH	39.5295918367	0.956148221158
778574	INTENSITY/STRENGTH	25.0704081633	0.751406180342
7967	INTENSITY/STRENGTH	60.7204081633	0.954029139525
12748	INTENSITY/STRENGTH	36.8714285714	0.931056244898
519539	INTENSITY/STRENGTH	78.518367347	0.674681089545
7127	INTENSITY/STRENGTH	40.0632653061	0.960504521449
62572	INTENSITY/STRENGTH	71.4857142857	0.815345632653
2345	INTENSITY/STRENGTH	37.2020408163	0.934484896293
807	INTENSITY/STRENGTH	28.6244897959	0.817235025406
379	INTENSITY/STRENGTH	48.2428571429	0.998764979592
61771	INTENSITY/STRENGTH	58.8367346939	0.96876484798
6287	INTENSITY/STRENGTH	34.106122449	0.898953862557
7795	INTENSITY/STRENGTH	51.6897959184	0.998857835902
565690	INTENSITY/STRENGTH	23.7571428572	0.724524979592
61337	INTENSITY/STRENGTH	57.5428571429	0.977242122449
14296	INTENSITY/STRENGTH	65.1418367347	0.90828991212
5779	INTENSITY/STRENGTH	30.7714285714	0.852104816327
7601	INTENSITY/STRENGTH	26.8489795918	0.785612101624
61192	INTENSITY/STRENGTH	50.0020408163	0.999999998334
8051	INTENSITY/STRENGTH	71.012244898	0.823394225739
33032	INTENSITY/STRENGTH	11.6265306123	0.410990738859
8078	INTENSITY/STRENGTH	48.893877551	0.999510597251
7749	VALENCE/PLEASANTNESS	46.7371188294	0.995741442587
6137	VALENCE/PLEASANTNESS	32.8571696679	0.882449347282
5364729	VALENCE/PLEASANTNESS	49.7632211388	0.999977574308
22310	VALENCE/PLEASANTNESS	43.8395176944	0.984819383105
6753	VALENCE/PLEASANTNESS	50.4878308728	0.999904808416
16741	VALENCE/PLEASANTNESS	33.8860688918	0.896136489696
641423	VALENCE/PLEASANTNESS	45.7861614771	0.992897425961
10797	VALENCE/PLEASANTNESS	40.5264729653	0.964100914209
24834	VALENCE/PLEASANTNESS	54.36732503	0.992370588833
8137	VALENCE/PLEASANTNESS	46.4618259109	0.994992529646
7151	VALENCE/PLEASANTNESS	39.5052639668	0.955944206238
243	VALENCE/PLEASANTNESS	51.5750772966	0.999007652604
5960	VALENCE/PLEASANTNESS	36.99625	0.932360994375
7720	VALENCE/PLEASANTNESS	40.5797686483	0.964503696512
244	VALENCE/PLEASANTNESS	47.6671335511	0.997823093653
7519	VALENCE/PLEASANTNESS	45.0583025053	0.990231850348
61138	VALENCE/PLEASANTNESS	34.3594372966	0.902149119329
10430	VALENCE/PLEASANTNESS	33.6359157301	0.892886698403
21648	VALENCE/PLEASANTNESS	50.3146142491	0.99996040715
13187	VALENCE/PLEASANTNESS	45.8611435462	0.993147946902
12506	VALENCE/PLEASANTNESS	57.2330693414	0.979073083161
6998	VALENCE/PLEASANTNESS	46.1351587308	0.994025200786
8918	VALENCE/PLEASANTNESS	48.0650121412	0.998502328794
8091	VALENCE/PLEASANTNESS	58.0624525825	0.973998743342
62375	VALENCE/PLEASANTNESS	41.100623335	0.96832043799
7593	VALENCE/PLEASANTNESS	38.7345185491	0.949235571072
170833	VALENCE/PLEASANTNESS	54.4107838565	0.992217994309
16324	VALENCE/PLEASANTNESS	52.7378148895	0.997001747852
7768	VALENCE/PLEASANTNESS	36.5590451986	0.927736293611
526618	VALENCE/PLEASANTNESS	36.3110612599	0.925045182468
875	VALENCE/PLEASANTNESS	42.5189188854	0.977613370143
177	VALENCE/PLEASANTNESS	38.9622725189	0.951267428821
7991	VALENCE/PLEASANTNESS	28.5039767573	0.815168393901
7894	VALENCE/PLEASANTNESS	29.8139173532	0.837008826951
1001	VALENCE/PLEASANTNESS	45.4587849243	0.991750946255
263	VALENCE/PLEASANTNESS	44.7339150038	0.988907339525
7937	VALENCE/PLEASANTNESS	36.0329191847	0.9219682614
6276	VALENCE/PLEASANTNESS	44.4714072004	0.987773864662
6584	VALENCE/PLEASANTNESS	39.131018397	0.952746095565
5362588	VALENCE/PLEASANTNESS	43.2069637225	0.981541863253
18635	VALENCE/PLEASANTNESS	20.6315144851	0.654996823425
14514	VALENCE/PLEASANTNESS	44.1222495733	0.986180819968
5365049	VALENCE/PLEASANTNESS	51.2189052827	0.999405707965
8174	VALENCE/PLEASANTNESS	41.7115101118	0.972520374149
31249	VALENCE/PLEASANTNESS	53.2396141165	0.99580196015
61130	VALENCE/PLEASANTNESS	44.4519712729	0.987687750897
778574	VALENCE/PLEASANTNESS	43.5342162159	0.983277456023
9016	VALENCE/PLEASANTNESS	46.2637065784	0.994416044587
7967	VALENCE/PLEASANTNESS	33.9454110596	0.896900069583
12748	VALENCE/PLEASANTNESS	36.007830356	0.921687675462
519539	VALENCE/PLEASANTNESS	37.1429399001	0.933878402235
7127	VALENCE/PLEASANTNESS	47.9126123474	0.998257125115
62572	VALENCE/PLEASANTNESS	50.4128114378	0.999931834687
2345	VALENCE/PLEASANTNESS	40.7373376645	0.965681234583
807	VALENCE/PLEASANTNESS		
379	VALENCE/PLEASANTNESS	45.0779526652	0.990309380014
61771	VALENCE/PLEASANTNESS	42.1716354605	0.975486683454
6287	VALENCE/PLEASANTNESS	36.2926502268	0.924843424878
7795	VALENCE/PLEASANTNESS	56.9874189478	0.980470390579
565690	VALENCE/PLEASANTNESS	44.0703928563	0.985935903649
61337	VALENCE/PLEASANTNESS	45.5761776265	0.992171918243
14296	VALENCE/PLEASANTNESS	38.7812644362	0.94965598894
5779	VALENCE/PLEASANTNESS	38.7341717885	0.949232445884
7601	VALENCE/PLEASANTNESS	42.398588821	0.976887419235
61192	VALENCE/PLEASANTNESS	52.2212501588	0.998026419093
8051	VALENCE/PLEASANTNESS	47.6574907557	0.997805060176
33032	VALENCE/PLEASANTNESS	36.9383783151	0.931757615584
8078	VALENCE/PLEASANTNESS	29.2305488807	0.827451960081
1032	VALENCE/PLEASANTNESS	41.1109648976	0.968394021979
7749	BAKERY	6.59349489796	0.246350125931
6137	BAKERY	5.96299565967	0.224296899492
5364729	BAKERY	1.48558254056	0.0585405194285
22310	BAKERY	2.24172810346	0.0876589861823
6753	BAKERY	4.69249432333	0.178891971743
16741	BAKERY	3.20588403918	0.124124284578
641423	BAKERY	7.20645447328	0.267484984501
10797	BAKERY	5.39799243762	0.204264368562
24834	BAKERY	6.17169341673	0.231631816817
8137	BAKERY	4.63178246912	0.176689935228
7151	BAKERY	2.79253772647	0.108582202277
243	BAKERY	5.81868422475	0.219204534547
5960	BAKERY	7.8867856072	0.290590869402
7720	BAKERY	1.1043171671	0.0436848801219
244	BAKERY	4.80045109568	0.182800311538
7519	BAKERY	3.20377882837	0.124045473622
61138	BAKERY	1.79173068086	0.0703851077014
10430	BAKERY	2.15154112734	0.0842099934046
21648	BAKERY	2.58329141342	0.100662298726
13187	BAKERY	1.99836958837	0.0783373911301
12506	BAKERY	2.90305052359	0.112750940006
6998	BAKERY	8.50462664388	0.311253596015
8918	BAKERY	0.534699981804	0.0212736376439
8091	BAKERY	2.74741851987	0.106877417385
62375	BAKERY	3.12897390509	0.121242765124
7593	BAKERY	1.98057127396	0.07765378593
170833	BAKERY	1.20897822174	0.0477744775334
16324	BAKERY	3.57499720147	0.137887646063
7768	BAKERY	2.22309419975	0.0869469088617
526618	BAKERY	4.14872589806	0.159064265292
875	BAKERY	6.76233905156	0.252201870283
177	BAKERY	2.87567098883	0.111719046099
7991	BAKERY	1.73691232258	0.0682697471367
7894	BAKERY	1.98234742615	0.0777220165189
1001	BAKERY	3.01121660915	0.116821694179
263	BAKERY	2.75762188601	0.107263084054
7937	BAKERY	5.90159667052	0.222132329516
6276	BAKERY	1.89137573089	0.0742241083736
6584	BAKERY	2.4638363031	0.0961252563926
5362588	BAKERY	3.08975457448	0.119771549647
18635	BAKERY	2.37167701863	0.0926171399931
14514	BAKERY	8.82720237001	0.321920294128
5365049	BAKERY	2.17075515113	0.0849453348749
8174	BAKERY	0.45562812967	0.0181420863898
31249	BAKERY	6.3113546176	0.23652090586
61130	BAKERY	2.47844633136	0.0966807747676
778574	BAKERY	1.19666682727	0.0472938684925
9016	BAKERY	1.13653783526	0.0449448261102
7967	BAKERY	4.19717532468	0.160840500705
12748	BAKERY	6.94459051354	0.258492685581
519539	BAKERY	1.21124860687	0.0478630949998
7127	BAKERY	6.45498944077	0.241532822158
62572	BAKERY	6.32676359833	0.237059368882
2345	BAKERY	1.65324969421	0.0650366939479
807	BAKERY		
379	BAKERY	0.806055949008	0.0319823474831
61771	BAKERY	3.88792414483	0.149470584131
6287	BAKERY	3.39202858179	0.131078800112
7795	BAKERY	3.54714060098	0.136852741462
565690	BAKERY	1.89851731601	0.0744989454409
61337	BAKERY	4.29800724638	0.164531143339
14296	BAKERY	4.14880808759	0.159067280084
5779	BAKERY	5.49641076832	0.207772218199
7601	BAKERY	2.86271467499	0.111230532875
61192	BAKERY	4.97447867922	0.189080971917
8051	BAKERY	1.76647579888	0.069410857256
33032	BAKERY	6.66852380952	0.248953268462
8078	BAKERY	0.599363732768	0.0238308545571
1032	BAKERY	2.82570845005	0.109834486704
7749	SWEET	33.1981466176	0.887079089166
6137	SWEET	11.5023906191	0.407173628783
5364729	SWEET	11.5896994627	0.409859525053
22310	SWEET	7.98858210592	0.294016306612
6753	SWEET	15.5443029375	0.525121975975
16741	SWEET	10.8698406538	0.387532251815
641423	SWEET	13.3952624674	0.464037276067
10797	SWEET	6.15949028196	0.231203883065
24834	SWEET	19.8671725267	0.636805083385
8137	SWEET	23.4481170914	0.717999005602
7151	SWEET	8.51301584192	0.311532058187
243	SWEET	14.5079709342	0.496126349116
5960	SWEET	16.8259053612	0.559791777959
7720	SWEET	13.5562210391	0.468740390021
244	SWEET	16.5196320679	0.551625985252
7519	SWEET	16.0858791209	0.539932961998
61138	SWEET	5.60396796018	0.211596935648
10430	SWEET	9.92352637194	0.357550504616
21648	SWEET	13.9430845364	0.479959538901
13187	SWEET	21.784180332	0.681547008184
12506	SWEET	24.2207326283	0.734171749511
6998	SWEET	29.4091571278	0.830406875925
8918	SWEET	13.4647815718	0.466071125762
8091	SWEET	29.3898627569	0.830088897128
62375	SWEET	8.36859737895	0.306730526322
7593	SWEET	10.7821732277	0.384784825303
170833	SWEET	12.2720908836	0.430641949481
16324	SWEET	29.4017805142	0.830285341606
7768	SWEET	12.7181476499	0.44402539414
526618	SWEET	8.83224869592	0.322086501026
875	SWEET	13.15173056	0.45688201571
177	SWEET	6.87884837806	0.256226513119
7991	SWEET	13.9289069015	0.479550497071
7894	SWEET	4.44373553218	0.169850707095
1001	SWEET	9.24552352409	0.33562905887
263	SWEET	10.0162818588	0.360520913442
7937	SWEET	7.41244916562	0.274520205572
6276	SWEET	10.1811296158	0.36578302453
6584	SWEET	5.98507002228	0.225074375623
5362588	SWEET	12.9120401437	0.449793293478
18635	SWEET	2.57948846915	0.100518034461
14514	SWEET	10.4510482412	0.374352165911
5365049	SWEET	24.1843043333	0.733419942898
8174	SWEET	8.4275289796	0.308691861303
31249	SWEET	36.5740317948	0.927897351101
61130	SWEET	12.8284856535	0.447311408477
778574	SWEET	17.0195178233	0.564915118156
9016	SWEET	10.5411771311	0.377200519121
7967	SWEET	4.06151640084	0.155862289844
12748	SWEET	6.19154248544	0.232327620078
519539	SWEET	5.83648415029	0.219833547117
7127	SWEET	26.7806232388	0.784344217128
62572	SWEET	32.2350547319	0.873762687848
2345	SWEET	11.871539902	0.418488212222
807	SWEET		
379	SWEET	15.7526574946	0.530847812527
61771	SWEET	15.485750996	0.523506646277
6287	SWEET	10.1023164991	0.363269940504
7795	SWEET	27.6998578859	0.801081464676
565690	SWEET	10.5579421556	0.377729629201
61337	SWEET	17.6082415276	0.580309593228
14296	SWEET	6.28820263215	0.235711508349
5779	SWEET	10.6062169172	0.379251941771
7601	SWEET	14.2162300233	0.487808722502
61192	SWEET	21.9405020426	0.685065829751
8051	SWEET	16.978446227	0.563830794566
33032	SWEET	15.2655208182	0.517406382388
8078	SWEET	4.06842108964	0.15611602352
1032	SWEET	9.49817807784	0.343840968394
7749	FRUIT	21.3083624213	0.670715973222
6137	FRUIT	1.65578490092	0.0651347465814
5364729	FRUIT	8.62436311378	0.315222668904
22310	FRUIT	1.23367015316	0.0487380293078
6753	FRUIT	4.46657608598	0.170682922667
16741	FRUIT	1.36904067609	0.0540119180943
641423	FRUIT	5.85981438856	0.220657605675
10797	FRUIT	2.35154099568	0.0918497418053
24834	FRUIT	5.2937518092	0.200540549081
8137	FRUIT	15.3587479012	0.51999346121
7151	FRUIT	4.49371786906	0.171671314648
243	FRUIT	3.13009111757	0.121284656541
5960	FRUIT	1.77972735598	0.0699221224544
7720	FRUIT	5.42013379477	0.20505421165
244	FRUIT	3.08673450902	0.119658208389
7519	FRUIT	6.30163262022	0.236181075337
61138	FRUIT	7.26474891328	0.269479325822
10430	FRUIT	4.07654688245	0.156414581504
21648	FRUIT	3.335434076	0.12896731485
13187	FRUIT	12.2105676541	0.42878352119
12506	FRUIT	9.72932513598	0.351309098399
6998	FRUIT	6.9426158979	0.258424669714
8918	FRUIT	2.77602134979	0.107958336178
8091	FRUIT	18.8721316338	0.61242232439
62375	FRUIT	1.59236356725	0.0626802939979
7593	FRUIT	1.33210785308	0.0525745095902
170833	FRUIT	2.48041320147	0.0967555481987
16324	FRUIT	12.4611507499	0.436333918791
7768	FRUIT	5.22658287214	0.198136447478
526618	FRUIT	3.84354592035	0.147832698717
875	FRUIT	1.83390480213	0.0720109093558
177	FRUIT	1.89003895744	0.0741726593934
7991	FRUIT	3.53123486847	0.13626154686
7894	FRUIT	3.03870101329	0.117854558992
1001	FRUIT	1.60115602472	0.0630207607425
263	FRUIT	3.73143924865	0.1436881144
7937	FRUIT	1.93783634516	0.076011369926
6276	FRUIT	2.32691822919	0.0909109097895
6584	FRUIT	2.61613502474	0.101907736002
5362588	FRUIT	8.55196158041	0.312824044467
18635	FRUIT	1.31432918013	0.0518821827276
14514	FRUIT	6.83886424135	0.254846544009
5365049	FRUIT	15.672157231	0.52863968433
8174	FRUIT	5.20257062353	0.197276128504
31249	FRUIT	24.9649687267	0.749298883658
61130	FRUIT	4.27744592308	0.163779219473
778574	FRUIT	5.02613820681	0.190940702163
9016	FRUIT	4.54521829591	0.173545128094
7967	FRUIT	3.77192460317	0.145186018042
12748	FRUIT	0.573259322942	0.0227989224172
519539	FRUIT	2.21147066319	0.0865025855301
7127	FRUIT	6.60044761466	0.246591541101
62572	FRUIT	20.346453177	0.648266864325
2345	FRUIT	1.16020093311	0.0458696108423
807	FRUIT		
379	FRUIT	12.3770385126	0.433805107566
61771	FRUIT	7.39930698137	0.274072381733
6287	FRUIT	4.03594047619	0.154922092837
7795	FRUIT	20.55268293	0.653142206952
565690	FRUIT	8.73250617382	0.318797581323
61337	FRUIT	5.77180054977	0.217546549356
14296	FRUIT	2.38417498232	0.0930932831542
5779	FRUIT	1.6810669605	0.0661122839698
7601	FRUIT	1.31413919433	0.0518747830443
61192	FRUIT	6.31805748915	0.236755159392
8051	FRUIT	15.9978042044	0.537540272431
33032	FRUIT	5.70297336721	0.215109372597
8078	FRUIT	0.95075751209	0.0376687245449
1032	FRUIT	1.75801470588	0.0690843419529
7749	FISH	1.20773803503	0.0477260689369
6137	FISH	3.48912028091	0.134695227103
5364729	FISH	0.528737863976	0.0210376890675
22310	FISH	0.634186153804	0.0252065693211
6753	FISH	1.65904792607	0.0652609410344
16741	FISH	2.86902844471	0.111468608102
641423	FISH	0.702200656933	0.0278907919723
10797	FISH	0.296707704821	0.011833094008
24834	FISH	0.25754768801	0.0102753751958
8137	FISH	0.710860449401	0.0282322889446
7151	FISH	1.07335374633	0.0424733145473
243	FISH	0.690503129223	0.0274294073403
5960	FISH	2.9127199793	0.113115224101
7720	FISH	0.538891324194	0.0214394914241
244	FISH	0.371982438905	0.0148239491823
7519	FISH	0.502298111185	0.0199910030904
61138	FISH	0.756474890655	0.0300300939221
10430	FISH	2.14599964977	0.0839978601922
21648	FISH	0.970404677896	0.0384395130203
13187	FISH	1.20635708916	0.0476721645956
12506	FISH	0.212422186476	0.00847883818492
6998	FISH	0.73302776313	0.0291061786446
8918	FISH	0.332931910228	0.0132729389464
8091	FISH	0.796843109186	0.0316197407912
62375	FISH	0.826955687621	0.0328046852211
7593	FISH	1.20552384389	0.0476396386603
170833	FISH	0.250548087436	0.00999681375978
16324	FISH	1.21391156077	0.0479670299197
7768	FISH	0.434495413214	0.0173043020229
526618	FISH	4.93279583341	0.187578843443
875	FISH	4.41254079168	0.168713425172
177	FISH	2.41668714169	0.0943313349711
7991	FISH	1.09532563201	0.0433331299842
7894	FISH	2.19862818371	0.0860115409922
1001	FISH	0.219167487972	0.00874748576376
263	FISH	2.18768761923	0.0855931139213
7937	FISH	0.88272533684	0.0349973318655
6276	FISH	1.39366137307	0.0549695381138
6584	FISH	1.26108967098	0.0498074479759
5362588	FISH	0.0675906481417	0.00270179852738
18635	FISH	7.36932523224	0.273050227538
14514	FISH	0.797634765287	0.031650902124
5365049	FISH	1.77871182405	0.0698829466608
8174	FISH	0.492287758266	0.0195945714359
31249	FISH	0.147247990105	0.00588124681597
61130	FISH	1.24008528885	0.0489882869444
778574	FISH	0.89577427866	0.0355100065231
9016	FISH	1.48678863473	0.0585873292116
7967	FISH	0.867881761676	0.0344139829662
12748	FISH	4.53556944328	0.173194221661
519539	FISH	2.24042162109	0.0876090692276
7127	FISH	0.276450032935	0.0110274314691
62572	FISH	1.74628079891	0.0686314333048
2345	FISH	0.939647724911	0.0372327338577
807	FISH		
379	FISH	0.831984707457	0.0330025088769
61771	FISH	0.670015090248	0.0266210355214
6287	FISH	0.490216367737	0.0195125298746
7795	FISH	3.34853513357	0.129456330326
565690	FISH	2.47449074014	0.0965303878364
61337	FISH	1.6425497998	0.064622804054
14296	FISH	0.638940465059	0.0253943206352
5779	FISH	2.68244432662	0.104419570039
7601	FISH	1.28441842779	0.0507168448325
61192	FISH	2.8445649093	0.110545976563
8051	FISH	1.09030491993	0.0431366908697
33032	FISH	2.68588699411	0.104549884186
8078	FISH	11.4227041507	0.404716897983
1032	FISH	0.707251912623	0.0280899943978
7749	GARLIC	1.54120967887	0.0606982562449
6137	GARLIC	5.69134904179	0.214697380105
5364729	GARLIC	1.99467982583	0.0781956939903
22310	GARLIC	1.27483862912	0.0503434597527
6753	GARLIC	2.53863552193	0.0989675527519
16741	GARLIC	2.51941290218	0.0982375395385
641423	GARLIC	2.45957321537	0.0959631284541
10797	GARLIC	2.97717923393	0.115541730881
24834	GARLIC	0.422215561868	0.0168173160824
8137	GARLIC	2.79221084761	0.108569857337
7151	GARLIC	4.37284803406	0.167265201391
243	GARLIC	1.83170656829	0.0719262031507
5960	GARLIC	7.95937129054	0.293034215085
7720	GARLIC	2.04754301756	0.080224747739
244	GARLIC	0.907205438215	0.0359590088457
7519	GARLIC	0.581238703959	0.023114412786
61138	GARLIC	2.93355948509	0.113900070903
10430	GARLIC	3.50416919778	0.135255087204
21648	GARLIC	0.879766768429	0.0348810749104
13187	GARLIC	2.83986815571	0.110368785772
12506	GARLIC	2.75504413498	0.107165658125
6998	GARLIC	0.704454288634	0.0279796692075
8918	GARLIC	3.26535137857	0.126349047293
8091	GARLIC	2.35012897771	0.0917959166236
62375	GARLIC	1.74539330465	0.0685971730708
7593	GARLIC	6.94697113245	0.258574682132
170833	GARLIC	1.25530244488	0.0495817841039
16324	GARLIC	2.53410527737	0.0987955352719
7768	GARLIC	1.79911021615	0.070669689618
526618	GARLIC	7.94857119798	0.292670934283
875	GARLIC	5.71452624528	0.215518725728
177	GARLIC	7.7221765873	0.285034258994
7991	GARLIC	2.95199375409	0.114594043314
7894	GARLIC	2.01946730615	0.0791473929659
1001	GARLIC	0.764844567373	0.03035978781
263	GARLIC	4.99962517166	0.189986506124
7937	GARLIC	1.6832853764	0.0661980351926
6276	GARLIC	3.59228201134	0.138529484434
6584	GARLIC	6.30141668332	0.236173526446
5362588	GARLIC	1.34061281815	0.0529056156349
18635	GARLIC	23.6421961967	0.722106471466
14514	GARLIC	1.65316404957	0.065033381433
5365049	GARLIC	0.97925521335	0.0387866322249
8174	GARLIC	1.90952420034	0.074922454945
31249	GARLIC	1.87424414811	0.0735646494736
61130	GARLIC	1.30068133411	0.0513505445914
778574	GARLIC	2.71741907987	0.105743016612
9016	GARLIC	1.56626244841	0.0616692267133
7967	GARLIC	1.51054749319	0.0595091982361
12748	GARLIC	11.9312726941	0.420308800523
519539	GARLIC	3.20364985382	0.124040645199
7127	GARLIC	1.81317973922	0.071212141262
62572	GARLIC	2.56783136446	0.100075751412
2345	GARLIC	2.76100667992	0.107391004042
807	GARLIC		
379	GARLIC	3.03550527982	0.117734494271
61771	GARLIC	1.63768154225	0.0644344613564
6287	GARLIC	4.52002098546	0.172628603535
7795	GARLIC	2.64101537902	0.102850630268
565690	GARLIC	2.86701515634	0.111392695891
61337	GARLIC	2.46832800511	0.0962960629483
14296	GARLIC	2.18335511779	0.0854273888834
5779	GARLIC	4.05317598853	0.155555745304
7601	GARLIC	2.0354754613	0.0797617543106
61192	GARLIC	4.47530775524	0.171000958408
8051	GARLIC	2.20252267929	0.0861604647105
33032	GARLIC	5.06461491193	0.192324466795
8078	GARLIC	8.57706123278	0.313656057555
1032	GARLIC	5.99135843731	0.225295787123
7749	SPICES	2.65217918702	0.103273545705
6137	SPICES	7.05955432232	0.262447250001
5364729	SPICES	5.94987152695	0.223834472603
22310	SPICES	8.67758490689	0.316983204349
6753	SPICES	9.28904435655	0.337047236239
16741	SPICES	7.0586587168	0.26241648352
641423	SPICES	6.97285014046	0.259465749986
10797	SPICES	7.4191010361	0.274746817371
24834	SPICES	6.37923311981	0.238891478714
8137	SPICES	5.42474788167	0.205218759435
7151	SPICES	5.08688963224	0.193125006837
243	SPICES	5.08853395428	0.19318408705
5960	SPICES	6.66351029094	0.248779463879
7720	SPICES	5.17121818629	0.19615212844
244	SPICES	6.99305135341	0.260160947244
7519	SPICES	7.92468188526	0.291867042217
61138	SPICES	5.70681075363	0.215245354554
10430	SPICES	3.08469591097	0.119581696894
21648	SPICES	6.83684161853	0.254776703414
13187	SPICES	5.86792932592	0.220944135207
12506	SPICES	7.97452522676	0.293543788034
6998	SPICES	7.33327959099	0.271820387816
8918	SPICES	4.52498636398	0.172809253921
8091	SPICES	4.38960160961	0.167876623468
62375	SPICES	7.28894439587	0.270306291672
7593	SPICES	5.52478892782	0.208782240034
170833	SPICES	7.87543022093	0.290208248371
16324	SPICES	4.12166127936	0.158071214494
7768	SPICES	3.11882247426	0.12086207752
526618	SPICES	8.47650815511	0.310319850003
875	SPICES	6.52216667285	0.24387120367
177	SPICES	11.7173175642	0.413774490208
7991	SPICES	3.74006414736	0.144007333964
7894	SPICES	4.4857018256	0.171379464677
1001	SPICES	5.39555098709	0.204177251302
263	SPICES	6.16855674962	0.231521833036
7937	SPICES	6.25336653279	0.234492824114
6276	SPICES	6.80645134084	0.253726941692
6584	SPICES	8.6307628254	0.315434486237
5362588	SPICES	4.44102683652	0.169751985716
18635	SPICES	12.0548635429	0.4240666477
14514	SPICES	6.48641311069	0.242627102411
5365049	SPICES	6.0122620996	0.226031565762
8174	SPICES	4.28708376344	0.16413171566
31249	SPICES	5.47516994756	0.20701580352
61130	SPICES	8.15735090364	0.29967708664
778574	SPICES	4.94540278795	0.188033308024
9016	SPICES	10.2226527586	0.367105058576
7967	SPICES	3.0516098877	0.118339466345
12748	SPICES	12.6630057023	0.442379542725
519539	SPICES	6.89155833243	0.256664902797
7127	SPICES	8.98868865054	0.327228936559
62572	SPICES	3.68383026381	0.141924968387
2345	SPICES	6.12034297023	0.22983027958
807	SPICES		
379	SPICES	4.09900622754	0.15723950828
61771	SPICES	9.32542657158	0.338231630566
6287	SPICES	4.04625441369	0.155301306636
7795	SPICES	4.27604793934	0.163728083182
565690	SPICES	9.23024139707	0.335130713384
61337	SPICES	5.7413171829	0.216467598118
14296	SPICES	4.78690971334	0.182310586692
5779	SPICES	6.89735266024	0.256864716922
7601	SPICES	7.65822482935	0.282869630159
61192	SPICES	7.4420766585	0.275529264344
8051	SPICES	3.9697574682	0.152486708986
33032	SPICES	9.46127557545	0.342644728812
8078	SPICES	3.27329413883	0.126645983745
1032	SPICES	5.11678566354	0.194198828331
7749	COLD	5.22118876647	0.197943225805
6137	COLD	2.70644850963	0.105327994971
5364729	COLD	4.35433126244	0.1665891702
22310	COLD	11.0160197474	0.392099713465
6753	COLD	4.53119337061	0.17303504948
16741	COLD	2.57195249453	0.100232123928
641423	COLD	2.70122835821	0.105130480471
10797	COLD	4.99357725924	0.189768764832
24834	COLD	2.76087427027	0.107386000116
8137	COLD	4.4444148452	0.169875464481
7151	COLD	6.48250555657	0.242491070946
243	COLD	3.5119182279	0.13554330126
5960	COLD	3.34519086635	0.129331513881
7720	COLD	6.25286686528	0.234475336997
244	COLD	3.77184080154	0.145182918849
7519	COLD	5.96387901308	0.22432801937
61138	COLD	2.15339032031	0.0842807768639
10430	COLD	2.54782758003	0.0993165330502
21648	COLD	5.06802854693	0.192447176536
13187	COLD	6.17592928824	0.2317803305
12506	COLD	3.60427363406	0.138974629991
6998	COLD	5.04491376042	0.191616088477
8918	COLD	5.50715072621	0.2081545454
8091	COLD	5.38118068576	0.203664385201
62375	COLD	6.35605345997	0.238082372164
7593	COLD	2.83002023254	0.109997203495
170833	COLD	14.4041962001	0.493175500736
16324	COLD	3.91335365706	0.150408411544
7768	COLD	5.18193731082	0.196536502715
526618	COLD	2.67339434833	0.104076958996
875	COLD	6.175292517	0.231758005612
177	COLD	3.75026077098	0.144384648499
7991	COLD	3.09553301808	0.119988390857
7894	COLD	2.43576121008	0.0950572753341
1001	COLD	4.78618148196	0.182284246007
263	COLD	5.63480530731	0.212691799952
7937	COLD	5.38584256612	0.203830782586
6276	COLD	5.9542398843	0.223988406332
6584	COLD	4.67511584853	0.178261950662
5362588	COLD	4.66767669487	0.177992185504
18635	COLD	2.21935666615	0.0868040490413
14514	COLD	5.11302543735	0.194063805845
5365049	COLD	8.7570126504	0.319606397792
8174	COLD	7.41495341616	0.274605522981
31249	COLD	4.75657951724	0.181213161208
61130	COLD	5.93812356648	0.223420418063
778574	COLD	7.07496058329	0.26297639643
9016	COLD	6.25467987362	0.234538786816
7967	COLD	7.99217861503	0.294137176995
12748	COLD	3.52052798678	0.135863472549
519539	COLD	1.85331070949	0.072758524145
7127	COLD	4.8523715643	0.184676658653
62572	COLD	2.94372763974	0.114282892623
2345	COLD	3.94492288091	0.151571948622
807	COLD		
379	COLD	5.7774777161	0.21774740914
61771	COLD	6.75983464519	0.252115240035
6287	COLD	2.13969085825	0.0837563235424
7795	COLD	3.30059263796	0.127666140814
565690	COLD	5.95438221801	0.223993421681
61337	COLD	2.35050800415	0.091810365015
14296	COLD	6.15807776455	0.23115434188
5779	COLD	4.20852486612	0.161256322025
7601	COLD	3.92251685656	0.150746218866
61192	COLD	4.29081678237	0.164268227831
8051	COLD	4.42316755373	0.169100937666
33032	COLD	2.29332002366	0.0896290742541
8078	COLD	7.70989984682	0.284618971614
1032	COLD	2.49256258857	0.0972173562398
7749	SOUR	9.71182509661	0.350745185181
6137	SOUR	17.8415337932	0.586333220491
5364729	SOUR	8.43144161644	0.308821981565
22310	SOUR	3.91945755877	0.150633443329
6753	SOUR	11.5219480686	0.407775807826
16741	SOUR	7.25811390885	0.269252469348
641423	SOUR	7.46355698802	0.276260406356
10797	SOUR	7.70092734365	0.284315380965
24834	SOUR	4.88228368033	0.185756669639
8137	SOUR	9.71082856864	0.35071306615
7151	SOUR	5.25632820827	0.199201533837
243	SOUR	7.75651385595	0.286195151359
5960	SOUR	14.528471002	0.496708252218
7720	SOUR	7.66149656025	0.282980450593
244	SOUR	5.98117946467	0.224937375471
7519	SOUR	4.19086420246	0.160609230993
61138	SOUR	17.741111662	0.58374564928
10430	SOUR	17.5203238542	0.578028254984
21648	SOUR	7.10989526953	0.264175566484
13187	SOUR	5.48834816012	0.207485140194
12506	SOUR	5.79163829458	0.218248302129
6998	SOUR	5.38042753146	0.20363750109
8918	SOUR	8.59987674435	0.314411917767
8091	SOUR	5.26080886663	0.199361910693
62375	SOUR	4.01781480756	0.154255457971
7593	SOUR	7.91100916749	0.29140674028
170833	SOUR	3.8515475181	0.14812813341
16324	SOUR	12.3250720936	0.4322399229
7768	SOUR	5.03919501134	0.191410405908
526618	SOUR	12.0871834217	0.425047335641
875	SOUR	10.6205623313	0.379703955559
177	SOUR	16.1236304671	0.540956634907
7991	SOUR	20.0959191673	0.64229837982
7894	SOUR	7.54884263209	0.27915969525
1001	SOUR	7.21869716179	0.267904050986
263	SOUR	9.33345974533	0.338493001486
7937	SOUR	7.55688119452	0.279432666426
6276	SOUR	8.0332176109	0.295515670362
6584	SOUR	14.4218024746	0.493676744338
5362588	SOUR	10.7209994656	0.382864046807
18635	SOUR	18.0332738741	0.591251368315
14514	SOUR	4.99518343567	0.189826594405
5365049	SOUR	4.82919431124	0.183839325371
8174	SOUR	6.22517137492	0.233505751538
31249	SOUR	10.4790549338	0.375237960428
61130	SOUR	7.24483194879	0.268798241965
778574	SOUR	10.2540716986	0.368104473384
9016	SOUR	7.17515143923	0.266412938299
7967	SOUR	6.79311417462	0.253266006909
12748	SOUR	11.6220058537	0.410851826122
519539	SOUR	10.5297730246	0.376840473004
7127	SOUR	6.73060686049	0.251103846935
62572	SOUR	8.86223145303	0.32307359959
2345	SOUR	6.48086909467	0.242434098098
807	SOUR		
379	SOUR	12.0390087049	0.423585255958
61771	SOUR	5.56139411232	0.210084122704
6287	SOUR	11.8403119266	0.417535282457
7795	SOUR	11.0964207218	0.394604607736
565690	SOUR	3.99246103841	0.153322543479
61337	SOUR	10.2580138348	0.368229814257
14296	SOUR	5.93535361663	0.223322775643
5779	SOUR	10.6228815436	0.37977701683
7601	SOUR	10.8173404447	0.385887676068
61192	SOUR	8.12973348783	0.29875231288
8051	SOUR	7.71627727582	0.284834717034
33032	SOUR	12.8229166667	0.44714578993
8078	SOUR	11.1049719341	0.3948707167
1032	SOUR	19.7766281844	0.634619118438
7749	BURNT	1.96936504253	0.0772232422329
6137	BURNT	11.3510507585	0.402503489012
5364729	BURNT	2.81260790946	0.109340011078
22310	BURNT	2.59295108282	0.101028685186
6753	BURNT	5.91095257518	0.222462358869
16741	BURNT	14.5197291605	0.496460152462
641423	BURNT	3.2862266544	0.127129351926
10797	BURNT	7.58607213499	0.280423489225
24834	BURNT	1.93267966606	0.0758130863656
8137	BURNT	5.88117075698	0.22141156249
7151	BURNT	9.90753319576	0.35703764222
243	BURNT	6.48780142255	0.242675429982
5960	BURNT	5.121530381	0.194369185862
7720	BURNT	4.13260936247	0.158472990442
244	BURNT	6.38814756508	0.239202530878
7519	BURNT	8.27915116549	0.303748309011
61138	BURNT	5.64390704036	0.213014806942
10430	BURNT	4.36771181717	0.16707771008
21648	BURNT	5.90365375778	0.222204899235
13187	BURNT	3.00708163306	0.116666249343
12506	BURNT	4.9354439247	0.187674314294
6998	BURNT	2.51480003164	0.098062313586
8918	BURNT	3.83792465646	0.147625119991
8091	BURNT	2.12044771794	0.0830193893078
62375	BURNT	5.68573853036	0.21449849216
7593	BURNT	4.34820447409	0.166365426104
170833	BURNT	3.09964737005	0.120142769275
16324	BURNT	2.40995814746	0.0940751665894
7768	BURNT	4.58551071355	0.17500966514
526618	BURNT	7.77849929518	0.286937951293
875	BURNT	13.1228754048	0.456031072636
177	BURNT	6.56852690172	0.245482857805
7991	BURNT	4.81530696002	0.183337405953
7894	BURNT	5.54554291689	0.209520498178
1001	BURNT	7.52868253098	0.278474876978
263	BURNT	2.22275172733	0.0869338189968
7937	BURNT	4.74100126681	0.180649213468
6276	BURNT	4.09114095156	0.156950664348
6584	BURNT	6.21855016075	0.233273859989
5362588	BURNT	3.2006014162	0.123926516878
18635	BURNT	9.09244977122	0.330628933712
14514	BURNT	9.16746360507	0.333081588623
5365049	BURNT	3.23884815843	0.12535787138
8174	BURNT	5.09061077294	0.193258703701
31249	BURNT	2.26937172395	0.0887148497495
61130	BURNT	4.30817519937	0.164902858555
778574	BURNT	4.05276609162	0.155540678467
9016	BURNT	5.82027585014	0.219260789617
7967	BURNT	5.66651138604	0.213816714926
12748	BURNT	9.21740524363	0.334711985975
519539	BURNT	10.1932404935	0.366168759038
7127	BURNT	6.13850385062	0.230467662215
62572	BURNT	3.97411361255	0.1526471129
2345	BURNT	3.24293409633	0.125510715232
807	BURNT		
379	BURNT	6.51852420865	0.243744505202
61771	BURNT	2.78789681141	0.108406925004
6287	BURNT	5.15260103742	0.195484322516
7795	BURNT	1.40782799883	0.0555203280837
565690	BURNT	3.07592819388	0.119252594054
61337	BURNT	4.7388657088	0.18057188907
14296	BURNT	6.48258789442	0.242493937453
5779	BURNT	10.2798916731	0.3689251978
7601	BURNT	3.86924666951	0.148781438865
61192	BURNT	10.5432474973	0.377265872777
8051	BURNT	2.76398487008	0.107503549858
33032	BURNT	3.78465686274	0.145656823482
8078	BURNT	5.69844584287	0.214948919705
1032	BURNT	5.3359917781	0.202050547822
7749	ACID	7.49900751376	0.277466255074
6137	ACID	3.89154273914	0.149604067609
5364729	ACID	5.22115224217	0.197941917393
22310	ACID	5.98526009031	0.225081068273
6753	ACID	5.68292322103	0.214398682307
16741	ACID	6.528359	0.244086571507
641423	ACID	3.90561690443	0.150123138815
10797	ACID	8.37898707351	0.307076513189
24834	ACID	3.71538150721	0.143093636391
8137	ACID	5.09985450201	0.193590773704
7151	ACID	6.05531866211	0.227545992844
243	ACID	3.96358986466	0.15225957674
5960	ACID	3.92171371398	0.150716613177
7720	ACID	12.4258557678	0.435273474088
244	ACID	6.47388998538	0.242191098798
7519	ACID	7.3800073118	0.273414489303
61138	ACID	4.84937640449	0.184568475575
10430	ACID	8.12734461173	0.298672292294
21648	ACID	5.35790244993	0.202833250532
13187	ACID	6.2640699922	0.234867370541
12506	ACID	5.12986186636	0.194668281547
6998	ACID	5.49968961247	0.207888950165
8918	ACID	5.57426446959	0.210541609033
8091	ACID	2.48678395748	0.0969977205189
62375	ACID	8.76832868163	0.319979712118
7593	ACID	5.66135719221	0.213633901585
170833	ACID	7.55396502917	0.279333646102
16324	ACID	6.2746884376	0.235238851508
7768	ACID	7.96948064991	0.293374177265
526618	ACID	7.85463733654	0.289507362386
875	ACID	4.45252617341	0.170171051206
177	ACID	6.11269092541	0.229561640877
7991	ACID	8.12474181329	0.298585100719
7894	ACID	10.2472059575	0.367886146326
1001	ACID	7.26732288692	0.2695673227
263	ACID	5.46520576574	0.206660841005
7937	ACID	8.10040696492	0.297769641398
6276	ACID	5.90480630093	0.222245557057
6584	ACID	8.32437840136	0.305257025747
5362588	ACID	8.5530799609	0.312861127709
18635	ACID	6.28475808352	0.235591049673
14514	ACID	4.11996439197	0.158008933042
5365049	ACID	3.40745154101	0.131653771239
8174	ACID	8.29604364619	0.304312009776
31249	ACID	3.86559295897	0.148646594789
61130	ACID	6.28388428113	0.235560490582
778574	ACID	5.93890447771	0.22344794455
9016	ACID	9.03933793011	0.328889665119
7967	ACID	9.04132956008	0.328954926318
12748	ACID	3.26819555767	0.126455381426
519539	ACID	5.6908348794	0.214679154526
7127	ACID	3.41163876804	0.131809839088
62572	ACID	5.78421504279	0.217985744247
2345	ACID	5.46080745981	0.206504131147
807	ACID		
379	ACID	7.8848473894	0.290525568234
61771	ACID	12.5504591454	0.439012755913
6287	ACID	6.20752654185	0.232887707367
7795	ACID	6.256941663	0.23461793893
565690	ACID	10.5007195497	0.375922737563
61337	ACID	4.05359325738	0.155571082977
14296	ACID	7.46634511486	0.276355280845
5779	ACID	5.13010732462	0.19467709252
7601	ACID	5.87489417973	0.22119001454
61192	ACID	5.41696273441	0.20494111527
8051	ACID	10.2622323731	0.368363929613
33032	ACID	4.0055465368	0.153804100248
8078	ACID	8.02932268914	0.295384898427
1032	ACID	5.34054949296	0.202213392164
7749	WARM	5.24236534042	0.198701655872
6137	WARM	6.30820725323	0.236410898629
5364729	WARM	4.20355302692	0.161074177857
22310	WARM	5.10005980107	0.193598148053
6753	WARM	9.71786759803	0.35093992366
16741	WARM	6.74771489092	0.251695933137
641423	WARM	8.33970037524	0.30576777407
10797	WARM	5.5231788237	0.208724951221
24834	WARM	7.96032825049	0.293066399677
8137	WARM	4.33408645715	0.165849736119
7151	WARM	7.13687592428	0.265101037788
243	WARM	6.94945809912	0.258660336816
5960	WARM	8.14566584081	0.299285884836
7720	WARM	3.45252221086	0.133332924588
244	WARM	7.23328852254	0.268403355762
7519	WARM	6.3148591493	0.236643387542
61138	WARM	3.8967090464	0.149794625299
10430	WARM	4.45058585582	0.170100348449
21648	WARM	6.46276873101	0.241803797372
13187	WARM	4.13621420895	0.158605261165
12506	WARM	5.15659362358	0.195627561824
6998	WARM	11.6049242549	0.41032726341
8918	WARM	4.03087160018	0.154735693664
8091	WARM	4.27048628458	0.16352463014
62375	WARM	5.56736191235	0.210296269029
7593	WARM	2.31280462236	0.0903725588059
170833	WARM	6.3123171273	0.236554546086
16324	WARM	4.63821447556	0.176923365614
7768	WARM	3.25711656314	0.126041139203
526618	WARM	6.76823810405	0.252405905349
875	WARM	6.98334085079	0.259826814256
177	WARM	4.61401645057	0.1760449989
7991	WARM	4.50065516477	0.171923847826
7894	WARM	5.83311168075	0.219714390478
1001	WARM	5.56522566042	0.210220331756
263	WARM	4.54367064968	0.173488848798
7937	WARM	5.97546218244	0.22473602798
6276	WARM	5.1076479739	0.193870691826
6584	WARM	3.47194797621	0.134056149949
5362588	WARM	5.14353098	0.195158874823
18635	WARM	5.59390863864	0.211239620003
14514	WARM	7.55595109289	0.279401084948
5365049	WARM	5.69682268352	0.214891391866
8174	WARM	3.98872491639	0.153185026072
31249	WARM	6.44665901147	0.241242595495
61130	WARM	8.98288827217	0.327038618203
778574	WARM	4.76013321286	0.181341781233
9016	WARM	5.62607983742	0.212382083762
7967	WARM	4.75171590495	0.181037114581
12748	WARM	4.43358711332	0.169480806656
519539	WARM	6.68483871064	0.249518720991
7127	WARM	8.32867048866	0.305400118703
62572	WARM	3.74057787331	0.144026345802
2345	WARM	5.734952143	0.216242215287
807	WARM		
379	WARM	5.14617403503	0.195253718522
61771	WARM	6.20631836525	0.23284537955
6287	WARM	7.20701438663	0.267504152918
7795	WARM	4.60871370739	0.175852451481
565690	WARM	8.6574150299	0.316316267196
61337	WARM	8.63269491905	0.315498428136
14296	WARM	4.29851393211	0.164549668475
5779	WARM	6.31644705616	0.236698880881
7601	WARM	7.29825512548	0.270624393869
61192	WARM	8.8510411513	0.322705274267
8051	WARM	4.30758199175	0.164881174624
33032	WARM	5.42888371291	0.205366237169
8078	WARM	4.50697625814	0.172153916329
1032	WARM	4.40159249392	0.168314093164
7749	MUSKY	2.94361525455	0.114278661875
6137	MUSKY	9.97293465053	0.359133615804
5364729	MUSKY	8.24483629076	0.302602521446
22310	MUSKY	7.06041362716	0.262476768852
6753	MUSKY	7.80015452886	0.287669216885
16741	MUSKY	8.19641160679	0.30098399898
641423	MUSKY	11.1710693204	0.396925656912
10797	MUSKY	7.81814684931	0.288276505909
24834	MUSKY	4.62069243663	0.176287378027
8137	MUSKY	6.57867065972	0.245835263329
7151	MUSKY	7.43266149317	0.275208676978
243	MUSKY	8.52334176917	0.311874728801
5960	MUSKY	10.658196533	0.380888999986
7720	MUSKY	6.73355776217	0.251205990432
244	MUSKY	9.27888191001	0.3367162166
7519	MUSKY	9.61753922518	0.347702744708
61138	MUSKY	13.3914789358	0.463926474196
10430	MUSKY	13.4836733774	0.466623155996
21648	MUSKY	4.7259295846	0.180103419209
13187	MUSKY	6.39004292852	0.239268657689
12506	MUSKY	3.7291474847	0.143603283003
6998	MUSKY	8.93005016854	0.325303688337
8918	MUSKY	5.17803950586	0.196396742985
8091	MUSKY	5.24447445295	0.198777173203
62375	MUSKY	5.36086124285	0.202938916408
7593	MUSKY	15.6240472294	0.527317548444
170833	MUSKY	7.38112409016	0.273452566473
16324	MUSKY	4.08477549898	0.156716863608
7768	MUSKY	8.16458710611	0.299919291199
526618	MUSKY	10.1203069135	0.363844031731
875	MUSKY	9.43042927887	0.341643972601
177	MUSKY	12.6039796281	0.440615064138
7991	MUSKY	16.9076103503	0.561957498909
7894	MUSKY	12.8583789425	0.448199994088
1001	MUSKY	9.76277893172	0.352386416281
263	MUSKY	9.12863246089	0.331812526193
7937	MUSKY	10.4482432611	0.374263415548
6276	MUSKY	7.9949721056	0.294231052636
6584	MUSKY	9.97686880603	0.359259587772
5362588	MUSKY	6.07959527011	0.228399219345
18635	MUSKY	11.454441989	0.405695983049
14514	MUSKY	9.09797055581	0.330809594939
5365049	MUSKY	6.81433948715	0.253999490428
8174	MUSKY	4.98435009256	0.189436505364
31249	MUSKY	8.38348056427	0.307226124022
61130	MUSKY	2.810170561	0.109247999007
778574	MUSKY	6.42097725633	0.240347510683
9016	MUSKY	6.48796529796	0.242681134435
7967	MUSKY	9.8638398136	0.355635458197
12748	MUSKY	12.0853665989	0.424992229623
519539	MUSKY	8.78854315589	0.320646329914
7127	MUSKY	4.94442147689	0.187997937579
62572	MUSKY	3.16265890646	0.122505391715
2345	MUSKY	10.187769042	0.365994506459
807	MUSKY		
379	MUSKY	13.2535800903	0.459880249528
61771	MUSKY	4.15046906767	0.159128205314
6287	MUSKY	10.6542999245	0.380766354229
7795	MUSKY	8.00080386787	0.294427009702
565690	MUSKY	7.80557914469	0.287852339474
61337	MUSKY	9.02066133423	0.328277521006
14296	MUSKY	8.83965588397	0.3223304289
5779	MUSKY	11.6605309334	0.412034044677
7601	MUSKY	13.2023823983	0.458374135536
61192	MUSKY	5.45907256813	0.206442313403
8051	MUSKY	5.48675346201	0.207428353059
33032	MUSKY	8.32249836546	0.305194343001
8078	MUSKY	13.7231285937	0.473595440388
1032	MUSKY	13.8192490545	0.476381304407
7749	SWEATY	2.57068643831	0.100184086027
6137	SWEATY	6.34065575118	0.237544663905
5364729	SWEATY	2.86819333913	0.111437120353
22310	SWEATY	1.271462098	0.0502118375734
6753	SWEATY	1.79768550043	0.0706147507537
16741	SWEATY	5.29211659321	0.200482064514
641423	SWEATY	4.83031611309	0.183879863023
10797	SWEATY	5.08672353138	0.193119038741
24834	SWEATY	2.28004584764	0.0891223902787
8137	SWEATY	3.90327882787	0.150036918872
7151	SWEATY	3.46425558092	0.133769796545
243	SWEATY	4.07548738269	0.156375656345
5960	SWEATY	4.49043076938	0.171551643377
7720	SWEATY	1.39031817979	0.0548395333353
244	SWEATY	4.31215410021	0.165048294815
7519	SWEATY	1.95872969896	0.0768145391449
61138	SWEATY	3.46836180082	0.1339226586
10430	SWEATY	14.3735397343	0.492302131575
21648	SWEATY	1.71569633538	0.0674504078491
13187	SWEATY	2.67358523228	0.104084186094
12506	SWEATY	0.998750230373	0.0395510084059
6998	SWEATY	2.57029812395	0.10016935198
8918	SWEATY	4.12354952366	0.158140516677
8091	SWEATY	1.17852424286	0.0465854019581
62375	SWEATY	1.63121650009	0.0641843130954
7593	SWEATY	8.30575159312	0.304635859914
170833	SWEATY	0.618991785514	0.0246064110883
16324	SWEATY	2.2117414013	0.0865129360415
7768	SWEATY	2.03308606297	0.0796700669429
526618	SWEATY	3.7732173647	0.145233826876
875	SWEATY	5.41082649151	0.204722242332
177	SWEATY	9.10414115645	0.331011491779
7991	SWEATY	10.9676304461	0.390589650803
7894	SWEATY	4.61993564849	0.176259903781
1001	SWEATY	3.71725205558	0.143162897085
263	SWEATY	5.65440725707	0.213387361711
7937	SWEATY	3.35426559152	0.129670184597
6276	SWEATY	2.67040864059	0.103963912701
6584	SWEATY	5.4099684127	0.204691633217
5362588	SWEATY	5.38318532502	0.203735939304
18635	SWEATY	8.11509178319	0.298261785468
14514	SWEATY	3.04348304098	0.118034206031
5365049	SWEATY	3.30668419037	0.127893703481
8174	SWEATY	3.51674487948	0.13572279736
31249	SWEATY	2.82545811284	0.109825039094
61130	SWEATY	0.423599773069	0.0168722162156
778574	SWEATY	5.09709833812	0.193491768937
9016	SWEATY	2.35135452796	0.091842633872
7967	SWEATY	2.93312528713	0.113883721905
12748	SWEATY	3.76418102948	0.14489961765
519539	SWEATY	4.98028180576	0.189289989485
7127	SWEATY	1.95294944555	0.0765923732071
62572	SWEATY	5.35057259649	0.202571453015
2345	SWEATY	4.02697104138	0.154592243348
807	SWEATY		
379	SWEATY	4.59424467341	0.175326953289
61771	SWEATY	1.55132790945	0.0610904690651
6287	SWEATY	11.8076902126	0.416538989242
7795	SWEATY	6.70136809706	0.250091390134
565690	SWEATY	3.66083865806	0.14107285045
61337	SWEATY	5.34612232574	0.202412483461
14296	SWEATY	3.21774236948	0.124568148397
5779	SWEATY	3.22795850557	0.124950453777
7601	SWEATY	9.81473157354	0.354057680597
61192	SWEATY	4.65918475827	0.177684189286
8051	SWEATY	2.34050349967	0.0914289573341
33032	SWEATY	8.85328483369	0.322779132409
8078	SWEATY	9.23904297728	0.335417753037
1032	SWEATY	7.72518207584	0.285135907792
7749	AMMONIA/URINOUS	7.18325984171	0.266690704887
6137	AMMONIA/URINOUS	2.84634991232	0.110613313363
5364729	AMMONIA/URINOUS	3.4660626268	0.133837069019
22310	AMMONIA/URINOUS	3.10387617405	0.12030142804
6753	AMMONIA/URINOUS	5.95718517451	0.224092184899
16741	AMMONIA/URINOUS	5.09796384018	0.193522859481
641423	AMMONIA/URINOUS	2.11794266729	0.0829234342348
10797	AMMONIA/URINOUS	5.95271356706	0.223934623158
24834	AMMONIA/URINOUS	4.1418304048	0.158811312551
8137	AMMONIA/URINOUS	3.62638238543	0.139795035735
7151	AMMONIA/URINOUS	3.04454555364	0.118074119094
243	AMMONIA/URINOUS	8.89227306394	0.32406191446
5960	AMMONIA/URINOUS	4.7633832737	0.181459402863
7720	AMMONIA/URINOUS	8.55967192551	0.313079683632
244	AMMONIA/URINOUS	8.97292662969	0.326711700267
7519	AMMONIA/URINOUS	9.49255982535	0.343658916199
61138	AMMONIA/URINOUS	5.83850066415	0.219904790564
10430	AMMONIA/URINOUS	9.41839526305	0.34125334279
21648	AMMONIA/URINOUS	10.6756757493	0.38143900889
13187	AMMONIA/URINOUS	5.26163880362	0.199391614985
12506	AMMONIA/URINOUS	4.7045315121	0.179328213785
6998	AMMONIA/URINOUS	7.20710827372	0.267507367081
8918	AMMONIA/URINOUS	6.09333185943	0.228881797118
8091	AMMONIA/URINOUS	1.84522580784	0.0724470890008
62375	AMMONIA/URINOUS	5.14525171442	0.195220622495
7593	AMMONIA/URINOUS	10.5429156126	0.377255396658
170833	AMMONIA/URINOUS	6.96364317464	0.25914879648
16324	AMMONIA/URINOUS	1.6727645715	0.0657913263354
7768	AMMONIA/URINOUS	12.0809049536	0.424856892344
526618	AMMONIA/URINOUS	5.25215746737	0.19905223547
875	AMMONIA/URINOUS	2.33630987856	0.091269057603
177	AMMONIA/URINOUS	7.35038289182	0.27240406421
7991	AMMONIA/URINOUS	8.45920781244	0.309745033772
7894	AMMONIA/URINOUS	7.725922834	0.285160959905
1001	AMMONIA/URINOUS	5.52329823467	0.208729200031
263	AMMONIA/URINOUS	7.82888898943	0.288638958454
7937	AMMONIA/URINOUS	5.4745183223	0.206992592548
6276	AMMONIA/URINOUS	9.35172991503	0.33908725564
6584	AMMONIA/URINOUS	5.60468615765	0.211622443536
5362588	AMMONIA/URINOUS	2.9582898044	0.114831000749
18635	AMMONIA/URINOUS	5.34624193563	0.202416756292
14514	AMMONIA/URINOUS	6.44589132821	0.241215847122
5365049	AMMONIA/URINOUS	1.84121747445	0.0722926662625
8174	AMMONIA/URINOUS	7.92819808603	0.291985393485
31249	AMMONIA/URINOUS	3.17118718608	0.122824916176
61130	AMMONIA/URINOUS	8.70697088649	0.317954298652
778574	AMMONIA/URINOUS	3.74951439774	0.144357032622
9016	AMMONIA/URINOUS	6.85259282412	0.2553205016
7967	AMMONIA/URINOUS	10.5631587214	0.377894219986
12748	AMMONIA/URINOUS	4.92184317524	0.187183910913
519539	AMMONIA/URINOUS	6.1638770724	0.231357730671
7127	AMMONIA/URINOUS	2.04054481261	0.0799562632513
62572	AMMONIA/URINOUS	3.60315545856	0.138933126639
2345	AMMONIA/URINOUS	6.55351840767	0.244961294899
807	AMMONIA/URINOUS		
379	AMMONIA/URINOUS	9.99144975336	0.359726362865
61771	AMMONIA/URINOUS	8.5359709904	0.312293719317
6287	AMMONIA/URINOUS	6.3197755523	0.236815196879
7795	AMMONIA/URINOUS	2.72075851388	0.105869329799
565690	AMMONIA/URINOUS	7.54224606101	0.278935652183
61337	AMMONIA/URINOUS	3.79007420872	0.145857103346
14296	AMMONIA/URINOUS	5.04554099892	0.191638646368
5779	AMMONIA/URINOUS	3.8207080716	0.146989198796
7601	AMMONIA/URINOUS	9.50740929705	0.344140039265
61192	AMMONIA/URINOUS	8.0865775492	0.297306007384
8051	AMMONIA/URINOUS	7.26365043062	0.269441770194
33032	AMMONIA/URINOUS	2.45614617899	0.0958327855384
8078	AMMONIA/URINOUS	10.4017297974	0.372790798784
1032	AMMONIA/URINOUS	2.99950696945	0.116381461954
7749	DECAYED	3.44233833026	0.132953655938
6137	DECAYED	7.48349822538	0.276938830739
5364729	DECAYED	3.2315494228	0.125084812243
22310	DECAYED	2.29974435768	0.0898742446629
6753	DECAYED	3.76720604229	0.145011505146
16741	DECAYED	6.01870470588	0.2262582657
641423	DECAYED	3.76606669782	0.144969364564
10797	DECAYED	8.48108890223	0.310472008502
24834	DECAYED	2.50463937066	0.0976762874755
8137	DECAYED	3.7966544589	0.146100344324
7151	DECAYED	3.37068020489	0.130282614178
243	DECAYED	2.92104201268	0.113428685931
5960	DECAYED	7.26508057061	0.269490664545
7720	DECAYED	5.00628161279	0.190226122277
244	DECAYED	4.57332280017	0.174566799433
7519	DECAYED	3.3007980756	0.12767381585
61138	DECAYED	5.99055465975	0.225267488337
10430	DECAYED	6.91981583322	0.257639092863
21648	DECAYED	2.75300141943	0.107088450051
13187	DECAYED	4.47753184065	0.171081957072
12506	DECAYED	2.46829176499	0.0962946849047
6998	DECAYED	3.66223572054	0.141124640633
8918	DECAYED	3.28651248127	0.127140033535
8091	DECAYED	2.85654928794	0.110998021984
62375	DECAYED	4.16319681759	0.159594989607
7593	DECAYED	4.78162356547	0.18211937305
170833	DECAYED	5.87324001805	0.221131621398
16324	DECAYED	5.64626023336	0.213098307485
7768	DECAYED	4.130140127	0.158382382093
526618	DECAYED	11.1118980571	0.39508621091
875	DECAYED	8.36914250676	0.306748681751
177	DECAYED	6.15871213817	0.231176591447
7991	DECAYED	9.60903480291	0.347427972179
7894	DECAYED	2.69960551129	0.105069072485
1001	DECAYED	5.33036242909	0.201849391714
263	DECAYED	4.2860698136	0.164094634765
7937	DECAYED	5.91385494041	0.222564725514
6276	DECAYED	5.29900015262	0.200728245058
6584	DECAYED	8.08556084701	0.297271916196
5362588	DECAYED	4.34621419012	0.16629273649
18635	DECAYED	12.5079852659	0.437739532471
14514	DECAYED	8.38212317737	0.307180931511
5365049	DECAYED	5.20719722948	0.197441927985
8174	DECAYED	4.05104164517	0.155477290443
31249	DECAYED	2.00484396003	0.0785859986795
61130	DECAYED	4.01595017289	0.154186864599
778574	DECAYED	8.44122436727	0.309147267164
9016	DECAYED	2.73616346539	0.106451902412
7967	DECAYED	4.65257805323	0.177444529113
12748	DECAYED	6.36166261473	0.2382782041
519539	DECAYED	6.17224568997	0.231651180856
7127	DECAYED	1.80762024218	0.0709978133111
62572	DECAYED	2.27426543505	0.0889017040942
2345	DECAYED	2.16737872921	0.0848161369459
807	DECAYED		
379	DECAYED	6.72639013258	0.250957875617
61771	DECAYED	4.37743897301	0.167432770135
6287	DECAYED	5.62742261105	0.212429750345
7795	DECAYED	6.57674365664	0.245768323415
565690	DECAYED	2.15129591914	0.0842006071129
61337	DECAYED	3.29559086048	0.127479266771
14296	DECAYED	8.31891665408	0.305074916444
5779	DECAYED	8.43586529832	0.3089690826
7601	DECAYED	4.14277251002	0.158845874773
61192	DECAYED	4.65280897709	0.177452906533
8051	DECAYED	5.09085766838	0.193267574015
33032	DECAYED	8.58629567532	0.313962037643
8078	DECAYED	12.0602613087	0.424230491215
1032	DECAYED	7.75861796345	0.286266257457
7749	WOOD	0.898222972342	0.0356061970905
6137	WOOD	3.94231158161	0.151475735022
5364729	WOOD	1.94596023405	0.076323704869
22310	WOOD	5.16809463374	0.196040104492
6753	WOOD	7.17873665215	0.266535762118
16741	WOOD	3.44574696158	0.133080609614
641423	WOOD	2.33035779855	0.0910420849542
10797	WOOD	2.12990563967	0.0833816263734
24834	WOOD	1.84103400769	0.0722855978204
8137	WOOD	4.17048456903	0.159862206145
7151	WOOD	3.23301303855	0.125139572219
243	WOOD	1.58002562716	0.0622024326932
5960	WOOD	5.07833840809	0.192817727929
7720	WOOD	2.94175443772	0.11420860984
244	WOOD	2.59409827761	0.101072192755
7519	WOOD	3.06494495292	0.118840243091
61138	WOOD	1.5690989024	0.0617791275497
10430	WOOD	1.30240107331	0.0514175435099
21648	WOOD	2.04584140759	0.0801594694776
13187	WOOD	2.57588950323	0.100381497436
12506	WOOD	1.65325952957	0.0650370743538
6998	WOOD	1.60558987161	0.06319242733
8918	WOOD	3.95681667222	0.152010107618
8091	WOOD	1.58620724623	0.062441868478
62375	WOOD	4.68316311398	0.178553717858
7593	WOOD	4.17922257466	0.160182542455
170833	WOOD	5.19071795765	0.19685129714
16324	WOOD	1.43534548604	0.0565897327759
7768	WOOD	3.17619211058	0.123012405894
526618	WOOD	4.61172047544	0.17596163272
875	WOOD	4.1227455131	0.158111008298
177	WOOD	4.5556864564	0.17392574662
7991	WOOD	1.7999584599	0.0707023982131
7894	WOOD	3.4261448974	0.132350408353
1001	WOOD	3.21152306182	0.124335370322
263	WOOD	4.51161681156	0.172322797961
7937	WOOD	6.37136956463	0.238617042534
6276	WOOD	4.49886350936	0.171858631224
6584	WOOD	2.09714974575	0.0821267750075
5362588	WOOD	2.8574435204	0.111031747427
18635	WOOD	4.693945825	0.178944582037
14514	WOOD	5.90819386225	0.222365052604
5365049	WOOD	1.94856899965	0.0764239915276
8174	WOOD	3.56713278473	0.137595536868
31249	WOOD	1.69396955557	0.0666109690806
61130	WOOD	3.55677718199	0.137210821711
778574	WOOD	2.00454139463	0.0785743813042
9016	WOOD	4.17987822494	0.160206576208
7967	WOOD	3.53487945394	0.136397029056
12748	WOOD	3.80621197909	0.146453579312
519539	WOOD	3.59963667285	0.138802513243
7127	WOOD	3.39401905111	0.131153015917
62572	WOOD	0.942349960937	0.0373387890579
2345	WOOD	2.43035300962	0.0948514740844
807	WOOD		
379	WOOD	3.51282679311	0.135577090893
61771	WOOD	3.88660862588	0.149422054391
6287	WOOD	3.69111677258	0.142194933692
7795	WOOD	1.46132064972	0.0575986427724
565690	WOOD	5.28983616897	0.200400500081
61337	WOOD	2.7605695435	0.107374484058
14296	WOOD	7.78557488707	0.287176924954
5779	WOOD	5.0221209804	0.190796159559
7601	WOOD	3.23193497714	0.125099237607
61192	WOOD	2.22732551635	0.0871086290717
8051	WOOD	2.01052028824	0.0788039347978
33032	WOOD	4.64007095815	0.176990734927
8078	WOOD	1.8000877872	0.0707073850712
1032	WOOD	2.96663053168	0.115144862583
7749	GRASS	2.40591678863	0.0939212973079
6137	GRASS	3.13621374536	0.121514215152
5364729	GRASS	3.81652642697	0.146834707492
22310	GRASS	5.17458492217	0.19627286524
6753	GRASS	7.85720843283	0.289594047571
16741	GRASS	3.02665957776	0.11740211583
641423	GRASS	2.99724689115	0.116296480075
10797	GRASS	4.91144960574	0.186809049338
24834	GRASS	2.69065603258	0.104730389349
8137	GRASS	2.65704873014	0.103457986024
7151	GRASS	1.77149586224	0.0696045554536
243	GRASS	4.2618201739	0.163207562478
5960	GRASS	5.07899588344	0.192841355664
7720	GRASS	4.64110267266	0.177028173299
244	GRASS	3.90671395452	0.150163592612
7519	GRASS	2.94820263175	0.114451345767
61138	GRASS	3.4843696201	0.134518452144
10430	GRASS	1.86511706349	0.0732132178755
21648	GRASS	2.44393955884	0.0953684461265
13187	GRASS	1.4877389146	0.0586242097526
12506	GRASS	2.82839999425	0.109936061159
6998	GRASS	1.38152685493	0.0544976276168
8918	GRASS	3.09449937337	0.119949604386
8091	GRASS	2.84823685936	0.110684493092
62375	GRASS	4.59412215462	0.175322502836
7593	GRASS	3.32409289422	0.128543878341
170833	GRASS	6.40048849327	0.23963303855
16324	GRASS	2.17486678005	0.0851026529974
7768	GRASS	1.10772883295	0.0438183280511
526618	GRASS	1.68693109046	0.0663389490169
875	GRASS	2.39286404417	0.0934242424332
177	GRASS	3.14358569661	0.121790575452
7991	GRASS	0.725104811675	0.0287938816719
7894	GRASS	1.64082558977	0.0645561001444
1001	GRASS	3.63865314854	0.140250207247
263	GRASS	7.98046253625	0.293743388533
7937	GRASS	3.09851126116	0.120100141632
6276	GRASS	10.184339508	0.365885271835
6584	GRASS	3.53307243733	0.136329857154
5362588	GRASS	6.42926519235	0.240636427328
18635	GRASS	2.27988559256	0.0891162723765
14514	GRASS	2.97057758626	0.115293370972
5365049	GRASS	17.8859084477	0.587474049508
8174	GRASS	5.89760893951	0.221991641099
31249	GRASS	1.09947895289	0.0434956165283
61130	GRASS	7.55482333912	0.279362791291
778574	GRASS	1.9543415613	0.0766458820766
9016	GRASS	2.8320498612	0.110073791882
7967	GRASS	1.17527262492	0.0464583986995
12748	GRASS	2.95581514128	0.114737868391
519539	GRASS	3.64662956091	0.140546019575
7127	GRASS	1.84078020416	0.0722758194623
62572	GRASS	1.9757517595	0.0774686323741
2345	GRASS	4.78948274786	0.182403651918
807	GRASS		
379	GRASS	1.5532066282	0.0611632847959
61771	GRASS	3.39529037934	0.13120041647
6287	GRASS	3.16581002638	0.122623459806
7795	GRASS	2.06538557873	0.0809090961135
565690	GRASS	8.90451168443	0.324464336042
61337	GRASS	2.75600923943	0.107202134806
14296	GRASS	5.42965721302	0.205393817541
5779	GRASS	2.6063722107	0.101537617988
7601	GRASS	2.17339730903	0.085046430016
61192	GRASS	4.80937885839	0.183123104334
8051	GRASS	2.42344983097	0.0945887496055
33032	GRASS	3.81266164306	0.1466919102
8078	GRASS	1.85735729074	0.0729143811875
1032	GRASS	2.00123399678	0.0784473848672
7749	FLOWER	6.69941763927	0.250023826889
6137	FLOWER	2.02404233315	0.0793229943794
5364729	FLOWER	6.97608451642	0.259577078585
22310	FLOWER	5.37647095901	0.203496262371
6753	FLOWER	12.9370526586	0.450535173747
16741	FLOWER	8.59501331996	0.31425083121
641423	FLOWER	7.04773987248	0.262041339975
10797	FLOWER	2.35940771961	0.0921495868694
24834	FLOWER	7.59618364347	0.280766543361
8137	FLOWER	9.05597164521	0.329434616833
7151	FLOWER	3.16288606942	0.122513903461
243	FLOWER	5.33532738095	0.202026807933
5960	FLOWER	2.69977749155	0.105075580261
7720	FLOWER	3.87546109539	0.149010764335
244	FLOWER	13.1024448268	0.455428168895
7519	FLOWER	4.78664929015	0.182301167035
61138	FLOWER	2.91767842392	0.113301998003
10430	FLOWER	4.01977031311	0.154327391176
21648	FLOWER	7.99614080111	0.29427032496
13187	FLOWER	7.25634216586	0.269191885983
12506	FLOWER	7.00306779817	0.260505528493
6998	FLOWER	10.2850054866	0.36908768432
8918	FLOWER	9.07586390418	0.330086033924
8091	FLOWER	11.5212277531	0.407753634547
62375	FLOWER	6.79809060505	0.253438009852
7593	FLOWER	13.4763834693	0.466410174208
170833	FLOWER	7.93009819802	0.292049344949
16324	FLOWER	6.83018303579	0.254546761311
7768	FLOWER	2.24661324578	0.0878456214006
526618	FLOWER	2.14091812751	0.0838033129291
875	FLOWER	3.24358519793	0.125535069943
177	FLOWER	3.21335578481	0.124403969232
7991	FLOWER	3.06264759527	0.118753979694
7894	FLOWER	5.45696783431	0.206367314195
1001	FLOWER	21.4077298156	0.672992834281
263	FLOWER	6.93241978611	0.258073413808
7937	FLOWER	2.49157454166	0.0971798041877
6276	FLOWER	9.00332537247	0.327709067794
6584	FLOWER	3.22735314806	0.124927802585
5362588	FLOWER	5.93925524573	0.22346030868
18635	FLOWER	1.02847716746	0.0407159805849
14514	FLOWER	5.44643553096	0.205991957241
5365049	FLOWER	7.21727008399	0.267855208374
8174	FLOWER	6.35709651403	0.238118790126
31249	FLOWER	4.02812653665	0.154634740108
61130	FLOWER	5.22892911505	0.198220484726
778574	FLOWER	4.66650884713	0.177949831957
9016	FLOWER	7.36139198104	0.272779642482
7967	FLOWER	1.82267763034	0.0715782437159
12748	FLOWER	1.73119811083	0.0680491056738
519539	FLOWER	3.21086129965	0.124310599872
7127	FLOWER	6.95469278543	0.258840610721
62572	FLOWER	5.15317769353	0.195505011605
2345	FLOWER	14.4845917219	0.495462309936
807	FLOWER		
379	FLOWER	5.68790117218	0.21457515899
61771	FLOWER	9.36517009953	0.339524239584
6287	FLOWER	2.9579933102	0.114819842639
7795	FLOWER	9.47020740707	0.34293436495
565690	FLOWER	10.6321507761	0.380068978992
61337	FLOWER	6.47212601416	0.242129674509
14296	FLOWER	2.71612132296	0.105693926902
5779	FLOWER	6.36578767878	0.238422206043
7601	FLOWER	15.5921935852	0.526441143089
61192	FLOWER	5.16508696224	0.195932229159
8051	FLOWER	6.46794291599	0.241984002414
33032	FLOWER	3.48395887091	0.134503167071
8078	FLOWER	5.87696936157	0.221263266912
1032	FLOWER	4.02491174731	0.154516504063
7749	CHEMICAL	15.09608775	0.512686763858
6137	CHEMICAL	8.139281704	0.299072105497
5364729	CHEMICAL	14.1278817797	0.485276453755
22310	CHEMICAL	15.9874233961	0.537257853106
6753	CHEMICAL	14.7449234694	0.502831831528
16741	CHEMICAL	13.9074861348	0.478932177157
641423	CHEMICAL	9.15747701501	0.332755326488
10797	CHEMICAL	27.9300192251	0.805166379438
24834	CHEMICAL	19.4854428722	0.627544721318
8137	CHEMICAL	8.95663286182	0.326176805584
7151	CHEMICAL	12.3250903846	0.432240474189
243	CHEMICAL	14.3486420737	0.491592271206
5960	CHEMICAL	11.2199436132	0.398442890653
7720	CHEMICAL	31.5200934771	0.863397221962
244	CHEMICAL	22.502052591	0.697545155317
7519	CHEMICAL	27.4359021409	0.796344595121
61138	CHEMICAL	9.9515940615	0.358450072714
10430	CHEMICAL	11.6184697249	0.410743253497
21648	CHEMICAL	17.9571370809	0.58930197438
13187	CHEMICAL	18.196594765	0.595417366184
12506	CHEMICAL	12.6255028413	0.441258784853
6998	CHEMICAL	22.3980253589	0.695252398364
8918	CHEMICAL	15.1627436257	0.514546227325
8091	CHEMICAL	10.2993672288	0.369543903026
62375	CHEMICAL	19.9710956357	0.639305961073
7593	CHEMICAL	13.9727319109	0.480814381616
170833	CHEMICAL	27.6923706209	0.800947868595
16324	CHEMICAL	9.14037382683	0.332196379595
7768	CHEMICAL	22.085943778	0.688322186093
526618	CHEMICAL	14.4258627281	0.493792302943
875	CHEMICAL	12.4769012203	0.436806823189
177	CHEMICAL	14.9601343944	0.508883127337
7991	CHEMICAL	18.4458148621	0.601733360112
7894	CHEMICAL	16.0832845805	0.539862566061
1001	CHEMICAL	16.7981962874	0.559056092092
263	CHEMICAL	30.3688675826	0.845847456005
7937	CHEMICAL	25.9029971195	0.76773378087
6276	CHEMICAL	17.2907766055	0.572042681972
6584	CHEMICAL	11.5314450018	0.408068110541
5362588	CHEMICAL	25.5248662329	0.760387130834
18635	CHEMICAL	10.8366280892	0.386492120231
14514	CHEMICAL	17.5052985064	0.577637749936
5365049	CHEMICAL	9.7318955678	0.351391906175
8174	CHEMICAL	32.3612462006	0.875549745762
31249	CHEMICAL	11.5150890399	0.407564651357
61130	CHEMICAL	24.1875835015	0.733487661802
778574	CHEMICAL	10.0903067816	0.362886554885
9016	CHEMICAL	20.71833162	0.657033558754
7967	CHEMICAL	37.9880697279	0.942285412455
12748	CHEMICAL	10.0432332294	0.361382715696
519539	CHEMICAL	19.8423021606	0.636205304411
7127	CHEMICAL	14.8976032584	0.507128697197
62572	CHEMICAL	9.42823074974	0.341572615962
2345	CHEMICAL	11.5009511116	0.407129293876
807	CHEMICAL		
379	CHEMICAL	23.0018426627	0.708439800157
61771	CHEMICAL	28.119749498	0.808501855188
6287	CHEMICAL	8.56463175002	0.313244103195
7795	CHEMICAL	20.4226558583	0.650072285409
565690	CHEMICAL	15.9555347521	0.536389754394
61337	CHEMICAL	12.7410543251	0.444708386878
14296	CHEMICAL	13.5821516422	0.469496128396
5779	CHEMICAL	12.2586039355	0.43023480924
7601	CHEMICAL	11.3428421581	0.402249659035
61192	CHEMICAL	15.8709042928	0.534081930485
8051	CHEMICAL	23.7971518767	0.725364300092
33032	CHEMICAL	8.93890959283	0.32559474183
8078	CHEMICAL	18.9491558248	0.614338030402
1032	CHEMICAL	8.85103960272	0.322705223289
