#oID	descriptor	value	sigma
7749	INTENSITY/STRENGTH	52.9489795918	0.996521407747
6137	INTENSITY/STRENGTH	30.3653061224	0.845791518534
5364729	INTENSITY/STRENGTH	43.4612244898	0.982897765931
22310	INTENSITY/STRENGTH	45.5591836735	0.992111660142
6753	INTENSITY/STRENGTH	36.4346938775	0.926392987922
16741	INTENSITY/STRENGTH	65.5367346939	0.90344395002
641423	INTENSITY/STRENGTH	43.0704081633	0.98079230279
24834	INTENSITY/STRENGTH	64.2673469388	0.918577124531
8137	INTENSITY/STRENGTH	46.8653061224	0.996069477718
7151	INTENSITY/STRENGTH	68.0693877551	0.869398890462
243	INTENSITY/STRENGTH	64.2428571429	0.918856408163
5960	INTENSITY/STRENGTH	30.9	0.854076
7720	INTENSITY/STRENGTH	65.3326530612	0.905963900042
244	INTENSITY/STRENGTH	57.3510204082	0.978384999584
7519	INTENSITY/STRENGTH	77.1428571429	0.705306122449
61138	INTENSITY/STRENGTH	22.4693877551	0.696826155768
21648	INTENSITY/STRENGTH	62.1591836735	0.940861700958
13187	INTENSITY/STRENGTH	57.6489795918	0.976597244481
12506	INTENSITY/STRENGTH	53.7755102041	0.99429820908
6998	INTENSITY/STRENGTH	61.2877551021	0.949034633902
8918	INTENSITY/STRENGTH	34.093877551	0.898798107455
8091	INTENSITY/STRENGTH	49.5571428571	0.99992155102
62375	INTENSITY/STRENGTH	62.2979591837	0.939504079967
7593	INTENSITY/STRENGTH	44.6836734694	0.988694668888
170833	INTENSITY/STRENGTH	45.0142857143	0.990057061224
16324	INTENSITY/STRENGTH	57.5775510204	0.977032288213
7768	INTENSITY/STRENGTH	38.6367346939	0.948350480633
875	INTENSITY/STRENGTH	25.4918367347	0.759739973345
177	INTENSITY/STRENGTH	22.5836734694	0.699338015827
1001	INTENSITY/STRENGTH	41.9306122449	0.973953992503
7937	INTENSITY/STRENGTH	54.9693877551	0.990122074136
6276	INTENSITY/STRENGTH	56.55	0.982839
6584	INTENSITY/STRENGTH	53.112244898	0.996125572678
14514	INTENSITY/STRENGTH	68.9795918368	0.855910037484
5365049	INTENSITY/STRENGTH	60.7224489796	0.954011635152
8174	INTENSITY/STRENGTH	32.3857142857	0.87589477551
31249	INTENSITY/STRENGTH	56.5775510204	0.98269432903
778574	INTENSITY/STRENGTH	33.8653061225	0.895868661391
7967	INTENSITY/STRENGTH	32.581632653	0.878640191587
12748	INTENSITY/STRENGTH	51.3326530612	0.999289614327
519539	INTENSITY/STRENGTH	70.8959183673	0.825344238234
7127	INTENSITY/STRENGTH	48.1346938775	0.998608253228
62572	INTENSITY/STRENGTH	69.8918367347	0.841725932528
2345	INTENSITY/STRENGTH	38.6959183673	0.948887095377
807	INTENSITY/STRENGTH	40.3326530612	0.962616961266
379	INTENSITY/STRENGTH	61.7918367347	0.944381034569
61771	INTENSITY/STRENGTH	58.7265306122	0.969539065389
6287	INTENSITY/STRENGTH	36.7020408163	0.92926571262
7795	INTENSITY/STRENGTH	61.2336734694	0.949521832153
565690	INTENSITY/STRENGTH	23.55	0.720159
61337	INTENSITY/STRENGTH	52.6408163265	0.997210435652
14296	INTENSITY/STRENGTH	63.1612244898	0.930712867972
5779	INTENSITY/STRENGTH	42.0714285714	0.974855102041
7601	INTENSITY/STRENGTH	11.1816326531	0.397253742607
61192	INTENSITY/STRENGTH	54.906122449	0.990371985006
8051	INTENSITY/STRENGTH	75.8	0.733744
33032	INTENSITY/STRENGTH	19.4928571429	0.627725693878
8078	INTENSITY/STRENGTH	39.0959183673	0.952440401499
7749	VALENCE/PLEASANTNESS	50.2962866437	0.99996488569
6137	VALENCE/PLEASANTNESS	30.3613928571	0.845730043795
5364729	VALENCE/PLEASANTNESS	49.9807631161	0.999999851977
22310	VALENCE/PLEASANTNESS	53.1194672244	0.996107569694
6753	VALENCE/PLEASANTNESS	46.2784274098	0.994459958982
16741	VALENCE/PLEASANTNESS	16.9109157793	0.562045002175
641423	VALENCE/PLEASANTNESS	45.6778213061	0.992527508535
10797	VALENCE/PLEASANTNESS	34.9334794552	0.909199983469
24834	VALENCE/PLEASANTNESS	74.4878766826	0.760137558231
8137	VALENCE/PLEASANTNESS	46.269988345	0.994434805221
7151	VALENCE/PLEASANTNESS	47.390925177	0.997277091427
243	VALENCE/PLEASANTNESS	49.4784630102	0.999891199667
5960	VALENCE/PLEASANTNESS	51.9248279029	0.998518015018
7720	VALENCE/PLEASANTNESS	45.1387485293	0.990547293656
244	VALENCE/PLEASANTNESS	34.7672885835	0.907185801161
7519	VALENCE/PLEASANTNESS	34.1959146342	0.9000923543
61138	VALENCE/PLEASANTNESS	32.9668253968	0.883948385175
10430	VALENCE/PLEASANTNESS	40.8082902001	0.966204988382
21648	VALENCE/PLEASANTNESS	36.2518755328	0.924395629454
13187	VALENCE/PLEASANTNESS	59.6483691534	0.962763589072
12506	VALENCE/PLEASANTNESS	38.7685957961	0.949542223843
6998	VALENCE/PLEASANTNESS	51.9754505738	0.998439038012
8918	VALENCE/PLEASANTNESS	47.5742032493	0.99764620405
8091	VALENCE/PLEASANTNESS	50.6819647563	0.999813969628
62375	VALENCE/PLEASANTNESS	41.1867268716	0.968930486706
7593	VALENCE/PLEASANTNESS	55.2756957328	0.988866813814
170833	VALENCE/PLEASANTNESS	51.1923404255	0.999431329724
16324	VALENCE/PLEASANTNESS	43.8758333955	0.98499783336
7768	VALENCE/PLEASANTNESS	42.279819094	0.976159522711
526618	VALENCE/PLEASANTNESS	34.7030496454	0.906401323939
875	VALENCE/PLEASANTNESS	55.4526862391	0.988107285111
177	VALENCE/PLEASANTNESS	38.817496793	0.94998064881
7991	VALENCE/PLEASANTNESS	32.3721968195	0.875704222012
7894	VALENCE/PLEASANTNESS	53.6313168449	0.994725415189
1001	VALENCE/PLEASANTNESS	42.6023940345	0.978110170392
263	VALENCE/PLEASANTNESS	49.9627877238	0.999999446099
7937	VALENCE/PLEASANTNESS	34.1959146342	0.9000923543
6276	VALENCE/PLEASANTNESS	52.7029766981	0.997077566788
6584	VALENCE/PLEASANTNESS	50.4206584485	0.999929218588
5362588	VALENCE/PLEASANTNESS	39.3732522797	0.954828893155
18635	VALENCE/PLEASANTNESS	32.1231304452	0.872167013968
14514	VALENCE/PLEASANTNESS	41.2786036894	0.969574898557
5365049	VALENCE/PLEASANTNESS	53.4271408292	0.995301882295
8174	VALENCE/PLEASANTNESS	46.4167327045	0.994864078195
31249	VALENCE/PLEASANTNESS	60.6304764261	0.954797188382
61130	VALENCE/PLEASANTNESS	37.2513570104	0.93498884077
778574	VALENCE/PLEASANTNESS	52.9341666667	0.996556266389
9016	VALENCE/PLEASANTNESS	47.0571428571	0.996535836735
7967	VALENCE/PLEASANTNESS	32.1984037226	0.873241267991
12748	VALENCE/PLEASANTNESS	38.5301162982	0.947376707147
519539	VALENCE/PLEASANTNESS	35.844561078	0.91984941957
7127	VALENCE/PLEASANTNESS	47.0146778433	0.996435140648
62572	VALENCE/PLEASANTNESS	63.09763714	0.93138076054
2345	VALENCE/PLEASANTNESS	46.1184022593	0.993973279592
807	VALENCE/PLEASANTNESS		
379	VALENCE/PLEASANTNESS	33.3536538598	0.889159664073
61771	VALENCE/PLEASANTNESS	60.1994557823	0.958388440698
6287	VALENCE/PLEASANTNESS	44.8457448197	0.989373461414
7795	VALENCE/PLEASANTNESS	53.5040737003	0.995088587001
565690	VALENCE/PLEASANTNESS	54.8454365171	0.990608697983
61337	VALENCE/PLEASANTNESS	34.2219165927	0.900420833597
14296	VALENCE/PLEASANTNESS	36.6715279637	0.928940733271
5779	VALENCE/PLEASANTNESS	40.7958333333	0.966113326389
7601	VALENCE/PLEASANTNESS	55.7810062582	0.986631986657
61192	VALENCE/PLEASANTNESS	29.8755085034	0.838001936801
8051	VALENCE/PLEASANTNESS	50.3302931111	0.999956362584
33032	VALENCE/PLEASANTNESS	39.6331717687	0.957011548969
8078	VALENCE/PLEASANTNESS	53.0114328101	0.996372508972
1032	VALENCE/PLEASANTNESS	48.5571445838	0.999167267299
7749	BAKERY	1.59941955043	0.0629535248578
6137	BAKERY	6.4061207483	0.239829476715
5364729	BAKERY	1.94381309881	0.0762411602073
22310	BAKERY	4.91121444032	0.186800566701
6753	BAKERY	7.29106444829	0.270378729616
16741	BAKERY	4.76249396135	0.181427218961
641423	BAKERY	5.60261523632	0.211548890458
10797	BAKERY	1.47762535818	0.0582316636474
24834	BAKERY	30.6299956578	0.849921172714
8137	BAKERY	4.23861100923	0.162358111054
7151	BAKERY	5.70566971475	0.215204921832
243	BAKERY	2.344863876	0.0915952004013
5960	BAKERY	7.95242162082	0.292800460979
7720	BAKERY	1.41203802494	0.0556839804439
244	BAKERY	0.794658104925	0.0315337315955
7519	BAKERY	5.55146107069	0.20973095482
61138	BAKERY	2.26094781117	0.0883931584447
10430	BAKERY	2.16420239358	0.0846945869429
21648	BAKERY	1.70931965831	0.0672040768545
13187	BAKERY	2.70999632905	0.105462221121
12506	BAKERY	2.82941697845	0.109974438963
6998	BAKERY	5.33386030018	0.201974385726
8918	BAKERY	0.454137115839	0.0180829884256
8091	BAKERY	1.93907281996	0.0760589114379
62375	BAKERY	3.05161204867	0.118339547508
7593	BAKERY	3.15198058447	0.122105230737
170833	BAKERY	1.81982070713	0.0714681293227
16324	BAKERY	2.77520630716	0.107927544267
7768	BAKERY	5.1967136045	0.197066211265
526618	BAKERY	5.35786189631	0.202831802212
875	BAKERY	6.68396596227	0.249488478097
177	BAKERY	1.24686829089	0.0492528594218
7991	BAKERY	1.17019077196	0.0462598923013
7894	BAKERY	2.20419501134	0.0862244101944
1001	BAKERY	2.56966365402	0.100145277643
263	BAKERY	2.65349250877	0.103323291353
7937	BAKERY	5.01006481255	0.190362292732
6276	BAKERY	1.85343500574	0.0727633117014
6584	BAKERY	0.945610689741	0.037466755759
5362588	BAKERY	3.73257750393	0.143730246228
18635	BAKERY	3.91550019778	0.150487551192
14514	BAKERY	3.23967058563	0.125388637224
5365049	BAKERY	2.70022269407	0.105092426724
8174	BAKERY	0.167465246968	0.00668739203516
31249	BAKERY	3.88335732556	0.149302107375
61130	BAKERY	2.46077573907	0.0960088626676
778574	BAKERY	1.47037692709	0.0579502737607
9016	BAKERY	3.41425207739	0.131907236196
7967	BAKERY	2.24327553419	0.0877181073187
12748	BAKERY	4.89859693878	0.186345376764
519539	BAKERY	4.67082358635	0.178106306264
7127	BAKERY	11.0674437467	0.393702425434
62572	BAKERY	3.27503087732	0.126710904194
2345	BAKERY	2.80918309101	0.109210719785
807	BAKERY		
379	BAKERY	5.5441375969	0.209470519199
61771	BAKERY	1.88494323137	0.0739765248607
6287	BAKERY	5.79507076192	0.218369692422
7795	BAKERY	2.5507050537	0.0994257636397
565690	BAKERY	1.79462198763	0.0704966122737
61337	BAKERY	5.99376139818	0.225380385648
14296	BAKERY	5.41815882116	0.204983774842
5779	BAKERY	5.36727538763	0.203167957471
7601	BAKERY	1.97159122874	0.0773087803604
61192	BAKERY	4.69026567597	0.178811190194
8051	BAKERY	1.77846687217	0.0698734971207
33032	BAKERY	5.13462585034	0.194839280964
8078	BAKERY	0.928233817388	0.0367847054876
1032	BAKERY	3.28871731555	0.127222427989
7749	SWEET	32.1406953295	0.872418094675
6137	SWEET	19.3344073423	0.62384857078
5364729	SWEET	8.93048625478	0.325318016293
22310	SWEET	8.41031148693	0.308119123754
6753	SWEET	5.63227361452	0.212601942153
16741	SWEET	17.1250252525	0.567694414141
641423	SWEET	19.4795465175	0.62740076769
10797	SWEET	7.12669333401	0.26475183021
24834	SWEET	48.0667475409	0.998505013972
8137	SWEET	12.1691206341	0.42752982656
7151	SWEET	11.1418743651	0.396018428858
243	SWEET	14.50183378	0.495952078007
5960	SWEET	9.29716146275	0.337311574004
7720	SWEET	10.2381464076	0.367597999557
244	SWEET	7.57034831539	0.279889863169
7519	SWEET	5.58424864451	0.210896412611
61138	SWEET	6.73273257129	0.251177427701
10430	SWEET	11.133804716	0.395767545659
21648	SWEET	22.8646613402	0.705469358326
13187	SWEET	27.7117237456	0.801293096643
12506	SWEET	5.44972183562	0.206109086191
6998	SWEET	30.8795151757	0.853762824033
8918	SWEET	15.3230427094	0.519003453227
8091	SWEET	21.9971311027	0.686335733409
62375	SWEET	6.09027942479	0.228774575603
7593	SWEET	8.0635732421	0.296534444312
170833	SWEET	9.08538932037	0.330397853174
16324	SWEET	20.3997528524	0.649530147519
7768	SWEET	9.62375541124	0.347903549163
526618	SWEET	9.53045113999	0.344886246027
875	SWEET	7.12592082589	0.264725333989
177	SWEET	6.656213358	0.248526463813
7991	SWEET	27.3449548678	0.794699572024
7894	SWEET	4.08039180673	0.15655583335
1001	SWEET	8.7751393534	0.320204345867
263	SWEET	13.43651986	0.465244768021
7937	SWEET	9.87591785952	0.356023212953
6276	SWEET	13.4511486896	0.465672587155
6584	SWEET	7.83297168518	0.288776689239
5362588	SWEET	23.825277728	0.725953565593
18635	SWEET	7.83450409452	0.288828382018
14514	SWEET	15.1147683505	0.513208245106
5365049	SWEET	14.6614837243	0.500475706973
8174	SWEET	9.53756383713	0.345116503906
31249	SWEET	31.0700760721	0.856663192033
61130	SWEET	8.78421804136	0.320503727015
778574	SWEET	19.2804755545	0.622524327136
9016	SWEET	14.1795657925	0.486758597274
7967	SWEET	9.57202380953	0.346231496457
12748	SWEET	4.94737403925	0.188104357616
519539	SWEET	9.74643831626	0.351860308709
7127	SWEET	27.6214723465	0.799680600025
62572	SWEET	41.8726382279	0.97357839625
2345	SWEET	13.0231836772	0.453086021852
807	SWEET		
379	SWEET	29.4835432846	0.831630001538
61771	SWEET	9.10659933128	0.331091912699
6287	SWEET	9.49927318295	0.343876450916
7795	SWEET	18.5979826504	0.605565322551
565690	SWEET	19.7797726258	0.63469514298
61337	SWEET	12.2740263505	0.430700364878
14296	SWEET	7.46624466624	0.276351862883
5779	SWEET	12.9799686826	0.451806912504
7601	SWEET	11.3491222339	0.402443859163
61192	SWEET	9.8761353193	0.356030193234
8051	SWEET	28.5058079787	0.81519988374
33032	SWEET	12.7550008576	0.445124015554
8078	SWEET	2.57440140648	0.100325039219
1032	SWEET	9.28071316004	0.336775871698
7749	FRUIT	18.2393631824	0.596504779576
6137	FRUIT	6.15073820754	0.230896896103
5364729	FRUIT	2.04255193171	0.0800332699108
22310	FRUIT	2.16516739655	0.0847315159201
6753	FRUIT	1.86585494646	0.0732416319857
16741	FRUIT	3.3363139452	0.129000161512
641423	FRUIT	8.46113645283	0.309809126084
10797	FRUIT	2.01879844961	0.0791217191125
24834	FRUIT	9.47200652228	0.342992697868
8137	FRUIT	8.20178886044	0.301163818213
7151	FRUIT	5.75227589926	0.216855564762
243	FRUIT	4.49619820487	0.171761608876
5960	FRUIT	4.53361280948	0.173123054337
7720	FRUIT	5.50061087486	0.207921746996
244	FRUIT	6.50457750325	0.243259288732
7519	FRUIT	3.79164160877	0.145915045915
61138	FRUIT	2.15701483158	0.0844195080695
10430	FRUIT	4.5105862133	0.172285293337
21648	FRUIT	12.1737690096	0.427670499625
13187	FRUIT	17.5404885934	0.578552047698
12506	FRUIT	10.8045980141	0.385488185264
6998	FRUIT	8.64986836159	0.316066645395
8918	FRUIT	4.62134688254	0.176311136498
8091	FRUIT	18.6446542376	0.606736916847
62375	FRUIT	3.28013804648	0.126901799618
7593	FRUIT	2.03449060475	0.0797239633818
170833	FRUIT	2.73027184568	0.106229120087
16324	FRUIT	15.4503334177	0.52252821562
7768	FRUIT	5.21875084846	0.197855889771
526618	FRUIT	0.890791459061	0.035314254593
875	FRUIT	6.54989057525	0.244835196391
177	FRUIT	2.1934078783	0.0858118998838
7991	FRUIT	3.65531094894	0.140867918704
7894	FRUIT	2.30920686456	0.0902353000451
1001	FRUIT	5.21870010526	0.197854071895
263	FRUIT	2.42092741936	0.0944927409463
7937	FRUIT	3.8839905646	0.149325469502
6276	FRUIT	5.7670436771	0.217378229975
6584	FRUIT	4.2194837802	0.161657733859
5362588	FRUIT	7.4162455401	0.27464954244
18635	FRUIT	2.63609095624	0.102664048038
14514	FRUIT	4.08687032615	0.156793809421
5365049	FRUIT	13.77596247	0.47512764201
8174	FRUIT	4.30603707507	0.164824700886
31249	FRUIT	27.6817185917	0.800757725992
61130	FRUIT	1.80815842115	0.0710185620956
778574	FRUIT	10.3214796037	0.370246007665
9016	FRUIT	4.00824101973	0.15390324236
7967	FRUIT	2.0754174397	0.0812937545685
12748	FRUIT	1.05864146248	0.0418973698007
519539	FRUIT	1.40484605663	0.0554044052882
7127	FRUIT	5.26860907124	0.199641066231
62572	FRUIT	32.4485339029	0.876778415137
2345	FRUIT	3.03917594982	0.117872401811
807	FRUIT		
379	FRUIT	22.259405455	0.692183765717
61771	FRUIT	6.7811800495	0.252853440835
6287	FRUIT	7.55247564546	0.279283070468
7795	FRUIT	11.1482586857	0.396216878739
565690	FRUIT	19.1758348321	0.61994833668
61337	FRUIT	10.2694438955	0.36859316465
14296	FRUIT	1.72187640627	0.0676891129074
5779	FRUIT	2.71730908298	0.105738855858
7601	FRUIT	4.51802562885	0.172556002921
61192	FRUIT	4.46976638995	0.170799130966
8051	FRUIT	7.37024057524	0.273081444555
33032	FRUIT	4.39289188016	0.167996675578
8078	FRUIT	0.612761623039	0.0243602741989
1032	FRUIT	1.67647307582	0.0659346982431
7749	FISH	1.7238119374	0.0677638664579
6137	FISH	2.46799231678	0.0962832982411
5364729	FISH	1.54352161928	0.0607878811755
22310	FISH	1.45000254694	0.0571590989232
6753	FISH	0.154524895064	0.0061714446253
16741	FISH	3.97372723283	0.152632886065
641423	FISH	0.609856227886	0.024245479268
10797	FISH	1.27362665819	0.050296216382
24834	FISH	1.49588273344	0.0589402432767
8137	FISH	0.580649080182	0.0230911018655
7151	FISH	0.729637681159	0.0289725587881
243	FISH	0.884186910299	0.035054761815
5960	FISH	0.364972318715	0.0145456108312
7720	FISH	0.113229587392	0.0045240551199
244	FISH	0.837041409978	0.0332014010703
7519	FISH	0.231755775655	0.00924874673036
61138	FISH	1.17054009124	0.0462735380073
10430	FISH	2.27062446718	0.0887626844988
21648	FISH	1.32155220685	0.0521634881799
13187	FISH	0.33095510991	0.0131943918825
12506	FISH	0.328507028893	0.0130971144085
6998	FISH	0.190973348961	0.00762434563045
8918	FISH	0.566291654082	0.0225233916683
8091	FISH	1.44902956795	0.0571213080427
62375	FISH	0.578870387501	0.0230207791298
7593	FISH	0.616224560806	0.0244970893485
170833	FISH	0.268541623966	0.0107128191171
16324	FISH	0.975476049485	0.0386384205701
7768	FISH	0.823210363968	0.0326573444374
526618	FISH	8.89656771799	0.324203141855
875	FISH	0.287486848258	0.0114664144552
177	FISH	0.979621262591	0.0388009873764
7991	FISH	1.63416982647	0.0642985886499
7894	FISH	3.42104978355	0.132160558693
1001	FISH	0.554224780025	0.0220461251583
263	FISH	1.52036111365	0.0598898453798
7937	FISH	0.341978228999	0.0136323495163
6276	FISH	1.34263911943	0.052984492855
6584	FISH	1.33218157476	0.0525773798911
5362588	FISH	0.40008586602	0.0159394071607
18635	FISH	4.6298595994	0.176620144012
14514	FISH	0.971863630138	0.0384967376393
5365049	FISH	1.37667446686	0.0543088856393
8174	FISH	0.10357173995	0.00413857875588
31249	FISH	1.23945324097	0.0489636319042
61130	FISH	0.536898250557	0.0213606261297
778574	FISH	0.654590297032	0.0260122164985
9016	FISH	0.348838652482	0.0139048707371
7967	FISH	0.667389040982	0.0265173983865
12748	FISH	2.8779836174	0.111806228815
519539	FISH	3.99479364082	0.15340839514
7127	FISH	0.577152730794	0.0229528671219
62572	FISH	0.981996324511	0.0388941262679
2345	FISH	1.73625089946	0.068244209104
807	FISH		
379	FISH	0.341998361	0.0136331492884
61771	FISH	0.978529469948	0.0387581708285
6287	FISH	0.7037574759	0.027952189202
7795	FISH	0.725551660019	0.0288114963162
565690	FISH	0.258481452771	0.0103125330463
61337	FISH	0.611076194458	0.0242936821321
14296	FISH	2.00664350847	0.0786550930707
5779	FISH	0.92164304374	0.0365259513896
7601	FISH	0.768503172258	0.03050388804
61192	FISH	3.72918750833	0.143604764544
8051	FISH	0.727158428211	0.0288748333765
33032	FISH	2.15005528255	0.0841531162149
8078	FISH	7.97613212638	0.293597811576
1032	FISH	1.57525015635	0.0620174410319
7749	GARLIC	1.42327898551	0.0561208701921
6137	GARLIC	8.21840136055	0.301719206053
5364729	GARLIC	2.45784229079	0.0958972961409
22310	GARLIC	2.47724348073	0.096635045124
6753	GARLIC	2.7413806339	0.106649158244
16741	GARLIC	8.65944510283	0.316383408318
641423	GARLIC	2.55655237068	0.0996477108176
10797	GARLIC	1.01202970967	0.0400715067333
24834	GARLIC	2.13756817843	0.0836750480504
8137	GARLIC	3.80729396897	0.146493563812
7151	GARLIC	2.86025303584	0.111137702462
243	GARLIC	1.9345912389	0.0758865922514
5960	GARLIC	3.22059287706	0.124674827691
7720	GARLIC	1.46632534409	0.0577929697578
244	GARLIC	2.24866778654	0.0879241087359
7519	GARLIC	2.2578233717	0.0882738283168
61138	GARLIC	5.74672550837	0.216659078708
10430	GARLIC	2.38783531549	0.0932327096221
21648	GARLIC	1.9396783414	0.0760821928286
13187	GARLIC	2.76869002769	0.10768134332
12506	GARLIC	3.94379525033	0.151530401622
6998	GARLIC	1.62756358357	0.0640429580555
8918	GARLIC	1.94402657807	0.0762493673884
8091	GARLIC	2.54239019431	0.0991101086122
62375	GARLIC	0.903387652115	0.0358090623846
7593	GARLIC	1.49555113317	0.0589273760501
170833	GARLIC	0.992020166736	0.0392871650649
16324	GARLIC	2.42264701822	0.0945581932988
7768	GARLIC	1.66402988351	0.0654535971589
526618	GARLIC	6.6915108494	0.249749906997
875	GARLIC	2.63018707483	0.102440329374
177	GARLIC	7.39612016909	0.273963769341
7991	GARLIC	1.5956102955	0.062806022934
7894	GARLIC	2.89966300163	0.112623301856
1001	GARLIC	1.05243081255	0.041654188256
263	GARLIC	4.79838866027	0.182725732917
7937	GARLIC	1.68046539922	0.0660890303855
6276	GARLIC	4.47919623177	0.171142569718
6584	GARLIC	6.45792851269	0.241635204238
5362588	GARLIC	1.58135947029	0.0622540997018
18635	GARLIC	7.3988498818	0.274056803443
14514	GARLIC	1.43398394688	0.0565368338911
5365049	GARLIC	1.49472228351	0.0588952134586
8174	GARLIC	0.706933339942	0.0280774316988
31249	GARLIC	2.42058766082	0.0944798085834
61130	GARLIC	4.26364756367	0.163274426328
778574	GARLIC	1.5212095406	0.0599227502374
9016	GARLIC	2.67661360769	0.104198840146
7967	GARLIC	1.85223079148	0.0727169280971
12748	GARLIC	6.8733411824	0.256036519692
519539	GARLIC	7.23526800215	0.268471078861
7127	GARLIC	2.6264781373	0.10229977053
62572	GARLIC	3.46482737315	0.133791083436
2345	GARLIC	1.02166911105	0.0404492413328
807	GARLIC		
379	GARLIC	2.60609279837	0.101527024065
61771	GARLIC	0.984742625045	0.0390018177868
6287	GARLIC	1.28019004525	0.0505520471892
7795	GARLIC	1.2107988569	0.0478455407272
565690	GARLIC	1.11284749356	0.0440185279248
61337	GARLIC	3.49545692422	0.134930989325
14296	GARLIC	3.22947856222	0.125007329775
5779	GARLIC	3.8292111248	0.147303301857
7601	GARLIC	2.36374055909	0.0923147145912
61192	GARLIC	2.61181495809	0.101743967373
8051	GARLIC	1.57277983349	0.0619217387776
33032	GARLIC	1.83603128639	0.0720928471017
8078	GARLIC	3.1156099594	0.120741588208
1032	GARLIC	2.96357151835	0.115029758276
7749	SPICES	4.15666130533	0.15935531893
6137	SPICES	3.87915479089	0.149147054879
5364729	SPICES	4.68839285714	0.178743303253
22310	SPICES	7.28584071167	0.270200238517
6753	SPICES	5.96099347327	0.224226361656
16741	SPICES	8.91022088678	0.324652020971
641423	SPICES	5.38779724386	0.203900546098
10797	SPICES	4.94650070482	0.188072880504
24834	SPICES	9.46378273618	0.342726035976
8137	SPICES	4.25714129528	0.163036351008
7151	SPICES	7.23384284752	0.268422320964
243	SPICES	5.1815716447	0.196523391904
5960	SPICES	7.22983357981	0.268285145756
7720	SPICES	8.84965155765	0.322659529229
244	SPICES	7.93421892418	0.292188024993
7519	SPICES	6.17176978201	0.231634494384
61138	SPICES	3.25615723938	0.126005265588
10430	SPICES	2.84612819133	0.110604949381
21648	SPICES	2.76637075134	0.1075937072
13187	SPICES	3.89419326241	0.14970183403
12506	SPICES	5.49913197299	0.207869097937
6998	SPICES	5.54979054041	0.209671551599
8918	SPICES	4.70402477852	0.179309851494
8091	SPICES	4.34889651964	0.16639070041
62375	SPICES	4.73027457315	0.180260783911
7593	SPICES	5.18800059154	0.196753883606
170833	SPICES	8.73482867784	0.318874254301
16324	SPICES	3.59719058314	0.138711711289
7768	SPICES	3.8617866193	0.148506106415
526618	SPICES	9.71802248667	0.350944915046
875	SPICES	5.09284896779	0.193339114468
177	SPICES	6.03810496214	0.226940713872
7991	SPICES	4.54344438607	0.173480620687
7894	SPICES	2.96866444749	0.115221390459
1001	SPICES	4.71435280845	0.179684063377
263	SPICES	9.55170078288	0.345574036177
7937	SPICES	6.12501003751	0.229994102317
6276	SPICES	8.23952565292	0.302425112923
6584	SPICES	6.00198086905	0.225669725021
5362588	SPICES	4.21460929014	0.161479199018
18635	SPICES	9.56363426018	0.345960130302
14514	SPICES	6.54161944566	0.244547663838
5365049	SPICES	3.73053044516	0.143654474846
8174	SPICES	2.40328863324	0.0938212268277
31249	SPICES	5.27816892959	0.199983130284
61130	SPICES	7.21128664193	0.267650403664
778574	SPICES	5.33161493669	0.201894150334
9016	SPICES	6.60046484333	0.246592139274
7967	SPICES	2.98524700467	0.115845200315
12748	SPICES	9.10072598209	0.330899753923
519539	SPICES	8.90790412352	0.324575862591
7127	SPICES	8.12496523158	0.298592585257
62572	SPICES	3.54760261957	0.136869911044
2345	SPICES	7.12970670667	0.264855181177
807	SPICES		
379	SPICES	3.20255313646	0.123999586822
61771	SPICES	8.56302626217	0.31319088298
6287	SPICES	4.69717995962	0.179061798556
7795	SPICES	4.40445827111	0.16841862978
565690	SPICES	6.20612630952	0.232838650873
61337	SPICES	6.82307379011	0.254301217226
14296	SPICES	6.40616329144	0.239830960411
5779	SPICES	6.6273572186	0.247525543263
7601	SPICES	6.4913255322	0.242798098422
61192	SPICES	8.44509473616	0.309275939405
8051	SPICES	2.92830384024	0.113702168257
33032	SPICES	8.84986111111	0.32266642777
8078	SPICES	2.09691075515	0.0821176163199
1032	SPICES	5.94100224113	0.223521886593
7749	COLD	2.95420501534	0.114677269704
6137	COLD	3.06793367347	0.118952460129
5364729	COLD	6.07542571284	0.228252709477
22310	COLD	5.86773993175	0.220937448507
6753	COLD	2.8167025224	0.109494575656
16741	COLD	6.56387071132	0.245321068967
641423	COLD	2.52981381913	0.0986325695813
10797	COLD	4.67313832866	0.178190244411
24834	COLD	7.25204626048	0.269044980433
8137	COLD	4.12347356476	0.158137728895
7151	COLD	3.89437342822	0.14970847937
243	COLD	5.66906279419	0.213907202582
5960	COLD	3.3512558072	0.129557866094
7720	COLD	4.71676051217	0.179771288595
244	COLD	3.25517135596	0.125968398016
7519	COLD	5.04769428424	0.191716084335
61138	COLD	3.42126291461	0.132168500612
10430	COLD	3.27846388584	0.126839225253
21648	COLD	5.99617620245	0.225465396478
13187	COLD	4.85049732132	0.184608963147
12506	COLD	1.81030052431	0.0711011457771
6998	COLD	5.05419478176	0.191949837314
8918	COLD	5.38920653465	0.203950842557
8091	COLD	6.78272421623	0.252906829532
62375	COLD	4.43348619259	0.169477127776
7593	COLD	3.91441106513	0.15044739701
170833	COLD	8.81737775203	0.321596649913
16324	COLD	5.66956336023	0.213924954931
7768	COLD	6.93371729734	0.25811811767
526618	COLD	3.52018375242	0.135850672636
875	COLD	2.87118899734	0.11155006939
177	COLD	6.37903209109	0.238884463476
7991	COLD	4.65593975469	0.177566480188
7894	COLD	7.24261458266	0.268722396909
1001	COLD	7.87076833261	0.290051135646
263	COLD	5.29583655083	0.200615108124
7937	COLD	6.94223696587	0.258411616999
6276	COLD	6.39873859731	0.239572001638
6584	COLD	4.16470485511	0.159650287593
5362588	COLD	5.94388195392	0.223623385084
18635	COLD	1.88537895021	0.073993296494
14514	COLD	5.47604753221	0.207047062658
5365049	COLD	4.06081730769	0.155836597425
8174	COLD	7.14303657696	0.265312274462
31249	COLD	5.6022081705	0.211534432266
61130	COLD	8.28054391601	0.303794793622
778574	COLD	4.82345278365	0.183631832644
9016	COLD	6.4421081587	0.241084023337
7967	COLD	8.19034853796	0.300781217849
12748	COLD	3.67600816961	0.141635112359
519539	COLD	3.78281510456	0.145588728136
7127	COLD	7.86300714775	0.289789533348
62572	COLD	3.59250023379	0.13853758618
2345	COLD	2.5778532906	0.100456000589
807	COLD		
379	COLD	4.21265344576	0.161407558209
61771	COLD	7.87443354797	0.290174660438
6287	COLD	1.55116242948	0.0610840552263
7795	COLD	4.19523816482	0.160769517289
565690	COLD	5.06259571895	0.192251878593
61337	COLD	3.8149695358	0.146777184408
14296	COLD	3.11343660308	0.120660069131
5779	COLD	3.07827384924	0.119340646013
7601	COLD	3.33013111325	0.128769335238
61192	COLD	4.00522686499	0.153792337704
8051	COLD	5.23583792367	0.198467917442
33032	COLD	2.96055193437	0.114916130272
8078	COLD	6.80240942029	0.253587267243
1032	COLD	4.03525774293	0.154896987697
7749	SOUR	9.5492074686	0.345493353433
6137	SOUR	16.6437596618	0.554944492201
5364729	SOUR	12.817474377	0.446983915317
22310	SOUR	6.13306446114	0.230276786572
6753	SOUR	10.3374428282	0.370752623438
16741	SOUR	8.46462585034	0.309925077699
641423	SOUR	6.07483349791	0.228231899106
10797	SOUR	9.07353641511	0.330009831374
24834	SOUR	4.72069931019	0.179913971617
8137	SOUR	5.67611950754	0.214157447236
7151	SOUR	4.85061842919	0.184613337509
243	SOUR	9.77001062925	0.352619182092
5960	SOUR	13.6184155739	0.47055212586
7720	SOUR	6.49122519129	0.242794605858
244	SOUR	5.06695635594	0.192408635553
7519	SOUR	5.65452538217	0.213391552368
61138	SOUR	11.6574250017	0.411938777
10430	SOUR	11.6119894816	0.410544259374
21648	SOUR	9.75387460233	0.35209975619
13187	SOUR	6.99281159576	0.260152698225
12506	SOUR	9.08432944407	0.330363161184
6998	SOUR	4.31717032967	0.165231629325
8918	SOUR	5.91740611492	0.222689966545
8091	SOUR	6.26156768113	0.234779815315
62375	SOUR	7.86115954212	0.289727249946
7593	SOUR	5.96665949113	0.224425969452
170833	SOUR	5.73056289334	0.216086775304
16324	SOUR	12.0081247321	0.422646965451
7768	SOUR	4.49169979411	0.171597844948
526618	SOUR	16.5883066369	0.553463498645
875	SOUR	10.5832935589	0.378529301333
177	SOUR	13.4241307634	0.464882315835
7991	SOUR	16.0284461443	0.538373411452
7894	SOUR	7.57918708064	0.280189852504
1001	SOUR	5.42860224123	0.205356200732
263	SOUR	5.17155061493	0.196164050292
7937	SOUR	5.22647007393	0.198132407184
6276	SOUR	8.2308358619	0.302134770882
6584	SOUR	15.7764248776	0.531498762338
5362588	SOUR	6.93681786415	0.258224937734
18635	SOUR	17.7764187654	0.584656324966
14514	SOUR	9.35613634086	0.339230538743
5365049	SOUR	3.04237329837	0.11799251782
8174	SOUR	7.24500525561	0.268804169763
31249	SOUR	9.60868977468	0.347416823313
61130	SOUR	13.353206177	0.462805000998
778574	SOUR	7.70294389959	0.284383618095
9016	SOUR	5.66530707597	0.213774001333
7967	SOUR	7.17098125297	0.266270061267
12748	SOUR	7.02706296633	0.26133067308
519539	SOUR	9.24803571429	0.335710962742
7127	SOUR	7.8006860713	0.287687161579
62572	SOUR	9.63441833115	0.348247926614
2345	SOUR	5.44715853084	0.206017726809
807	SOUR		
379	SOUR	11.8325788938	0.417299186442
61771	SOUR	5.4064421676	0.204565839939
6287	SOUR	8.86693449267	0.323228368788
7795	SOUR	10.6099185325	0.379368592795
565690	SOUR	7.96814208299	0.293329168018
61337	SOUR	6.332192789	0.237249045353
14296	SOUR	4.5728605804	0.174550001661
5779	SOUR	5.39308608059	0.204089292234
7601	SOUR	5.8915934667	0.221779389237
61192	SOUR	13.3149036302	0.461681481736
8051	SOUR	14.2427847479	0.488568622967
33032	SOUR	12.1708059252	0.42758083026
8078	SOUR	5.9969779632	0.225493620652
1032	SOUR	20.697681866	0.656549660789
7749	BURNT	3.07390760189	0.119176740898
6137	BURNT	8.60814912281	0.314685872384
5364729	BURNT	5.56106297997	0.210072350612
22310	BURNT	4.53110511294	0.1730318391
6753	BURNT	3.50358478766	0.135233348961
16741	BURNT	12.14804914	0.426891926436
641423	BURNT	4.38654479726	0.167765081787
10797	BURNT	4.65829635368	0.17765196418
24834	BURNT	3.35999038698	0.129883801319
8137	BURNT	3.44026347171	0.132876373767
7151	BURNT	5.8839118661	0.221508307105
243	BURNT	3.60527143147	0.139011664421
5960	BURNT	4.98921178415	0.189611577675
7720	BURNT	2.61758646255	0.101962754946
244	BURNT	3.10727773242	0.120429039334
7519	BURNT	4.45632411178	0.170309434635
61138	BURNT	8.48901908247	0.310735385306
10430	BURNT	6.196172656	0.232489884007
21648	BURNT	5.12701304806	0.194566016804
13187	BURNT	2.489668676	0.0971073669936
12506	BURNT	9.7292617762	0.351307057164
6998	BURNT	3.25538757661	0.125976483755
8918	BURNT	6.63639611127	0.247839143113
8091	BURNT	3.42717675531	0.132388854008
62375	BURNT	7.95527315086	0.292896377672
7593	BURNT	5.30699449963	0.201014103738
170833	BURNT	3.61468590559	0.139361054545
16324	BURNT	2.48746582212	0.0970236383981
7768	BURNT	5.01588938606	0.190571916909
526618	BURNT	2.24874716553	0.0879271410955
875	BURNT	17.0434391358	0.565546038403
177	BURNT	9.2185812223	0.334750352991
7991	BURNT	1.64323286692	0.0646492289747
7894	BURNT	2.07094856356	0.0811224113613
1001	BURNT	4.90115856214	0.186437800385
263	BURNT	1.8038337258	0.0708518225878
7937	BURNT	4.98871615405	0.189593730616
6276	BURNT	4.75120567376	0.181018644809
6584	BURNT	6.33728524778	0.237426936186
5362588	BURNT	2.64337269184	0.102939939998
18635	BURNT	10.3026887755	0.369649392618
14514	BURNT	3.55523545206	0.137153538435
5365049	BURNT	2.5107806465	0.0979096180781
8174	BURNT	5.76605814414	0.217343355157
31249	BURNT	3.4928692081	0.134834714202
61130	BURNT	4.21410583313	0.161460758136
778574	BURNT	6.21171777547	0.23303453593
9016	BURNT	8.84862696622	0.322625798974
7967	BURNT	5.78427841116	0.217987985751
12748	BURNT	5.00006027629	0.190002169945
519539	BURNT	11.6276920614	0.411026393386
7127	BURNT	6.71934540125	0.250713975001
62572	BURNT	5.44257491289	0.205854347843
2345	BURNT	2.6316068924	0.102494133762
807	BURNT		
379	BURNT	2.29041192424	0.0895180822566
61771	BURNT	2.8196197747	0.109604688718
6287	BURNT	5.50664821826	0.208136658891
7795	BURNT	2.62936831823	0.102409301628
565690	BURNT	3.87075693363	0.14883717365
61337	BURNT	3.39024881692	0.131012437861
14296	BURNT	3.81437560797	0.146755239807
5779	BURNT	13.2688532597	0.460329143656
7601	BURNT	5.42542229248	0.205242808879
61192	BURNT	9.62573870418	0.347967609927
8051	BURNT	2.68627488063	0.104564566131
33032	BURNT	3.59980311355	0.13880869156
8078	BURNT	3.92864912812	0.150972251536
1032	BURNT	8.90495134599	0.32447879045
7749	ACID	9.42770089651	0.341555418183
6137	ACID	6.84906626225	0.255198767024
5364729	ACID	3.13194968617	0.121354343912
22310	ACID	8.34717679145	0.306016927503
6753	ACID	5.76710841991	0.217380520986
16741	ACID	5.78375997484	0.217969647215
641423	ACID	6.05666891919	0.227593461409
10797	ACID	10.7235902481	0.382945454801
24834	ACID	5.26211655672	0.199408714006
8137	ACID	2.74015367114	0.106602769989
7151	ACID	5.67909730273	0.214263033639
243	ACID	6.36100285859	0.238255171397
5960	ACID	9.27743764173	0.336669165991
7720	ACID	8.0613559228	0.296460053187
244	ACID	6.545567571	0.244684920909
7519	ACID	8.03853975901	0.295694341778
61138	ACID	5.44211612181	0.205837993719
10430	ACID	6.08852189095	0.228712836111
21648	ACID	7.19604105507	0.267128439456
13187	ACID	5.40070166273	0.204361035129
12506	ACID	5.42363913032	0.205179220646
6998	ACID	2.81144818086	0.109296230885
8918	ACID	4.73748487039	0.180521889657
8091	ACID	4.32700050218	0.165590846749
62375	ACID	7.15730615835	0.265801433756
7593	ACID	4.77567242267	0.181904078071
170833	ACID	7.1059538598	0.264040322289
16324	ACID	7.60488438735	0.281061668876
7768	ACID	5.41995788227	0.205047937913
526618	ACID	9.04272807026	0.329000750429
875	ACID	4.92812991298	0.187410610743
177	ACID	6.01261190631	0.226043875478
7991	ACID	8.35399033438	0.306243951572
7894	ACID	8.08911010056	0.297390923135
1001	ACID	5.30566964326	0.200966733585
263	ACID	5.15491483516	0.195567334623
7937	ACID	6.76735955736	0.252375520143
6276	ACID	4.29905457177	0.164569434786
6584	ACID	8.34202215117	0.305845152619
5362588	ACID	6.1974430065	0.232534400332
18635	ACID	6.01845791858	0.226249582456
14514	ACID	5.34486508051	0.202367570129
5365049	ACID	3.94849121045	0.151703415282
8174	ACID	8.87316655448	0.323433428298
31249	ACID	5.01634699078	0.190588384779
61130	ACID	5.05458488383	0.191963864014
778574	ACID	6.28870534722	0.235729087911
9016	ACID	8.95971293076	0.32627793491
7967	ACID	14.6423420177	0.499934408804
12748	ACID	4.65611518102	0.177572843809
519539	ACID	6.43246046792	0.240747799648
7127	ACID	4.17276479333	0.159945805325
62572	ACID	8.23994346433	0.302439071255
2345	ACID	5.90377598039	0.222209210885
807	ACID		
379	ACID	6.53619562482	0.244359083695
61771	ACID	5.93787576295	0.223411683087
6287	ACID	8.42282455812	0.30853539291
7795	ACID	4.37733869537	0.167429110193
565690	ACID	12.6137054724	0.440905992598
61337	ACID	5.33873990032	0.202148738523
14296	ACID	4.1979801901	0.160869992533
5779	ACID	6.272306231	0.235155519058
7601	ACID	5.18795887296	0.196752388011
61192	ACID	4.37611474233	0.167384437598
8051	ACID	6.07742944166	0.228323118219
33032	ACID	6.41030349513	0.239975343445
8078	ACID	6.01247216674	0.226038958047
1032	ACID	5.68937854974	0.214627530677
7749	WARM	4.82649392583	0.183741739587
6137	WARM	6.50710281276	0.243347157704
5364729	WARM	3.83492032461	0.147514167426
22310	WARM	7.30983632839	0.271019970277
6753	WARM	6.70384215405	0.250177086312
16741	WARM	5.26852474633	0.199638048652
641423	WARM	4.72813593742	0.18018332972
10797	WARM	6.46796640699	0.241984820503
24834	WARM	4.64865725031	0.17730228432
8137	WARM	3.42665261096	0.132369325192
7151	WARM	6.1208107659	0.229846700863
243	WARM	6.34075212256	0.23754802991
5960	WARM	8.01886011479	0.295033557576
7720	WARM	3.26225394413	0.126233237447
244	WARM	8.01532775992	0.294914918757
7519	WARM	4.65238045895	0.177437360784
61138	WARM	4.81202398713	0.183218729544
10430	WARM	3.50155292079	0.135157767689
21648	WARM	5.72561620876	0.215911575963
13187	WARM	3.56903610286	0.137666236633
12506	WARM	5.33618412518	0.2020574206
6998	WARM	9.54707529709	0.345424353192
8918	WARM	3.57466335292	0.137875246882
8091	WARM	4.48171679052	0.171234357464
62375	WARM	2.7862445943	0.108344520196
7593	WARM	6.03042788476	0.226670691201
170833	WARM	7.41781462585	0.274702995505
16324	WARM	5.18430789106	0.196621496319
7768	WARM	7.55014919605	0.279204066689
526618	WARM	7.24093747745	0.268665028877
875	WARM	6.21742851788	0.233234573765
177	WARM	5.17462989446	0.196274477961
7991	WARM	4.43338023759	0.169473265371
7894	WARM	5.0961437038	0.193457475892
1001	WARM	8.6460498009	0.315940321172
263	WARM	3.32534800043	0.128590744288
7937	WARM	4.67480568334	0.178250704063
6276	WARM	2.88372125413	0.112022510857
6584	WARM	5.03123853889	0.191124197062
5362588	WARM	6.22358598359	0.233450230346
18635	WARM	5.80896833117	0.218861088018
14514	WARM	6.55432526632	0.244989338774
5365049	WARM	5.61627610822	0.212034021399
8174	WARM	4.13309057971	0.158490648092
31249	WARM	5.81312142443	0.219007904699
61130	WARM	6.53329499916	0.244258222548
778574	WARM	2.53636117936	0.0988811959616
9016	WARM	3.96495724132	0.152309935283
7967	WARM	4.57918968507	0.174779996134
12748	WARM	5.89449087479	0.221881625922
519539	WARM	7.35501319895	0.272562040295
7127	WARM	6.52916356387	0.244114551817
62572	WARM	6.21304837416	0.233081146926
2345	WARM	6.59112019763	0.246267661721
807	WARM		
379	WARM	5.23121239348	0.198302262497
61771	WARM	6.56018712171	0.24519306284
6287	WARM	6.60930555556	0.246899054252
7795	WARM	4.13156349603	0.158434613072
565690	WARM	6.77005444796	0.252468723027
61337	WARM	7.88341581296	0.290477334566
14296	WARM	6.47660930727	0.242285785043
5779	WARM	7.53615357568	0.278728698741
7601	WARM	8.30267547929	0.304533251126
61192	WARM	7.72296354229	0.285060875341
8051	WARM	4.93786100849	0.187761451804
33032	WARM	2.5276984127	0.0985522328017
8078	WARM	4.56394120753	0.174225824563
1032	WARM	5.79560650626	0.21838863834
7749	MUSKY	2.38607151961	0.0931655258658
6137	MUSKY	19.8221310263	0.635718489683
5364729	MUSKY	7.39223169685	0.27383123209
22310	MUSKY	10.4085005537	0.373005268636
6753	MUSKY	8.70527369601	0.317898231791
16741	MUSKY	14.6986111111	0.501524777006
641423	MUSKY	12.5386011156	0.438657437451
10797	MUSKY	8.3718166608	0.306837740751
24834	MUSKY	6.74745023383	0.25168677549
8137	MUSKY	6.4565747815	0.241588048096
7151	MUSKY	6.12986111111	0.230164365548
243	MUSKY	9.55681584591	0.345739542191
5960	MUSKY	7.32011904762	0.271371104756
7720	MUSKY	6.43070686891	0.240686678423
244	MUSKY	10.6590561224	0.380916053929
7519	MUSKY	7.16142592406	0.265942628456
61138	MUSKY	19.7045883861	0.632875214057
10430	MUSKY	10.2573008288	0.368207145036
21648	MUSKY	9.96203768646	0.358784629512
13187	MUSKY	4.74936924395	0.180952166472
12506	MUSKY	4.182985628	0.160320477614
6998	MUSKY	9.08768079235	0.330472854821
8918	MUSKY	4.64455275442	0.177153362061
8091	MUSKY	4.92922239767	0.187450002528
62375	MUSKY	3.70689420804	0.142779342454
7593	MUSKY	4.97307627483	0.189030455939
170833	MUSKY	7.43408986176	0.275257317641
16324	MUSKY	6.97956991046	0.259697037964
7768	MUSKY	7.68570325581	0.283800116418
526618	MUSKY	7.25538050761	0.26915900178
875	MUSKY	5.94967205414	0.223827443145
177	MUSKY	7.8339371798	0.288809258497
7991	MUSKY	16.4706130488	0.55031208427
7894	MUSKY	6.41544438006	0.240154604565
1001	MUSKY	9.00556089451	0.32778238497
263	MUSKY	7.23241682311	0.268373531683
7937	MUSKY	6.80154843076	0.253557512808
6276	MUSKY	6.59095824909	0.246262037707
6584	MUSKY	4.82718897468	0.183766857628
5362588	MUSKY	4.06186371185	0.155875053748
18635	MUSKY	15.5878833448	0.526322490923
14514	MUSKY	11.7166214595	0.413753171009
5365049	MUSKY	8.84488687334	0.322502665413
8174	MUSKY	5.51928823233	0.208586512257
31249	MUSKY	7.51300853978	0.277942222664
61130	MUSKY	4.30519118517	0.16479377895
778574	MUSKY	9.14184825257	0.332244574313
9016	MUSKY	6.0460979031	0.227221796182
7967	MUSKY	10.0902667904	0.362885278054
12748	MUSKY	10.6971716186	0.382115072488
519539	MUSKY	10.6747217069	0.381408994867
7127	MUSKY	8.77061267112	0.320055048194
62572	MUSKY	2.05091954966	0.0803542735867
2345	MUSKY	5.24757802873	0.198888291082
807	MUSKY		
379	MUSKY	19.6024542867	0.630395685842
61771	MUSKY	12.0493745655	0.423900011651
6287	MUSKY	7.70927154194	0.284597714595
7795	MUSKY	4.4594305661	0.170422614255
565690	MUSKY	6.28039231888	0.235438361684
61337	MUSKY	8.83843109971	0.322290098267
14296	MUSKY	7.16786128963	0.266163157398
5779	MUSKY	10.5778883423	0.378358844979
7601	MUSKY	7.9587755102	0.293014177359
61192	MUSKY	3.43001183994	0.132494481109
8051	MUSKY	8.89618773367	0.32419064687
33032	MUSKY	8.51192307692	0.31149578929
8078	MUSKY	14.1378762389	0.485563231737
1032	MUSKY	6.54956901784	0.244824018986
7749	SWEATY	3.46446571053	0.133777619357
6137	SWEATY	5.834143613	0.219750851841
5364729	SWEATY	3.18318537415	0.123274347316
22310	SWEATY	3.17307637845	0.122895689656
6753	SWEATY	1.21379037829	0.0479623002985
16741	SWEATY	5.18867525331	0.196778069779
641423	SWEATY	2.62750414479	0.102338654579
10797	SWEATY	4.5624213691	0.174170579264
24834	SWEATY	1.1394089555	0.045057057113
8137	SWEATY	7.5626258686	0.279627710733
7151	SWEATY	3.89583265116	0.149762301228
243	SWEATY	4.79340246968	0.182545415893
5960	SWEATY	6.30717731306	0.236374898259
7720	SWEATY	2.7073550443	0.105362293238
244	SWEATY	1.46725547427	0.05782908352
7519	SWEATY	2.7186747776	0.105790514086
61138	SWEATY	14.6612583327	0.50046933495
10430	SWEATY	8.74766219493	0.319297850247
21648	SWEATY	1.95794457768	0.0767843643196
13187	SWEATY	2.01933052107	0.0791421425416
12506	SWEATY	2.48084183673	0.0967718429818
6998	SWEATY	2.35983067811	0.0921657067926
8918	SWEATY	8.26214646849	0.303180633033
8091	SWEATY	1.76130206076	0.0692112084509
62375	SWEATY	1.79926068376	0.0706754917472
7593	SWEATY	2.36356792592	0.0923081357008
170833	SWEATY	2.18002107967	0.0852998464236
16324	SWEATY	3.09122125842	0.119826590789
7768	SWEATY	3.11712539317	0.12079842744
526618	SWEATY	4.46698836513	0.170697940584
875	SWEATY	2.95741982732	0.114798260279
177	SWEATY	9.0444552337	0.329057341158
7991	SWEATY	11.9325720505	0.420348371725
7894	SWEATY	8.99694805969	0.327499892632
1001	SWEATY	3.68964708797	0.142140485265
263	SWEATY	5.32633451072	0.201705444701
7937	SWEATY	4.0254275328	0.154535474583
6276	SWEATY	5.50198644404	0.20797071583
6584	SWEATY	7.89033543134	0.290710459966
5362588	SWEATY	7.31993871693	0.271364947549
18635	SWEATY	9.22673809523	0.335016445458
14514	SWEATY	5.58789337609	0.21102591409
5365049	SWEATY	6.17422192697	0.231720470518
8174	SWEATY	3.54800779483	0.136884968069
31249	SWEATY	2.19489765782	0.0858688760214
61130	SWEATY	4.88905404625	0.186001022063
778574	SWEATY	2.10538573053	0.0824423695916
9016	SWEATY	1.73062627124	0.0680270239334
7967	SWEATY	2.73805231531	0.10652332042
12748	SWEATY	4.53027983349	0.173001819192
519539	SWEATY	11.6052653061	0.410337739115
7127	SWEATY	2.08558381224	0.0816834885544
62572	SWEATY	3.23837628701	0.12534021909
2345	SWEATY	1.95018027146	0.0764859296218
807	SWEATY		
379	SWEATY	4.59845661913	0.175479943454
61771	SWEATY	2.66367072697	0.103708772382
6287	SWEATY	9.9023946488	0.35687281804
7795	SWEATY	7.11855927493	0.264472816537
565690	SWEATY	1.49144127149	0.0587678920332
61337	SWEATY	3.25222306498	0.125858140654
14296	SWEATY	3.45764614691	0.133523719126
5779	SWEATY	3.84549346044	0.147904610436
7601	SWEATY	4.00505424688	0.153785986067
61192	SWEATY	6.76900604179	0.252432464554
8051	SWEATY	1.35784748833	0.0535763996125
33032	SWEATY	9.95856175913	0.358673289441
8078	SWEATY	4.59673778603	0.175417512132
1032	SWEATY	9.85876483161	0.355472495662
7749	AMMONIA/URINOUS	7.08173152411	0.263208892413
6137	AMMONIA/URINOUS	8.12974051608	0.2987525483
5364729	AMMONIA/URINOUS	3.19413893728	0.123684548071
22310	AMMONIA/URINOUS	4.89783273942	0.18631780336
6753	AMMONIA/URINOUS	3.5885224663	0.138389901256
16741	AMMONIA/URINOUS	8.38299791392	0.307210054947
641423	AMMONIA/URINOUS	3.6142301244	0.139344141219
10797	AMMONIA/URINOUS	2.88404385786	0.112034670725
24834	AMMONIA/URINOUS	3.05193886106	0.118351822118
8137	AMMONIA/URINOUS	6.69134472741	0.249744151392
7151	AMMONIA/URINOUS	5.42377659527	0.205184122789
243	AMMONIA/URINOUS	5.26313538986	0.199445177942
5960	AMMONIA/URINOUS	5.99034898513	0.22526024702
7720	AMMONIA/URINOUS	7.03448305774	0.261585741554
244	AMMONIA/URINOUS	5.18046657286	0.19648376935
7519	AMMONIA/URINOUS	3.43444887979	0.132659779548
61138	AMMONIA/URINOUS	6.70561318328	0.250238428066
10430	AMMONIA/URINOUS	7.59917823651	0.280868125512
21648	AMMONIA/URINOUS	4.12105848861	0.158049090318
13187	AMMONIA/URINOUS	5.47907325714	0.207154832783
12506	AMMONIA/URINOUS	2.2359108973	0.0874367168757
6998	AMMONIA/URINOUS	2.38753898285	0.0932214223562
8918	AMMONIA/URINOUS	5.06474663769	0.192329202106
8091	AMMONIA/URINOUS	3.49321055802	0.13484741432
62375	AMMONIA/URINOUS	2.80033201391	0.108876536801
7593	AMMONIA/URINOUS	7.03733699791	0.261683835108
170833	AMMONIA/URINOUS	6.06147659624	0.227762464439
16324	AMMONIA/URINOUS	2.91587696695	0.113234143283
7768	AMMONIA/URINOUS	4.4591698941	0.170413117306
526618	AMMONIA/URINOUS	7.90660639768	0.291258486016
875	AMMONIA/URINOUS	3.69462307369	0.142324827085
177	AMMONIA/URINOUS	5.55608733979	0.209895450981
7991	AMMONIA/URINOUS	11.268923267	0.39996147804
7894	AMMONIA/URINOUS	10.2983102284	0.36951033171
1001	AMMONIA/URINOUS	8.6692019787	0.316706053969
263	AMMONIA/URINOUS	4.70117430305	0.179206556191
7937	AMMONIA/URINOUS	6.92979335184	0.257982919714
6276	AMMONIA/URINOUS	9.15544302336	0.332688866153
6584	AMMONIA/URINOUS	4.81087768751	0.183177289851
5362588	AMMONIA/URINOUS	5.66875655953	0.213896342009
18635	AMMONIA/URINOUS	9.12079081633	0.331556102607
14514	AMMONIA/URINOUS	5.18469142138	0.196635246801
5365049	AMMONIA/URINOUS	5.10058745663	0.193617101304
8174	AMMONIA/URINOUS	9.71802916173	0.350945130154
31249	AMMONIA/URINOUS	2.90808388082	0.11294057449
61130	AMMONIA/URINOUS	9.75271797378	0.352062515801
778574	AMMONIA/URINOUS	2.65949038403	0.10355045972
9016	AMMONIA/URINOUS	5.62354422856	0.212292069266
7967	AMMONIA/URINOUS	6.00967044135	0.225940362128
12748	AMMONIA/URINOUS	7.99601901366	0.29426623252
519539	AMMONIA/URINOUS	8.08324203574	0.297194160706
7127	AMMONIA/URINOUS	6.54062436521	0.244513067774
62572	AMMONIA/URINOUS	2.51342360194	0.0980100247966
2345	AMMONIA/URINOUS	5.67266933964	0.214035102611
807	AMMONIA/URINOUS		
379	AMMONIA/URINOUS	6.30696887737	0.236367612527
61771	AMMONIA/URINOUS	6.7679009694	0.252394245363
6287	AMMONIA/URINOUS	9.68289473319	0.349812409162
7795	AMMONIA/URINOUS	1.39035979052	0.0548411514819
565690	AMMONIA/URINOUS	3.21376089998	0.12441913235
61337	AMMONIA/URINOUS	5.04758475113	0.191712145317
14296	AMMONIA/URINOUS	4.89756244551	0.186308050657
5779	AMMONIA/URINOUS	3.73519098134	0.143826978587
7601	AMMONIA/URINOUS	11.1508520639	0.396297481856
61192	AMMONIA/URINOUS	5.20057764648	0.197204702716
8051	AMMONIA/URINOUS	5.35806310886	0.202838988243
33032	AMMONIA/URINOUS	4.35159962536	0.166489417295
8078	AMMONIA/URINOUS	13.9027643838	0.478795832347
1032	AMMONIA/URINOUS	5.21690187335	0.197789648871
7749	DECAYED	2.61040068201	0.101690350592
6137	DECAYED	11.4963893271	0.406988786061
5364729	DECAYED	2.38642628757	0.0931790393324
22310	DECAYED	1.97930539847	0.0776051559946
6753	DECAYED	2.07828350471	0.0814036352582
16741	DECAYED	10.1601667508	0.365115074672
641423	DECAYED	3.60835527759	0.13912611998
10797	DECAYED	3.21599595165	0.124502786082
24834	DECAYED	2.63723499276	0.102707396348
8137	DECAYED	3.16920841383	0.122750783765
7151	DECAYED	2.57219954648	0.100241497657
243	DECAYED	3.03190216892	0.117599114452
5960	DECAYED	2.61123556537	0.101722002144
7720	DECAYED	3.33475403395	0.128941927571
244	DECAYED	3.5763769172	0.137938887946
7519	DECAYED	5.1603869415	0.195763640305
61138	DECAYED	4.49902700838	0.171864582726
10430	DECAYED	5.0564857154	0.1920322095
21648	DECAYED	2.09740285982	0.0821364748902
13187	DECAYED	3.23369330123	0.125165023103
12506	DECAYED	4.42157134947	0.169042736699
6998	DECAYED	4.21168927649	0.161372240435
8918	DECAYED	4.30881604928	0.164926283673
8091	DECAYED	5.12491071902	0.19449054481
62375	DECAYED	1.69717899087	0.0667349930242
7593	DECAYED	3.46842576029	0.13392503951
170833	DECAYED	3.66786578859	0.141333335766
16324	DECAYED	11.8506739696	0.417851569371
7768	DECAYED	2.1931596354	0.0858024057414
526618	DECAYED	6.40973677248	0.239955580702
875	DECAYED	4.13893002936	0.158704904459
177	DECAYED	7.45768790219	0.276060672549
7991	DECAYED	10.6588236806	0.380908738323
7894	DECAYED	2.61603307179	0.101903871258
1001	DECAYED	3.4608015044	0.133641201355
263	DECAYED	2.26735917971	0.0886380001283
7937	DECAYED	2.02633330869	0.0794109216763
6276	DECAYED	7.23827224786	0.268573855861
6584	DECAYED	5.28085815603	0.200079341096
5362588	DECAYED	4.99418421028	0.189790618041
18635	DECAYED	15.902808585	0.534952615043
14514	DECAYED	6.4456872467	0.241208736235
5365049	DECAYED	3.45334368087	0.133363514203
8174	DECAYED	3.61208053063	0.139264370921
31249	DECAYED	2.60778569072	0.101591209145
61130	DECAYED	3.17603995997	0.123006706468
778574	DECAYED	5.16832572264	0.196048392595
9016	DECAYED	3.13235405807	0.121369505545
7967	DECAYED	3.76785714286	0.145035586735
12748	DECAYED	6.8957153667	0.256808258501
519539	DECAYED	6.89579990023	0.256811173504
7127	DECAYED	2.54271863624	0.0991225782245
62572	DECAYED	1.56615853659	0.0616652004387
2345	DECAYED	1.72777375215	0.0679168692306
807	DECAYED		
379	DECAYED	5.24985566389	0.198969832759
61771	DECAYED	3.46798665982	0.133908693804
6287	DECAYED	2.47861508391	0.0966871902626
7795	DECAYED	9.37760440977	0.339928390604
565690	DECAYED	3.83992445055	0.147698970108
61337	DECAYED	3.73697419224	0.143892977244
14296	DECAYED	2.82536611149	0.109821566994
5779	DECAYED	6.09679559117	0.229003457054
7601	DECAYED	2.18881506435	0.0856362380195
61192	DECAYED	8.24153640247	0.30249228719
8051	DECAYED	2.40780971479	0.0939933695426
33032	DECAYED	5.12380952381	0.194451011338
8078	DECAYED	7.28499614055	0.270171378115
1032	DECAYED	7.79751990301	0.287580269465
7749	WOOD	0.954726992977	0.0378244782666
6137	WOOD	4.37119038948	0.167204693411
5364729	WOOD	1.76863440304	0.0694941490608
22310	WOOD	1.48277498553	0.058431550758
6753	WOOD	1.95208757745	0.0765592447342
16741	WOOD	1.82805626816	0.0717855348385
641423	WOOD	1.56162722107	0.0614896170117
10797	WOOD	3.22254505293	0.12474788347
24834	WOOD	3.72112540013	0.143306306308
8137	WOOD	2.15294801655	0.0842638465972
7151	WOOD	3.32769843259	0.12867850656
243	WOOD	1.69357831109	0.0665958494453
5960	WOOD	4.24165043791	0.162469378141
7720	WOOD	2.84237528345	0.110463372437
244	WOOD	2.64512792702	0.103006436381
7519	WOOD	3.46222063556	0.133694036731
61138	WOOD	3.06835078768	0.118968120885
10430	WOOD	0.201108276644	0.00802815325019
21648	WOOD	2.69522882551	0.104903449652
13187	WOOD	3.05524734593	0.118476079299
12506	WOOD	3.38579553242	0.130846376742
6998	WOOD	3.55581291644	0.137174994459
8918	WOOD	0.728168362627	0.0289146428393
8091	WOOD	5.52425070075	0.208763089708
62375	WOOD	1.36706745125	0.0539351486835
7593	WOOD	4.76061123701	0.181359081741
170833	WOOD	3.44676342706	0.133118465834
16324	WOOD	2.07970441255	0.0814581083244
7768	WOOD	2.18689681859	0.0855628656654
526618	WOOD	4.29631020799	0.164469095758
875	WOOD	4.67592172732	0.178291171493
177	WOOD	3.24576496551	0.125616602536
7991	WOOD	5.610637101	0.211833784568
7894	WOOD	3.40068027211	0.131401360359
1001	WOOD	3.40882758538	0.131705061213
263	WOOD	3.6999436863	0.142521914139
7937	WOOD	4.34481622122	0.16624167765
6276	WOOD	4.13774704019	0.15866150138
6584	WOOD	2.50378167925	0.0976436980911
5362588	WOOD	1.1910041744	0.0470727705985
18635	WOOD	3.44947549165	0.133219467199
14514	WOOD	4.74823717027	0.180911184321
5365049	WOOD	3.47031014274	0.133995184715
8174	WOOD	3.47249301452	0.134076437487
31249	WOOD	2.06330385865	0.0808292652207
61130	WOOD	3.07328193583	0.11915325269
778574	WOOD	3.45198463256	0.133312906141
9016	WOOD	3.93053896866	0.151041904113
7967	WOOD	4.10479395605	0.157452024873
12748	WOOD	3.69201899312	0.142228358027
519539	WOOD	4.80251887059	0.182875079823
7127	WOOD	2.64019866953	0.102819687175
62572	WOOD	2.09930175628	0.0822092431055
2345	WOOD	2.59396395733	0.101067098689
807	WOOD		
379	WOOD	2.80059498113	0.108886466346
61771	WOOD	3.25389937911	0.125920830697
6287	WOOD	5.07401926489	0.192662501995
7795	WOOD	2.35746275981	0.0920754581268
565690	WOOD	1.92548416063	0.075536370724
61337	WOOD	2.57555959578	0.100368980939
14296	WOOD	4.38311206651	0.167639814105
5779	WOOD	5.57066326531	0.210413614926
7601	WOOD	4.17540372671	0.160042550556
61192	WOOD	3.63394310632	0.140075507253
8051	WOOD	1.32734558316	0.0523890848076
33032	WOOD	3.63822928776	0.14023448657
8078	WOOD	1.72446648984	0.0677891457239
1032	WOOD	2.82638515442	0.10986002496
7749	GRASS	1.06305101826	0.0420700097433
6137	GRASS	1.62314876731	0.063872105924
5364729	GRASS	9.04348002497	0.329025388614
22310	GRASS	5.18236939045	0.196551994618
6753	GRASS	4.13597214562	0.158596379589
16741	GRASS	2.1884750908	0.0856232343429
641423	GRASS	2.64328580067	0.102936648097
10797	GRASS	1.81337840019	0.0712197995185
24834	GRASS	2.08868624747	0.0818024058028
8137	GRASS	4.18768890225	0.160492860753
7151	GRASS	2.66873188406	0.103900423415
243	GRASS	4.09975106415	0.157266859051
5960	GRASS	2.0075864814	0.0786912978639
7720	GRASS	2.29142644969	0.0895568039179
244	GRASS	3.17002575068	0.122781404723
7519	GRASS	2.42521849311	0.0946560658287
61138	GRASS	5.77472878186	0.217650154273
10430	GRASS	0.867205831607	0.0343874148825
21648	GRASS	1.76697001176	0.0694299272614
13187	GRASS	3.36839998071	0.130197551856
12506	GRASS	4.97782120532	0.189201366632
6998	GRASS	1.36937180018	0.0540248003564
8918	GRASS	4.23450852965	0.162207916191
8091	GRASS	1.85800291108	0.072939246516
62375	GRASS	3.08057679782	0.11942709055
7593	GRASS	1.68551870748	0.066284358974
170833	GRASS	2.56190514568	0.099850862637
16324	GRASS	4.22795745921	0.161968048658
7768	GRASS	0.843173758865	0.0334425735596
526618	GRASS	2.24886761594	0.0879317424159
875	GRASS	4.18460520692	0.160379839982
177	GRASS	2.24186682058	0.0876642860866
7991	GRASS	4.27648625307	0.163744116254
7894	GRASS	1.87307009761	0.0735194472681
1001	GRASS	3.81114273344	0.146635785764
263	GRASS	9.06975405547	0.329885986768
7937	GRASS	2.34356651152	0.0915457388632
6276	GRASS	11.4919413919	0.406851768896
6584	GRASS	1.72881409569	0.0679570445567
5362588	GRASS	1.68699488774	0.066341414809
18635	GRASS	2.24966859119	0.0879623401395
14514	GRASS	3.88031182525	0.149189745065
5365049	GRASS	20.2733831031	0.646531299147
8174	GRASS	3.51337991718	0.13559766131
31249	GRASS	4.35558798249	0.16663506063
61130	GRASS	5.47639504176	0.207059440609
778574	GRASS	2.55475592681	0.0995795259342
9016	GRASS	2.56251899696	0.0998741584346
7967	GRASS	0.894415839853	0.0354566417163
12748	GRASS	1.619602823	0.0637348675982
519539	GRASS	3.80897530713	0.146555695129
7127	GRASS	2.57969475022	0.100525860007
62572	GRASS	1.57577970702	0.0620379556067
2345	GRASS	2.42809163607	0.0947654138457
807	GRASS		
379	GRASS	2.21206852972	0.0865254423166
61771	GRASS	5.47230200839	0.206913644627
6287	GRASS	1.16127400436	0.0459115372493
7795	GRASS	2.40612335806	0.0939291624767
565690	GRASS	3.28596539099	0.127119588219
61337	GRASS	2.68610719508	0.104558219058
14296	GRASS	6.26743177668	0.234984990637
5779	GRASS	5.27938261966	0.200026552449
7601	GRASS	1.71972826087	0.0676061443183
61192	GRASS	2.22722352972	0.0871047313281
8051	GRASS	6.36221795596	0.238297591311
33032	GRASS	3.74139455783	0.144056569018
8078	GRASS	2.15869565217	0.0844838393194
1032	GRASS	1.82770583724	0.0717720300384
7749	FLOWER	8.00553537357	0.294585976296
6137	FLOWER	1.01334325397	0.0401229843385
5364729	FLOWER	5.66219149807	0.213663494898
22310	FLOWER	6.9013479284	0.257002475845
6753	FLOWER	4.67933758164	0.178415023185
16741	FLOWER	4.74291737285	0.180718588832
641423	FLOWER	4.42613736677	0.169209217875
10797	FLOWER	2.79071624595	0.108513410972
24834	FLOWER	6.25844687983	0.234670612254
8137	FLOWER	5.80147165995	0.21859603703
7151	FLOWER	7.00784514201	0.260669848267
243	FLOWER	11.3157318154	0.401410958008
5960	FLOWER	3.25630028172	0.126010614659
7720	FLOWER	2.14278028686	0.0838746085314
244	FLOWER	10.1112910382	0.363556358943
7519	FLOWER	6.58237538193	0.24596394901
61138	FLOWER	1.34090027036	0.0529168054005
10430	FLOWER	3.90884136032	0.150242038101
21648	FLOWER	9.67612749157	0.349594122369
13187	FLOWER	11.4078867543	0.404259518092
12506	FLOWER	3.98619747899	0.153091991023
6998	FLOWER	7.73933910774	0.28561461638
8918	FLOWER	8.10316817491	0.297862193208
8091	FLOWER	9.66251874095	0.34915504227
62375	FLOWER	11.5257618934	0.407893200846
7593	FLOWER	13.569992355	0.469141817195
170833	FLOWER	5.17742039618	0.196374543064
16324	FLOWER	7.68458717999	0.283762335149
7768	FLOWER	1.25286682616	0.0494868029326
526618	FLOWER	3.96384373524	0.152268926547
875	FLOWER	2.71483170472	0.105645143715
177	FLOWER	1.32875083883	0.0524438020364
7991	FLOWER	2.47453577015	0.0965320998948
7894	FLOWER	0.394444444444	0.0157155432099
1001	FLOWER	19.1884870469	0.620260267818
263	FLOWER	5.63974410278	0.212867078693
7937	FLOWER	1.72690697973	0.0678833961024
6276	FLOWER	4.30866654355	0.164920818789
6584	FLOWER	4.03740643917	0.154975997265
5362588	FLOWER	2.8614625615	0.111183315264
18635	FLOWER	4.31604721833	0.165190583297
14514	FLOWER	3.73065706533	0.143659161757
5365049	FLOWER	10.1730824563	0.365526655588
8174	FLOWER	6.23248755562	0.233761941772
31249	FLOWER	4.90256845485	0.186488667212
61130	FLOWER	4.30192759192	0.164674471274
778574	FLOWER	6.65044909666	0.248326574591
9016	FLOWER	2.77747313046	0.108013182422
7967	FLOWER	1.62207735247	0.0638306401239
12748	FLOWER	1.50611507045	0.0593372497758
519539	FLOWER	2.23970551791	0.0875817083938
7127	FLOWER	6.35744757564	0.238131047155
62572	FLOWER	5.20193898291	0.197253491644
2345	FLOWER	12.7022810622	0.443552064815
807	FLOWER		
379	FLOWER	6.44436113735	0.241162529307
61771	FLOWER	6.04710365854	0.227257161279
6287	FLOWER	2.80619773228	0.109098011006
7795	FLOWER	5.16243729715	0.195837188347
565690	FLOWER	7.10187353071	0.26390029817
61337	FLOWER	4.02564109625	0.154543329356
14296	FLOWER	2.54066053622	0.0990444390647
5779	FLOWER	2.52422109981	0.0984201671282
7601	FLOWER	18.9995246139	0.615588210334
61192	FLOWER	6.77652484144	0.252692478087
8051	FLOWER	5.00074229189	0.190026722288
33032	FLOWER	4.28311111111	0.163986428128
8078	FLOWER	2.40990612648	0.0940731860439
1032	FLOWER	3.41244638247	0.131839939174
7749	CHEMICAL	24.4411329187	0.738697725408
6137	CHEMICAL	11.5605918367	0.408964760023
5364729	CHEMICAL	13.4039623609	0.464292011646
22310	CHEMICAL	12.011810556	0.422758985106
6753	CHEMICAL	12.4405951756	0.435716443695
16741	CHEMICAL	16.8330624349	0.559981701021
641423	CHEMICAL	12.0921078128	0.42519668397
10797	CHEMICAL	12.7311917472	0.444414372567
24834	CHEMICAL	17.0757898865	0.566398555361
8137	CHEMICAL	13.4069977599	0.464380874823
7151	CHEMICAL	13.0525351884	0.453953937599
243	CHEMICAL	22.8465005137	0.705074986259
5960	CHEMICAL	11.5678319661	0.409187384086
7720	CHEMICAL	28.3472534013	0.812463425894
244	CHEMICAL	23.9554497133	0.728672560146
7519	CHEMICAL	22.6799689441	0.701446361242
61138	CHEMICAL	9.54820877973	0.345461034829
10430	CHEMICAL	14.2623894864	0.489129277913
21648	CHEMICAL	17.4020170078	0.574948601937
13187	CHEMICAL	20.3649323717	0.648705106667
12506	CHEMICAL	14.4808262169	0.495355317507
6998	CHEMICAL	34.7824829932	0.907370870459
8918	CHEMICAL	10.5632842821	0.377898181355
8091	CHEMICAL	22.0741811896	0.688059457507
62375	CHEMICAL	26.3761338839	0.77676517989
7593	CHEMICAL	28.3222496113	0.812030055234
170833	CHEMICAL	26.1345114127	0.772175381795
16324	CHEMICAL	16.86257635	0.560764461536
7768	CHEMICAL	11.2854264372	0.400472717539
526618	CHEMICAL	10.459829932	0.374629980396
875	CHEMICAL	12.4773243627	0.436819525206
177	CHEMICAL	13.4812028806	0.466550982782
7991	CHEMICAL	16.5646145993	0.552830001243
7894	CHEMICAL	30.8593112245	0.85345361328
1001	CHEMICAL	21.4043121281	0.672914654053
263	CHEMICAL	17.8897123862	0.587571771744
7937	CHEMICAL	22.1992287747	0.690846847711
6276	CHEMICAL	15.72284487	0.530030654476
6584	CHEMICAL	10.5982740448	0.3790015967
5362588	CHEMICAL	30.7997789473	0.852540604612
18635	CHEMICAL	16.2250980572	0.543702399502
14514	CHEMICAL	14.4181227252	0.49357200384
5365049	CHEMICAL	13.6409232157	0.471207014158
8174	CHEMICAL	29.4640211739	0.831309429462
31249	CHEMICAL	13.8217366106	0.47645330325
61130	CHEMICAL	15.9837983647	0.537159210522
778574	CHEMICAL	19.5893931098	0.630077995428
9016	CHEMICAL	18.1010566569	0.592982965438
7967	CHEMICAL	41.5673322511	0.971556045854
12748	CHEMICAL	12.6168686898	0.441000597376
519539	CHEMICAL	7.67716892524	0.283511187927
7127	CHEMICAL	13.2908544815	0.46097545412
62572	CHEMICAL	14.1389134312	0.485592988043
2345	CHEMICAL	14.7850602151	0.50396320638
807	CHEMICAL		
379	CHEMICAL	11.3004309461	0.400937342018
61771	CHEMICAL	26.4725336764	0.778583331357
6287	CHEMICAL	11.564304587	0.409078927248
7795	CHEMICAL	14.8527939624	0.505869563101
565690	CHEMICAL	25.988211675	0.769373608575
61337	CHEMICAL	13.4436083356	0.465452091391
14296	CHEMICAL	14.1298296246	0.485332350895
5779	CHEMICAL	8.71578362921	0.31824539146
7601	CHEMICAL	11.4527408758	0.405643525605
61192	CHEMICAL	11.8830612088	0.418839590874
8051	CHEMICAL	26.217964659	0.773765918016
33032	CHEMICAL	9.6808994709	0.34974805301
8078	CHEMICAL	25.341313436	0.756779670776
1032	CHEMICAL	7.54828531412	0.279140768092
