#oID	descriptor	value	sigma
7749	INTENSITY/STRENGTH	61.4193137223	0.947839709644
6137	INTENSITY/STRENGTH	51.407550213	0.999207520959
5364729	INTENSITY/STRENGTH	59.7825707733	0.961720523626
22310	INTENSITY/STRENGTH	39.5811893844	0.956579354143
6753	INTENSITY/STRENGTH	29.8567646225	0.83770002741
16741	INTENSITY/STRENGTH	52.83405129	0.996787261314
641423	INTENSITY/STRENGTH	37.2167497316	0.934635405031
24834	INTENSITY/STRENGTH	66.7760588149	0.887425540256
8137	INTENSITY/STRENGTH	39.7466270316	0.957947337109
7151	INTENSITY/STRENGTH	61.8529169155	0.943803344238
243	INTENSITY/STRENGTH	51.2615455099	0.999363401171
5960	INTENSITY/STRENGTH	28.9760395031	0.823197234009
7720	INTENSITY/STRENGTH	66.1589923315	0.895554786732
244	INTENSITY/STRENGTH	58.2312525405	0.972898592646
7519	INTENSITY/STRENGTH	68.4207147557	0.864270907155
61138	INTENSITY/STRENGTH	36.5203658298	0.927319785056
21648	INTENSITY/STRENGTH	45.5430391699	0.992054200064
13187	INTENSITY/STRENGTH	57.3273247043	0.978524125071
12506	INTENSITY/STRENGTH	48.1778507311	0.998671908817
6998	INTENSITY/STRENGTH	58.1531654209	0.973410357448
8918	INTENSITY/STRENGTH	20.4676278085	0.651135597097
8091	INTENSITY/STRENGTH	51.8277664124	0.998663707977
62375	INTENSITY/STRENGTH	58.0646637712	0.973984479303
7593	INTENSITY/STRENGTH	31.0591696752	0.856497978642
170833	INTENSITY/STRENGTH	54.0204515004	0.993534387893
16324	INTENSITY/STRENGTH	64.5154520131	0.915720661142
7768	INTENSITY/STRENGTH	58.0461303422	0.974103914607
875	INTENSITY/STRENGTH	35.7141049532	0.918365281084
177	INTENSITY/STRENGTH	35.2291218422	0.912728463379
1001	INTENSITY/STRENGTH	51.2207179122	0.999403939112
7937	INTENSITY/STRENGTH	55.0850342165	0.989656970807
6276	INTENSITY/STRENGTH	49.263323487	0.999782923086
6584	INTENSITY/STRENGTH	37.6507564212	0.938998473213
14514	INTENSITY/STRENGTH	72.8390921242	0.791350348377
5365049	INTENSITY/STRENGTH	62.0369923882	0.942044325698
8174	INTENSITY/STRENGTH	45.7120773719	0.992645487814
31249	INTENSITY/STRENGTH	38.0333753473	0.942719957769
778574	INTENSITY/STRENGTH	26.2253366985	0.773906153959
7967	INTENSITY/STRENGTH	50.368555398	0.999945666767
12748	INTENSITY/STRENGTH	46.7724258011	0.995833105916
519539	INTENSITY/STRENGTH	68.3774718995	0.864907410634
7127	INTENSITY/STRENGTH	41.9537323909	0.974103031025
62572	INTENSITY/STRENGTH	65.6498027805	0.902033469173
2345	INTENSITY/STRENGTH	28.2264279894	0.810364624761
807	INTENSITY/STRENGTH	66.1836734694	0.895235485214
379	INTENSITY/STRENGTH	54.3152993774	0.992551276513
61771	INTENSITY/STRENGTH	62.5050047527	0.937449942454
6287	INTENSITY/STRENGTH	22.5259903144	0.698071516718
7795	INTENSITY/STRENGTH	54.1788243571	0.993014970797
565690	INTENSITY/STRENGTH	25.4066473743	0.758066802651
61337	INTENSITY/STRENGTH	57.8721036621	0.975211993573
14296	INTENSITY/STRENGTH	68.4530337063	0.863794218813
5779	INTENSITY/STRENGTH	32.8476392268	0.882318607962
7601	INTENSITY/STRENGTH	27.1110686118	0.790438727962
61192	INTENSITY/STRENGTH	47.5883661846	0.997673608936
8051	INTENSITY/STRENGTH	57.4626635346	0.977723461188
33032	INTENSITY/STRENGTH	14.2124511538	0.487700539031
8078	INTENSITY/STRENGTH	54.0497893489	0.993439682492
7749	VALENCE/PLEASANTNESS	48.1780705594	0.998672229245
6137	VALENCE/PLEASANTNESS	26.7235932784	0.783283556053
5364729	VALENCE/PLEASANTNESS	53.4113208931	0.995345155906
22310	VALENCE/PLEASANTNESS	57.5376242193	0.977273688452
6753	VALENCE/PLEASANTNESS	51.2612723553	0.999363676818
16741	VALENCE/PLEASANTNESS	24.2287843006	0.734337776549
641423	VALENCE/PLEASANTNESS	47.6276624278	0.997748805777
10797	VALENCE/PLEASANTNESS	35.912703418	0.920619230004
24834	VALENCE/PLEASANTNESS	63.2810233661	0.92944576734
8137	VALENCE/PLEASANTNESS	48.907685383	0.999522739511
7151	VALENCE/PLEASANTNESS	54.0133359053	0.993557253965
243	VALENCE/PLEASANTNESS	36.1592241296	0.923373169322
5960	VALENCE/PLEASANTNESS	45.0028213167	0.990011282083
7720	VALENCE/PLEASANTNESS	40.6956661566	0.965371748692
244	VALENCE/PLEASANTNESS	41.2126436664	0.969112947466
7519	VALENCE/PLEASANTNESS	41.5370107563	0.971351125225
61138	VALENCE/PLEASANTNESS	31.9063149022	0.869047423832
10430	VALENCE/PLEASANTNESS	33.9296919259	0.896698079362
21648	VALENCE/PLEASANTNESS	56.2598474031	0.984325724196
13187	VALENCE/PLEASANTNESS	55.3918135609	0.98837133861
12506	VALENCE/PLEASANTNESS	52.7423268523	0.996991857374
6998	VALENCE/PLEASANTNESS	54.030326944	0.99350258589
8918	VALENCE/PLEASANTNESS	49.153704175	0.999713513351
8091	VALENCE/PLEASANTNESS	55.0602660245	0.989757483104
62375	VALENCE/PLEASANTNESS	47.7435550385	0.997963382454
7593	VALENCE/PLEASANTNESS	43.693485776	0.984091151337
170833	VALENCE/PLEASANTNESS	46.910382276	0.996181704928
16324	VALENCE/PLEASANTNESS	53.8086007514	0.994197824127
7768	VALENCE/PLEASANTNESS	39.569797037	0.956484346461
526618	VALENCE/PLEASANTNESS	33.8645578576	0.895859002747
875	VALENCE/PLEASANTNESS	48.5783870841	0.999191606687
177	VALENCE/PLEASANTNESS	29.669027118	0.834660616669
7991	VALENCE/PLEASANTNESS	32.8000382339	0.881664526097
7894	VALENCE/PLEASANTNESS	39.4148107612	0.955181507512
1001	VALENCE/PLEASANTNESS	44.8603812534	0.989433727656
263	VALENCE/PLEASANTNESS	40.1464974077	0.961163394665
7937	VALENCE/PLEASANTNESS	40.6830222417	0.96527757018
6276	VALENCE/PLEASANTNESS	41.3966712405	0.970393093702
6584	VALENCE/PLEASANTNESS	44.344949939	0.987208163523
5362588	VALENCE/PLEASANTNESS	48.5527244602	0.999162157405
18635	VALENCE/PLEASANTNESS	20.2856984541	0.646824113456
14514	VALENCE/PLEASANTNESS	37.9822209702	0.942229194877
5365049	VALENCE/PLEASANTNESS	52.1454856686	0.998158756498
8174	VALENCE/PLEASANTNESS	42.7647680471	0.979060567435
31249	VALENCE/PLEASANTNESS	57.1081530645	0.979789664005
61130	VALENCE/PLEASANTNESS	38.9907378576	0.951518458832
778574	VALENCE/PLEASANTNESS	49.0640901873	0.999649629129
9016	VALENCE/PLEASANTNESS	42.8325883127	0.979451283882
7967	VALENCE/PLEASANTNESS	38.2485552437	0.944761418456
12748	VALENCE/PLEASANTNESS	36.0979097012	0.92269275413
519539	VALENCE/PLEASANTNESS	27.000115501	0.788402125212
7127	VALENCE/PLEASANTNESS	48.2666755169	0.998798234494
62572	VALENCE/PLEASANTNESS	58.0227780308	0.974254013067
2345	VALENCE/PLEASANTNESS	46.545645739	0.995226974656
807	VALENCE/PLEASANTNESS	31.5306122449	0.863552686381
379	VALENCE/PLEASANTNESS	42.4622447993	0.977272898614
61771	VALENCE/PLEASANTNESS	45.9735193469	0.99351498142
6287	VALENCE/PLEASANTNESS	35.120303004	0.911437846923
7795	VALENCE/PLEASANTNESS	51.1202762799	0.999497992423
565690	VALENCE/PLEASANTNESS	51.4757618158	0.999128850825
61337	VALENCE/PLEASANTNESS	45.1008083816	0.990399168595
14296	VALENCE/PLEASANTNESS	38.0653131493	0.94302529991
5779	VALENCE/PLEASANTNESS	43.757301795	0.984411487648
7601	VALENCE/PLEASANTNESS	47.1928518207	0.99684796764
61192	VALENCE/PLEASANTNESS	47.5004975666	0.997500995034
8051	VALENCE/PLEASANTNESS	46.9531908011	0.996286781482
33032	VALENCE/PLEASANTNESS	44.8364119901	0.989334943546
8078	VALENCE/PLEASANTNESS	39.5385805996	0.956223481651
1032	VALENCE/PLEASANTNESS	40.0936651028	0.960745811562
7749	BAKERY	3.23923973904	0.125372519927
6137	BAKERY	6.56274867329	0.245282078872
5364729	BAKERY	2.85701867131	0.111015724577
22310	BAKERY	7.07866205241	0.263103499516
6753	BAKERY	6.66680653782	0.248893737748
16741	BAKERY	3.13657863587	0.121527895219
641423	BAKERY	3.28748568505	0.12717640255
10797	BAKERY	3.07375959156	0.119171184452
24834	BAKERY	11.2685889151	0.399951118149
8137	BAKERY	2.04081824057	0.0799667539865
7151	BAKERY	4.1691115437	0.159811865323
243	BAKERY	3.80826647435	0.146529501558
5960	BAKERY	6.14356773746	0.23064533968
7720	BAKERY	1.8029876852	0.0708192015707
244	BAKERY	2.86055533216	0.111149102563
7519	BAKERY	2.52835122355	0.0985770249783
61138	BAKERY	2.53796611953	0.0989421359717
10430	BAKERY	2.72241015278	0.105931799295
21648	BAKERY	0.400171015274	0.0159427858744
13187	BAKERY	2.63035504652	0.102446694792
12506	BAKERY	6.44965221278	0.241346883045
6998	BAKERY	10.4726217635	0.375034547899
8918	BAKERY	2.30398505723	0.0900360634315
8091	BAKERY	1.99166791973	0.0780800203484
62375	BAKERY	1.23041866755	0.0486111746632
7593	BAKERY	1.64308514602	0.0646435143219
170833	BAKERY	2.00013756385	0.0784052824444
16324	BAKERY	4.22925771211	0.162015660166
7768	BAKERY	4.12952319702	0.158359743147
526618	BAKERY	4.9381667164	0.187772472448
875	BAKERY	7.82263915252	0.288428092777
177	BAKERY	3.15184208508	0.122100039992
7991	BAKERY	2.58358216028	0.1006733277
7894	BAKERY	2.4223495546	0.094546871238
1001	BAKERY	2.0113106721	0.0788342786361
263	BAKERY	2.39609566463	0.0935473168117
7937	BAKERY	4.93720433188	0.187737778629
6276	BAKERY	2.15852488957	0.0844773037034
6584	BAKERY	2.41004338216	0.0940784116448
5362588	BAKERY	3.18479609435	0.123334673309
18635	BAKERY	2.69972231807	0.105073492485
14514	BAKERY	6.39613064405	0.239481030876
5365049	BAKERY	2.49745501744	0.097403288072
8174	BAKERY	1.87575686252	0.0736228889778
31249	BAKERY	5.11178623957	0.194019306159
61130	BAKERY	2.56534914421	0.0999815592758
778574	BAKERY	2.03697147041	0.0798191577078
9016	BAKERY	0.899951147225	0.035674081062
7967	BAKERY	2.75717005425	0.107246007487
12748	BAKERY	5.72997618424	0.216065996541
519539	BAKERY	4.25011814981	0.162779324277
7127	BAKERY	8.24452972359	0.302592280798
62572	BAKERY	5.35588164832	0.20276107864
2345	BAKERY	1.82340825402	0.0716064030963
807	BAKERY	0.122448979592	0.00489196168264
379	BAKERY	2.7713033305	0.10778008436
61771	BAKERY	2.33163097533	0.0910906378111
6287	BAKERY	4.93284787099	0.187580719592
7795	BAKERY	2.04752393813	0.0802240158142
565690	BAKERY	2.06034689459	0.0807158640531
61337	BAKERY	6.19747434568	0.232535498521
14296	BAKERY	7.36975380491	0.273064843739
5779	BAKERY	7.78493600306	0.287155348694
7601	BAKERY	1.90170710608	0.0746216882762
61192	BAKERY	4.93580588763	0.187687363601
8051	BAKERY	2.13968964601	0.0837562771279
33032	BAKERY	6.4798178882	0.242397499582
8078	BAKERY	2.37968146667	0.0929221051138
1032	BAKERY	3.14834291373	0.121968891308
7749	SWEET	24.1701970559	0.733128511947
6137	SWEET	10.8946873309	0.388309808421
5364729	SWEET	20.7629040592	0.65807688838
22310	SWEET	15.5771184078	0.526026089155
6753	SWEET	15.9700088355	0.536783880539
16741	SWEET	6.32621287489	0.23704012726
641423	SWEET	15.9651960571	0.536652848228
10797	SWEET	7.69183763486	0.284007758914
24834	SWEET	36.2972774856	0.924894158277
8137	SWEET	18.827932073	0.611320872461
7151	SWEET	19.5895867488	0.630082706357
243	SWEET	8.45053225464	0.309456692031
5960	SWEET	14.3295561115	0.491047773118
7720	SWEET	13.8009939801	0.475852785268
244	SWEET	13.6493833334	0.471453067184
7519	SWEET	14.4798862992	0.495328609073
61138	SWEET	3.59423815782	0.138602107139
10430	SWEET	3.0815547582	0.119463798437
21648	SWEET	24.9423773723	0.7488462193
13187	SWEET	27.5691626015	0.798743013441
12506	SWEET	21.1966074711	0.668145831531
6998	SWEET	26.6766027843	0.782407656927
8918	SWEET	14.9853248926	0.50958901085
8091	SWEET	25.1451005818	0.752893589965
62375	SWEET	15.2320464984	0.516475763724
7593	SWEET	13.1065069929	0.455548069495
170833	SWEET	12.1366125601	0.42654555663
16324	SWEET	30.328576881	0.845214044989
7768	SWEET	11.3189435261	0.401510348026
526618	SWEET	8.68951560475	0.317377551612
875	SWEET	14.250804149	0.488797998403
177	SWEET	2.76483455136	0.107535658016
7991	SWEET	9.30019008306	0.33741018909
7894	SWEET	11.8970420167	0.419265837171
1001	SWEET	14.1513129683	0.485948655241
263	SWEET	13.147272719	0.456750596781
7937	SWEET	9.81083524063	0.353932414378
6276	SWEET	14.3318943796	0.491114496582
6584	SWEET	13.7185621178	0.473462906081
5362588	SWEET	22.2975042377	0.693028691416
18635	SWEET	0.0	0.0
14514	SWEET	10.7648325852	0.384240655174
5365049	SWEET	20.8610086731	0.66036767378
8174	SWEET	11.6463230866	0.411598186888
31249	SWEET	31.8475094985	0.868194835437
61130	SWEET	8.20725860882	0.301346706804
778574	SWEET	17.6476541423	0.581330287002
9016	SWEET	14.8092282325	0.504643832962
7967	SWEET	10.9714260995	0.390708167719
12748	SWEET	4.77932246618	0.182036129353
519539	SWEET	3.52963138593	0.136201936349
7127	SWEET	18.067470981	0.592125436181
62572	SWEET	31.7661323571	0.867010428313
2345	SWEET	13.46665884	0.466125993475
807	SWEET	2.77551020408	0.107939025406
379	SWEET	18.1897704841	0.595243719259
61771	SWEET	17.8717703048	0.587110742661
6287	SWEET	3.31319619163	0.128136940063
7795	SWEET	25.0698849193	0.751395744825
565690	SWEET	14.7385979989	0.502653411567
61337	SWEET	17.2078848136	0.56987087264
14296	SWEET	7.32990031792	0.271705037248
5779	SWEET	9.03537223663	0.328759708883
7601	SWEET	14.3265203896	0.490961140994
61192	SWEET	13.0437782347	0.453695069135
8051	SWEET	22.5834992953	0.699334195644
33032	SWEET	15.2843049563	0.517928207053
8078	SWEET	10.0507125107	0.361621771637
1032	SWEET	11.6459280656	0.411586066419
7749	FRUIT	14.6052308803	0.498884127584
6137	FRUIT	5.24877989594	0.198931319679
5364729	FRUIT	12.4292607108	0.435375819706
22310	FRUIT	3.26766700394	0.126435621098
6753	FRUIT	3.41801575339	0.13204749746
16741	FRUIT	4.91660939634	0.186995156671
641423	FRUIT	6.13481700191	0.230338288218
10797	FRUIT	1.87804639138	0.0737110323559
24834	FRUIT	9.78989448375	0.353258965749
8137	FRUIT	9.85968587357	0.355502072733
7151	FRUIT	9.09142036425	0.330595244874
243	FRUIT	0.658460091148	0.0261649757693
5960	FRUIT	7.4230958633	0.274882893654
7720	FRUIT	5.54527611118	0.209511009588
244	FRUIT	5.1140293977	0.194099857236
7519	FRUIT	5.97074902991	0.224570023605
61138	FRUIT	0.0	0.0
10430	FRUIT	0.0	0.0
21648	FRUIT	8.01593328447	0.294935256811
13187	FRUIT	18.5170694973	0.603530034786
12506	FRUIT	10.0958016296	0.363061980966
6998	FRUIT	8.07321409827	0.29685784958
8918	FRUIT	6.64576719375	0.248164199113
8091	FRUIT	18.707659868	0.608315779625
62375	FRUIT	4.68593720017	0.178654285029
7593	FRUIT	1.02583619772	0.0406125119469
170833	FRUIT	3.1135877417	0.120665738218
16324	FRUIT	21.0201555076	0.664067445278
7768	FRUIT	3.97152384027	0.152551752965
526618	FRUIT	5.61821592818	0.212102897041
875	FRUIT	5.445730489	0.205966827336
177	FRUIT	0.101315880642	0.0040485292626
7991	FRUIT	2.48036421942	0.0967536861126
7894	FRUIT	2.39251573548	0.0934109768014
1001	FRUIT	4.29775193421	0.164521808693
263	FRUIT	3.31200663023	0.128092510042
7937	FRUIT	2.31333924246	0.0903929543181
6276	FRUIT	4.97188402792	0.188987508802
6584	FRUIT	3.21489546075	0.124461597301
5362588	FRUIT	11.7339303469	0.414283165321
18635	FRUIT	0.0	0.0
14514	FRUIT	5.52380723394	0.208747310815
5365049	FRUIT	17.0258237444	0.565081480105
8174	FRUIT	5.94846356992	0.22378485526
31249	FRUIT	22.1667473149	0.690124017987
61130	FRUIT	7.80177663337	0.28772397788
778574	FRUIT	6.69759580736	0.249960716455
9016	FRUIT	4.11084306635	0.157674110368
7967	FRUIT	1.82421633981	0.0716375474905
12748	FRUIT	0.630790708205	0.0250724695612
519539	FRUIT	2.81907389341	0.10958408469
7127	FRUIT	4.89821911239	0.186331744306
62572	FRUIT	19.6169814732	0.63074887408
2345	FRUIT	1.83526906228	0.0720634774789
807	FRUIT	2.04081632653	0.0799666805497
379	FRUIT	12.9350483096	0.450475742474
61771	FRUIT	6.51228121124	0.24352732582
6287	FRUIT	0.0	0.0
7795	FRUIT	17.5775886184	0.579514896081
565690	FRUIT	7.51399856506	0.277975872828
61337	FRUIT	8.20739878525	0.301351393482
14296	FRUIT	1.40489315347	0.0554062362299
5779	FRUIT	1.66719306493	0.0655759095107
7601	FRUIT	0.361070550012	0.0143906732236
61192	FRUIT	2.25636496344	0.0882181253983
8051	FRUIT	11.4977543409	0.407030831682
33032	FRUIT	6.22475821531	0.233491282677
8078	FRUIT	2.27361611616	0.0888769125489
1032	FRUIT	2.28817929816	0.0894328661262
7749	FISH	1.63982063637	0.0645172207669
6137	FISH	6.04908441601	0.227326807732
5364729	FISH	0.790432993546	0.0313674060149
22310	FISH	0.771086908788	0.0306056463432
6753	FISH	1.12164161263	0.0443624325422
16741	FISH	4.76522369813	0.181526005168
641423	FISH	0.977172930826	0.0387049704583
10797	FISH	1.3622196898	0.0537465305986
24834	FISH	0.894878564154	0.0354748195083
8137	FISH	0.805231965461	0.0319499192112
7151	FISH	0.851182652069	0.0337575013199
243	FISH	0.691359302862	0.0274631810402
5960	FISH	1.26272265717	0.0498711188833
7720	FISH	0.720198876582	0.0286004804945
244	FISH	0.62344205577	0.024782210232
7519	FISH	0.704786929571	0.0279927873364
61138	FISH	1.61390813578	0.063514445643
10430	FISH	1.27235995228	0.0502468381518
21648	FISH	0.73175966596	0.0290561977549
13187	FISH	0.478201276343	0.0190365804695
12506	FISH	1.22749301544	0.0484970249766
6998	FISH	0.804616090263	0.0319256807894
8918	FISH	0.845328636047	0.0335273132407
8091	FISH	0.768877874913	0.0305186457219
62375	FISH	0.94515378719	0.037448825215
7593	FISH	0.836194537544	0.0331680929799
170833	FISH	0.730607820062	0.0290107976878
16324	FISH	0.772621895613	0.0306660979871
7768	FISH	1.8592114338	0.0729857904898
526618	FISH	4.3705562685	0.167181545902
875	FISH	1.82420392641	0.0716370690702
177	FISH	1.82487603694	0.0716629724577
7991	FISH	1.60859870233	0.063308912179
7894	FISH	1.05360520006	0.0417001744354
1001	FISH	0.434919003592	0.0173210983278
263	FISH	1.75747061441	0.0690633433923
7937	FISH	0.60165753527	0.0239215046949
6276	FISH	1.54354036435	0.0607886078314
6584	FISH	1.20834559922	0.047749784334
5362588	FISH	0.559741902735	0.0222643517103
18635	FISH	6.34058219407	0.237542094739
14514	FISH	0.484044862238	0.0192680747181
5365049	FISH	1.65263510872	0.0650129232277
8174	FISH	0.545996150497	0.0217206013013
31249	FISH	1.42587672918	0.0562218193886
61130	FISH	0.700240996193	0.0278135048666
778574	FISH	0.905191969082	0.0358799297629
9016	FISH	0.926145267847	0.036702712691
7967	FISH	2.98794563236	0.115946697654
12748	FISH	3.22851372556	0.124971228672
519539	FISH	4.26054403604	0.163160867248
7127	FISH	0.951513672484	0.0376983955918
62572	FISH	1.07091484476	0.0423778503484
2345	FISH	1.08234954113	0.0428253894335
807	FISH	3.02040816327	0.117167180342
379	FISH	0.678432916974	0.0269532081898
61771	FISH	1.0767122934	0.0426047679907
6287	FISH	1.14545054481	0.0452931990122
7795	FISH	0.889235636629	0.0352531294582
565690	FISH	0.903636164339	0.0358188232465
61337	FISH	0.9932707544	0.0393361954594
14296	FISH	0.634005391282	0.0251994305168
5779	FISH	1.76660249898	0.0694157462033
7601	FISH	1.22633452132	0.0484518223097
61192	FISH	3.05096221297	0.118315140349
8051	FISH	1.1417773973	0.0451496336421
33032	FISH	1.3353170845	0.0526994546935
8078	FISH	3.33900584123	0.129100649646
1032	FISH	1.43043986508	0.05639913132
7749	GARLIC	3.26138296762	0.12620067116
6137	GARLIC	11.4040225754	0.404140210657
5364729	GARLIC	2.6000991034	0.101299757997
22310	GARLIC	1.84698210043	0.0725147468655
6753	GARLIC	2.18356507496	0.0854354204238
16741	GARLIC	5.34537441254	0.202385765458
641423	GARLIC	2.77243241695	0.107822744075
10797	GARLIC	3.40595502406	0.131597989112
24834	GARLIC	1.58625344793	0.0624436579168
8137	GARLIC	1.88941043347	0.0741484686242
7151	GARLIC	1.90681943256	0.0748183931631
243	GARLIC	2.61672296392	0.101930022929
5960	GARLIC	2.84034447234	0.110386756205
7720	GARLIC	2.24674486084	0.0878506494458
244	GARLIC	1.33015494351	0.052498472871
7519	GARLIC	1.10414999938	0.0436783410868
61138	GARLIC	4.13313249796	0.15849218622
10430	GARLIC	3.18536961202	0.123356152655
21648	GARLIC	1.50407582736	0.0592581354566
13187	GARLIC	1.58100256295	0.0622402748764
12506	GARLIC	2.33831141066	0.0913453763252
6998	GARLIC	2.40389189101	0.0938441971511
8918	GARLIC	1.94358144734	0.0762322543567
8091	GARLIC	1.72950525002	0.0679837346368
62375	GARLIC	1.88055364582	0.0738075530268
7593	GARLIC	2.02244270499	0.0792615984015
170833	GARLIC	1.52447402134	0.0600493524371
16324	GARLIC	2.60496346738	0.101484204829
7768	GARLIC	1.85305010227	0.0727484862183
526618	GARLIC	10.2507899852	0.368000121279
875	GARLIC	4.78055885184	0.182080856899
177	GARLIC	7.28611323811	0.270209551077
7991	GARLIC	3.71329795265	0.143016485432
7894	GARLIC	3.62091144373	0.139592057876
1001	GARLIC	1.85948777935	0.0729964332533
263	GARLIC	6.59441178919	0.246381964829
7937	GARLIC	1.52100854243	0.0599149549026
6276	GARLIC	5.10813752934	0.193888273566
6584	GARLIC	2.58862087054	0.100864451617
5362588	GARLIC	1.22220985218	0.0482908753183
18635	GARLIC	16.6742297361	0.555757214526
14514	GARLIC	1.37659436194	0.0543057696625
5365049	GARLIC	1.89427065441	0.0743355216515
8174	GARLIC	2.1806470681	0.0853237940699
31249	GARLIC	2.49727528452	0.0973964578422
61130	GARLIC	0.378940453555	0.0151001797953
778574	GARLIC	2.31195110833	0.0903399971624
9016	GARLIC	1.30000975797	0.0513243801705
7967	GARLIC	2.70351320387	0.105216934698
12748	GARLIC	7.61362708009	0.281358156278
519539	GARLIC	5.49315165486	0.207656180153
7127	GARLIC	2.20459634801	0.0862397558973
62572	GARLIC	2.48568711321	0.0969560283584
2345	GARLIC	2.59504842308	0.101108226396
807	GARLIC	1.16326530612	0.0459893377758
379	GARLIC	2.10402968499	0.0823904110335
61771	GARLIC	1.56940649152	0.0617910449664
6287	GARLIC	1.85337881133	0.0727611472459
7795	GARLIC	1.92248943635	0.075421191201
565690	GARLIC	1.68625072288	0.0663126523152
61337	GARLIC	3.14142253529	0.121709487193
14296	GARLIC	1.59859361219	0.0629215438729
5779	GARLIC	4.50359895006	0.172030996601
7601	GARLIC	2.71206033228	0.105540304793
61192	GARLIC	6.55498702043	0.245012338882
8051	GARLIC	1.78640975815	0.0701798863964
33032	GARLIC	2.72132473873	0.105890746216
8078	GARLIC	6.00893402448	0.225914445735
1032	GARLIC	3.14129895701	0.121704854625
7749	SPICES	4.42402866276	0.169132334667
6137	SPICES	8.36883338872	0.306738386634
5364729	SPICES	6.34180171814	0.237584689113
22310	SPICES	6.59209525762	0.246301522351
6753	SPICES	8.49354943786	0.310885824693
16741	SPICES	6.99774848822	0.260322545967
641423	SPICES	6.31912438949	0.236792442359
10797	SPICES	7.79436123867	0.287473622699
24834	SPICES	8.72266510219	0.318472649493
8137	SPICES	4.95605364811	0.188417158819
7151	SPICES	6.62030439485	0.247280803682
243	SPICES	5.62369406823	0.21229738874
5960	SPICES	6.28982771458	0.235768335511
7720	SPICES	5.57343226765	0.210512031809
244	SPICES	7.50126839288	0.277543124714
7519	SPICES	6.61265920051	0.24701546334
61138	SPICES	5.91512663257	0.222609576071
10430	SPICES	6.46056956794	0.241727199061
21648	SPICES	6.71907196266	0.250704507291
13187	SPICES	4.42226732874	0.169068113819
12506	SPICES	5.81197697848	0.21896744858
6998	SPICES	8.48164125495	0.310490354847
8918	SPICES	3.99478552027	0.15340809627
8091	SPICES	4.19076691383	0.160605665623
62375	SPICES	7.3117934619	0.271086809024
7593	SPICES	6.71094796798	0.250423189668
170833	SPICES	8.01570688682	0.294927652714
16324	SPICES	4.73824108994	0.180549272147
7768	SPICES	9.98675214442	0.359575998419
526618	SPICES	9.1372582881	0.332094535915
875	SPICES	5.94956662242	0.223823727699
177	SPICES	7.47832058232	0.2767627118
7991	SPICES	4.79145586977	0.18247501505
7894	SPICES	6.24568595236	0.234224000888
1001	SPICES	6.65468128146	0.248473338075
263	SPICES	6.65695484015	0.248552174508
7937	SPICES	8.65682013994	0.316296591623
6276	SPICES	5.74962673591	0.216761786396
6584	SPICES	5.60927485043	0.211785408278
5362588	SPICES	6.03071236801	0.226680698054
18635	SPICES	10.7582175374	0.384033003663
14514	SPICES	6.62745483514	0.247528930369
5365049	SPICES	5.05874493322	0.192113437209
8174	SPICES	4.27367442184	0.163641259648
31249	SPICES	4.97141767981	0.188970709694
61130	SPICES	7.62032658474	0.281585312486
778574	SPICES	6.38781886418	0.239191062631
9016	SPICES	7.69519022074	0.284121227816
7967	SPICES	6.92289576801	0.257745236394
12748	SPICES	9.12340298569	0.331641526612
519539	SPICES	7.49635135261	0.277375940664
7127	SPICES	14.1997900885	0.487337988118
62572	SPICES	4.91649426315	0.18699100419
2345	SPICES	6.0891164299	0.228733721637
807	SPICES	3.83673469388	0.147581174511
379	SPICES	4.51877313617	0.172583201184
61771	SPICES	6.58598958672	0.246089479934
6287	SPICES	6.76812389845	0.252401955496
7795	SPICES	4.43967701892	0.169702787944
565690	SPICES	7.00316861989	0.260508996508
61337	SPICES	6.04397349767	0.22714709365
14296	SPICES	6.78145892058	0.252863082786
5779	SPICES	6.88154492749	0.256319532864
7601	SPICES	6.39703623222	0.239512620266
61192	SPICES	6.57485994213	0.245702884382
8051	SPICES	4.81624156702	0.183371189548
33032	SPICES	5.30416128992	0.200912800801
8078	SPICES	6.91783543411	0.257570838527
1032	SPICES	5.92547360848	0.222974449345
7749	COLD	3.94297456088	0.15150016308
6137	COLD	3.18071615118	0.123181863953
5364729	COLD	4.93411276733	0.187626323173
22310	COLD	7.50957834905	0.27782562717
6753	COLD	3.24362106481	0.125536411548
16741	COLD	3.09544780466	0.119985193342
641423	COLD	4.27615013695	0.16373182148
10797	COLD	4.18676600205	0.16045903626
24834	COLD	4.45031316101	0.170090411548
8137	COLD	4.69545628242	0.178999327417
7151	COLD	5.95383213129	0.223974038433
243	COLD	4.14952523714	0.159093585608
5960	COLD	3.10968208887	0.120519234477
7720	COLD	5.53128666512	0.209013413736
244	COLD	4.86514478	0.185137937708
7519	COLD	4.68184160804	0.178505807984
61138	COLD	3.84639069677	0.147937739314
10430	COLD	4.32053565934	0.16535461502
21648	COLD	6.76691138314	0.252360019459
13187	COLD	5.59933632192	0.211432425979
12506	COLD	6.03489904046	0.226827959047
6998	COLD	4.38326687822	0.167645463719
8918	COLD	5.06992469352	0.192515333182
8091	COLD	5.2273822295	0.198165079191
62375	COLD	5.52665738272	0.208848718579
7593	COLD	4.5822622984	0.174891640828
170833	COLD	11.3653021802	0.402944049749
16324	COLD	4.63027911097	0.176635370581
7768	COLD	8.59624986286	0.314291789832
526618	COLD	2.31717094364	0.090539125273
875	COLD	3.17765458358	0.123067187882
177	COLD	4.02418126499	0.154489636658
7991	COLD	3.88937350324	0.149524049631
7894	COLD	4.92326026058	0.187235013786
1001	COLD	5.47642353423	0.207060455479
263	COLD	4.64034138679	0.177000548197
7937	COLD	4.58689843578	0.175060082527
6276	COLD	4.83581155526	0.184078432851
6584	COLD	3.95394848223	0.151904455849
5362588	COLD	5.38723335639	0.203880420961
18635	COLD	2.45070997786	0.0956260073562
14514	COLD	4.30913642941	0.16493799447
5365049	COLD	4.84456221498	0.184394575377
8174	COLD	5.66742471625	0.213849107484
31249	COLD	3.71391935361	0.143039495358
61130	COLD	7.63848501607	0.282200819306
778574	COLD	4.67278458114	0.178177416949
9016	COLD	4.81979328402	0.183499568441
7967	COLD	6.38423726011	0.239066096247
12748	COLD	2.93396044956	0.113915168415
519539	COLD	3.41558265902	0.131956824401
7127	COLD	4.44336108704	0.169837060382
62572	COLD	5.06661539477	0.192396379168
2345	COLD	4.15960972071	0.159463447617
807	COLD	4.51020408163	0.172271386922
379	COLD	4.83747156828	0.184138410261
61771	COLD	7.26096699445	0.2693500231
6287	COLD	3.70604699974	0.142747966244
7795	COLD	5.49971768187	0.207889949443
565690	COLD	7.5919202131	0.280621907515
61337	COLD	4.73521947016	0.180439857434
14296	COLD	4.34971038379	0.166420423182
5779	COLD	4.32471702112	0.16550740992
7601	COLD	3.93287034219	0.151127826036
61192	COLD	2.16040811559	0.0845493793331
8051	COLD	5.69464468514	0.21481419617
33032	COLD	5.03141058009	0.191130386233
8078	COLD	6.10432535642	0.229267899034
1032	COLD	3.9793509248	0.152839943479
7749	SOUR	10.1857324161	0.365929638704
6137	SOUR	18.1313245521	0.593755010079
5364729	SOUR	6.82227330377	0.254273566938
22310	SOUR	4.40655733725	0.168495194463
6753	SOUR	9.38256622975	0.340089629568
16741	SOUR	12.1668476882	0.427461034462
641423	SOUR	7.22025106554	0.267957232442
10797	SOUR	7.78982105442	0.287320317353
24834	SOUR	4.28709493302	0.164132124135
8137	SOUR	7.97246442976	0.293474501557
7151	SOUR	5.90958884764	0.222414257766
243	SOUR	10.209319175	0.366680687792
5960	SOUR	13.4154358501	0.464627866386
7720	SOUR	7.62175552385	0.281633758048
244	SOUR	6.58937482592	0.246207048798
7519	SOUR	6.31696356169	0.236716931012
61138	SOUR	16.0355322565	0.538565972359
10430	SOUR	14.2122178048	0.48769385822
21648	SOUR	6.44662004553	0.241241237816
13187	SOUR	6.6707982152	0.249032109077
12506	SOUR	5.86859792806	0.220967740466
6998	SOUR	5.75434809777	0.216928915099
8918	SOUR	7.37774513465	0.273337356077
8091	SOUR	7.94227055732	0.29245895765
62375	SOUR	6.54479874728	0.244658193634
7593	SOUR	7.5993121757	0.28087266881
170833	SOUR	5.38930769113	0.203954452689
16324	SOUR	9.57049627777	0.34618209151
7768	SOUR	7.13681249176	0.265098862653
526618	SOUR	9.5802996448	0.346499129278
875	SOUR	13.7274481636	0.473720793311
177	SOUR	17.6161070267	0.580513390358
7991	SOUR	16.6298595741	0.554573491182
7894	SOUR	7.80675294043	0.287891961028
1001	SOUR	6.04583428033	0.227212526355
263	SOUR	8.36672046243	0.306668013979
7937	SOUR	6.05028308348	0.227368953183
6276	SOUR	8.25587685668	0.302971273198
6584	SOUR	11.7048693091	0.413393186147
5362588	SOUR	7.88516612208	0.290536306974
18635	SOUR	22.7541916951	0.703066371926
14514	SOUR	6.89993193549	0.256953653134
5365049	SOUR	7.02516209247	0.261265322729
8174	SOUR	5.97118476745	0.224585371687
31249	SOUR	7.46683704893	0.276372019751
61130	SOUR	12.3767355802	0.433795989761
778574	SOUR	6.87150654756	0.255973221009
9016	SOUR	5.78273168119	0.217933272969
7967	SOUR	8.01624203902	0.29494562699
12748	SOUR	9.92418649326	0.357571668709
519539	SOUR	10.4243729951	0.373507898867
7127	SOUR	6.42332065931	0.240429207055
62572	SOUR	7.49070676252	0.27718399538
2345	SOUR	7.49417812582	0.27730204272
807	SOUR	9.73469387755	0.351482049146
379	SOUR	11.0918408098	0.394462059372
61771	SOUR	5.92700472571	0.223028435021
6287	SOUR	12.0508523878	0.423944878203
7795	SOUR	7.90392251694	0.291168104216
565690	SOUR	7.18443634479	0.266731003555
61337	SOUR	9.00454472684	0.327749058779
14296	SOUR	7.09429330356	0.263640133152
5779	SOUR	8.10406246432	0.297892167202
7601	SOUR	7.44451767018	0.27561236947
61192	SOUR	8.64687545211	0.315967636051
8051	SOUR	9.87483914297	0.355988586479
33032	SOUR	11.9751330511	0.421643797406
8078	SOUR	7.98927909169	0.294039731506
1032	SOUR	14.0239318429	0.482289007981
7749	BURNT	2.87685384852	0.111763638714
6137	BURNT	16.2104807906	0.543307356638
5364729	BURNT	2.82089620104	0.109652865891
22310	BURNT	4.94953252859	0.188182152243
6753	BURNT	6.45914931919	0.241677728796
16741	BURNT	19.6566858284	0.631713314033
641423	BURNT	2.90038546262	0.112650524172
10797	BURNT	7.39820206207	0.274034724982
24834	BURNT	1.68781636185	0.0663731648453
8137	BURNT	5.93720379372	0.223387996193
7151	BURNT	5.57367630152	0.210520705055
243	BURNT	6.61281454765	0.247020855409
5960	BURNT	7.08217271589	0.263224040485
7720	BURNT	4.18909509334	0.160544396653
244	BURNT	6.9154835388	0.257489776522
7519	BURNT	7.18956628596	0.266906706086
61138	BURNT	4.02080410169	0.154365417818
10430	BURNT	4.1548970827	0.159290615401
21648	BURNT	3.37050313829	0.130276008969
13187	BURNT	3.7179362034	0.143188228291
12506	BURNT	3.67176398631	0.141477819144
6998	BURNT	2.92734381817	0.113666015995
8918	BURNT	3.90286156635	0.150021531291
8091	BURNT	3.23381379592	0.12516953117
62375	BURNT	5.14099523161	0.195067876476
7593	BURNT	4.90502188951	0.186577179686
170833	BURNT	4.70367908116	0.179297324487
16324	BURNT	2.3538669747	0.0919384030941
7768	BURNT	5.186225361	0.196690241042
526618	BURNT	14.5983218873	0.498688474721
875	BURNT	12.0995584978	0.425422613574
177	BURNT	4.97160229154	0.188977359923
7991	BURNT	4.27567944124	0.163714603776
7894	BURNT	3.61745969848	0.139463982071
1001	BURNT	4.83466196033	0.184036895905
263	BURNT	4.07317145871	0.156290568056
7937	BURNT	7.24490148939	0.268800620539
6276	BURNT	4.58525074426	0.175000220015
6584	BURNT	4.00042578535	0.153615668828
5362588	BURNT	3.65235663833	0.140758381928
18635	BURNT	8.2365014425	0.302324075295
14514	BURNT	7.63938746898	0.282231402399
5365049	BURNT	2.92102383648	0.113428001358
8174	BURNT	4.98551369686	0.189478409146
31249	BURNT	3.61734211219	0.139459618905
61130	BURNT	4.00880002666	0.153923810005
778574	BURNT	3.67919784642	0.14175331514
9016	BURNT	6.80039090281	0.25351750954
7967	BURNT	5.71711948247	0.215610597228
12748	BURNT	7.61670011741	0.281462356425
519539	BURNT	10.3575659655	0.371390969529
7127	BURNT	6.50890261072	0.243409779151
62572	BURNT	2.77903085227	0.1080720291
2345	BURNT	3.4320981076	0.132572205336
807	BURNT	5.44897959184	0.206082632237
379	BURNT	6.03751399108	0.226919929566
61771	BURNT	4.76691791134	0.181587313904
6287	BURNT	6.89905198412	0.256923312053
7795	BURNT	2.87575513467	0.111722218349
565690	BURNT	2.74315331691	0.106716176628
61337	BURNT	4.81006567818	0.183147934396
14296	BURNT	7.82098382023	0.288372237643
5779	BURNT	10.0457434639	0.36146295386
7601	BURNT	4.06882194207	0.156130752884
61192	BURNT	13.5755360633	0.469303370769
8051	BURNT	3.18111017802	0.123196622335
33032	BURNT	5.77828370594	0.217775923203
8078	BURNT	5.42491748002	0.205224807335
1032	BURNT	4.29048738716	0.164256182679
7749	ACID	8.06699228831	0.296649145701
6137	ACID	5.37657297131	0.203499904086
5364729	ACID	5.53295014413	0.209072590846
22310	ACID	6.3185004359	0.236770638333
6753	ACID	4.05827069112	0.155743003244
16741	ACID	6.05854132101	0.227659283665
641423	ACID	3.14885036399	0.121987911114
10797	ACID	9.63579924315	0.348292518904
24834	ACID	3.61385997681	0.1393304055
8137	ACID	2.91653359505	0.113258876518
7151	ACID	4.79554947834	0.182623061214
243	ACID	6.969308491	0.259343835303
5960	ACID	4.29170677209	0.164300772077
7720	ACID	8.76372432853	0.319827827499
244	ACID	7.92111541153	0.291746988716
7519	ACID	8.21922137263	0.301746614916
61138	ACID	6.00644940957	0.225827002579
10430	ACID	8.17430591595	0.300244525755
21648	ACID	5.57493560807	0.210565461509
13187	ACID	6.38567746375	0.239116347881
12506	ACID	6.31894973359	0.236786339049
6998	ACID	4.69687162519	0.179050623782
8918	ACID	4.87908737267	0.185641297471
8091	ACID	3.8983346039	0.149854579082
62375	ACID	7.64344613786	0.282368937969
7593	ACID	8.09927310104	0.297731634135
170833	ACID	6.7028530784	0.25014282738
16324	ACID	5.66067336565	0.213609645445
7768	ACID	8.89071966472	0.324010828126
526618	ACID	7.9619324793	0.29312035165
875	ACID	4.62820755164	0.176560180009
177	ACID	7.5079396618	0.277769923286
7991	ACID	7.58953162114	0.280540868754
7894	ACID	8.3757942272	0.306970197513
1001	ACID	7.49352679445	0.27727989425
263	ACID	7.63049442754	0.281929999018
7937	ACID	8.1143246314	0.298236079566
6276	ACID	7.29967823606	0.270673008502
6584	ACID	5.80000377451	0.218544133467
5362588	ACID	7.16824141428	0.266176182582
18635	ACID	6.33639466109	0.237395827523
14514	ACID	8.86889594399	0.323292911653
5365049	ACID	3.95971823952	0.152116982166
8174	ACID	9.01169492572	0.327983538855
31249	ACID	6.16529140159	0.231407328837
61130	ACID	7.1760255471	0.266442884823
778574	ACID	4.48801022308	0.171463514618
9016	ACID	9.16930440786	0.333141718985
7967	ACID	16.6873888102	0.556107974286
12748	ACID	5.83023105368	0.219612604491
519539	ACID	6.92344725282	0.257764241368
7127	ACID	5.88431855251	0.221522660169
62572	ACID	6.18068578444	0.231947080671
2345	ACID	5.69898756955	0.214968119055
807	ACID	16.5714285714	0.553012244897
379	ACID	6.54313003284	0.244600181063
61771	ACID	9.77161031045	0.352670665194
6287	ACID	6.27242333332	0.235159615544
7795	ACID	5.46265692775	0.206570028826
565690	ACID	8.1903383184	0.300780876028
61337	ACID	11.1610448679	0.396614225698
14296	ACID	8.13069149249	0.298784402041
5779	ACID	3.91570855291	0.150495232728
7601	ACID	5.38489920085	0.203797112273
61192	ACID	3.60036002598	0.138829364113
8051	ACID	8.19146556576	0.300818579384
33032	ACID	4.1448427952	0.158921823089
8078	ACID	8.45105392121	0.309474031897
1032	ACID	6.06415481628	0.227856603197
7749	WARM	4.53702258154	0.173247073699
6137	WARM	7.22760450123	0.268208873319
5364729	WARM	5.09648960917	0.193469901832
22310	WARM	7.74433834305	0.285783623173
6753	WARM	8.54330590554	0.312537005903
16741	WARM	5.99939416897	0.225578674601
641423	WARM	6.06781867351	0.227985377559
10797	WARM	5.33739186325	0.202100573769
24834	WARM	7.43424684563	0.27526266336
8137	WARM	5.20033807163	0.197196116441
7151	WARM	6.37753871948	0.238832348732
243	WARM	6.64255938563	0.248052937348
5960	WARM	6.84046104904	0.254901679016
7720	WARM	4.89653127674	0.186270843652
244	WARM	5.46162109113	0.206533121668
7519	WARM	5.57766963744	0.210662626064
61138	WARM	5.38847221446	0.203924635456
10430	WARM	5.32219498364	0.201557495568
21648	WARM	6.22710665885	0.233573523418
13187	WARM	4.42745664829	0.169257316983
12506	WARM	6.36109173014	0.238258274006
6998	WARM	7.23895280473	0.268597137106
8918	WARM	4.08982200941	0.156902222749
8091	WARM	4.69215723642	0.178879753644
62375	WARM	5.77743555037	0.217745917399
7593	WARM	6.17445027322	0.231728476458
170833	WARM	6.11188087764	0.229533199961
16324	WARM	5.24189464913	0.19868480216
7768	WARM	5.60532556311	0.211645152657
526618	WARM	7.04903610567	0.262085880219
875	WARM	7.24445247338	0.26878526228
177	WARM	4.92143863472	0.187169322095
7991	WARM	5.22909151738	0.198226301456
7894	WARM	4.65421410555	0.177503880646
1001	WARM	5.42588752181	0.205259398713
263	WARM	4.25325082354	0.162893975914
7937	WARM	5.21275185381	0.197640961397
6276	WARM	4.23704939116	0.162300940629
6584	WARM	3.82589392835	0.147180771394
5362588	WARM	5.20127913025	0.197229843374
18635	WARM	6.04100856402	0.227042828773
14514	WARM	7.83746970393	0.288928415613
5365049	WARM	5.12166555214	0.194374038875
8174	WARM	3.92990086906	0.151018386426
31249	WARM	5.81608115788	0.219112526301
61130	WARM	7.49980141113	0.277493247963
778574	WARM	5.60113246719	0.211496224721
9016	WARM	5.76425132508	0.217279415668
7967	WARM	5.28494059147	0.200225384837
12748	WARM	5.23372742476	0.198392335888
519539	WARM	5.57106029071	0.210427726523
7127	WARM	8.52360684426	0.311883524316
62572	WARM	5.26001892097	0.199333637219
2345	WARM	5.89265247588	0.221816757755
807	WARM	5.55102040816	0.209715285298
379	WARM	5.14074579642	0.195058924919
61771	WARM	6.44794307272	0.241287334961
6287	WARM	7.63240663777	0.281994813077
7795	WARM	4.49454497733	0.171701425272
565690	WARM	6.4904489762	0.242767587883
61337	WARM	8.3832945366	0.307219930549
14296	WARM	5.60706319975	0.2117068649
5779	WARM	6.76763749993	0.252385133065
7601	WARM	5.83776633702	0.219878847158
61192	WARM	5.71733381707	0.215618190292
8051	WARM	4.60028338893	0.175546292654
33032	WARM	5.97401249608	0.224684969722
8078	WARM	5.1413069337	0.195079062553
1032	WARM	4.73832108132	0.180552168585
7749	MUSKY	7.35853696802	0.272682252197
6137	MUSKY	12.5743678013	0.43972882181
5364729	MUSKY	4.55844954633	0.174026196946
22310	MUSKY	4.96197503471	0.18863052289
6753	MUSKY	8.37497004655	0.30694275255
16741	MUSKY	11.4422868357	0.405321102215
641423	MUSKY	8.47658814036	0.310322507014
10797	MUSKY	8.52720764089	0.312002997575
24834	MUSKY	3.97693812002	0.152751110077
8137	MUSKY	6.58958033833	0.246214185919
7151	MUSKY	5.57800729897	0.210674625788
243	MUSKY	13.7879020575	0.47547358504
5960	MUSKY	8.9834434893	0.327056836802
7720	MUSKY	7.19153894112	0.266974264708
244	MUSKY	8.34759824081	0.306030971076
7519	MUSKY	7.52636966596	0.278396290499
61138	MUSKY	13.79809296	0.475768770666
10430	MUSKY	12.4352871949	0.435556940749
21648	MUSKY	5.94768529504	0.223757427654
13187	MUSKY	5.27449329524	0.199851620001
12506	MUSKY	3.17026495656	0.122790366305
6998	MUSKY	5.57223903377	0.210469622211
8918	MUSKY	7.7342795542	0.285443550079
8091	MUSKY	6.57630693801	0.245753152343
62375	MUSKY	6.49191082096	0.242818470395
7593	MUSKY	8.35855382693	0.306395984246
170833	MUSKY	4.45815088238	0.170375991579
16324	MUSKY	3.77536546035	0.14531326467
7768	MUSKY	5.96446123916	0.224348530417
526618	MUSKY	9.53422913229	0.345008555233
875	MUSKY	7.30300822818	0.270786757455
177	MUSKY	14.9490140496	0.508571353562
7991	MUSKY	13.8372514932	0.476902248174
7894	MUSKY	8.67024135272	0.316740420063
1001	MUSKY	8.54251981148	0.312510934567
263	MUSKY	7.85791068734	0.289617723345
7937	MUSKY	8.00943424453	0.294716955014
6276	MUSKY	7.96680565077	0.29328422912
6584	MUSKY	8.02096438761	0.295104227621
5362588	MUSKY	3.93879776646	0.15134625952
18635	MUSKY	19.3185001596	0.623458227018
14514	MUSKY	12.2998369732	0.431479083101
5365049	MUSKY	6.34808377738	0.237804084037
8174	MUSKY	6.35596979309	0.238079450919
31249	MUSKY	4.16849175754	0.159789140889
61130	MUSKY	10.4860777252	0.375459978584
778574	MUSKY	8.63886110023	0.315702475565
9016	MUSKY	7.42648855741	0.274998449379
7967	MUSKY	8.9041689871	0.324453069344
12748	MUSKY	11.5707650557	0.409277560639
519539	MUSKY	11.6171966696	0.410704163399
7127	MUSKY	5.06850491855	0.192464299898
62572	MUSKY	2.7276854955	0.106131312555
2345	MUSKY	7.07518669107	0.262984160957
807	MUSKY	8.83673469388	0.322234235735
379	MUSKY	11.8777454606	0.418677483533
61771	MUSKY	6.38879951381	0.239225276861
6287	MUSKY	11.0096121546	0.391899862267
7795	MUSKY	6.15021482635	0.23087853609
565690	MUSKY	6.08573714642	0.228615007211
61337	MUSKY	9.43268096118	0.341717050401
14296	MUSKY	11.3556343814	0.402645202374
5779	MUSKY	8.62988332068	0.315405378376
7601	MUSKY	8.86530200593	0.323174648375
61192	MUSKY	8.72430869196	0.318526922817
8051	MUSKY	6.75412659991	0.251917773545
33032	MUSKY	8.32592444822	0.305308570762
8078	MUSKY	8.61656052066	0.314964374744
1032	MUSKY	10.6360799553	0.380192719485
7749	SWEATY	4.29279932665	0.164340722642
6137	SWEATY	10.5600434855	0.377795932055
5364729	SWEATY	2.28171294585	0.0891860322471
22310	SWEATY	1.88354453121	0.0739226852479
6753	SWEATY	1.65902240611	0.0652599541067
16741	SWEATY	6.9725062792	0.259453913643
641423	SWEATY	4.75177784005	0.181039356546
10797	SWEATY	3.66214245888	0.141121183399
24834	SWEATY	2.08468477806	0.081649026873
8137	SWEATY	3.53754973453	0.136496286131
7151	SWEATY	2.27563161249	0.0889538648053
243	SWEATY	5.9998072362	0.225593214699
5960	SWEATY	6.47968075784	0.242392725224
7720	SWEATY	2.37408173781	0.0927087638734
244	SWEATY	2.48405687652	0.0968940596346
7519	SWEATY	2.28364390684	0.0892597444763
61138	SWEATY	9.15051126772	0.332527708125
10430	SWEATY	9.60145227021	0.347182936529
21648	SWEATY	1.85954944837	0.0729988082744
13187	SWEATY	3.53829549472	0.136524005786
12506	SWEATY	1.94627800531	0.0763359209829
6998	SWEATY	2.28535970331	0.0893252405429
8918	SWEATY	3.18652313132	0.123399353386
8091	SWEATY	2.96442417008	0.115061842539
62375	SWEATY	2.41559802452	0.0942898754543
7593	SWEATY	3.62201789364	0.139633110297
170833	SWEATY	1.5768156731	0.0620780878572
16324	SWEATY	2.74298566143	0.106709838322
7768	SWEATY	3.51702561698	0.135733237003
526618	SWEATY	4.99719499498	0.189899016672
875	SWEATY	3.9400442101	0.151392189053
177	SWEATY	8.71956707265	0.318370342932
7991	SWEATY	10.734511927	0.383288578556
7894	SWEATY	5.00937697239	0.190337535835
1001	SWEATY	2.99076855511	0.116052863584
263	SWEATY	4.53639152685	0.17322412184
7937	SWEATY	3.08099187023	0.119442670447
6276	SWEATY	4.33847844538	0.166010179727
6584	SWEATY	3.86712053557	0.148702972928
5362588	SWEATY	2.90662987426	0.11288579608
18635	SWEATY	10.6870755875	0.381797589655
14514	SWEATY	3.27074898709	0.126550839909
5365049	SWEATY	3.27790770603	0.126818436669
8174	SWEATY	2.88347317832	0.112013160105
31249	SWEATY	4.0079461371	0.153892392589
61130	SWEATY	5.09760257642	0.193509882246
778574	SWEATY	6.35879176317	0.238177977452
9016	SWEATY	2.35306456666	0.0919078175245
7967	SWEATY	4.14842001241	0.159053045057
12748	SWEATY	5.15670047631	0.195631395132
519539	SWEATY	4.8060430079	0.183002500558
7127	SWEATY	1.62166545425	0.0638146986319
62572	SWEATY	2.94730320858	0.114417489862
2345	SWEATY	3.46196602505	0.133684557498
807	SWEATY	2.24489795918	0.0877800916283
379	SWEATY	7.82989881589	0.288673026449
61771	SWEATY	2.53327054329	0.0987638378732
6287	SWEATY	6.68580925789	0.249552352143
7795	SWEATY	4.18113189034	0.16025253006
565690	SWEATY	2.64870264164	0.103141855392
61337	SWEATY	2.56912763196	0.100124938563
14296	SWEATY	3.08862542257	0.119729174102
5779	SWEATY	3.22149205776	0.124708477879
7601	SWEATY	5.6486512772	0.213183146587
61192	SWEATY	4.25826563764	0.163077495009
8051	SWEATY	4.63405424237	0.176772386206
33032	SWEATY	6.71687184599	0.250628326882
8078	SWEATY	4.53814208892	0.173287790109
1032	SWEATY	7.84526209138	0.289191228742
7749	AMMONIA/URINOUS	5.69663146215	0.21488461448
6137	AMMONIA/URINOUS	6.9574539262	0.258935690994
5364729	AMMONIA/URINOUS	2.52355685365	0.0983949384684
22310	AMMONIA/URINOUS	5.05809723482	0.192090150338
6753	AMMONIA/URINOUS	1.83790013482	0.0721648546307
16741	AMMONIA/URINOUS	7.23160649783	0.268345806897
641423	AMMONIA/URINOUS	3.6932919269	0.142275514973
10797	AMMONIA/URINOUS	6.90928384989	0.257276072668
24834	AMMONIA/URINOUS	2.21099709872	0.0864844806806
8137	AMMONIA/URINOUS	2.36278537721	0.092278313193
7151	AMMONIA/URINOUS	2.7830847237	0.108225164716
243	AMMONIA/URINOUS	6.32586294477	0.237027900992
5960	AMMONIA/URINOUS	4.72234819844	0.179973698935
7720	AMMONIA/URINOUS	7.51622576662	0.278051570755
244	AMMONIA/URINOUS	8.88148900273	0.323707221347
7519	AMMONIA/URINOUS	7.58858187416	0.280508645022
61138	AMMONIA/URINOUS	6.48346390243	0.242524434428
10430	AMMONIA/URINOUS	6.17693164876	0.231815472113
21648	AMMONIA/URINOUS	8.11626454098	0.2983010816
13187	AMMONIA/URINOUS	6.08233758192	0.228495571093
12506	AMMONIA/URINOUS	3.4615627328	0.133669542691
6998	AMMONIA/URINOUS	3.84145113199	0.14775534656
8918	AMMONIA/URINOUS	3.9632042373	0.152245374361
8091	AMMONIA/URINOUS	3.30304353726	0.127757702847
62375	AMMONIA/URINOUS	4.25145607164	0.162828291374
7593	AMMONIA/URINOUS	9.58293482178	0.346584336952
170833	AMMONIA/URINOUS	5.62552936254	0.212362542258
16324	AMMONIA/URINOUS	3.76582287398	0.144960346192
7768	AMMONIA/URINOUS	7.99910533767	0.294369939026
526618	AMMONIA/URINOUS	7.28139031415	0.270048154603
875	AMMONIA/URINOUS	4.00510588155	0.153787886013
177	AMMONIA/URINOUS	5.99363665263	0.225375993976
7991	AMMONIA/URINOUS	8.56462576047	0.313243904652
7894	AMMONIA/URINOUS	7.06814752095	0.262742417087
1001	AMMONIA/URINOUS	8.78188084106	0.3204266612
263	AMMONIA/URINOUS	7.51728237282	0.278087481204
7937	AMMONIA/URINOUS	5.80532416456	0.21873225112
6276	AMMONIA/URINOUS	8.65811696494	0.316339482846
6584	AMMONIA/URINOUS	4.20161837166	0.16100329609
5362588	AMMONIA/URINOUS	5.17411817522	0.196256127452
18635	AMMONIA/URINOUS	7.45826875065	0.276080440923
14514	AMMONIA/URINOUS	7.57948708274	0.280200033535
5365049	AMMONIA/URINOUS	3.28006514187	0.126899074741
8174	AMMONIA/URINOUS	6.27052291595	0.235093133582
31249	AMMONIA/URINOUS	2.8346134828	0.110170525873
61130	AMMONIA/URINOUS	6.24158881346	0.234080580172
778574	AMMONIA/URINOUS	3.53581517231	0.136431811319
9016	AMMONIA/URINOUS	6.97379048991	0.259498118078
7967	AMMONIA/URINOUS	9.55910247189	0.345813522848
12748	AMMONIA/URINOUS	7.02626188894	0.261303133105
519539	AMMONIA/URINOUS	7.51713278738	0.278082397358
7127	AMMONIA/URINOUS	5.47777522961	0.207108600598
62572	AMMONIA/URINOUS	3.40239846194	0.13146541236
2345	AMMONIA/URINOUS	5.91455052971	0.222589258001
807	AMMONIA/URINOUS	13.1836734694	0.457823240317
379	AMMONIA/URINOUS	7.39149196722	0.273806017288
61771	AMMONIA/URINOUS	6.46189516044	0.241773370792
6287	AMMONIA/URINOUS	5.57555674701	0.210587536665
7795	AMMONIA/URINOUS	3.12552939007	0.121113602016
565690	AMMONIA/URINOUS	4.01822193229	0.154270434293
61337	AMMONIA/URINOUS	4.37407132342	0.16730985296
14296	AMMONIA/URINOUS	4.84316052985	0.184343939627
5779	AMMONIA/URINOUS	5.02055460538	0.190739796797
7601	AMMONIA/URINOUS	9.00822146186	0.327869636912
61192	AMMONIA/URINOUS	3.85614644997	0.148297911821
8051	AMMONIA/URINOUS	7.47457464107	0.276635279217
33032	AMMONIA/URINOUS	2.31661743754	0.090518010961
8078	AMMONIA/URINOUS	10.1684888383	0.365380287429
1032	AMMONIA/URINOUS	5.14704485118	0.195284965767
7749	DECAYED	6.0679257262	0.22798914
6137	DECAYED	15.7535017498	0.530870943038
5364729	DECAYED	2.09053771989	0.0818733696123
22310	DECAYED	1.98518417438	0.0778309844925
6753	DECAYED	3.11958291845	0.120890597704
16741	DECAYED	10.326737272	0.370412889805
641423	DECAYED	2.85945824416	0.111107729186
10797	DECAYED	4.01491663139	0.154148843033
24834	DECAYED	2.97657787699	0.115519108737
8137	DECAYED	3.25601181107	0.125999827277
7151	DECAYED	2.3350871835	0.0912224344782
243	DECAYED	5.52047664079	0.208628800695
5960	DECAYED	6.69267446659	0.249790222057
7720	DECAYED	4.12056328512	0.15803091469
244	DECAYED	4.26012751459	0.163145626007
7519	DECAYED	4.26377091822	0.163278939752
61138	DECAYED	7.94182071202	0.292443821992
10430	DECAYED	6.91776823846	0.257568522578
21648	DECAYED	2.58835865184	0.100854505869
13187	DECAYED	4.158381488	0.15941840488
12506	DECAYED	2.56637509183	0.100020491228
6998	DECAYED	3.31935553714	0.128366973013
8918	DECAYED	3.50928802771	0.135445480124
8091	DECAYED	3.9631214896	0.152242326808
62375	DECAYED	2.47659166927	0.0966102642522
7593	DECAYED	2.75620653158	0.107209591485
170833	DECAYED	2.28078166034	0.0891504804209
16324	DECAYED	4.20860354044	0.161259204113
7768	DECAYED	5.16188699594	0.195817448894
526618	DECAYED	8.41195547152	0.308173820919
875	DECAYED	7.26630199186	0.269532421819
177	DECAYED	5.92379470652	0.222915250771
7991	DECAYED	10.3565883066	0.371359963722
7894	DECAYED	4.6386535204	0.176939298223
1001	DECAYED	2.85260903139	0.110849409941
263	DECAYED	5.83286461465	0.219705660741
7937	DECAYED	4.31319500855	0.165086339869
6276	DECAYED	6.27924636811	0.235398280744
6584	DECAYED	4.24058828311	0.16243049573
5362588	DECAYED	2.938959732	0.114103395558
18635	DECAYED	12.9765246459	0.451704909081
14514	DECAYED	5.52234738333	0.208695367084
5365049	DECAYED	3.92784922414	0.150942769155
8174	DECAYED	3.56978684632	0.137694122602
31249	DECAYED	2.64536769733	0.103015519792
61130	DECAYED	3.25616418201	0.126005525208
778574	DECAYED	3.72448063205	0.143430522891
9016	DECAYED	3.16327012561	0.122528293869
7967	DECAYED	5.4767528118	0.207072183927
12748	DECAYED	6.81770467002	0.254115748014
519539	DECAYED	8.38656541061	0.30732882467
7127	DECAYED	2.16399678479	0.0846867185576
62572	DECAYED	2.51131676679	0.0979299859103
2345	DECAYED	2.9220341754	0.113466053527
807	DECAYED	3.26530612245	0.126347355269
379	DECAYED	5.67856905428	0.21424430357
61771	DECAYED	3.39243920088	0.131094110543
6287	DECAYED	6.63185289608	0.247681526709
7795	DECAYED	3.51632114432	0.135707040017
565690	DECAYED	2.65644998189	0.103435308673
61337	DECAYED	3.07571952841	0.119244760889
14296	DECAYED	7.29755398636	0.270600441781
5779	DECAYED	7.50908055475	0.277808705879
7601	DECAYED	2.64989443616	0.103187001237
61192	DECAYED	5.62556062659	0.212363652118
8051	DECAYED	5.34284122938	0.202295268214
33032	DECAYED	5.12632173828	0.194541199706
8078	DECAYED	5.70497625949	0.215180348731
1032	DECAYED	6.13055643269	0.230188768438
7749	WOOD	0.92173647018	0.036529619559
6137	WOOD	5.13669778398	0.19491364571
5364729	WOOD	2.79697219787	0.108749666524
22310	WOOD	4.01809765277	0.154265862612
6753	WOOD	8.67225412745	0.316806968438
16741	WOOD	2.95725366654	0.114792006962
641423	WOOD	3.18121583838	0.123200579851
10797	WOOD	3.26786959293	0.126443195047
24834	WOOD	2.84256980217	0.110470710855
8137	WOOD	3.93463282135	0.151192778678
7151	WOOD	3.80226940518	0.146307875156
243	WOOD	2.46004670904	0.0959811364375
5960	WOOD	5.63469589219	0.212687916569
7720	WOOD	3.79386135552	0.145997100627
244	WOOD	2.31462285068	0.090441922451
7519	WOOD	2.76731272456	0.107629301096
61138	WOOD	2.9157681149	0.113230043116
10430	WOOD	2.8641016165	0.111282833432
21648	WOOD	3.17597291004	0.123004194832
13187	WOOD	3.08904476628	0.119744911624
12506	WOOD	2.75104933731	0.10701466451
6998	WOOD	2.67480076462	0.104130206933
8918	WOOD	2.9109709901	0.113049338762
8091	WOOD	2.99911060306	0.116366558358
62375	WOOD	3.36810538763	0.130186561944
7593	WOOD	2.91423643704	0.113172347877
170833	WOOD	4.32904697829	0.165665620036
16324	WOOD	1.8314490695	0.0719162805024
7768	WOOD	3.4897940185	0.134720295823
526618	WOOD	4.10942529924	0.157622061454
875	WOOD	3.43368329032	0.132631259237
177	WOOD	3.16791427827	0.122702298781
7991	WOOD	2.34359872399	0.091546966968
7894	WOOD	3.75004630222	0.144376713181
1001	WOOD	2.92336987321	0.113516358362
263	WOOD	2.72784148559	0.106137211755
7937	WOOD	4.91903490689	0.18708263451
6276	WOOD	2.85053387867	0.11077113779
6584	WOOD	2.22800388411	0.0871345548412
5362588	WOOD	3.01842725189	0.117092728846
18635	WOOD	3.05364776339	0.118416004671
14514	WOOD	4.08339500935	0.156666154453
5365049	WOOD	3.03455903243	0.117698941889
8174	WOOD	4.36261308673	0.166891566291
31249	WOOD	1.21747382097	0.0481060558371
61130	WOOD	4.8957725965	0.186243468133
778574	WOOD	3.37456743688	0.130427615321
9016	WOOD	3.38550470212	0.130835531249
7967	WOOD	3.43878018992	0.132821123919
12748	WOOD	3.76094214987	0.144779811653
519539	WOOD	4.650925477	0.177384575963
7127	WOOD	3.63475011114	0.140105441097
62572	WOOD	1.47688357241	0.0582028688618
2345	WOOD	2.6932340961	0.104827959885
807	WOOD	2.48979591837	0.0971122032487
379	WOOD	4.10722160716	0.157541156554
61771	WOOD	4.28441826139	0.16403423452
6287	WOOD	5.22768714535	0.198176000658
7795	WOOD	2.16501909691	0.0847258408002
565690	WOOD	5.59789871595	0.211381360624
61337	WOOD	2.8601983611	0.111135640578
14296	WOOD	7.96095944549	0.293087627702
5779	WOOD	3.5404042792	0.136602386184
7601	WOOD	2.64674579074	0.103067726317
61192	WOOD	3.73483576445	0.143813831303
8051	WOOD	2.4006748483	0.0937216980412
33032	WOOD	5.46014120468	0.206480391397
8078	WOOD	3.43451268887	0.132662156591
1032	WOOD	2.67427712069	0.10411038158
7749	GRASS	3.12286949691	0.121013854318
6137	GRASS	1.7003283519	0.0668566874744
5364729	GRASS	6.15813660797	0.231156405726
22310	GRASS	8.74356276916	0.319162554807
6753	GRASS	2.79134287291	0.108537076903
16741	GRASS	3.49213299927	0.134807322817
641423	GRASS	3.00600619732	0.116625818589
10797	GRASS	1.67568107782	0.065904080283
24834	GRASS	2.81101738471	0.109279967894
8137	GRASS	3.25145000865	0.125829229483
7151	GRASS	2.91875006824	0.113342361945
243	GRASS	2.44746992968	0.0955027535645
5960	GRASS	0.604193070937	0.0240217031307
7720	GRASS	4.42387601312	0.169126768933
244	GRASS	2.30226466505	0.0899704175667
7519	GRASS	1.81529250182	0.0712935853259
61138	GRASS	3.92490396238	0.15083421005
10430	GRASS	2.14059926249	0.0837911044187
21648	GRASS	2.10947796448	0.082599159666
13187	GRASS	2.52483692017	0.0984435562175
12506	GRASS	3.6817614339	0.141848310453
6998	GRASS	2.29345636631	0.0896342778106
8918	GRASS	4.81009621013	0.183149038185
8091	GRASS	3.45446078405	0.133405111639
62375	GRASS	3.99419220591	0.153386259685
7593	GRASS	2.39223037001	0.0934001083431
170833	GRASS	5.78969988176	0.218179745382
16324	GRASS	3.37720354481	0.130525940279
7768	GRASS	2.90136849298	0.112687564066
526618	GRASS	1.96855364983	0.0771920646044
875	GRASS	2.25531039167	0.0881778456818
177	GRASS	1.96589832531	0.0770900305221
7991	GRASS	1.52000777046	0.0598761413696
7894	GRASS	2.30267935978	0.0899862414975
1001	GRASS	3.44744298006	0.133143773962
263	GRASS	4.70636891785	0.179394793358
7937	GRASS	2.03695642352	0.0798185803524
6276	GRASS	6.72783593028	0.251007926689
6584	GRASS	2.28716551859	0.0893941702997
5362588	GRASS	4.14126741213	0.158790658174
18635	GRASS	2.08645717013	0.0817169653963
14514	GRASS	2.76807826445	0.107658227667
5365049	GRASS	13.5743227121	0.469268013648
8174	GRASS	4.59565253527	0.175378092521
31249	GRASS	3.01990250393	0.117148175704
61130	GRASS	5.4668888304	0.206720803822
778574	GRASS	3.0192417118	0.117123340266
9016	GRASS	3.13730102117	0.121554977768
7967	GRASS	1.4930908612	0.05883190632
12748	GRASS	1.85430481142	0.0727968139233
519539	GRASS	4.22093763719	0.161710979673
7127	GRASS	3.49576531512	0.13494246255
62572	GRASS	2.87926503306	0.11185453447
2345	GRASS	2.89640535617	0.112500548652
807	GRASS	0.408163265306	0.0162598917118
379	GRASS	2.93866843676	0.114092428598
61771	GRASS	5.05355503975	0.191926834174
6287	GRASS	1.30675897365	0.05158731134
7795	GRASS	3.95504649055	0.151944902525
565690	GRASS	4.73765987642	0.180528226615
61337	GRASS	3.30997008569	0.12801644264
14296	GRASS	3.77861903089	0.145433576523
5779	GRASS	3.93951796928	0.151372798039
7601	GRASS	2.57582942269	0.100379218022
61192	GRASS	4.16986052837	0.159839326404
8051	GRASS	1.58729457425	0.0624839813437
33032	GRASS	2.84378932868	0.110516718049
8078	GRASS	1.92258720287	0.0754249514939
1032	GRASS	1.55584155621	0.0612654050693
7749	FLOWER	6.58893599017	0.246191808614
6137	FLOWER	0.881456790575	0.0349474851935
5364729	FLOWER	6.55316985331	0.244949180082
22310	FLOWER	12.3414668817	0.432733953353
6753	FLOWER	7.42560450472	0.274968339285
16741	FLOWER	9.53891148664	0.345160126526
641423	FLOWER	8.8991702937	0.324288718981
10797	FLOWER	1.83845711049	0.0721863146009
24834	FLOWER	7.20201392191	0.267332955064
8137	FLOWER	6.96837727372	0.259311778217
7151	FLOWER	10.0405893782	0.361298201104
243	FLOWER	8.81291179235	0.32144950599
5960	FLOWER	5.33587699844	0.202046446601
7720	FLOWER	4.47361782278	0.170939410341
244	FLOWER	12.3808322839	0.433919288141
7519	FLOWER	5.82936000179	0.219581824859
61138	FLOWER	3.40961526322	0.131734420031
10430	FLOWER	1.9453331765	0.0762995985929
21648	FLOWER	9.46313422101	0.342705005126
13187	FLOWER	9.75647978145	0.352183632168
12506	FLOWER	6.78121604595	0.252854685413
6998	FLOWER	7.17336443343	0.266351714419
8918	FLOWER	8.43557888774	0.308959559041
8091	FLOWER	9.45157845587	0.342330204112
62375	FLOWER	9.60430648019	0.347275178021
7593	FLOWER	14.0384315464	0.482706237744
170833	FLOWER	5.70838348504	0.215301082597
16324	FLOWER	7.33731904507	0.271958261495
7768	FLOWER	3.85372079268	0.148208366128
526618	FLOWER	0.674234733226	0.0267875523389
875	FLOWER	3.08604304429	0.119632257103
177	FLOWER	2.50664850785	0.0977526256171
7991	FLOWER	3.6442816356	0.140458949968
7894	FLOWER	4.24363449392	0.16254200627
1001	FLOWER	13.3790028759	0.463561027855
263	FLOWER	4.30544522472	0.164803065556
7937	FLOWER	3.58361222505	0.13820757837
6276	FLOWER	5.52537050684	0.208802932579
6584	FLOWER	3.91280708316	0.150388259618
5362588	FLOWER	5.59347623719	0.211224258921
18635	FLOWER	2.23006870859	0.0872134657657
14514	FLOWER	2.98728594723	0.115921886957
5365049	FLOWER	8.71559606026	0.318239196536
8174	FLOWER	7.92443607383	0.291858768118
31249	FLOWER	7.80082331935	0.28769179499
61130	FLOWER	6.38484975309	0.239087467576
778574	FLOWER	7.72282803915	0.285056292397
9016	FLOWER	5.19144985961	0.196877533727
7967	FLOWER	4.15037931016	0.159124913039
12748	FLOWER	1.01151817853	0.040051459531
519539	FLOWER	1.21403712156	0.0479719304093
7127	FLOWER	7.28412505171	0.270141610961
62572	FLOWER	7.80261303066	0.287752213184
2345	FLOWER	14.053621547	0.483143150444
807	FLOWER	3.81632653061	0.146827321949
379	FLOWER	3.85524950585	0.148264800733
61771	FLOWER	9.22928420762	0.335099493511
6287	FLOWER	2.32095081036	0.0906833073487
7795	FLOWER	9.25263155937	0.335860786065
565690	FLOWER	10.955202036	0.390201500782
61337	FLOWER	4.69298531077	0.17890976798
14296	FLOWER	1.62804279045	0.0640615022871
5779	FLOWER	3.65470602475	0.140845490539
7601	FLOWER	16.9759522806	0.563764908891
61192	FLOWER	6.63225361049	0.247695429238
8051	FLOWER	6.51734665161	0.243703543113
33032	FLOWER	3.08798607053	0.119705179632
8078	FLOWER	4.4504303414	0.170094681567
1032	FLOWER	3.18784089892	0.123448704118
7749	CHEMICAL	21.1098798761	0.66614438369
6137	CHEMICAL	6.96544967934	0.25921099148
5364729	CHEMICAL	12.299230659	0.431460796439
22310	CHEMICAL	16.120832992	0.540880817137
6753	CHEMICAL	3.31957611311	0.128375210296
16741	CHEMICAL	10.2353721274	0.367509748061
641423	CHEMICAL	8.98067633412	0.326966034398
10797	CHEMICAL	24.68467228	0.743653672972
24834	CHEMICAL	15.8863981084	0.534504866392
8137	CHEMICAL	8.9182619668	0.324916320069
7151	CHEMICAL	13.1392856246	0.456515094295
243	CHEMICAL	21.0137165002	0.663918147547
5960	CHEMICAL	9.43135113559	0.341673891727
7720	CHEMICAL	28.2094753529	0.810069214242
244	CHEMICAL	24.7545329192	0.745066556748
7519	CHEMICAL	26.3627505583	0.776512175532
61138	CHEMICAL	13.8307758428	0.476714889547
10430	CHEMICAL	20.4246970835	0.65012058296
21648	CHEMICAL	24.3319621705	0.736460733594
13187	CHEMICAL	20.1381807749	0.643308701027
12506	CHEMICAL	16.2376128414	0.544040485341
6998	CHEMICAL	23.3095373905	0.715047682277
8918	CHEMICAL	15.0786848304	0.51220069873
8091	CHEMICAL	14.4478230459	0.49441708553
62375	CHEMICAL	23.2662325499	0.714122271169
7593	CHEMICAL	21.6349847251	0.678170363381
170833	CHEMICAL	23.348467528	0.715878326757
16324	CHEMICAL	14.7659700051	0.503425252128
7768	CHEMICAL	21.1993094129	0.668208088683
526618	CHEMICAL	15.8394550754	0.533222868181
875	CHEMICAL	9.67047112341	0.349411640237
177	CHEMICAL	14.6708254364	0.500739769863
7991	CHEMICAL	22.0793999522	0.688176037188
7894	CHEMICAL	22.0870789059	0.688347534399
1001	CHEMICAL	23.0178786464	0.708786050903
263	CHEMICAL	21.7497089106	0.680768421346
7937	CHEMICAL	22.6052155151	0.69981031321
6276	CHEMICAL	21.5502088479	0.676243753361
6584	CHEMICAL	15.9937100775	0.537428898282
5362588	CHEMICAL	23.339799499	0.7156934837
18635	CHEMICAL	7.85712692915	0.289591299734
14514	CHEMICAL	20.9284052026	0.661936950374
5365049	CHEMICAL	12.3132015349	0.431882088582
8174	CHEMICAL	28.7860261683	0.819986925707
31249	CHEMICAL	12.4516344638	0.436048098223
61130	CHEMICAL	19.9101866833	0.637841253825
778574	CHEMICAL	13.5160642114	0.46756897175
9016	CHEMICAL	25.0175384811	0.750350646582
7967	CHEMICAL	35.7056758394	0.918268918716
12748	CHEMICAL	9.17098342596	0.333196562239
519539	CHEMICAL	14.0571266598	0.483243942421
7127	CHEMICAL	13.4217495598	0.464812637893
62572	CHEMICAL	18.2674732772	0.597218699115
2345	CHEMICAL	15.9441158408	0.536078701653
807	CHEMICAL	45.9387755102	0.993402582257
379	CHEMICAL	21.6403450908	0.678291989373
61771	CHEMICAL	29.0629347335	0.824655719211
6287	CHEMICAL	16.503770764	0.551201050788
7795	CHEMICAL	18.7991112162	0.610601815641
565690	CHEMICAL	19.0197877662	0.616090579979
61337	CHEMICAL	18.2288130278	0.596236671352
14296	CHEMICAL	20.5614033838	0.653347611708
5779	CHEMICAL	11.1586833087	0.396540847074
7601	CHEMICAL	14.9231834464	0.507846776185
61192	CHEMICAL	1.27482587622	0.0503429626429
8051	CHEMICAL	25.2332978336	0.754644185521
33032	CHEMICAL	9.68167002572	0.349772907234
8078	CHEMICAL	26.272882265	0.774809553596
1032	CHEMICAL	14.1739650744	0.486598088603
