#oID	descriptor	value	sigma
7749	INTENSITY/STRENGTH	45.7138381684	0.992651526701
6137	INTENSITY/STRENGTH	56.6991823761	0.982048382197
5364729	INTENSITY/STRENGTH	54.6779121416	0.991246855198
22310	INTENSITY/STRENGTH	52.6919590828	0.997101342519
6753	INTENSITY/STRENGTH	43.9844604705	0.985525313668
16741	INTENSITY/STRENGTH	51.5666137389	0.999018288557
641423	INTENSITY/STRENGTH	47.0852918193	0.996601790488
24834	INTENSITY/STRENGTH	55.0208718144	0.989916338489
8137	INTENSITY/STRENGTH	49.6469936261	0.9999501546
7151	INTENSITY/STRENGTH	54.8091084676	0.990748990299
243	INTENSITY/STRENGTH	54.7338509448	0.991036262093
5960	INTENSITY/STRENGTH	42.6506112293	0.978394593879
7720	INTENSITY/STRENGTH	56.2174685863	0.984537233751
244	INTENSITY/STRENGTH	57.1776938062	0.97939228465
7519	INTENSITY/STRENGTH	62.5750926743	0.936746817693
61138	INTENSITY/STRENGTH	36.1682067229	0.923472597896
21648	INTENSITY/STRENGTH	52.2086309968	0.998048779648
13187	INTENSITY/STRENGTH	52.3725758155	0.9977483536
12506	INTENSITY/STRENGTH	54.3668334583	0.992372306219
6998	INTENSITY/STRENGTH	55.5797092894	0.987546737698
8918	INTENSITY/STRENGTH	45.9408874071	0.993409441983
8091	INTENSITY/STRENGTH	50.8677506638	0.999698803514
62375	INTENSITY/STRENGTH	51.5915806652	0.998986748394
7593	INTENSITY/STRENGTH	42.1851691022	0.975571367215
170833	INTENSITY/STRENGTH	52.9535683899	0.996510573507
16324	INTENSITY/STRENGTH	57.5751410179	0.977046895424
7768	INTENSITY/STRENGTH	56.3746524118	0.983745522652
875	INTENSITY/STRENGTH	40.5196362755	0.964049081461
177	INTENSITY/STRENGTH	40.2285856741	0.961807784829
1001	INTENSITY/STRENGTH	59.9371201496	0.960501457253
7937	INTENSITY/STRENGTH	59.2308042217	0.965916901369
6276	INTENSITY/STRENGTH	39.4890955359	0.955808354939
6584	INTENSITY/STRENGTH	36.6591133733	0.928808297605
14514	INTENSITY/STRENGTH	61.6954026078	0.945287023137
5365049	INTENSITY/STRENGTH	52.5604167593	0.997377706408
8174	INTENSITY/STRENGTH	46.4467217735	0.994949685538
31249	INTENSITY/STRENGTH	50.8268040807	0.999726558005
778574	INTENSITY/STRENGTH	46.9892679392	0.996374196983
7967	INTENSITY/STRENGTH	47.7744371303	0.998018747965
12748	INTENSITY/STRENGTH	40.8506614671	0.966515841764
519539	INTENSITY/STRENGTH	59.9280814992	0.960573279098
7127	INTENSITY/STRENGTH	47.9672006041	0.998347090646
62572	INTENSITY/STRENGTH	59.0362970001	0.96733813461
2345	INTENSITY/STRENGTH	37.0010632588	0.932411057439
807	INTENSITY/STRENGTH	66.1836734694	0.895235485214
379	INTENSITY/STRENGTH	51.758951614	0.998762435688
61771	INTENSITY/STRENGTH	53.5605834704	0.99492889814
6287	INTENSITY/STRENGTH	33.2562814368	0.88785915547
7795	INTENSITY/STRENGTH	52.5176458225	0.997464583805
565690	INTENSITY/STRENGTH	44.8376565287	0.989340083954
61337	INTENSITY/STRENGTH	52.9457930079	0.996528921422
14296	INTENSITY/STRENGTH	58.9693271288	0.967820468342
5779	INTENSITY/STRENGTH	44.7310519808	0.988895274709
7601	INTENSITY/STRENGTH	32.8499147645	0.882349830567
61192	INTENSITY/STRENGTH	50.6662170428	0.999822461941
8051	INTENSITY/STRENGTH	44.6206274573	0.988424940419
33032	INTENSITY/STRENGTH	39.8899335875	0.959114622854
8078	INTENSITY/STRENGTH	52.3869912145	0.997720909177
7749	VALENCE/PLEASANTNESS	45.8504240329	0.993112407717
6137	VALENCE/PLEASANTNESS	43.7087936081	0.984168288854
5364729	VALENCE/PLEASANTNESS	46.0402494303	0.99372815017
22310	VALENCE/PLEASANTNESS	45.1395081691	0.990550247665
6753	VALENCE/PLEASANTNESS	45.5684476922	0.992144537657
16741	VALENCE/PLEASANTNESS	44.2364980376	0.986712818052
641423	VALENCE/PLEASANTNESS	45.4331267228	0.991657467388
10797	VALENCE/PLEASANTNESS	43.1573725882	0.981271380041
24834	VALENCE/PLEASANTNESS	57.7759790392	0.975813659993
8137	VALENCE/PLEASANTNESS	45.8417068817	0.993083439337
7151	VALENCE/PLEASANTNESS	44.7931571996	0.989155515221
243	VALENCE/PLEASANTNESS	44.4015259005	0.987462835103
5960	VALENCE/PLEASANTNESS	44.1882860072	0.986489592186
7720	VALENCE/PLEASANTNESS	44.5410533704	0.988079960678
244	VALENCE/PLEASANTNESS	43.812922856	0.984688030566
7519	VALENCE/PLEASANTNESS	44.5290823449	0.988027624005
61138	VALENCE/PLEASANTNESS	44.7124376181	0.988816673623
10430	VALENCE/PLEASANTNESS	43.9823064832	0.985514945895
21648	VALENCE/PLEASANTNESS	44.5839086073	0.98826638161
13187	VALENCE/PLEASANTNESS	45.6031227667	0.992266988238
12506	VALENCE/PLEASANTNESS	46.0426883408	0.993735873773
6998	VALENCE/PLEASANTNESS	55.9570045412	0.985805638758
8918	VALENCE/PLEASANTNESS	45.9228797111	0.99335083606
8091	VALENCE/PLEASANTNESS	45.9326099417	0.993382535246
62375	VALENCE/PLEASANTNESS	44.4947856801	0.987877046117
7593	VALENCE/PLEASANTNESS	44.7374741909	0.988922328843
170833	VALENCE/PLEASANTNESS	45.0522362008	0.990207853355
16324	VALENCE/PLEASANTNESS	45.9453245919	0.993423842934
7768	VALENCE/PLEASANTNESS	44.3265030796	0.987124573078
526618	VALENCE/PLEASANTNESS	43.2084955271	0.981550186798
875	VALENCE/PLEASANTNESS	44.2904022718	0.986960197513
177	VALENCE/PLEASANTNESS	34.8802867838	0.908557708904
7991	VALENCE/PLEASANTNESS	44.7803207355	0.98910197935
7894	VALENCE/PLEASANTNESS	43.3967377843	0.982558771244
1001	VALENCE/PLEASANTNESS	44.2674639077	0.98685521198
263	VALENCE/PLEASANTNESS	44.4179468897	0.987536273229
7937	VALENCE/PLEASANTNESS	43.684704493	0.984046817063
6276	VALENCE/PLEASANTNESS	44.7960848286	0.989167706755
6584	VALENCE/PLEASANTNESS	45.6184028578	0.992320642593
5362588	VALENCE/PLEASANTNESS	45.1081183896	0.990427797724
18635	VALENCE/PLEASANTNESS	33.3004774594	0.888450378766
14514	VALENCE/PLEASANTNESS	44.7510915175	0.988979583897
5365049	VALENCE/PLEASANTNESS	46.085450539	0.993870521007
8174	VALENCE/PLEASANTNESS	44.5104432959	0.987945906877
31249	VALENCE/PLEASANTNESS	46.1241923633	0.993991246065
61130	VALENCE/PLEASANTNESS	37.6716024013	0.939204245059
778574	VALENCE/PLEASANTNESS	45.028267825	0.990112751672
9016	VALENCE/PLEASANTNESS	44.8581723763	0.989424643475
7967	VALENCE/PLEASANTNESS	44.1035281294	0.986092647791
12748	VALENCE/PLEASANTNESS	43.0044698147	0.98042502297
519539	VALENCE/PLEASANTNESS	43.4690713397	0.982938788334
7127	VALENCE/PLEASANTNESS	45.1251370096	0.99049428433
62572	VALENCE/PLEASANTNESS	45.3138116862	0.991215855635
2345	VALENCE/PLEASANTNESS	45.3154463045	0.99122198267
807	VALENCE/PLEASANTNESS	31.5306122449	0.863552686381
379	VALENCE/PLEASANTNESS	45.098116102	0.9903886137
61771	VALENCE/PLEASANTNESS	44.36554267	0.987301156238
6287	VALENCE/PLEASANTNESS	44.16031715	0.986359241685
7795	VALENCE/PLEASANTNESS	45.3752922722	0.991444831373
565690	VALENCE/PLEASANTNESS	45.4749160894	0.991809446241
61337	VALENCE/PLEASANTNESS	45.1489470318	0.99058691404
14296	VALENCE/PLEASANTNESS	44.2295619654	0.986680817955
5779	VALENCE/PLEASANTNESS	43.6024735129	0.983628661939
7601	VALENCE/PLEASANTNESS	45.3692240688	0.99142236571
61192	VALENCE/PLEASANTNESS	45.3842540181	0.991477955612
8051	VALENCE/PLEASANTNESS	45.5335645884	0.992020381885
33032	VALENCE/PLEASANTNESS	44.1312102315	0.986222922661
8078	VALENCE/PLEASANTNESS	43.0022644247	0.980412678727
1032	VALENCE/PLEASANTNESS	44.3141488874	0.98706843885
7749	BAKERY	3.61689283526	0.139442947898
6137	BAKERY	3.35295950011	0.129621445041
5364729	BAKERY	3.58687590829	0.138328764819
22310	BAKERY	3.548414092	0.136900066653
6753	BAKERY	4.06436382786	0.155966931784
16741	BAKERY	3.57257548034	0.137797700989
641423	BAKERY	4.13625425235	0.158606730398
10797	BAKERY	4.25725442559	0.163040490926
24834	BAKERY	8.43663454718	0.308994660894
8137	BAKERY	3.05042387165	0.118294920547
7151	BAKERY	4.35515033278	0.166619079543
243	BAKERY	4.13154970411	0.158434106981
5960	BAKERY	3.48359374992	0.134489579831
7720	BAKERY	2.98879990596	0.115978826287
244	BAKERY	3.9517661159	0.151824062462
7519	BAKERY	4.09048392726	0.156926533587
61138	BAKERY	3.37851205834	0.130574744842
10430	BAKERY	3.45918255757	0.133580924716
21648	BAKERY	4.43645150136	0.169585219285
13187	BAKERY	2.98126192141	0.115695307799
12506	BAKERY	3.61814735292	0.13948949801
6998	BAKERY	6.05902508897	0.227676289547
8918	BAKERY	2.96885959415	0.11522873285
8091	BAKERY	2.991622562	0.116084980259
62375	BAKERY	3.84985967308	0.148065819122
7593	BAKERY	3.57010697505	0.137706013476
170833	BAKERY	3.44985427547	0.13323357321
16324	BAKERY	3.46696494	0.133870659242
7768	BAKERY	4.12166666402	0.158071412125
526618	BAKERY	4.09785525718	0.157197243204
875	BAKERY	3.6343118572	0.140089185218
177	BAKERY	4.0228931266	0.154442257421
7991	BAKERY	3.31150510483	0.128073777769
7894	BAKERY	3.12104911238	0.12094558547
1001	BAKERY	3.62980312607	0.139921936749
263	BAKERY	3.08047138408	0.119423133784
7937	BAKERY	4.42525818276	0.169177163317
6276	BAKERY	2.96267425578	0.114995994733
6584	BAKERY	3.69887911378	0.142482481872
5362588	BAKERY	3.46321790135	0.133731164761
18635	BAKERY	3.45999910024	0.1336113265
14514	BAKERY	4.73181261708	0.180316484426
5365049	BAKERY	3.28386001254	0.127040905869
8174	BAKERY	2.66412862452	0.10372611245
31249	BAKERY	3.4145733017	0.131919207735
61130	BAKERY	4.07918305132	0.156511428306
778574	BAKERY	4.11197707993	0.157715740995
9016	BAKERY	4.21658444952	0.161551544213
7967	BAKERY	4.09891381568	0.15723611484
12748	BAKERY	4.52656812851	0.172866797532
519539	BAKERY	4.60653656893	0.175773391093
7127	BAKERY	5.22547361187	0.198096714687
62572	BAKERY	3.63276340363	0.140031748167
2345	BAKERY	3.62514299726	0.13974905519
807	BAKERY	0.122448979592	0.00489196168264
379	BAKERY	2.96337250497	0.115022269557
61771	BAKERY	3.54904210185	0.136923404138
6287	BAKERY	3.51008409523	0.135475087667
7795	BAKERY	3.18681729801	0.123410370124
565690	BAKERY	3.34056790526	0.129158958638
61337	BAKERY	4.13716881567	0.158640286303
14296	BAKERY	4.06560959382	0.156012711205
5779	BAKERY	3.62304307361	0.139671146499
7601	BAKERY	3.48266798209	0.134455128774
61192	BAKERY	4.10398053687	0.157422158976
8051	BAKERY	3.18286971257	0.12326252466
33032	BAKERY	3.31043235651	0.128033709305
8078	BAKERY	3.51052967457	0.135491659544
1032	BAKERY	3.67541031587	0.141612956239
7749	SWEET	14.2865870395	0.489820853885
6137	SWEET	25.0094818342	0.750189600723
5364729	SWEET	19.3075089	0.62318839603
22310	SWEET	13.6268245826	0.470796844023
6753	SWEET	14.9962145388	0.509894001354
16741	SWEET	14.9649610555	0.509018418463
641423	SWEET	15.5153480852	0.524323512925
10797	SWEET	13.5045861076	0.46723390593
24834	SWEET	16.9434451499	0.562905672578
8137	SWEET	15.3151808066	0.518785327008
7151	SWEET	14.3852052544	0.492634558091
243	SWEET	14.0957425789	0.484353719617
5960	SWEET	20.6311122673	0.654987373338
7720	SWEET	13.0005044777	0.452414932439
244	SWEET	14.6258275936	0.499467170626
7519	SWEET	16.996212061	0.56429999267
61138	SWEET	13.7413742605	0.474124823793
10430	SWEET	12.9104371616	0.449745731381
21648	SWEET	25.3207335554	0.756373523103
13187	SWEET	23.1302701903	0.711207047981
12506	SWEET	18.9805235456	0.615116832197
6998	SWEET	14.5847787656	0.498304841968
8918	SWEET	14.8487024844	0.505754513187
8091	SWEET	16.2206442335	0.5435820496
62375	SWEET	13.9929561985	0.48139711867
7593	SWEET	14.1583587327	0.486150700508
170833	SWEET	13.8004750679	0.475837757877
16324	SWEET	27.6653679699	0.800465684831
7768	SWEET	13.9137847596	0.47911402785
526618	SWEET	20.1101506647	0.642638762686
875	SWEET	20.1817380564	0.644348501864
177	SWEET	14.5949521387	0.498593034376
7991	SWEET	13.4591561626	0.465906692661
7894	SWEET	12.3911683493	0.434230312748
1001	SWEET	13.7208703784	0.47352990156
263	SWEET	12.9753040946	0.451668757246
7937	SWEET	13.6899202452	0.47263124328
6276	SWEET	13.1213439973	0.455985892572
6584	SWEET	14.5709751023	0.49791367792
5362588	SWEET	23.1383200179	0.711380059415
18635	SWEET	13.0961191988	0.455241432725
14514	SWEET	14.2813272385	0.489670566464
5365049	SWEET	15.9535545445	0.536335820738
8174	SWEET	13.5165116533	0.467582031222
31249	SWEET	24.2694290764	0.735175087979
61130	SWEET	14.533151274	0.496841056578
778574	SWEET	16.3107208889	0.546012989189
9016	SWEET	14.6812531244	0.501034447655
7967	SWEET	14.43852808	0.494152685952
12748	SWEET	12.9889762709	0.452073649009
519539	SWEET	12.6824200882	0.44295929181
7127	SWEET	15.624473646	0.527329275155
62572	SWEET	27.8816661701	0.804311723436
2345	SWEET	14.5574980303	0.49753162165
807	SWEET	2.77551020408	0.107939025406
379	SWEET	22.8651821234	0.705480663522
61771	SWEET	13.4771858799	0.466433619498
6287	SWEET	13.2733450146	0.460461125433
7795	SWEET	16.9641774568	0.563453771557
565690	SWEET	17.766357097	0.584396906081
61337	SWEET	17.3087856402	0.572513801471
14296	SWEET	13.6842171679	0.472465566916
5779	SWEET	13.1824752971	0.4577879499
7601	SWEET	15.0152904773	0.510428039846
61192	SWEET	15.7443972683	0.530621472595
8051	SWEET	13.7862385705	0.475425393251
33032	SWEET	21.6043384475	0.677474561999
8078	SWEET	12.6786417062	0.442846486042
1032	SWEET	13.3468896108	0.462619799519
7749	FRUIT	8.12690194309	0.298657463647
6137	FRUIT	6.79012046792	0.253162524329
5364729	FRUIT	7.60871291701	0.281191511779
22310	FRUIT	5.93841393235	0.223430653281
6753	FRUIT	6.01196149681	0.226020987457
16741	FRUIT	5.62217169064	0.212243341818
641423	FRUIT	6.66672571145	0.248890935773
10797	FRUIT	4.75828675519	0.18127495307
24834	FRUIT	6.89967993141	0.256944963994
8137	FRUIT	8.8951886148	0.324157792395
7151	FRUIT	6.01193395515	0.226020018254
243	FRUIT	1.65187293178	0.0649834435982
5960	FRUIT	6.970182179	0.259373911317
7720	FRUIT	7.54000836258	0.27885964406
244	FRUIT	4.82382907752	0.183645432313
7519	FRUIT	5.29002923084	0.200407405528
61138	FRUIT	4.43870977556	0.169667533234
10430	FRUIT	1.52066654273	0.0599016910154
21648	FRUIT	11.1850696258	0.397360472018
13187	FRUIT	10.6667757728	0.381158988757
12506	FRUIT	7.2376920049	0.268554005973
6998	FRUIT	4.98636866353	0.189509197562
8918	FRUIT	8.75427051956	0.319515919851
8091	FRUIT	9.81782775524	0.354157213477
62375	FRUIT	5.53587382348	0.209176593343
7593	FRUIT	5.69318625771	0.214762502402
170833	FRUIT	6.08868477607	0.228718558122
16324	FRUIT	8.41563762489	0.308296322342
7768	FRUIT	5.48583198213	0.207395538271
526618	FRUIT	5.03975532619	0.191430559548
875	FRUIT	6.79678316611	0.253392822082
177	FRUIT	6.51305046872	0.243554088186
7991	FRUIT	4.23184905139	0.162110543498
7894	FRUIT	6.5056707293	0.243297328517
1001	FRUIT	5.25648846995	0.199207270384
263	FRUIT	7.23312388547	0.268397722962
7937	FRUIT	4.95742608264	0.18846661396
6276	FRUIT	7.5790514121	0.280185248361
6584	FRUIT	7.26423643853	0.269461805127
5362588	FRUIT	7.22925660264	0.268265403695
18635	FRUIT	6.57062306349	0.245555687563
14514	FRUIT	6.0190480654	0.226270346771
5365049	FRUIT	9.54473048928	0.345348467526
8174	FRUIT	7.91914786873	0.291680753563
31249	FRUIT	8.74607129945	0.319245346708
61130	FRUIT	6.01735214808	0.226210675173
778574	FRUIT	7.1570756384	0.265793532858
9016	FRUIT	5.45869907547	0.20642900478
7967	FRUIT	5.42047656312	0.205066436056
12748	FRUIT	4.6329997016	0.17673411357
519539	FRUIT	5.71379760778	0.21549291107
7127	FRUIT	5.99888590047	0.2255607832
62572	FRUIT	7.6268343146	0.281805931919
2345	FRUIT	5.87830958097	0.221310573827
807	FRUIT	2.04081632653	0.0799666805497
379	FRUIT	6.45559387835	0.241553878205
61771	FRUIT	6.25372423127	0.234505342546
6287	FRUIT	1.72802275807	0.0679264852619
7795	FRUIT	10.3125283398	0.36996183729
565690	FRUIT	9.46292453484	0.342698205093
61337	FRUIT	7.90028034784	0.291045442084
14296	FRUIT	5.35735279691	0.20281362028
5779	FRUIT	5.63429829187	0.212673804778
7601	FRUIT	6.41920616614	0.240285763524
61192	FRUIT	7.87452177326	0.290177633668
8051	FRUIT	8.08631730955	0.29729728133
33032	FRUIT	4.22234948695	0.161762685402
8078	FRUIT	4.23477608867	0.162217712139
1032	FRUIT	6.86217894223	0.255651357755
7749	FISH	1.16881614627	0.0462061933772
6137	FISH	4.27500339873	0.163689874326
5364729	FISH	1.1663174843	0.0461085807825
22310	FISH	1.29460855325	0.0511139376076
6753	FISH	1.19120223426	0.0470805042652
16741	FISH	3.70381097238	0.142665152608
641423	FISH	1.15199074037	0.0455487965484
10797	FISH	1.2284338043	0.0485337323276
24834	FISH	1.15411195157	0.0456316883041
8137	FISH	1.11395866834	0.0440619851676
7151	FISH	1.12841522809	0.044627280753
243	FISH	1.13077626266	0.0447195885238
5960	FISH	1.27540997272	0.0503657306696
7720	FISH	1.17213115814	0.0463356897448
244	FISH	1.16900454376	0.0462135531012
7519	FISH	1.14127277804	0.0451299097002
61138	FISH	1.27207101048	0.0502355745568
10430	FISH	1.21751975569	0.0481078484855
21648	FISH	1.11696461292	0.0441795405382
13187	FISH	1.07177061054	0.0424113475248
12506	FISH	1.23999163469	0.0489846336858
6998	FISH	1.16930356953	0.0462252344462
8918	FISH	1.05370537542	0.0417040970095
8091	FISH	1.09182988421	0.04319635837
62375	FISH	1.15456446682	0.0456493710296
7593	FISH	1.1501708517	0.0454776768728
170833	FISH	1.2869759326	0.0508165144837
16324	FISH	1.18207988304	0.0467242701815
7768	FISH	1.86088673005	0.0730503094333
526618	FISH	4.10768626951	0.157558216185
875	FISH	1.27818429804	0.0504738698817
177	FISH	1.33064936899	0.0525177236623
7991	FISH	1.16879944625	0.0462055409919
7894	FISH	1.28505292537	0.0507415726064
1001	FISH	1.14593389746	0.0453120900997
263	FISH	1.20901992822	0.0477761054539
7937	FISH	1.15815903274	0.0457898283717
6276	FISH	1.16050804813	0.0458816103534
6584	FISH	1.1507493072	0.0455002827008
5362588	FISH	1.17741780542	0.0465421871414
18635	FISH	4.44023361004	0.169723074597
14514	FISH	1.11195067235	0.0439834531751
5365049	FISH	1.21666884055	0.0480746403949
8174	FISH	1.05831395586	0.0418845468628
31249	FISH	1.19048012206	0.047052307714
61130	FISH	1.24650935365	0.0492388599187
778574	FISH	1.14732785237	0.0453665696146
9016	FISH	1.14348899785	0.0452165330788
7967	FISH	1.70313473377	0.0669651221822
12748	FISH	2.63552443404	0.102642581745
519539	FISH	2.73684048269	0.106477500977
7127	FISH	1.16727048411	0.0461458112111
62572	FISH	1.19085767484	0.0470670501928
2345	FISH	1.12400473404	0.0444548347046
807	FISH	3.02040816327	0.117167180342
379	FISH	1.09968762457	0.0435037798343
61771	FISH	1.32596705563	0.0523354067722
6287	FISH	1.2006501777	0.0474493827682
7795	FISH	1.17762371828	0.0465502296826
565690	FISH	1.25165831179	0.0494396730599
61337	FISH	1.1853109655	0.0468504537862
14296	FISH	1.19843941934	0.047363073957
5779	FISH	1.48605566632	0.0585588820753
7601	FISH	1.13499914527	0.0448846765869
61192	FISH	2.66770759347	0.103861638217
8051	FISH	1.10173712386	0.0435839550786
33032	FISH	1.27847941522	0.0504853727626
8078	FISH	2.88139312512	0.111934754468
1032	FISH	1.21634785772	0.0480621134642
7749	GARLIC	3.0502394092	0.118287992187
6137	GARLIC	5.81797131463	0.219179336498
5364729	GARLIC	2.86264086016	0.111227749329
22310	GARLIC	3.14903593263	0.121994866383
6753	GARLIC	2.64946536432	0.103170747886
16741	GARLIC	2.70525936698	0.105283003382
641423	GARLIC	2.63650530753	0.102679748206
10797	GARLIC	2.95363009145	0.114655631371
24834	GARLIC	2.65860189804	0.103516810301
8137	GARLIC	2.67266299321	0.104049268738
7151	GARLIC	2.73882099923	0.106552383783
243	GARLIC	2.6491528207	0.103158908561
5960	GARLIC	2.96927209624	0.115244253137
7720	GARLIC	3.28351276338	0.127027928108
244	GARLIC	2.84994695448	0.110748999122
7519	GARLIC	2.6448188454	0.102994727126
61138	GARLIC	3.18505046494	0.123344200012
10430	GARLIC	3.1857307762	0.123369678817
21648	GARLIC	2.74898544642	0.106936649463
13187	GARLIC	2.71529136629	0.10566253177
12506	GARLIC	3.19206087641	0.123606734001
6998	GARLIC	2.59938839405	0.101272807753
8918	GARLIC	2.5998967301	0.101292084001
8091	GARLIC	2.67295393623	0.104060284351
62375	GARLIC	2.66973570073	0.103938432544
7593	GARLIC	2.6401937638	0.102819501308
170833	GARLIC	3.36271380864	0.129985414682
16324	GARLIC	2.85466473747	0.110926945193
7768	GARLIC	3.50959261958	0.135456808641
526618	GARLIC	3.33997067338	0.129136665296
875	GARLIC	2.87756617903	0.111790492315
177	GARLIC	3.14642982968	0.121897184918
7991	GARLIC	3.31633626212	0.128254216003
7894	GARLIC	3.36641023359	0.130123322199
1001	GARLIC	2.72027124178	0.10585089942
263	GARLIC	5.62769758604	0.212439511394
7937	GARLIC	2.80001755698	0.108864662951
6276	GARLIC	4.62815283107	0.176558193792
6584	GARLIC	2.86629325379	0.111365475345
5362588	GARLIC	2.82684023295	0.109877199037
18635	GARLIC	7.35524382636	0.272569908356
14514	GARLIC	2.68981415855	0.104698526259
5365049	GARLIC	2.73991790395	0.10659385611
8174	GARLIC	2.8936661658	0.11239732508
31249	GARLIC	2.77598349403	0.107956906018
61130	GARLIC	2.89557828737	0.112469382048
778574	GARLIC	2.65739819873	0.103471221874
9016	GARLIC	2.60880184707	0.101629735052
7967	GARLIC	3.75826512473	0.14468078229
12748	GARLIC	3.2063976069	0.124143510031
519539	GARLIC	3.08803883917	0.119707160018
7127	GARLIC	2.70046318909	0.105101526989
62572	GARLIC	3.07560106391	0.119240313795
2345	GARLIC	2.53610061793	0.0988713021793
807	GARLIC	1.16326530612	0.0459893377758
379	GARLIC	2.81570083373	0.109456764875
61771	GARLIC	3.85406411854	0.14822104065
6287	GARLIC	2.93038143413	0.113780403226
7795	GARLIC	2.7408999706	0.106630985764
565690	GARLIC	2.94336898267	0.11426939092
61337	GARLIC	2.77938629268	0.108085456442
14296	GARLIC	2.83244702087	0.110088778384
5779	GARLIC	3.51096044264	0.135507680414
7601	GARLIC	2.58509334083	0.100730650601
61192	GARLIC	2.87909537457	0.111848138912
8051	GARLIC	2.85267716809	0.110851979914
33032	GARLIC	3.00495571935	0.116586325224
8078	GARLIC	4.60779089103	0.175818940883
1032	GARLIC	3.43809591579	0.132795635221
7749	SPICES	5.88500694163	0.221546954984
6137	SPICES	6.26845513595	0.235020793521
5364729	SPICES	6.26367101346	0.234853410713
22310	SPICES	6.96770479883	0.259288627888
6753	SPICES	7.216611626	0.267832671696
16741	SPICES	7.23532271065	0.268472950535
641423	SPICES	6.97410553613	0.259508962234
10797	SPICES	7.58949527413	0.280539635559
24834	SPICES	7.16885512898	0.266197211615
8137	SPICES	5.65037486824	0.213244300269
7151	SPICES	6.97472347423	0.259530231952
243	SPICES	7.05897058736	0.262427197193
5960	SPICES	6.05752559846	0.227623577388
7720	SPICES	5.82132286399	0.219297794605
244	SPICES	7.4104437593	0.274451879688
7519	SPICES	7.41161413236	0.274491755675
61138	SPICES	5.99275580474	0.225344983336
10430	SPICES	6.34521754792	0.237703987625
21648	SPICES	6.94723295422	0.258583699881
13187	SPICES	5.51270192284	0.208352123918
12506	SPICES	6.24460356355	0.234186113076
6998	SPICES	7.59966296219	0.280884567632
8918	SPICES	5.42158704102	0.205106039224
8091	SPICES	5.52846346844	0.208912975409
62375	SPICES	7.31874363882	0.271324142172
7593	SPICES	6.94222640222	0.258411253121
170833	SPICES	6.84177453101	0.254947029747
16324	SPICES	5.81991484356	0.219248030228
7768	SPICES	6.92687394411	0.257882324709
526618	SPICES	7.59632065299	0.280771191134
875	SPICES	6.10441477184	0.229271038991
177	SPICES	6.51775052466	0.243717592226
7991	SPICES	5.72031194479	0.215723690293
7894	SPICES	6.33882463195	0.237480706192
1001	SPICES	7.14752769488	0.265466246936
263	SPICES	5.83721778029	0.219859466646
7937	SPICES	7.65581587142	0.282788028194
6276	SPICES	5.69334890391	0.21476826746
6584	SPICES	6.25426471416	0.23452425772
5362588	SPICES	6.29060005942	0.235795342734
18635	SPICES	6.40642927322	0.239840236516
14514	SPICES	7.11150881272	0.264230929472
5365049	SPICES	5.87476786271	0.221185555532
8174	SPICES	5.23004854239	0.198260578593
31249	SPICES	5.7552513614	0.216960887163
61130	SPICES	7.09499731389	0.263664297802
778574	SPICES	6.96668686925	0.259253584396
9016	SPICES	7.59078200098	0.280583291485
7967	SPICES	6.90393246557	0.257091585227
12748	SPICES	7.57897186166	0.280182548674
519539	SPICES	6.96132622446	0.259069023857
7127	SPICES	7.62762708107	0.281832805288
62572	SPICES	6.04405101441	0.22714981951
2345	SPICES	6.906914673	0.2571943988
807	SPICES	3.83673469388	0.147581174511
379	SPICES	5.45036296435	0.206131935997
61771	SPICES	6.66434556542	0.248808421891
6287	SPICES	6.40500013091	0.239790394566
7795	SPICES	5.89197118809	0.221792717731
565690	SPICES	6.66531017612	0.248841863147
61337	SPICES	6.80704914689	0.25374759864
14296	SPICES	7.27775276385	0.269923836437
5779	SPICES	6.65736632026	0.248566442281
7601	SPICES	6.73246888693	0.251168300552
61192	SPICES	6.53195643716	0.244211675528
8051	SPICES	5.68185675124	0.214360871593
33032	SPICES	5.90835769557	0.222370831559
8078	SPICES	7.16651754249	0.266117112225
1032	SPICES	6.03219344805	0.226732794804
7749	COLD	4.52895268596	0.172953542466
6137	COLD	3.85471100662	0.148244921487
5364729	COLD	4.69879760732	0.179120424711
22310	COLD	5.68584805842	0.21450237508
6753	COLD	4.1308008237	0.15840662677
16741	COLD	4.1454813199	0.158945246647
641423	COLD	4.47456762137	0.170974002696
10797	COLD	4.80374989039	0.182919590412
24834	COLD	4.56074868134	0.17410977584
8137	COLD	4.72414222514	0.1800386811
7151	COLD	4.28750164977	0.164146997832
243	COLD	4.43950115453	0.169696377981
5960	COLD	4.17322740036	0.15996276524
7720	COLD	5.37995371428	0.203620587784
244	COLD	4.81990096975	0.183503460647
7519	COLD	4.98667311267	0.189520161014
61138	COLD	4.4626274285	0.170539079714
10430	COLD	4.5908121395	0.17520226314
21648	COLD	4.63640719846	0.176857779255
13187	COLD	5.27351545435	0.199816632075
12506	COLD	4.37241013948	0.167249217408
6998	COLD	4.48113363221	0.171213121836
8918	COLD	4.90727782857	0.186658562868
8091	COLD	4.79833768081	0.182723889433
62375	COLD	4.63146459034	0.176678397913
7593	COLD	4.81684942999	0.183393161827
170833	COLD	6.68019609332	0.249357835795
16324	COLD	4.50749712169	0.172172872747
7768	COLD	5.2592782842	0.19930712814
526618	COLD	4.08109617909	0.156581708754
875	COLD	4.19442048642	0.16073955417
177	COLD	4.75338561691	0.181097554747
7991	COLD	4.56679135251	0.174329420797
7894	COLD	5.20024634985	0.197192829154
1001	COLD	4.92725176539	0.187378946632
263	COLD	5.02519131685	0.190906633566
7937	COLD	5.14665521862	0.195270984769
6276	COLD	5.15428214065	0.195544635872
6584	COLD	4.68420713694	0.178591566877
5362588	COLD	5.15498882976	0.195569989256
18635	COLD	3.92981590897	0.151015255128
14514	COLD	4.54147628637	0.173409048711
5365049	COLD	4.62825310583	0.176561833509
8174	COLD	5.29591299639	0.200617842069
31249	COLD	4.08949323734	0.156890147518
61130	COLD	6.33447473983	0.237328761501
778574	COLD	4.46668634932	0.170686939195
9016	COLD	4.83730567741	0.18413241661
7967	COLD	5.45376906526	0.206253323803
12748	COLD	4.17803032711	0.160138838119
519539	COLD	4.33829668916	0.166003540301
7127	COLD	4.61076533685	0.175926950678
62572	COLD	4.25524082851	0.162966803337
2345	COLD	4.48193543132	0.171242319169
807	COLD	4.51020408163	0.172271386922
379	COLD	4.76475831167	0.181509163759
61771	COLD	6.29995785625	0.236122526654
6287	COLD	4.82640834947	0.183738646957
7795	COLD	4.60809539785	0.175829998636
565690	COLD	5.39405651885	0.204123922463
61337	COLD	4.10709396888	0.157536470407
14296	COLD	5.3406878524	0.202218335401
5779	COLD	4.40116209133	0.168298392552
7601	COLD	4.4967828932	0.171782893172
61192	COLD	3.9007413213	0.14994333971
8051	COLD	5.15726174219	0.195651530217
33032	COLD	4.13099438972	0.158413729729
8078	COLD	6.4283078033	0.240603055646
1032	COLD	4.45386445671	0.170219814829
7749	SOUR	8.75334600779	0.319485413779
6137	SOUR	9.19435761	0.333959819656
5364729	SOUR	8.75313053318	0.319478303675
22310	SOUR	8.16872384635	0.300057734143
6753	SOUR	7.91223184661	0.291447908747
16741	SOUR	7.57991435253	0.280214533465
641423	SOUR	7.83417374493	0.288817238491
10797	SOUR	7.64090524664	0.28228283667
24834	SOUR	7.63437211577	0.28206142959
8137	SOUR	8.56169782219	0.313146845048
7151	SOUR	7.97803192969	0.293661679799
243	SOUR	10.4984011704	0.375849475961
5960	SOUR	12.015413768	0.422868483514
7720	SOUR	8.58444697691	0.313900787117
244	SOUR	7.47450514469	0.276632914924
7519	SOUR	7.40075016528	0.274121565408
61138	SOUR	12.0686370828	0.424484682897
10430	SOUR	12.3607256726	0.433314011243
21648	SOUR	7.9652145501	0.293230724873
13187	SOUR	8.52658578814	0.311982365445
12506	SOUR	8.40805517701	0.308044050337
6998	SOUR	7.27330296298	0.269771744123
8918	SOUR	8.36880333044	0.306737385544
8091	SOUR	8.5523064107	0.312835478451
62375	SOUR	7.62795404282	0.281843888561
7593	SOUR	7.76162853413	0.286367990365
170833	SOUR	8.31127925162	0.304820224946
16324	SOUR	8.81728230483	0.321593505296
7768	SOUR	7.76519381337	0.286488458551
526618	SOUR	8.0687441402	0.296707912808
875	SOUR	9.25047470345	0.335790475242
177	SOUR	14.0422164822	0.482815121795
7991	SOUR	12.2079406014	0.428704098566
7894	SOUR	8.86795357367	0.323261902713
1001	SOUR	7.52644685231	0.278398913204
263	SOUR	8.63827943334	0.315683228706
7937	SOUR	7.60732825994	0.281144553096
6276	SOUR	8.53867751968	0.312383495273
6584	SOUR	8.86585034759	0.323192692949
5362588	SOUR	8.67298312784	0.316831070579
18635	SOUR	14.2906630722	0.489937302471
14514	SOUR	8.01955040115	0.295056740592
5365049	SOUR	8.60962847777	0.314734858101
8174	SOUR	8.26194211254	0.303173809513
31249	SOUR	8.82871945234	0.321970263226
61130	SOUR	12.7155240438	0.443947141068
778574	SOUR	7.96415007343	0.29319492838
9016	SOUR	7.51181616816	0.277901693869
7967	SOUR	7.64803181142	0.282524316221
12748	SOUR	7.79360720544	0.287448162909
519539	SOUR	8.23177608922	0.302166188535
7127	SOUR	7.70810390751	0.284558209961
62572	SOUR	8.66139061862	0.316447749766
2345	SOUR	7.68267451894	0.283697585652
807	SOUR	9.73469387755	0.351482049146
379	SOUR	11.8289455805	0.417188241802
61771	SOUR	8.19944155201	0.301085325374
6287	SOUR	8.82572468106	0.321871620784
7795	SOUR	8.78408462556	0.320499327939
565690	SOUR	8.46010543017	0.309774863651
61337	SOUR	8.13048472155	0.298777476139
14296	SOUR	7.95562445611	0.29290819405
5779	SOUR	8.55355919259	0.312877017759
7601	SOUR	7.79996397756	0.287662783882
61192	SOUR	8.29502572707	0.304278048358
8051	SOUR	8.69438661528	0.317538521165
33032	SOUR	12.1094192072	0.425721554873
8078	SOUR	7.20445488614	0.267416527363
1032	SOUR	12.3482260975	0.432937568798
7749	BURNT	4.8297796367	0.183860476932
6137	BURNT	5.94852790205	0.223787122401
5364729	BURNT	4.91734361231	0.187021637212
22310	BURNT	5.39670789677	0.204218533421
6753	BURNT	5.74603369901	0.216634586652
16741	BURNT	6.93726299873	0.258240272784
641423	BURNT	5.51830334166	0.208551464958
10797	BURNT	6.68467444539	0.249513028839
24834	BURNT	5.72195726244	0.215781972532
8137	BURNT	4.94288728545	0.187942637531
7151	BURNT	5.99466524866	0.225412205369
243	BURNT	5.86928670887	0.220992057766
5960	BURNT	5.32612041415	0.2016977931
7720	BURNT	4.97984429431	0.189274232094
244	BURNT	6.02176213075	0.226365837566
7519	BURNT	5.95197922426	0.223908746296
61138	BURNT	5.06793827077	0.192443931504
10430	BURNT	5.25686519846	0.199220755253
21648	BURNT	5.77499235936	0.217659479674
13187	BURNT	4.93811106662	0.187770466302
12506	BURNT	5.33093744214	0.201869940081
6998	BURNT	6.25588768168	0.234581054993
8918	BURNT	4.95060868957	0.188220937024
8091	BURNT	4.89936480783	0.186373082105
62375	BURNT	5.8339900423	0.219745425767
7593	BURNT	5.66765801619	0.213857381692
170833	BURNT	5.50069890582	0.207924880852
16324	BURNT	4.77771666508	0.18197803599
7768	BURNT	6.18492701915	0.232095751873
526618	BURNT	6.37124791827	0.238612796716
875	BURNT	5.3965543638	0.204213054951
177	BURNT	5.3565551184	0.202785131641
7991	BURNT	4.98800646666	0.189568175262
7894	BURNT	5.23569900228	0.198462942474
1001	BURNT	5.87434994003	0.221170802714
263	BURNT	4.96666232545	0.188799399156
7937	BURNT	6.35617556627	0.238086635519
6276	BURNT	4.96253930519	0.188650853665
6584	BURNT	5.05727999504	0.192060767422
5362588	BURNT	5.04233200488	0.191523235376
18635	BURNT	5.30829542404	0.201060616838
14514	BURNT	5.89762615515	0.2219922485
5365049	BURNT	4.76184331902	0.181403672043
8174	BURNT	5.23862553529	0.198567742412
31249	BURNT	4.83021053092	0.183876047728
61130	BURNT	5.67261238401	0.214033082857
778574	BURNT	5.47546190134	0.20702620284
9016	BURNT	5.98243766359	0.224981682384
7967	BURNT	6.36869460761	0.238523675902
12748	BURNT	6.73905775341	0.251396350375
519539	BURNT	6.67841329789	0.249296050245
7127	BURNT	5.96349772489	0.22431458695
62572	BURNT	4.97599151578	0.189135464005
2345	BURNT	5.56767164173	0.210307278665
807	BURNT	5.44897959184	0.206082632237
379	BURNT	5.05172830801	0.191861148761
61771	BURNT	6.1286847856	0.230123080543
6287	BURNT	5.24444212184	0.198776015606
7795	BURNT	4.86212638113	0.185028946067
565690	BURNT	5.24094461865	0.198650784548
61337	BURNT	5.74831846929	0.216715472682
14296	BURNT	6.05616077108	0.227575597529
5779	BURNT	5.93088387218	0.223165201485
7601	BURNT	5.4050596153	0.204516516834
61192	BURNT	5.47501635949	0.207010332725
8051	BURNT	4.86807090736	0.185243590551
33032	BURNT	5.21976782169	0.197892322423
8078	BURNT	5.84635515818	0.220182258873
1032	BURNT	5.22085705222	0.197931342745
7749	ACID	6.55762850585	0.245104143586
6137	ACID	6.58320119843	0.24599263273
5364729	ACID	6.38909549034	0.23923560314
22310	ACID	6.71260267962	0.250480493291
6753	ACID	6.47863811465	0.242356423858
16741	ACID	6.6118231264	0.246986443034
641423	ACID	6.29426516428	0.235923496988
10797	ACID	6.84272961466	0.254980005155
24834	ACID	6.44867807846	0.241312943554
8137	ACID	6.52044417857	0.243811290229
7151	ACID	6.47180412547	0.242118465563
243	ACID	6.53665727596	0.244375135701
5960	ACID	6.44720386283	0.241261579454
7720	ACID	6.84200223245	0.254954891479
244	ACID	6.6661156246	0.248869785976
7519	ACID	6.62067291129	0.247293592532
61138	ACID	6.37605679177	0.238780631586
10430	ACID	6.76120036647	0.252162482501
21648	ACID	6.61018039895	0.246929421995
13187	ACID	6.59823426203	0.24651469233
12506	ACID	6.54811651995	0.244773528814
6998	ACID	6.56005238872	0.245188380612
8918	ACID	6.55700001663	0.245082300978
8091	ACID	6.44791911585	0.241286500264
62375	ACID	6.70022539777	0.250051807759
7593	ACID	6.54935654577	0.244816633365
170833	ACID	6.7485394747	0.251724464971
16324	ACID	6.35302406374	0.237976596648
7768	ACID	6.92308271712	0.257751678962
526618	ACID	6.76790860278	0.252394509369
875	ACID	6.42653031993	0.240541096016
177	ACID	6.47640403841	0.242278637829
7991	ACID	6.62516437096	0.247449453661
7894	ACID	6.98272493429	0.259805618368
1001	ACID	6.59761228408	0.246493096223
263	ACID	6.80368243898	0.253631259667
7937	ACID	6.72673096752	0.250969674897
6276	ACID	6.76379907858	0.252252371953
6584	ACID	6.58896612559	0.246192855182
5362588	ACID	6.64805034346	0.248243384391
18635	ACID	6.57534364034	0.245719688018
14514	ACID	6.56350613535	0.245308400299
5365049	ACID	6.32023192543	0.236831144381
8174	ACID	6.83182920905	0.254603612225
31249	ACID	6.4883473868	0.242694434747
61130	ACID	6.53288928547	0.244244114452
778574	ACID	6.51063088591	0.243469909623
9016	ACID	6.61146274402	0.246973933914
7967	ACID	7.30921857708	0.2709988726
12748	ACID	6.69539794768	0.249884576436
519539	ACID	6.8523375064	0.255311688535
7127	ACID	6.46756959258	0.241971001129
62572	ACID	6.62563701704	0.247465854329
2345	ACID	6.50291658381	0.243201493714
807	ACID	16.5714285714	0.553012244897
379	ACID	6.59525750676	0.246411331638
61771	ACID	6.95470171362	0.258840918174
6287	ACID	6.66685298187	0.248895347802
7795	ACID	6.61244684624	0.247008092532
565690	ACID	6.81857795173	0.254145915956
61337	ACID	6.51433135787	0.243598649099
14296	ACID	6.69746708356	0.249956257208
5779	ACID	6.66111262174	0.248696336326
7601	ACID	6.39238816054	0.239350475864
61192	ACID	6.50578849086	0.243301426079
8051	ACID	6.62873673021	0.247573408953
33032	ACID	6.48653994868	0.242631517745
8078	ACID	7.71231663988	0.284700734414
1032	ACID	6.63894808497	0.247927670729
7749	WARM	5.59356130202	0.211227280865
6137	WARM	5.68124736735	0.214339266034
5364729	WARM	5.74091512122	0.216453362277
22310	WARM	6.11768777195	0.229737069408
6753	WARM	6.21455022797	0.233133755304
16741	WARM	6.09931232685	0.22909184873
641423	WARM	6.11348370268	0.229589474914
10797	WARM	6.69441820681	0.249850634221
24834	WARM	6.24480081146	0.234193017588
8137	WARM	5.47866634379	0.207140339789
7151	WARM	6.12336127374	0.229936229634
243	WARM	6.17546282828	0.231763976674
5960	WARM	5.74255163375	0.216511305644
7720	WARM	5.4005976498	0.204357324002
244	WARM	6.19619055181	0.232490511131
7519	WARM	6.20629413247	0.232844530555
61138	WARM	5.71015258972	0.21536376655
10430	WARM	5.67770517984	0.21421367275
21648	WARM	6.02650637433	0.226532743341
13187	WARM	5.3990553872	0.204302295858
12506	WARM	5.89149473449	0.221775905297
6998	WARM	6.49334068474	0.24286823809
8918	WARM	5.38312458141	0.203733771153
8091	WARM	5.45261469928	0.206212185148
62375	WARM	6.09224097716	0.228843479037
7593	WARM	6.06352288371	0.227834391444
170833	WARM	6.01196823589	0.226021224608
16324	WARM	5.65555993825	0.213428254244
7768	WARM	6.38686350631	0.239157730073
526618	WARM	6.31038348151	0.236486963387
875	WARM	5.80323495194	0.218658383714
177	WARM	5.90546344709	0.222268738474
7991	WARM	5.53958453135	0.209308582542
7894	WARM	5.47056135617	0.206851637626
1001	WARM	6.10086421522	0.22914635094
263	WARM	5.41764317854	0.204965384098
7937	WARM	6.23554977337	0.233869158544
6276	WARM	5.36860913059	0.203215579625
6584	WARM	5.67770703087	0.214213738384
5362588	WARM	5.64844431928	0.21317580348
18635	WARM	5.75505009312	0.216953763095
14514	WARM	6.15117201495	0.230912113735
5365049	WARM	5.56542196498	0.21022730994
8174	WARM	5.30304338307	0.200872827674
31249	WARM	5.65120572473	0.213273778532
61130	WARM	6.28585100452	0.23562927104
778574	WARM	6.00122670169	0.225643179297
9016	WARM	6.19688011865	0.232514675464
7967	WARM	6.35972420151	0.238210531293
12748	WARM	6.16641825297	0.231446844491
519539	WARM	5.84486793207	0.220129724825
7127	WARM	6.33745238333	0.237432774249
62572	WARM	5.64292483931	0.212979953276
2345	WARM	6.02966598851	0.226643890767
807	WARM	5.55102040816	0.209715285298
379	WARM	5.45567470094	0.206321233461
61771	WARM	6.08138036318	0.228461939678
6287	WARM	5.74362983644	0.216549479978
7795	WARM	5.53206461327	0.209041088977
565690	WARM	5.9051553261	0.222257869274
61337	WARM	6.46801862244	0.241986638937
14296	WARM	6.09320738099	0.228877424765
5779	WARM	5.86535495581	0.220853242729
7601	WARM	5.99419469126	0.225395639652
61192	WARM	5.83816537346	0.219892944967
8051	WARM	5.44981096259	0.206112262692
33032	WARM	5.63285832917	0.212622695984
8078	WARM	6.3850197773	0.239093400069
1032	WARM	5.6395179838	0.212859054116
7749	MUSKY	7.22858808932	0.268242529267
6137	MUSKY	11.1870725176	0.397422664099
5364729	MUSKY	7.299843843	0.270678665667
22310	MUSKY	7.33188773201	0.271772878195
6753	MUSKY	7.42536070912	0.274960035701
16741	MUSKY	7.91607132062	0.291577178764
641423	MUSKY	7.63161561013	0.281968001677
10797	MUSKY	8.06385607606	0.296543933116
24834	MUSKY	7.43850616075	0.275407696869
8137	MUSKY	7.25514148921	0.269150828357
7151	MUSKY	7.73947955252	0.285619364603
243	MUSKY	10.2214344003	0.367066287532
5960	MUSKY	7.83362818316	0.288798835122
7720	MUSKY	7.35972559457	0.272722799452
244	MUSKY	7.9689650585	0.293356840699
7519	MUSKY	7.7257122605	0.285153838447
61138	MUSKY	11.273894896	0.400115513391
10430	MUSKY	7.63892751848	0.282215815286
21648	MUSKY	7.60604674844	0.281101091082
13187	MUSKY	7.24228004424	0.268710953674
12506	MUSKY	7.2208128546	0.267976458871
6998	MUSKY	7.78333282956	0.287101205208
8918	MUSKY	7.18845046323	0.266868490504
8091	MUSKY	7.2179506596	0.267878501694
62375	MUSKY	7.69812118383	0.284220419449
7593	MUSKY	7.82359597473	0.288460377399
170833	MUSKY	7.34824064014	0.272330969403
16324	MUSKY	7.2629619641	0.269418231967
7768	MUSKY	7.83121619398	0.288717468928
526618	MUSKY	7.96287109844	0.293151917485
875	MUSKY	7.92754398723	0.291963378021
177	MUSKY	12.9257872725	0.450201100255
7991	MUSKY	11.6587095435	0.411978178451
7894	MUSKY	7.62958216962	0.281899077151
1001	MUSKY	7.84961819674	0.289338125536
263	MUSKY	7.43644141858	0.275337392354
7937	MUSKY	7.90481527768	0.291198169278
6276	MUSKY	7.36144091102	0.272781311526
6584	MUSKY	7.36655448604	0.272955729443
5362588	MUSKY	7.36352277029	0.272852323776
18635	MUSKY	13.2765595065	0.460555567328
14514	MUSKY	7.67950816074	0.283590388193
5365049	MUSKY	7.20868371336	0.267561300183
8174	MUSKY	7.44271959882	0.275551153942
31249	MUSKY	7.26635960588	0.269534391466
61130	MUSKY	11.6177841649	0.410722203035
778574	MUSKY	7.57722537944	0.280123277397
9016	MUSKY	7.49764428175	0.27741990336
7967	MUSKY	7.76583635202	0.286510168382
12748	MUSKY	8.19453939195	0.300921385339
519539	MUSKY	7.8401944851	0.289020319578
7127	MUSKY	7.40727807982	0.274344015772
62572	MUSKY	7.32156148311	0.271420354304
2345	MUSKY	7.64622757872	0.282463184675
807	MUSKY	8.83673469388	0.322234235735
379	MUSKY	11.6572201371	0.411932492955
61771	MUSKY	7.46452551373	0.276293364091
6287	MUSKY	7.62358056408	0.281695630316
7795	MUSKY	7.30580971638	0.27088244641
565690	MUSKY	7.26732227848	0.269567301899
61337	MUSKY	7.62419673878	0.281716519186
14296	MUSKY	7.76997824981	0.286650105191
5779	MUSKY	7.80817970905	0.287940120214
7601	MUSKY	7.6496565334	0.282579363304
61192	MUSKY	7.43502358183	0.275289113008
8051	MUSKY	7.2503857244	0.268988191715
33032	MUSKY	7.78021764219	0.286995991064
8078	MUSKY	7.81880684363	0.288298777562
1032	MUSKY	7.65467365565	0.282749334716
7749	SWEATY	3.79751699771	0.146132225769
6137	SWEATY	7.1238339549	0.264653754109
5364729	SWEATY	3.72406685608	0.143415204664
22310	SWEATY	3.56963200578	0.137688371169
6753	SWEATY	3.33388996124	0.12890966954
16741	SWEATY	3.47494134357	0.134167566806
641423	SWEATY	3.46057034169	0.133632594832
10797	SWEATY	3.36982129268	0.130250573489
24834	SWEATY	3.28050634638	0.1269155651
8137	SWEATY	3.71394338752	0.143040385307
7151	SWEATY	3.43422046275	0.132651270435
243	SWEATY	5.2178507356	0.197823642904
5960	SWEATY	4.23466126639	0.162213508239
7720	SWEATY	3.83143029084	0.147385268404
244	SWEATY	3.46481896814	0.133790770533
7519	SWEATY	3.20422872683	0.12406231638
61138	SWEATY	7.32491843	0.271534965198
10430	SWEATY	3.96349206153	0.152255974732
21648	SWEATY	3.53746151658	0.136493007071
13187	SWEATY	3.7582948438	0.144681881699
12506	SWEATY	3.66945717959	0.141392320786
6998	SWEATY	3.20532163326	0.124103230622
8918	SWEATY	3.73215410887	0.143714574638
8091	SWEATY	3.71615734903	0.143122363784
62375	SWEATY	3.3017475374	0.127709286776
7593	SWEATY	3.52536632463	0.136043369896
170833	SWEATY	3.66718367887	0.141308052701
16324	SWEATY	3.80079578447	0.146253411941
7768	SWEATY	3.81236969718	0.146681122804
526618	SWEATY	3.54484316158	0.136767361247
875	SWEATY	4.26479795015	0.163316517384
177	SWEATY	6.69643823377	0.249920615343
7991	SWEATY	7.62388453322	0.281705935178
7894	SWEATY	3.93747760356	0.151297612191
1001	SWEATY	3.42179614888	0.132188370401
263	SWEATY	3.92039783635	0.150668105776
7937	SWEATY	3.34954935764	0.129494181946
6276	SWEATY	3.86203917499	0.148515428364
6584	SWEATY	3.69445203606	0.142318491104
5362588	SWEATY	3.78143211639	0.145537593115
18635	SWEATY	6.78853303133	0.253107648966
14514	SWEATY	3.48545973438	0.134559017551
5365049	SWEATY	3.77016082362	0.14512078789
8174	SWEATY	3.99762226324	0.153512497026
31249	SWEATY	3.86811081654	0.148739520146
61130	SWEATY	5.80026980706	0.218553540349
778574	SWEATY	3.51189265213	0.135542350085
9016	SWEATY	3.15314834258	0.122148995915
7967	SWEATY	3.65581347925	0.140886550292
12748	SWEATY	3.55486712331	0.137139852827
519539	SWEATY	3.68327487809	0.141904389592
7127	SWEATY	3.23072931121	0.125054127696
62572	SWEATY	3.83089190481	0.147365383078
2345	SWEATY	3.41657056178	0.13199364071
807	SWEATY	2.24489795918	0.0877800916283
379	SWEATY	7.40328395369	0.274207912828
61771	SWEATY	3.69111517584	0.142194874537
6287	SWEATY	3.91159371012	0.150343522263
7795	SWEATY	3.82563776561	0.147171308899
565690	SWEATY	3.6987176685	0.142476501784
61337	SWEATY	3.47788755157	0.134277221334
14296	SWEATY	3.50927289463	0.135444917285
5779	SWEATY	4.18889845281	0.160537190013
7601	SWEATY	3.55369905679	0.137096451477
61192	SWEATY	3.60307501314	0.138930140705
8051	SWEATY	3.76548020865	0.144947671865
33032	SWEATY	4.19932517988	0.160919274409
8078	SWEATY	3.99487462235	0.153411375595
1032	SWEATY	4.01608736082	0.154191911357
7749	AMMONIA/URINOUS	4.85225993076	0.184672626656
6137	AMMONIA/URINOUS	5.89204822063	0.221795435932
5364729	AMMONIA/URINOUS	5.05012745199	0.191803583167
22310	AMMONIA/URINOUS	5.87461760897	0.221180251538
6753	AMMONIA/URINOUS	5.23713706408	0.198514440712
16741	AMMONIA/URINOUS	6.79400059479	0.253296646159
641423	AMMONIA/URINOUS	5.18034579709	0.196479438853
10797	AMMONIA/URINOUS	6.0753487643	0.228250005529
24834	AMMONIA/URINOUS	5.32466285832	0.201645700511
8137	AMMONIA/URINOUS	5.18776169521	0.196745319246
7151	AMMONIA/URINOUS	5.1949950718	0.197004613353
243	AMMONIA/URINOUS	5.41102121464	0.204729188351
5960	AMMONIA/URINOUS	5.53860895377	0.209273882494
7720	AMMONIA/URINOUS	5.57890364102	0.210706479307
244	AMMONIA/URINOUS	6.13884366768	0.230479586077
7519	AMMONIA/URINOUS	5.51414376838	0.208403438136
61138	AMMONIA/URINOUS	5.52530200306	0.208800495232
10430	AMMONIA/URINOUS	6.24244461628	0.234110538736
21648	AMMONIA/URINOUS	5.7834274142	0.217957883506
13187	AMMONIA/URINOUS	5.26942253874	0.199670175993
12506	AMMONIA/URINOUS	5.16482227643	0.195922735398
6998	AMMONIA/URINOUS	5.51800041981	0.208540685339
8918	AMMONIA/URINOUS	5.13484807656	0.194847257155
8091	AMMONIA/URINOUS	5.11726560755	0.194216061383
62375	AMMONIA/URINOUS	5.50000503364	0.207900179197
7593	AMMONIA/URINOUS	5.77750110829	0.217748236709
170833	AMMONIA/URINOUS	5.99817191441	0.22553565005
16324	AMMONIA/URINOUS	5.03642427395	0.191310743171
7768	AMMONIA/URINOUS	6.61920926197	0.247242797977
526618	AMMONIA/URINOUS	5.95088226873	0.223870090839
875	AMMONIA/URINOUS	5.57071927883	0.21041560584
177	AMMONIA/URINOUS	5.01505409163	0.190541856648
7991	AMMONIA/URINOUS	5.64980026858	0.213223913513
7894	AMMONIA/URINOUS	6.02052949556	0.22632246966
1001	AMMONIA/URINOUS	6.07082442397	0.228091013284
263	AMMONIA/URINOUS	5.89538581994	0.221913203211
7937	AMMONIA/URINOUS	5.69386295589	0.214786488091
6276	AMMONIA/URINOUS	5.75946186009	0.217109914037
6584	AMMONIA/URINOUS	5.25401553571	0.199118749729
5362588	AMMONIA/URINOUS	5.38416467415	0.203770895271
18635	AMMONIA/URINOUS	5.90197667716	0.222145735607
14514	AMMONIA/URINOUS	5.40287164193	0.204438456886
5365049	AMMONIA/URINOUS	5.08313316188	0.192990029379
8174	AMMONIA/URINOUS	5.53646345518	0.209197567171
31249	AMMONIA/URINOUS	4.81423236618	0.183298561337
61130	AMMONIA/URINOUS	6.72249044679	0.250822866749
778574	AMMONIA/URINOUS	5.17093607413	0.196142011012
9016	AMMONIA/URINOUS	5.38331195919	0.203740459308
7967	AMMONIA/URINOUS	6.48933244807	0.242728723674
12748	AMMONIA/URINOUS	7.40555886734	0.274285433838
519539	AMMONIA/URINOUS	6.69821053863	0.249982011777
7127	AMMONIA/URINOUS	5.29519693286	0.200592233091
62572	AMMONIA/URINOUS	5.05657437666	0.192035397296
2345	AMMONIA/URINOUS	5.60391866136	0.211595184709
807	AMMONIA/URINOUS	13.1836734694	0.457823240317
379	AMMONIA/URINOUS	5.38623745776	0.20384487673
61771	AMMONIA/URINOUS	6.06575931979	0.227912998341
6287	AMMONIA/URINOUS	6.41162676987	0.24002148766
7795	AMMONIA/URINOUS	5.04949887183	0.19178097933
565690	AMMONIA/URINOUS	5.09651884022	0.193470951893
61337	AMMONIA/URINOUS	5.24778669516	0.198895761727
14296	AMMONIA/URINOUS	5.40328315246	0.204453138568
5779	AMMONIA/URINOUS	5.72571910249	0.215915220403
7601	AMMONIA/URINOUS	5.58601786726	0.210959276445
61192	AMMONIA/URINOUS	5.95444090261	0.223995489519
8051	AMMONIA/URINOUS	5.37116547728	0.203306851657
33032	AMMONIA/URINOUS	5.43639508983	0.205634046964
8078	AMMONIA/URINOUS	7.45883258074	0.276099629843
1032	AMMONIA/URINOUS	5.43681426125	0.205648990725
7749	DECAYED	5.61148970552	0.211864061535
6137	DECAYED	5.70970145261	0.215347781833
5364729	DECAYED	4.39410442267	0.168040915436
22310	DECAYED	4.44587556973	0.169928698957
6753	DECAYED	4.12684317198	0.158261393053
16741	DECAYED	4.18157662001	0.160268831589
641423	DECAYED	4.09658501644	0.157150597139
10797	DECAYED	4.48135748566	0.171221273461
24834	DECAYED	4.17454271814	0.160010985963
8137	DECAYED	4.56519644734	0.174271450453
7151	DECAYED	4.29561739365	0.164443764229
243	DECAYED	4.19918451753	0.160914120456
5960	DECAYED	4.65295699588	0.177458276313
7720	DECAYED	4.82232106519	0.183590930425
244	DECAYED	4.2333896841	0.162166952077
7519	DECAYED	4.09541164609	0.157107507223
61138	DECAYED	5.08690272983	0.19312547744
10430	DECAYED	5.33754072063	0.202105892447
21648	DECAYED	4.50362857923	0.172032075017
13187	DECAYED	5.16898372692	0.196071991969
12506	DECAYED	4.36644530589	0.167031474392
6998	DECAYED	4.15632779293	0.159343087428
8918	DECAYED	4.32819772485	0.165634590776
8091	DECAYED	4.89301386601	0.186143920763
62375	DECAYED	4.16465549798	0.159648477752
7593	DECAYED	4.12168063139	0.158071924765
170833	DECAYED	4.55035626289	0.173731953668
16324	DECAYED	5.63335921469	0.212640474171
7768	DECAYED	4.82978931929	0.183860826824
526618	DECAYED	4.88085739572	0.185705188262
875	DECAYED	4.60644173298	0.175769947143
177	DECAYED	4.69454043893	0.178966133584
7991	DECAYED	6.42050210856	0.240330945412
7894	DECAYED	5.05116141214	0.191840763841
1001	DECAYED	4.14923089804	0.159082789103
263	DECAYED	5.2002613315	0.197193366094
7937	DECAYED	4.43192001148	0.169420034464
6276	DECAYED	4.92262695138	0.187212175614
6584	DECAYED	4.99435432697	0.189796743021
5362588	DECAYED	4.91774657051	0.187036170288
18635	DECAYED	5.80546126666	0.218737098459
14514	DECAYED	4.50959561172	0.172249243436
5365049	DECAYED	4.5757604471	0.174655384416
8174	DECAYED	4.29902112147	0.164568211818
31249	DECAYED	4.61781139857	0.176182783098
61130	DECAYED	4.37975215375	0.167517194579
778574	DECAYED	4.25887469319	0.163099782267
9016	DECAYED	4.14310586582	0.158858104147
7967	DECAYED	4.72770795889	0.180167829338
12748	DECAYED	4.72250166219	0.179979257708
519539	DECAYED	4.70390420947	0.179305482454
7127	DECAYED	4.13190142254	0.158447013155
62572	DECAYED	5.16228479686	0.195831718145
2345	DECAYED	3.99974461067	0.153590601647
807	DECAYED	3.26530612245	0.126347355269
379	DECAYED	5.01528281756	0.190550088006
61771	DECAYED	4.70598900616	0.179381027236
6287	DECAYED	4.96145257435	0.188611698315
7795	DECAYED	5.50104617773	0.207937243489
565690	DECAYED	4.41859075592	0.16893405253
61337	DECAYED	4.18050837602	0.160229674928
14296	DECAYED	4.5832752144	0.1749284439
5779	DECAYED	5.14731353844	0.195294606872
7601	DECAYED	4.00892811281	0.153928522667
61192	DECAYED	4.50319241629	0.172016199876
8051	DECAYED	6.13168408886	0.230228343648
33032	DECAYED	4.86840293349	0.185255578491
8078	DECAYED	5.60533137137	0.211645358942
1032	DECAYED	5.75200031554	0.21684580957
7749	WOOD	2.79364834442	0.108624145348
6137	WOOD	3.47140735932	0.134036026751
5364729	WOOD	2.93354017475	0.113899343807
22310	WOOD	3.58379511202	0.138214369519
6753	WOOD	3.88119207053	0.149222222066
16741	WOOD	3.29128474342	0.127318367632
641423	WOOD	3.3145858431	0.128188841999
10797	WOOD	3.73691455713	0.143890770122
24834	WOOD	3.26895040748	0.126483601593
8137	WOOD	3.00612773505	0.116630387818
7151	WOOD	3.40284415689	0.131482026933
243	WOOD	3.5555528757	0.137165332527
5960	WOOD	3.86160123875	0.148499263899
7720	WOOD	3.98947032189	0.153212463496
244	WOOD	3.2663358591	0.126385854386
7519	WOOD	3.3680138784	0.130183148142
61138	WOOD	3.38778555477	0.130920585805
10430	WOOD	3.60843361389	0.139129027297
21648	WOOD	3.49302880735	0.134840652194
13187	WOOD	3.50368394883	0.135237037468
12506	WOOD	3.31880248129	0.128346319288
6998	WOOD	3.611387474	0.139238651165
8918	WOOD	3.06870599279	0.118981457124
8091	WOOD	3.35844067469	0.129825977482
62375	WOOD	3.1722885133	0.122866174767
7593	WOOD	2.95736709118	0.114796275602
170833	WOOD	3.75019424148	0.14438218692
16324	WOOD	3.0216184278	0.117212665943
7768	WOOD	3.68310192565	0.141897981108
526618	WOOD	4.00962317923	0.153954095953
875	WOOD	3.3958970947	0.131223036957
177	WOOD	3.38277623749	0.13073377947
7991	WOOD	3.52455680883	0.136013272074
7894	WOOD	3.56827687426	0.13763803503
1001	WOOD	3.30676392181	0.127896681818
263	WOOD	3.35151724604	0.129567622701
7937	WOOD	3.6991479594	0.142492440126
6276	WOOD	3.41090795451	0.131782600951
6584	WOOD	2.97288254872	0.11538008969
5362588	WOOD	3.08055766332	0.119426372326
18635	WOOD	3.31421823594	0.128175112431
14514	WOOD	4.04083726799	0.155102144389
5365049	WOOD	3.14074429517	0.121684061916
8174	WOOD	3.80478244731	0.146400750104
31249	WOOD	2.63662724749	0.102684368603
61130	WOOD	4.00288011107	0.153705984769
778574	WOOD	3.42863081242	0.132443028798
9016	WOOD	3.43859787787	0.132814332968
7967	WOOD	3.75716894691	0.144640230478
12748	WOOD	3.87850751856	0.149123172514
519539	WOOD	3.71272111835	0.142995125493
7127	WOOD	3.17069001618	0.122806290576
62572	WOOD	2.90770179448	0.112926179889
2345	WOOD	3.16450420732	0.122574533541
807	WOOD	2.48979591837	0.0971122032487
379	WOOD	3.61145804657	0.139241270174
61771	WOOD	3.5262324334	0.136075571266
6287	WOOD	3.62944877957	0.139908791805
7795	WOOD	3.0319465777	0.117600783088
565690	WOOD	3.46506412173	0.133799897122
61337	WOOD	3.3732735491	0.130379352189
14296	WOOD	3.7653710587	0.144943634664
5779	WOOD	3.67940136286	0.141760856759
7601	WOOD	2.78109725616	0.108150089467
61192	WOOD	3.13939557354	0.121633501115
8051	WOOD	3.36506291972	0.130073057407
33032	WOOD	3.78865818309	0.145804754992
8078	WOOD	3.88394083721	0.149323634918
1032	WOOD	3.41146802455	0.131803475349
7749	GRASS	3.64026767174	0.140310087381
6137	GRASS	3.2246576782	0.124826940272
5364729	GRASS	3.72554063773	0.143469764292
22310	GRASS	4.1862894016	0.160441568482
6753	GRASS	3.32627749698	0.128625451084
16741	GRASS	3.0698375723	0.119023941804
641423	GRASS	3.15092791823	0.122065778031
10797	GRASS	3.00704631513	0.116664921589
24834	GRASS	3.08504603392	0.119594837744
8137	GRASS	3.44063588473	0.132890245273
7151	GRASS	3.06580625973	0.11887258318
243	GRASS	2.95811369769	0.114824373248
5960	GRASS	3.11722306386	0.120802090702
7720	GRASS	3.44254570704	0.132961379904
244	GRASS	3.08258083726	0.119502311643
7519	GRASS	3.00776315367	0.116691870472
61138	GRASS	3.46312294878	0.133727629728
10430	GRASS	3.49394485795	0.13487473405
21648	GRASS	3.05927933197	0.118627497266
13187	GRASS	3.42182233736	0.132189346251
12506	GRASS	3.46381234494	0.133753295413
6998	GRASS	2.94947525298	0.114499248412
8918	GRASS	3.51471078147	0.135647154508
8091	GRASS	3.45006892753	0.13324156686
62375	GRASS	3.07334433609	0.11915559528
7593	GRASS	3.05407635752	0.118432101342
170833	GRASS	3.76720870197	0.145011603517
16324	GRASS	3.62479136464	0.139736009611
7768	GRASS	3.0555055966	0.118485778083
526618	GRASS	3.1134741047	0.120661475788
875	GRASS	3.0152783125	0.116974371179
177	GRASS	3.18438208747	0.123319167787
7991	GRASS	3.38695050402	0.130889446674
7894	GRASS	3.36886837018	0.130215025169
1001	GRASS	3.04134203322	0.117953776784
263	GRASS	3.46482610726	0.133791036309
7937	GRASS	3.07344673171	0.119159439343
6276	GRASS	3.53650896373	0.136457600289
6584	GRASS	3.31310760374	0.128133631352
5362588	GRASS	3.93283181119	0.151126406025
18635	GRASS	3.32491322349	0.128574509762
14514	GRASS	3.09198608614	0.119855292263
5365049	GRASS	7.61692213887	0.281469884407
8174	GRASS	3.43614628298	0.132723010808
31249	GRASS	3.41662965118	0.131995842778
61130	GRASS	3.70660475859	0.142768622809
778574	GRASS	3.3352034899	0.128958706668
9016	GRASS	3.067074817	0.118920213507
7967	GRASS	2.96961912106	0.115257309753
12748	GRASS	3.20356382111	0.124037424382
519539	GRASS	3.30211487478	0.127723009933
7127	GRASS	3.18654530604	0.123400183847
62572	GRASS	3.8124621567	0.14668453919
2345	GRASS	3.08186077038	0.119475284492
807	GRASS	0.408163265306	0.0162598917118
379	GRASS	3.32759152101	0.128674514708
61771	GRASS	3.48480896679	0.134534801258
6287	GRASS	3.29317310241	0.127388928464
7795	GRASS	4.11912962266	0.157978293367
565690	GRASS	3.67633488739	0.141647220214
61337	GRASS	3.19984490096	0.123898193082
14296	GRASS	3.49533724345	0.13492653676
5779	GRASS	3.66199922999	0.141115873855
7601	GRASS	3.12691161126	0.121165433961
61192	GRASS	3.48592975352	0.134576507642
8051	GRASS	3.51325588093	0.135593048483
33032	GRASS	3.17509672635	0.122971373365
8078	GRASS	3.10463395049	0.120329857233
1032	GRASS	3.26281803639	0.12625432884
7749	FLOWER	4.09509755775	0.157095972707
6137	FLOWER	3.81856882237	0.146910165754
5364729	FLOWER	7.61157014271	0.281288405693
22310	FLOWER	7.50419185003	0.277642515872
6753	FLOWER	7.93299634047	0.292146881244
16741	FLOWER	3.31453254673	0.128186851468
641423	FLOWER	8.78892893813	0.320659048773
10797	FLOWER	3.16443005643	0.122571755224
24834	FLOWER	8.15951774813	0.299749617972
8137	FLOWER	7.43803799217	0.275391756018
7151	FLOWER	8.31709050397	0.305014022378
243	FLOWER	9.03898640698	0.328878146173
5960	FLOWER	4.09941887657	0.157254661013
7720	FLOWER	7.02560905417	0.261280689134
244	FLOWER	9.55447794574	0.345663898303
7519	FLOWER	3.19595723681	0.123752632409
61138	FLOWER	7.19715478637	0.267166576647
10430	FLOWER	3.80802702431	0.146520653045
21648	FLOWER	8.13124621254	0.298802982514
13187	FLOWER	7.31427527771	0.271171561973
12506	FLOWER	7.86740236932	0.289937686757
6998	FLOWER	8.6072143629	0.314654918881
8918	FLOWER	7.4352523796	0.275296904005
8091	FLOWER	7.45363318385	0.275922668298
62375	FLOWER	9.0092757291	0.327904209499
7593	FLOWER	9.39501720575	0.340494148912
170833	FLOWER	4.01588421508	0.154184438192
16324	FLOWER	7.49785090818	0.277426929031
7768	FLOWER	3.48750418627	0.134635093271
526618	FLOWER	3.1924764759	0.123622296616
875	FLOWER	4.12139961491	0.158061610682
177	FLOWER	3.78822950504	0.145788907088
7991	FLOWER	7.14581109376	0.265407397275
7894	FLOWER	3.81062888304	0.146616798328
1001	FLOWER	3.32064512525	0.128415131391
263	FLOWER	3.87637194256	0.149044373928
7937	FLOWER	3.20443571145	0.124070065167
6276	FLOWER	7.15789918245	0.265821759016
6584	FLOWER	4.05165546397	0.155499853759
5362588	FLOWER	4.04024560817	0.155080390497
18635	FLOWER	6.94131383967	0.258379818458
14514	FLOWER	8.04867804491	0.296034634488
5365049	FLOWER	7.57142592434	0.279926440763
8174	FLOWER	6.98720134927	0.259959660893
31249	FLOWER	4.22122097668	0.161721356454
61130	FLOWER	7.74880500451	0.285934608581
778574	FLOWER	8.48139007658	0.310482012011
9016	FLOWER	3.37498144218	0.130443057793
7967	FLOWER	3.33392923131	0.128911135605
12748	FLOWER	3.24347625717	0.125530994994
519539	FLOWER	3.42776446803	0.132410751022
7127	FLOWER	8.18311902495	0.300539386207
62572	FLOWER	7.45979653815	0.27613243577
2345	FLOWER	9.50428021245	0.344038671555
807	FLOWER	3.81632653061	0.146827321949
379	FLOWER	7.16357813512	0.266016384725
61771	FLOWER	7.58104580007	0.280252929834
6287	FLOWER	3.93357862405	0.151153928646
7795	FLOWER	7.40466346386	0.274254922149
565690	FLOWER	7.6287726679	0.281871637748
61337	FLOWER	8.1145236741	0.298242749181
14296	FLOWER	3.5983480252	0.138754677604
5779	FLOWER	4.14793397786	0.159035216601
7601	FLOWER	9.47724728301	0.343162604895
61192	FLOWER	7.86851709362	0.289975259244
8051	FLOWER	7.31680425349	0.271257920346
33032	FLOWER	6.98992651219	0.260053431429
8078	FLOWER	4.18114989142	0.160253189891
1032	FLOWER	3.87437736002	0.14897077443
7749	CHEMICAL	16.7802725845	0.558579884177
6137	CHEMICAL	16.5438402325	0.552274149443
5364729	CHEMICAL	16.260836814	0.544667547002
22310	CHEMICAL	18.0453414044	0.591559917615
6753	CHEMICAL	17.1959686588	0.569558211106
16741	CHEMICAL	18.3254637894	0.598689502337
641423	CHEMICAL	16.9930368986	0.56421615473
10797	CHEMICAL	18.3111255151	0.598326093552
24834	CHEMICAL	17.9540472	0.589222763655
8137	CHEMICAL	17.2711414765	0.5715287279
7151	CHEMICAL	17.0465769809	0.565628764529
243	CHEMICAL	19.2346676461	0.621397730061
5960	CHEMICAL	16.0591907394	0.539208586695
7720	CHEMICAL	18.3631524186	0.599643950045
244	CHEMICAL	20.4042881275	0.649637535504
7519	CHEMICAL	19.8235434933	0.635752589079
61138	CHEMICAL	16.1541145813	0.541782416089
10430	CHEMICAL	17.087346456	0.566702894676
21648	CHEMICAL	21.8406227482	0.682819789117
13187	CHEMICAL	20.8485972754	0.660078287676
12506	CHEMICAL	16.5232627841	0.551723226151
6998	CHEMICAL	22.8547339319	0.705253812037
8918	CHEMICAL	17.4756242817	0.576865993654
8091	CHEMICAL	17.0741053244	0.566354183924
62375	CHEMICAL	19.0418756803	0.616637815442
7593	CHEMICAL	20.2915037332	0.646962099826
170833	CHEMICAL	17.6949767221	0.582554188405
16324	CHEMICAL	16.4935399998	0.550926855302
7768	CHEMICAL	17.1705451483	0.568890757656
526618	CHEMICAL	17.6400730538	0.581134051215
875	CHEMICAL	16.1084924461	0.540546286291
177	CHEMICAL	16.7215939449	0.557019076172
7991	CHEMICAL	17.2311820675	0.570481828522
7894	CHEMICAL	18.026017501	0.591065777261
1001	CHEMICAL	19.0786376827	0.617547740977
263	CHEMICAL	18.2442210519	0.596628201359
7937	CHEMICAL	18.5513059399	0.604391856766
6276	CHEMICAL	18.2033366768	0.595588880603
6584	CHEMICAL	16.4359804058	0.549382635471
5362588	CHEMICAL	21.2045777223	0.668329462339
18635	CHEMICAL	16.7186361102	0.556940327055
14514	CHEMICAL	17.3017197998	0.57232898878
5365049	CHEMICAL	16.6206659475	0.554328023284
8174	CHEMICAL	18.5391537323	0.604086060849
31249	CHEMICAL	16.5344130106	0.552021794983
61130	CHEMICAL	17.4584826627	0.576419859755
778574	CHEMICAL	17.6623418666	0.58171034658
9016	CHEMICAL	18.0184508448	0.590872205454
7967	CHEMICAL	24.3207134045	0.736229695978
12748	CHEMICAL	17.3734504231	0.574203305083
519539	CHEMICAL	18.0077933336	0.590599485046
7127	CHEMICAL	17.273652624	0.571594474971
62572	CHEMICAL	17.0118507123	0.564712802629
2345	CHEMICAL	17.4106770393	0.575174411586
807	CHEMICAL	45.9387755102	0.993402582257
379	CHEMICAL	17.4567544995	0.576374868917
61771	CHEMICAL	23.3842521326	0.716640786185
6287	CHEMICAL	16.8648678864	0.560825207925
7795	CHEMICAL	17.1017706374	0.567082601923
565690	CHEMICAL	17.2594122054	0.571221564346
61337	CHEMICAL	16.7401633062	0.557513305242
14296	CHEMICAL	17.6376352822	0.58107093995
5779	CHEMICAL	17.4056244654	0.575042673404
7601	CHEMICAL	17.0376675977	0.565393857039
61192	CHEMICAL	16.6103660942	0.554052939056
8051	CHEMICAL	21.3807439331	0.67237527287
33032	CHEMICAL	16.2408714055	0.544128494617
8078	CHEMICAL	18.9930197369	0.615426869985
1032	CHEMICAL	17.0546071541	0.565840436092
