#oID	descriptor	value	sigma
11980	INTENSITY/STRENGTH	52.1315464134	0.998182603955
650	INTENSITY/STRENGTH	34.9697537403	0.90963667895
89440	INTENSITY/STRENGTH	51.1107667062	0.99950647893
7601	INTENSITY/STRENGTH	49.2883964792	0.999797448172
5363388	INTENSITY/STRENGTH	51.1628875242	0.999459077042
444539	INTENSITY/STRENGTH	50.9171708708	0.999663519037
6054	INTENSITY/STRENGTH	51.083854082	0.999530104132
62374	INTENSITY/STRENGTH	44.4078537942	0.987491160325
235414	INTENSITY/STRENGTH	50.2448954698	0.999976010484
78925	INTENSITY/STRENGTH	37.7127340193	0.939609237888
6549	INTENSITY/STRENGTH	51.782248025	0.998729436791
7194	INTENSITY/STRENGTH	48.8431622064	0.999464690528
8857	INTENSITY/STRENGTH	35.4637205376	0.915478631757
1136	INTENSITY/STRENGTH	42.9188063904	0.979942678825
8467	INTENSITY/STRENGTH	51.6086370236	0.99896491477
61209	INTENSITY/STRENGTH	44.2957831165	0.986984763898
5365027	INTENSITY/STRENGTH	49.0924067069	0.999670509766
22873	INTENSITY/STRENGTH	47.2123909102	0.996891694225
637776	INTENSITY/STRENGTH	50.8472652719	0.999712856624
7795	INTENSITY/STRENGTH	50.5889661214	0.999861247563
565690	INTENSITY/STRENGTH	49.3320726265	0.999821549209
24834	INTENSITY/STRENGTH	52.2259943257	0.998017979705
5364729	INTENSITY/STRENGTH	51.5144316357	0.999082598728
8038	INTENSITY/STRENGTH	51.0828279297	0.99953099347
62572	INTENSITY/STRENGTH	51.8848767133	0.99857889591
6386	INTENSITY/STRENGTH	37.1392531539	0.933840476224
6826	INTENSITY/STRENGTH	51.6885004605	0.998859586478
8175	INTENSITY/STRENGTH	46.4944532867	0.995084456896
8452	INTENSITY/STRENGTH	48.9121021076	0.99952659127
241	INTENSITY/STRENGTH	48.1856777984	0.99868329398
4133	INTENSITY/STRENGTH	51.5249336599	0.999069830933
8294	INTENSITY/STRENGTH	50.9601720889	0.999631227824
18827	INTENSITY/STRENGTH	51.0562774614	0.99955371117
1183	INTENSITY/STRENGTH	51.3211622296	0.999301812145
61252	INTENSITY/STRENGTH	47.0082546883	0.996419783996
7151	INTENSITY/STRENGTH	52.5842411585	0.997328679054
61155	INTENSITY/STRENGTH	51.551243761	0.999037457118
7583	INTENSITY/STRENGTH	50.0105171019	0.999999955756
8785	INTENSITY/STRENGTH	50.7920001669	0.999749094294
1549778	INTENSITY/STRENGTH	51.5689590116	0.999015347048
6140	INTENSITY/STRENGTH	50.6047588768	0.99985370668
61659	INTENSITY/STRENGTH	51.709095327	0.998831597265
61177	INTENSITY/STRENGTH	49.3458471307	0.999828833609
69963	INTENSITY/STRENGTH	50.4001470244	0.999935952944
2969	INTENSITY/STRENGTH	46.5790089487	0.995318728091
8375	INTENSITY/STRENGTH	52.111282777	0.998216994014
660	INTENSITY/STRENGTH	51.6646465799	0.998891580706
679	INTENSITY/STRENGTH	37.8299064718	0.940755529406
24197	INTENSITY/STRENGTH	51.0807352758	0.999532804505
6057	INTENSITY/STRENGTH	50.4263285259	0.999927297595
196	INTENSITY/STRENGTH	50.3557988892	0.99994936286
7635	INTENSITY/STRENGTH	50.647766175	0.999832159593
6998	INTENSITY/STRENGTH	45.9235149503	0.993352907856
311	INTENSITY/STRENGTH	31.8920430858	0.868840758557
7047	INTENSITY/STRENGTH	52.6424819529	0.997206915651
5368076	INTENSITY/STRENGTH	49.7000002761	0.999964000066
261	INTENSITY/STRENGTH	38.9298021252	0.950980287605
61138	INTENSITY/STRENGTH	33.0267543904	0.88476357339
170833	INTENSITY/STRENGTH	51.1596226873	0.999462110089
228769	INTENSITY/STRENGTH	46.7294834463	0.995721488589
5960	INTENSITY/STRENGTH	29.5922582866	0.833409631264
11980	VALENCE/PLEASANTNESS	45.5596490099	0.992113313234
650	VALENCE/PLEASANTNESS	45.3108806823	0.99120486401
89440	VALENCE/PLEASANTNESS	45.5705587549	0.992152020103
7601	VALENCE/PLEASANTNESS	45.6862130937	0.992556497011
5363388	VALENCE/PLEASANTNESS	45.9279478308	0.993367356452
444539	VALENCE/PLEASANTNESS	45.0320911415	0.99012795263
6054	VALENCE/PLEASANTNESS	44.4601722036	0.987724123195
62374	VALENCE/PLEASANTNESS	45.1528116428	0.990601906012
235414	VALENCE/PLEASANTNESS	45.3165377512	0.991226072546
78925	VALENCE/PLEASANTNESS	42.7551929158	0.979005108125
6549	VALENCE/PLEASANTNESS	44.9765691382	0.989906056951
7194	VALENCE/PLEASANTNESS	45.6658587305	0.992486087782
8857	VALENCE/PLEASANTNESS	45.9553118095	0.993456198977
1136	VALENCE/PLEASANTNESS	43.5442171873	0.98332914731
8467	VALENCE/PLEASANTNESS	45.3154707934	0.991222074445
61209	VALENCE/PLEASANTNESS	45.0104889504	0.990041911794
5365027	VALENCE/PLEASANTNESS	44.9783208537	0.989913095421
22873	VALENCE/PLEASANTNESS	46.2345808711	0.994328647514
637776	VALENCE/PLEASANTNESS	45.862073975	0.993151027285
7795	VALENCE/PLEASANTNESS	45.6067913126	0.992279886972
565690	VALENCE/PLEASANTNESS	45.6519981358	0.992437951915
24834	VALENCE/PLEASANTNESS	45.6196729363	0.992325093926
5364729	VALENCE/PLEASANTNESS	45.9214418578	0.993346145392
7916	VALENCE/PLEASANTNESS	45.7301687462	0.992707416426
8038	VALENCE/PLEASANTNESS	45.5498696893	0.992078536087
62572	VALENCE/PLEASANTNESS	45.5485870633	0.992073969147
6386	VALENCE/PLEASANTNESS	43.7494126922	0.984372063323
6826	VALENCE/PLEASANTNESS	45.5783788797	0.992179706667
8175	VALENCE/PLEASANTNESS	44.9187148441	0.989672216466
8452	VALENCE/PLEASANTNESS	44.4918414186	0.987864075617
241	VALENCE/PLEASANTNESS	44.0985682212	0.986069241184
4133	VALENCE/PLEASANTNESS	45.3111715622	0.991205955152
8294	VALENCE/PLEASANTNESS	45.8963042592	0.993263872507
18827	VALENCE/PLEASANTNESS	44.4546643249	0.9876997009
1183	VALENCE/PLEASANTNESS	45.3588172678	0.991383769138
61252	VALENCE/PLEASANTNESS	44.8585363063	0.989426140435
7151	VALENCE/PLEASANTNESS	45.2127373364	0.990832846476
61155	VALENCE/PLEASANTNESS	45.6978117439	0.992596470484
7583	VALENCE/PLEASANTNESS	45.0136416785	0.990054492276
10430	VALENCE/PLEASANTNESS	44.1822581422	0.98646155187
8785	VALENCE/PLEASANTNESS	45.6625981062	0.992474777925
1549778	VALENCE/PLEASANTNESS	45.944771346	0.993422048226
6140	VALENCE/PLEASANTNESS	44.6801077735	0.98867949868
61659	VALENCE/PLEASANTNESS	27.7013878569	0.801108758597
61177	VALENCE/PLEASANTNESS	45.7751306577	0.992860191616
69963	VALENCE/PLEASANTNESS	44.2656324872	0.986846811691
9016	VALENCE/PLEASANTNESS	45.4710219398	0.991795343092
12587	VALENCE/PLEASANTNESS	44.2314464843	0.986689516135
2969	VALENCE/PLEASANTNESS	44.849701484	0.989389770078
8375	VALENCE/PLEASANTNESS	44.9908005827	0.989963168479
15717	VALENCE/PLEASANTNESS	45.6588255348	0.992461681705
18635	VALENCE/PLEASANTNESS	43.8504155707	0.984873044539
526618	VALENCE/PLEASANTNESS	44.0176356289	0.985684526612
660	VALENCE/PLEASANTNESS	45.1953300497	0.990766058667
679	VALENCE/PLEASANTNESS	44.5125660928	0.987955227646
24197	VALENCE/PLEASANTNESS	45.9435047466	0.993417938504
6057	VALENCE/PLEASANTNESS	44.5493189404	0.988116030395
196	VALENCE/PLEASANTNESS	44.8371893101	0.989338154312
7635	VALENCE/PLEASANTNESS	45.6870974108	0.992559548502
6998	VALENCE/PLEASANTNESS	44.5899616561	0.988292594047
311	VALENCE/PLEASANTNESS	44.5661667455	0.988189382465
7047	VALENCE/PLEASANTNESS	44.3945812866	0.987431712419
5368076	VALENCE/PLEASANTNESS	45.8013648663	0.992948585206
261	VALENCE/PLEASANTNESS	44.4686347795	0.987761599519
61138	VALENCE/PLEASANTNESS	44.4700710196	0.987767954189
7894	VALENCE/PLEASANTNESS	43.7945381962	0.98459689752
170833	VALENCE/PLEASANTNESS	44.915407312	0.989658766879
228769	VALENCE/PLEASANTNESS	45.7724422024	0.992851102027
5960	VALENCE/PLEASANTNESS	44.079328323	0.985978258757
11980	BAKERY	3.52747958017	0.136121938331
650	BAKERY	3.55015130749	0.136964622577
89440	BAKERY	3.74903450033	0.144339276139
7601	BAKERY	3.2704805836	0.126540806045
5363388	BAKERY	3.23008063338	0.125029856976
444539	BAKERY	3.58732922975	0.138345596789
6054	BAKERY	3.26814787189	0.126453598671
62374	BAKERY	3.7431965588	0.144123254161
235414	BAKERY	3.76504850517	0.144931704108
78925	BAKERY	2.97483137953	0.115453406487
6549	BAKERY	3.20049086855	0.123922378022
7194	BAKERY	3.27360719825	0.126657686295
8857	BAKERY	3.36364002748	0.130019971406
1136	BAKERY	3.59373858142	0.13858356046
8467	BAKERY	4.2122439956	0.161392560033
61209	BAKERY	3.72961377149	0.143620543306
5365027	BAKERY	2.77143495022	0.107785057335
22873	BAKERY	2.97366560038	0.115409549174
637776	BAKERY	3.98563503218	0.153071286643
7795	BAKERY	3.11992286408	0.120903347092
565690	BAKERY	3.27239469225	0.126612360881
24834	BAKERY	3.68675105578	0.142033188892
5364729	BAKERY	3.42634926249	0.132358022792
7916	BAKERY	3.46833713913	0.133921740561
8038	BAKERY	3.36731373824	0.130157028805
62572	BAKERY	3.24661012027	0.125648213902
6386	BAKERY	3.2461146884	0.125629683308
6826	BAKERY	3.54186371831	0.136656629293
8175	BAKERY	2.74839330524	0.106914265906
8452	BAKERY	3.50692330015	0.135357527593
241	BAKERY	3.45565775445	0.133449681972
4133	BAKERY	3.51570986578	0.135684308287
8294	BAKERY	3.32379891887	0.128532901053
18827	BAKERY	2.85617802008	0.11098401965
1183	BAKERY	4.33966284885	0.166053444497
61252	BAKERY	3.68878673265	0.142108610282
7151	BAKERY	3.68200898816	0.141857483451
61155	BAKERY	3.73108590625	0.143675035434
7583	BAKERY	3.40824452303	0.13168332863
10430	BAKERY	3.27240158065	0.126612618384
8785	BAKERY	3.43228343406	0.132579109534
1549778	BAKERY	3.22717711013	0.124921215565
6140	BAKERY	3.74643568682	0.144243115331
61659	BAKERY	3.51847575176	0.135787161424
61177	BAKERY	2.96225267578	0.114980130665
69963	BAKERY	2.81957655565	0.109603057445
9016	BAKERY	3.64131409846	0.140348896593
12587	BAKERY	3.16890200468	0.122739304221
2969	BAKERY	2.78082897063	0.10813995492
8375	BAKERY	3.5996549774	0.138803192713
15717	BAKERY	3.38345702472	0.130759168413
18635	BAKERY	3.2136376306	0.124414518496
526618	BAKERY	3.76746631644	0.145021131679
660	BAKERY	3.79451559464	0.146021284346
679	BAKERY	3.50725338692	0.135369804949
24197	BAKERY	5.10945060533	0.193935430018
6057	BAKERY	3.93443514577	0.151185493864
196	BAKERY	3.02375485273	0.117292956745
7635	BAKERY	3.10205026669	0.120232924325
6998	BAKERY	3.75166778427	0.144436706905
311	BAKERY	3.70564081905	0.14273292321
7047	BAKERY	3.76290629446	0.144852466266
5368076	BAKERY	3.00177695616	0.116466812289
261	BAKERY	3.16092261386	0.122440331846
61138	BAKERY	3.18180598249	0.123222683575
7894	BAKERY	3.10572361199	0.120370736818
170833	BAKERY	3.28831564988	0.12720741807
228769	BAKERY	2.92621489202	0.113623502243
5960	BAKERY	3.77601342911	0.145337226198
11980	SWEET	14.8913532806	0.506953170212
650	SWEET	15.3368466799	0.519386320763
89440	SWEET	16.2570144402	0.544564370203
7601	SWEET	15.1546028727	0.514319319616
5363388	SWEET	19.0485952798	0.616804218337
444539	SWEET	18.9016259968	0.613156453743
6054	SWEET	12.7544969895	0.445109002199
62374	SWEET	14.0602877736	0.483334834032
235414	SWEET	14.3509548062	0.491658230709
78925	SWEET	12.9269470445	0.450235497824
6549	SWEET	14.4858178129	0.495497145432
7194	SWEET	14.8974069083	0.507123183295
8857	SWEET	15.9976810661	0.537536922847
1136	SWEET	12.837991366	0.447594045713
8467	SWEET	14.3277852613	0.490997238253
61209	SWEET	14.1691360022	0.486459674069
5365027	SWEET	15.8002297781	0.532150286707
22873	SWEET	17.1972305274	0.569591325972
637776	SWEET	15.1532436743	0.514281429431
7795	SWEET	19.0162091611	0.616001882101
565690	SWEET	18.7172756105	0.608556461909
24834	SWEET	16.5337461261	0.552003940658
5364729	SWEET	15.8915903525	0.534646556527
7916	SWEET	15.6505130949	0.528045099743
8038	SWEET	15.1743222007	0.514868866329
62572	SWEET	15.619268079	0.527186109031
6386	SWEET	13.2868844255	0.460858857924
6826	SWEET	14.411617902	0.493386823857
8175	SWEET	15.6685860987	0.528541607815
8452	SWEET	13.4833345119	0.466613256653
241	SWEET	12.1879550988	0.428099704156
4133	SWEET	14.0416127954	0.482797755857
8294	SWEET	18.2408461024	0.596542457483
18827	SWEET	14.896052922	0.507085159819
1183	SWEET	14.0329926603	0.482549753211
61252	SWEET	13.9396215541	0.479859642535
7151	SWEET	14.1300323036	0.485338166985
61155	SWEET	14.3599830192	0.491915675843
7583	SWEET	14.0489645768	0.483009220801
10430	SWEET	14.0599742276	0.48332581899
8785	SWEET	20.2250870916	0.645381824519
1549778	SWEET	17.0883457034	0.566729204585
6140	SWEET	18.4160094507	0.600980616392
61659	SWEET	13.0978612396	0.455292861963
61177	SWEET	17.9003635681	0.587845336375
69963	SWEET	14.7792850462	0.503800495258
9016	SWEET	13.9672044939	0.480655059207
12587	SWEET	14.2570511949	0.488976644287
2969	SWEET	16.1798841342	0.542479905131
8375	SWEET	13.6379794216	0.471121383783
15717	SWEET	15.1949281093	0.515442788273
18635	SWEET	14.1861564462	0.486947443961
526618	SWEET	12.9426263053	0.45070042194
660	SWEET	13.4001736377	0.464181084099
679	SWEET	14.8088657764	0.504633628822
24197	SWEET	16.4874396325	0.550763319045
6057	SWEET	19.1376743526	0.619006742255
196	SWEET	15.5279234532	0.524670375421
7635	SWEET	19.2745585578	0.622378899274
6998	SWEET	13.1494252093	0.456814055037
311	SWEET	14.9922282552	0.509782366986
7047	SWEET	12.2763553519	0.430770653784
5368076	SWEET	16.9571294153	0.56326748141
261	SWEET	14.9866727712	0.509626766547
61138	SWEET	14.9831210366	0.509527275065
7894	SWEET	13.6907965171	0.472656696975
170833	SWEET	14.078095567	0.483846712761
228769	SWEET	16.8264213662	0.559805472252
5960	SWEET	14.3265822166	0.490962905461
11980	FRUIT	6.93837083215	0.258278437364
650	FRUIT	6.15925847627	0.23119575306
89440	FRUIT	5.44226967612	0.205843467354
7601	FRUIT	5.70480512548	0.215174284411
5363388	FRUIT	7.8455756484	0.289201803034
444539	FRUIT	5.27643208994	0.199920989358
6054	FRUIT	4.83132283257	0.183916241178
62374	FRUIT	5.21094924111	0.197576372847
235414	FRUIT	5.47206779203	0.206905301313
78925	FRUIT	4.96472793462	0.188729707999
6549	FRUIT	5.9610238636	0.224227432343
7194	FRUIT	5.55901788595	0.209999643496
8857	FRUIT	10.0200290091	0.360640767825
1136	FRUIT	4.7454865706	0.180811605707
8467	FRUIT	5.41402795966	0.204836438887
61209	FRUIT	5.22991075789	0.198255643701
5365027	FRUIT	7.57513942373	0.280052482034
22873	FRUIT	13.9429221274	0.479954854114
637776	FRUIT	5.15455126547	0.19555429112
7795	FRUIT	10.0739094121	0.362362916146
565690	FRUIT	6.08750835733	0.228677231093
24834	FRUIT	5.67189585453	0.214007673147
5364729	FRUIT	6.94533974466	0.258518492119
7916	FRUIT	6.56660572622	0.245416104743
8038	FRUIT	7.03463785772	0.261591062393
62572	FRUIT	10.3127970143	0.369970367669
6386	FRUIT	4.98529418501	0.189470504156
6826	FRUIT	5.61530491067	0.211999536731
8175	FRUIT	7.4903807306	0.277172907828
8452	FRUIT	5.09885441484	0.193554850056
241	FRUIT	4.46271950504	0.170542434049
4133	FRUIT	5.31716397274	0.201377665824
8294	FRUIT	6.61579951517	0.247124459317
18827	FRUIT	7.59750324852	0.280811307696
1183	FRUIT	4.98147893447	0.189333104429
61252	FRUIT	5.34416287878	0.202342484401
7151	FRUIT	5.41187803088	0.204759751707
61155	FRUIT	5.4876726622	0.207461085989
7583	FRUIT	4.79538219321	0.182617011577
10430	FRUIT	5.79586417143	0.21839775026
8785	FRUIT	5.7861495642	0.218054171856
1549778	FRUIT	7.02284519574	0.261185665972
6140	FRUIT	5.04533554061	0.191631257337
61659	FRUIT	4.87068747715	0.185338060486
61177	FRUIT	9.29663575718	0.337294455726
69963	FRUIT	6.39599934641	0.239476450801
9016	FRUIT	5.07121923771	0.192561863686
12587	FRUIT	6.46784010469	0.24198042194
2969	FRUIT	8.75051351827	0.319391945997
8375	FRUIT	5.07063739728	0.192540950445
15717	FRUIT	5.97782917267	0.22481939026
18635	FRUIT	5.71331174822	0.215475697476
526618	FRUIT	4.63624253235	0.176851803366
660	FRUIT	4.87075191002	0.185340386733
679	FRUIT	5.63852809815	0.212823924281
24197	FRUIT	9.25890764155	0.336065357376
6057	FRUIT	4.97529459107	0.189110361136
196	FRUIT	7.5933649598	0.280670921827
7635	FRUIT	10.2286504544	0.367295902129
6998	FRUIT	4.79981713133	0.182777387456
311	FRUIT	5.95851040278	0.224138877623
7047	FRUIT	4.34331756187	0.166186939498
5368076	FRUIT	9.2474159985	0.33569075888
261	FRUIT	6.47461097608	0.242216204127
61138	FRUIT	6.27470655546	0.235239485276
7894	FRUIT	5.41060611292	0.204714381113
170833	FRUIT	5.40291260975	0.204439918523
228769	FRUIT	8.85686500517	0.322896977119
5960	FRUIT	5.56005671345	0.210036576275
11980	FISH	1.47102236825	0.0579753320068
650	FISH	1.22559209591	0.0484228534422
89440	FISH	1.30728323666	0.0516077336822
7601	FISH	1.5679908601	0.061736196269
5363388	FISH	1.26687519074	0.0500330185299
444539	FISH	1.58222282066	0.0622875412049
6054	FISH	1.82825266962	0.0717931036553
62374	FISH	1.35616650331	0.0535109850984
235414	FISH	1.47150096102	0.0579939124096
78925	FISH	3.75778075233	0.14466286362
6549	FISH	1.30137451634	0.0513775504007
7194	FISH	1.58685655038	0.0624670165305
8857	FISH	1.2252131025	0.0484080652412
1136	FISH	1.58291778565	0.0623144599394
8467	FISH	1.46159010368	0.0576091058948
61209	FISH	1.36150783783	0.0537188320763
5365027	FISH	1.16699303361	0.0461349722481
22873	FISH	1.10137450666	0.0435697699449
637776	FISH	1.45892311156	0.0575055418043
7795	FISH	1.23100091688	0.0486338913722
565690	FISH	1.27353648928	0.0502927014955
24834	FISH	1.46746318111	0.0578371479693
5364729	FISH	1.23901601384	0.0489465762804
7916	FISH	1.22896453056	0.0485544396955
8038	FISH	1.23566993626	0.0488160453738
62572	FISH	1.25391474557	0.0495276689471
6386	FISH	1.35250147869	0.0533683550477
6826	FISH	1.51009323969	0.0594915769505
8175	FISH	1.08611811499	0.0429728635757
8452	FISH	1.51419008722	0.0596504948406
241	FISH	1.97974483332	0.0776220374909
4133	FISH	1.52294080327	0.0599898926548
8294	FISH	1.24899174244	0.0493356775484
18827	FISH	1.22074958774	0.0482338916873
1183	FISH	1.50196396465	0.0591762002855
61252	FISH	2.0330053297	0.0796669689196
7151	FISH	1.4734328973	0.0580689140908
61155	FISH	1.50774591778	0.0594005176101
7583	FISH	1.77111173306	0.0695897346138
10430	FISH	1.29564296433	0.0511542422968
8785	FISH	1.56799408736	0.0617363213112
1549778	FISH	1.2062730575	0.0476688844241
6140	FISH	1.65635972521	0.0651569779929
61659	FISH	2.94985280136	0.114513459434
61177	FISH	1.15098513113	0.0455094985366
69963	FISH	1.29911337333	0.0512894567106
9016	FISH	1.53658548644	0.0605189814748
12587	FISH	1.31009120407	0.0517171125778
2969	FISH	1.08132815119	0.0427854178192
8375	FISH	1.52314161176	0.0599976803225
15717	FISH	1.59033581918	0.0626017655603
18635	FISH	3.54820748738	0.136892388946
526618	FISH	3.28495577705	0.127081857299
660	FISH	1.65820939357	0.0652285123857
679	FISH	1.33538642685	0.0527021543102
24197	FISH	1.24437398137	0.0491555726127
6057	FISH	1.50997937204	0.0594871598001
196	FISH	1.2365751933	0.0488513604485
7635	FISH	1.17537572484	0.0464624257556
6998	FISH	1.6615317262	0.0653569939773
311	FISH	1.34619854383	0.0531230415454
7047	FISH	1.77601504738	0.0697789101159
5368076	FISH	1.15482427716	0.045659523442
261	FISH	1.37431236899	0.0542170009644
61138	FISH	1.33955828142	0.0528645647011
7894	FISH	1.47608089735	0.0581717099678
170833	FISH	1.33265813016	0.0525959341297
228769	FISH	1.0856201177	0.0429533762921
5960	FISH	1.33428461524	0.0526592584357
11980	GARLIC	2.85176159574	0.11081744615
650	GARLIC	2.9152661361	0.113211134786
89440	GARLIC	2.68770313467	0.104618626131
7601	GARLIC	2.67559405202	0.104160240668
5363388	GARLIC	2.7724827653	0.107824646338
444539	GARLIC	2.75586345894	0.107196624996
6054	GARLIC	2.91465410701	0.113188080855
62374	GARLIC	2.72753157299	0.106125491527
235414	GARLIC	2.48840263077	0.0970592461696
78925	GARLIC	4.10067174618	0.157300666339
6549	GARLIC	3.02283507454	0.117258390226
7194	GARLIC	2.65992186725	0.103566800954
8857	GARLIC	2.86882717177	0.111461019134
1136	GARLIC	3.2317058473	0.125090664819
8467	GARLIC	2.78866453795	0.108435921556
61209	GARLIC	2.88284757485	0.111989578938
5365027	GARLIC	2.74873050764	0.106927012544
22873	GARLIC	2.60450462275	0.101466807178
637776	GARLIC	2.73107530978	0.106259503452
7795	GARLIC	2.74053472804	0.106617176883
565690	GARLIC	2.85145998882	0.110806069926
24834	GARLIC	2.74684273929	0.106855651558
5364729	GARLIC	2.87299794437	0.111618270899
7916	GARLIC	2.88613916672	0.112113646953
8038	GARLIC	2.82847897022	0.109939041495
62572	GARLIC	2.86989537378	0.111501295169
6386	GARLIC	3.22097720707	0.124689210616
6826	GARLIC	2.74937403095	0.106951338213
8175	GARLIC	2.60800731366	0.101599611687
8452	GARLIC	3.26764966139	0.126434972732
241	GARLIC	3.05531196717	0.1184785062
4133	GARLIC	2.74592837584	0.106821085976
8294	GARLIC	2.84201004078	0.110449593202
18827	GARLIC	2.9036860394	0.11277488453
1183	GARLIC	2.74641475651	0.106839472655
61252	GARLIC	2.75398969556	0.107125804125
7151	GARLIC	2.84901214613	0.110713737762
61155	GARLIC	2.73301589096	0.106332885294
7583	GARLIC	2.68691111415	0.104588648032
10430	GARLIC	3.02395802778	0.11730059225
8785	GARLIC	2.74968496417	0.106963091606
1549778	GARLIC	2.75449738452	0.107144993044
6140	GARLIC	2.81064980564	0.109266091294
61659	GARLIC	3.21086621702	0.124310783935
61177	GARLIC	2.68818836031	0.104636991748
69963	GARLIC	3.09719921036	0.120050911235
9016	GARLIC	2.74857375603	0.106921087164
12587	GARLIC	3.00286371542	0.11650767242
2969	GARLIC	2.64649886273	0.103058372017
8375	GARLIC	2.76998529626	0.107730284434
15717	GARLIC	2.75316144757	0.10709449872
18635	GARLIC	3.68732856153	0.142054585693
526618	GARLIC	3.31696158873	0.128277569877
660	GARLIC	2.67841755035	0.104267133784
679	GARLIC	3.11928603096	0.120879463101
24197	GARLIC	2.79558835588	0.108697408533
6057	GARLIC	2.7681334878	0.10766031431
196	GARLIC	2.8343378386	0.110160125151
7635	GARLIC	2.74020270209	0.106604623744
6998	GARLIC	2.74220953703	0.106680496223
311	GARLIC	2.97442386016	0.115438075486
7047	GARLIC	2.77321234912	0.107852211272
5368076	GARLIC	2.69118050661	0.104750239257
261	GARLIC	3.01848611412	0.117094941196
61138	GARLIC	3.03072120459	0.117554739776
7894	GARLIC	3.19104633062	0.123568742551
170833	GARLIC	3.22656298886	0.124898236066
228769	GARLIC	2.59131931007	0.100966798096
5960	GARLIC	2.95311542472	0.114636260704
11980	SPICES	6.61367986009	0.247050889887
650	SPICES	6.10644735561	0.229342414502
89440	SPICES	6.9819833664	0.259780097965
7601	SPICES	6.59368444427	0.246356707951
5363388	SPICES	5.9873227869	0.225153697814
444539	SPICES	6.96272835121	0.259117299611
6054	SPICES	6.97460298789	0.25952608478
62374	SPICES	7.03167938283	0.261489369336
235414	SPICES	6.64172251428	0.248023909389
78925	SPICES	6.28520749048	0.23560676634
6549	SPICES	6.34329526073	0.237636852523
7194	SPICES	6.67170765009	0.249063632816
8857	SPICES	6.09542272752	0.22895523781
1136	SPICES	6.79310700209	0.253265758987
8467	SPICES	7.39696076583	0.273992419205
61209	SPICES	6.7901433529	0.253163315415
5365027	SPICES	5.5300494233	0.208969398282
22873	SPICES	5.34601073503	0.202408497089
637776	SPICES	8.50027174849	0.31110902202
7795	SPICES	5.80019027578	0.218550728137
565690	SPICES	6.48311606409	0.242512325003
24834	SPICES	7.15351659663	0.265671543986
5364729	SPICES	6.41607927674	0.240176741755
7916	SPICES	6.29393853558	0.235912076507
8038	SPICES	6.372996371	0.238673821742
62572	SPICES	5.96439131874	0.224346067229
6386	SPICES	6.5977724608	0.246498657854
6826	SPICES	7.10355487949	0.263957998409
8175	SPICES	5.20171706066	0.197245538275
8452	SPICES	6.55276719611	0.244935184674
241	SPICES	7.47638417428	0.276696838843
4133	SPICES	7.12921221742	0.264838221961
8294	SPICES	6.31191214824	0.236540391943
18827	SPICES	5.68017753676	0.214301334731
1183	SPICES	7.99178980214	0.294124110389
61252	SPICES	6.73401932667	0.25122196655
7151	SPICES	6.93185205793	0.258053853136
61155	SPICES	8.89500987904	0.324151914862
7583	SPICES	7.33045630361	0.271724016297
10430	SPICES	6.25176842898	0.234436893763
8785	SPICES	7.01701586677	0.260985230001
1549778	SPICES	5.95396193894	0.22397861245
6140	SPICES	6.81802452308	0.254126797564
61659	SPICES	7.16498042113	0.266064439071
61177	SPICES	5.43933922224	0.20573900442
69963	SPICES	5.75092091099	0.21680759991
9016	SPICES	7.65573009748	0.282785122569
12587	SPICES	6.06919889531	0.22803388572
2969	SPICES	5.19621511585	0.197048344022
8375	SPICES	7.14765857232	0.265470733666
15717	SPICES	6.91138263045	0.257348421272
18635	SPICES	6.17786711999	0.231848267939
526618	SPICES	7.39551732608	0.273943222435
660	SPICES	7.38124608439	0.273456725872
679	SPICES	6.29540059003	0.235963196166
24197	SPICES	5.8300695224	0.219606896642
6057	SPICES	7.15879826749	0.265852573646
196	SPICES	5.42510216868	0.205231393331
7635	SPICES	5.76244870009	0.217215621995
6998	SPICES	7.42567117024	0.274970609878
311	SPICES	5.70461159287	0.215167426345
7047	SPICES	7.52115782095	0.278219186851
5368076	SPICES	5.67017768798	0.213946741514
261	SPICES	5.79818069936	0.218479668205
61138	SPICES	5.90218886961	0.222153221403
7894	SPICES	6.27936402316	0.235402395912
170833	SPICES	6.66312574229	0.248766131828
228769	SPICES	5.49653132474	0.207776510348
5960	SPICES	5.83053243095	0.219623253867
11980	COLD	4.22177248172	0.161741554114
650	COLD	4.82526046823	0.183697163295
89440	COLD	5.42937915159	0.205383902875
7601	COLD	4.52408678376	0.17277652686
5363388	COLD	4.8401412859	0.184234864369
444539	COLD	4.54163761182	0.173414915594
6054	COLD	4.93057963722	0.187498939265
62374	COLD	5.02314156602	0.190832882164
235414	COLD	5.79654524996	0.218421835265
78925	COLD	4.08156939105	0.156599092164
6549	COLD	5.29007269743	0.20040896024
7194	COLD	4.53063255165	0.173014649539
8857	COLD	4.8247888377	0.183680118577
1136	COLD	3.82819778487	0.147265872083
8467	COLD	4.26002659722	0.163141933245
61209	COLD	5.21659629852	0.197778701164
5365027	COLD	5.29710253908	0.200660383439
22873	COLD	4.88731653339	0.185938316177
637776	COLD	4.69904768196	0.179129487632
7795	COLD	4.80299407637	0.182892262216
565690	COLD	5.16391793621	0.195890298067
24834	COLD	4.67024660373	0.178085382813
5364729	COLD	4.86348607676	0.185078044343
7916	COLD	4.90270236538	0.186493498422
8038	COLD	4.83382775317	0.184006753828
62572	COLD	4.38090937993	0.167559428399
6386	COLD	5.32038947691	0.201492961402
6826	COLD	4.39807466852	0.168185762425
8175	COLD	5.38075119622	0.203649054475
8452	COLD	6.27792542451	0.235352077926
241	COLD	5.17909892173	0.196434730613
4133	COLD	4.17211944913	0.159922145686
8294	COLD	4.87095330331	0.185347657699
18827	COLD	5.25344776218	0.199098425131
1183	COLD	4.23999122778	0.162408638867
61252	COLD	4.79332240126	0.182542520194
7151	COLD	4.37109108329	0.167201068428
61155	COLD	4.2349952179	0.162225734918
7583	COLD	4.94501834477	0.188019451219
10430	COLD	4.69890364929	0.179124267769
8785	COLD	4.61658125437	0.176138121184
1549778	COLD	5.24444196836	0.198776010111
6140	COLD	4.22701831822	0.161933659184
61659	COLD	3.69336207427	0.142278113606
61177	COLD	4.89833349761	0.186335871483
69963	COLD	5.20784094244	0.197464994785
9016	COLD	4.71017270324	0.179532617372
12587	COLD	4.67641491088	0.178309053868
2969	COLD	4.84980959659	0.184584122614
8375	COLD	4.61109490166	0.17593891759
15717	COLD	4.57361631682	0.174577466187
18635	COLD	4.10432479965	0.157434799162
526618	COLD	4.03775705097	0.154988889238
660	COLD	4.73993980945	0.180610780619
679	COLD	4.360052054	0.166798060595
24197	COLD	3.92514282873	0.150843014659
6057	COLD	3.92570020932	0.15086355952
196	COLD	4.07863767025	0.156491392712
7635	COLD	4.87229002176	0.185395916848
6998	COLD	4.55843036946	0.174025499805
311	COLD	3.54323538408	0.136707608568
7047	COLD	5.04237736353	0.191524866751
5368076	COLD	4.87403057671	0.185458753443
261	COLD	5.13940027033	0.195010636758
61138	COLD	4.6240371496	0.176408798159
7894	COLD	5.30151519358	0.200818182404
170833	COLD	6.03691802647	0.226898969355
228769	COLD	4.93625976421	0.187703726384
5960	COLD	3.82038850203	0.146977392759
11980	SOUR	8.61899265922	0.315044892585
650	SOUR	9.24233952836	0.335525245151
89440	SOUR	8.34022255576	0.305785177319
7601	SOUR	8.3141999017	0.304917628066
5363388	SOUR	9.10721529091	0.331112063494
444539	SOUR	11.9363475185	0.420463343906
6054	SOUR	8.20881434768	0.301398720709
62374	SOUR	8.30156464946	0.304496195727
235414	SOUR	7.781788074	0.287049032708
78925	SOUR	9.92525953353	0.357606070618
6549	SOUR	9.15391969322	0.332639089429
7194	SOUR	8.2347780995	0.302266495841
8857	SOUR	9.14095198136	0.332215278004
1136	SOUR	8.78180515803	0.320424165588
8467	SOUR	8.31844765548	0.305059277661
61209	SOUR	8.24708490228	0.302677632337
5365027	SOUR	9.0050727243	0.327766375064
22873	SOUR	8.90081804329	0.324342896996
637776	SOUR	8.0772629781	0.296993648237
7795	SOUR	9.2208343552	0.334823859725
565690	SOUR	8.7187755559	0.318344203358
24834	SOUR	8.2642772157	0.303251777469
5364729	SOUR	9.15031234943	0.33252120754
7916	SOUR	9.16036983131	0.332849843074
8038	SOUR	9.02670775942	0.328475729187
62572	SOUR	9.04597950385	0.32910728208
6386	SOUR	8.97935335224	0.32692261944
6826	SOUR	8.32704391122	0.305345892329
8175	SOUR	8.89958823245	0.324302461015
8452	SOUR	7.84709995192	0.289253207015
241	SOUR	7.82933503253	0.28865400648
4133	SOUR	8.25452234805	0.302926038244
8294	SOUR	9.13476598099	0.332013059428
18827	SOUR	9.21831978916	0.334741823672
1183	SOUR	8.11157370985	0.298143897174
61252	SOUR	8.06146200768	0.296463612427
7151	SOUR	8.47808592148	0.310372260502
61155	SOUR	8.28014007759	0.303781315222
7583	SOUR	7.66473048235	0.283089981947
10430	SOUR	13.1907585206	0.458031896685
8785	SOUR	8.39740707367	0.307689704722
1549778	SOUR	9.18442538372	0.333635547497
6140	SOUR	8.39804345176	0.307710884543
61659	SOUR	8.26087073136	0.303138035158
61177	SOUR	8.99508479591	0.327438771642
69963	SOUR	9.39884023483	0.340618330289
9016	SOUR	8.01504159483	0.294905307087
12587	SOUR	13.069783206	0.454463635018
2969	SOUR	12.9280785212	0.450269055148
8375	SOUR	8.18013231624	0.300439466765
15717	SOUR	8.46938779844	0.310083300065
18635	SOUR	9.88938538596	0.356455438114
526618	SOUR	8.50715673346	0.311337583063
660	SOUR	7.68637019795	0.28382269319
679	SOUR	9.20277421163	0.334234547189
24197	SOUR	9.08518228878	0.330391076663
6057	SOUR	8.37657771634	0.306996286958
196	SOUR	16.5566535144	0.552617030337
7635	SOUR	9.12757507347	0.33177795225
6998	SOUR	7.91181298604	0.291433805551
311	SOUR	15.6274146163	0.527410149617
7047	SOUR	7.57369800636	0.280003559658
5368076	SOUR	9.02945206288	0.328565680693
261	SOUR	9.50635444982	0.344105868023
61138	SOUR	13.1066491184	0.455552264292
7894	SOUR	9.21107091588	0.334505305668
170833	SOUR	8.54714309826	0.312664261874
228769	SOUR	8.80355120643	0.321141042719
5960	SOUR	12.6696552436	0.442578144147
11980	BURNT	6.96131960875	0.259068796072
650	BURNT	5.01688646096	0.190607798534
89440	BURNT	5.60950086637	0.211793434667
7601	BURNT	5.59523904247	0.211286881722
5363388	BURNT	4.75110086983	0.181014851003
444539	BURNT	6.05562333639	0.227556703859
6054	BURNT	6.27888006773	0.235385468747
62374	BURNT	5.63446072474	0.212679569926
235414	BURNT	5.40537617146	0.204527810237
78925	BURNT	5.41294540675	0.204797825079
6549	BURNT	5.07730066365	0.192780433734
7194	BURNT	5.67605569481	0.214155184492
8857	BURNT	4.84437183217	0.184387697907
1136	BURNT	6.18710135992	0.232171965102
8467	BURNT	6.14036364161	0.230532919404
61209	BURNT	5.52746546337	0.208877468755
5365027	BURNT	4.92566710435	0.187321805605
22873	BURNT	4.64505151466	0.177171459157
637776	BURNT	6.01104756558	0.225988825489
7795	BURNT	4.80719618954	0.1830441935
565690	BURNT	5.03174554546	0.191142436525
24834	BURNT	5.99935599481	0.225577330851
5364729	BURNT	4.87757348813	0.185586650273
7916	BURNT	4.89797485708	0.186322931203
8038	BURNT	4.99184288458	0.18970631723
62572	BURNT	4.93749709183	0.18774833266
6386	BURNT	5.29327890239	0.20052363548
6826	BURNT	5.86150544593	0.2207173194
8175	BURNT	4.95024089873	0.188207681967
8452	BURNT	5.47799687246	0.207116495004
241	BURNT	6.59551437194	0.246420250945
4133	BURNT	6.03535934085	0.226844148685
8294	BURNT	4.88393336309	0.185816212486
18827	BURNT	4.9467899272	0.188083304854
1183	BURNT	6.32989430813	0.237168747544
61252	BURNT	5.63819521843	0.212812110609
7151	BURNT	6.1687084313	0.231527151768
61155	BURNT	5.93835682772	0.223428640383
7583	BURNT	6.28876773348	0.235731269497
10430	BURNT	5.23847558746	0.198562372906
8785	BURNT	5.86510289483	0.220844343006
1549778	BURNT	4.81932942468	0.183482802546
6140	BURNT	6.12306288226	0.229925755666
61659	BURNT	8.31895400664	0.30507616196
61177	BURNT	4.76612622682	0.181558665389
69963	BURNT	4.97247201428	0.189008689398
9016	BURNT	6.03333403361	0.22677291352
12587	BURNT	5.18696560261	0.196716779239
2969	BURNT	4.98349947175	0.189405872076
8375	BURNT	6.22110570099	0.233363365582
15717	BURNT	5.76948075608	0.217464466965
18635	BURNT	5.361423699	0.202959002328
526618	BURNT	6.73853727163	0.251378337041
660	BURNT	6.41486769507	0.240134496785
679	BURNT	5.04049786092	0.191457266963
24197	BURNT	4.84148888841	0.184283549674
6057	BURNT	6.14729793807	0.230776208747
196	BURNT	4.9646115253	0.188725513973
7635	BURNT	4.78176073795	0.182124335216
6998	BURNT	6.7607092353	0.252145493666
311	BURNT	5.18109149871	0.196506176301
7047	BURNT	6.78030069278	0.252823036717
5368076	BURNT	4.8440852791	0.184377346287
261	BURNT	5.00720092444	0.190259212538
61138	BURNT	5.06046503439	0.19217527883
7894	BURNT	5.27008659266	0.199693938629
170833	BURNT	5.20174040744	0.197246374991
228769	BURNT	4.82443192991	0.183667219818
5960	BURNT	5.23606391994	0.198476010648
11980	ACID	6.54407392143	0.244632995461
650	ACID	6.63345115481	0.247736976503
89440	ACID	6.63230555987	0.247697231579
7601	ACID	6.41626721717	0.240183294686
5363388	ACID	6.3579577683	0.238148859938
444539	ACID	6.46842765599	0.242000883703
6054	ACID	6.77486555199	0.252635100781
62374	ACID	6.79488487979	0.25332721098
235414	ACID	6.92645447536	0.257867870375
78925	ACID	6.89345941206	0.256730463416
6549	ACID	6.7147289538	0.250554124183
7194	ACID	6.48689331865	0.242643818775
8857	ACID	6.56492750781	0.245357791039
1136	ACID	6.88218792765	0.256341712837
8467	ACID	6.55421236978	0.244985414876
61209	ACID	6.81055695075	0.253868803638
5365027	ACID	6.58145769936	0.245932073795
22873	ACID	6.37913035998	0.238887892739
637776	ACID	6.55722561811	0.245090141602
7795	ACID	6.5494582387	0.24482016826
565690	ACID	6.73020043677	0.251089778303
24834	ACID	6.54784888184	0.244764225282
5364729	ACID	6.37080624125	0.238597380785
7916	ACID	6.60523288819	0.246757674925
8038	ACID	6.74301416613	0.251533270627
62572	ACID	6.61308304663	0.247030174913
6386	ACID	7.0816925487	0.263207554206
6826	ACID	6.62844801693	0.247563391432
8175	ACID	6.63320392285	0.247728399201
8452	ACID	7.18493667229	0.266748140898
241	ACID	6.80210451801	0.253576730371
4133	ACID	6.62001682631	0.24727082394
8294	ACID	6.54166010245	0.24454907734
18827	ACID	6.77861803393	0.252764856377
1183	ACID	6.51179830959	0.243510525494
61252	ACID	6.82404252391	0.254334678409
7151	ACID	6.56871524652	0.245489401865
61155	ACID	6.64442677902	0.248117708272
7583	ACID	6.76630715509	0.252339121197
10430	ACID	6.8258234797	0.254396192718
8785	ACID	6.57539589317	0.245721503266
1549778	ACID	6.53945504948	0.244472413042
6140	ACID	6.64295734832	0.248066741
61659	ACID	6.74292968253	0.25153034702
61177	ACID	6.48898339914	0.242716573744
69963	ACID	6.61984981928	0.247265028119
9016	ACID	6.78428080047	0.252960645627
12587	ACID	6.79837597791	0.253447872742
2969	ACID	6.62060103254	0.247291098089
8375	ACID	6.67812816178	0.249286168173
15717	ACID	6.42098466446	0.240347768954
18635	ACID	6.5731393153	0.245643108429
526618	ACID	6.8794061236	0.256245753499
660	ACID	6.70561409468	0.250238459632
679	ACID	6.77925986354	0.252787048822
24197	ACID	6.4894436356	0.242732593944
6057	ACID	6.62546033953	0.247459723697
196	ACID	6.47366680574	0.242183327465
7635	ACID	6.64372989635	0.24809353708
6998	ACID	6.68305411244	0.24945687959
311	ACID	6.48403179114	0.242544204338
7047	ACID	6.8364500588	0.25476318259
5368076	ACID	6.46548409607	0.241898370004
261	ACID	6.60403133214	0.246715961351
61138	ACID	6.40557198317	0.239810338354
7894	ACID	7.08557641352	0.263340899296
170833	ACID	6.92611760903	0.257856262308
228769	ACID	6.57173020995	0.245594153217
5960	ACID	6.535047548	0.244319163338
11980	WARM	5.83250191221	0.219692845066
650	WARM	5.63241604547	0.212606997615
89440	WARM	6.03158001276	0.22671121753
7601	WARM	5.83395918373	0.219744335446
5363388	WARM	5.454042027	0.206263051307
444539	WARM	5.97628162926	0.224764888325
6054	WARM	5.84164295067	0.220015801082
62374	WARM	5.99166781741	0.225306679403
235414	WARM	5.96330585113	0.224307827376
78925	WARM	5.39640596766	0.204207759759
6549	WARM	5.51196857029	0.208326023804
7194	WARM	5.83321146494	0.2197179162
8857	WARM	5.56407055389	0.210179269704
1136	WARM	5.72304053052	0.215820344055
8467	WARM	6.47943770442	0.242384262991
61209	WARM	5.97850952105	0.224843350405
5365027	WARM	5.17894083044	0.196429061967
22873	WARM	5.28654827446	0.200282893915
637776	WARM	6.69232435252	0.249778092005
7795	WARM	5.44981262839	0.206112322062
565690	WARM	5.80116206006	0.218585089903
24834	WARM	6.08125894848	0.22845767378
5364729	WARM	5.60117622423	0.211497778931
7916	WARM	5.63218462769	0.212598783636
8038	WARM	5.6444717932	0.213034846998
62572	WARM	5.52003385023	0.208613044526
6386	WARM	5.66741892267	0.213848902009
6826	WARM	6.01510768064	0.226131699062
8175	WARM	5.18143216177	0.196518390772
8452	WARM	5.89766938935	0.221993773883
241	WARM	6.04459399702	0.227168913245
4133	WARM	6.01166024626	0.226010386284
8294	WARM	5.56794125319	0.210316862208
18827	WARM	5.23030303149	0.198269693339
1183	WARM	6.96739963364	0.259278122284
61252	WARM	6.01070687501	0.225976836145
7151	WARM	5.95937081528	0.224169192406
61155	WARM	6.89733175876	0.256863996194
7583	WARM	6.07825487649	0.228352122122
10430	WARM	5.61937752477	0.212144139484
8785	WARM	5.94760932213	0.223754750226
1549778	WARM	5.45678992215	0.206360974384
6140	WARM	5.92131770902	0.222827906996
61659	WARM	6.00763249593	0.225868640555
61177	WARM	5.24243670325	0.198704211095
69963	WARM	5.20321465643	0.197299209153
9016	WARM	6.09385972149	0.228900338337
12587	WARM	5.54815653923	0.209613445176
2969	WARM	5.24370097603	0.198749479071
8375	WARM	6.0329950459	0.226760990146
15717	WARM	5.87865499923	0.221322766129
18635	WARM	5.50382152854	0.208036040574
526618	WARM	6.01284427638	0.226052052538
660	WARM	6.15317446082	0.230982356055
679	WARM	5.62255183139	0.212256837617
24197	WARM	5.50828423569	0.208194891339
6057	WARM	5.93958489321	0.223471928247
196	WARM	5.36767900328	0.203182368978
7635	WARM	5.38557879096	0.203821368073
6998	WARM	6.1426230788	0.230612195837
311	WARM	5.51581000007	0.20846273602
7047	WARM	6.15579139642	0.23107414877
5368076	WARM	5.34490994499	0.202369172871
261	WARM	5.3768280632	0.20350901052
61138	WARM	5.48787823898	0.207468406533
7894	WARM	5.49285514834	0.207645622861
170833	WARM	5.81755634356	0.219164669018
228769	WARM	5.29110812962	0.200445995089
5960	WARM	5.5913936012	0.211150271087
11980	MUSKY	7.89581188583	0.290894937299
650	MUSKY	7.57708533563	0.280118524552
89440	MUSKY	7.81096631154	0.288034174573
7601	MUSKY	8.15307303685	0.299533881496
5363388	MUSKY	7.44644699477	0.275678050652
444539	MUSKY	10.3351516485	0.3706799221
6054	MUSKY	8.40917543397	0.308081324767
62374	MUSKY	7.77139867504	0.286698092055
235414	MUSKY	7.21332413721	0.267720147445
78925	MUSKY	8.28156144804	0.303828753914
6549	MUSKY	7.67436967022	0.283416406875
7194	MUSKY	8.08855022721	0.297372151177
8857	MUSKY	7.40998147794	0.274436128916
1136	MUSKY	8.3670329372	0.306678421419
8467	MUSKY	7.94441809757	0.292531212339
61209	MUSKY	7.59179240576	0.280617571457
5365027	MUSKY	7.64206831802	0.28232224945
22873	MUSKY	7.34859493555	0.272343058411
637776	MUSKY	7.73854046924	0.285587615332
7795	MUSKY	7.55666391541	0.279425288804
565690	MUSKY	7.39954747869	0.274080577992
24834	MUSKY	7.92501903025	0.291878390558
5364729	MUSKY	7.56415056015	0.279679472927
7916	MUSKY	7.46509351586	0.276312692154
8038	MUSKY	7.4708766814	0.276509467901
62572	MUSKY	7.49939689029	0.277479494124
6386	MUSKY	7.81591938705	0.288201337136
6826	MUSKY	7.95132744215	0.292763654449
8175	MUSKY	7.63559120783	0.282102747076
8452	MUSKY	7.3129384942	0.271125912
241	MUSKY	8.72042568027	0.318398697593
4133	MUSKY	8.01243092646	0.294817617318
8294	MUSKY	7.48192039236	0.276885162591
18827	MUSKY	7.73469976799	0.285457758519
1183	MUSKY	7.97106485925	0.293427444374
61252	MUSKY	7.51459585284	0.277996173781
7151	MUSKY	8.07642830802	0.296965654635
61155	MUSKY	7.89509599527	0.290870823501
7583	MUSKY	8.41500188186	0.308275172606
10430	MUSKY	11.5366907418	0.408229536362
8785	MUSKY	8.01772761874	0.294995522282
1549778	MUSKY	7.49023108619	0.277167818758
6140	MUSKY	8.33714983952	0.305682766602
61659	MUSKY	8.43210868293	0.308844164581
61177	MUSKY	7.47612920326	0.276688164985
69963	MUSKY	7.95605157992	0.2929225605
9016	MUSKY	7.86264014298	0.289777161712
12587	MUSKY	11.8336526953	0.417331973367
2969	MUSKY	12.7766704646	0.445769495321
8375	MUSKY	8.12811619461	0.298698138635
15717	MUSKY	8.14717536422	0.299336428003
18635	MUSKY	8.15315877868	0.299536751919
526618	MUSKY	8.27034295974	0.303454289321
660	MUSKY	8.11726991441	0.298334768231
679	MUSKY	7.73858545245	0.285589136176
24197	MUSKY	7.41543561036	0.274621950298
6057	MUSKY	8.18923060356	0.300743824991
196	MUSKY	16.2293249349	0.543816602259
7635	MUSKY	7.4371695716	0.275362186369
6998	MUSKY	8.32557816057	0.30529702574
311	MUSKY	14.1527060423	0.485988606363
7047	MUSKY	8.59192121276	0.31414840446
5368076	MUSKY	7.49258094431	0.27724773009
261	MUSKY	7.9055738244	0.291223713979
61138	MUSKY	11.6451180846	0.411561213301
7894	MUSKY	7.90092591214	0.291067184378
170833	MUSKY	7.42091168712	0.274808495378
228769	MUSKY	7.41150706934	0.274488107958
5960	MUSKY	11.1393878549	0.395941129483
11980	SWEATY	4.02091528492	0.154369507505
650	SWEATY	5.04683282703	0.191685104448
89440	SWEATY	2.97508136741	0.115462811039
7601	SWEATY	4.25596261625	0.162993217534
5363388	SWEATY	3.95921937657	0.152098607834
444539	SWEATY	3.8962669658	0.149778320124
6054	SWEATY	3.88552950972	0.14938224456
62374	SWEATY	4.35633832166	0.166662459437
235414	SWEATY	3.73162263199	0.143694902292
78925	SWEATY	5.45859228427	0.20642519948
6549	SWEATY	2.64554791215	0.103022346984
7194	SWEATY	4.12999446266	0.158377036802
8857	SWEATY	4.90356865024	0.186524751807
1136	SWEATY	4.06256336337	0.155900766102
8467	SWEATY	3.48216786359	0.134436517332
61209	SWEATY	4.35325844207	0.166549994057
5365027	SWEATY	4.55481176232	0.173893946417
22873	SWEATY	4.1727642489	0.159945785365
637776	SWEATY	3.14657992377	0.121902810864
7795	SWEATY	3.45868124011	0.133562259236
565690	SWEATY	3.00633174653	0.116638057633
24834	SWEATY	3.14534193975	0.121856407223
5364729	SWEATY	3.98428316949	0.15302152183
7916	SWEATY	4.89016128927	0.186040980597
8038	SWEATY	4.95224251794	0.188279818335
62572	SWEATY	3.45159845902	0.133298525592
6386	SWEATY	4.8635604485	0.185080729845
6826	SWEATY	3.4393374527	0.132841881262
8175	SWEATY	4.60381060373	0.175674395319
8452	SWEATY	4.08723204721	0.156807095565
241	SWEATY	4.59220630488	0.175252908697
4133	SWEATY	3.59527564515	0.13864062302
8294	SWEATY	3.38705430552	0.130893317473
18827	SWEATY	3.97565832086	0.152703989201
1183	SWEATY	2.86225122968	0.111213056346
61252	SWEATY	4.15655924614	0.159351575939
7151	SWEATY	3.41634879477	0.131985376156
61155	SWEATY	3.47817521146	0.134287927338
7583	SWEATY	4.49419678127	0.171688749367
10430	SWEATY	5.34607794718	0.20241089812
8785	SWEATY	3.74257481741	0.144100246191
1549778	SWEATY	3.30337287878	0.127770006201
6140	SWEATY	4.15707758851	0.159370585909
61659	SWEATY	4.04295571617	0.155180032278
61177	SWEATY	4.32098130386	0.165370900383
69963	SWEATY	4.09924043696	0.157248108615
9016	SWEATY	2.40961688509	0.0940621739906
12587	SWEATY	5.37904921495	0.203588300415
2969	SWEATY	4.49819015105	0.171834120188
8375	SWEATY	2.38742519674	0.0932170882417
15717	SWEATY	4.50975042768	0.172254877539
18635	SWEATY	5.2757194808	0.199895492816
526618	SWEATY	4.67627722437	0.178304061503
660	SWEATY	3.73888245937	0.143963601557
679	SWEATY	4.82206486562	0.183581670797
24197	SWEATY	4.02754809031	0.154613466164
6057	SWEATY	3.95151997631	0.151814995003
196	SWEATY	4.47717378198	0.17106891725
7635	SWEATY	3.75893874624	0.14470570165
6998	SWEATY	2.47946858914	0.0967196377717
311	SWEATY	4.60195421909	0.17560697571
7047	SWEATY	4.41105372479	0.168659191006
5368076	SWEATY	4.2648106268	0.163316981199
261	SWEATY	5.12491019808	0.194490526108
61138	SWEATY	5.44686439056	0.206007242947
7894	SWEATY	5.06655956782	0.192394372371
170833	SWEATY	1.77163781126	0.0696100322367
228769	SWEATY	4.19113315446	0.160619087331
5960	SWEATY	5.59250791199	0.211189858581
11980	AMMONIA/URINOUS	5.4191327293	0.205018509357
650	AMMONIA/URINOUS	5.33056560009	0.201856652157
89440	AMMONIA/URINOUS	5.61847958587	0.212112258292
7601	AMMONIA/URINOUS	5.78113111644	0.217876653863
5363388	AMMONIA/URINOUS	5.22119850998	0.197943574847
444539	AMMONIA/URINOUS	5.66657672322	0.213819032225
6054	AMMONIA/URINOUS	6.06384667053	0.227845772244
62374	AMMONIA/URINOUS	5.73339055852	0.216186915422
235414	AMMONIA/URINOUS	6.36460910163	0.238381064459
78925	AMMONIA/URINOUS	5.89507355475	0.221902185304
6549	AMMONIA/URINOUS	5.46550143139	0.206671374897
7194	AMMONIA/URINOUS	5.71270152405	0.215454077481
8857	AMMONIA/URINOUS	5.28671315204	0.200288791701
1136	AMMONIA/URINOUS	5.80112991296	0.218583953212
8467	AMMONIA/URINOUS	5.55597501238	0.20989145716
61209	AMMONIA/URINOUS	5.92386273258	0.222917649433
5365027	AMMONIA/URINOUS	5.53991958501	0.209320499797
22873	AMMONIA/URINOUS	5.20418796475	0.197334089641
637776	AMMONIA/URINOUS	5.60293137082	0.211560118854
7795	AMMONIA/URINOUS	5.25490962636	0.199150754982
565690	AMMONIA/URINOUS	5.43193455806	0.205475017105
24834	AMMONIA/URINOUS	5.58340106039	0.210866295455
5364729	AMMONIA/URINOUS	5.16107077281	0.195788170303
7916	AMMONIA/URINOUS	5.2947482534	0.200576186509
8038	AMMONIA/URINOUS	5.29424640295	0.200558238128
62572	AMMONIA/URINOUS	5.29484122331	0.2005795115
6386	AMMONIA/URINOUS	5.75201368187	0.216846282716
6826	AMMONIA/URINOUS	5.63258597944	0.212613029251
8175	AMMONIA/URINOUS	5.5525815303	0.209770796552
8452	AMMONIA/URINOUS	6.59491484135	0.246399432948
241	AMMONIA/URINOUS	6.16257011101	0.231311896291
4133	AMMONIA/URINOUS	5.67240941536	0.214025885184
8294	AMMONIA/URINOUS	5.26620726465	0.199555115004
18827	AMMONIA/URINOUS	5.61096430535	0.21184540404
1183	AMMONIA/URINOUS	5.57494631597	0.210565842068
61252	AMMONIA/URINOUS	6.15084135219	0.230900514352
7151	AMMONIA/URINOUS	5.52683646926	0.208855090227
61155	AMMONIA/URINOUS	5.68390057413	0.214433332671
7583	AMMONIA/URINOUS	6.15578727441	0.231074004189
10430	AMMONIA/URINOUS	5.45478423936	0.206289501135
8785	AMMONIA/URINOUS	5.69322884062	0.214764011772
1549778	AMMONIA/URINOUS	5.28189311983	0.200116366821
6140	AMMONIA/URINOUS	5.78569732487	0.218038175581
61659	AMMONIA/URINOUS	5.9469463332	0.223731385052
61177	AMMONIA/URINOUS	5.39594726079	0.204191391695
69963	AMMONIA/URINOUS	5.66879959221	0.213897868162
9016	AMMONIA/URINOUS	5.79617636231	0.218408790323
12587	AMMONIA/URINOUS	5.43958684269	0.2057478317
2969	AMMONIA/URINOUS	5.51151746888	0.208309968831
8375	AMMONIA/URINOUS	5.77994548769	0.217834711571
15717	AMMONIA/URINOUS	5.66396869285	0.213726531173
18635	AMMONIA/URINOUS	5.569981132	0.210389369356
526618	AMMONIA/URINOUS	5.8633821314	0.220783585249
660	AMMONIA/URINOUS	5.99925505734	0.225573777796
679	AMMONIA/URINOUS	5.55926960722	0.210008592863
24197	AMMONIA/URINOUS	5.20730428988	0.197445764408
6057	AMMONIA/URINOUS	5.71063479508	0.215380851898
196	AMMONIA/URINOUS	5.32929968131	0.201811413215
7635	AMMONIA/URINOUS	5.3658923892	0.203118575115
6998	AMMONIA/URINOUS	5.88393239263	0.221509031545
311	AMMONIA/URINOUS	5.27614989426	0.199910892688
7047	AMMONIA/URINOUS	6.16531326671	0.231408095598
5368076	AMMONIA/URINOUS	5.33610966857	0.202054760185
261	AMMONIA/URINOUS	5.53948738023	0.209305127035
61138	AMMONIA/URINOUS	5.28089875164	0.200080793416
7894	AMMONIA/URINOUS	5.62110068363	0.212205318187
170833	AMMONIA/URINOUS	5.80988627132	0.218893539458
228769	AMMONIA/URINOUS	5.33519731881	0.20202216058
5960	AMMONIA/URINOUS	5.23049577311	0.198276596511
11980	DECAYED	4.91365258239	0.186888510615
650	DECAYED	5.25165993029	0.199034424402
89440	DECAYED	4.49608786692	0.171757592234
7601	DECAYED	4.50721730007	0.172162688887
5363388	DECAYED	5.1122190046	0.194034846924
444539	DECAYED	4.66584535989	0.177925769226
6054	DECAYED	4.75243848164	0.181063270657
62374	DECAYED	4.54620236992	0.173580912401
235414	DECAYED	4.68673219699	0.178683104405
78925	DECAYED	6.49355850116	0.242875819243
6549	DECAYED	4.82583661663	0.183717985045
7194	DECAYED	4.5018745991	0.171968234002
8857	DECAYED	6.10108153792	0.229153983144
1136	DECAYED	5.10034340925	0.193608335213
8467	DECAYED	4.55827732262	0.174019936045
61209	DECAYED	4.6310087001	0.176661851372
5365027	DECAYED	4.73585520351	0.180462878337
22873	DECAYED	4.74063997355	0.180636131998
637776	DECAYED	4.34057873906	0.166086900047
7795	DECAYED	6.05176096927	0.227420914439
565690	DECAYED	4.65239939435	0.177438047724
24834	DECAYED	4.54876052611	0.173673932115
5364729	DECAYED	4.83350468158	0.18399508026
7916	DECAYED	4.95893282885	0.188520907234
8038	DECAYED	5.14857644161	0.195339921914
62572	DECAYED	5.6472220923	0.213132436748
6386	DECAYED	4.94110682643	0.187878458389
6826	DECAYED	4.63424959852	0.176779476204
8175	DECAYED	4.60559356922	0.175739145919
8452	DECAYED	4.72988300315	0.180246602837
241	DECAYED	4.61417681943	0.176050821689
4133	DECAYED	4.5884313043	0.175115771438
8294	DECAYED	4.68913316885	0.178770138804
18827	DECAYED	4.93501303451	0.18765877992
1183	DECAYED	4.45121453186	0.170123256951
61252	DECAYED	4.73918089835	0.180583301699
7151	DECAYED	4.69836820259	0.179104862597
61155	DECAYED	4.5792670609	0.17478280771
7583	DECAYED	4.43101312027	0.169386973902
10430	DECAYED	5.73566847654	0.216267581913
8785	DECAYED	4.62803477653	0.176553908704
1549778	DECAYED	4.7369149447	0.180501252511
6140	DECAYED	4.77662288265	0.181938464841
61659	DECAYED	4.90426792056	0.186549979288
61177	DECAYED	4.75087996055	0.181006854262
69963	DECAYED	5.02814458884	0.191012888351
9016	DECAYED	4.4511420877	0.170120617154
12587	DECAYED	6.39688367915	0.239507298844
2969	DECAYED	4.94872473195	0.188153038689
8375	DECAYED	4.67601733171	0.178294638034
15717	DECAYED	4.62489211295	0.176439833695
18635	DECAYED	6.30624675127	0.236342370816
526618	DECAYED	5.21663837912	0.197780208773
660	DECAYED	4.49250116828	0.171627020032
679	DECAYED	5.11265727506	0.194050585237
24197	DECAYED	4.84613065139	0.18445123314
6057	DECAYED	4.7820224033	0.182133800826
196	DECAYED	5.02397243548	0.190862777806
7635	DECAYED	5.11519038568	0.194141546354
6998	DECAYED	4.58917771375	0.175142887715
311	DECAYED	4.96304474158	0.18866906442
7047	DECAYED	4.52671697321	0.172872212306
5368076	DECAYED	4.88821554717	0.185970761393
261	DECAYED	6.08100982925	0.228448920953
61138	DECAYED	5.61449430951	0.21197075384
7894	DECAYED	5.31378196224	0.201256766993
170833	DECAYED	4.74911336635	0.180942903547
228769	DECAYED	4.61377478245	0.176036224201
5960	DECAYED	5.09081406565	0.193266007486
11980	WOOD	3.26468403708	0.126324096738
650	WOOD	3.34688964954	0.129394917851
89440	WOOD	3.74528133765	0.144200400587
7601	WOOD	3.10513479984	0.120348647143
5363388	WOOD	3.08275134951	0.119508711627
444539	WOOD	3.33464473168	0.128937847073
6054	WOOD	3.23095960778	0.125062744316
62374	WOOD	3.72123498554	0.143310363495
235414	WOOD	3.43212479633	0.132573199606
78925	WOOD	3.13103820707	0.121320168181
6549	WOOD	3.33856955009	0.129084363347
7194	WOOD	3.14270353773	0.121757507299
8857	WOOD	3.06447906997	0.118822750011
1136	WOOD	3.58990296311	0.13844115721
8467	WOOD	3.45407715527	0.133390826613
61209	WOOD	3.63717867204	0.140195519405
5365027	WOOD	3.18881365343	0.123485133131
22873	WOOD	3.09773394773	0.120070975665
637776	WOOD	3.63206731676	0.140005927473
7795	WOOD	3.0412542858	0.11795048038
565690	WOOD	3.44817232434	0.133170936022
24834	WOOD	3.32519546082	0.128585048492
5364729	WOOD	3.1666436135	0.12265469183
7916	WOOD	3.26088282216	0.126181970174
8038	WOOD	3.16123185195	0.122451919349
62572	WOOD	3.05892226213	0.118614088323
6386	WOOD	3.5430595488	0.136701073566
6826	WOOD	3.39172832819	0.131067604707
8175	WOOD	3.2819311414	0.126968816849
8452	WOOD	3.40643874242	0.131616019734
241	WOOD	3.3905599269	0.131024038429
4133	WOOD	3.39455108188	0.131172852456
8294	WOOD	3.2706971025	0.126548900286
18827	WOOD	3.09055233238	0.119801487808
1183	WOOD	3.60200368459	0.138890375166
61252	WOOD	3.53586232746	0.136433564139
7151	WOOD	3.53258868887	0.136311874417
61155	WOOD	3.4172358773	0.132018434676
7583	WOOD	3.32449721001	0.128558975721
10430	WOOD	3.26718429979	0.126417574692
8785	WOOD	3.21236531551	0.124366896252
1549778	WOOD	3.27320277994	0.126642568622
6140	WOOD	3.29266203803	0.127369832203
61659	WOOD	3.3938040153	0.131144998334
61177	WOOD	3.05907387635	0.118619781862
69963	WOOD	3.06188709784	0.118725422873
9016	WOOD	3.48500925693	0.134542254469
12587	WOOD	3.21461200384	0.12445098802
2969	WOOD	3.26572343036	0.126362957405
8375	WOOD	3.47055393173	0.134004259432
15717	WOOD	3.13379972687	0.121423708784
18635	WOOD	3.19257795417	0.123626096569
526618	WOOD	3.69628651952	0.142386447167
660	WOOD	3.51660219402	0.135717491365
679	WOOD	3.32824089808	0.128698760933
24197	WOOD	3.04932744695	0.118253738726
6057	WOOD	3.37012181405	0.130261784145
196	WOOD	3.15040141729	0.122046045056
7635	WOOD	3.05821937785	0.118587692809
6998	WOOD	3.48682229388	0.134609719872
311	WOOD	3.19709058084	0.123795067961
7047	WOOD	3.60228392451	0.138900777191
5368076	WOOD	3.18882542898	0.123485574113
261	WOOD	3.10895430871	0.120491933591
61138	WOOD	3.14672856274	0.12190838225
7894	WOOD	3.2213110298	0.124701703292
170833	WOOD	3.60515130854	0.139007205959
228769	WOOD	3.16288067523	0.122513701343
5960	WOOD	3.26570496792	0.126362267142
11980	GRASS	3.22900910412	0.124989764247
650	GRASS	3.22712566366	0.124919290527
89440	GRASS	3.47322658303	0.134103742162
7601	GRASS	3.13664727171	0.121530468425
5363388	GRASS	3.87820533779	0.149112022855
444539	GRASS	3.0420528932	0.117980481406
6054	GRASS	3.07562725462	0.119241296981
62374	GRASS	3.47512245822	0.134174307889
235414	GRASS	3.12240148709	0.120996303065
78925	GRASS	3.2882393841	0.127204568065
6549	GRASS	3.69116929038	0.142196879323
7194	GRASS	3.11882216037	0.120862065748
8857	GRASS	3.31904311789	0.128355305828
1136	GRASS	3.53014031918	0.136220856498
8467	GRASS	3.2091496812	0.124246530578
61209	GRASS	3.37491348461	0.130440522973
5365027	GRASS	3.67083703073	0.141443463427
22873	GRASS	3.39297012568	0.131113906518
637776	GRASS	3.35580666783	0.129727691357
7795	GRASS	3.40882761717	0.131705062397
565690	GRASS	3.62753051472	0.139837629535
24834	GRASS	3.20096597939	0.123940165895
5364729	GRASS	3.52664996169	0.136091094487
7916	GRASS	3.32796743082	0.128688550345
8038	GRASS	3.42538623117	0.132322140914
62572	GRASS	3.3535894075	0.129644951534
6386	GRASS	3.54349221336	0.136717153708
6826	GRASS	3.13259630664	0.121378588417
8175	GRASS	3.39517264974	0.131196027061
8452	GRASS	3.10339082484	0.120283219149
241	GRASS	2.95333725716	0.114644609905
4133	GRASS	3.08381642895	0.119548687651
8294	GRASS	3.60963360921	0.139173562451
18827	GRASS	3.44998296468	0.133238365605
1183	GRASS	3.14460087387	0.121828629093
61252	GRASS	3.31199696566	0.128092149066
7151	GRASS	3.19370601316	0.123668337287
61155	GRASS	3.14629866306	0.121892268411
7583	GRASS	2.9750517544	0.115461696999
10430	GRASS	3.28270411991	0.126997706261
8785	GRASS	3.14317264732	0.121775092177
1549778	GRASS	3.57930319214	0.138047563149
6140	GRASS	3.04604684502	0.118130513248
61659	GRASS	3.08831698539	0.119717598695
61177	GRASS	3.44795858462	0.133162976024
69963	GRASS	3.63405104234	0.140079510902
9016	GRASS	3.19456966087	0.123700676308
12587	GRASS	3.27173731465	0.126587786564
2969	GRASS	3.24106164656	0.125440673624
8375	GRASS	3.05096263248	0.118315156105
15717	GRASS	3.14116317257	0.121699764472
18635	GRASS	3.34332120313	0.129261729458
526618	GRASS	3.27177001004	0.126589008802
660	GRASS	2.99944041329	0.116378959414
679	GRASS	3.26889677189	0.126481596434
24197	GRASS	3.34363039239	0.129273270015
6057	GRASS	3.01734034733	0.117051876785
196	GRASS	3.1726427357	0.122879444656
7635	GRASS	3.43130769144	0.132542758668
6998	GRASS	2.99468113933	0.116199999523
311	GRASS	3.16370300316	0.122544513449
7047	GRASS	3.02385630043	0.117296769247
5368076	GRASS	3.52186750253	0.135913279819
261	GRASS	3.35372250158	0.129649918216
61138	GRASS	3.26061830397	0.126172079469
7894	GRASS	3.43313529218	0.132610844514
170833	GRASS	3.69558558137	0.142360482139
228769	GRASS	3.46046041486	0.133628502081
5960	GRASS	3.11954190373	0.120889059474
11980	FLOWER	5.57240331396	0.210475461081
650	FLOWER	5.2271654273	0.19815731373
89440	FLOWER	8.149582054	0.299417007098
7601	FLOWER	8.11193627736	0.298156047027
5363388	FLOWER	9.17530125036	0.3333375888
444539	FLOWER	10.6113957327	0.379415141549
6054	FLOWER	6.04920183861	0.227330936391
62374	FLOWER	5.25301293015	0.199082859268
235414	FLOWER	6.14950953338	0.230853794335
78925	FLOWER	4.61595524066	0.176115392513
6549	FLOWER	5.11995752662	0.194312715035
7194	FLOWER	8.10313588343	0.297861110879
8857	FLOWER	5.43476658467	0.205575988255
1136	FLOWER	4.78760311456	0.182335667149
8467	FLOWER	5.47833824075	0.207128653678
61209	FLOWER	5.38562635573	0.203823065732
5365027	FLOWER	6.82795361433	0.254469764349
22873	FLOWER	7.05747231246	0.262375726322
637776	FLOWER	7.36587316188	0.2729324915
7795	FLOWER	9.15688041277	0.332735832953
565690	FLOWER	9.29175294555	0.337135448702
24834	FLOWER	8.49650483044	0.310983955484
5364729	FLOWER	5.52880826736	0.208925242352
7916	FLOWER	5.45124194103	0.206163262161
8038	FLOWER	5.27880229329	0.200005790271
62572	FLOWER	5.29363131657	0.200536239656
6386	FLOWER	4.84977694448	0.184582943215
6826	FLOWER	5.90210569384	0.222150287105
8175	FLOWER	6.60397415072	0.246713976195
8452	FLOWER	5.54337006082	0.20944322178
241	FLOWER	6.49800873512	0.243030702396
4133	FLOWER	5.86050066795	0.220681839486
8294	FLOWER	9.02129527964	0.328298303777
18827	FLOWER	5.07932271279	0.192853100823
1183	FLOWER	5.5535494508	0.209805213431
61252	FLOWER	5.61431709832	0.211964461341
7151	FLOWER	5.68392762634	0.214434291749
61155	FLOWER	5.82756600646	0.219518430034
7583	FLOWER	8.61499871813	0.31491266756
10430	FLOWER	4.88316184213	0.185788365854
8785	FLOWER	11.3262343757	0.401735940974
1549778	FLOWER	7.96167359762	0.293111645315
6140	FLOWER	10.9077830907	0.388719430846
61659	FLOWER	6.49811706171	0.243034472329
61177	FLOWER	8.06571023681	0.296606136823
69963	FLOWER	5.19280024056	0.196925939887
9016	FLOWER	5.70555349671	0.215200803587
12587	FLOWER	4.8734280432	0.185437001371
2969	FLOWER	7.21784884847	0.267875017139
8375	FLOWER	5.71900043437	0.215677230987
15717	FLOWER	7.81181632793	0.288062863381
18635	FLOWER	4.96952590485	0.188902561106
526618	FLOWER	4.96255114163	0.188651280132
660	FLOWER	6.02511413727	0.226483765344
679	FLOWER	5.12111589725	0.194354304677
24197	FLOWER	6.50504141327	0.243275431015
6057	FLOWER	10.5668688696	0.3780112677
196	FLOWER	5.25354748767	0.199101995025
7635	FLOWER	9.14525365219	0.332355880342
6998	FLOWER	5.85103961593	0.220347718802
311	FLOWER	5.26680093408	0.199576360532
7047	FLOWER	6.10732098207	0.229373091451
5368076	FLOWER	7.43172695966	0.275176852145
261	FLOWER	5.15187672231	0.195458335388
61138	FLOWER	5.1714796174	0.196161504123
7894	FLOWER	4.81617449638	0.183368765143
170833	FLOWER	5.37954129427	0.203605865956
228769	FLOWER	7.53400458521	0.278655693372
5960	FLOWER	5.08634034311	0.19310527049
11980	CHEMICAL	18.0932458064	0.59278361473
650	CHEMICAL	17.6053638833	0.580235020347
89440	CHEMICAL	18.0628490615	0.592007355973
7601	CHEMICAL	17.3858841894	0.574527779958
5363388	CHEMICAL	17.3945664463	0.574754281109
444539	CHEMICAL	18.42227848	0.601139001443
6054	CHEMICAL	19.9693476816	0.639263968533
62374	CHEMICAL	18.5235166924	0.603692399434
235414	CHEMICAL	19.9297973183	0.638313164272
78925	CHEMICAL	17.7074692181	0.58287698228
6549	CHEMICAL	18.0522437929	0.591736349332
7194	CHEMICAL	17.5965622701	0.580006889314
8857	CHEMICAL	17.7125272358	0.583007641001
1136	CHEMICAL	17.875028108	0.587194472375
8467	CHEMICAL	19.0247727924	0.616214119776
61209	CHEMICAL	18.7198572329	0.608621067389
5365027	CHEMICAL	18.2237604022	0.59610823881
22873	CHEMICAL	17.5399539472	0.5785381641
637776	CHEMICAL	17.7436644935	0.583811527878
7795	CHEMICAL	17.7154691128	0.583083626159
565690	CHEMICAL	18.2319442076	0.596316252469
24834	CHEMICAL	18.5664203355	0.604772027791
5364729	CHEMICAL	17.1890228073	0.569375910264
7916	CHEMICAL	17.6358367701	0.58102437537
8038	CHEMICAL	17.8184254911	0.585738504853
62572	CHEMICAL	17.7558290029	0.584125374685
6386	CHEMICAL	18.691875378	0.607920533061
6826	CHEMICAL	19.123371211	0.618653517851
8175	CHEMICAL	18.4702048279	0.602348806562
8452	CHEMICAL	20.446133596	0.650627592229
241	CHEMICAL	17.8528358206	0.586623934089
4133	CHEMICAL	22.2293235481	0.691515811761
8294	CHEMICAL	17.6248519532	0.580739915579
18827	CHEMICAL	18.5482013847	0.604313745544
1183	CHEMICAL	18.5123012819	0.603409931775
61252	CHEMICAL	19.1755564799	0.61994147267
7151	CHEMICAL	17.6162682182	0.580517566353
61155	CHEMICAL	19.1460434592	0.619213346311
7583	CHEMICAL	18.3792720944	0.600051826688
10430	CHEMICAL	17.8399473042	0.58629240424
8785	CHEMICAL	19.1557723071	0.619453447211
1549778	CHEMICAL	17.7824113924	0.584810793725
6140	CHEMICAL	18.9078848209	0.613312149476
61659	CHEMICAL	17.9966877062	0.590315200891
61177	CHEMICAL	18.052098181	0.591732627745
69963	CHEMICAL	17.8657823611	0.586956822696
9016	CHEMICAL	18.6081167596	0.605819866649
12587	CHEMICAL	17.8908250158	0.587600352735
2969	CHEMICAL	18.1245764983	0.593582950635
8375	CHEMICAL	23.4677127967	0.718415094304
15717	CHEMICAL	17.8261737341	0.585937961366
18635	CHEMICAL	17.4632988443	0.576545231162
526618	CHEMICAL	18.1805740201	0.595009652124
660	CHEMICAL	18.9598391511	0.614603365789
679	CHEMICAL	18.1625102816	0.594549699373
24197	CHEMICAL	17.5671809959	0.579244900578
6057	CHEMICAL	18.0987365138	0.592923755193
196	CHEMICAL	17.2837144119	0.571857862927
7635	CHEMICAL	18.0778152002	0.592389647044
6998	CHEMICAL	23.122225578	0.711034096848
311	CHEMICAL	16.9447231153	0.56293946803
7047	CHEMICAL	18.803111006	0.610701646838
5368076	CHEMICAL	17.7666586973	0.584404683385
261	CHEMICAL	18.1468478348	0.594150678856
61138	CHEMICAL	17.0485020713	0.565679513703
7894	CHEMICAL	18.551754393	0.604403139296
170833	CHEMICAL	18.9377068947	0.614053578817
228769	CHEMICAL	17.981272552	0.589920437044
5960	CHEMICAL	16.9638485413	0.56344507872
