#oID	descriptor	value	sigma
11980	INTENSITY/STRENGTH	57.6847926716	0.976377584638
650	INTENSITY/STRENGTH	26.8955842339	0.786474388842
89440	INTENSITY/STRENGTH	45.0405929108	0.990161712529
7601	INTENSITY/STRENGTH	35.1409714325	0.911683708012
5363388	INTENSITY/STRENGTH	52.7131709652	0.997055481325
444539	INTENSITY/STRENGTH	46.9513062136	0.996282186479
6054	INTENSITY/STRENGTH	58.7452867909	0.969407983578
62374	INTENSITY/STRENGTH	52.9361666244	0.996551570222
235414	INTENSITY/STRENGTH	44.567355914	0.988194551294
78925	INTENSITY/STRENGTH	35.9605349289	0.921157368207
6549	INTENSITY/STRENGTH	52.6171634112	0.997260182272
7194	INTENSITY/STRENGTH	34.6237784668	0.905428724545
8857	INTENSITY/STRENGTH	39.6352961816	0.957029165903
1136	INTENSITY/STRENGTH	57.2371544506	0.979049438184
8467	INTENSITY/STRENGTH	51.5175833285	0.999078776336
61209	INTENSITY/STRENGTH	50.8704263866	0.999696943162
5365027	INTENSITY/STRENGTH	51.2365544966	0.999388373191
22873	INTENSITY/STRENGTH	38.6981882222	0.948907620216
637776	INTENSITY/STRENGTH	47.7109695172	0.99790413578
7795	INTENSITY/STRENGTH	54.7326991996	0.991040623315
565690	INTENSITY/STRENGTH	42.1392474673	0.975283427848
24834	INTENSITY/STRENGTH	55.4618062499	0.988067468996
5364729	INTENSITY/STRENGTH	53.8012433083	0.994220219725
8038	INTENSITY/STRENGTH	45.1475041449	0.990581313591
62572	INTENSITY/STRENGTH	64.8030025583	0.912348446104
6386	INTENSITY/STRENGTH	25.1063848797	0.752123170497
6826	INTENSITY/STRENGTH	53.9115918656	0.993879779631
8175	INTENSITY/STRENGTH	41.7683856106	0.972896209818
8452	INTENSITY/STRENGTH	44.2516107238	0.986782408292
241	INTENSITY/STRENGTH	35.8959248329	0.920430025472
4133	INTENSITY/STRENGTH	59.6151053145	0.963019899917
8294	INTENSITY/STRENGTH	51.1367378272	0.999483130845
18827	INTENSITY/STRENGTH	55.6525343766	0.987219542049
1183	INTENSITY/STRENGTH	54.002897183	0.993590725657
61252	INTENSITY/STRENGTH	41.2157023938	0.969134446226
7151	INTENSITY/STRENGTH	53.070698142	0.996228325168
61155	INTENSITY/STRENGTH	54.3007747544	0.992601334605
7583	INTENSITY/STRENGTH	44.8989246315	0.989591612034
8785	INTENSITY/STRENGTH	52.8924640536	0.996653460679
1549778	INTENSITY/STRENGTH	35.3391580223	0.914023885002
6140	INTENSITY/STRENGTH	39.4507721257	0.955485516502
61659	INTENSITY/STRENGTH	46.5777963484	0.995315408867
61177	INTENSITY/STRENGTH	54.5200550969	0.991827640769
69963	INTENSITY/STRENGTH	48.7941619171	0.999418381807
2969	INTENSITY/STRENGTH	43.5494004697	0.98335590628
8375	INTENSITY/STRENGTH	62.24867754	0.939987959409
660	INTENSITY/STRENGTH	53.3832741446	0.995421382425
679	INTENSITY/STRENGTH	26.5652382962	0.780324777554
24197	INTENSITY/STRENGTH	50.1203033191	0.999994210845
6057	INTENSITY/STRENGTH	39.2810849185	0.95404194379
196	INTENSITY/STRENGTH	52.6184720858	0.997257441574
7635	INTENSITY/STRENGTH	51.7882123683	0.99872091861
6998	INTENSITY/STRENGTH	54.6950795219	0.991182491313
311	INTENSITY/STRENGTH	37.4723188097	0.937222881597
7047	INTENSITY/STRENGTH	52.5138983322	0.99747212607
5368076	INTENSITY/STRENGTH	48.1862866909	0.998684177613
261	INTENSITY/STRENGTH	33.7634123693	0.894549288845
61138	INTENSITY/STRENGTH	35.9350373255	0.920870729986
170833	INTENSITY/STRENGTH	53.2317392562	0.995822344552
228769	INTENSITY/STRENGTH	37.6684043988	0.939172699972
5960	INTENSITY/STRENGTH	33.8422044233	0.89557025684
11980	VALENCE/PLEASANTNESS	46.1078294029	0.993940403217
650	VALENCE/PLEASANTNESS	44.4354990779	0.987614531795
89440	VALENCE/PLEASANTNESS	45.7231500522	0.99268342181
7601	VALENCE/PLEASANTNESS	45.3216139933	0.991245081749
5363388	VALENCE/PLEASANTNESS	53.0903882434	0.996179800202
444539	VALENCE/PLEASANTNESS	38.7612559951	0.949476253277
6054	VALENCE/PLEASANTNESS	43.0481426858	0.980668671953
62374	VALENCE/PLEASANTNESS	42.9180784598	0.97993855492
235414	VALENCE/PLEASANTNESS	44.1106470776	0.986126208862
78925	VALENCE/PLEASANTNESS	36.5495697351	0.927634370276
6549	VALENCE/PLEASANTNESS	47.5952800693	0.997686928822
7194	VALENCE/PLEASANTNESS	46.4226730667	0.994881092805
8857	VALENCE/PLEASANTNESS	50.3004374436	0.999963894937
1136	VALENCE/PLEASANTNESS	35.6780626848	0.917952844616
8467	VALENCE/PLEASANTNESS	54.5615770434	0.991676805951
61209	VALENCE/PLEASANTNESS	45.9637123777	0.993483352892
5365027	VALENCE/PLEASANTNESS	46.1446683012	0.994054566997
22873	VALENCE/PLEASANTNESS	49.0078960651	0.999606291913
637776	VALENCE/PLEASANTNESS	48.1201723141	0.998586499149
7795	VALENCE/PLEASANTNESS	51.3340401643	0.999288134736
565690	VALENCE/PLEASANTNESS	50.8983119162	0.99967721428
24834	VALENCE/PLEASANTNESS	58.9113084088	0.968235432978
5364729	VALENCE/PLEASANTNESS	46.9639087519	0.996312859973
7916	VALENCE/PLEASANTNESS	43.3173559588	0.982136907448
8038	VALENCE/PLEASANTNESS	41.5934134562	0.971731721073
62572	VALENCE/PLEASANTNESS	57.4138215322	0.978014100115
6386	VALENCE/PLEASANTNESS	41.3993086613	0.970411243398
6826	VALENCE/PLEASANTNESS	47.8031890051	0.998069608581
8175	VALENCE/PLEASANTNESS	43.6784168197	0.984015034438
8452	VALENCE/PLEASANTNESS	39.8980590233	0.959180315401
241	VALENCE/PLEASANTNESS	37.2322460068	0.934793783187
4133	VALENCE/PLEASANTNESS	55.5574593006	0.987645858449
8294	VALENCE/PLEASANTNESS	50.1705720709	0.999988362067
18827	VALENCE/PLEASANTNESS	44.623641734	0.988437908718
1183	VALENCE/PLEASANTNESS	48.292721409	0.998834079925
61252	VALENCE/PLEASANTNESS	35.8525937432	0.919940358482
7151	VALENCE/PLEASANTNESS	45.6183626685	0.992320501718
61155	VALENCE/PLEASANTNESS	47.4675719437	0.997434723256
7583	VALENCE/PLEASANTNESS	45.6084739554	0.9922857996
10430	VALENCE/PLEASANTNESS	34.7303984758	0.906735707717
8785	VALENCE/PLEASANTNESS	54.0596037909	0.993407846824
1549778	VALENCE/PLEASANTNESS	51.801565182	0.998701745158
6140	VALENCE/PLEASANTNESS	40.3572819358	0.962807195334
61659	VALENCE/PLEASANTNESS	25.2160891163	0.754303104524
61177	VALENCE/PLEASANTNESS	49.796913176	0.999983502297
69963	VALENCE/PLEASANTNESS	40.8983859668	0.966864248797
9016	VALENCE/PLEASANTNESS	39.1372441694	0.952800214306
12587	VALENCE/PLEASANTNESS	25.4147521712	0.758226235679
2969	VALENCE/PLEASANTNESS	30.9062842583	0.85417200767
8375	VALENCE/PLEASANTNESS	47.6065402453	0.997708540161
15717	VALENCE/PLEASANTNESS	46.0069705345	0.993622286275
18635	VALENCE/PLEASANTNESS	29.4657518388	0.831337860982
526618	VALENCE/PLEASANTNESS	34.7841495702	0.907391158279
660	VALENCE/PLEASANTNESS	45.1088506973	0.990430663399
679	VALENCE/PLEASANTNESS	39.9997995875	0.959998396684
24197	VALENCE/PLEASANTNESS	55.2022541408	0.989174620742
6057	VALENCE/PLEASANTNESS	39.3759207191	0.954851575773
196	VALENCE/PLEASANTNESS	18.7743622909	0.609983819864
7635	VALENCE/PLEASANTNESS	54.0249226588	0.993519999036
6998	VALENCE/PLEASANTNESS	53.9757357217	0.993677410189
311	VALENCE/PLEASANTNESS	36.0646527838	0.922322439185
7047	VALENCE/PLEASANTNESS	39.4328913612	0.955334486006
5368076	VALENCE/PLEASANTNESS	50.0260267799	0.999999729043
261	VALENCE/PLEASANTNESS	43.3630452397	0.982380332604
61138	VALENCE/PLEASANTNESS	26.8197840805	0.785071035969
7894	VALENCE/PLEASANTNESS	40.7263593127	0.965599835361
170833	VALENCE/PLEASANTNESS	47.4486449666	0.997396234997
228769	VALENCE/PLEASANTNESS	45.4402030516	0.991683300716
5960	VALENCE/PLEASANTNESS	38.6604254011	0.948565619167
11980	BAKERY	3.47250335713	0.134076822459
650	BAKERY	5.47193251174	0.206900482304
89440	BAKERY	2.61229256765	0.101762073722
7601	BAKERY	2.9075714647	0.112921269859
5363388	BAKERY	3.01513225402	0.116968881157
444539	BAKERY	2.93693262237	0.114027075603
6054	BAKERY	2.48221892714	0.0968241927647
62374	BAKERY	4.43499517572	0.169532134145
235414	BAKERY	3.1428034254	0.121761251668
78925	BAKERY	3.49070307485	0.134754119811
6549	BAKERY	1.51426473951	0.0596533904999
7194	BAKERY	2.73271004829	0.106321320248
8857	BAKERY	4.06672986068	0.156053877723
1136	BAKERY	4.41934148747	0.168961427826
8467	BAKERY	8.56380182999	0.313216592486
61209	BAKERY	5.65656992621	0.213464083716
5365027	BAKERY	1.99150683117	0.0780738334634
22873	BAKERY	2.64152589378	0.102869972132
637776	BAKERY	4.03191333519	0.15477400335
7795	BAKERY	2.61599043919	0.101902255176
565690	BAKERY	2.65475766853	0.10337121143
24834	BAKERY	6.94692656501	0.258573147121
5364729	BAKERY	2.95147584331	0.114574549871
7916	BAKERY	4.50744383392	0.17217093339
8038	BAKERY	2.71461380587	0.105636900989
62572	BAKERY	2.30205057174	0.0899622481358
6386	BAKERY	1.70864391028	0.0671779708065
6826	BAKERY	2.99037411122	0.116038029519
8175	BAKERY	2.36065221165	0.0921970169202
8452	BAKERY	3.05156609475	0.118337821538
241	BAKERY	2.08641088633	0.0817151912987
4133	BAKERY	2.78650703146	0.108354432684
8294	BAKERY	2.95001049758	0.114519395129
18827	BAKERY	1.55970190644	0.0614150082427
1183	BAKERY	8.78114951997	0.320402546042
61252	BAKERY	4.23673666158	0.162289491447
7151	BAKERY	4.74361336562	0.18074378752
61155	BAKERY	5.50364443074	0.208029736422
7583	BAKERY	2.14314216681	0.0838884633334
10430	BAKERY	3.50708767351	0.135363641361
8785	BAKERY	3.34493527727	0.129321974287
1549778	BAKERY	2.70030302797	0.105095466542
6140	BAKERY	6.04013168044	0.227011990931
61659	BAKERY	3.09903795069	0.12011990354
61177	BAKERY	2.86137341402	0.111179953435
69963	BAKERY	2.22860369881	0.0871574781739
9016	BAKERY	3.43793649326	0.132789696798
12587	BAKERY	2.31406109716	0.0904204923819
2969	BAKERY	2.01609516976	0.0790179508972
8375	BAKERY	3.95831641002	0.15206534888
15717	BAKERY	2.8923705942	0.112348500706
18635	BAKERY	3.52014376867	0.135849185886
526618	BAKERY	4.91614037372	0.186978240479
660	BAKERY	3.71949264549	0.143245855604
679	BAKERY	4.08264012822	0.156638424962
24197	BAKERY	6.22511341907	0.233503721931
6057	BAKERY	6.11376209751	0.229599249106
196	BAKERY	1.70704554422	0.0671162199726
7635	BAKERY	2.768476402	0.107673271444
6998	BAKERY	7.3463916892	0.272267879228
311	BAKERY	2.37202732881	0.0926304876929
7047	BAKERY	3.51245983522	0.135563443771
5368076	BAKERY	2.79158544812	0.108546238199
261	BAKERY	3.12853113095	0.121226162423
61138	BAKERY	2.22396141402	0.0869800548123
7894	BAKERY	2.7392623227	0.106569069679
170833	BAKERY	1.90773170664	0.0748534921598
228769	BAKERY	2.51515615691	0.098075842079
5960	BAKERY	5.11832966154	0.194254267052
11980	SWEET	14.02335821	0.482272498205
650	SWEET	14.073162777	0.483704946862
89440	SWEET	13.5533864422	0.468657744068
7601	SWEET	15.4367202411	0.522151876924
5363388	SWEET	21.6484081498	0.678474895824
444539	SWEET	13.08824674	0.455008988508
6054	SWEET	12.4630017687	0.436389505514
62374	SWEET	14.8236007244	0.505048373602
235414	SWEET	13.6689662351	0.472022394231
78925	SWEET	10.5493052835	0.377457074553
6549	SWEET	12.9045769255	0.449571834769
7194	SWEET	15.1481257479	0.514138744446
8857	SWEET	26.0978057697	0.771474044392
1136	SWEET	5.76751488702	0.217394904292
8467	SWEET	25.2562713261	0.755099156526
61209	SWEET	13.817830456	0.476340242834
5365027	SWEET	14.9624432735	0.508947847455
22873	SWEET	23.252990214	0.713838987004
637776	SWEET	15.767055539	0.531242205412
7795	SWEET	26.6432078039	0.781784103323
565690	SWEET	18.7672792182	0.609806861026
24834	SWEET	28.3739826376	0.812926149216
5364729	SWEET	15.8624438774	0.53385090479
7916	SWEET	12.8803176309	0.448851672327
8038	SWEET	16.0939619694	0.540152234026
62572	SWEET	25.5600799805	0.761076123776
6386	SWEET	10.6955793379	0.382065006566
6826	SWEET	14.97979772	0.509434172908
8175	SWEET	14.3308313269	0.491084162469
8452	SWEET	10.7276705386	0.383073655469
241	SWEET	7.8904618592	0.290714719028
4133	SWEET	14.8145548301	0.504793779279
8294	SWEET	19.4357061285	0.626329576054
18827	SWEET	13.1356604338	0.45640818734
1183	SWEET	24.3369843071	0.736563850219
61252	SWEET	10.5246337804	0.376678184732
7151	SWEET	12.7384505362	0.444630772623
61155	SWEET	16.2940806674	0.545564400777
7583	SWEET	14.4933604592	0.495711419407
10430	SWEET	0.816496225409	0.0323931825819
8785	SWEET	22.7316858271	0.702575616866
1549778	SWEET	16.7462283703	0.55767466896
6140	SWEET	14.3098727167	0.4904859258
61659	SWEET	2.12014670634	0.0830078594309
61177	SWEET	20.4208133054	0.650028685794
69963	SWEET	11.6627442997	0.412101930146
9016	SWEET	11.9348261049	0.420417014535
12587	SWEET	6.02706515513	0.226552400452
2969	SWEET	6.50714820708	0.243348737168
8375	SWEET	11.9077084396	0.419590929471
15717	SWEET	16.9297372421	0.562543088449
18635	SWEET	6.9444705229	0.258488552579
526618	SWEET	5.48256170371	0.207279075015
660	SWEET	12.7490713324	0.444947325361
679	SWEET	11.9085261474	0.419615847895
24197	SWEET	26.3897276547	0.777022015912
6057	SWEET	13.7920505855	0.475593759679
196	SWEET	0.0	0.0
7635	SWEET	26.9721194764	0.787886687436
6998	SWEET	22.9199295837	0.7066679145
311	SWEET	0.0	0.0
7047	SWEET	10.9085381818	0.388743045166
5368076	SWEET	19.3956907743	0.625350502727
261	SWEET	14.2436579896	0.488593602413
61138	SWEET	3.05742201958	0.118557749021
7894	SWEET	12.890870345	0.4491649985
170833	SWEET	12.4971085832	0.437413254152
228769	SWEET	15.6729355615	0.528661058814
5960	SWEET	7.92176978899	0.291769016924
11980	FRUIT	10.7758622217	0.384586806221
650	FRUIT	2.68269196711	0.104428944208
89440	FRUIT	4.13142728967	0.158429615007
7601	FRUIT	1.55145435009	0.0610953697635
5363388	FRUIT	13.0083460383	0.45264701487
444539	FRUIT	3.20122358499	0.123949810423
6054	FRUIT	4.45530215816	0.170272199398
62374	FRUIT	5.41643024424	0.204922123133
235414	FRUIT	4.0043657031	0.15376065025
78925	FRUIT	1.34387792357	0.0530327137934
6549	FRUIT	6.57682996529	0.245771321655
7194	FRUIT	1.99918402052	0.0783686661216
8857	FRUIT	11.5949988044	0.410022353267
1136	FRUIT	2.86123038947	0.111174559842
8467	FRUIT	7.32606421323	0.271574081787
61209	FRUIT	4.03902692618	0.155035581643
5365027	FRUIT	8.62383837442	0.315205299654
22873	FRUIT	12.4548160777	0.436143665696
637776	FRUIT	4.14363915408	0.158877667988
7795	FRUIT	19.6452558873	0.631435803941
565690	FRUIT	7.59598176822	0.28075969512
24834	FRUIT	9.86272994917	0.355599821147
5364729	FRUIT	7.5936659717	0.280681133712
7916	FRUIT	2.05658347771	0.080571524868
8038	FRUIT	5.73346917698	0.216189699558
62572	FRUIT	16.3797658571	0.547871942469
6386	FRUIT	1.36658109359	0.0539162261896
6826	FRUIT	3.60660804017	0.139061272985
8175	FRUIT	11.1656220219	0.396756434822
8452	FRUIT	2.01836168284	0.0791049537603
241	FRUIT	2.891850813	0.11232891207
4133	FRUIT	3.96146735344	0.152181404701
8294	FRUIT	9.21758527059	0.334717859535
18827	FRUIT	8.6151325428	0.31491709822
1183	FRUIT	6.36640694432	0.23844382282
61252	FRUIT	1.78227252756	0.0700203029575
7151	FRUIT	6.7858287564	0.253014161492
61155	FRUIT	5.20611195161	0.197403037403
7583	FRUIT	4.12064269368	0.158033829264
10430	FRUIT	0.0	0.0
8785	FRUIT	10.0222228075	0.360710932299
1549778	FRUIT	8.56476698042	0.313248585845
6140	FRUIT	2.11561388227	0.0828342264513
61659	FRUIT	2.27715425163	0.089011997471
61177	FRUIT	12.4988031859	0.437464095003
69963	FRUIT	2.47681452357	0.0966187368693
9016	FRUIT	5.02403813606	0.190865141765
12587	FRUIT	0.512063332246	0.0203776497474
2969	FRUIT	6.01045289907	0.225967898342
8375	FRUIT	5.51079419426	0.20828422671
15717	FRUIT	6.54654908995	0.244719041603
18635	FRUIT	1.42201158861	0.056071616761
526618	FRUIT	3.07413399028	0.119185239695
660	FRUIT	3.08577502243	0.119622197902
679	FRUIT	1.52867574365	0.0602122899344
24197	FRUIT	16.1604515348	0.541953983868
6057	FRUIT	2.23355551036	0.0873467123273
196	FRUIT	0.0488650435643	0.00195364662558
7635	FRUIT	17.5080253187	0.577708632524
6998	FRUIT	8.536827369	0.312322126149
311	FRUIT	4.13357265444	0.158508337022
7047	FRUIT	3.1667326974	0.122658029505
5368076	FRUIT	10.3434134764	0.370942058118
261	FRUIT	3.07937529449	0.119381990898
61138	FRUIT	0.0	0.0
7894	FRUIT	2.53303274869	0.0987548079854
170833	FRUIT	3.37615220651	0.130486726772
228769	FRUIT	8.65480486194	0.316229935598
5960	FRUIT	4.63603039094	0.176844104523
11980	FISH	1.24697405367	0.0492569844306
650	FISH	0.943237550069	0.0373736231724
89440	FISH	0.603789294781	0.0240057471862
7601	FISH	1.32352178829	0.0522401875619
5363388	FISH	2.05446045875	0.0804900952394
444539	FISH	1.46993841238	0.0579332489206
6054	FISH	4.13061519804	0.158399815156
62374	FISH	0.836198577714	0.033168251884
235414	FISH	0.936319059489	0.0371020850271
78925	FISH	6.20471280638	0.232789127851
6549	FISH	0.844312479505	0.033487353755
7194	FISH	1.4172117993	0.0558850762584
8857	FISH	1.04678906049	0.0414332554848
1136	FISH	3.80221014061	0.146305684843
8467	FISH	1.04434702205	0.0413376166011
61209	FISH	1.12432467389	0.0444673445667
5365027	FISH	1.13892378002	0.04503809225
22873	FISH	0.726138753612	0.0288346391487
637776	FISH	0.864030374099	0.034262595569
7795	FISH	0.917546229311	0.0363650927393
565690	FISH	0.61454014184	0.0244305418392
24834	FISH	1.04439869568	0.0413396403729
5364729	FISH	0.929585643908	0.0368377739686
7916	FISH	0.946201515734	0.037489941706
8038	FISH	0.955139941605	0.037840680741
62572	FISH	1.13170832938	0.0447560276781
6386	FISH	1.03272374544	0.040882342484
6826	FISH	1.00096015638	0.0396376377612
8175	FISH	0.947292351807	0.0375327489523
8452	FISH	1.31964591403	0.0520892504258
241	FISH	1.45211791583	0.0572412580567
4133	FISH	1.1549310279	0.0456636948444
8294	FISH	0.781036040716	0.0309974347099
18827	FISH	0.923116141345	0.0365837882896
1183	FISH	1.00973855099	0.0399817132632
61252	FISH	5.25269213083	0.199071375385
7151	FISH	1.01846450809	0.040323672342
61155	FISH	1.10972288891	0.0438963216003
7583	FISH	1.18227678016	0.0467319598525
10430	FISH	1.02322558158	0.0405102270271
8785	FISH	2.2787126989	0.0890714953303
1549778	FISH	0.744851434229	0.0295721359055
6140	FISH	2.35357986045	0.0919274591542
61659	FISH	6.36254972997	0.238309173572
61177	FISH	1.07805044359	0.04265714064
69963	FISH	1.08774077682	0.0430363590738
9016	FISH	0.997039847443	0.0394839585148
12587	FISH	1.00387924242	0.0397520602834
2969	FISH	0.721204110918	0.0286401102889
8375	FISH	1.19893753032	0.0473825207321
15717	FISH	1.89956614303	0.0745393051085
18635	FISH	6.72326615586	0.250849723113
526618	FISH	5.15529073343	0.195580820319
660	FISH	1.13425338056	0.04485552293
679	FISH	2.81288154633	0.109350340816
24197	FISH	1.30625986802	0.0515678687838
6057	FISH	1.10419378469	0.0436800538221
196	FISH	1.04538306886	0.04137819245
7635	FISH	0.851026077538	0.0337513449476
6998	FISH	1.36626500678	0.0539039282439
311	FISH	1.22906170328	0.048558231063
7047	FISH	1.28316903235	0.0506681521878
5368076	FISH	0.939172159558	0.0372140686442
261	FISH	2.43510141245	0.0950321689425
61138	FISH	1.19495465078	0.0472270193842
7894	FISH	1.19071491071	0.0470614756291
170833	FISH	0.747198341893	0.0296646115309
228769	FISH	0.69942296053	0.0277812414301
5960	FISH	1.11395428515	0.0440618137462
11980	GARLIC	2.55526763163	0.0995989481975
650	GARLIC	3.42191652534	0.132192855931
89440	GARLIC	1.8177401053	0.071387932576
7601	GARLIC	2.77666745824	0.10798274546
5363388	GARLIC	1.9642496923	0.0770266769505
444539	GARLIC	2.09958954236	0.0822202711958
6054	GARLIC	1.76992779836	0.0695440541697
62374	GARLIC	1.1566927913	0.0457325363667
235414	GARLIC	2.10432000207	0.0824015350145
78925	GARLIC	15.3261847046	0.519090613145
6549	GARLIC	2.06564137062	0.080918905116
7194	GARLIC	2.67555008288	0.104158576017
8857	GARLIC	2.7877257174	0.108400462826
1136	GARLIC	7.10797686441	0.264109740535
8467	GARLIC	2.01373935354	0.0789275156682
61209	GARLIC	1.93579281565	0.0759327950961
5365027	GARLIC	2.03170217921	0.0796169616706
22873	GARLIC	2.11482248852	0.0828039098777
637776	GARLIC	2.15301663791	0.084266473259
7795	GARLIC	1.90125240133	0.0746041917759
565690	GARLIC	1.55937776873	0.0614024471391
24834	GARLIC	1.69806717242	0.0667693140479
5364729	GARLIC	2.40236869743	0.0937861977539
7916	GARLIC	3.09967617738	0.120143850133
8038	GARLIC	2.38353592027	0.0930689394175
62572	GARLIC	2.25895401288	0.0883170112223
6386	GARLIC	3.50427008126	0.13525883973
6826	GARLIC	1.92235090978	0.075415863183
8175	GARLIC	1.55190102584	0.061112682316
8452	GARLIC	4.87428581855	0.185467967845
241	GARLIC	5.37383523871	0.203402167479
4133	GARLIC	2.00285716877	0.0785097120154
8294	GARLIC	2.09618852037	0.0820899382898
18827	GARLIC	2.06621327299	0.080940836004
1183	GARLIC	1.9842373807	0.0777946160348
61252	GARLIC	9.03976754814	0.328903742996
7151	GARLIC	2.3686464682	0.0925016642914
61155	GARLIC	2.12842920071	0.0833250836835
7583	GARLIC	2.44065057053	0.0952433127383
10430	GARLIC	2.63541408042	0.102638400267
8785	GARLIC	1.85839312022	0.0729542748132
1549778	GARLIC	1.6427759582	0.0646315531884
6140	GARLIC	1.9389420047	0.0760538817488
61659	GARLIC	10.4300248036	0.373686825182
61177	GARLIC	1.79346789368	0.070452104913
69963	GARLIC	3.18758286085	0.123439040636
9016	GARLIC	1.80321623012	0.0708280136959
12587	GARLIC	2.41215848152	0.0941589358447
2969	GARLIC	1.93136627531	0.0757625807366
8375	GARLIC	1.53675792868	0.0605256671746
15717	GARLIC	2.13025823115	0.0833951291936
18635	GARLIC	13.1327432819	0.456322152833
526618	GARLIC	9.39331141633	0.340438736908
660	GARLIC	1.61671687446	0.0636231655977
679	GARLIC	5.1487721926	0.195346945668
24197	GARLIC	2.52862574253	0.098587450443
6057	GARLIC	1.98235195247	0.0777221903933
196	GARLIC	2.0266325339	0.0794224055851
7635	GARLIC	1.79529046834	0.0705223915873
6998	GARLIC	1.87877653841	0.0737391410239
311	GARLIC	2.22677850839	0.0870877233253
7047	GARLIC	2.63447990449	0.102603002433
5368076	GARLIC	1.94361896992	0.0762336969165
261	GARLIC	2.65642508267	0.103434365619
61138	GARLIC	3.00161233308	0.116460622684
7894	GARLIC	2.70930816072	0.105436186145
170833	GARLIC	1.42460945972	0.0561725735436
228769	GARLIC	2.52905603916	0.0986037917867
5960	GARLIC	2.3772411551	0.0928291360002
11980	SPICES	6.30942905271	0.23645360412
650	SPICES	6.248586937	0.234325541996
89440	SPICES	7.44576123687	0.275654705316
7601	SPICES	5.95348130076	0.223961676191
5363388	SPICES	5.43232159731	0.205488816718
444539	SPICES	6.15076602069	0.230897871771
6054	SPICES	6.3880669331	0.239199717667
62374	SPICES	7.19113450641	0.266960414061
235414	SPICES	6.41446060531	0.24012030227
78925	SPICES	8.92229479555	0.325048854055
6549	SPICES	7.32629261987	0.271581879374
7194	SPICES	5.31678610215	0.201364158303
8857	SPICES	5.44105476817	0.205800159931
1136	SPICES	8.01516895187	0.294909584744
8467	SPICES	9.13471121171	0.3320112689
61209	SPICES	6.8327593343	0.254635733324
5365027	SPICES	5.69451186703	0.21480948852
22873	SPICES	4.38112422599	0.167567269246
637776	SPICES	10.7045824742	0.382348064589
7795	SPICES	5.11775642368	0.194233684622
565690	SPICES	6.55564221735	0.245035110741
24834	SPICES	8.79451306531	0.32084313859
5364729	SPICES	6.74951649577	0.25175827066
7916	SPICES	6.52165114774	0.243853272433
8038	SPICES	5.72097818659	0.215747290899
62572	SPICES	5.31176238902	0.20118456769
6386	SPICES	6.50014933212	0.243105196749
6826	SPICES	6.9549891652	0.258850816893
8175	SPICES	4.71626987246	0.179753514294
8452	SPICES	6.57742179188	0.245791880704
241	SPICES	8.09632102222	0.297632675251
4133	SPICES	6.56997627741	0.245533215782
8294	SPICES	6.23540493743	0.233864087604
18827	SPICES	5.85628766628	0.220533064559
1183	SPICES	8.90774130953	0.324570510286
61252	SPICES	7.53627192752	0.278732719275
7151	SPICES	6.84465267599	0.255046398938
61155	SPICES	8.90715389064	0.324551199453
7583	SPICES	7.45641311315	0.27601728592
10430	SPICES	6.73196702175	0.251150928877
8785	SPICES	6.42448571341	0.240469821864
1549778	SPICES	6.14385594019	0.230655451282
6140	SPICES	6.56161454864	0.245242667752
61659	SPICES	7.713091542	0.284726949226
61177	SPICES	4.8813574064	0.185723236204
69963	SPICES	6.62247229058	0.247356035928
9016	SPICES	7.53560010658	0.278709896677
12587	SPICES	5.31906308805	0.201445550668
2969	SPICES	4.35432204145	0.166588833482
8375	SPICES	5.99869526568	0.225554072671
15717	SPICES	6.2166500387	0.233207306467
18635	SPICES	7.8884027396	0.290645350471
526618	SPICES	9.17281061084	0.333256242633
660	SPICES	5.92378733417	0.222914990815
679	SPICES	7.12087610138	0.264552293475
24197	SPICES	4.70343812713	0.179288592999
6057	SPICES	7.95182948782	0.292780542632
196	SPICES	4.95170700901	0.188260519439
7635	SPICES	4.86156555456	0.185008694326
6998	SPICES	8.46677845465	0.309996603226
311	SPICES	4.87428627556	0.185467984344
7047	SPICES	6.04475431756	0.227174550798
5368076	SPICES	5.01652748146	0.190594880069
261	SPICES	6.187156235	0.232173888489
61138	SPICES	5.58161726026	0.210802909914
7894	SPICES	6.82363873826	0.254320731278
170833	SPICES	7.83807890908	0.288948963969
228769	SPICES	4.37428404274	0.167317617355
5960	SPICES	5.84271604153	0.220053709364
11980	COLD	3.88686986308	0.14943169159
650	COLD	4.97371421513	0.189053435368
89440	COLD	7.03806068682	0.26170870818
7601	COLD	4.82273880368	0.18360602832
5363388	COLD	5.11944001376	0.194294134129
444539	COLD	4.43114036961	0.169391612794
6054	COLD	5.10716959481	0.193853511284
62374	COLD	5.69480043344	0.214819716547
235414	COLD	7.14403088868	0.265346364612
78925	COLD	2.84413143402	0.110529623915
6549	COLD	6.02827347293	0.226594906491
7194	COLD	4.68883219104	0.178759228715
8857	COLD	4.7340581456	0.180397803214
1136	COLD	2.4297035648	0.0948267588268
8467	COLD	4.11312715106	0.157757960058
61209	COLD	5.21430768216	0.197696705445
5365027	COLD	5.57957374127	0.210730292397
22873	COLD	5.10601538369	0.193812058108
637776	COLD	4.91225732161	0.186838184067
7795	COLD	4.942872963	0.187942121269
565690	COLD	7.98773417042	0.293987807946
24834	COLD	4.72844966204	0.180194691999
5364729	COLD	4.73802813963	0.180541561324
7916	COLD	4.85578270637	0.184799857978
8038	COLD	4.88048914386	0.185691896041
62572	COLD	4.45698731937	0.170333598389
6386	COLD	4.98121741042	0.189323685661
6826	COLD	4.33620083162	0.165926978204
8175	COLD	5.58449131818	0.210905035414
8452	COLD	6.6287061608	0.247572348285
241	COLD	5.56604564342	0.210249480095
4133	COLD	3.96961378431	0.152481417934
8294	COLD	5.45284438505	0.206220370647
18827	COLD	5.62979132306	0.212513832786
1183	COLD	4.02609645038	0.154560076964
61252	COLD	2.63466253374	0.102609922683
7151	COLD	3.78610319608	0.145710296879
61155	COLD	4.35020357237	0.166438434446
7583	COLD	5.20762080375	0.197457106376
10430	COLD	4.83065562326	0.18389213143
8785	COLD	4.70670122502	0.179406834432
1549778	COLD	5.96301346578	0.224297526794
6140	COLD	3.92098230198	0.150689651194
61659	COLD	1.93217343215	0.0757936196174
61177	COLD	4.87600796443	0.18553013711
69963	COLD	5.39016212483	0.203984945901
9016	COLD	5.03171791052	0.191141442368
12587	COLD	4.77713549316	0.181957010319
2969	COLD	4.82461537019	0.183673849419
8375	COLD	4.64832457621	0.177290214502
15717	COLD	4.75004501591	0.180976629575
18635	COLD	2.65934722088	0.103545037779
526618	COLD	2.69213886448	0.104786509913
660	COLD	4.75541602128	0.181171048237
679	COLD	2.77696847622	0.107994117482
24197	COLD	3.832775086	0.147434937496
6057	COLD	3.34803404617	0.129437629057
196	COLD	3.54335860841	0.136712188245
7635	COLD	5.45015854434	0.20612465051
6998	COLD	4.38347480021	0.167653051479
311	COLD	3.02612136969	0.11738189057
7047	COLD	5.13058236521	0.194694144446
5368076	COLD	4.88490398658	0.18585124468
261	COLD	4.93726218495	0.187739864245
61138	COLD	4.34498867663	0.166247976425
7894	COLD	5.53008129363	0.2089705321
170833	COLD	9.72740072962	0.351247099203
228769	COLD	5.20338045319	0.197305150871
5960	COLD	2.91209283499	0.113091599528
11980	SOUR	8.36480302365	0.306604149096
650	SOUR	10.675305664	0.381427366152
89440	SOUR	6.80602855886	0.253712332457
7601	SOUR	8.22188872431	0.301835767294
5363388	SOUR	8.27218264695	0.30351570358
444539	SOUR	13.4634255305	0.466031490414
6054	SOUR	7.49982162479	0.27749393523
62374	SOUR	6.346710952	0.237756142117
235414	SOUR	7.65197325379	0.282657852281
78925	SOUR	14.1197859169	0.48504409494
6549	SOUR	6.50546642199	0.243290219532
7194	SOUR	7.6023615283	0.280976100809
8857	SOUR	10.7548185334	0.383926292663
1136	SOUR	8.70024799178	0.317732193624
8467	SOUR	5.9623318279	0.224273512786
61209	SOUR	8.10489581453	0.297920098115
5365027	SOUR	7.82223784331	0.288414551781
22873	SOUR	7.43575828983	0.275314131055
637776	SOUR	6.85864017405	0.255529228947
7795	SOUR	8.22622444015	0.30198067019
565690	SOUR	7.12299546992	0.264624993011
24834	SOUR	5.86538722559	0.220854382101
5364729	SOUR	8.62247026867	0.315160013333
7916	SOUR	10.8639774549	0.38734869574
8038	SOUR	9.9432237514	0.358181870628
62572	SOUR	8.80140476561	0.321070300285
6386	SOUR	7.19644693966	0.267142338164
6826	SOUR	7.01535264462	0.260928036693
8175	SOUR	9.34107277044	0.338740654617
8452	SOUR	7.68482269312	0.283770307795
241	SOUR	7.69872944337	0.284241003718
4133	SOUR	7.01118731232	0.260784793481
8294	SOUR	8.0546414442	0.29623475825
18827	SOUR	9.30414645791	0.337539001792
1183	SOUR	6.2829383675	0.235527408888
61252	SOUR	9.3701887702	0.339687375772
7151	SOUR	6.96402537086	0.259161955088
61155	SOUR	7.79291333605	0.287424734137
7583	SOUR	7.1455660483	0.265398996272
10430	SOUR	13.1844149375	0.457845078603
8785	SOUR	7.48197251277	0.276886935438
1549778	SOUR	8.19554613308	0.300955054755
6140	SOUR	11.3077431058	0.401163702574
61659	SOUR	11.0038784816	0.391721002608
61177	SOUR	8.81838134035	0.321629713829
69963	SOUR	9.69238323514	0.350118412295
9016	SOUR	6.56229435235	0.245266291227
12587	SOUR	19.7635994116	0.634304031782
2969	SOUR	12.4372719897	0.435616585771
8375	SOUR	6.45465248178	0.241521083807
15717	SOUR	7.58211472072	0.280289203374
18635	SOUR	19.3605303885	0.62448916077
526618	SOUR	10.3445296777	0.370977469407
660	SOUR	6.67801565152	0.249282268844
679	SOUR	10.8370832004	0.386506379099
24197	SOUR	7.99592086857	0.294262934528
6057	SOUR	11.4321848444	0.405009453651
196	SOUR	22.2984993558	0.693050744823
7635	SOUR	7.78285222444	0.287084973479
6998	SOUR	7.09417582085	0.263636100603
311	SOUR	14.9408462896	0.508342296443
7047	SOUR	6.73671661103	0.251315324162
5368076	SOUR	7.67836451497	0.283551667949
261	SOUR	15.3593593269	0.520010405503
61138	SOUR	17.2705033058	0.571512018457
7894	SOUR	8.46509044008	0.30994051514
170833	SOUR	5.99081692443	0.225276722008
228769	SOUR	7.58040338162	0.280231129094
5960	SOUR	12.7007551607	0.443506533766
11980	BURNT	5.70201123075	0.2150752764
650	BURNT	5.38897477964	0.203942571515
89440	BURNT	5.35967722843	0.20289663314
7601	BURNT	4.85690753841	0.184840481202
5363388	BURNT	3.32914231039	0.128732417006
444539	BURNT	9.76622144861	0.352497225391
6054	BURNT	5.1219980947	0.194385977995
62374	BURNT	5.45926441542	0.206449149434
235414	BURNT	4.91671380432	0.186998922319
78925	BURNT	7.72155455049	0.285013220149
6549	BURNT	4.2798727857	0.163867987003
7194	BURNT	4.31945312202	0.165315054771
8857	BURNT	3.68011437518	0.141787278281
1136	BURNT	7.80867435767	0.287956816217
8467	BURNT	6.95318685707	0.258788751295
61209	BURNT	5.81274662724	0.218994655749
5365027	BURNT	4.23041680164	0.162058101539
22873	BURNT	3.99716701217	0.153495742837
637776	BURNT	5.45892354989	0.206437003466
7795	BURNT	3.4918522041	0.134796875438
565690	BURNT	3.93829285121	0.151327653816
24834	BURNT	5.40134462993	0.204383975673
5364729	BURNT	3.51684367567	0.135726471251
7916	BURNT	4.45233445215	0.170164065257
8038	BURNT	3.57214736833	0.137781800005
62572	BURNT	3.38815466182	0.130934349668
6386	BURNT	4.67683057377	0.178324125265
6826	BURNT	4.43380294565	0.169488674402
8175	BURNT	4.07523906789	0.156366533331
8452	BURNT	4.69576602934	0.179010553733
241	BURNT	5.60674820519	0.211695678033
4133	BURNT	6.08192930201	0.228481226467
8294	BURNT	4.24463097001	0.162578481972
18827	BURNT	4.0268589713	0.154588121582
1183	BURNT	8.45668138899	0.309661071514
61252	BURNT	9.80887795533	0.353869483516
7151	BURNT	6.01564501083	0.226150606475
61155	BURNT	6.25472556616	0.234540385883
7583	BURNT	5.70604598605	0.215218255124
10430	BURNT	4.40579372935	0.16846734182
8785	BURNT	4.77478914651	0.181872121303
1549778	BURNT	3.67115619642	0.141455292729
6140	BURNT	11.2551042235	0.399533220507
61659	BURNT	18.0864449794	0.592610002378
61177	BURNT	3.8646802602	0.148612909003
69963	BURNT	4.0778606464	0.156462846875
9016	BURNT	5.5297685838	0.208959407116
12587	BURNT	4.03989532465	0.155067511292
2969	BURNT	8.89585538782	0.32417971828
8375	BURNT	7.35881896762	0.272691872065
15717	BURNT	3.91365176799	0.150419402655
18635	BURNT	6.34337147144	0.237639514208
526618	BURNT	11.920096793	0.419968388699
660	BURNT	5.72117098145	0.215754120299
679	BURNT	4.29635502903	0.164470734547
24197	BURNT	3.95029546809	0.15176988501
6057	BURNT	11.7468056136	0.414677247694
196	BURNT	7.87511186471	0.290197519836
7635	BURNT	3.45835274234	0.133550028217
6998	BURNT	6.93651864951	0.25821462959
311	BURNT	6.3607491286	0.238246313353
7047	BURNT	6.16463482272	0.23138430391
5368076	BURNT	3.95450322002	0.151924890514
261	BURNT	4.06358504093	0.155938312283
61138	BURNT	4.08545869166	0.156741958578
7894	BURNT	3.73285832649	0.143740640546
170833	BURNT	4.71992720111	0.179886002931
228769	BURNT	6.19007498836	0.23227618819
5960	BURNT	5.12062241385	0.194336586992
11980	ACID	5.67487792339	0.214113421158
650	ACID	7.90468145866	0.291193662761
89440	ACID	6.75575879335	0.251974240984
7601	ACID	5.43759364929	0.205676776094
5363388	ACID	4.4089901771	0.168583929331
444539	ACID	3.43304449226	0.132607461896
6054	ACID	7.87684065422	0.290255778692
62374	ACID	8.19410998461	0.300907024009
235414	ACID	6.33213405362	0.237246993476
78925	ACID	7.22354550832	0.268069976449
6549	ACID	8.04267813885	0.295833256896
7194	ACID	5.24810422301	0.198907129746
8857	ACID	7.06026320985	0.262471601757
1136	ACID	7.15582968078	0.265750827863
8467	ACID	5.21650916368	0.197775579405
61209	ACID	6.32322463146	0.236935717362
5365027	ACID	6.61296921873	0.247026223994
22873	ACID	4.82648287657	0.18374134028
637776	ACID	4.84240217734	0.184316543555
7795	ACID	5.81329697903	0.219014110455
565690	ACID	7.64730791403	0.282499789228
24834	ACID	5.00592545708	0.19021330241
5364729	ACID	6.58758476032	0.246144881223
7916	ACID	7.28721504599	0.270247200589
8038	ACID	7.56392600798	0.279671849657
62572	ACID	6.38103079514	0.238954210202
6386	ACID	8.64940829492	0.316051426256
6826	ACID	6.51891902308	0.243758238832
8175	ACID	7.77064580548	0.286672657726
8452	ACID	12.6874342467	0.443108974761
241	ACID	9.50678257882	0.344119737152
4133	ACID	5.6911394688	0.214689951371
8294	ACID	5.04779741718	0.191719793181
18827	ACID	7.64829002713	0.282533064949
1183	ACID	6.64246762585	0.24804975457
61252	ACID	7.75331335092	0.28608698687
7151	ACID	6.04442708586	0.227163043916
61155	ACID	7.34981001254	0.272384517613
7583	ACID	8.80838851032	0.321300457153
10430	ACID	6.77327409125	0.252580066884
8785	ACID	4.67539332716	0.178272011981
1549778	ACID	6.77687939623	0.252704738109
6140	ACID	3.8753811456	0.149007814215
61659	ACID	6.2992604628	0.236098145561
61177	ACID	4.95067350378	0.188223272895
69963	ACID	7.11472561522	0.264341296377
9016	ACID	9.6573345004	0.348987736155
12587	ACID	6.85008063096	0.255233783378
2969	ACID	6.4199525142	0.240311784454
8375	ACID	6.36791347758	0.23849641028
15717	ACID	6.43625395645	0.240880012261
18635	ACID	7.05950476794	0.26244554769
526618	ACID	7.73795833239	0.285567933634
660	ACID	5.53429675537	0.209120493984
679	ACID	7.60398631719	0.281031209523
24197	ACID	5.48243343667	0.207274506912
6057	ACID	3.84838207256	0.148011265072
196	ACID	6.69631626946	0.249916390146
7635	ACID	5.33008289172	0.201839402216
6998	ACID	5.01795124518	0.190646115928
311	ACID	6.62311098001	0.247378199579
7047	ACID	6.69304870037	0.249803187652
5368076	ACID	4.81338117264	0.183267791581
261	ACID	7.19267683371	0.267013233335
61138	ACID	5.83210525398	0.219678829482
7894	ACID	8.71494281208	0.318217621196
170833	ACID	8.01410351014	0.294873798377
228769	ACID	5.38055806683	0.203642160629
5960	ACID	5.70574566269	0.215207613081
11980	WARM	6.17593161543	0.23178041209
650	WARM	5.84195069347	0.220026672577
89440	WARM	6.87624902819	0.256136840849
7601	WARM	5.87585241675	0.221223840021
5363388	WARM	5.1696440668	0.196095674761
444539	WARM	5.97665499692	0.224778037896
6054	WARM	5.3117974439	0.201185820922
62374	WARM	6.97171394102	0.259426639531
235414	WARM	5.4285411475	0.205354022304
78925	WARM	5.27996562106	0.200047410058
6549	WARM	5.5824622019	0.210832934382
7194	WARM	5.76632939352	0.217352953871
8857	WARM	4.84456838352	0.184394798212
1136	WARM	5.92477986359	0.222949987971
8467	WARM	6.88482876792	0.256432803851
61209	WARM	6.60545622954	0.246765428381
5365027	WARM	4.85616081326	0.184813513393
22873	WARM	4.83831269897	0.18416880005
637776	WARM	7.16125024212	0.265936607673
7795	WARM	5.35190078617	0.202618894637
565690	WARM	6.5548959924	0.245009175108
24834	WARM	6.19089199644	0.232304822373
5364729	WARM	5.36126242182	0.202953242971
7916	WARM	5.47888336629	0.207148069475
8038	WARM	5.40345356998	0.204459218606
62572	WARM	5.28648381537	0.200280588163
6386	WARM	7.04116237179	0.261815307853
6826	WARM	6.28282753398	0.235523532631
8175	WARM	4.35816183711	0.166729043645
8452	WARM	5.52236939211	0.208696150203
241	WARM	4.87606411141	0.185532163969
4133	WARM	6.51366069536	0.243575317553
8294	WARM	5.91849711078	0.222728441211
18827	WARM	4.84199204621	0.184301727058
1183	WARM	7.24230884671	0.268711938896
61252	WARM	6.04644593681	0.227234034086
7151	WARM	6.33759381888	0.23743771459
61155	WARM	7.13033665401	0.264876785841
7583	WARM	5.61519290701	0.211995559727
10430	WARM	5.76801836611	0.217412720296
8785	WARM	6.1842173409	0.232070875988
1549778	WARM	5.46334938592	0.206594700832
6140	WARM	7.9599911628	0.293055062787
61659	WARM	6.81400406089	0.253987901899
61177	WARM	4.43709025959	0.169608502395
69963	WARM	4.38925908919	0.167864125427
9016	WARM	6.11128746223	0.229512364711
12587	WARM	5.58331025954	0.210863069
2969	WARM	4.78160574479	0.182118728392
8375	WARM	6.63196073048	0.247685267967
15717	WARM	6.21844277931	0.233270098933
18635	WARM	5.33916255553	0.202163839503
526618	WARM	7.37824437275	0.2733543789
660	WARM	6.58977011267	0.246220776452
679	WARM	6.23666108288	0.23390806673
24197	WARM	5.67251718598	0.214029706949
6057	WARM	8.21562517509	0.301626408196
196	WARM	5.20172088892	0.197245675474
7635	WARM	5.51452475626	0.208416996935
6998	WARM	6.51241244646	0.243531891509
311	WARM	6.71521890909	0.250571090365
7047	WARM	6.07401887808	0.228203272991
5368076	WARM	5.38929325923	0.203953937636
261	WARM	4.41618862821	0.168846456328
61138	WARM	5.10802497145	0.193884231215
7894	WARM	4.99438352944	0.189797794442
170833	WARM	6.04242385182	0.227092599671
228769	WARM	5.17497547728	0.196286870615
5960	WARM	7.42692972158	0.275013474828
11980	MUSKY	8.87874803025	0.323617054576
650	MUSKY	8.28661910667	0.303997541779
89440	MUSKY	7.1307645223	0.264891459823
7601	MUSKY	10.3066154813	0.36977409018
5363388	MUSKY	5.59358645587	0.211228174459
444539	MUSKY	13.2249270998	0.459037605274
6054	MUSKY	8.25556913733	0.302960996781
62374	MUSKY	7.22964904323	0.268278831614
235414	MUSKY	7.96346163364	0.29317177687
78925	MUSKY	8.99700872177	0.327501882495
6549	MUSKY	5.19325644813	0.196942292911
7194	MUSKY	8.41710538612	0.308345150212
8857	MUSKY	7.15365256313	0.265676204528
1136	MUSKY	12.1689939213	0.42752599163
8467	MUSKY	6.97250886948	0.259454002805
61209	MUSKY	7.16714034192	0.266138453405
5365027	MUSKY	6.60157713966	0.246630757294
22873	MUSKY	6.04015956084	0.227012971425
637776	MUSKY	6.79152490429	0.253211071961
7795	MUSKY	5.22027487366	0.197910487044
565690	MUSKY	6.1208376308	0.229847643911
24834	MUSKY	6.39087809602	0.239297794706
5364729	MUSKY	5.65211305251	0.213305969317
7916	MUSKY	7.97545506881	0.29357504933
8038	MUSKY	6.7506243255	0.251796601506
62572	MUSKY	4.75437602759	0.181133404539
6386	MUSKY	7.65617613601	0.28280023223
6826	MUSKY	6.03866800196	0.226960515583
8175	MUSKY	10.060823473	0.361944871337
8452	MUSKY	6.98771107774	0.259977200667
241	MUSKY	9.00828940874	0.327871865121
4133	MUSKY	6.96101036671	0.259058148538
8294	MUSKY	5.52534588079	0.208802056391
18827	MUSKY	6.46347411116	0.241828365412
1183	MUSKY	8.5544046334	0.312905049883
61252	MUSKY	7.17654032032	0.266460520425
7151	MUSKY	6.14412577927	0.230664918534
61155	MUSKY	7.21213619846	0.26767948452
7583	MUSKY	7.47528977868	0.276659608237
10430	MUSKY	13.9451210072	0.480018280325
8785	MUSKY	6.53085012287	0.244173203584
1549778	MUSKY	5.29318622476	0.200520320826
6140	MUSKY	12.2889183282	0.431149727657
61659	MUSKY	13.5139563742	0.467507448214
61177	MUSKY	6.38192377863	0.238985370699
69963	MUSKY	8.52176963088	0.311822562179
9016	MUSKY	8.26895107415	0.303407822219
12587	MUSKY	16.4324013971	0.549286529613
2969	MUSKY	15.1587220177	0.514434139424
8375	MUSKY	8.41622768317	0.308315951961
15717	MUSKY	9.08032821328	0.330232184347
18635	MUSKY	15.5586151071	0.525516402664
526618	MUSKY	11.5212939647	0.40775567274
660	MUSKY	9.39193725241	0.340394095955
679	MUSKY	7.97129341636	0.293435129163
24197	MUSKY	5.74537955867	0.216611427838
6057	MUSKY	12.8360202699	0.447535444248
196	MUSKY	20.4044094853	0.649640408835
7635	MUSKY	6.54657302872	0.24471987378
6998	MUSKY	6.75853598521	0.252070315943
311	MUSKY	16.2319346058	0.543887103813
7047	MUSKY	10.5376123155	0.377087983294
5368076	MUSKY	6.15644301777	0.231097004458
261	MUSKY	12.2086777723	0.428726385713
61138	MUSKY	15.4097826218	0.521406744692
7894	MUSKY	7.98679937655	0.29395638935
170833	MUSKY	4.67083078643	0.178106567363
228769	MUSKY	5.94614066377	0.223702991034
5960	MUSKY	10.4889440835	0.375550584146
11980	SWEATY	2.74690004279	0.106857817774
650	SWEATY	4.45491860612	0.17025822433
89440	SWEATY	1.83416806036	0.0720210534249
7601	SWEATY	4.6632279702	0.177830840767
5363388	SWEATY	3.16900346576	0.122743105444
444539	SWEATY	7.30520954979	0.270861947365
6054	SWEATY	3.86796026182	0.148733963838
62374	SWEATY	3.19315864544	0.123647840964
235414	SWEATY	3.58065631815	0.138097812858
78925	SWEATY	5.74072545549	0.216446646717
6549	SWEATY	1.2622124863	0.0498512273077
7194	SWEATY	3.84846267561	0.148014241038
8857	SWEATY	4.15681700351	0.1593610291
1136	SWEATY	4.65387496588	0.177491577756
8467	SWEATY	2.54972919023	0.0993887200318
61209	SWEATY	3.70515851969	0.142715060925
5365027	SWEATY	3.36243819084	0.129975131399
22873	SWEATY	3.5149131331	0.135654679591
637776	SWEATY	2.58011309555	0.100541730388
7795	SWEATY	2.49748629616	0.0974044767265
565690	SWEATY	1.9940802279	0.0781726667339
24834	SWEATY	2.66837663714	0.103886971935
5364729	SWEATY	2.46636765931	0.0962215186
7916	SWEATY	4.23983656328	0.162402976898
8038	SWEATY	4.4492832144	0.170052880127
62572	SWEATY	2.71779875862	0.105757378308
6386	SWEATY	4.53108582725	0.17303113758
6826	SWEATY	1.76966544239	0.0695339313843
8175	SWEATY	5.6376067845	0.212791227278
8452	SWEATY	3.96127884664	0.152174461825
241	SWEATY	4.63299077762	0.176733789686
4133	SWEATY	2.95795390159	0.11481835955
8294	SWEATY	2.28439839954	0.0892885455625
18827	SWEATY	3.39643525288	0.131243101145
1183	SWEATY	2.76169160713	0.107416888072
61252	SWEATY	5.22378183365	0.198036114688
7151	SWEATY	2.75512914894	0.107168871307
61155	SWEATY	2.50382910629	0.0976455001743
7583	SWEATY	3.89479554602	0.149724048902
10430	SWEATY	8.13946031723	0.299078086987
8785	SWEATY	2.76590161191	0.107575979786
1549778	SWEATY	2.29999883562	0.0898839555671
6140	SWEATY	6.96516186708	0.259201082749
61659	SWEATY	5.95400505594	0.223980131755
61177	SWEATY	4.10520487421	0.157467112145
69963	SWEATY	4.97777733196	0.189199786412
9016	SWEATY	2.48382704133	0.0968853229449
12587	SWEATY	12.2895338034	0.431168295695
2969	SWEATY	8.31172126898	0.304834966578
8375	SWEATY	2.43640653296	0.0950818306007
15717	SWEATY	3.60025145757	0.13882533408
18635	SWEATY	9.15372985504	0.332632886098
526618	SWEATY	5.47018068001	0.206838076532
660	SWEATY	3.4739252168	0.134129746107
679	SWEATY	5.18577986594	0.19667426951
24197	SWEATY	2.97532846741	0.115472106901
6057	SWEATY	7.36343227453	0.272849237037
196	SWEATY	15.5102505914	0.524182874293
7635	SWEATY	2.17576800756	0.0851371337335
6998	SWEATY	2.35567946407	0.0920074882679
311	SWEATY	9.24700775753	0.335677449314
7047	SWEATY	4.3004359563	0.164619938486
5368076	SWEATY	3.32351604824	0.12852233836
261	SWEATY	6.11354068973	0.229591475683
61138	SWEATY	10.4308761959	0.37371377655
7894	SWEATY	4.1243139706	0.158168572533
170833	SWEATY	1.47749044888	0.0582264267446
228769	SWEATY	3.51508479098	0.135661063204
5960	SWEATY	6.80401064583	0.253642601486
11980	AMMONIA/URINOUS	3.45596716687	0.133461203051
650	AMMONIA/URINOUS	6.47977953369	0.242396164225
89440	AMMONIA/URINOUS	6.34902265666	0.237836870789
7601	AMMONIA/URINOUS	8.04434908118	0.295889342391
5363388	AMMONIA/URINOUS	2.99373766322	0.11616452045
444539	AMMONIA/URINOUS	4.93302032408	0.187586937156
6054	AMMONIA/URINOUS	6.959088327	0.258991968943
62374	AMMONIA/URINOUS	7.12766375902	0.264785114096
235414	AMMONIA/URINOUS	5.49013033763	0.207548601055
78925	AMMONIA/URINOUS	8.3267752577	0.305336935831
6549	AMMONIA/URINOUS	5.79397664558	0.218330999675
7194	AMMONIA/URINOUS	5.22697262776	0.19815040797
8857	AMMONIA/URINOUS	4.98361167883	0.189409913007
1136	AMMONIA/URINOUS	6.31759175137	0.23673888384
8467	AMMONIA/URINOUS	4.95730727173	0.188462332715
61209	AMMONIA/URINOUS	6.05610117088	0.227573502278
5365027	AMMONIA/URINOUS	5.83017245218	0.219610533758
22873	AMMONIA/URINOUS	3.61347988552	0.139316300667
637776	AMMONIA/URINOUS	4.73401812878	0.180396354094
7795	AMMONIA/URINOUS	3.5130938527	0.135587022741
565690	AMMONIA/URINOUS	4.20135859029	0.16099377801
24834	AMMONIA/URINOUS	4.71603967195	0.179745174803
5364729	AMMONIA/URINOUS	4.15014986609	0.159116497079
7916	AMMONIA/URINOUS	6.28235304831	0.235506938003
8038	AMMONIA/URINOUS	5.79827315017	0.218482937397
62572	AMMONIA/URINOUS	3.66138242271	0.14109300841
6386	AMMONIA/URINOUS	7.51386120509	0.27797120412
6826	AMMONIA/URINOUS	4.12092588098	0.158044223193
8175	AMMONIA/URINOUS	6.7225488848	0.250824889989
8452	AMMONIA/URINOUS	8.52731367849	0.312006515711
241	AMMONIA/URINOUS	7.97939669729	0.29370755923
4133	AMMONIA/URINOUS	3.75002835411	0.144376049102
8294	AMMONIA/URINOUS	3.29820119142	0.127576795217
18827	AMMONIA/URINOUS	5.99896273015	0.225563487671
1183	AMMONIA/URINOUS	5.76807723304	0.217414803335
61252	AMMONIA/URINOUS	7.76812236807	0.286587404673
7151	AMMONIA/URINOUS	4.26528898373	0.163334483303
61155	AMMONIA/URINOUS	5.20730640968	0.197445840369
7583	AMMONIA/URINOUS	7.95082255435	0.292746670458
10430	AMMONIA/URINOUS	5.90153608015	0.222130191964
8785	AMMONIA/URINOUS	4.3897640227	0.167882549638
1549778	AMMONIA/URINOUS	5.52969067441	0.208956635394
6140	AMMONIA/URINOUS	5.09413534167	0.193385327715
61659	AMMONIA/URINOUS	9.2092535819	0.334446002662
61177	AMMONIA/URINOUS	3.65946609213	0.141021966854
69963	AMMONIA/URINOUS	7.10505969853	0.264009638613
9016	AMMONIA/URINOUS	8.00667558344	0.294624281778
12587	AMMONIA/URINOUS	5.60954552479	0.211795020594
2969	AMMONIA/URINOUS	7.12792373594	0.264794030724
8375	AMMONIA/URINOUS	5.48360450176	0.207316212738
15717	AMMONIA/URINOUS	6.25526406458	0.234559231176
18635	AMMONIA/URINOUS	6.81455898281	0.25400707366
526618	AMMONIA/URINOUS	7.94592010561	0.292581745695
660	AMMONIA/URINOUS	4.5443142716	0.173512253984
679	AMMONIA/URINOUS	6.54428657852	0.244640388412
24197	AMMONIA/URINOUS	3.40053451969	0.13139592678
6057	AMMONIA/URINOUS	11.4514486626	0.405603675915
196	AMMONIA/URINOUS	5.21027340725	0.197552156699
7635	AMMONIA/URINOUS	3.38204732336	0.130706595295
6998	AMMONIA/URINOUS	5.28282533946	0.200149716151
311	AMMONIA/URINOUS	4.97745485073	0.189188171313
7047	AMMONIA/URINOUS	6.76053506007	0.252139468683
5368076	AMMONIA/URINOUS	3.41149625844	0.131804527649
261	AMMONIA/URINOUS	6.61628488244	0.24714130504
61138	AMMONIA/URINOUS	5.53402513442	0.209110831701
7894	AMMONIA/URINOUS	7.27081421279	0.269686672785
170833	AMMONIA/URINOUS	6.02276993014	0.226401294153
228769	AMMONIA/URINOUS	3.77031055712	0.145126325606
5960	AMMONIA/URINOUS	4.64243042046	0.177076352735
11980	DECAYED	3.20507572814	0.124094024956
650	DECAYED	4.04207763614	0.155147748799
89440	DECAYED	2.93713340037	0.11403463497
7601	DECAYED	3.28548376801	0.127101589285
5363388	DECAYED	4.34176625461	0.166130276501
444539	DECAYED	6.5329415508	0.24424593191
6054	DECAYED	4.99460128392	0.189805634563
62374	DECAYED	4.0013211863	0.153648618958
235414	DECAYED	3.61181955301	0.139254685927
78925	DECAYED	10.2940352831	0.36937454636
6549	DECAYED	2.89805457835	0.112562694998
7194	DECAYED	3.39758919721	0.131286122947
8857	DECAYED	4.63372385866	0.176760395627
1136	DECAYED	8.80193546773	0.321087791518
8467	DECAYED	3.14183019816	0.121724769129
61209	DECAYED	4.46264923392	0.170539874083
5365027	DECAYED	3.80337772244	0.146348836058
22873	DECAYED	3.86517545379	0.148631185636
637776	DECAYED	3.25673102062	0.126026722048
7795	DECAYED	3.95220776551	0.151840332132
565690	DECAYED	2.90682397375	0.112893108704
24834	DECAYED	3.15949305036	0.12238676348
5364729	DECAYED	3.55516513962	0.137150925917
7916	DECAYED	4.90539634062	0.186590688321
8038	DECAYED	6.46633331691	0.24192794605
62572	DECAYED	3.76513491287	0.14493490015
6386	DECAYED	4.11450879123	0.157808678612
6826	DECAYED	3.62248531888	0.139650452801
8175	DECAYED	3.94243995653	0.151480465137
8452	DECAYED	5.67921290295	0.214267132439
241	DECAYED	4.07442898127	0.156336770641
4133	DECAYED	3.32627834152	0.128625482619
8294	DECAYED	3.18055554276	0.123175848286
18827	DECAYED	3.69024338788	0.14216257701
1183	DECAYED	4.94316911271	0.187952796158
61252	DECAYED	10.6384932856	0.380268715668
7151	DECAYED	3.12969543099	0.121269819843
61155	DECAYED	3.21785366672	0.124572313781
7583	DECAYED	3.29492127726	0.127454248601
10430	DECAYED	5.46002131767	0.206476119591
8785	DECAYED	3.21839437493	0.124592550056
1549778	DECAYED	2.99156580062	0.116082845649
6140	DECAYED	6.67182648998	0.249067752114
61659	DECAYED	9.43734180721	0.341868304134
61177	DECAYED	4.32809761951	0.165630933179
69963	DECAYED	7.0287679127	0.26138928516
9016	DECAYED	5.11653070492	0.194189673615
12587	DECAYED	12.520155767	0.438104510507
2969	DECAYED	6.14355736684	0.230644975826
8375	DECAYED	5.16770265075	0.196026045755
15717	DECAYED	3.50900691939	0.135435024952
18635	DECAYED	12.846058833	0.447833862304
526618	DECAYED	9.42347366467	0.341418204223
660	DECAYED	5.12023628161	0.194322723433
679	DECAYED	7.59489379866	0.280722787221
24197	DECAYED	3.39257591827	0.131099208186
6057	DECAYED	6.92083731566	0.257674296966
196	DECAYED	10.7632838945	0.384192043702
7635	DECAYED	3.76318841722	0.144862901863
6998	DECAYED	4.13715089077	0.158639628634
311	DECAYED	5.14630957759	0.195258582196
7047	DECAYED	5.15245410057	0.195479050719
5368076	DECAYED	3.6842759167	0.141941481056
261	DECAYED	4.46327118272	0.170562531449
61138	DECAYED	10.3600384631	0.371469379742
7894	DECAYED	4.39730996276	0.168157864547
170833	DECAYED	2.55965212577	0.0997653574288
228769	DECAYED	3.56160810017	0.137390303103
5960	DECAYED	5.44313860082	0.205874440902
11980	WOOD	3.05813645418	0.118584578738
650	WOOD	3.67180679365	0.141479405694
89440	WOOD	6.7021267547	0.250117668974
7601	WOOD	2.6280586506	0.102359669116
5363388	WOOD	2.22139152634	0.0868818289284
444539	WOOD	3.29965061342	0.127630946869
6054	WOOD	3.04233977828	0.117991258601
62374	WOOD	4.56664139655	0.174323970404
235414	WOOD	3.69172258759	0.142217377238
78925	WOOD	3.08735514478	0.119681501075
6549	WOOD	3.26930314967	0.126496788753
7194	WOOD	2.92416210117	0.113546194449
8857	WOOD	1.37702758791	0.0543226215251
1136	WOOD	4.26137767649	0.163191371179
8467	WOOD	3.82028249945	0.146973476628
61209	WOOD	3.98493699135	0.153045590524
5365027	WOOD	3.50409938481	0.135252490393
22873	WOOD	2.95484304337	0.11470128277
637776	WOOD	3.90902531636	0.150248821085
7795	WOOD	2.11822856585	0.082934385731
565690	WOOD	4.32461242544	0.165503587966
24834	WOOD	3.1840413418	0.123306405965
5364729	WOOD	2.61092335851	0.101710166027
7916	WOOD	3.02868652366	0.117478284123
8038	WOOD	2.33869762175	0.0913601022435
62572	WOOD	1.89907711355	0.0745204869886
6386	WOOD	4.50848216964	0.172208722196
6826	WOOD	3.44071529593	0.132893203138
8175	WOOD	3.50335647413	0.135224856331
8452	WOOD	3.27466710954	0.12669730651
241	WOOD	3.13123243742	0.121327450866
4133	WOOD	3.52969867329	0.136204437842
8294	WOOD	3.19360475358	0.123664545614
18827	WOOD	3.12801544631	0.1212068256
1183	WOOD	3.80186758981	0.146293024724
61252	WOOD	3.28728275581	0.127168819066
7151	WOOD	3.627986394	0.13985454165
61155	WOOD	3.82000142528	0.146963092656
7583	WOOD	3.16338304029	0.122532524708
10430	WOOD	3.42031197341	0.132133065338
8785	WOOD	2.71998166184	0.105839946377
1549778	WOOD	3.36070351324	0.129910409288
6140	WOOD	3.18811193891	0.123458854462
61659	WOOD	3.43087859851	0.132526772757
61177	WOOD	2.80509490691	0.109056373302
69963	WOOD	3.14235642728	0.121744495525
9016	WOOD	3.42246693202	0.13221336532
12587	WOOD	3.35356341281	0.129643981487
2969	WOOD	5.80378365953	0.218677784475
8375	WOOD	4.21337512539	0.161433993037
15717	WOOD	2.59671363226	0.101171376615
18635	WOOD	3.14111712994	0.121698038468
526618	WOOD	4.26616287156	0.163366456604
660	WOOD	3.37207108438	0.130334498016
679	WOOD	3.56067026904	0.137355461656
24197	WOOD	1.98712286779	0.0779054517951
6057	WOOD	3.37816120905	0.1305616591
196	WOOD	3.37669810155	0.130507088035
7635	WOOD	2.4115416806	0.0941354539131
6998	WOOD	3.34626499271	0.129371603948
311	WOOD	3.85757591946	0.148350679988
7047	WOOD	3.33814642427	0.129068568351
5368076	WOOD	3.01215845341	0.116857098717
261	WOOD	2.8541941873	0.110909197709
61138	WOOD	3.03601525025	0.11775365457
7894	WOOD	3.78463747333	0.145656106611
170833	WOOD	3.93658360672	0.151264668072
228769	WOOD	3.3276390461	0.128676289195
5960	WOOD	3.98216484574	0.152943539086
11980	GRASS	3.3378858979	0.129058843009
650	GRASS	1.59239248937	0.0626814140387
89440	GRASS	3.79302385865	0.145966142349
7601	GRASS	2.33195504989	0.0911029962538
5363388	GRASS	14.5374629077	0.49696338519
444539	GRASS	2.95980283146	0.114887940138
6054	GRASS	3.24485694335	0.125582639101
62374	GRASS	3.91291977118	0.150392414393
235414	GRASS	3.87340824114	0.148935013085
78925	GRASS	2.10090815546	0.0822708001872
6549	GRASS	9.62651687877	0.347992744264
7194	GRASS	1.87163641979	0.0734642476365
8857	GRASS	2.4520343679	0.0956763856995
1136	GRASS	4.24787739693	0.162697310925
8467	GRASS	2.95145500154	0.114573765411
61209	GRASS	1.89975843193	0.0745467044372
5365027	GRASS	5.37777253771	0.203542726521
22873	GRASS	2.9905802147	0.11604578058
637776	GRASS	3.3246593676	0.12856503074
7795	GRASS	5.21217870276	0.197620425379
565690	GRASS	5.42858673663	0.205355647882
24834	GRASS	3.07390279354	0.119176560388
5364729	GRASS	5.96350007205	0.224314669638
7916	GRASS	3.08658196929	0.11965248347
8038	GRASS	2.90106160053	0.112676000657
62572	GRASS	3.19137712208	0.123581129709
6386	GRASS	7.43509927559	0.275291690529
6826	GRASS	3.20024146714	0.123913040507
8175	GRASS	3.70260895087	0.142620632818
8452	GRASS	1.79358709881	0.0704567020798
241	GRASS	1.96619439211	0.0771014075295
4133	GRASS	2.5716669138	0.100221288266
8294	GRASS	5.34272507369	0.202291118462
18827	GRASS	3.027766293	0.11744370423
1183	GRASS	2.94163812278	0.114204230973
61252	GRASS	1.86517080395	0.0732152873067
7151	GRASS	3.43596121252	0.132716116719
61155	GRASS	3.16454150062	0.122575930861
7583	GRASS	3.18462939446	0.123328430026
10430	GRASS	2.64170615583	0.102876801668
8785	GRASS	3.40294192624	0.131485671548
1549778	GRASS	5.26006318881	0.199335221652
6140	GRASS	2.87795212359	0.111805041573
61659	GRASS	4.5625730183	0.174176091713
61177	GRASS	2.52009687266	0.0982635196075
69963	GRASS	3.09596492802	0.120004597586
9016	GRASS	2.73544388361	0.106424694048
12587	GRASS	2.79162236603	0.108547632467
2969	GRASS	2.86199805595	0.111203509089
8375	GRASS	2.61786523557	0.101973322066
15717	GRASS	3.23639926987	0.125266258701
18635	GRASS	2.49387523824	0.0972672440482
526618	GRASS	2.10216036793	0.0823187834322
660	GRASS	2.42533898653	0.0946606517813
679	GRASS	1.84449270764	0.0724188469663
24197	GRASS	3.36164670771	0.129945600873
6057	GRASS	2.63529733062	0.102633976417
196	GRASS	2.79858507964	0.108810571806
7635	GRASS	4.41435919488	0.168779740954
6998	GRASS	2.90798619657	0.112936894375
311	GRASS	5.7259396499	0.215923032046
7047	GRASS	2.96791854802	0.115193325718
5368076	GRASS	5.58660163376	0.210980018225
261	GRASS	2.71412753711	0.105618506169
61138	GRASS	2.4447998743	0.0954011764019
7894	GRASS	2.07982365277	0.0814626795401
170833	GRASS	4.32238302645	0.165422123047
228769	GRASS	3.89905363807	0.149881097814
5960	GRASS	2.31127873761	0.0903143457432
11980	FLOWER	5.29214135427	0.200482950125
650	FLOWER	3.76548939332	0.144948011584
89440	FLOWER	7.29039559142	0.270355876505
7601	FLOWER	12.4559213146	0.436176862266
5363388	FLOWER	9.24766419959	0.335698850724
444539	FLOWER	6.54006874797	0.244493750227
6054	FLOWER	9.80471690798	0.353735686861
62374	FLOWER	4.37051983365	0.1671802159
235414	FLOWER	8.20335881784	0.301216314356
78925	FLOWER	3.25760391488	0.126059363289
6549	FLOWER	8.78399476887	0.320496365115
7194	FLOWER	12.3465076249	0.432885804783
8857	FLOWER	5.43303139393	0.205514123706
1136	FLOWER	0.899113761413	0.0356411882342
8467	FLOWER	6.76297210575	0.252223767549
61209	FLOWER	4.09853059547	0.157222042602
5365027	FLOWER	6.98319098528	0.259821656876
22873	FLOWER	8.77331142482	0.32014405965
637776	FLOWER	8.30951842297	0.30476149835
7795	FLOWER	9.77427222692	0.35275633005
565690	FLOWER	10.318211681	0.370142270323
24834	FLOWER	8.78941995216	0.320675236848
5364729	FLOWER	5.83027934346	0.219614310849
7916	FLOWER	3.98398494047	0.153010543216
8038	FLOWER	5.6052209619	0.211641437663
62572	FLOWER	7.10080132366	0.263863501171
6386	FLOWER	6.86375066945	0.255705597477
6826	FLOWER	9.22129528184	0.334838896604
8175	FLOWER	7.54004510274	0.278860892049
8452	FLOWER	4.29400523447	0.164384816997
241	FLOWER	1.67645718799	0.0659340840385
4133	FLOWER	9.13890765898	0.332148453079
8294	FLOWER	8.59273652549	0.314175412621
18827	FLOWER	6.11456530619	0.229627448694
1183	FLOWER	5.91623026995	0.222648498555
61252	FLOWER	3.82780001556	0.147251179439
7151	FLOWER	7.04686119406	0.262011146687
61155	FLOWER	8.42310837579	0.308544833147
7583	FLOWER	6.51125046492	0.24349146555
10430	FLOWER	4.03799918287	0.154997792354
8785	FLOWER	13.6942750777	0.472757735147
1549778	FLOWER	8.21955063828	0.301757620453
6140	FLOWER	7.1748596305	0.266402940933
61659	FLOWER	2.7471829403	0.106868511969
61177	FLOWER	7.64448329694	0.282404081927
69963	FLOWER	4.14626374825	0.158973948702
9016	FLOWER	4.88429749398	0.185829354955
12587	FLOWER	4.64639571544	0.17722023136
2969	FLOWER	5.35125075057	0.202595676184
8375	FLOWER	7.41424434435	0.274581366095
15717	FLOWER	11.3410037655	0.402192804056
18635	FLOWER	1.78697480604	0.0702016806585
526618	FLOWER	0.301134380424	0.0120091024509
660	FLOWER	7.40287770799	0.274194068976
679	FLOWER	3.38257720988	0.130726356963
24197	FLOWER	8.21961230124	0.301759681497
6057	FLOWER	5.63226636735	0.212601684921
196	FLOWER	6.25195796969	0.234443527406
7635	FLOWER	9.03649252789	0.328796422233
6998	FLOWER	6.65362814052	0.248436818648
311	FLOWER	5.56223669702	0.210114077051
7047	FLOWER	3.96643685167	0.152364425548
5368076	FLOWER	7.62726553326	0.281820549525
261	FLOWER	4.11110703283	0.157683800899
61138	FLOWER	3.65382873334	0.140812963568
7894	FLOWER	3.82948634179	0.147313467415
170833	FLOWER	5.26913975378	0.199660056653
228769	FLOWER	7.97614217294	0.293598149333
5960	FLOWER	4.80618878131	0.183007771012
11980	CHEMICAL	17.7027115888	0.582754064514
650	CHEMICAL	22.2496728529	0.691967737293
89440	CHEMICAL	19.2200864314	0.621038768284
7601	CHEMICAL	14.8078877859	0.504606095164
5363388	CHEMICAL	14.7361597028	0.502584626998
444539	CHEMICAL	12.1821307572	0.427923506373
6054	CHEMICAL	23.8241940589	0.725930873333
62374	CHEMICAL	25.6683693029	0.763188699048
235414	CHEMICAL	20.8779029859	0.660761386201
78925	CHEMICAL	11.8602597826	0.418144086461
6549	CHEMICAL	17.7975876946	0.585201856685
7194	CHEMICAL	14.9474886202	0.508528578387
8857	CHEMICAL	18.7553987086	0.609509956055
1136	CHEMICAL	12.2785076033	0.430835604545
8467	CHEMICAL	15.3321170017	0.519255155366
61209	CHEMICAL	22.2713179003	0.692448075606
5365027	CHEMICAL	22.3617900012	0.694451739224
22873	CHEMICAL	15.5485736131	0.525239687962
637776	CHEMICAL	11.6832955289	0.412732063388
7795	CHEMICAL	19.8417600034	0.636192224123
565690	CHEMICAL	19.9566397515	0.63895860199
24834	CHEMICAL	18.2419884397	0.596571480694
5364729	CHEMICAL	16.3784315643	0.54783605437
7916	CHEMICAL	19.3194737547	0.623482123724
8038	CHEMICAL	20.0892152747	0.642137982847
62572	CHEMICAL	20.4419761379	0.650529290147
6386	CHEMICAL	21.5054529581	0.675224315551
6826	CHEMICAL	14.2577993281	0.488998036452
8175	CHEMICAL	18.5021518391	0.603154224493
8452	CHEMICAL	35.2738818119	0.913256577244
241	CHEMICAL	24.0948041219	0.731568330606
4133	CHEMICAL	20.8427340342	0.65994153656
8294	CHEMICAL	12.1841026562	0.427983163234
18827	CHEMICAL	21.8946290845	0.68403525028
1183	CHEMICAL	18.8550995107	0.611998069404
61252	CHEMICAL	20.5278098811	0.652556003838
7151	CHEMICAL	16.4415981698	0.549533466641
61155	CHEMICAL	17.6829815829	0.582244128253
7583	CHEMICAL	20.9495551491	0.662428661586
10430	CHEMICAL	19.4569290868	0.626848327675
8785	CHEMICAL	19.5138271405	0.628237305753
1549778	CHEMICAL	17.1715377046	0.568916825327
6140	CHEMICAL	11.1869514948	0.397418906293
61659	CHEMICAL	13.0957959545	0.455231889507
61177	CHEMICAL	16.3465595518	0.546978378401
69963	CHEMICAL	20.4989804587	0.651875938409
9016	CHEMICAL	24.3425602032	0.736678313228
12587	CHEMICAL	20.032494357	0.640779442215
2969	CHEMICAL	21.515219649	0.675446915343
8375	CHEMICAL	24.4781284821	0.73945362969
15717	CHEMICAL	14.8005990031	0.504400867785
18635	CHEMICAL	10.7552196111	0.383938884889
526618	CHEMICAL	15.8486243773	0.533473417232
660	CHEMICAL	16.9165392371	0.56219384958
679	CHEMICAL	11.4221486189	0.404699753126
24197	CHEMICAL	13.799274934	0.475803001877
6057	CHEMICAL	11.9460840175	0.42075979136
196	CHEMICAL	16.5292063584	0.551882389202
7635	CHEMICAL	15.2583655981	0.517207535633
6998	CHEMICAL	21.5755111474	0.676819373388
311	CHEMICAL	14.2320221999	0.488260705637
7047	CHEMICAL	21.6280193098	0.678012284685
5368076	CHEMICAL	11.9663384336	0.42137623514
261	CHEMICAL	17.325200382	0.57294298797
61138	CHEMICAL	15.6337306016	0.527583811054
7894	CHEMICAL	21.6970091374	0.679576283293
170833	CHEMICAL	23.1241589404	0.711075666936
228769	CHEMICAL	16.1520918424	0.541727645341
5960	CHEMICAL	12.496205497	0.437386159149
