#oID	descriptor	value	sigma
8658	INTENSITY/STRENGTH	63.918367347	0.922511620158
7720	INTENSITY/STRENGTH	69.7846938775	0.843426355269
325	INTENSITY/STRENGTH	68.4714285714	0.863522530612
521238	INTENSITY/STRENGTH	50.5714285714	0.999869387755
8051	INTENSITY/STRENGTH	68.4591836735	0.863703415243
62444	INTENSITY/STRENGTH	76.8163265306	0.712353852562
101604	INTENSITY/STRENGTH	49.2612244898	0.999781684298
778574	INTENSITY/STRENGTH	35.8632653061	0.920061092878
7820	INTENSITY/STRENGTH	52.1040816327	0.998229136193
31265	INTENSITY/STRENGTH	59.906122449	0.96074749521
8615	INTENSITY/STRENGTH	29.3673469388	0.829717451062
1551246	INTENSITY/STRENGTH	58.8408163265	0.968735986672
6584	INTENSITY/STRENGTH	29.4693877551	0.83139758434
5960	INTENSITY/STRENGTH	10.1489795918	0.364758468971
61918	INTENSITY/STRENGTH	70.8244897959	0.826536249896
8797	INTENSITY/STRENGTH	52.6959183673	0.997092809663
31260	INTENSITY/STRENGTH	62.9346938776	0.933077477717
18554	INTENSITY/STRENGTH	59.5530612245	0.963495608496
12748	INTENSITY/STRENGTH	46.8255102041	0.995969045814
11525	INTENSITY/STRENGTH	64.5551020408	0.915259601833
440967	INTENSITY/STRENGTH	47.3510204081	0.997193162849
31234	INTENSITY/STRENGTH	42.4602040816	0.977260591004
7409	INTENSITY/STRENGTH	73.0591836735	0.787309619326
6106	INTENSITY/STRENGTH	49.2520408163	0.999776222824
8918	INTENSITY/STRENGTH	24.0836734694	0.731337607664
10748	INTENSITY/STRENGTH	50.9469387755	0.999641322782
7122	INTENSITY/STRENGTH	44.7306122449	0.988893421075
24197	INTENSITY/STRENGTH	27.7755102041	0.802428821324
11980	INTENSITY/STRENGTH	71.0428571428	0.822879265306
11086	INTENSITY/STRENGTH	75.4836734694	0.740232954602
7937	INTENSITY/STRENGTH	68.7571428571	0.859267836735
7792	INTENSITY/STRENGTH	57.3142857143	0.978600489796
13436	INTENSITY/STRENGTH	32.0612244898	0.871280133278
326	INTENSITY/STRENGTH	63.7346938776	0.924543273636
62332	INTENSITY/STRENGTH	22.5408163265	0.698397292795
13561	INTENSITY/STRENGTH	36.6918367347	0.929157116202
7361	INTENSITY/STRENGTH	51.0571428571	0.999552979592
93375	INTENSITY/STRENGTH	58.593877551	0.970458107455
7147	INTENSITY/STRENGTH	75.8591836735	0.732521047897
641423	INTENSITY/STRENGTH	42.0081632653	0.974452218243
17617	INTENSITY/STRENGTH	29.2734693878	0.828164371512
8082	INTENSITY/STRENGTH	27.1693877551	0.79150525781
7593	INTENSITY/STRENGTH	31.1081632653	0.857239401916
8137	INTENSITY/STRENGTH	38.8081632653	0.949897116202
8175	INTENSITY/STRENGTH	60.7897959184	0.953432121616
62900	INTENSITY/STRENGTH	62.4897959184	0.937601999167
8184	INTENSITY/STRENGTH	39.9346938776	0.959475845065
16324	INTENSITY/STRENGTH	65.0244897959	0.909705882549
7059	INTENSITY/STRENGTH	62.8387755102	0.934066337359
8908	INTENSITY/STRENGTH	44.7183673469	0.988841742607
638014	INTENSITY/STRENGTH	40.5163265306	0.96402397501
5541	INTENSITY/STRENGTH	24.2632653061	0.735048194919
637566	INTENSITY/STRENGTH	60.1673469388	0.958650022491
2969	INTENSITY/STRENGTH	48.3632653061	0.998928439817
7047	INTENSITY/STRENGTH	70.7142857143	0.828367346939
98330	INTENSITY/STRENGTH	35.587755102	0.916914878801
61386	INTENSITY/STRENGTH	17.9673469388	0.589563655144
7654	INTENSITY/STRENGTH	42.2724489796	0.976113982091
243	INTENSITY/STRENGTH	48.2010204082	0.998705468971
61192	INTENSITY/STRENGTH	39.0602040817	0.952128346106
62580	INTENSITY/STRENGTH	36.206122449	0.923891576843
12810	INTENSITY/STRENGTH	59.2612244898	0.96569188838
8658	VALENCE/PLEASANTNESS	60.0196981293	0.959842259759
7720	VALENCE/PLEASANTNESS	41.5869296637	0.971688099007
325	VALENCE/PLEASANTNESS	48.8000194631	0.999424018684
521238	VALENCE/PLEASANTNESS	52.5182140547	0.99746343919
8051	VALENCE/PLEASANTNESS	51.4841620308	0.999118905226
62444	VALENCE/PLEASANTNESS	24.8581396115	0.747154742483
101604	VALENCE/PLEASANTNESS	49.5893740998	0.999932554548
778574	VALENCE/PLEASANTNESS	47.1870790568	0.996834990307
7820	VALENCE/PLEASANTNESS	58.6245110033	0.970247123982
61199	VALENCE/PLEASANTNESS	45.8144489179	0.992992464856
31265	VALENCE/PLEASANTNESS	61.1582871658	0.95019705101
8615	VALENCE/PLEASANTNESS	53.3166618487	0.995599901673
1551246	VALENCE/PLEASANTNESS	51.0097170127	0.999592188622
6584	VALENCE/PLEASANTNESS	48.3946530279	0.99896914444
5960	VALENCE/PLEASANTNESS	40.5275733541	0.964109253375
61918	VALENCE/PLEASANTNESS	41.6494903748	0.9721075956
8797	VALENCE/PLEASANTNESS	57.1835135487	0.979358853238
31260	VALENCE/PLEASANTNESS	31.5067569683	0.863199984869
18554	VALENCE/PLEASANTNESS	37.2742714816	0.935222333471
12748	VALENCE/PLEASANTNESS	35.0507448673	0.910607908391
11525	VALENCE/PLEASANTNESS	36.6107902069	0.928291624447
8063	VALENCE/PLEASANTNESS	24.7333600135	0.744638761517
440967	VALENCE/PLEASANTNESS	46.6638942527	0.995548159377
31234	VALENCE/PLEASANTNESS	41.4953442322	0.971068332109
7409	VALENCE/PLEASANTNESS	35.8525069842	0.919939376547
6106	VALENCE/PLEASANTNESS	40.73732296	0.965681125621
8918	VALENCE/PLEASANTNESS	55.4059708629	0.988310191612
10748	VALENCE/PLEASANTNESS	58.7258245398	0.96954399444
62725	VALENCE/PLEASANTNESS	19.6368622449	0.631231946266
7122	VALENCE/PLEASANTNESS	51.2896912498	0.999334678592
24197	VALENCE/PLEASANTNESS	62.7156122549	0.935325281993
1032	VALENCE/PLEASANTNESS	33.519911749	0.891362676495
11980	VALENCE/PLEASANTNESS	47.58789224	0.997672694462
11086	VALENCE/PLEASANTNESS	48.4259410371	0.999008935352
7937	VALENCE/PLEASANTNESS	38.644885319	0.948424548232
7792	VALENCE/PLEASANTNESS	35.5717910661	0.916730714784
13436	VALENCE/PLEASANTNESS	36.4484260118	0.926541936977
326	VALENCE/PLEASANTNESS	50.2482439193	0.999975349983
62332	VALENCE/PLEASANTNESS	54.5619929677	0.991675288065
13561	VALENCE/PLEASANTNESS	38.5660302533	0.947705734333
7361	VALENCE/PLEASANTNESS	46.4416360819	0.994935218491
93375	VALENCE/PLEASANTNESS	56.7463334142	0.981794794186
7147	VALENCE/PLEASANTNESS	40.1258801347	0.961000702754
641423	VALENCE/PLEASANTNESS	37.9377232956	0.941800592283
17617	VALENCE/PLEASANTNESS	47.1509683614	0.996753207489
8082	VALENCE/PLEASANTNESS	46.751370614	0.995778562845
7593	VALENCE/PLEASANTNESS	43.7758532863	0.984503999075
8137	VALENCE/PLEASANTNESS	49.0306696387	0.99962415946
8175	VALENCE/PLEASANTNESS	35.7298116599	0.918544689895
62900	VALENCE/PLEASANTNESS	52.8176872612	0.996824255399
8184	VALENCE/PLEASANTNESS	37.9085438233	0.941518675011
16324	VALENCE/PLEASANTNESS	49.561337631	0.99992303013
7059	VALENCE/PLEASANTNESS	38.3231993171	0.945460930325
8908	VALENCE/PLEASANTNESS	57.0069958237	0.98036080381
638014	VALENCE/PLEASANTNESS	52.8310020865	0.996794170874
12587	VALENCE/PLEASANTNESS	26.2626073348	0.774614475783
5541	VALENCE/PLEASANTNESS	60.3404369537	0.957230145443
61670	VALENCE/PLEASANTNESS	42.9455172924	0.980093709491
637566	VALENCE/PLEASANTNESS	55.1844722156	0.989248499138
2969	VALENCE/PLEASANTNESS	29.0062524425	0.823705025397
7047	VALENCE/PLEASANTNESS	47.1559261217	0.99676449751
98330	VALENCE/PLEASANTNESS	38.4730914519	0.946852151729
61386	VALENCE/PLEASANTNESS	47.1827356818	0.996825208705
7654	VALENCE/PLEASANTNESS	60.2978250988	0.957581919293
243	VALENCE/PLEASANTNESS	41.0858639094	0.968215271103
61192	VALENCE/PLEASANTNESS	48.2588449629	0.998787351655
61130	VALENCE/PLEASANTNESS	49.7053842565	0.999965280625
62580	VALENCE/PLEASANTNESS	55.0295363761	0.989881505537
12810	VALENCE/PLEASANTNESS	55.436888973	0.988176095318
8658	BAKERY	5.87242799247	0.221102955488
7720	BAKERY	1.31085034643	0.0517466824048
325	BAKERY	1.2763342393	0.0504017579357
521238	BAKERY	2.56234432234	0.0998675295233
8051	BAKERY	1.42374824699	0.0561391062513
62444	BAKERY	1.30621228728	0.0515660152754
101604	BAKERY	2.92648379204	0.113633628728
778574	BAKERY	1.24343251028	0.0491188506482
7820	BAKERY	2.84873572683	0.110703310977
61199	BAKERY	7.64041692799	0.282266288786
31265	BAKERY	4.58055521413	0.174829614138
8615	BAKERY	1.57859781894	0.0621471243281
1551246	BAKERY	3.93959447454	0.151375617132
6584	BAKERY	4.56751169185	0.174355602452
5960	BAKERY	3.11193921595	0.120603902364
61918	BAKERY	8.73404703694	0.31884845042
8797	BAKERY	5.6960454627	0.214863844943
31260	BAKERY	2.90743393389	0.112916088524
18554	BAKERY	4.75461502971	0.181142055556
12748	BAKERY	6.49821102982	0.243037742558
11525	BAKERY	1.16139380434	0.0459162179463
8063	BAKERY	1.47417708776	0.0580978042761
440967	BAKERY	1.38421555389	0.0546022010759
31234	BAKERY	0.805024583915	0.0319417575243
7409	BAKERY	0.931322278912	0.0369059466816
6106	BAKERY	2.5209467971	0.0982958027827
8918	BAKERY	2.557513887	0.0996842045672
10748	BAKERY	2.35147855042	0.0918473614677
62725	BAKERY	1.25538363393	0.0495849501299
7122	BAKERY	1.87892185948	0.0737447354377
24197	BAKERY	6.77168504115	0.252525114327
1032	BAKERY	4.03069214718	0.154729094213
11980	BAKERY	4.84189971893	0.184298391602
11086	BAKERY	4.16725845927	0.159743921144
7937	BAKERY	5.28072590932	0.200074609921
7792	BAKERY	1.84139857879	0.0722996436612
13436	BAKERY	2.68840647651	0.104645247307
326	BAKERY	5.49520642181	0.207729339425
62332	BAKERY	1.22421084032	0.0483689567402
13561	BAKERY	1.73692253176	0.0682701413178
7361	BAKERY	7.02097153544	0.261121244897
93375	BAKERY	4.64385975816	0.177128216945
7147	BAKERY	1.99925001754	0.0783712004487
641423	BAKERY	7.24407374263	0.26877230795
17617	BAKERY	1.7279299212	0.0679229001229
8082	BAKERY	1.34119318182	0.0529282076123
7593	BAKERY	1.32098242122	0.0521412990261
8137	BAKERY	2.32437063486	0.090813745855
8175	BAKERY	0.569281165566	0.0226416142045
62900	BAKERY	3.15743084204	0.122309485873
8184	BAKERY	0.0244493472138	0.000977734780321
16324	BAKERY	2.25950705353	0.0883381332911
7059	BAKERY	1.48860423078	0.0586577922087
8908	BAKERY	2.79477471311	0.108666682245
638014	BAKERY	0.894359514366	0.0354544289983
12587	BAKERY	1.534276942	0.0604294753862
5541	BAKERY	3.29595131176	0.127492734451
61670	BAKERY	4.03107444511	0.154743153332
637566	BAKERY	3.26446097204	0.126315756707
2969	BAKERY	0.496345804457	0.0197552885152
7047	BAKERY	3.45710412348	0.133503537371
98330	BAKERY	7.71155229575	0.284674876306
61386	BAKERY	2.63444372656	0.102601631563
7654	BAKERY	1.78540437735	0.0701411075776
243	BAKERY	2.98791306821	0.115945472927
61192	BAKERY	3.85830701655	0.148377667448
61130	BAKERY	1.21457671027	0.0479929897767
62580	BAKERY	12.8434435384	0.447756124766
12810	BAKERY	2.78824671776	0.108420140807
8658	SWEET	35.1558113798	0.911860025683
7720	SWEET	11.9945312903	0.422233739263
325	SWEET	8.6100786182	0.314749763203
521238	SWEET	17.6335289935	0.580964621834
8051	SWEET	17.0158983661	0.564819615762
62444	SWEET	14.1675127498	0.486413142985
101604	SWEET	10.7760005874	0.384591148033
778574	SWEET	10.0152482575	0.360487851236
7820	SWEET	17.7360677443	0.58361547016
61199	SWEET	18.2832390799	0.597618830696
31265	SWEET	38.3785824295	0.945977061461
8615	SWEET	15.9965560713	0.537506320396
1551246	SWEET	16.6987556688	0.556410850396
6584	SWEET	6.82464469259	0.254355477632
5960	SWEET	9.15387424969	0.332637604476
61918	SWEET	9.6734910199	0.349509069391
8797	SWEET	19.4784472433	0.627373926929
31260	SWEET	3.2067785613	0.124157770956
18554	SWEET	7.04938457192	0.26209785374
12748	SWEET	8.62234567238	0.315155888938
11525	SWEET	14.0557637855	0.483204753182
8063	SWEET	1.92127454686	0.0753744635206
440967	SWEET	8.29258508301	0.304196616377
31234	SWEET	11.4230006145	0.404726047363
7409	SWEET	5.6540587419	0.213374997573
6106	SWEET	10.9098671656	0.388784605995
8918	SWEET	13.0751961805	0.454623545157
10748	SWEET	22.0841842161	0.688282891648
62725	SWEET	2.41811928782	0.0943858511568
7122	SWEET	13.8243054537	0.476527649638
24197	SWEET	31.6890748091	0.865884007462
1032	SWEET	8.50459583706	0.311252573342
11980	SWEET	10.6132565277	0.379473775459
11086	SWEET	17.4417271817	0.575983548436
7937	SWEET	7.73704443713	0.285537034836
7792	SWEET	8.92677264196	0.325195997758
13436	SWEET	7.71608501986	0.284828213581
326	SWEET	26.1291534845	0.772073074654
62332	SWEET	13.8280895836	0.476637158733
13561	SWEET	15.3904979491	0.520872947116
7361	SWEET	9.32278853715	0.338145787043
93375	SWEET	14.7025002531	0.501634604648
7147	SWEET	4.7368588361	0.180499220791
641423	SWEET	10.0438831408	0.361403490214
17617	SWEET	13.9915891053	0.481357737937
8082	SWEET	7.12987864365	0.264861077957
7593	SWEET	8.67093848309	0.316763469653
8137	SWEET	18.0463868024	0.591586641448
8175	SWEET	3.20931548049	0.124252736878
62900	SWEET	12.4609397652	0.436327582674
8184	SWEET	8.14992709573	0.299428559163
16324	SWEET	36.1470762128	0.923238601018
7059	SWEET	3.84670617837	0.147949387766
8908	SWEET	32.3686748216	0.875654548981
638014	SWEET	15.0541581918	0.511515256127
12587	SWEET	6.3993879221	0.239594650573
5541	SWEET	18.2531385755	0.596854715877
61670	SWEET	4.90205623652	0.186470187323
637566	SWEET	21.1144209454	0.666249329073
2969	SWEET	3.5517039736	0.137022318498
7047	SWEET	5.72179881081	0.21577635978
98330	SWEET	6.63717180235	0.24786605228
61386	SWEET	10.1146334463	0.36366301395
7654	SWEET	19.4324883879	0.626250893538
243	SWEET	10.3332104798	0.370618323663
61192	SWEET	15.0655886641	0.511834761846
61130	SWEET	14.0034402488	0.48169907443
62580	SWEET	26.8101556007	0.784892446695
12810	SWEET	24.5559456	0.741040038277
8658	FRUIT	10.0642108489	0.362053097951
7720	FRUIT	5.50532943639	0.208089716574
325	FRUIT	7.96047180655	0.293071227709
521238	FRUIT	14.633663303	0.499688891453
8051	FRUIT	11.7076455085	0.413478234998
62444	FRUIT	4.20751279765	0.161219246329
101604	FRUIT	8.93116685985	0.325340377803
778574	FRUIT	5.86132378826	0.22071090491
7820	FRUIT	9.1650408799	0.333002445464
61199	FRUIT	6.52398676284	0.243934509201
31265	FRUIT	25.3495404639	0.756941937865
8615	FRUIT	8.32706600374	0.305346628857
1551246	FRUIT	13.7234818418	0.473605692127
6584	FRUIT	1.84486535749	0.0724332030248
5960	FRUIT	1.50677873837	0.0593629966682
61918	FRUIT	0.810693151623	0.0321648367105
8797	FRUIT	6.94495070392	0.258505092045
31260	FRUIT	1.66097856637	0.0653356027355
18554	FRUIT	3.07293610419	0.119140269647
12748	FRUIT	0.798129201825	0.0316703639839
11525	FRUIT	3.49032776119	0.134740155295
8063	FRUIT	3.28094459924	0.126931944984
440967	FRUIT	2.89203888059	0.112335999669
31234	FRUIT	2.18772935954	0.0855947104814
7409	FRUIT	2.40946462217	0.0940563769807
6106	FRUIT	2.0956814059	0.0820705040138
8918	FRUIT	8.3178117777	0.305038074
10748	FRUIT	5.07102114521	0.192554743626
62725	FRUIT	0.83681224857	0.0331923880471
7122	FRUIT	4.67128896373	0.178123182316
24197	FRUIT	8.85185394513	0.322732030499
1032	FRUIT	1.68712121165	0.0663462972731
11980	FRUIT	6.99750870975	0.260314297133
11086	FRUIT	10.92563114	0.389277479277
7937	FRUIT	2.81849575968	0.109562263048
7792	FRUIT	6.92417398251	0.257789285164
13436	FRUIT	2.22870162964	0.0871612208042
326	FRUIT	7.54648379667	0.27907958479
62332	FRUIT	2.5837468782	0.100679575956
13561	FRUIT	6.18218688911	0.231999701672
7361	FRUIT	2.40487992109	0.0938818178695
93375	FRUIT	4.70367730233	0.179297260027
7147	FRUIT	2.89626390951	0.112495218527
641423	FRUIT	5.92269723632	0.222876552431
17617	FRUIT	6.16853620827	0.23152111275
8082	FRUIT	1.13168638588	0.0447551698047
7593	FRUIT	1.89640609367	0.0744177013181
8137	FRUIT	7.81851166732	0.288288816816
8175	FRUIT	3.23559410217	0.125236136409
62900	FRUIT	8.54497823352	0.312592468136
8184	FRUIT	2.90102137466	0.11267448498
16324	FRUIT	16.7028676912	0.556520392004
7059	FRUIT	2.46510150081	0.0961733698687
8908	FRUIT	13.3641527526	0.463125878587
638014	FRUIT	4.33432320035	0.165858384972
12587	FRUIT	4.04432379736	0.155230329903
5541	FRUIT	4.81369073853	0.183278982131
61670	FRUIT	0.737292442095	0.0292742576257
637566	FRUIT	17.5544091828	0.578913454608
2969	FRUIT	6.26353905561	0.234848793624
7047	FRUIT	3.44271710467	0.132967763762
98330	FRUIT	3.14570853972	0.121870148702
61386	FRUIT	4.03858831862	0.155019454502
7654	FRUIT	5.44843616516	0.206063263948
243	FRUIT	4.3671868315	0.167058544932
61192	FRUIT	3.60620707014	0.139046391033
61130	FRUIT	6.73913094537	0.251398883455
62580	FRUIT	2.99533343187	0.116224528328
12810	FRUIT	12.9537859848	0.451031210856
8658	FISH	1.61354368794	0.0635003382246
7720	FISH	0.0602840039346	0.00240990649293
325	FISH	0.213291345349	0.00851345653475
521238	FISH	1.32449907314	0.0522782438076
8051	FISH	0.634294752989	0.0252108581861
62444	FISH	6.51983960138	0.243790260684
101604	FISH	0.515450668752	0.0205117509933
778574	FISH	1.34206574612	0.0529621736582
7820	FISH	0.802135749592	0.0318280612794
61199	FISH	0.411175955247	0.0163794119434
31265	FISH	0.377137077086	0.0150285901335
8615	FISH	0.450725818749	0.0179477712445
1551246	FISH	1.94422299843	0.0762569187101
6584	FISH	1.0778338833	0.0426486649799
5960	FISH	0.343604651163	0.013696960384
61918	FISH	1.38849808559	0.0547687526501
8797	FISH	0.528343762933	0.0210220916646
31260	FISH	0.446613149054	0.0177847406402
18554	FISH	1.36828417302	0.0539824862896
12748	FISH	2.09306757254	0.0819703301564
11525	FISH	0.630974226316	0.0250797176629
8063	FISH	4.56470299714	0.174253514505
440967	FISH	0.310920742148	0.0123981610028
31234	FISH	7.34629454109	0.27226456425
7409	FISH	0.467728034274	0.0186216135653
6106	FISH	0.789703303942	0.0313386796344
8918	FISH	0.455807635333	0.0181492011732
10748	FISH	0.449919113987	0.0179157936758
62725	FISH	0.421149344782	0.016775027083
7122	FISH	0.757439800917	0.0300681060159
24197	FISH	0.321283090615	0.0128100344949
1032	FISH	1.68200233339	0.0661484405957
11980	FISH	1.91941551459	0.0753029582166
11086	FISH	0.0409855384859	0.00163874961369
7937	FISH	2.92979998585	0.113758508251
7792	FISH	0.358090003806	0.0142723087719
13436	FISH	5.23050401979	0.198276891871
326	FISH	0.284845020146	0.0113613461316
62332	FISH	1.39171638899	0.0548939057568
13561	FISH	0.469879413165	0.0187068618614
7361	FISH	2.86997395577	0.111504258028
93375	FISH	0.641272020284	0.0254863888898
7147	FISH	0.492159760342	0.0195895019218
641423	FISH	1.1135223679	0.0440449218905
17617	FISH	1.11771870316	0.0442090300868
8082	FISH	1.86760599415	0.0733090589063
7593	FISH	1.57554246624	0.0620287650245
8137	FISH	1.0178421081	0.0402992833014
8175	FISH	0.203586890041	0.00812689655292
62900	FISH	0.775214748363	0.0307682067721
8184	FISH	0.562157732948	0.0223599007912
16324	FISH	1.30260569848	0.0514255152971
7059	FISH	0.285975635206	0.0114063125827
8908	FISH	1.20274007602	0.0475309695645
638014	FISH	1.02393274805	0.0405379346129
12587	FISH	1.58508325836	0.0623983347601
5541	FISH	2.26634461263	0.0885992573441
61670	FISH	0.723639264642	0.0287361090716
637566	FISH	0.266372022815	0.0106264992908
2969	FISH	0.404085577303	0.0160981090306
7047	FISH	0.462542517007	0.0184161224483
98330	FISH	8.72934147292	0.318693097897
61386	FISH	0.200884043596	0.00801921998425
7654	FISH	0.440395282472	0.017538232097
243	FISH	0.67371511921	0.0267670479437
61192	FISH	3.4284451802	0.132436112666
61130	FISH	1.25239335866	0.0494683386966
62580	FISH	0.65883397812	0.0261797342405
12810	FISH	1.27345093387	0.0502893664422
8658	GARLIC	0.607249404971	0.0241424754629
7720	GARLIC	2.81276681354	0.109346009683
325	GARLIC	1.08305767015	0.0428531012394
521238	GARLIC	1.73519151139	0.068203304623
8051	GARLIC	1.92133488003	0.0753767841126
62444	GARLIC	12.1764550007	0.427751777473
101604	GARLIC	1.93827276108	0.0760281499245
778574	GARLIC	2.82363963594	0.10975640912
7820	GARLIC	2.70526692484	0.10528328934
61199	GARLIC	2.56180462472	0.0998470478146
31265	GARLIC	1.60973586583	0.0633529348102
8615	GARLIC	2.08585858776	0.081694021091
1551246	GARLIC	2.47674820928	0.0966162156944
6584	GARLIC	7.47755280645	0.276736593869
5960	GARLIC	4.17606980432	0.160066968569
61918	GARLIC	2.34174434968	0.0914762673476
8797	GARLIC	1.75763848452	0.069069822164
31260	GARLIC	2.69746925361	0.104988233995
18554	GARLIC	2.93121322604	0.113811724651
12748	GARLIC	9.38449060428	0.34015215861
11525	GARLIC	1.54033970339	0.060664529575
8063	GARLIC	4.04855714873	0.155385959955
440967	GARLIC	1.64076184184	0.0645536339051
31234	GARLIC	1.91815227128	0.0752543675969
7409	GARLIC	1.54181343445	0.0607216619112
6106	GARLIC	4.100813659	0.157305877294
8918	GARLIC	2.35757919487	0.0920798959306
10748	GARLIC	0.482916620391	0.0192233814308
62725	GARLIC	7.08407933247	0.263289501303
7122	GARLIC	1.19547255009	0.0472472401565
24197	GARLIC	1.99608484499	0.0782496519163
1032	GARLIC	4.81989297708	0.183503171759
11980	GARLIC	1.52120740998	0.0599226676055
11086	GARLIC	0.420206976408	0.0167376494951
7937	GARLIC	1.85178949404	0.0726999300296
7792	GARLIC	3.5210072048	0.135881291497
13436	GARLIC	6.56784863946	0.245459291278
326	GARLIC	0.930243517105	0.0368635994838
62332	GARLIC	1.31566935091	0.0519343797001
13561	GARLIC	1.38197482259	0.0545150511393
7361	GARLIC	2.6256327697	0.102267731812
93375	GARLIC	1.38200657825	0.0545162862572
7147	GARLIC	1.70307425896	0.0669627855859
641423	GARLIC	3.68004834154	0.141784831343
17617	GARLIC	1.30737253925	0.0516112123873
8082	GARLIC	4.16909784437	0.15981136304
7593	GARLIC	3.3534709031	0.129640529285
8137	GARLIC	1.95827854044	0.0767971996807
8175	GARLIC	2.3368576684	0.0912899452309
62900	GARLIC	1.88815419431	0.0741001172678
8184	GARLIC	1.71286904762	0.0673411937551
16324	GARLIC	2.00216859402	0.0784832721294
7059	GARLIC	2.69532107084	0.104906940564
8908	GARLIC	1.95846542009	0.076804382083
638014	GARLIC	1.54216426886	0.0607352625014
12587	GARLIC	2.9417366284	0.11420793938
5541	GARLIC	3.44880453434	0.133194480287
61670	GARLIC	2.20279567694	0.0861709035598
637566	GARLIC	2.36256292906	0.092269835725
2969	GARLIC	3.2426840081	0.125501360493
7047	GARLIC	3.62921455583	0.139900102916
98330	GARLIC	20.3482001134	0.648308305393
61386	GARLIC	3.68096030177	0.141818624574
7654	GARLIC	0.552049000645	0.0219600567861
243	GARLIC	1.41569815536	0.0558262457077
61192	GARLIC	7.98391105428	0.293859307882
61130	GARLIC	1.01831316735	0.0403177420114
62580	GARLIC	1.95008370579	0.0764822176477
12810	GARLIC	1.13145915127	0.0447462861264
8658	SPICES	7.13336216143	0.264980544167
7720	SPICES	6.10800486001	0.229397105052
325	SPICES	10.6999766393	0.382203265541
521238	SPICES	5.2293498491	0.198235554026
8051	SPICES	4.35315857441	0.166546347147
62444	SPICES	7.16962121514	0.266223461258
101604	SPICES	4.95160000042	0.188256662991
778574	SPICES	4.20522769572	0.161135531839
7820	SPICES	9.06170182547	0.329622297029
61199	SPICES	6.1969425934	0.232516864734
31265	SPICES	3.44382292137	0.133008950329
8615	SPICES	4.15371718707	0.159247340895
1551246	SPICES	8.73591760108	0.31891020151
6584	SPICES	5.49432195907	0.207697848847
5960	SPICES	6.53246006167	0.244229188684
61918	SPICES	5.91366371776	0.222557981284
8797	SPICES	6.36750604325	0.238482188445
31260	SPICES	5.09203753403	0.193309962862
18554	SPICES	6.78397947249	0.252950227906
12748	SPICES	11.3467661903	0.40237100642
11525	SPICES	6.47214740357	0.242130419337
8063	SPICES	4.86352715807	0.185079527756
440967	SPICES	8.01414452441	0.294875175993
31234	SPICES	4.75941083148	0.181315636674
7409	SPICES	5.58247820085	0.210833502889
6106	SPICES	5.00014018238	0.190005046558
8918	SPICES	3.48511572934	0.134546216515
10748	SPICES	8.7873241048	0.320606138223
62725	SPICES	8.32264093149	0.30519909643
7122	SPICES	5.06344677837	0.192282473824
24197	SPICES	7.77838773115	0.286934182967
1032	SPICES	3.9725433108	0.15258929229
11980	SPICES	5.69589144455	0.214858386043
11086	SPICES	5.58810330167	0.211033372663
7937	SPICES	4.40622559979	0.168483094377
7792	SPICES	5.51960224161	0.208597686102
13436	SPICES	11.502540225	0.407178236349
326	SPICES	12.5775449206	0.439823942331
62332	SPICES	6.7083583351	0.250333504783
13561	SPICES	5.28910808365	0.200374457618
7361	SPICES	8.97421808258	0.326754087226
93375	SPICES	8.443315184	0.309216778841
7147	SPICES	5.77794289084	0.217763866014
641423	SPICES	5.91655601701	0.22265998664
17617	SPICES	4.08644372392	0.156778140033
8082	SPICES	2.09690789474	0.0821175067018
7593	SPICES	4.88784762697	0.185957483309
8137	SPICES	5.84123138683	0.220001261827
8175	SPICES	2.73884060903	0.106553125209
62900	SPICES	5.52149580432	0.208665065806
8184	SPICES	5.02197379261	0.190790863395
16324	SPICES	4.32424498366	0.165490161475
7059	SPICES	8.17778164858	0.300360820867
8908	SPICES	4.31543830839	0.165168329218
638014	SPICES	9.08076139491	0.330246364792
12587	SPICES	2.70127886167	0.105132391471
5541	SPICES	6.78486026092	0.252980678933
61670	SPICES	9.54212564691	0.345264161132
637566	SPICES	8.31097480106	0.304810071185
2969	SPICES	4.74334206553	0.180733965041
7047	SPICES	9.08612226806	0.330421843574
98330	SPICES	7.94252475628	0.29246751045
61386	SPICES	4.52727871419	0.172892647545
7654	SPICES	5.65463067657	0.213395287828
243	SPICES	6.81812742893	0.254130352502
61192	SPICES	6.72892937779	0.251045778883
61130	SPICES	8.44327717744	0.309215515299
62580	SPICES	20.8976147461	0.661220469014
12810	SPICES	4.31945762866	0.165315219464
8658	COLD	6.5613632859	0.245233936168
7720	COLD	6.33363651998	0.237299480172
325	COLD	5.70560573005	0.215202654503
521238	COLD	3.94444300687	0.151554268021
8051	COLD	4.16287253065	0.159583098143
62444	COLD	2.46736502937	0.0962594450996
101604	COLD	6.16078995798	0.231249465157
778574	COLD	6.95299912389	0.258782286229
7820	COLD	4.99525996047	0.18982934959
61199	COLD	1.93320664534	0.0758333506401
31265	COLD	5.27709992751	0.199944883643
8615	COLD	5.43672808403	0.205645918457
1551246	COLD	3.82459857261	0.147132921208
6584	COLD	5.60723130665	0.211712835095
5960	COLD	3.04358498903	0.118038035727
61918	COLD	4.2008899781	0.160976608481
8797	COLD	5.31111691413	0.201161491415
31260	COLD	5.27663152996	0.199928125077
18554	COLD	6.02596002994	0.226513523485
12748	COLD	1.72117763222	0.0676621243121
11525	COLD	9.15977622649	0.332830448852
8063	COLD	2.13793044931	0.0836889193298
440967	COLD	13.7331388747	0.473885913648
31234	COLD	3.70885409686	0.14285192439
7409	COLD	6.1418890845	0.230586442769
6106	COLD	2.76027552278	0.107363372526
8918	COLD	6.35051799528	0.237889088288
10748	COLD	4.50375066782	0.172036518682
62725	COLD	2.03682873473	0.0798136808714
7122	COLD	5.6491188808	0.21319973758
24197	COLD	6.05561105003	0.227556271926
1032	COLD	3.47501379742	0.13417026354
11980	COLD	3.24354857191	0.125533699941
11086	COLD	6.08256865568	0.228503689647
7937	COLD	5.51963435374	0.20859882879
7792	COLD	5.71501572937	0.21553606726
13436	COLD	3.24630360463	0.125636749348
326	COLD	4.23241305419	0.162131194063
62332	COLD	5.08796929417	0.193163799151
13561	COLD	4.1540076004	0.159257992358
7361	COLD	1.78636951098	0.0701783340273
93375	COLD	6.04033302631	0.227019071825
7147	COLD	6.37910800814	0.238887112734
641423	COLD	3.34992630386	0.129508249658
17617	COLD	3.61526928247	0.139382702505
8082	COLD	9.61210905104	0.347527305878
7593	COLD	5.42501559231	0.205228306022
8137	COLD	4.61246763294	0.175988762252
8175	COLD	6.51424022795	0.243595478819
62900	COLD	4.35050393228	0.166449403505
8184	COLD	6.34030530227	0.23753242356
16324	COLD	4.07242117732	0.156263001395
7059	COLD	6.69275929637	0.249793161055
8908	COLD	5.2774548007	0.199957580359
638014	COLD	5.69716574657	0.214903550845
12587	COLD	2.97469439757	0.115448253199
5541	COLD	4.80578007183	0.182992994034
61670	COLD	4.81001955507	0.183146266955
637566	COLD	4.3119047619	0.165039181406
2969	COLD	4.10721546183	0.157540930933
7047	COLD	7.08757190194	0.263409405891
98330	COLD	2.58203019865	0.100614455967
61386	COLD	8.51798611111	0.311697009489
7654	COLD	2.29157887324	0.0895626214368
243	COLD	5.10482993197	0.193769481825
61192	COLD	2.48802333341	0.0970448292932
61130	COLD	4.95845889206	0.188503829849
62580	COLD	4.39955837076	0.168239889287
12810	COLD	5.39429326146	0.204132370542
8658	SOUR	4.60047824719	0.175553369846
7720	SOUR	7.94049106734	0.292399083337
325	SOUR	5.80190095177	0.218611216209
521238	SOUR	6.24160237133	0.234081054788
8051	SOUR	7.16919571575	0.266208881746
62444	SOUR	15.0210292813	0.510588642984
101604	SOUR	5.20797124584	0.197469664035
778574	SOUR	7.68555256066	0.283795015161
7820	SOUR	14.60054708	0.498751493187
61199	SOUR	7.95805064415	0.292989797744
31265	SOUR	8.06631315262	0.296626362954
8615	SOUR	5.74213802143	0.216496661234
1551246	SOUR	14.8186805854	0.504909905699
6584	SOUR	13.9860377983	0.481197810613
5960	SOUR	16.6095797127	0.554031933215
61918	SOUR	8.67746535967	0.31697925236
8797	SOUR	7.11550444897	0.264368016533
31260	SOUR	9.42284563216	0.341397817363
18554	SOUR	10.6491578407	0.380604488543
12748	SOUR	9.39268196695	0.340418288865
11525	SOUR	3.96612598895	0.152352977414
8063	SOUR	16.6103884197	0.554053535406
440967	SOUR	7.06781431856	0.262730973046
31234	SOUR	11.807798196	0.416542288546
7409	SOUR	6.39521224584	0.239448993966
6106	SOUR	3.46186046423	0.13368062742
8918	SOUR	7.53370138755	0.278645392863
10748	SOUR	3.46488324408	0.133793163405
62725	SOUR	13.1316090937	0.456288700792
7122	SOUR	5.03966607739	0.191427349427
24197	SOUR	11.109000288	0.394996056561
1032	SOUR	19.7220174117	0.633297508152
11980	SOUR	11.8092419766	0.416586400639
11086	SOUR	7.94487997736	0.292546751953
7937	SOUR	8.68421315736	0.317202303029
7792	SOUR	5.61313775772	0.211922584114
13436	SOUR	13.0605600054	0.454191109153
326	SOUR	5.62670301024	0.212404205703
62332	SOUR	8.57792394977	0.313684646276
13561	SOUR	9.69691264549	0.350264459878
7361	SOUR	8.04104884824	0.295778567298
93375	SOUR	3.81141153173	0.146645718123
7147	SOUR	5.23100171298	0.198294716951
641423	SOUR	9.20647943494	0.334355471963
17617	SOUR	9.24422479964	0.335586715127
8082	SOUR	8.24868421053	0.302731051939
7593	SOUR	9.27456523427	0.336575585257
8137	SOUR	8.89947611991	0.324298774713
8175	SOUR	8.2320800778	0.302176346149
62900	SOUR	3.72840970737	0.143575972716
8184	SOUR	6.74681763758	0.251664886209
16324	SOUR	9.20007813667	0.334146550379
7059	SOUR	5.04968714988	0.19178774987
8908	SOUR	8.60603272234	0.314615789206
638014	SOUR	6.9234062435	0.257762828135
12587	SOUR	17.6111304751	0.580384452361
5541	SOUR	12.2010594943	0.428496038659
61670	SOUR	4.49236762266	0.171622158164
637566	SOUR	6.80517833615	0.253682952571
2969	SOUR	13.7443546519	0.474211272158
7047	SOUR	7.83943064468	0.288994556654
98330	SOUR	16.3729034593	0.547687351296
61386	SOUR	7.02566753583	0.261282699704
7654	SOUR	6.06119718011	0.227752642702
243	SOUR	6.52906524457	0.244111132596
61192	SOUR	10.9875992389	0.391213034743
61130	SOUR	7.72426719979	0.285104966482
62580	SOUR	5.24200285592	0.19868867666
12810	SOUR	7.48823329897	0.277099876783
8658	BURNT	5.38383238047	0.203759034778
7720	BURNT	4.48331091053	0.171292405733
325	BURNT	7.25842189955	0.269263000593
521238	BURNT	2.27061421519	0.0887622930421
8051	BURNT	1.92945505004	0.0756890832855
62444	BURNT	7.06786507614	0.262732716352
101604	BURNT	2.31707388549	0.0905354228634
778574	BURNT	4.68382336066	0.178577653917
7820	BURNT	2.26412867823	0.0885146356605
61199	BURNT	9.80252946841	0.353665345145
31265	BURNT	1.62856523169	0.0640817193822
8615	BURNT	2.34518208533	0.0916073318079
1551246	BURNT	4.65093414201	0.177384890323
6584	BURNT	11.1729021582	0.396982589274
5960	BURNT	6.52048617745	0.243812751102
61918	BURNT	12.9455366386	0.450786697998
8797	BURNT	8.60957410624	0.314733057733
31260	BURNT	3.64034681549	0.140313022645
18554	BURNT	4.33806348391	0.16599502144
12748	BURNT	12.4952265319	0.437356786842
11525	BURNT	11.5406179138	0.40835037182
8063	BURNT	4.45130131189	0.170126419128
440967	BURNT	2.38225451263	0.0930201258801
31234	BURNT	10.1584295374	0.365059705229
7409	BURNT	7.8213490831	0.288384562732
6106	BURNT	5.45077001013	0.206146442924
8918	BURNT	3.35093070916	0.129545733719
10748	BURNT	3.57382717544	0.137844190746
62725	BURNT	26.2793792517	0.774932860526
7122	BURNT	2.99126978071	0.116071713268
24197	BURNT	4.14795160503	0.159035863194
1032	BURNT	7.85749295214	0.289603639888
11980	BURNT	7.18707599628	0.266821415301
11086	BURNT	5.71359338061	0.215485675497
7937	BURNT	5.57388641094	0.210528172549
7792	BURNT	4.39033004272	0.167903202555
13436	BURNT	16.0465920547	0.53886643556
326	BURNT	4.29471296795	0.164410694927
62332	BURNT	2.08164744158	0.081532595235
13561	BURNT	2.92374495027	0.113530484197
7361	BURNT	5.90541092379	0.22226688568
93375	BURNT	2.17166987114	0.0849803348338
7147	BURNT	5.87673200597	0.221254888611
641423	BURNT	4.96457095725	0.188724052374
17617	BURNT	4.91896375019	0.187080068257
8082	BURNT	3.25000938874	0.125775351139
7593	BURNT	3.97432977522	0.152655072144
8137	BURNT	5.36751362952	0.203176464156
8175	BURNT	5.25712988195	0.19923022944
62900	BURNT	9.33743287415	0.338622253894
8184	BURNT	3.09365605112	0.11991795894
16324	BURNT	2.19266423288	0.0857834587398
7059	BURNT	9.29023972853	0.337086167456
8908	BURNT	2.28711006014	0.0893920534346
638014	BURNT	2.93395734125	0.113915051378
12587	BURNT	5.209620843	0.197528773989
5541	BURNT	4.88294301744	0.185780467693
61670	BURNT	11.727033932	0.414072027343
637566	BURNT	5.3177510352	0.201398650979
2969	BURNT	5.7555530215	0.216971564627
7047	BURNT	4.24228990659	0.162492786803
98330	BURNT	10.7460573114	0.38365119336
61386	BURNT	5.90847286841	0.222374894082
7654	BURNT	2.70074334489	0.10511212795
243	BURNT	6.15389544115	0.231007646006
61192	BURNT	8.64635217159	0.315950324513
61130	BURNT	3.676876781	0.141667302095
62580	BURNT	4.81094218282	0.183179621438
12810	BURNT	4.5192405463	0.172600207806
8658	ACID	7.79092820069	0.287357703136
7720	ACID	9.8951351262	0.356639925382
325	ACID	12.35768653	0.43322249465
521238	ACID	4.86169035859	0.185013201086
8051	ACID	12.4942627529	0.43732786942
62444	ACID	7.67816117259	0.283544783307
101604	ACID	7.42411723187	0.274917682606
778574	ACID	7.3069228621	0.270920465799
7820	ACID	5.32656406662	0.201713648763
61199	ACID	5.05964821667	0.192145912636
31265	ACID	2.544152896	0.0991770302567
8615	ACID	4.52919492853	0.172962354461
1551246	ACID	7.0224639279	0.261172557269
6584	ACID	6.40981981322	0.239958476514
5960	ACID	8.19652180445	0.300987684302
61918	ACID	8.5933362791	0.314195279802
8797	ACID	5.06959535676	0.192503495438
31260	ACID	7.06059134532	0.262482873755
18554	ACID	6.81087990226	0.253879962073
12748	ACID	4.89130066311	0.186082097654
11525	ACID	16.024469697	0.538265336251
8063	ACID	9.70223301745	0.350435990488
440967	ACID	8.8827727074	0.323749447908
31234	ACID	6.34165514944	0.237579569964
7409	ACID	12.4281998669	0.435343933904
6106	ACID	5.90256291621	0.222166417056
8918	ACID	6.21668300265	0.233208461084
10748	ACID	3.57136473358	0.137752730919
62725	ACID	11.9575162674	0.421107772581
7122	ACID	5.77394240963	0.217622332005
24197	ACID	3.17597176629	0.123004151988
1032	ACID	4.36755816212	0.167072100765
11980	ACID	7.35505955196	0.272563621673
11086	ACID	11.8091243636	0.416582807251
7937	ACID	7.98129718875	0.293771445624
7792	ACID	9.85500533906	0.355351761469
13436	ACID	7.64862235804	0.282544324731
326	ACID	11.2918176774	0.400670648513
62332	ACID	4.74493428271	0.180791610769
13561	ACID	5.46053566575	0.206494446727
7361	ACID	3.96690513321	0.152381670794
93375	ACID	9.2930860768	0.33717886354
7147	ACID	8.3220215653	0.305178445439
641423	ACID	3.92989133223	0.151018034936
17617	ACID	4.68942416819	0.178780687116
8082	ACID	7.23150751668	0.268342420282
7593	ACID	5.751863903	0.216840980777
8137	ACID	3.30630691816	0.127879610552
8175	ACID	8.89675773597	0.324209390154
62900	ACID	4.8111647733	0.183187668342
8184	ACID	10.082291529	0.36263062017
16324	ACID	3.71243489502	0.142984526661
7059	ACID	6.56518412354	0.245366707911
8908	ACID	8.26552249611	0.303293354991
638014	ACID	7.58542579479	0.280401557996
12587	ACID	5.83318320199	0.219716917572
5541	ACID	5.50191207915	0.207968068555
61670	ACID	7.73311793867	0.285404272325
637566	ACID	6.35246758782	0.237957165731
2969	ACID	9.66807512811	0.349334334451
7047	ACID	9.5546903797	0.345670771887
98330	ACID	6.16479840844	0.231390040571
61386	ACID	3.25460953532	0.125947388122
7654	ACID	5.87008081207	0.221020092987
243	ACID	6.02091161701	0.226335914001
61192	ACID	5.52307933882	0.2087214114
61130	ACID	9.40249977618	0.340737190231
62580	ACID	4.25414376432	0.162926654906
12810	ACID	5.6446861871	0.213042454624
8658	WARM	7.98970152353	0.294053928767
7720	WARM	4.26575216951	0.163351430152
325	WARM	5.34944138861	0.202531046276
521238	WARM	5.34858932757	0.202500609985
8051	WARM	5.47358111691	0.206959208579
62444	WARM	5.08139283812	0.192927492255
101604	WARM	5.83503271423	0.219782265859
778574	WARM	6.79537588016	0.253344181865
7820	WARM	5.0239139756	0.19086067437
61199	WARM	8.48985624804	0.310763186277
31265	WARM	5.37656774088	0.203499717366
8615	WARM	5.23689160401	0.198505650692
1551246	WARM	6.59253044513	0.246316634737
6584	WARM	2.68349385596	0.104459298528
5960	WARM	6.72891788731	0.251045381119
61918	WARM	6.16870564612	0.231527054105
8797	WARM	7.87637321446	0.290240026573
31260	WARM	4.5593909295	0.174060418921
18554	WARM	5.04190359067	0.1915078269
12748	WARM	6.25014961582	0.234380236545
11525	WARM	7.20163235412	0.267319890739
8063	WARM	5.33138439672	0.201885912035
440967	WARM	5.79562803819	0.218389399785
31234	WARM	5.60493845529	0.211631404177
7409	WARM	5.74391332452	0.216559516869
6106	WARM	6.90497533148	0.257127539528
8918	WARM	3.8057730973	0.146437360345
10748	WARM	8.34401095835	0.305911430785
62725	WARM	6.05795376122	0.227638628939
7122	WARM	9.2633758339	0.33621098062
24197	WARM	6.54415943413	0.244635968285
1032	WARM	5.55443928897	0.209836853233
11980	WARM	5.87386414052	0.221153653644
11086	WARM	6.34876972066	0.23782803804
7937	WARM	5.60244092032	0.211542699107
7792	WARM	5.48491477666	0.207362875023
13436	WARM	7.26039618863	0.269330506419
326	WARM	5.5446556084	0.20948894201
62332	WARM	5.78309178937	0.217946011317
13561	WARM	4.67144620129	0.178128884207
7361	WARM	6.70101804829	0.250079264778
93375	WARM	5.99743067144	0.225509556994
7147	WARM	6.08598591758	0.228623746868
641423	WARM	5.63202530058	0.212593128429
17617	WARM	7.3708441553	0.273102028787
8082	WARM	4.90194223363	0.186466074281
7593	WARM	6.87652735096	0.256146442675
8137	WARM	4.70898201624	0.179489475998
8175	WARM	4.60676017687	0.175781511344
62900	WARM	6.72456878837	0.250894821379
8184	WARM	3.76634292399	0.144979581351
16324	WARM	6.72800811063	0.251013887171
7059	WARM	7.00203156224	0.26046988409
8908	WARM	5.27290254768	0.199794701396
638014	WARM	7.14038702856	0.265221430375
12587	WARM	5.24705940057	0.198869723082
5541	WARM	5.94803384518	0.223769711158
61670	WARM	8.61600717583	0.314946055172
637566	WARM	4.25351105878	0.16290349982
2969	WARM	5.10872363699	0.1939093226
7047	WARM	7.27657040272	0.269883425378
98330	WARM	5.28995360108	0.200404700402
61386	WARM	6.94587221488	0.258536832265
7654	WARM	3.7049639976	0.142707856615
243	WARM	6.73960594876	0.251415322613
61192	WARM	4.12642467143	0.15824603463
61130	WARM	5.9874871607	0.225159485428
62580	WARM	7.61367721931	0.281359856452
12810	WARM	5.01217916245	0.190438390515
8658	MUSKY	5.9820514076	0.224968080687
7720	MUSKY	6.2691559786	0.23504531247
325	MUSKY	6.04188625707	0.227073694465
521238	MUSKY	6.11892093651	0.229780360089
8051	MUSKY	4.91619866688	0.186980342942
62444	MUSKY	14.1959996937	0.487229424828
101604	MUSKY	6.14263237077	0.230612521854
778574	MUSKY	10.5519670915	0.377541079859
7820	MUSKY	7.10913012109	0.264149312412
61199	MUSKY	7.78174289883	0.287047506936
31265	MUSKY	2.7767618299	0.107986310692
8615	MUSKY	6.83206714491	0.254611829207
1551246	MUSKY	10.0817518026	0.362613384339
6584	MUSKY	10.6898594283	0.381885139293
5960	MUSKY	14.9971315193	0.509919679248
61918	MUSKY	13.2324007937	0.459257459441
8797	MUSKY	7.36336219816	0.272846846782
31260	MUSKY	13.3460363306	0.462594778928
18554	MUSKY	10.8079529075	0.38559337788
12748	MUSKY	9.74623242171	0.351853678301
11525	MUSKY	2.46380685536	0.0961241365263
8063	MUSKY	11.5082475885	0.407353998516
440967	MUSKY	4.82516383809	0.183693671098
31234	MUSKY	9.29214869497	0.337148336851
7409	MUSKY	8.53980415826	0.312420864306
6106	MUSKY	12.9229311653	0.450116386652
8918	MUSKY	6.63722657135	0.24786795223
10748	MUSKY	4.4997943156	0.171892513071
62725	MUSKY	13.5635608727	0.468954361488
7122	MUSKY	7.65647125219	0.282810229273
24197	MUSKY	5.57818773104	0.210681037896
1032	MUSKY	24.5056931106	0.740016126491
11980	MUSKY	7.85586855834	0.289548874011
11086	MUSKY	6.96797892197	0.259298064776
7937	MUSKY	11.4030491631	0.404110154438
7792	MUSKY	7.23037755342	0.268303758311
13436	MUSKY	9.31975626746	0.338047107944
326	MUSKY	4.94835245346	0.188139621337
62332	MUSKY	6.81255110398	0.253937703141
13561	MUSKY	9.14558822276	0.332366815334
7361	MUSKY	10.1645944393	0.365256185527
93375	MUSKY	5.39139075209	0.204028792387
7147	MUSKY	5.01536949642	0.190553207383
641423	MUSKY	10.785171349	0.384878885549
17617	MUSKY	8.02793501707	0.295338304427
8082	MUSKY	7.75879772929	0.28627233229
7593	MUSKY	11.5007044813	0.407121697827
8137	MUSKY	9.32128937549	0.338097000771
8175	MUSKY	9.94085498758	0.35810596035
62900	MUSKY	4.74763446699	0.180889365467
8184	MUSKY	6.89575790463	0.256809725354
16324	MUSKY	4.28149984532	0.163927497442
7059	MUSKY	8.31031896887	0.304788198209
8908	MUSKY	3.25641090332	0.126014751344
638014	MUSKY	6.57359969426	0.245659102594
12587	MUSKY	24.8897598713	0.747790336272
5541	MUSKY	6.56650539867	0.245412618687
61670	MUSKY	13.3667628055	0.463202373061
637566	MUSKY	6.42290703053	0.240414787332
2969	MUSKY	15.340880494	0.519498174028
7047	MUSKY	10.5554356134	0.377650536142
98330	MUSKY	10.1326188661	0.36423676861
61386	MUSKY	8.19191412798	0.300833582287
7654	MUSKY	2.65194994322	0.103264862328
243	MUSKY	12.407768482	0.434729651797
61192	MUSKY	6.87065207308	0.255943738959
61130	MUSKY	5.09186768129	0.193303860658
62580	MUSKY	8.14715416215	0.299335718109
12810	MUSKY	4.71205955173	0.179600979982
8658	SWEATY	1.37655895692	0.0543043924519
7720	SWEATY	2.50272767597	0.0976036487107
325	SWEATY	2.36440017977	0.0923398519067
521238	SWEATY	1.80020032777	0.0707117246226
8051	SWEATY	3.64825373144	0.140606247142
62444	SWEATY	7.13769981326	0.265129289081
101604	SWEATY	2.75575395787	0.107192486364
778574	SWEATY	2.53172494254	0.0987051452277
7820	SWEATY	4.03056011647	0.154724238718
61199	SWEATY	3.89037487335	0.149560988272
31265	SWEATY	3.15991515351	0.122402580629
8615	SWEATY	3.51023575241	0.135480728082
1551246	SWEATY	2.89068112569	0.11228483008
6584	SWEATY	4.32803843884	0.165628770863
5960	SWEATY	6.63363059341	0.247743201796
61918	SWEATY	4.79278821428	0.182523201025
8797	SWEATY	1.82085959373	0.0715081718853
31260	SWEATY	10.582850753	0.378515338096
18554	SWEATY	6.3935117945	0.239389674553
12748	SWEATY	5.39686109642	0.204223999979
11525	SWEATY	1.745468013	0.0686000570862
8063	SWEATY	7.18985166136	0.266916479689
440967	SWEATY	1.4184680648	0.0559339019315
31234	SWEATY	6.05039972994	0.227373054441
7409	SWEATY	2.74652569442	0.106843666421
6106	SWEATY	9.80861640894	0.353861074015
8918	SWEATY	3.18887434152	0.123487405834
10748	SWEATY	1.63125507045	0.0641858055759
62725	SWEATY	4.82736397529	0.183773181832
7122	SWEATY	3.22082356347	0.124683460768
24197	SWEATY	0.362152541281	0.014433639866
1032	SWEATY	13.4478650964	0.465576573596
11980	SWEATY	3.18331741231	0.123279292593
11086	SWEATY	3.51806453057	0.135771870006
7937	SWEATY	4.05756791312	0.155717173577
7792	SWEATY	4.11110927494	0.157683883209
13436	SWEATY	4.34273585197	0.166165692207
326	SWEATY	3.35569488946	0.129723520302
62332	SWEATY	2.85084264776	0.11078278439
13561	SWEATY	4.62878787263	0.176581244037
7361	SWEATY	4.37797864117	0.167452466854
93375	SWEATY	3.63760376752	0.140211286233
7147	SWEATY	2.9765480412	0.115517986351
641423	SWEATY	4.56304452392	0.174193230826
17617	SWEATY	3.77346229227	0.145242884622
8082	SWEATY	7.03955495882	0.261760064745
7593	SWEATY	6.81291711361	0.253950348706
8137	SWEATY	3.3637708016	0.130024850462
8175	SWEATY	8.30098129297	0.304476735548
62900	SWEATY	2.43929864812	0.0951918747671
8184	SWEATY	6.15794618083	0.231149726767
16324	SWEATY	4.80788624098	0.183069141597
7059	SWEATY	2.42579757846	0.0946781055818
8908	SWEATY	4.35171729102	0.166493714289
638014	SWEATY	1.08789078309	0.0430422287811
12587	SWEATY	15.8533939401	0.533603717835
5541	SWEATY	4.37570713261	0.16736956014
61670	SWEATY	3.72255643591	0.143359286869
637566	SWEATY	2.21041576544	0.0864622554752
2969	SWEATY	7.4592433681	0.276113610074
7047	SWEATY	4.71599100279	0.179743411656
98330	SWEATY	7.16464566803	0.266052967702
61386	SWEATY	7.24852407947	0.268924522647
7654	SWEATY	3.41236321303	0.131836839442
243	SWEATY	4.3184747128	0.165279298974
61192	SWEATY	4.3192340022	0.165307047142
61130	SWEATY	2.24832880386	0.0879111591905
62580	SWEATY	1.85358185621	0.0727689679692
12810	SWEATY	1.11745522378	0.0441987264802
8658	AMMONIA/URINOUS	3.49695890326	0.134986867502
7720	AMMONIA/URINOUS	7.87661578987	0.290248201074
325	AMMONIA/URINOUS	9.32795842912	0.338314013783
521238	AMMONIA/URINOUS	2.63293768997	0.102544563247
8051	AMMONIA/URINOUS	10.154746974	0.364942324519
62444	AMMONIA/URINOUS	9.25474377694	0.335929638127
101604	AMMONIA/URINOUS	2.5537747302	0.099542283059
778574	AMMONIA/URINOUS	3.11958888206	0.120890821365
7820	AMMONIA/URINOUS	2.29925861726	0.0898557086147
61199	AMMONIA/URINOUS	2.81107112557	0.109281996674
31265	AMMONIA/URINOUS	2.20274170513	0.0861688397972
8615	AMMONIA/URINOUS	6.33177783545	0.237234549195
1551246	AMMONIA/URINOUS	3.30747234136	0.127923144339
6584	AMMONIA/URINOUS	6.46006760601	0.241709714851
5960	AMMONIA/URINOUS	3.34711484433	0.129403322661
61918	AMMONIA/URINOUS	6.59728269451	0.2464816522
8797	AMMONIA/URINOUS	6.1326738682	0.230263079219
31260	AMMONIA/URINOUS	9.05661164098	0.329455579873
18554	AMMONIA/URINOUS	5.58265441731	0.210839764555
12748	AMMONIA/URINOUS	6.03943073224	0.226987339862
11525	AMMONIA/URINOUS	8.95085574246	0.325987102289
8063	AMMONIA/URINOUS	11.247317563	0.399291841574
440967	AMMONIA/URINOUS	7.20136469629	0.267310726456
31234	AMMONIA/URINOUS	6.91931142199	0.257621708658
7409	AMMONIA/URINOUS	9.41203231293	0.341046751613
6106	AMMONIA/URINOUS	4.69320893756	0.17891787345
8918	AMMONIA/URINOUS	6.47721713201	0.24230694857
10748	AMMONIA/URINOUS	2.02716114922	0.0794426930387
62725	AMMONIA/URINOUS	9.42697940287	0.34153199985
7122	AMMONIA/URINOUS	6.15718351167	0.231122976948
24197	AMMONIA/URINOUS	2.62385656752	0.102200413386
1032	AMMONIA/URINOUS	2.34936238988	0.0917666941398
11980	AMMONIA/URINOUS	5.03950431084	0.191421530954
11086	AMMONIA/URINOUS	7.02172335601	0.261147094685
7937	AMMONIA/URINOUS	6.89171606483	0.256670342466
7792	AMMONIA/URINOUS	8.05077958072	0.296105162486
13436	AMMONIA/URINOUS	7.95341001552	0.292833708271
326	AMMONIA/URINOUS	6.59330245257	0.24634344321
62332	AMMONIA/URINOUS	7.25158406976	0.269029174182
13561	AMMONIA/URINOUS	4.50010747537	0.171903912099
7361	AMMONIA/URINOUS	5.35326282856	0.202667543978
93375	AMMONIA/URINOUS	6.54736778835	0.244747501552
7147	AMMONIA/URINOUS	9.04661587609	0.32912813152
641423	AMMONIA/URINOUS	2.96943077686	0.115250223419
17617	AMMONIA/URINOUS	8.39490168529	0.307606317689
8082	AMMONIA/URINOUS	9.45549054758	0.342457101305
7593	AMMONIA/URINOUS	8.81676551466	0.32157647893
8137	AMMONIA/URINOUS	2.54938733681	0.0993757431553
8175	AMMONIA/URINOUS	7.3146845727	0.271185538749
62900	AMMONIA/URINOUS	2.97565765047	0.115484490638
8184	AMMONIA/URINOUS	9.09801348448	0.330810999634
16324	AMMONIA/URINOUS	3.0761646262	0.119261469525
7059	AMMONIA/URINOUS	7.10428317635	0.263982991274
8908	AMMONIA/URINOUS	4.54594882874	0.173571692848
638014	AMMONIA/URINOUS	4.74291314743	0.180718435847
12587	AMMONIA/URINOUS	6.05903951072	0.227676796512
5541	AMMONIA/URINOUS	2.1440703228	0.0839239978925
61670	AMMONIA/URINOUS	4.31359379991	0.165100915408
637566	AMMONIA/URINOUS	4.50285252899	0.172003828801
2969	AMMONIA/URINOUS	10.6383980203	0.380265715836
7047	AMMONIA/URINOUS	7.2761474074	0.269868967858
98330	AMMONIA/URINOUS	6.61605609926	0.247133364647
61386	AMMONIA/URINOUS	2.47447665023	0.096529852132
7654	AMMONIA/URINOUS	5.04761432289	0.191713208775
243	AMMONIA/URINOUS	4.43024992606	0.169359151279
61192	AMMONIA/URINOUS	6.62523402322	0.247451870584
61130	AMMONIA/URINOUS	6.63361364721	0.24774261388
62580	AMMONIA/URINOUS	3.98279411536	0.152966705028
12810	AMMONIA/URINOUS	1.90722001833	0.074833805454
8658	DECAYED	2.01284751894	0.0788932787039
7720	DECAYED	3.83531560242	0.147528765789
325	DECAYED	3.33192118181	0.128836167768
521238	DECAYED	2.49132485249	0.0971703142914
8051	DECAYED	4.26202793346	0.163215164496
62444	DECAYED	13.7923809209	0.475603328249
101604	DECAYED	3.28287020064	0.127003913324
778574	DECAYED	5.39374165145	0.204112686457
7820	DECAYED	2.80498229456	0.109052121513
61199	DECAYED	5.43557796383	0.205604915433
31265	DECAYED	2.95959967688	0.114880294976
8615	DECAYED	4.383253776	0.167644985574
1551246	DECAYED	2.56970078216	0.100146686443
6584	DECAYED	4.47991281997	0.171168665249
5960	DECAYED	2.33046665636	0.09104623632
61918	DECAYED	7.1597710283	0.265885912661
8797	DECAYED	3.32359717974	0.128525367904
31260	DECAYED	7.23769630409	0.268554153048
18554	DECAYED	4.69040003555	0.178816060425
12748	DECAYED	6.62470748707	0.247433599767
11525	DECAYED	3.05095966267	0.118315044562
8063	DECAYED	12.1213738178	0.42608387142
440967	DECAYED	2.0565508068	0.0805702717837
31234	DECAYED	4.96046397492	0.188576077858
7409	DECAYED	3.88130692242	0.149226459527
6106	DECAYED	2.64353250907	0.102945994712
8918	DECAYED	4.07454094215	0.15634088413
10748	DECAYED	1.36291606166	0.0537736263901
62725	DECAYED	7.58463176575	0.280374615021
7122	DECAYED	2.21360708089	0.0865842607123
24197	DECAYED	2.83056565683	0.110017785498
1032	DECAYED	12.8170124981	0.446970176172
11980	DECAYED	9.297105503	0.337309751827
11086	DECAYED	1.80060199614	0.070727212826
7937	DECAYED	7.00803468226	0.260676367247
7792	DECAYED	3.67634197483	0.141647482867
13436	DECAYED	13.107203165	0.455568616675
326	DECAYED	2.41614971117	0.0943108766759
62332	DECAYED	1.58521516819	0.0624034438759
13561	DECAYED	5.17781084471	0.196388543731
7361	DECAYED	4.08378653998	0.156680536598
93375	DECAYED	6.07083860921	0.228091511801
7147	DECAYED	4.53793747137	0.173280348257
641423	DECAYED	3.12387910897	0.121051716084
17617	DECAYED	2.39993027078	0.0936933447092
8082	DECAYED	4.85036764706	0.184604279358
7593	DECAYED	4.77468956384	0.181868518381
8137	DECAYED	5.23846942901	0.198562152377
8175	DECAYED	5.45055361709	0.20613873079
62900	DECAYED	2.87225627959	0.111590308729
8184	DECAYED	2.1917010583	0.0857466209206
16324	DECAYED	7.60986162505	0.281230467421
7059	DECAYED	3.89636203528	0.149781826567
8908	DECAYED	4.20555544012	0.161147538981
638014	DECAYED	10.1085697932	0.363469518422
12587	DECAYED	13.425491158	0.464922121187
5541	DECAYED	4.20126111122	0.160990206479
61670	DECAYED	4.52556132855	0.172830171007
637566	DECAYED	2.16591119333	0.0847599792144
2969	DECAYED	4.79283615081	0.182524934685
7047	DECAYED	3.19037240452	0.123543505749
98330	DECAYED	11.7253611764	0.414020809169
61386	DECAYED	2.15107565012	0.0841921754237
7654	DECAYED	2.51914783775	0.0982274711788
243	DECAYED	3.35149518032	0.129566799235
61192	DECAYED	7.00016530896	0.260405686617
61130	DECAYED	2.03478229875	0.0797351563485
62580	DECAYED	2.5106924671	0.0979062680183
12810	DECAYED	2.59863968983	0.101244416298
8658	WOOD	3.1768995083	0.123038904138
7720	WOOD	2.41188320492	0.094148455959
325	WOOD	2.45509248718	0.0957927078388
521238	WOOD	3.82180848503	0.147029851363
8051	WOOD	2.48464700689	0.0969164919759
62444	WOOD	1.83158271819	0.0719214306263
101604	WOOD	4.99454626791	0.189803653747
778574	WOOD	2.95546799561	0.114724803395
7820	WOOD	3.20822970611	0.124212093106
61199	WOOD	3.17677017524	0.123034059511
31265	WOOD	0.668684230433	0.0265685137773
8615	WOOD	4.79363580636	0.182553854557
1551246	WOOD	3.06668054771	0.118905410076
6584	WOOD	5.08967042987	0.193224919161
5960	WOOD	4.78861273475	0.182372184621
61918	WOOD	8.83215248383	0.322083332354
8797	WOOD	4.32962966277	0.165686909304
31260	WOOD	1.31728796357	0.0519974195113
18554	WOOD	3.19473888534	0.123707012795
12748	WOOD	4.51642558374	0.172497783328
11525	WOOD	4.79739594274	0.182689834577
8063	WOOD	2.94742119243	0.114421931023
440967	WOOD	3.7792800362	0.145458018411
31234	WOOD	2.7328889401	0.10632808482
7409	WOOD	2.30533603929	0.0900876118701
6106	WOOD	2.75393879993	0.107123880432
8918	WOOD	2.07433762553	0.0812523543875
10748	WOOD	2.67394050047	0.104097636899
62725	WOOD	4.63403383145	0.176771645438
7122	WOOD	1.43350960745	0.0565184043803
24197	WOOD	2.93714508118	0.114035074756
1032	WOOD	2.86578794597	0.111346421618
11980	WOOD	1.53697382197	0.0605340374669
11086	WOOD	3.91124654853	0.150330722116
7937	WOOD	3.14547908822	0.121861548051
7792	WOOD	3.05745385615	0.118558944613
13436	WOOD	4.92293579092	0.187223312916
326	WOOD	4.2804522305	0.163889180701
62332	WOOD	4.25110906906	0.162815591436
13561	WOOD	3.36613018697	0.130112874505
7361	WOOD	3.24810278715	0.125704042799
93375	WOOD	5.0012125778	0.190043652213
7147	WOOD	2.76166834217	0.107416008874
641423	WOOD	2.72210090818	0.105920102985
17617	WOOD	2.42398157634	0.0946089883806
8082	WOOD	2.3120618701	0.0903442227675
7593	WOOD	3.53932657658	0.136562330017
8137	WOOD	2.39971988205	0.0936853330772
8175	WOOD	5.09774941033	0.193515156793
62900	WOOD	2.532907415	0.0987500486109
8184	WOOD	3.9092920735	0.150258657134
16324	WOOD	0.836972849387	0.0331987045552
7059	WOOD	6.17135583719	0.23161998034
8908	WOOD	1.67036650026	0.0656986103125
638014	WOOD	3.52427057845	0.136002629894
12587	WOOD	1.78466416946	0.0701125562993
5541	WOOD	7.0640723152	0.262602445538
61670	WOOD	4.35979029852	0.166788503362
637566	WOOD	3.10519428911	0.120350878935
2969	WOOD	2.60025936586	0.101305835126
7047	WOOD	2.92196195143	0.113463333399
98330	WOOD	2.94846463639	0.114461207971
61386	WOOD	3.63779394099	0.140218339737
7654	WOOD	2.03720514985	0.079828124065
243	WOOD	2.08607066637	0.0817021503249
61192	WOOD	3.70729441378	0.142794163803
61130	WOOD	3.49849465048	0.135044000091
62580	WOOD	4.8146769599	0.183314632705
12810	WOOD	3.57978361953	0.138065404476
8658	GRASS	4.22573979592	0.161886841108
7720	GRASS	5.50001952934	0.207900695244
325	GRASS	1.2111178725	0.0478579922994
521238	GRASS	3.09856184996	0.120102039783
8051	GRASS	0.667837579911	0.0265351003832
62444	GRASS	1.55800547333	0.0613492665111
101604	GRASS	5.27330420154	0.199809073181
778574	GRASS	1.43808306235	0.0566960893364
7820	GRASS	2.21988472127	0.0868242335806
61199	GRASS	2.06508290679	0.0808974893069
31265	GRASS	1.77570995734	0.0697671399525
8615	GRASS	1.8911453226	0.0742152406514
1551246	GRASS	4.22387876733	0.161818689957
6584	GRASS	3.77378800981	0.145254930015
5960	GRASS	4.68351219271	0.178566373125
61918	GRASS	3.19904617484	0.123868288422
8797	GRASS	2.1831701131	0.0854203118269
31260	GRASS	1.95576192595	0.0767004751537
18554	GRASS	2.4964210587	0.0973639951069
12748	GRASS	2.89448979826	0.112428363453
11525	GRASS	3.6570292326	0.140931624181
8063	GRASS	2.75535924728	0.107177568059
440967	GRASS	7.3276340925	0.271627675143
31234	GRASS	3.14559220921	0.12186578823
7409	GRASS	1.44746835944	0.0570606685168
6106	GRASS	7.24678728544	0.268865121034
8918	GRASS	4.07047726137	0.156191576401
10748	GRASS	2.89199491429	0.112334342738
62725	GRASS	6.06805625696	0.227993727583
7122	GRASS	1.60736487379	0.0632611462168
24197	GRASS	2.00523502436	0.0786010139732
1032	GRASS	2.16566469711	0.0847505464525
11980	GRASS	3.89651667899	0.149787530268
11086	GRASS	2.29702310923	0.0897703983036
7937	GRASS	3.81103251111	0.146631712924
7792	GRASS	4.30808039116	0.164899392984
13436	GRASS	3.00682007561	0.116656416238
326	GRASS	1.99015651769	0.0780219715218
62332	GRASS	1.89816142318	0.0744852502117
13561	GRASS	3.25447607434	0.125942397166
7361	GRASS	2.31576306839	0.0904854192999
93375	GRASS	4.65925221805	0.177686636229
7147	GRASS	2.3180305455	0.090571915576
641423	GRASS	1.3090984417	0.0516784421761
17617	GRASS	6.11988525849	0.229814212109
8082	GRASS	2.74819444444	0.106906748696
7593	GRASS	1.3385750297	0.052826287944
8137	GRASS	5.4886967387	0.207497552792
8175	GRASS	3.31444416759	0.128183550648
62900	GRASS	4.23588340817	0.162258253028
8184	GRASS	4.84530061036	0.184421249213
16324	GRASS	1.54061717488	0.0606752864835
7059	GRASS	1.87781001217	0.0737019323099
8908	GRASS	3.46391331025	0.133757054241
638014	GRASS	4.81303317182	0.183255211548
12587	GRASS	1.06594202653	0.0421831880997
5541	GRASS	4.20935600327	0.161286768946
61670	GRASS	2.29570831334	0.0897202218695
637566	GRASS	4.2935551612	0.164368360079
2969	GRASS	2.11115992042	0.0826635983328
7047	GRASS	1.84806267188	0.0725563726194
98330	GRASS	2.80801120448	0.109166477409
61386	GRASS	3.19374145045	0.123669664237
7654	GRASS	2.7160554998	0.105691437001
243	GRASS	1.25961210802	0.0497498352558
61192	GRASS	2.45120633727	0.0956448884877
61130	GRASS	5.95755115921	0.224105080043
62580	GRASS	1.93994848147	0.0760925792145
12810	GRASS	3.05371542675	0.118418545907
8658	FLOWER	8.12334000084	0.298538138926
7720	FLOWER	3.60835714865	0.139126189421
325	FLOWER	10.3804599654	0.372116818977
521238	FLOWER	7.36400950637	0.272868925851
8051	FLOWER	5.42493943564	0.205225590273
62444	FLOWER	3.7182007901	0.143198024758
101604	FLOWER	9.37222888038	0.339753685541
778574	FLOWER	8.57501396951	0.31358821295
7820	FLOWER	5.77718567928	0.217737077422
61199	FLOWER	1.6260380539	0.063983922255
31265	FLOWER	9.83892526487	0.354835230448
8615	FLOWER	15.8797046148	0.534322177131
1551246	FLOWER	8.54655321553	0.312644699875
6584	FLOWER	4.35159109228	0.166489105677
5960	FLOWER	1.95078416149	0.0765091429217
61918	FLOWER	0.706994971902	0.02807986212
8797	FLOWER	12.2198732195	0.42906480818
31260	FLOWER	1.56291765785	0.0615396216721
18554	FLOWER	2.15225266378	0.0842372299396
12748	FLOWER	1.35750096449	0.0535629150322
11525	FLOWER	4.97306400728	0.189030014043
8063	FLOWER	1.8775053032	0.0736902016625
440967	FLOWER	6.0293707483	0.226633505284
31234	FLOWER	7.5574166319	0.279450846817
7409	FLOWER	2.83657133906	0.110244398778
6106	FLOWER	3.19627142632	0.12376439664
8918	FLOWER	7.18841646819	0.2668673262
10748	FLOWER	14.8878039792	0.506853476239
62725	FLOWER	1.91738404958	0.0752248173458
7122	FLOWER	18.0297082679	0.591160178626
24197	FLOWER	10.9140353084	0.388914945651
1032	FLOWER	2.46882260737	0.096314870268
11980	FLOWER	4.2391231903	0.162376861443
11086	FLOWER	9.23923119247	0.335423890488
7937	FLOWER	1.44781984227	0.0570743207725
7792	FLOWER	7.25958821784	0.269302880277
13436	FLOWER	3.46870748299	0.133935526679
326	FLOWER	8.0386643227	0.295698523271
62332	FLOWER	17.1332180846	0.567909858611
13561	FLOWER	6.54504578376	0.244666781626
7361	FLOWER	3.20191383871	0.123975652656
93375	FLOWER	7.87216700729	0.290098274935
7147	FLOWER	7.09219505391	0.263568109883
641423	FLOWER	5.50695722086	0.208147657701
17617	FLOWER	4.83319288597	0.183983814049
8082	FLOWER	4.34126769847	0.166112065847
7593	FLOWER	13.6567186766	0.471666361059
8137	FLOWER	6.48822332868	0.242690116362
8175	FLOWER	4.66860419769	0.178025821846
62900	FLOWER	7.0493141942	0.262095435525
8184	FLOWER	6.65452623232	0.248467961542
16324	FLOWER	7.40753532714	0.274352781237
7059	FLOWER	7.17661011756	0.266462911591
8908	FLOWER	7.45912783206	0.276109678076
638014	FLOWER	8.63821996138	0.315681260815
12587	FLOWER	2.11589380896	0.082844949714
5541	FLOWER	10.8462228853	0.386792695062
61670	FLOWER	1.66237959284	0.0653897813494
637566	FLOWER	7.21596111772	0.267810406768
2969	FLOWER	4.88578900733	0.185883186603
7047	FLOWER	3.10660743608	0.120403893538
98330	FLOWER	2.38202509792	0.0930113864898
61386	FLOWER	5.60559344478	0.211654666644
7654	FLOWER	16.8457743968	0.560318929861
243	FLOWER	2.67273077944	0.10405183525
61192	FLOWER	8.77471343846	0.320190299167
61130	FLOWER	4.96573278234	0.188765910467
62580	FLOWER	10.1157428012	0.36369841108
12810	FLOWER	13.2261943128	0.459074886113
8658	CHEMICAL	24.5672122698	0.741269323308
7720	CHEMICAL	32.4778920611	0.877190293351
325	CHEMICAL	22.8122600309	0.70433071815
521238	CHEMICAL	15.0211769461	0.510592775105
8051	CHEMICAL	20.1041999072	0.642496454726
62444	CHEMICAL	21.992120626	0.686223477188
101604	CHEMICAL	15.2106043465	0.515879180025
778574	CHEMICAL	19.0714403091	0.617369678179
7820	CHEMICAL	17.1600112804	0.56861405636
61199	CHEMICAL	13.9993085048	0.481580084746
31265	CHEMICAL	12.6618689361	0.442345587463
8615	CHEMICAL	12.9765822	0.451706613763
1551246	CHEMICAL	17.3380619909	0.573279122195
6584	CHEMICAL	16.9082439621	0.561974272932
5960	CHEMICAL	15.5120089681	0.524231389832
61918	CHEMICAL	12.2821574514	0.430945741391
8797	CHEMICAL	22.6742622986	0.701321623629
31260	CHEMICAL	19.9668162394	0.639203149281
18554	CHEMICAL	20.3681417604	0.648781190907
12748	CHEMICAL	11.6092120674	0.410458960767
11525	CHEMICAL	36.0963964119	0.922675922906
8063	CHEMICAL	20.0451824772	0.641083562871
440967	CHEMICAL	29.2827330762	0.828317940483
31234	CHEMICAL	12.779189587	0.44584450888
7409	CHEMICAL	33.4718437463	0.890728020341
6106	CHEMICAL	11.6780792017	0.412572154532
8918	CHEMICAL	14.1270939473	0.485253844534
10748	CHEMICAL	23.9788252874	0.729159386631
62725	CHEMICAL	13.9229459529	0.479378468513
7122	CHEMICAL	27.1128235158	0.790470861032
24197	CHEMICAL	10.6842842841	0.3817097991
1032	CHEMICAL	8.29120959552	0.304150721198
11980	CHEMICAL	17.6304874008	0.580885861637
11086	CHEMICAL	20.1392865708	0.6433351174
7937	CHEMICAL	28.019863829	0.806749445562
7792	CHEMICAL	26.4218126732	0.777627632952
13436	CHEMICAL	16.0148677262	0.538004313732
326	CHEMICAL	18.4715020704	0.602381527321
62332	CHEMICAL	12.2992721592	0.431462048111
13561	CHEMICAL	22.1592348191	0.689956717658
7361	CHEMICAL	6.76836678222	0.252410355729
93375	CHEMICAL	26.9855999223	0.788134955626
7147	CHEMICAL	35.9457261511	0.920990954633
641423	CHEMICAL	11.1136839486	0.39514176958
17617	CHEMICAL	12.8346028861	0.447493302947
8082	CHEMICAL	24.1351397788	0.732403602295
7593	CHEMICAL	18.6332498247	0.606450793377
8137	CHEMICAL	12.0708649387	0.424552285399
8175	CHEMICAL	25.4184657165	0.758299268908
62900	CHEMICAL	16.712973942	0.556789558485
8184	CHEMICAL	22.940106675	0.707104869295
16324	CHEMICAL	11.9384010438	0.420525873958
7059	CHEMICAL	20.6668757151	0.655827127874
8908	CHEMICAL	14.7502602111	0.502982337926
638014	CHEMICAL	20.961482992	0.662705811989
12587	CHEMICAL	16.5292733905	0.551884184093
5541	CHEMICAL	13.5289703115	0.467945597384
61670	CHEMICAL	20.9071741595	0.661442993846
637566	CHEMICAL	17.6300956373	0.58087571662
2969	CHEMICAL	21.817909308	0.682307905692
7047	CHEMICAL	30.163748109	0.842609244367
98330	CHEMICAL	15.2112212517	0.515896349282
61386	CHEMICAL	13.7994734525	0.475808751073
7654	CHEMICAL	16.2702288686	0.544921015768
243	CHEMICAL	21.9956219869	0.686301924839
61192	CHEMICAL	9.05466407285	0.329391786325
61130	CHEMICAL	25.1910256364	0.75380591641
62580	CHEMICAL	13.9657027835	0.480611769645
12810	CHEMICAL	12.6996193403	0.443472641057
