#oID	descriptor	value	sigma
8658	INTENSITY/STRENGTH	63.5734693878	0.926304371512
7720	INTENSITY/STRENGTH	62.2704081633	0.939774833403
325	INTENSITY/STRENGTH	64.0285714286	0.921279673469
521238	INTENSITY/STRENGTH	51.8673469388	0.998605206164
8051	INTENSITY/STRENGTH	63.6448979592	0.925526703873
62444	INTENSITY/STRENGTH	79.3612244898	0.655167398584
101604	INTENSITY/STRENGTH	42.8551020408	0.979580173261
778574	INTENSITY/STRENGTH	33.0346938775	0.884871355269
7820	INTENSITY/STRENGTH	40.1204081633	0.960957466056
31265	INTENSITY/STRENGTH	61.7204081633	0.945052812995
8615	INTENSITY/STRENGTH	19.7163265306	0.63315964848
1551246	INTENSITY/STRENGTH	48.1673469388	0.998656553103
6584	INTENSITY/STRENGTH	28.6	0.816816
5960	INTENSITY/STRENGTH	10.6020408163	0.379120324865
61918	INTENSITY/STRENGTH	77.2040816327	0.703975177009
8797	INTENSITY/STRENGTH	61.6897959184	0.945339468555
31260	INTENSITY/STRENGTH	63.9530612245	0.922124832986
18554	INTENSITY/STRENGTH	66.6632653061	0.888934235735
12748	INTENSITY/STRENGTH	47.693877551	0.9978727197
11525	INTENSITY/STRENGTH	58.8265306123	0.96883694294
440967	INTENSITY/STRENGTH	54.4204081633	0.992183996668
31234	INTENSITY/STRENGTH	46.0826530612	0.993861757185
7409	INTENSITY/STRENGTH	77.0367346939	0.707605990837
6106	INTENSITY/STRENGTH	42.5408163265	0.97774423157
8918	INTENSITY/STRENGTH	25.3693877551	0.757333176177
10748	INTENSITY/STRENGTH	48.4448979592	0.999032663057
7122	INTENSITY/STRENGTH	49.2306122449	0.999763216993
24197	INTENSITY/STRENGTH	32.2816326531	0.874423783424
11980	INTENSITY/STRENGTH	55.1653061224	0.989327845065
11086	INTENSITY/STRENGTH	79.4979591837	0.651948161599
7937	INTENSITY/STRENGTH	67.1224489796	0.882728696377
7792	INTENSITY/STRENGTH	57.0836734694	0.979928628072
13436	INTENSITY/STRENGTH	41.0469387755	0.967937077884
326	INTENSITY/STRENGTH	58.7469387755	0.969396424823
62332	INTENSITY/STRENGTH	30.2020408163	0.843216324865
13561	INTENSITY/STRENGTH	37.9	0.941436
7361	INTENSITY/STRENGTH	46.8081632653	0.995924871304
93375	INTENSITY/STRENGTH	64.5448979592	0.915378377343
7147	INTENSITY/STRENGTH	71.8795918367	0.808513384423
641423	INTENSITY/STRENGTH	36.206122449	0.923891576843
17617	INTENSITY/STRENGTH	30.0326530612	0.840522022491
8082	INTENSITY/STRENGTH	32.8265306123	0.882028779675
7593	INTENSITY/STRENGTH	32.7265306123	0.880650902124
8137	INTENSITY/STRENGTH	40.8632653061	0.966608031653
8175	INTENSITY/STRENGTH	56.8591836735	0.981180639733
62900	INTENSITY/STRENGTH	58.193877551	0.973144148272
8184	INTENSITY/STRENGTH	31.0795918367	0.856807261974
16324	INTENSITY/STRENGTH	62.3551020408	0.938940581424
7059	INTENSITY/STRENGTH	67.6673469388	0.875145940858
8908	INTENSITY/STRENGTH	49.5897959184	0.999932693045
638014	INTENSITY/STRENGTH	57.6081632653	0.976846340691
5541	INTENSITY/STRENGTH	27.9755102041	0.805968739692
637566	INTENSITY/STRENGTH	59.7244897959	0.962173719284
2969	INTENSITY/STRENGTH	42.0867346939	0.974952092878
7047	INTENSITY/STRENGTH	66.218367347	0.89478582424
98330	INTENSITY/STRENGTH	30.2744897959	0.844361698875
61386	INTENSITY/STRENGTH	20.5040816327	0.651996319867
7654	INTENSITY/STRENGTH	37.7040816327	0.939524156602
243	INTENSITY/STRENGTH	55.3836734694	0.98840642399
61192	INTENSITY/STRENGTH	45.4408163265	0.991685537693
62580	INTENSITY/STRENGTH	37.5540816327	0.938039646397
12810	INTENSITY/STRENGTH	55.1163265306	0.989529281133
8658	VALENCE/PLEASANTNESS	50.4728408626	0.999910568607
7720	VALENCE/PLEASANTNESS	41.6099888736	0.97184308532
325	VALENCE/PLEASANTNESS	43.6246659996	0.983742046553
521238	VALENCE/PLEASANTNESS	48.9514224162	0.99956019402
8051	VALENCE/PLEASANTNESS	53.5314454834	0.995011557119
62444	VALENCE/PLEASANTNESS	29.3769509153	0.829875938581
101604	VALENCE/PLEASANTNESS	54.9124492889	0.990347136794
778574	VALENCE/PLEASANTNESS	47.4876773419	0.997475293945
7820	VALENCE/PLEASANTNESS	57.3553036837	0.978359803088
61199	VALENCE/PLEASANTNESS	52.6453048336	0.997200944935
31265	VALENCE/PLEASANTNESS	62.1763803539	0.940694304591
8615	VALENCE/PLEASANTNESS	52.8485278642	0.996754355603
1551246	VALENCE/PLEASANTNESS	51.1862484821	0.999437125815
6584	VALENCE/PLEASANTNESS	46.7309899177	0.995725429233
5960	VALENCE/PLEASANTNESS	37.3438755176	0.935929005234
61918	VALENCE/PLEASANTNESS	38.1930710564	0.944238571569
8797	VALENCE/PLEASANTNESS	54.7006728355	0.991161469957
31260	VALENCE/PLEASANTNESS	31.0105442177	0.855760227637
18554	VALENCE/PLEASANTNESS	39.9612888423	0.959689711317
12748	VALENCE/PLEASANTNESS	42.8112411269	0.979328698346
11525	VALENCE/PLEASANTNESS	35.385858548	0.914570747848
8063	VALENCE/PLEASANTNESS	25.9783562034	0.769184251723
440967	VALENCE/PLEASANTNESS	42.9033703492	0.97985513904
31234	VALENCE/PLEASANTNESS	34.5117829329	0.904046052833
7409	VALENCE/PLEASANTNESS	33.7011698273	0.893739254001
6106	VALENCE/PLEASANTNESS	36.4052936261	0.926073583444
8918	VALENCE/PLEASANTNESS	55.0815624426	0.989671089257
10748	VALENCE/PLEASANTNESS	57.7401380292	0.976036105315
62725	VALENCE/PLEASANTNESS	28.1168792517	0.808451610526
7122	VALENCE/PLEASANTNESS	50.1329077364	0.999992934213
24197	VALENCE/PLEASANTNESS	61.0749996414	0.950937753177
1032	VALENCE/PLEASANTNESS	26.8606079316	0.785827413882
11980	VALENCE/PLEASANTNESS	60.1141767763	0.959081371255
11086	VALENCE/PLEASANTNESS	55.2071433785	0.989154263134
7937	VALENCE/PLEASANTNESS	35.8194522988	0.919564826758
7792	VALENCE/PLEASANTNESS	31.065480183	0.85659358372
13436	VALENCE/PLEASANTNESS	39.3104491745	0.95429340126
326	VALENCE/PLEASANTNESS	51.3054667585	0.999318302617
62332	VALENCE/PLEASANTNESS	51.7753261875	0.998739286771
13561	VALENCE/PLEASANTNESS	41.2672006851	0.96949528645
7361	VALENCE/PLEASANTNESS	39.7204213913	0.957732105451
93375	VALENCE/PLEASANTNESS	54.094408977	0.993294326052
7147	VALENCE/PLEASANTNESS	34.0705610829	0.898501190315
641423	VALENCE/PLEASANTNESS	47.7527842745	0.997980008593
17617	VALENCE/PLEASANTNESS	51.1418948608	0.999478430451
8082	VALENCE/PLEASANTNESS	41.3465470494	0.970047100813
7593	VALENCE/PLEASANTNESS	40.1925635164	0.961525675848
8137	VALENCE/PLEASANTNESS	50.1997918732	0.999984033283
8175	VALENCE/PLEASANTNESS	36.8948943072	0.931302481912
62900	VALENCE/PLEASANTNESS	50.5051743794	0.999897919539
8184	VALENCE/PLEASANTNESS	40.7584374128	0.965837408379
16324	VALENCE/PLEASANTNESS	55.0853986454	0.989655488247
7059	VALENCE/PLEASANTNESS	49.1582369689	0.999716574
8908	VALENCE/PLEASANTNESS	53.8554500882	0.994054201847
638014	VALENCE/PLEASANTNESS	57.3510571141	0.978384783722
12587	VALENCE/PLEASANTNESS	25.5996621763	0.761849405636
5541	VALENCE/PLEASANTNESS	57.4800008733	0.977619834774
61670	VALENCE/PLEASANTNESS	45.8388095846	0.993073797731
637566	VALENCE/PLEASANTNESS	54.8015026061	0.990778229089
2969	VALENCE/PLEASANTNESS	30.1661323686	0.842647077912
7047	VALENCE/PLEASANTNESS	41.8541875498	0.97345829581
98330	VALENCE/PLEASANTNESS	43.8646503072	0.984942993659
61386	VALENCE/PLEASANTNESS	43.4059829339	0.982607575573
7654	VALENCE/PLEASANTNESS	50.9545311741	0.999635548095
243	VALENCE/PLEASANTNESS	41.4250287615	0.970587947304
61192	VALENCE/PLEASANTNESS	56.6359163464	0.982385845697
61130	VALENCE/PLEASANTNESS	52.7301533924	0.997018504982
62580	VALENCE/PLEASANTNESS	62.1833587172	0.940626308147
12810	VALENCE/PLEASANTNESS	59.859956162	0.961112505793
8658	BAKERY	6.90719713416	0.257204136466
7720	BAKERY	1.01718392676	0.0402734918141
325	BAKERY	0.765924599381	0.0304023277785
521238	BAKERY	2.47750169423	0.0966448619112
8051	BAKERY	1.35173791822	0.0533386385688
62444	BAKERY	1.24880076038	0.0493282290797
101604	BAKERY	1.25667718668	0.0496353924468
778574	BAKERY	1.47422783461	0.0580997743012
7820	BAKERY	2.27153237012	0.0887973510815
61199	BAKERY	10.8194717257	0.385954481658
31265	BAKERY	3.68749516832	0.142060758486
8615	BAKERY	1.56219674161	0.0615116862006
1551246	BAKERY	4.70060128342	0.179185790366
6584	BAKERY	4.27150239689	0.163561802785
5960	BAKERY	3.08141327737	0.11945848798
61918	BAKERY	10.0176079915	0.360563331712
8797	BAKERY	4.95279298824	0.188299656176
31260	BAKERY	1.76983230888	0.0695403697947
18554	BAKERY	3.50812913244	0.135402377294
12748	BAKERY	8.43364835296	0.308895364302
11525	BAKERY	0.988859751276	0.039163252608
8063	BAKERY	1.81124864499	0.0711376971379
440967	BAKERY	1.60097668226	0.0630138167555
31234	BAKERY	0.326090834945	0.0130010993047
7409	BAKERY	0.961311814929	0.0380828244349
6106	BAKERY	3.38729037992	0.13090212075
8918	BAKERY	0.892610837438	0.0353857318547
10748	BAKERY	2.2299034655	0.0872071508338
62725	BAKERY	2.60599740306	0.101523407136
7122	BAKERY	2.2462640009	0.0878322792514
24197	BAKERY	6.70732087887	0.250297573806
1032	BAKERY	4.38849570385	0.167836270337
11980	BAKERY	4.32569575009	0.165543172515
11086	BAKERY	4.4124313828	0.168709435029
7937	BAKERY	3.62435742889	0.139719910447
7792	BAKERY	1.45727136823	0.057441398793
13436	BAKERY	3.88036240716	0.149191611322
326	BAKERY	5.77379178547	0.217617002786
62332	BAKERY	1.55464580716	0.0612190628521
13561	BAKERY	2.5217205999	0.0983251940825
7361	BAKERY	6.89675124236	0.256843978615
93375	BAKERY	4.611289018	0.175945966157
7147	BAKERY	1.30712778856	0.05160167832
641423	BAKERY	6.94419542078	0.258479076815
17617	BAKERY	2.31772784441	0.0905603688321
8082	BAKERY	1.71084935897	0.0672631721473
7593	BAKERY	0.821679685468	0.0325971244165
8137	BAKERY	2.50322684421	0.0976226159151
8175	BAKERY	0.275065668013	0.0109723622718
62900	BAKERY	3.46373428831	0.133750389444
8184	BAKERY	0.0202865350029	0.000811296782715
16324	BAKERY	3.02595944867	0.117375805713
7059	BAKERY	1.43818535455	0.0567000633364
8908	BAKERY	1.87168612176	0.0734661612949
638014	BAKERY	0.869802706986	0.0344894855798
12587	BAKERY	1.58474233671	0.0623851301588
5541	BAKERY	4.00855526608	0.153914804515
61670	BAKERY	3.87339459579	0.148934509554
637566	BAKERY	4.34030160799	0.1660767771
2969	BAKERY	0.0360375891082	0.0014409840812
7047	BAKERY	3.29300442025	0.127382625565
98330	BAKERY	6.75747104791	0.252033475931
61386	BAKERY	3.84369484457	0.14783819776
7654	BAKERY	2.32255533074	0.0907445079237
243	BAKERY	1.42523360523	0.0561968278772
61192	BAKERY	3.54706282534	0.136849851139
61130	BAKERY	2.66441876455	0.103737099641
62580	BAKERY	14.0294706362	0.482448406915
12810	BAKERY	2.43843045843	0.095158841097
8658	SWEET	32.3477277847	0.875358914255
7720	SWEET	10.1389833764	0.364439741494
325	SWEET	3.19494201918	0.123714618965
521238	SWEET	23.0978462041	0.710509648458
8051	SWEET	21.2363951938	0.669062015421
62444	SWEET	11.0872405809	0.394318861758
101604	SWEET	19.3573136657	0.624410309687
778574	SWEET	17.6546415754	0.581511115353
7820	SWEET	28.1193319363	0.808494546034
61199	SWEET	24.0569467708	0.730783195658
31265	SWEET	36.921897951	0.931585298719
8615	SWEET	14.0702862355	0.483622267519
1551246	SWEET	22.6379885205	0.700528131117
6584	SWEET	10.1258092065	0.364019563426
5960	SWEET	5.97153979085	0.224597876645
61918	SWEET	11.9042813134	0.419486487102
8797	SWEET	23.7502599108	0.7243804581
31260	SWEET	5.78514417901	0.218018609892
18554	SWEET	5.89916387808	0.222046501339
12748	SWEET	8.40678870498	0.308001909667
11525	SWEET	15.1976297826	0.515518010899
8063	SWEET	3.54598643913	0.136809849635
440967	SWEET	6.87990010907	0.256262794158
31234	SWEET	7.51654167218	0.278062307403
7409	SWEET	4.82970554318	0.183857799474
6106	SWEET	8.94350407656	0.325745656996
8918	SWEET	10.3445496136	0.370978101861
10748	SWEET	21.0246983634	0.664172758027
62725	SWEET	5.58714468858	0.210999313235
7122	SWEET	13.7475262765	0.47430325957
24197	SWEET	32.9367828049	0.883538647582
1032	SWEET	8.56711854464	0.313326533723
11980	SWEET	17.2631743964	0.57132009976
11086	SWEET	12.5342849906	0.438528079533
7937	SWEET	7.19673606618	0.267152238645
7792	SWEET	8.64543336969	0.315919927528
13436	SWEET	6.40603097347	0.239826345806
326	SWEET	30.3731891936	0.845915319028
62332	SWEET	16.4281582454	0.549172576481
13561	SWEET	17.1534950576	0.568442845226
7361	SWEET	7.73904941802	0.285604822363
93375	SWEET	15.1511751998	0.514223764017
7147	SWEET	7.82027291645	0.288348249263
641423	SWEET	9.58875853146	0.346772625189
17617	SWEET	14.5328003514	0.496831099634
8082	SWEET	7.86725663178	0.289932774507
7593	SWEET	8.08992636417	0.297418291136
8137	SWEET	14.8648318137	0.506207982609
8175	SWEET	4.28365350345	0.164006265203
62900	SWEET	18.6497981203	0.60686593684
8184	SWEET	10.6203225605	0.379696401903
16324	SWEET	29.0880925797	0.825076851218
7059	SWEET	8.80511338383	0.321192526672
8908	SWEET	23.8280002192	0.72601057099
638014	SWEET	13.0034563376	0.452502302815
12587	SWEET	10.0118321953	0.360378574249
5541	SWEET	19.9973262862	0.639935828009
61670	SWEET	4.9740268521	0.189064696834
637566	SWEET	21.6374734251	0.678226834515
2969	SWEET	7.98050478162	0.293744808637
7047	SWEET	6.17897945206	0.231887263255
98330	SWEET	5.95235353854	0.223921936483
61386	SWEET	10.6414608831	0.380362159434
7654	SWEET	19.4876546353	0.627598712138
243	SWEET	14.5415848641	0.497080318421
61192	SWEET	14.8463901463	0.505689485702
61130	SWEET	9.34523157779	0.338875921815
62580	SWEET	31.9978004435	0.870368324451
12810	SWEET	28.0392552757	0.807090276462
8658	FRUIT	14.7885231823	0.504060760127
7720	FRUIT	2.57713706663	0.100428828481
325	FRUIT	1.73068614819	0.0680293361101
521238	FRUIT	14.2504942641	0.488789135856
8051	FRUIT	15.79783115	0.532084658382
62444	FRUIT	5.8452440559	0.220143011007
101604	FRUIT	5.13896126957	0.194994881611
778574	FRUIT	7.18198737491	0.266647117935
7820	FRUIT	11.7426175412	0.414549074961
61199	FRUIT	4.3129018731	0.165075625897
31265	FRUIT	24.8356862131	0.746702924655
8615	FRUIT	5.25936922398	0.199310383105
1551246	FRUIT	8.17644619403	0.300316138816
6584	FRUIT	4.42945668412	0.169330232758
5960	FRUIT	0.526352334413	0.0209432746645
61918	FRUIT	1.70889655585	0.0671877312585
8797	FRUIT	8.03077742743	0.295433742662
31260	FRUIT	0.82831455302	0.0328581401213
18554	FRUIT	0.971098088193	0.0384667109289
12748	FRUIT	0.665272735788	0.0264338743063
11525	FRUIT	4.92821368991	0.187413631527
8063	FRUIT	0.828731720452	0.0328745503123
440967	FRUIT	3.55619972249	0.137189366313
31234	FRUIT	3.60728479685	0.139086390432
7409	FRUIT	1.04121317997	0.0412148772445
6106	FRUIT	0.49843539657	0.019838040725
8918	FRUIT	7.36994385813	0.273071325336
10748	FRUIT	5.09684106516	0.193482527069
62725	FRUIT	0.901297589282	0.0357269686335
7122	FRUIT	2.96177162604	0.114962028576
24197	FRUIT	10.9665622201	0.390556294032
1032	FRUIT	3.3138496433	0.128161345948
11980	FRUIT	7.06600961059	0.262668987697
11086	FRUIT	7.34451973276	0.272204001268
7937	FRUIT	1.99538121061	0.0782226299541
7792	FRUIT	5.25760259861	0.19924714991
13436	FRUIT	2.7754657581	0.107937346254
326	FRUIT	8.05425374137	0.296221748323
62332	FRUIT	1.96222408928	0.0769488342204
13561	FRUIT	4.26496648164	0.16332268363
7361	FRUIT	1.66060252963	0.0653210608807
93375	FRUIT	6.70173432416	0.250104075786
7147	FRUIT	3.18701188612	0.12341765754
641423	FRUIT	7.15175397148	0.265611124912
17617	FRUIT	5.21459975803	0.197707170067
8082	FRUIT	0.672046432501	0.0267011987371
7593	FRUIT	2.53403620323	0.0987929123374
8137	FRUIT	12.9699234977	0.451509373693
8175	FRUIT	5.8379779035	0.219886321739
62900	FRUIT	4.07783587371	0.156461936783
8184	FRUIT	2.41022181213	0.0940852048117
16324	FRUIT	21.8969553244	0.684087551985
7059	FRUIT	2.93373350307	0.113906623216
8908	FRUIT	18.6322527911	0.606425774015
638014	FRUIT	3.90679444349	0.15016656061
12587	FRUIT	6.9419341129	0.258401184825
5541	FRUIT	8.64816532428	0.316010307581
61670	FRUIT	0.937491250605	0.0371480940862
637566	FRUIT	14.2672474524	0.489268158148
2969	FRUIT	3.00857844354	0.116722520041
7047	FRUIT	5.14813786099	0.195324185065
98330	FRUIT	1.46298199963	0.0576631534526
61386	FRUIT	2.4753402301	0.0965626855023
7654	FRUIT	6.34063280696	0.237543862521
243	FRUIT	4.31195467528	0.165041005763
61192	FRUIT	3.29828637924	0.127579977954
61130	FRUIT	5.23465906266	0.198425700305
62580	FRUIT	2.39806114405	0.0936221668617
12810	FRUIT	15.9053274385	0.53502132117
8658	FISH	0.726249758769	0.0288390148659
7720	FISH	0.175386434347	0.00700315321336
325	FISH	0.336909107218	0.0134309611901
521238	FISH	0.870511291964	0.0345173357148
8051	FISH	1.12672889413	0.044561348565
62444	FISH	5.90196371881	0.222145278457
101604	FISH	0.44921006241	0.0178876866243
778574	FISH	1.17965304199	0.0466294891599
7820	FISH	0.983195367238	0.0389411454375
61199	FISH	0.174159818956	0.00695426010121
31265	FISH	0.823357395791	0.0326631288712
8615	FISH	0.701482498283	0.0278624688532
1551246	FISH	0.536942334379	0.021362370547
6584	FISH	1.58834448635	0.0625246441709
5960	FISH	0.96459834817	0.0382117539375
61918	FISH	0.79168653716	0.0314167544571
8797	FISH	0.94111842121	0.0372904552953
31260	FISH	0.15939382669	0.0063655905108
18554	FISH	3.07807244447	0.119333085789
12748	FISH	3.14806972789	0.121958651911
11525	FISH	0.629140898973	0.0250073086506
8063	FISH	3.87691301956	0.149064338958
440967	FISH	0.515435712052	0.0205111588928
31234	FISH	5.12888985381	0.194633389699
7409	FISH	0.835563896374	0.033143289045
6106	FISH	0.395467979146	0.0157561611968
8918	FISH	0.505770634332	0.0201285037995
10748	FISH	0.148290791624	0.0059228356014
62725	FISH	0.598751939572	0.0238066760288
7122	FISH	0.316121627193	0.0126048919344
24197	FISH	0.576418803286	0.0229238486767
1032	FISH	1.90500685781	0.0747486538613
11980	FISH	1.93255899153	0.0758084459588
11086	FISH	0.317978154217	0.012678682126
7937	FISH	1.32457696952	0.0522812771216
7792	FISH	0.204814730732	0.0081758095997
13436	FISH	5.61274819405	0.211908750846
326	FISH	0.509629100684	0.0202812752993
62332	FISH	1.19335520232	0.047164569437
13561	FISH	0.684667891969	0.0271992076298
7361	FISH	3.10598152991	0.120380412691
93375	FISH	0.411188778201	0.0163799206435
7147	FISH	0.847246305057	0.0336027216817
641423	FISH	0.698826637244	0.0277577220222
17617	FISH	1.50396222377	0.0592537280024
8082	FISH	1.00123889269	0.0396485639794
7593	FISH	1.6009897892	0.0630143242458
8137	FISH	1.64479756228	0.0647097588828
8175	FISH	0.399922800009	0.015932936702
62900	FISH	0.643688052355	0.0255817883707
8184	FISH	0.451234334483	0.0179679284095
16324	FISH	1.11215820158	0.0439915697171
7059	FISH	0.283523683905	0.0113087930845
8908	FISH	0.223164542214	0.00890666072341
638014	FISH	0.108853885583	0.00434941575596
12587	FISH	1.71536291843	0.0674375287605
5541	FISH	2.76269978735	0.107454987448
61670	FISH	0.544117462501	0.0216462729748
637566	FISH	0.217968391691	0.00869973157973
2969	FISH	0.750077431069	0.0297780507817
7047	FISH	1.19737342846	0.0473214558876
98330	FISH	6.6440691219	0.248105303077
61386	FISH	0.216718936598	0.00864997062492
7654	FISH	0.498186367106	0.0198281788217
243	FISH	1.12408036734	0.0444577920247
61192	FISH	4.03590646258	0.154920842113
61130	FISH	0.87268502248	0.0346027692398
62580	FISH	1.01187294556	0.0400653630793
12810	FISH	0.719221249242	0.0285619382875
8658	GARLIC	0.644743893356	0.025623477859
7720	GARLIC	2.11863983336	0.082950139437
325	GARLIC	0.789843971631	0.0313442174654
521238	GARLIC	2.06440653266	0.0808715515737
8051	GARLIC	2.51112901111	0.0979228528801
62444	GARLIC	13.1758332048	0.457592295937
101604	GARLIC	2.57231241014	0.100245779951
778574	GARLIC	3.48492120083	0.134538977723
7820	GARLIC	3.67995295419	0.14178129667
61199	GARLIC	2.08990336913	0.0818490563284
31265	GARLIC	0.770672865856	0.0305893399678
8615	GARLIC	2.67723052554	0.104222195707
1551246	GARLIC	2.46502632978	0.0961705112685
6584	GARLIC	8.91710505341	0.324878297123
5960	GARLIC	3.92575884753	0.150865720889
61918	GARLIC	1.84116464417	0.0722906308678
8797	GARLIC	1.54365746922	0.0607931474159
31260	GARLIC	3.25582532321	0.125992853514
18554	GARLIC	2.62895430102	0.102393611754
12748	GARLIC	8.48324528115	0.310543631046
11525	GARLIC	1.66789377999	0.0656030033351
8063	GARLIC	3.44542640644	0.133068671009
440967	GARLIC	1.37118987348	0.0540955302715
31234	GARLIC	1.12795394334	0.0446092456945
7409	GARLIC	2.30710481561	0.0901550995723
6106	GARLIC	3.4949665487	0.134912745477
8918	GARLIC	2.65001638663	0.103191620726
10748	GARLIC	1.6504724678	0.0649292749654
62725	GARLIC	3.69500403417	0.142338939442
7122	GARLIC	1.4789740204	0.0582840151549
24197	GARLIC	1.67939779492	0.0660477610154
1032	GARLIC	3.42960666564	0.132479385873
11980	GARLIC	1.72101862392	0.0676559829154
11086	GARLIC	1.08059490381	0.0427567220141
7937	GARLIC	1.69082410135	0.0664894095973
7792	GARLIC	1.73443377348	0.0681740467335
13436	GARLIC	6.9376695746	0.258254279333
326	GARLIC	1.43267198422	0.056485859763
62332	GARLIC	2.58805840373	0.100843117629
13561	GARLIC	2.96691840014	0.115155694088
7361	GARLIC	4.04120248398	0.155115572353
93375	GARLIC	1.14762496433	0.0453781813496
7147	GARLIC	0.76722025722	0.0304533595196
641423	GARLIC	3.06936960172	0.119006372168
17617	GARLIC	0.91086206529	0.0361026147308
8082	GARLIC	3.60275497401	0.138918261599
7593	GARLIC	1.61225969785	0.0634506353808
8137	GARLIC	3.21783948097	0.124571782869
8175	GARLIC	1.61047287244	0.0633814657484
62900	GARLIC	1.6032732822	0.0631027372009
8184	GARLIC	2.08236765451	0.081560204161
16324	GARLIC	2.1034893114	0.0823697055426
7059	GARLIC	1.47274764941	0.0580423117207
8908	GARLIC	0.673766233766	0.0267690649755
638014	GARLIC	1.14984684799	0.0454650148102
12587	GARLIC	2.29371162496	0.0896440197911
5541	GARLIC	3.57192031577	0.137773366734
61670	GARLIC	1.78708359928	0.0702058768549
637566	GARLIC	2.08980237154	0.0818451852809
2969	GARLIC	3.59018215829	0.13845152316
7047	GARLIC	2.96899969794	0.115234004235
98330	GARLIC	23.2160284679	0.713047547587
61386	GARLIC	2.20845727375	0.086387377538
7654	GARLIC	1.11012360392	0.0439119943902
243	GARLIC	1.90444455788	0.0747270186858
61192	GARLIC	6.74112841945	0.251468011831
61130	GARLIC	1.45189775147	0.0572327072266
62580	GARLIC	2.10259272937	0.0823353507007
12810	GARLIC	1.31706300916	0.0519886583785
8658	SPICES	7.28210509176	0.270072581843
7720	SPICES	4.24751338547	0.162683987435
325	SPICES	9.12093679294	0.331560876525
521238	SPICES	5.02622772576	0.19094392297
8051	SPICES	3.43825150551	0.132801430854
62444	SPICES	8.1828629324	0.300530818988
101604	SPICES	6.31784933189	0.236747885203
778574	SPICES	7.02026003276	0.261096780939
7820	SPICES	5.53621826958	0.209188845692
61199	SPICES	6.36778855495	0.238492049766
31265	SPICES	3.83336228783	0.147456624941
8615	SPICES	3.57049691801	0.137720497424
1551246	SPICES	9.37779777906	0.339934674688
6584	SPICES	7.53549133297	0.278706201467
5960	SPICES	5.27947394889	0.200029819885
61918	SPICES	7.01764718778	0.26100693869
8797	SPICES	5.3512060013	0.202594077785
31260	SPICES	5.15660334652	0.195627910632
18554	SPICES	6.79720936562	0.253407552561
12748	SPICES	12.6790128817	0.442857568208
11525	SPICES	7.99520585321	0.294238907474
8063	SPICES	4.46436803615	0.170602488661
440967	SPICES	8.66567607769	0.316589466354
31234	SPICES	6.90372288951	0.257084359686
7409	SPICES	6.19454912489	0.232432989451
6106	SPICES	6.03461368222	0.226817922371
8918	SPICES	4.86378757177	0.185088931053
10748	SPICES	7.29429285902	0.270489031036
62725	SPICES	8.4369513634	0.309005195213
7122	SPICES	5.46564450732	0.206676472341
24197	SPICES	7.20364843423	0.267388917064
1032	SPICES	5.50097077905	0.207934559357
11980	SPICES	4.85652097779	0.184826520708
11086	SPICES	4.62683150977	0.176510232463
7937	SPICES	5.32934397163	0.201812995998
7792	SPICES	6.59487362498	0.246398001747
13436	SPICES	8.27516495601	0.303615256221
326	SPICES	9.9008104372	0.356821998563
62332	SPICES	6.34813048843	0.237805715258
13561	SPICES	7.2821166891	0.270072978174
7361	SPICES	6.85579667231	0.255431087688
93375	SPICES	10.8588381363	0.387187779184
7147	SPICES	5.98139695596	0.22494503442
641423	SPICES	8.65488544314	0.316232600912
17617	SPICES	4.16220416884	0.159558589336
8082	SPICES	1.81750286041	0.0713787877574
7593	SPICES	4.79286577874	0.182526006201
8137	SPICES	4.61810110447	0.176193301055
8175	SPICES	2.91511291478	0.113205363269
62900	SPICES	6.10789368321	0.22939320123
8184	SPICES	4.22876889064	0.161997761094
16324	SPICES	4.21251238996	0.161402391344
7059	SPICES	8.48227215141	0.310511309716
8908	SPICES	5.64800140453	0.213160088235
638014	SPICES	7.82091489441	0.288369911862
12587	SPICES	3.33965819543	0.129125001072
5541	SPICES	5.52351894476	0.208737053177
61670	SPICES	7.37100247112	0.273107427873
637566	SPICES	10.0290243561	0.36092844243
2969	SPICES	4.62249233939	0.176352719404
7047	SPICES	9.08861689969	0.330503493128
98330	SPICES	7.91864152934	0.291663707705
61386	SPICES	4.05244897959	0.155529022091
7654	SPICES	6.18865883027	0.232226553964
243	SPICES	7.6421603681	0.282325368687
61192	SPICES	5.99911350409	0.22556879503
61130	SPICES	10.4862103175	0.37546416997
62580	SPICES	16.4536294328	0.549856408706
12810	SPICES	4.2480278453	0.162702817582
8658	COLD	5.58048863244	0.210762803947
7720	COLD	6.56976613612	0.245525914612
325	COLD	4.74660992154	0.180852274563
521238	COLD	3.34545161366	0.129341245947
8051	COLD	4.46858475398	0.170756090278
62444	COLD	3.35002231389	0.129511832754
101604	COLD	6.00670024392	0.225835830629
778574	COLD	6.05108492698	0.227397145562
7820	COLD	3.77839335777	0.145425231765
61199	COLD	2.57837466831	0.10047578036
31265	COLD	4.82806556967	0.183798535929
8615	COLD	4.81731158898	0.183409867181
1551246	COLD	4.79203184325	0.182495846055
6584	COLD	4.82360717167	0.183637412408
5960	COLD	2.70645783491	0.105328347792
61918	COLD	3.88249463523	0.149270279572
8797	COLD	5.84663138975	0.220192016147
31260	COLD	5.94504766375	0.22366446986
18554	COLD	4.73309628237	0.180362971128
12748	COLD	2.30279511494	0.0899906584609
11525	COLD	8.98326207667	0.327050884052
8063	COLD	3.52508638825	0.136032961912
440967	COLD	13.7324262249	0.473865236989
31234	COLD	4.82651680749	0.183742566502
7409	COLD	6.56070874002	0.245211189932
6106	COLD	3.37751336607	0.130537496027
8918	COLD	3.29921213807	0.12761456523
10748	COLD	3.49940846345	0.1350779947
62725	COLD	1.59892071306	0.0629342095437
7122	COLD	5.19280643281	0.196926161853
24197	COLD	3.17968560166	0.123143263856
1032	COLD	4.73649673203	0.180486108764
11980	COLD	4.52341969412	0.172752257473
11086	COLD	6.04588617836	0.227214351262
7937	COLD	6.77027541231	0.252476364829
7792	COLD	5.06092060351	0.192191657198
13436	COLD	4.25070460662	0.162800788404
326	COLD	6.41124670551	0.240008234493
62332	COLD	5.63512815613	0.212703258511
13561	COLD	3.90357338469	0.15004778132
7361	COLD	3.5731994293	0.137820875508
93375	COLD	6.55594801161	0.245045738732
7147	COLD	6.59298643604	0.246332469383
641423	COLD	4.0359883321	0.154923852557
17617	COLD	6.29956422612	0.236108765269
8082	COLD	8.92213148693	0.325043487369
7593	COLD	5.39944338601	0.204316139889
8137	COLD	3.92342422507	0.150779665943
8175	COLD	6.92930738971	0.257966175228
62900	COLD	5.05146770026	0.19185177764
8184	COLD	7.25041628122	0.268989236749
16324	COLD	3.10953101027	0.120513567169
7059	COLD	5.46125874451	0.206520210951
8908	COLD	5.27847380261	0.19999403783
638014	COLD	4.7910448109	0.182460148284
12587	COLD	3.79868936705	0.146175558319
5541	COLD	4.87391442197	0.185454560162
61670	COLD	3.49060464776	0.134750457587
637566	COLD	5.46454624403	0.2066373435
2969	COLD	4.78235900034	0.18214597697
7047	COLD	4.70549740653	0.179363213924
98330	COLD	4.19422101575	0.160732244658
61386	COLD	9.34215102975	0.338775726845
7654	COLD	3.58238036683	0.138161835036
243	COLD	4.44173894164	0.169777939735
61192	COLD	3.2419973947	0.125475676945
61130	COLD	4.64678758585	0.177234449487
62580	COLD	4.081628692	0.156601270568
12810	COLD	6.35366570835	0.237999001161
8658	SOUR	4.75546889323	0.181172961971
7720	SOUR	8.89369351463	0.324108626852
325	SOUR	6.54955492835	0.24482352923
521238	SOUR	6.28426249828	0.235573717872
8051	SOUR	7.6450641909	0.282423765043
62444	SOUR	16.230846847	0.543857718133
101604	SOUR	5.70878958033	0.215315471824
778574	SOUR	6.9829831691	0.259814505188
7820	SOUR	17.1557153164	0.56850118545
61199	SOUR	4.97543751243	0.189115509121
31265	SOUR	9.6463709522	0.348633849069
8615	SOUR	4.03809121972	0.155001176509
1551246	SOUR	14.1864043935	0.486954547893
6584	SOUR	17.5999745928	0.580095341444
5960	SOUR	14.9968647968	0.509912210378
61918	SOUR	8.0079978355	0.294668701686
8797	SOUR	5.66291496325	0.213689156178
31260	SOUR	10.3874277769	0.372337648749
18554	SOUR	9.69330828108	0.35014824107
12748	SOUR	8.41281137721	0.308202296981
11525	SOUR	4.12765257559	0.15829109671
8063	SOUR	12.8063003788	0.446651483396
440967	SOUR	6.67564863103	0.249200231383
31234	SOUR	8.84145929486	0.322389810809
7409	SOUR	5.30264546519	0.200858599036
6106	SOUR	7.13080233753	0.264892756711
8918	SOUR	7.4694673706	0.276461517704
10748	SOUR	4.26387333222	0.163282686971
62725	SOUR	12.1323789229	0.426417309584
7122	SOUR	3.99035685868	0.153245095203
24197	SOUR	10.7935538727	0.385141832826
1032	SOUR	24.5235932416	0.740381079473
11980	SOUR	11.6598753681	0.412013937285
11086	SOUR	5.76738768273	0.217390403036
7937	SOUR	6.87435113973	0.256071364152
7792	SOUR	6.44096999757	0.241044362099
13436	SOUR	10.5348907804	0.377002061713
326	SOUR	4.83092180227	0.183901749907
62332	SOUR	7.33027272487	0.271717749706
13561	SOUR	11.5527854942	0.408724678698
7361	SOUR	7.35281144891	0.272486923475
93375	SOUR	4.44765076809	0.169993391781
7147	SOUR	5.63495341604	0.212697056641
641423	SOUR	8.00863093755	0.294689969705
17617	SOUR	7.54594037926	0.279061128688
8082	SOUR	9.14744683136	0.332427559841
7593	SOUR	7.39680132224	0.273986984969
8137	SOUR	10.9399853347	0.389726101738
8175	SOUR	8.68123056134	0.31710371683
62900	SOUR	6.93760766088	0.258252146413
8184	SOUR	6.54619896364	0.244706870197
16324	SOUR	8.18164516139	0.300490079437
7059	SOUR	4.40999715064	0.168620656078
8908	SOUR	6.40890993483	0.239926746772
638014	SOUR	6.78167990054	0.252870723112
12587	SOUR	14.0758119942	0.48378108645
5541	SOUR	8.29975518752	0.304435833032
61670	SOUR	4.96735182957	0.188824239503
637566	SOUR	6.33613679119	0.237386819873
2969	SOUR	13.0218321953	0.453046042324
7047	SOUR	7.1572953932	0.26580106479
98330	SOUR	11.2573283193	0.399602156415
61386	SOUR	7.15773379515	0.265816090573
7654	SOUR	6.51948699587	0.243777995559
243	SOUR	3.73688157081	0.143889549283
61192	SOUR	10.483067115	0.375364806144
61130	SOUR	6.18449703286	0.232080679895
62580	SOUR	6.50234977921	0.243181770108
12810	SOUR	7.66353764206	0.283049582006
8658	BURNT	5.77930055	0.217811896061
7720	BURNT	3.13068759615	0.121307021916
325	BURNT	8.03519693255	0.295582121404
521238	BURNT	2.63104829141	0.102472965612
8051	BURNT	1.61622857294	0.0636042649974
62444	BURNT	6.50075508249	0.243126276643
101604	BURNT	2.53635413867	0.09888092862
778574	BURNT	5.88004027952	0.221371661705
7820	BURNT	4.08286910564	0.156646836172
61199	BURNT	5.33435522507	0.201992070736
31265	BURNT	2.68424454366	0.104487714238
8615	BURNT	1.87726980227	0.0736811353266
1551246	BURNT	4.69533683684	0.178994998269
6584	BURNT	14.6583056227	0.500385855417
5960	BURNT	4.92433533353	0.18727378195
61918	BURNT	19.7358399882	0.633632247511
8797	BURNT	7.88727263954	0.290607277706
31260	BURNT	3.95960799953	0.152112921777
18554	BURNT	3.93647999142	0.151260849768
12748	BURNT	14.2043292142	0.487467981198
11525	BURNT	7.23425324675	0.268436361855
8063	BURNT	5.34220756762	0.202272630027
440967	BURNT	3.01259919474	0.116873666226
31234	BURNT	5.70745301501	0.215268112633
7409	BURNT	5.83913922981	0.219927350414
6106	BURNT	5.80509072655	0.218723997725
8918	BURNT	2.46778301139	0.0962753392592
10748	BURNT	3.09417339483	0.119937372194
62725	BURNT	27.9819727891	0.806082591097
7122	BURNT	5.66289150306	0.213688324052
24197	BURNT	1.59132168143	0.0626399453797
1032	BURNT	6.71906179139	0.250704155113
11980	BURNT	5.27923613192	0.200021311622
11086	BURNT	6.03926020408	0.226981342638
7937	BURNT	5.40086060983	0.204366706263
7792	BURNT	2.60523048895	0.101494329198
13436	BURNT	15.4204945131	0.521703120112
326	BURNT	2.95231215551	0.114606027395
62332	BURNT	1.41369233238	0.055748282891
13561	BURNT	3.07619661079	0.119262670196
7361	BURNT	4.32566428005	0.165542022617
93375	BURNT	2.81934042396	0.109594144788
7147	BURNT	7.02922239896	0.261404908945
641423	BURNT	4.17395238419	0.159989343966
17617	BURNT	3.73191273096	0.143705640186
8082	BURNT	4.25637836971	0.163008432058
7593	BURNT	3.95782269323	0.152047163541
8137	BURNT	5.22637256656	0.198128914581
8175	BURNT	5.63317904774	0.212634079436
62900	BURNT	5.27961397063	0.200034829354
8184	BURNT	5.15680891881	0.195635285462
16324	BURNT	2.52937460704	0.0986158899204
7059	BURNT	8.66767762747	0.316655650917
8908	BURNT	2.7185773659	0.105786829478
638014	BURNT	1.6182959153	0.0636842839442
12587	BURNT	5.56483857303	0.210206571584
5541	BURNT	3.68534957604	0.141981262442
61670	BURNT	12.1459497858	0.426828352953
637566	BURNT	4.26464063887	0.163310761643
2969	BURNT	5.98510810435	0.225075716566
7047	BURNT	6.13929677921	0.230495485191
98330	BURNT	10.661452337	0.380991467106
61386	BURNT	3.53723620105	0.136484632065
7654	BURNT	3.00619390262	0.116632875393
243	BURNT	5.16615738788	0.195970622653
61192	BURNT	10.1704465991	0.365442670354
61130	BURNT	6.63407029478	0.247758456321
62580	BURNT	3.84052743541	0.147721237024
12810	BURNT	4.45739002797	0.170348270774
8658	ACID	7.22995417998	0.268289272221
7720	ACID	8.6772898181	0.316973449289
325	ACID	12.0279249611	0.423248606897
521238	ACID	6.00028482896	0.225610025947
8051	ACID	10.8110019343	0.385688972243
62444	ACID	7.13012681529	0.264869589251
101604	ACID	4.11707595299	0.157902912358
778574	ACID	6.30231657849	0.236204985437
7820	ACID	4.33892580245	0.16602652125
61199	ACID	3.15459503829	0.12220321359
31265	ACID	3.99876227992	0.153554451288
8615	ACID	5.22964254354	0.198246037288
1551246	ACID	6.61271235157	0.247017308205
6584	ACID	8.71376848457	0.318178834902
5960	ACID	7.73888441834	0.285599243917
61918	ACID	6.19950270727	0.232606574764
8797	ACID	7.02231581533	0.261167464849
31260	ACID	6.77259803657	0.252556687797
18554	ACID	6.65338610302	0.248428425467
12748	ACID	8.33742272997	0.305691862087
11525	ACID	14.3823699121	0.492553770769
8063	ACID	6.45986434725	0.241702634936
440967	ACID	7.72279031561	0.285055016521
31234	ACID	6.43249664439	0.240749060544
7409	ACID	11.0925698364	0.394484751227
6106	ACID	6.39162501226	0.239323852371
8918	ACID	7.52291767792	0.278278990961
10748	ACID	3.78695673922	0.145741853031
62725	ACID	12.3066751701	0.431685305306
7122	ACID	5.62448527247	0.212325477067
24197	ACID	4.46483946029	0.170619661849
1032	ACID	6.44233637815	0.241091975922
11980	ACID	8.24255499286	0.30252631459
11086	ACID	9.53969767694	0.345185574371
7937	ACID	10.863298908	0.387327451053
7792	ACID	8.79005372594	0.320696131236
13436	ACID	6.53131997375	0.24418954271
326	ACID	9.76955307049	0.352604455941
62332	ACID	5.41177954748	0.204756238751
13561	ACID	6.4206669306	0.240336691691
7361	ACID	5.61783829929	0.212089489109
93375	ACID	6.18224724843	0.232001817521
7147	ACID	8.24493456971	0.302605804365
641423	ACID	3.93975710299	0.151381609707
17617	ACID	5.67464794727	0.214105266161
8082	ACID	6.91647878983	0.257524080053
7593	ACID	5.87799370182	0.221299424089
8137	ACID	3.74888731108	0.144333830015
8175	ACID	7.51797732023	0.278111099614
62900	ACID	4.40047924907	0.168273482914
8184	ACID	10.122595716	0.363917051028
16324	ACID	3.68397165337	0.141930207278
7059	ACID	7.87329009019	0.29013612487
8908	ACID	6.59111380118	0.246267439591
638014	ACID	7.18115610725	0.266618643075
12587	ACID	6.79151556104	0.253210748995
5541	ACID	4.49870585454	0.171852892435
61670	ACID	8.57643238266	0.313635218341
637566	ACID	8.84594332298	0.32253744761
2969	ACID	9.92150576543	0.357485719956
7047	ACID	6.95897890747	0.258988201325
98330	ACID	5.89795806195	0.222003958758
61386	ACID	4.58198153566	0.174881439509
7654	ACID	4.94183627464	0.18790475268
243	ACID	6.41692491794	0.240206226557
61192	ACID	5.25096819658	0.199009661063
61130	ACID	8.21965418543	0.301761081446
62580	ACID	3.87002170704	0.148810041076
12810	ACID	4.33402951094	0.165847655717
8658	WARM	6.48228488204	0.242483388365
7720	WARM	4.45536945957	0.170274651574
325	WARM	6.01349678279	0.226075013889
521238	WARM	5.87792478291	0.221296991415
8051	WARM	5.5847654035	0.210914774295
62444	WARM	6.29615257645	0.235989488152
101604	WARM	5.77652660467	0.217713760341
778574	WARM	6.86738302685	0.255830941219
7820	WARM	4.61626573398	0.176126665629
61199	WARM	5.85728488828	0.220568281026
31265	WARM	4.83413114511	0.184017716233
8615	WARM	6.35007278879	0.237873541782
1551246	WARM	7.308453586	0.270972745913
6584	WARM	4.07138459917	0.156224914945
5960	WARM	6.34066002432	0.237544813155
61918	WARM	6.81285503208	0.253948203808
8797	WARM	4.56274708983	0.174182419191
31260	WARM	6.58897037258	0.246193002675
18554	WARM	5.20924708037	0.197515381157
12748	WARM	9.16820784691	0.333105899827
11525	WARM	7.16519326792	0.26607173289
8063	WARM	4.17505750882	0.160029858272
440967	WARM	7.0228118627	0.261184519924
31234	WARM	6.37860689559	0.238869625452
7409	WARM	6.31672220347	0.23670849638
6106	WARM	7.74416491606	0.285777760544
8918	WARM	4.10250252475	0.157367890204
10748	WARM	7.63284477514	0.282009663261
62725	WARM	5.76294757952	0.217233277259
7122	WARM	8.07224661898	0.296825398568
24197	WARM	3.71393744272	0.143040165177
1032	WARM	6.09180791157	0.22882826701
11980	WARM	4.88683280704	0.185920858328
11086	WARM	6.35686333044	0.238110648657
7937	WARM	5.74015452312	0.216426431345
7792	WARM	5.47712708718	0.207085515036
13436	WARM	7.4208362687	0.274805926377
326	WARM	4.87800303628	0.185602156003
62332	WARM	6.38552094538	0.239110886718
13561	WARM	4.10429088319	0.157433553866
7361	WARM	5.64849597563	0.213177636311
93375	WARM	7.6870129192	0.28384444972
7147	WARM	6.17195297084	0.231640917444
641423	WARM	6.72985482169	0.251077814499
17617	WARM	7.87632601781	0.290238436097
8082	WARM	4.89170681006	0.186096754196
7593	WARM	6.66140393949	0.248706436602
8137	WARM	5.39410803495	0.204125760801
8175	WARM	4.1948248473	0.160754371692
62900	WARM	5.13946331211	0.19501289923
8184	WARM	5.76208219676	0.217202651373
16324	WARM	7.3512408709	0.272433337899
7059	WARM	7.64011465148	0.282256045304
8908	WARM	4.19973675188	0.160934354561
638014	WARM	6.28404430742	0.235566087154
12587	WARM	4.91914802998	0.187086714263
5541	WARM	6.3468328246	0.237760398223
61670	WARM	8.88060294919	0.323678074471
637566	WARM	4.10615975337	0.157502170967
2969	WARM	5.89556486393	0.221919520531
7047	WARM	6.81378268872	0.253980253737
98330	WARM	4.49995906727	0.171898510048
61386	WARM	8.75885630828	0.3196672268
7654	WARM	3.06281496386	0.118760264353
243	WARM	6.73613577152	0.251295220808
61192	WARM	6.26473202403	0.234890534028
61130	WARM	7.12317095062	0.264631012268
62580	WARM	7.67207702592	0.28333877468
12810	WARM	5.09348075798	0.193361811826
8658	MUSKY	6.99095020988	0.26008865446
7720	MUSKY	6.31742527693	0.236733066225
325	MUSKY	8.59406886712	0.314219546808
521238	MUSKY	4.52755154025	0.17290257243
8051	MUSKY	5.87874206322	0.221325839231
62444	MUSKY	7.33429079659	0.271854903268
101604	MUSKY	6.67845237087	0.249297404407
778574	MUSKY	11.7645246856	0.415219370994
7820	MUSKY	6.03341447452	0.226775742892
61199	MUSKY	7.86901143315	0.289991920952
31265	MUSKY	3.81097357425	0.146629535136
8615	MUSKY	11.0120611563	0.391976249889
1551246	MUSKY	9.76165006173	0.352350077698
6584	MUSKY	8.95219138906	0.326030963296
5960	MUSKY	10.6102181137	0.379378033181
61918	MUSKY	15.0507402522	0.511419697232
8797	MUSKY	9.30570301907	0.337589677291
31260	MUSKY	12.90674631	0.449636212276
18554	MUSKY	12.7853006935	0.446026462211
12748	MUSKY	12.0151825085	0.422861456054
11525	MUSKY	4.09246866937	0.156999426851
8063	MUSKY	10.6918258993	0.381946979548
440967	MUSKY	3.80300311673	0.146334991587
31234	MUSKY	10.0425103155	0.361359607247
7409	MUSKY	6.69557872517	0.249890839221
6106	MUSKY	13.3824297924	0.463661420837
8918	MUSKY	6.66311625431	0.248765802885
10748	MUSKY	4.52516612061	0.172815793457
62725	MUSKY	11.9507981253	0.420903294679
7122	MUSKY	7.66290135735	0.283028031409
24197	MUSKY	4.46635725056	0.170674951186
1032	MUSKY	22.7646500267	0.703294284732
11980	MUSKY	9.80995164405	0.353904005259
11086	MUSKY	7.68002345234	0.283607834002
7937	MUSKY	10.1815656403	0.365796914058
7792	MUSKY	8.11876908344	0.298384998765
13436	MUSKY	11.3747192547	0.403235074939
326	MUSKY	5.8040365743	0.21868672675
62332	MUSKY	5.3955950898	0.204178825043
13561	MUSKY	5.96321708183	0.224304700087
7361	MUSKY	11.8944010563	0.419185331658
93375	MUSKY	4.69229447881	0.178884728162
7147	MUSKY	6.92431956287	0.257794301951
641423	MUSKY	7.87726885021	0.290270208193
17617	MUSKY	9.29210702091	0.337146979681
8082	MUSKY	3.03366706132	0.117665428117
7593	MUSKY	11.8909443818	0.419079951954
8137	MUSKY	6.3426675452	0.237614929173
8175	MUSKY	12.5874030828	0.440119036764
62900	MUSKY	3.17972078479	0.123144581684
8184	MUSKY	7.25760473462	0.269235058791
16324	MUSKY	5.86166134148	0.220722824186
7059	MUSKY	9.45378122778	0.34240165731
8908	MUSKY	2.58931187167	0.100890660479
638014	MUSKY	6.00355033305	0.225724966681
12587	MUSKY	23.059702381	0.709688145679
5541	MUSKY	8.35826141339	0.306386242994
61670	MUSKY	10.2569072575	0.368194631704
637566	MUSKY	6.33865770398	0.237474875564
2969	MUSKY	16.8667535099	0.560875190811
7047	MUSKY	9.53849563595	0.345146665839
98330	MUSKY	8.84732137663	0.322582816849
61386	MUSKY	8.30880445642	0.304737685659
7654	MUSKY	3.73935916525	0.143981243823
243	MUSKY	9.18773351166	0.333743561634
61192	MUSKY	5.98993538714	0.225245685109
61130	MUSKY	6.0486274856	0.22731074164
62580	MUSKY	8.79601771187	0.32089273744
12810	MUSKY	4.34987472191	0.166426424838
8658	SWEATY	1.65108251649	0.064952871269
7720	SWEATY	2.7158005047	0.105681791236
325	SWEATY	2.31911732661	0.0906133709945
521238	SWEATY	1.84757460905	0.0725375715877
8051	SWEATY	5.74476628626	0.216589715577
62444	SWEATY	6.1404149707	0.230534720423
101604	SWEATY	2.11503747964	0.0828121457694
778574	SWEATY	3.50236958978	0.135188146494
7820	SWEATY	4.15608020499	0.159334007132
61199	SWEATY	3.28911260156	0.12723719938
31265	SWEATY	4.09577956359	0.15712101845
8615	SWEATY	2.19353492954	0.0858167589866
1551246	SWEATY	3.50961862413	0.13545777581
6584	SWEATY	4.62154296434	0.176318254825
5960	SWEATY	12.0244513924	0.42314308318
61918	SWEATY	5.30822959783	0.201058263328
8797	SWEATY	1.01673925819	0.04025606684
31260	SWEATY	11.235728799	0.398932511302
18554	SWEATY	6.62967458539	0.247605949372
12748	SWEATY	5.15829385793	0.195688556107
11525	SWEATY	1.93097716169	0.0757476173481
8063	SWEATY	10.0791632461	0.362530717147
440967	SWEATY	1.21886309192	0.0481602727822
31234	SWEATY	6.17750737927	0.231835656203
7409	SWEATY	2.9589247963	0.114854897472
6106	SWEATY	11.3576270865	0.402706806246
8918	SWEATY	3.63599602236	0.140151654065
10748	SWEATY	1.81013479675	0.0710947566772
62725	SWEATY	6.90774453915	0.257223007719
7122	SWEATY	1.73554286131	0.068216870843
24197	SWEATY	1.70723712118	0.0671236214122
1032	SWEATY	9.7438879012	0.351778175476
11980	SWEATY	3.37318477818	0.130376040908
11086	SWEATY	3.78499811545	0.145669440324
7937	SWEATY	3.39103352171	0.13104169753
7792	SWEATY	3.06146890619	0.118709719502
13436	SWEATY	5.43373854513	0.205539335974
326	SWEATY	2.88954033387	0.112241836018
62332	SWEATY	3.43840973386	0.132807324755
13561	SWEATY	4.17707512159	0.160103822235
7361	SWEATY	4.64386505086	0.17712840899
93375	SWEATY	3.58262212392	0.138170812444
7147	SWEATY	3.37382384966	0.130399879039
641423	SWEATY	5.58579416734	0.210951328102
17617	SWEATY	3.06753158789	0.118937363499
8082	SWEATY	5.26399273008	0.199475861418
7593	SWEATY	8.40635014548	0.307987316712
8137	SWEATY	2.47714331401	0.0966312369612
8175	SWEATY	7.05176642743	0.262179693198
62900	SWEATY	1.69733279048	0.0667409361787
8184	SWEATY	7.69223106952	0.28402107525
16324	SWEATY	2.39491599874	0.0935023908932
7059	SWEATY	2.54462456935	0.0991949370946
8908	SWEATY	2.99121673679	0.116069718445
638014	SWEATY	1.65701846696	0.0651824545984
12587	SWEATY	13.1255430043	0.456109768508
5541	SWEATY	6.32960372295	0.237158595602
61670	SWEATY	4.31320255689	0.165086615757
637566	SWEATY	1.77537028189	0.0697540354205
2969	SWEATY	6.72724994699	0.25098764114
7047	SWEATY	4.5732595841	0.174564502074
98330	SWEATY	6.47199564736	0.242125134831
61386	SWEATY	5.4873117428	0.207448233647
7654	SWEATY	2.9729259846	0.11538172382
243	SWEATY	5.86118482822	0.220705998093
61192	SWEATY	5.59990418472	0.211452596638
61130	SWEATY	1.20886226573	0.0477699514383
62580	SWEATY	1.37387402824	0.0541999491914
12810	SWEATY	1.01821039254	0.0403137147401
8658	AMMONIA/URINOUS	4.90689126344	0.186644617789
7720	AMMONIA/URINOUS	7.02465264032	0.261247807726
325	AMMONIA/URINOUS	9.7116864137	0.350740715349
521238	AMMONIA/URINOUS	2.80983732494	0.109235418681
8051	AMMONIA/URINOUS	8.91415835371	0.324781446487
62444	AMMONIA/URINOUS	10.391009713	0.372451155377
101604	AMMONIA/URINOUS	4.68844180264	0.178745077491
778574	AMMONIA/URINOUS	2.99233648483	0.116111828338
7820	AMMONIA/URINOUS	3.81086084411	0.146625369615
61199	AMMONIA/URINOUS	2.8532805247	0.110874737087
31265	AMMONIA/URINOUS	0.803830303554	0.0318947548794
8615	AMMONIA/URINOUS	5.79402025378	0.218332541871
1551246	AMMONIA/URINOUS	4.61514604788	0.176086012698
6584	AMMONIA/URINOUS	5.99561873519	0.2254457718
5960	AMMONIA/URINOUS	4.18574271479	0.160421531762
61918	AMMONIA/URINOUS	4.05330338657	0.155560428125
8797	AMMONIA/URINOUS	5.27267044477	0.199786396343
31260	AMMONIA/URINOUS	8.11335468813	0.298203577807
18554	AMMONIA/URINOUS	6.05086877894	0.227389545966
12748	AMMONIA/URINOUS	4.73546587959	0.180448780345
11525	AMMONIA/URINOUS	9.60264235185	0.347221398019
8063	AMMONIA/URINOUS	10.8637342955	0.387341082683
440967	AMMONIA/URINOUS	6.55888581319	0.245147839283
31234	AMMONIA/URINOUS	7.11187408111	0.264243462066
7409	AMMONIA/URINOUS	9.66310246638	0.349173878945
6106	AMMONIA/URINOUS	4.40913549475	0.168589229466
8918	AMMONIA/URINOUS	5.55460347199	0.209842690987
10748	AMMONIA/URINOUS	4.72884126406	0.180208874682
62725	AMMONIA/URINOUS	10.0744944088	0.362381601314
7122	AMMONIA/URINOUS	8.93076047988	0.325327026096
24197	AMMONIA/URINOUS	2.9055645865	0.112845661234
1032	AMMONIA/URINOUS	4.22571954068	0.161886099373
11980	AMMONIA/URINOUS	3.46504220489	0.133799081203
11086	AMMONIA/URINOUS	7.48758141554	0.27707770644
7937	AMMONIA/URINOUS	6.33382098451	0.237305924075
7792	AMMONIA/URINOUS	5.19631428585	0.197051898571
13436	AMMONIA/URINOUS	7.00257412749	0.260488547335
326	AMMONIA/URINOUS	7.40501902842	0.274267038412
62332	AMMONIA/URINOUS	7.44226087101	0.275535536092
13561	AMMONIA/URINOUS	5.59438580924	0.211256571337
7361	AMMONIA/URINOUS	3.76599588413	0.144966745366
93375	AMMONIA/URINOUS	7.26321203155	0.269426781656
7147	AMMONIA/URINOUS	9.95674199985	0.358614995493
641423	AMMONIA/URINOUS	4.65402255831	0.177496931943
17617	AMMONIA/URINOUS	6.83825553858	0.254825526019
8082	AMMONIA/URINOUS	10.1291608803	0.364126475157
7593	AMMONIA/URINOUS	7.36084672344	0.272761043143
8137	AMMONIA/URINOUS	1.8503870808	0.0726459102924
8175	AMMONIA/URINOUS	7.15043697014	0.26556597926
62900	AMMONIA/URINOUS	4.24346277488	0.162535720466
8184	AMMONIA/URINOUS	8.78165385304	0.320419176364
16324	AMMONIA/URINOUS	2.08663444962	0.0817237606542
7059	AMMONIA/URINOUS	6.38402011129	0.239058519339
8908	AMMONIA/URINOUS	5.09112035297	0.193277011539
638014	AMMONIA/URINOUS	2.2110718592	0.0864873388613
12587	AMMONIA/URINOUS	4.58541892562	0.175006330335
5541	AMMONIA/URINOUS	1.76905964682	0.0695105570591
61670	AMMONIA/URINOUS	3.39556955651	0.131210825215
637566	AMMONIA/URINOUS	2.83221915249	0.110080179968
2969	AMMONIA/URINOUS	9.06529473288	0.329739961878
7047	AMMONIA/URINOUS	7.42964736063	0.275106030464
98330	AMMONIA/URINOUS	8.99811617601	0.327538209154
61386	AMMONIA/URINOUS	2.66777734795	0.103864279527
7654	AMMONIA/URINOUS	4.87703250009	0.185567121601
243	AMMONIA/URINOUS	6.67564463176	0.249200092771
61192	AMMONIA/URINOUS	6.47845891307	0.242350184567
61130	AMMONIA/URINOUS	3.82964399319	0.147319290482
62580	AMMONIA/URINOUS	2.84759756592	0.110660377878
12810	AMMONIA/URINOUS	1.60045942176	0.0629937887261
8658	DECAYED	2.93484075241	0.113948313999
7720	DECAYED	3.27259669225	0.126619912046
325	DECAYED	3.38977968724	0.130994944958
521238	DECAYED	2.70400966183	0.105235719173
8051	DECAYED	5.7076034393	0.215273442764
62444	DECAYED	14.1076524943	0.484695756213
101604	DECAYED	4.38989441336	0.16788730735
778574	DECAYED	4.19488896664	0.160756721289
7820	DECAYED	3.88751070046	0.14945533224
61199	DECAYED	6.16420256542	0.23136914531
31265	DECAYED	3.17870144041	0.123106400477
8615	DECAYED	3.80963132356	0.146579936614
1551246	DECAYED	1.9985765244	0.0783453377263
6584	DECAYED	4.72477385947	0.18006155917
5960	DECAYED	3.40660806852	0.131622331328
61918	DECAYED	8.80771955962	0.321278412849
8797	DECAYED	2.43953425784	0.0952008393555
31260	DECAYED	7.0098491762	0.260738772859
18554	DECAYED	5.26993938385	0.19968867091
12748	DECAYED	6.3450613765	0.237698533512
11525	DECAYED	2.90100934481	0.112674031705
8063	DECAYED	12.1168566253	0.42594697922
440967	DECAYED	2.59950221933	0.101277124058
31234	DECAYED	5.90257832081	0.222166960499
7409	DECAYED	4.85941802971	0.184931143754
6106	DECAYED	2.68559008688	0.104538645829
8918	DECAYED	3.76452356917	0.144912287686
10748	DECAYED	1.13273459156	0.0447961486006
62725	DECAYED	8.11609477887	0.298295393371
7122	DECAYED	2.20423646947	0.0862259954133
24197	DECAYED	3.83781826107	0.147621190841
1032	DECAYED	10.6409437188	0.38034587546
11980	DECAYED	7.42144203766	0.274826560739
11086	DECAYED	2.20748638536	0.0863502569576
7937	DECAYED	5.18925360098	0.196798802865
7792	DECAYED	4.13354086764	0.158507170664
13436	DECAYED	12.7930228189	0.446256339618
326	DECAYED	1.96729896458	0.0771438524967
62332	DECAYED	1.48300272028	0.0584403899841
13561	DECAYED	3.56472662492	0.137506154633
7361	DECAYED	4.907937406	0.186682356407
93375	DECAYED	8.71307672006	0.318155986431
7147	DECAYED	3.84387206877	0.147844741759
641423	DECAYED	2.51220086435	0.097963573301
17617	DECAYED	5.03531791527	0.191270946008
8082	DECAYED	4.43436385918	0.169509121233
7593	DECAYED	4.44282234362	0.169817425594
8137	DECAYED	6.69827104782	0.249984107901
8175	DECAYED	4.79966908847	0.182772034195
62900	DECAYED	3.62902774874	0.139893172989
8184	DECAYED	2.50082375226	0.0975313023145
16324	DECAYED	3.76813195636	0.145045750878
7059	DECAYED	4.15954064708	0.159460914525
8908	DECAYED	2.83676183753	0.110251586412
638014	DECAYED	9.11309641766	0.331304446179
12587	DECAYED	15.3142569252	0.518759690941
5541	DECAYED	4.82589903177	0.183720240685
61670	DECAYED	2.61776910862	0.101969678303
637566	DECAYED	2.6431595398	0.102931864651
2969	DECAYED	5.52342827021	0.208733826866
7047	DECAYED	2.41076325706	0.0941058184897
98330	DECAYED	10.7708404338	0.384429215891
61386	DECAYED	2.54472208998	0.0991986393931
7654	DECAYED	2.92613257408	0.113620402227
243	DECAYED	4.93267447049	0.187574467847
61192	DECAYED	8.05960446657	0.296401289
61130	DECAYED	1.76547249785	0.0693721426579
62580	DECAYED	3.25241930999	0.125865479853
12810	DECAYED	1.99321014092	0.0781392509705
8658	WOOD	2.58790189125	0.100837181171
7720	WOOD	3.59679026977	0.138696850693
325	WOOD	3.49438107305	0.134890963289
521238	WOOD	3.22833693792	0.124964613763
8051	WOOD	2.59728909209	0.101193199432
62444	WOOD	1.07728616232	0.0426272283024
101604	WOOD	4.36417643922	0.166948643172
778574	WOOD	2.95544831261	0.114724062613
7820	WOOD	3.28302660746	0.127009758816
61199	WOOD	4.36822508581	0.167096447272
31265	WOOD	0.957770144597	0.0379438763239
8615	WOOD	3.20944634673	0.124257635528
1551246	WOOD	3.51739739803	0.135747062139
6584	WOOD	4.23962765958	0.162395329306
5960	WOOD	5.15152136067	0.195445585495
61918	WOOD	9.17139387527	0.333209968765
8797	WOOD	4.34327933591	0.166185543281
31260	WOOD	1.31411729852	0.0518739302313
18554	WOOD	3.90224324232	0.149998728764
12748	WOOD	2.95044285634	0.114535669034
11525	WOOD	3.83181451199	0.147399459498
8063	WOOD	3.71102879211	0.142932457806
440967	WOOD	3.70826656333	0.142830166171
31234	WOOD	2.5869973947	0.10080287358
7409	WOOD	2.28352632357	0.0892552559548
6106	WOOD	3.34009376069	0.129141259896
8918	WOOD	2.96339858649	0.115023250987
10748	WOOD	3.37124804222	0.130303796344
62725	WOOD	4.27196844695	0.163578852113
7122	WOOD	1.54655176384	0.0609053416103
24197	WOOD	2.45252318173	0.0956949792864
1032	WOOD	4.05675694191	0.155687366922
11980	WOOD	1.20760248024	0.0477207777094
11086	WOOD	3.37299700162	0.130369036556
7937	WOOD	4.07897374308	0.156503739004
7792	WOOD	4.69935724197	0.179140706284
13436	WOOD	4.38797513358	0.167817275034
326	WOOD	3.79193601765	0.145925929201
62332	WOOD	3.99189789833	0.153301816401
13561	WOOD	3.62254860897	0.139652800989
7361	WOOD	5.99416099773	0.225394453482
93375	WOOD	3.11072999602	0.120558543397
7147	WOOD	2.21588699861	0.0866714178682
641423	WOOD	3.19811997388	0.123833610408
17617	WOOD	3.44405123662	0.133017453897
8082	WOOD	0.7329777678	0.0291042081488
7593	WOOD	4.30244401284	0.16469335072
8137	WOOD	2.55562440341	0.0996124897
8175	WOOD	4.50084405428	0.171930723291
62900	WOOD	2.7764519043	0.107974602101
8184	WOOD	4.2292819185	0.162016546521
16324	WOOD	0.808213539113	0.0320672579146
7059	WOOD	7.32367455728	0.271492498683
8908	WOOD	1.43700303485	0.056654130305
638014	WOOD	4.74501864247	0.180794664932
12587	WOOD	2.15632813109	0.0843932248401
5541	WOOD	6.19163881711	0.232330996188
61670	WOOD	7.04127287284	0.261819105446
637566	WOOD	3.28929442435	0.12724399385
2969	WOOD	3.25835751577	0.126087543151
7047	WOOD	3.10570861678	0.120370174266
98330	WOOD	3.1507520099	0.122059185105
61386	WOOD	5.37688620903	0.203511086239
7654	WOOD	2.52514860176	0.0984553938861
243	WOOD	1.6316932498	0.0642027608475
61192	WOOD	3.36145558582	0.129938469971
61130	WOOD	3.4950376913	0.134915392267
62580	WOOD	3.08174439878	0.119470916535
12810	WOOD	2.78897528948	0.108447658313
8658	GRASS	3.81272191819	0.146694137357
7720	GRASS	6.30019579862	0.236130845105
325	GRASS	1.49426073857	0.0588773034809
521238	GRASS	3.71733919738	0.143166123612
8051	GRASS	0.218183581172	0.00870830161686
62444	GRASS	0.907974098058	0.0359891971372
101604	GRASS	4.61928212557	0.17623617808
778574	GRASS	1.26910562269	0.0501199732748
7820	GRASS	1.87532931358	0.0736064285294
61199	GRASS	2.08574416913	0.0816896352697
31265	GRASS	2.23229418146	0.0872985123335
8615	GRASS	3.49945409834	0.135079692339
1551246	GRASS	3.1845977936	0.123327246501
6584	GRASS	4.13892682073	0.158704786738
5960	GRASS	4.0037985769	0.153739781858
61918	GRASS	4.68878169201	0.178757398178
8797	GRASS	2.27269339606	0.0888416817334
31260	GRASS	2.08809535091	0.0817797571588
18554	GRASS	2.29021900782	0.0895107190712
12748	GRASS	2.37743827994	0.0928366460875
11525	GRASS	3.49537936931	0.134928103998
8063	GRASS	2.19153123663	0.0857401258007
440967	GRASS	4.5079307197	0.172188653038
31234	GRASS	3.04995544957	0.118277326685
7409	GRASS	1.76940576467	0.0695239118826
6106	GRASS	7.60346023281	0.281013366308
8918	GRASS	1.96697100126	0.0771312500825
10748	GRASS	3.26173645683	0.126213888388
62725	GRASS	4.87341612506	0.185436571111
7122	GRASS	2.61300927931	0.101789244175
24197	GRASS	2.05322575437	0.0804427357755
1032	GRASS	1.21122633417	0.0478622256736
11980	GRASS	2.73845883413	0.106538690651
11086	GRASS	2.09593537415	0.0820802369289
7937	GRASS	3.13809673587	0.121584808986
7792	GRASS	3.2227297161	0.124754793915
13436	GRASS	4.17876100562	0.160165622808
326	GRASS	2.6000737145	0.101298795252
62332	GRASS	2.73888359948	0.106554750631
13561	GRASS	3.74914281685	0.144343283929
7361	GRASS	2.00270925619	0.0785040325018
93375	GRASS	5.1731538488	0.196221545655
7147	GRASS	4.18783990394	0.160498394933
641423	GRASS	1.62332672413	0.063878993104
17617	GRASS	2.8804785563	0.111900279567
8082	GRASS	2.53541666667	0.0988453315972
7593	GRASS	1.97208305753	0.0773276776669
8137	GRASS	2.81331994699	0.10936689023
8175	GRASS	2.21085219699	0.0864789409048
62900	GRASS	3.33358117904	0.128898141771
8184	GRASS	4.33566306734	0.165907333
16324	GRASS	2.03710676685	0.0798243490822
7059	GRASS	1.84844692984	0.0725711747727
8908	GRASS	3.70568243553	0.142734464496
638014	GRASS	5.69632277759	0.214873673829
12587	GRASS	1.6733059667	0.0658122575246
5541	GRASS	3.74208372292	0.144082072681
61670	GRASS	3.27800227321	0.126821971367
637566	GRASS	5.36525781327	0.20309591597
2969	GRASS	1.70152449655	0.066902905617
7047	GRASS	3.45885004124	0.133568544206
98330	GRASS	2.81057379104	0.109263221628
61386	GRASS	3.33481944628	0.128944369555
7654	GRASS	2.1687714924	0.0848694317814
243	GRASS	2.57391291623	0.100306505569
61192	GRASS	2.30388947704	0.0900324163926
61130	GRASS	5.40083382929	0.204365750751
62580	GRASS	1.50439985383	0.059270706585
12810	GRASS	2.11211681571	0.0827002576511
8658	FLOWER	10.374755331	0.371935993967
7720	FLOWER	4.53490832325	0.17317017553
325	FLOWER	5.077173341	0.192775857986
521238	FLOWER	8.92078263123	0.324999160148
8051	FLOWER	4.61284442603	0.176002443562
62444	FLOWER	2.08408153423	0.0816259030326
101604	FLOWER	9.97489104295	0.35919626119
778574	FLOWER	6.10708782915	0.229364904465
7820	FLOWER	6.22323299697	0.233437868305
61199	FLOWER	1.75711390939	0.0690495766595
31265	FLOWER	11.3609282402	0.402808853417
8615	FLOWER	16.2009478019	0.543049628205
1551246	FLOWER	9.68482534082	0.34987467688
6584	FLOWER	4.21241519004	0.161398830908
5960	FLOWER	1.53150886816	0.0603221469611
61918	FLOWER	1.455713916	0.0573809154379
8797	FLOWER	12.9759049954	0.451686555637
31260	FLOWER	1.09859362955	0.0434609819969
18554	FLOWER	1.75437027727	0.0689436850628
12748	FLOWER	2.37978961828	0.0929262252802
11525	FLOWER	6.56443002921	0.245340504525
8063	FLOWER	2.61350376671	0.101807989893
440967	FLOWER	4.83721207587	0.184129034768
31234	FLOWER	9.46128675561	0.342645091396
7409	FLOWER	2.8719554126	0.111578965347
6106	FLOWER	4.13543551944	0.158576690003
8918	FLOWER	10.0433033601	0.36138495745
10748	FLOWER	18.5644844852	0.604723345728
62725	FLOWER	3.19597708366	0.123753375539
7122	FLOWER	16.2961204867	0.5456194023
24197	FLOWER	10.4938353002	0.375705180286
1032	FLOWER	2.50641576049	0.0977437824338
11980	FLOWER	5.73526052188	0.216253135574
11086	FLOWER	6.43812977802	0.240945385105
7937	FLOWER	1.40572807197	0.0554386943137
7792	FLOWER	6.45107177635	0.241396340228
13436	FLOWER	8.06483148337	0.296576656593
326	FLOWER	6.02311229717	0.226413339189
62332	FLOWER	18.5122821047	0.603409448698
13561	FLOWER	7.88168396392	0.290418981714
7361	FLOWER	3.06757656472	0.118939052196
93375	FLOWER	7.30454719228	0.270839323818
7147	FLOWER	6.21036012809	0.232986975956
641423	FLOWER	5.58703148536	0.210995291087
17617	FLOWER	3.92531105124	0.15084921531
8082	FLOWER	4.08905770921	0.156874151189
7593	FLOWER	14.9485871387	0.50855938257
8137	FLOWER	6.69044152025	0.249712857716
8175	FLOWER	5.20353147989	0.197310563251
62900	FLOWER	8.0673000486	0.296659469914
8184	FLOWER	6.58854200053	0.246178125744
16324	FLOWER	8.96383941937	0.32641340992
7059	FLOWER	6.22201777962	0.233395309085
8908	FLOWER	8.64745521859	0.315986816041
638014	FLOWER	10.4668883258	0.374853232542
12587	FLOWER	2.70245540631	0.105176910163
5541	FLOWER	10.2350154276	0.367498400784
61670	FLOWER	3.3541942841	0.129667523646
637566	FLOWER	5.52740664637	0.208875376161
2969	FLOWER	2.83437465538	0.11016151434
7047	FLOWER	2.99096813744	0.116060369338
98330	FLOWER	1.95722447292	0.0767566878618
61386	FLOWER	4.04272320059	0.155171483673
7654	FLOWER	16.9128023478	0.56209494061
243	FLOWER	3.54808643316	0.136887890391
61192	FLOWER	8.42126317302	0.308483457549
61130	FLOWER	4.68013857583	0.178444064197
62580	FLOWER	15.2955788954	0.518241262317
12810	FLOWER	12.8434036727	0.447754939749
8658	CHEMICAL	19.6146566157	0.630692362968
7720	CHEMICAL	31.0254688932	0.855986867711
325	CHEMICAL	21.8682457424	0.683441760955
521238	CHEMICAL	20.399718669	0.649529338051
8051	CHEMICAL	20.1562760837	0.643740857124
62444	CHEMICAL	15.971320037	0.536819575991
101604	CHEMICAL	15.3385117853	0.519432493897
778574	CHEMICAL	13.563635157	0.46895652681
7820	CHEMICAL	12.028134917	0.423254984847
61199	CHEMICAL	15.5901986309	0.526386227896
31265	CHEMICAL	10.437112795	0.373911182403
8615	CHEMICAL	13.9568488848	0.480356503075
1551246	CHEMICAL	15.3824807059	0.520650943168
6584	CHEMICAL	13.6112432315	0.470343352338
5960	CHEMICAL	18.4036846593	0.600669142757
61918	CHEMICAL	13.6576691777	0.471693996162
8797	CHEMICAL	20.7698998262	0.658240497532
31260	CHEMICAL	22.8841986124	0.705893326043
18554	CHEMICAL	13.2073138485	0.458519298302
12748	CHEMICAL	12.8769312736	0.448751107334
11525	CHEMICAL	40.1908703962	0.961512390566
8063	CHEMICAL	22.9973162997	0.708342029193
440967	CHEMICAL	34.8565697694	0.90827060834
31234	CHEMICAL	21.2468024881	0.669301453137
7409	CHEMICAL	28.7932279821	0.820109128232
6106	CHEMICAL	11.6455199166	0.411573543013
8918	CHEMICAL	15.548565233	0.525239456998
10748	CHEMICAL	16.3091250769	0.545969978765
62725	CHEMICAL	22.723629572	0.702399846511
7122	CHEMICAL	22.295281245	0.692979423482
24197	CHEMICAL	10.5001346805	0.375904255897
1032	CHEMICAL	9.56258537798	0.345926199475
11980	CHEMICAL	17.3793971207	0.574358507116
11086	CHEMICAL	27.7827360609	0.802557273224
7937	CHEMICAL	21.2361223721	0.669055737523
7792	CHEMICAL	30.1620311714	0.842581997102
13436	CHEMICAL	17.6807003348	0.58218514766
326	CHEMICAL	20.023452307	0.640562635364
62332	CHEMICAL	16.7984546579	0.559062954759
13561	CHEMICAL	19.4471041982	0.626608223251
7361	CHEMICAL	13.8426504649	0.477058429839
93375	CHEMICAL	30.4408684382	0.846976149019
7147	CHEMICAL	35.8469001237	0.919875905556
641423	CHEMICAL	11.5098628029	0.407403735419
17617	CHEMICAL	13.8434926489	0.477082790467
8082	CHEMICAL	27.2170843821	0.79237550238
7593	CHEMICAL	21.5160390201	0.675465586758
8137	CHEMICAL	12.3990872327	0.434468543625
8175	CHEMICAL	23.2278792998	0.713301421286
62900	CHEMICAL	12.6050180959	0.440646131356
8184	CHEMICAL	27.9596878975	0.80568985697
16324	CHEMICAL	11.6013886233	0.410218657736
7059	CHEMICAL	22.1174853843	0.689026151483
8908	CHEMICAL	20.9742482059	0.663002293115
638014	CHEMICAL	11.8998898983	0.419352644096
12587	CHEMICAL	14.7670063054	0.503454462126
5541	CHEMICAL	12.6930531537	0.443276686802
61670	CHEMICAL	10.7890492981	0.385000538022
637566	CHEMICAL	16.1302554199	0.541136160832
2969	CHEMICAL	21.9881897263	0.686135394075
7047	CHEMICAL	22.5166780544	0.697866805933
98330	CHEMICAL	14.8928575087	0.506995418438
61386	CHEMICAL	10.5928825684	0.378831638293
7654	CHEMICAL	15.792119307	0.531928359397
243	CHEMICAL	21.8306027871	0.682594024265
61192	CHEMICAL	9.74775185457	0.351902607695
61130	CHEMICAL	28.7794298493	0.819874960992
62580	CHEMICAL	12.8951264964	0.449291344913
12810	CHEMICAL	18.2186048376	0.595977168612
