#oID	descriptor	value	sigma
8658	INTENSITY/STRENGTH	72.0346938776	0.805788906289
7720	INTENSITY/STRENGTH	59.4142857143	0.964548489796
325	INTENSITY/STRENGTH	68.0102040816	0.870253019575
521238	INTENSITY/STRENGTH	50.0816326531	0.999997334444
8051	INTENSITY/STRENGTH	61.8591836735	0.94374390504
62444	INTENSITY/STRENGTH	80.287755102	0.633060756352
101604	INTENSITY/STRENGTH	36.0357142857	0.921999489796
778574	INTENSITY/STRENGTH	43.6530612245	0.983886547272
7820	INTENSITY/STRENGTH	47.093877551	0.996621780925
31265	INTENSITY/STRENGTH	56.5551020408	0.982812254894
8615	INTENSITY/STRENGTH	30.5346938775	0.848440743024
1551246	INTENSITY/STRENGTH	50.5224489796	0.999890818825
6584	INTENSITY/STRENGTH	31.6357142857	0.865101204082
5960	INTENSITY/STRENGTH	10.2285714286	0.367293387756
61918	INTENSITY/STRENGTH	70.0	0.84
8797	INTENSITY/STRENGTH	62.1979591837	0.940483916701
31260	INTENSITY/STRENGTH	70.4795918368	0.83223452728
18554	INTENSITY/STRENGTH	60.2091836735	0.958309027488
12748	INTENSITY/STRENGTH	41.8775510204	0.97361032903
11525	INTENSITY/STRENGTH	59.3795918367	0.96480930279
440967	INTENSITY/STRENGTH	45.4469387755	0.991707853394
31234	INTENSITY/STRENGTH	50.7928571429	0.99974855102
7409	INTENSITY/STRENGTH	75.1081632653	0.747832054977
6106	INTENSITY/STRENGTH	47.5469387755	0.997592996252
8918	INTENSITY/STRENGTH	37.5826530612	0.938323798001
10748	INTENSITY/STRENGTH	35.2030612245	0.912420241149
7122	INTENSITY/STRENGTH	43.9836734694	0.985521526031
24197	INTENSITY/STRENGTH	27.2081632653	0.792212871304
11980	INTENSITY/STRENGTH	68.8469387755	0.857917159517
11086	INTENSITY/STRENGTH	80.2265306123	0.634542738859
7937	INTENSITY/STRENGTH	70.4306122449	0.83303603332
7792	INTENSITY/STRENGTH	54.9918367347	0.990032626406
13436	INTENSITY/STRENGTH	35.1765306122	0.912105902124
326	INTENSITY/STRENGTH	69.9408163265	0.840945537692
62332	INTENSITY/STRENGTH	23.212244898	0.712966470637
13561	INTENSITY/STRENGTH	25.1530612245	0.753051853395
7361	INTENSITY/STRENGTH	45.5367346939	0.992031705123
93375	INTENSITY/STRENGTH	59.6081632653	0.963073279467
7147	INTENSITY/STRENGTH	72.3346938775	0.800464579759
641423	INTENSITY/STRENGTH	27.6326530612	0.799880716368
17617	INTENSITY/STRENGTH	21.1357142857	0.666741204082
8082	INTENSITY/STRENGTH	30.8326530612	0.853045124532
7593	INTENSITY/STRENGTH	32.0918367347	0.871719075386
8137	INTENSITY/STRENGTH	43.5918367347	0.983574177426
8175	INTENSITY/STRENGTH	59.5387755102	0.963604704706
62900	INTENSITY/STRENGTH	53.8734693878	0.993998493961
8184	INTENSITY/STRENGTH	31.3244897959	0.860490127447
16324	INTENSITY/STRENGTH	65.7836734694	0.900350260725
7059	INTENSITY/STRENGTH	60.6326530612	0.954778675552
8908	INTENSITY/STRENGTH	48.7918367347	0.99941613661
638014	INTENSITY/STRENGTH	38.9867346939	0.951483194919
5541	INTENSITY/STRENGTH	33.3244897959	0.888770943773
637566	INTENSITY/STRENGTH	60.6530612245	0.954604914619
2969	INTENSITY/STRENGTH	49.9653061225	0.999999518534
7047	INTENSITY/STRENGTH	68.593877551	0.861707087047
98330	INTENSITY/STRENGTH	34.7244897959	0.906663515202
61386	INTENSITY/STRENGTH	12.7724489796	0.445643778009
7654	INTENSITY/STRENGTH	34.9908163265	0.909889762183
243	INTENSITY/STRENGTH	54.9510204082	0.990194958767
61192	INTENSITY/STRENGTH	42.7102040816	0.978743550187
62580	INTENSITY/STRENGTH	29.7408163265	0.835826190754
12810	INTENSITY/STRENGTH	60.1020408163	0.959179508538
8658	VALENCE/PLEASANTNESS	50.7829567714	0.999754791478
7720	VALENCE/PLEASANTNESS	42.9669877932	0.980214695719
325	VALENCE/PLEASANTNESS	40.0122537633	0.960097970045
521238	VALENCE/PLEASANTNESS	53.3893303603	0.995404975883
8051	VALENCE/PLEASANTNESS	43.280093599	0.981937143185
62444	VALENCE/PLEASANTNESS	26.3957090492	0.777134979484
101604	VALENCE/PLEASANTNESS	54.2841130417	0.992658550178
778574	VALENCE/PLEASANTNESS	44.9784288614	0.98991352932
7820	VALENCE/PLEASANTNESS	61.8891438089	0.943459303797
61199	VALENCE/PLEASANTNESS	43.7009091732	0.984128581902
31265	VALENCE/PLEASANTNESS	56.8453057891	0.981256715461
8615	VALENCE/PLEASANTNESS	52.3006735116	0.997882760557
1551246	VALENCE/PLEASANTNESS	58.471519877	0.971293340389
6584	VALENCE/PLEASANTNESS	42.7503347897	0.978976941735
5960	VALENCE/PLEASANTNESS	45.1493554858	0.990588499119
61918	VALENCE/PLEASANTNESS	38.1757733664	0.944075065807
8797	VALENCE/PLEASANTNESS	61.1068231876	0.950655391472
31260	VALENCE/PLEASANTNESS	35.0631064964	0.910755684985
18554	VALENCE/PLEASANTNESS	41.8788104678	0.973618512233
12748	VALENCE/PLEASANTNESS	34.0013361589	0.89761710212
11525	VALENCE/PLEASANTNESS	38.102244099	0.943377361808
8063	VALENCE/PLEASANTNESS	25.5009355661	0.759918336746
440967	VALENCE/PLEASANTNESS	40.2469098222	0.961950892793
31234	VALENCE/PLEASANTNESS	38.9786164935	0.951411642241
7409	VALENCE/PLEASANTNESS	40.0710343869	0.960566256741
6106	VALENCE/PLEASANTNESS	36.2629435905	0.924517312481
8918	VALENCE/PLEASANTNESS	53.0702666389	0.996229385106
10748	VALENCE/PLEASANTNESS	58.3990439706	0.971782424152
62725	VALENCE/PLEASANTNESS	25.7366807952	0.764516536467
7122	VALENCE/PLEASANTNESS	49.2743517183	0.999789373829
24197	VALENCE/PLEASANTNESS	61.6632952811	0.945587017274
1032	VALENCE/PLEASANTNESS	36.7944671929	0.930245561312
11980	VALENCE/PLEASANTNESS	47.5750210216	0.997647790782
11086	VALENCE/PLEASANTNESS	52.3453528049	0.997799728088
7937	VALENCE/PLEASANTNESS	37.9588948309	0.942004714523
7792	VALENCE/PLEASANTNESS	46.1075851117	0.993939642535
13436	VALENCE/PLEASANTNESS	34.8634303326	0.908353703482
326	VALENCE/PLEASANTNESS	48.9161349031	0.999530094581
62332	VALENCE/PLEASANTNESS	49.7607999433	0.999977113333
13561	VALENCE/PLEASANTNESS	41.4885100161	0.971021815301
7361	VALENCE/PLEASANTNESS	43.7619072267	0.98443447942
93375	VALENCE/PLEASANTNESS	44.424801741	0.987566865749
7147	VALENCE/PLEASANTNESS	37.1126812939	0.933566806627
641423	VALENCE/PLEASANTNESS	40.8076432278	0.966200230789
17617	VALENCE/PLEASANTNESS	42.8316240981	0.979445754772
8082	VALENCE/PLEASANTNESS	48.5540661189	0.999163710085
7593	VALENCE/PLEASANTNESS	42.6043595174	0.978121800741
8137	VALENCE/PLEASANTNESS	44.257194018	0.986808071781
8175	VALENCE/PLEASANTNESS	42.1316638624	0.97523571457
62900	VALENCE/PLEASANTNESS	52.7364200295	0.997004802169
8184	VALENCE/PLEASANTNESS	37.1342857143	0.933789358367
16324	VALENCE/PLEASANTNESS	46.7143538438	0.995681811734
7059	VALENCE/PLEASANTNESS	41.1556616864	0.968711071918
8908	VALENCE/PLEASANTNESS	57.5287851286	0.977326957795
638014	VALENCE/PLEASANTNESS	61.2149535685	0.949689926582
12587	VALENCE/PLEASANTNESS	27.3706433747	0.795164887491
5541	VALENCE/PLEASANTNESS	60.3419420837	0.957217693575
61670	VALENCE/PLEASANTNESS	42.6046853094	0.978123728251
637566	VALENCE/PLEASANTNESS	56.1769147157	0.984738289838
2969	VALENCE/PLEASANTNESS	29.804459642	0.83685605986
7047	VALENCE/PLEASANTNESS	41.1728787907	0.968832772463
98330	VALENCE/PLEASANTNESS	34.4214895426	0.902924004772
61386	VALENCE/PLEASANTNESS	45.7295077839	0.992705158493
7654	VALENCE/PLEASANTNESS	60.6248677727	0.954844873925
243	VALENCE/PLEASANTNESS	44.2017563551	0.986552148254
61192	VALENCE/PLEASANTNESS	50.3150025055	0.999960309369
61130	VALENCE/PLEASANTNESS	41.8377871149	0.973351312327
62580	VALENCE/PLEASANTNESS	62.2671878315	0.939806441083
12810	VALENCE/PLEASANTNESS	59.2732029532	0.965603082795
8658	BAKERY	5.68609365855	0.214511081905
7720	BAKERY	1.17071608446	0.0462804129182
325	BAKERY	1.19489942388	0.0472248631021
521238	BAKERY	2.62560139134	0.102266542587
8051	BAKERY	1.12734596193	0.0445854749101
62444	BAKERY	1.20806337021	0.0477387679658
101604	BAKERY	2.55657615926	0.0996486137072
778574	BAKERY	0.887907546741	0.035200949945
7820	BAKERY	3.55073678123	0.136986378573
61199	BAKERY	8.97402350007	0.326747700891
31265	BAKERY	4.14969427396	0.159099785932
8615	BAKERY	0.6098096329	0.0242436382007
1551246	BAKERY	3.31251490068	0.12811149404
6584	BAKERY	3.21695874169	0.124538820249
5960	BAKERY	3.19307950192	0.123644877394
61918	BAKERY	9.36277549754	0.339446393895
8797	BAKERY	4.94722904152	0.188099131585
31260	BAKERY	1.44293943773	0.0568847478208
18554	BAKERY	5.69828277253	0.214943140279
12748	BAKERY	7.23101397937	0.268325533907
11525	BAKERY	0.617251367194	0.0245376549876
8063	BAKERY	1.18674023123	0.0469062682986
440967	BAKERY	1.53534090909	0.0604707276808
31234	BAKERY	1.72526711015	0.0678200657656
7409	BAKERY	0.994115560357	0.0393693161153
6106	BAKERY	2.37917146346	0.0929026757972
8918	BAKERY	1.69780728813	0.0667592716902
10748	BAKERY	3.16492640225	0.122590352437
62725	BAKERY	2.71974344795	0.105830936149
7122	BAKERY	1.53367201652	0.0604060207191
24197	BAKERY	6.59674374645	0.246462938635
1032	BAKERY	3.07058809031	0.119052119124
11980	BAKERY	4.92038551996	0.187131343332
11086	BAKERY	5.46189143285	0.206542754104
7937	BAKERY	4.93290590172	0.187582811815
7792	BAKERY	1.08815871356	0.0430527127882
13436	BAKERY	3.10932669171	0.120505902678
326	BAKERY	4.06250686704	0.155898689864
62332	BAKERY	1.19477703063	0.0472200843641
13561	BAKERY	0.991264827315	0.0392575507095
7361	BAKERY	7.12849228441	0.264813530477
93375	BAKERY	2.90446237904	0.112804134477
7147	BAKERY	0.992473461822	0.0393049370439
641423	BAKERY	8.15610395093	0.299635345374
17617	BAKERY	1.85738811588	0.0729155683899
8082	BAKERY	1.32563762626	0.052322579004
7593	BAKERY	1.57792468055	0.0621210487029
8137	BAKERY	4.93097574951	0.187513221243
8175	BAKERY	0.0214871565284	0.00085930158198
62900	BAKERY	4.67026496773	0.178086048762
8184	BAKERY	0.502532226355	0.0200002735988
16324	BAKERY	3.53147068472	0.13627031331
7059	BAKERY	2.16487331361	0.0847202619587
8908	BAKERY	2.57704716545	0.100425417781
638014	BAKERY	1.22307986246	0.0483248247583
12587	BAKERY	2.58222020274	0.100621663639
5541	BAKERY	4.51862129765	0.172577676533
61670	BAKERY	4.06320691321	0.15592441636
637566	BAKERY	2.08219693489	0.0815536597655
2969	BAKERY	0.88057009729	0.0349126424131
7047	BAKERY	5.64750606838	0.213142512818
98330	BAKERY	6.05454852615	0.227518917904
61386	BAKERY	1.94314102564	0.0762153222074
7654	BAKERY	2.01637515302	0.0790286986177
243	BAKERY	2.03434511486	0.0797183805757
61192	BAKERY	7.20310908634	0.26737045125
61130	BAKERY	1.31288710939	0.0518260153508
62580	BAKERY	10.2489659137	0.367942115629
12810	BAKERY	2.17254396439	0.0850137796649
8658	SWEET	25.3925479774	0.757789321981
7720	SWEET	5.36072371676	0.202934005163
325	SWEET	7.88192846165	0.290427219956
521238	SWEET	19.0429158603	0.616663576628
8051	SWEET	19.8994464374	0.637582670091
62444	SWEET	9.65183493688	0.348810230416
101604	SWEET	14.5898860215	0.498449531213
778574	SWEET	10.6782726514	0.381520703329
7820	SWEET	21.6085644845	0.677570555748
61199	SWEET	12.0653589192	0.424385202428
31265	SWEET	34.8452411115	0.908133313212
8615	SWEET	12.5398737903	0.438695577743
1551246	SWEET	19.1400950045	0.619066505468
6584	SWEET	16.8955518929	0.56163820621
5960	SWEET	7.45652355926	0.276021044934
61918	SWEET	11.7279320544	0.414099526066
8797	SWEET	19.5130015921	0.628217171231
31260	SWEET	4.65185177918	0.177418181177
18554	SWEET	8.40592115822	0.307973042121
12748	SWEET	7.8165542299	0.288222761184
11525	SWEET	11.4566067767	0.405762735533
8063	SWEET	3.93913155345	0.15135855918
440967	SWEET	8.03245273627	0.295489990667
31234	SWEET	6.29841600292	0.236068622458
7409	SWEET	5.32997027127	0.201835377614
6106	SWEET	9.49048395185	0.343591643818
8918	SWEET	13.007029259	0.452608046302
10748	SWEET	18.408466496	0.600790004346
62725	SWEET	5.2966628703	0.200644659787
7122	SWEET	11.7821732507	0.415759087424
24197	SWEET	31.7371440943	0.866587237667
1032	SWEET	8.95678440273	0.326181781374
11980	SWEET	14.6719850167	0.500772542935
11086	SWEET	18.4097411497	0.600822218309
7937	SWEET	5.14467270234	0.195199845208
7792	SWEET	9.73392857144	0.351457396684
13436	SWEET	6.91255935594	0.257388983498
326	SWEET	25.7128094744	0.76405295055
62332	SWEET	12.4068634931	0.434702435028
13561	SWEET	12.6413726471	0.441733184923
7361	SWEET	6.57664324843	0.24576483537
93375	SWEET	15.7381809336	0.530451101704
7147	SWEET	6.85336895345	0.255347291733
641423	SWEET	8.74187110391	0.319106719997
17617	SWEET	18.835176357	0.61150150692
8082	SWEET	9.33384618168	0.33850557345
7593	SWEET	12.9183538677	0.449980608047
8137	SWEET	13.8018008644	0.475876151735
8175	SWEET	4.6091119904	0.17586691428
62900	SWEET	18.0239697944	0.591013396917
8184	SWEET	11.4885516197	0.406747337461
16324	SWEET	25.7908732912	0.765567273599
7059	SWEET	6.78893482116	0.253121538444
8908	SWEET	28.952970608	0.822809021509
638014	SWEET	16.9071782476	0.561946059385
12587	SWEET	4.50340710016	0.172024013802
5541	SWEET	15.2493920644	0.516958099241
61670	SWEET	6.22860582016	0.233626020621
637566	SWEET	16.5620980623	0.552762685602
2969	SWEET	4.2369699385	0.162298031836
7047	SWEET	5.13635691865	0.194901411788
98330	SWEET	6.83343644767	0.254659116433
61386	SWEET	7.38602923366	0.27361979821
7654	SWEET	20.5600017009	0.653314600059
243	SWEET	11.3092351896	0.401209887355
61192	SWEET	15.808276745	0.532370424341
61130	SWEET	11.6904459409	0.412951227118
62580	SWEET	39.9772716673	0.959817966707
12810	SWEET	24.0694735802	0.731043119836
8658	FRUIT	9.60086416003	0.347163929354
7720	FRUIT	4.16650173349	0.159716174662
325	FRUIT	2.69270713525	0.104808016724
521238	FRUIT	12.3668782353	0.433499258499
8051	FRUIT	8.95445641791	0.32610534082
62444	FRUIT	6.9366488074	0.258219113625
101604	FRUIT	4.21083248902	0.161340855461
778574	FRUIT	5.39319716659	0.204093256393
7820	FRUIT	8.31394065166	0.304908982403
61199	FRUIT	5.05959350715	0.192143945703
31265	FRUIT	24.0677455039	0.731007270701
8615	FRUIT	5.13975793483	0.195023472742
1551246	FRUIT	17.1321220828	0.567881040489
6584	FRUIT	2.35793860368	0.0920935943636
5960	FRUIT	0.583243217577	0.0231936596427
61918	FRUIT	3.50723646178	0.135369175432
8797	FRUIT	8.01937855134	0.295050969114
31260	FRUIT	1.38533336916	0.0546456753489
18554	FRUIT	8.31562803756	0.304965253639
12748	FRUIT	1.40513715005	0.0554157218378
11525	FRUIT	5.1052626802	0.193785024394
8063	FRUIT	2.41347639082	0.094209108317
440967	FRUIT	2.20825555103	0.0863796650098
31234	FRUIT	3.01906885707	0.117116843577
7409	FRUIT	1.0462475689	0.0414120491657
6106	FRUIT	2.42824986896	0.0947714357878
8918	FRUIT	8.38937149433	0.307422238145
10748	FRUIT	4.43064370844	0.169373506869
62725	FRUIT	1.62575703978	0.0639730472104
7122	FRUIT	2.04947178417	0.0802987375291
24197	FRUIT	11.564471055	0.409084045887
1032	FRUIT	1.26812794716	0.0500818584903
11980	FRUIT	8.25198987808	0.302841460344
11086	FRUIT	8.21939731231	0.301752495621
7937	FRUIT	1.3290794131	0.0524565956894
7792	FRUIT	3.76104275521	0.144783533166
13436	FRUIT	2.94725485243	0.114415669631
326	FRUIT	4.74497610787	0.180793125009
62332	FRUIT	3.1014287191	0.120209604724
13561	FRUIT	6.60629140361	0.246794421701
7361	FRUIT	1.98981438959	0.0780088310615
93375	FRUIT	8.07468422831	0.296907158978
7147	FRUIT	2.3288656315	0.090985179208
641423	FRUIT	7.05047455646	0.26213530567
17617	FRUIT	6.72644256393	0.250959690731
8082	FRUIT	1.12203957335	0.0443779938123
7593	FRUIT	2.32532482961	0.0908501389592
8137	FRUIT	5.84233615832	0.220040289618
8175	FRUIT	5.33039185481	0.201850443262
62900	FRUIT	10.9465323086	0.389930664512
8184	FRUIT	4.10469604863	0.157448430085
16324	FRUIT	14.9118639491	0.507529083388
7059	FRUIT	3.33212991718	0.128843960773
8908	FRUIT	19.9263586605	0.638230438634
638014	FRUIT	5.75737189168	0.217035943228
12587	FRUIT	3.32074935538	0.128419023703
5541	FRUIT	12.3920494449	0.434256822018
61670	FRUIT	2.12011607252	0.0830066860365
637566	FRUIT	16.5014895043	0.551139917828
2969	FRUIT	9.29980616737	0.337397688794
7047	FRUIT	3.91036597224	0.150298254075
98330	FRUIT	1.64969993196	0.0648993933321
61386	FRUIT	6.26924729822	0.235048507254
7654	FRUIT	8.42673607145	0.308665490531
243	FRUIT	3.27566829472	0.126734730678
61192	FRUIT	4.30441432157	0.164765379802
61130	FRUIT	2.54704979273	0.0992870066506
62580	FRUIT	6.94565428573	0.258529326046
12810	FRUIT	14.1917146717	0.487106680738
8658	FISH	1.97145474081	0.0773035361145
7720	FISH	0.32137882826	0.0128138393899
325	FISH	0.145706636796	0.00581977330223
521238	FISH	1.00698768197	0.0398738976022
8051	FISH	0.376712951837	0.0150117530143
62444	FISH	6.47950204481	0.242386503093
101604	FISH	0.744423935995	0.0295552906412
778574	FISH	1.21819442359	0.0481341778822
7820	FISH	0.6408520473	0.0254698053534
61199	FISH	1.3830878281	0.054558340348
31265	FISH	0.321537822918	0.0128201582881
8615	FISH	1.08305676006	0.0428530656243
1551246	FISH	0.606241552817	0.0241026505845
6584	FISH	1.74172542735	0.0684555741083
5960	FISH	0.442647058824	0.0176275077855
61918	FISH	0.908832249129	0.0360228995423
8797	FISH	1.50667627323	0.0593590215721
31260	FISH	0.684314416249	0.0271852621618
18554	FISH	2.38333591549	0.0930613205851
12748	FISH	3.66186259888	0.141110808878
11525	FISH	0.701236594124	0.0278527706606
8063	FISH	4.03241783282	0.154792555881
440967	FISH	0.409374698228	0.0163079528717
31234	FISH	4.95056239921	0.188219268741
7409	FISH	0.278351304846	0.0111030604143
6106	FISH	0.593979308432	0.0236180477698
8918	FISH	0.340303241465	0.0135658071401
10748	FISH	0.524959501156	0.0208881470551
62725	FISH	1.14280492632	0.0451897958129
7122	FISH	1.2967063679	0.0511956757541
24197	FISH	0.196387179033	0.0078400599917
1032	FISH	1.33677073598	0.0527560470391
11980	FISH	2.12269896758	0.0831056183403
11086	FISH	2.29999585597	0.0898838418638
7937	FISH	1.25540505486	0.0495857854538
7792	FISH	0.480294642818	0.0191195125351
13436	FISH	7.16477818405	0.266057508791
326	FISH	0.318419968985	0.0126962422487
62332	FISH	1.66036984026	0.0653120624077
13561	FISH	0.901941789031	0.0357522719649
7361	FISH	2.20026733404	0.086074222825
93375	FISH	1.10328460972	0.0436444896166
7147	FISH	0.487041991103	0.0193867956837
641423	FISH	1.50063468687	0.0591246256896
17617	FISH	1.0377263958	0.0410783054031
8082	FISH	1.05351161996	0.041696510105
7593	FISH	5.63305946333	0.212629834966
8137	FISH	0.971473332753	0.0384814291356
8175	FISH	0.0791646170512	0.00316407786741
62900	FISH	0.331409310027	0.0132124395488
8184	FISH	0.396860661467	0.0158114271048
16324	FISH	1.24462451647	0.0491653445841
7059	FISH	5.0337214692	0.191213518036
8908	FISH	0.799482102011	0.0317236154279
638014	FISH	0.565932525418	0.0225091891674
12587	FISH	0.839223481975	0.0332872208579
5541	FISH	2.2472001479	0.0878680425139
61670	FISH	3.56923237248	0.137673527008
637566	FISH	0.437325122715	0.0174165036034
2969	FISH	0.480596943648	0.019131488377
7047	FISH	3.03935066544	0.117878965631
98330	FISH	9.69711915617	0.350271118275
61386	FISH	0.927454075617	0.0367540945997
7654	FISH	0.873531884607	0.0346360522029
243	FISH	0.44412387045	0.0176860564131
61192	FISH	3.27852887504	0.126841654368
61130	FISH	0.496933653477	0.0197785689167
62580	FISH	0.873575882965	0.0346377813893
12810	FISH	1.33831851866	0.0528163021635
8658	GARLIC	1.03325989724	0.0409033454836
7720	GARLIC	2.34698691751	0.091676137664
325	GARLIC	1.79221426683	0.070403757882
521238	GARLIC	1.83736666129	0.0721442999525
8051	GARLIC	1.56562448985	0.0616445075767
62444	GARLIC	11.193770298	0.397630614526
101604	GARLIC	1.59032342597	0.0626012855991
778574	GARLIC	3.00453857604	0.11657064222
7820	GARLIC	3.21857202752	0.124599198742
61199	GARLIC	3.58734291444	0.138346104903
31265	GARLIC	1.77928161691	0.0699049274474
8615	GARLIC	2.10177959524	0.0823041928227
1551246	GARLIC	3.56560850624	0.137538914642
6584	GARLIC	9.28692504499	0.336978211083
5960	GARLIC	3.39584652827	0.131221151673
61918	GARLIC	2.29943568337	0.0898624655498
8797	GARLIC	1.04155270376	0.0412281753364
31260	GARLIC	2.54828154488	0.0993337662623
18554	GARLIC	1.87515182181	0.0735995951305
12748	GARLIC	12.6823500214	0.44295720003
11525	GARLIC	0.952149537027	0.0377233459847
8063	GARLIC	3.43587437503	0.132712881913
440967	GARLIC	1.28028297308	0.0505556691266
31234	GARLIC	1.68332774405	0.0661996728446
7409	GARLIC	2.0330071333	0.0796670381304
6106	GARLIC	2.44157149126	0.0952783511116
8918	GARLIC	2.33715737551	0.0913013731812
10748	GARLIC	0.659355146105	0.0262003061607
62725	GARLIC	4.14579081633	0.158956600056
7122	GARLIC	2.25463001832	0.0881518581249
24197	GARLIC	0.954658294714	0.0378217828047
1032	GARLIC	3.79714012458	0.146118295733
11980	GARLIC	1.74071706857	0.0684166443778
11086	GARLIC	0.567504978842	0.0225713743933
7937	GARLIC	1.47138489296	0.057989406317
7792	GARLIC	2.39726819485	0.0935919698748
13436	GARLIC	5.97471851389	0.224709836027
326	GARLIC	0.481939375531	0.0191846687966
62332	GARLIC	2.23057854755	0.0872329496391
13561	GARLIC	2.21198663676	0.0865223115179
7361	GARLIC	4.90647030361	0.186629431808
93375	GARLIC	1.53329732827	0.0603914928522
7147	GARLIC	0.227187554992	0.00906685652564
641423	GARLIC	3.73002938789	0.143635927822
17617	GARLIC	0.925773646779	0.0366881231331
8082	GARLIC	1.56543244544	0.0616370663212
7593	GARLIC	5.31567285832	0.201324363158
8137	GARLIC	1.37268518924	0.0541537017182
8175	GARLIC	1.85500707551	0.0728238625202
62900	GARLIC	1.26644658582	0.0500163086508
8184	GARLIC	1.51261398177	0.0595893588475
16324	GARLIC	2.27228909788	0.0888262448174
7059	GARLIC	1.20803285871	0.0477375769932
8908	GARLIC	2.12578983517	0.0832240004373
638014	GARLIC	1.88554516398	0.0739996943331
12587	GARLIC	2.4021286212	0.0937770560829
5541	GARLIC	3.09630187734	0.120017240967
61670	GARLIC	2.24638733213	0.0878369908667
637566	GARLIC	1.99084800323	0.0780485298203
2969	GARLIC	2.99185948356	0.116093890075
7047	GARLIC	2.27166015855	0.0888022303917
98330	GARLIC	29.0900722551	0.825109968681
61386	GARLIC	2.47862318841	0.0966874983722
7654	GARLIC	1.70096051257	0.0668811138367
243	GARLIC	2.53716506138	0.0989117198358
61192	GARLIC	4.49993554344	0.17189765378
61130	GARLIC	0.878432808326	0.0348286546536
62580	GARLIC	0.861616350055	0.0341677009083
12810	GARLIC	1.90505437551	0.0747504821508
8658	SPICES	6.43839373004	0.240954583673
7720	SPICES	4.25906313403	0.163106677849
325	SPICES	14.2860103329	0.489804376823
521238	SPICES	5.66164004092	0.213643934456
8051	SPICES	3.73431306056	0.143794484809
62444	SPICES	6.49512280976	0.242930264265
101604	SPICES	6.96496145046	0.259194182816
778574	SPICES	3.1741258328	0.122935003391
7820	SPICES	7.34578526847	0.272247186255
61199	SPICES	6.74841868759	0.25172028559
31265	SPICES	4.71012149363	0.179530761951
8615	SPICES	5.67569857096	0.214142521131
1551246	SPICES	9.5805205489	0.346506272361
6584	SPICES	5.70765869291	0.215275400614
5960	SPICES	5.1023719326	0.193681197569
61918	SPICES	4.54397014838	0.173499740051
8797	SPICES	5.08677570781	0.193120913472
31260	SPICES	4.02855771947	0.154650597859
18554	SPICES	5.23705265253	0.198511417907
12748	SPICES	11.8639236923	0.418255873542
11525	SPICES	5.47928723727	0.207162454039
8063	SPICES	4.06259694276	0.155902000143
440967	SPICES	9.36790466033	0.339613131323
31234	SPICES	6.09271272938	0.228860049814
7409	SPICES	6.83680279892	0.254775362952
6106	SPICES	3.93196019455	0.151094283394
8918	SPICES	4.1817903333	0.160276665175
10748	SPICES	6.16442616425	0.231376986596
62725	SPICES	8.79028710984	0.320703825404
7122	SPICES	6.0305265422	0.226674161537
24197	SPICES	6.28586490528	0.235629757168
1032	SPICES	5.38930111372	0.203954217951
11980	SPICES	5.12730245153	0.194576405889
11086	SPICES	5.82993956163	0.219602304348
7937	SPICES	4.15991922558	0.159474797838
7792	SPICES	5.22739277271	0.198165456828
13436	SPICES	9.52411135654	0.344680975409
326	SPICES	13.8865998266	0.478328931167
62332	SPICES	6.4621190903	0.241781170357
13561	SPICES	4.69292788185	0.178907686432
7361	SPICES	7.99862634879	0.294353844565
93375	SPICES	10.6060755888	0.379247487795
7147	SPICES	6.96715553883	0.259269719032
641423	SPICES	6.35465267338	0.238033462696
17617	SPICES	5.08873328349	0.193191248767
8082	SPICES	2.15722840756	0.0844276825413
7593	SPICES	4.1867733457	0.160459305409
8137	SPICES	4.59162995131	0.175231971808
8175	SPICES	3.42269567708	0.132221888804
62900	SPICES	7.09662098647	0.263720027688
8184	SPICES	4.48132714367	0.171220168559
16324	SPICES	5.12713800604	0.194570502588
7059	SPICES	7.72625735824	0.285172273223
8908	SPICES	3.5914358389	0.138498069002
638014	SPICES	9.97161852199	0.3590914705
12587	SPICES	3.52389307635	0.135988594089
5541	SPICES	6.48592983767	0.242610279163
61670	SPICES	6.75933809815	0.252098063316
637566	SPICES	7.3252806214	0.271547330383
2969	SPICES	4.74206726442	0.180687809801
7047	SPICES	9.42623151292	0.341507724303
98330	SPICES	7.93595703902	0.292246515911
61386	SPICES	3.90735719526	0.15018731171
7654	SPICES	6.13530618751	0.230355454695
243	SPICES	6.0087893925	0.225909355715
61192	SPICES	6.61699457375	0.247165936075
61130	SPICES	9.12626703393	0.331735181367
62580	SPICES	19.5191244765	0.628366490928
12810	SPICES	6.63721002221	0.247867378137
8658	COLD	6.45423326279	0.241506479707
7720	COLD	6.65462375792	0.248471343373
325	COLD	5.12492248823	0.194490967325
521238	COLD	5.24111589195	0.198656917361
8051	COLD	4.70004656158	0.179165687391
62444	COLD	1.67435510498	0.0658528181921
101604	COLD	6.43380304566	0.240794593174
778574	COLD	6.99117719582	0.2600964644
7820	COLD	4.67973037109	0.178429264305
61199	COLD	3.317498963	0.128297638772
31265	COLD	6.46259949726	0.241797902986
8615	COLD	6.41801085376	0.240244088823
1551246	COLD	4.74204685667	0.18068707091
6584	COLD	5.51936028808	0.208589076327
5960	COLD	1.73190212292	0.0680762909314
61918	COLD	3.13410603173	0.121435193022
8797	COLD	6.91168560777	0.257358865135
31260	COLD	3.4502803632	0.133249440694
18554	COLD	4.81637379847	0.183375969312
12748	COLD	2.06580134342	0.0809250396606
11525	COLD	9.32033230475	0.338065854482
8063	COLD	2.78089443331	0.108142427793
440967	COLD	13.3420264554	0.46247719024
31234	COLD	4.02533724353	0.154532153772
7409	COLD	6.16091390228	0.231253812047
6106	COLD	3.26588769964	0.126369098999
8918	COLD	7.19708915125	0.26716432915
10748	COLD	4.57796260921	0.174735407708
62725	COLD	1.76032069943	0.0691733363913
7122	COLD	5.73616723423	0.216285243553
24197	COLD	5.34419088608	0.202343484952
1032	COLD	4.88226976409	0.185756167344
11980	COLD	4.60023672635	0.175544597878
11086	COLD	5.77610950136	0.217699003666
7937	COLD	5.36413350111	0.203055768757
7792	COLD	3.95737829885	0.152030794754
13436	COLD	3.52448282326	0.136010521262
326	COLD	4.96113688832	0.188600323843
62332	COLD	6.78468917612	0.252974764158
13561	COLD	3.05563359774	0.118490585236
7361	COLD	4.79915659002	0.182753502011
93375	COLD	6.01168179296	0.226011144526
7147	COLD	6.70402067028	0.250183269552
641423	COLD	5.07844545098	0.19282157476
17617	COLD	4.59180537463	0.175238344346
8082	COLD	10.683206327	0.38167589411
7593	COLD	4.72084046803	0.179919084831
8137	COLD	3.43619196626	0.132724712559
8175	COLD	6.16148934302	0.231273993351
62900	COLD	4.15032230974	0.15912282228
8184	COLD	6.60906711276	0.24689077727
16324	COLD	6.69497330173	0.249869865065
7059	COLD	5.83110174398	0.21964337074
8908	COLD	8.04861939727	0.29603266621
638014	COLD	5.06379811241	0.192295103967
12587	COLD	3.29391966727	0.127416823981
5541	COLD	2.41678566658	0.0943350854799
61670	COLD	3.98484385901	0.153042162128
637566	COLD	5.37480939716	0.203436945464
2969	COLD	4.27467549558	0.163677879586
7047	COLD	4.00767876113	0.153882554824
98330	COLD	3.24724555587	0.125671980755
61386	COLD	4.31154150197	0.16502590403
7654	COLD	2.50475453726	0.0976806633737
243	COLD	5.78481117815	0.218006830979
61192	COLD	2.23867560549	0.0875423568328
61130	COLD	5.60601621341	0.211669681422
62580	COLD	3.59918254038	0.138785655632
12810	COLD	5.91840943655	0.222725349359
8658	SOUR	5.22339528226	0.198022267981
7720	SOUR	10.3061055198	0.369757896399
325	SOUR	8.22958613608	0.302093010255
521238	SOUR	7.44418783761	0.27560114048
8051	SOUR	5.43952799521	0.205745733884
62444	SOUR	15.9643033478	0.536628541359
101604	SOUR	5.98943189768	0.225227958124
778574	SOUR	8.08922478301	0.297394768284
7820	SOUR	11.5884370995	0.409820734216
61199	SOUR	7.39308571733	0.273860342124
31265	SOUR	9.51725172727	0.344458836915
8615	SOUR	5.88914838549	0.221693107937
1551246	SOUR	11.0624902024	0.393548132303
6584	SOUR	18.4049630815	0.600701456848
5960	SOUR	14.8303483715	0.505238241733
61918	SOUR	8.17341538107	0.300214727646
8797	SOUR	8.63307817628	0.315511111532
31260	SOUR	7.46652422239	0.27636137531
18554	SOUR	10.1082862185	0.363460468631
12748	SOUR	9.23717251541	0.335356758185
11525	SOUR	5.25608673787	0.199192890396
8063	SOUR	17.1442933659	0.56820101663
440967	SOUR	7.59764959748	0.280816272137
31234	SOUR	7.34877734028	0.272349282252
7409	SOUR	6.55950667559	0.245169415893
6106	SOUR	5.22483992872	0.198074016237
8918	SOUR	6.20106088954	0.232661173119
10748	SOUR	4.02986284354	0.154698595927
62725	SOUR	14.8572939282	0.505996083981
7122	SOUR	5.69501663019	0.21482737944
24197	SOUR	6.20632885599	0.232845747092
1032	SOUR	23.525	0.71962975
11980	SOUR	16.0005924849	0.53761611545
11086	SOUR	6.74627844294	0.251646228586
7937	SOUR	8.51230098422	0.311508332151
7792	SOUR	6.84070340869	0.254910047097
13436	SOUR	12.0621333986	0.424287311094
326	SOUR	4.68540368714	0.178634944401
62332	SOUR	7.69763806729	0.284204069965
13561	SOUR	10.3192546446	0.370175379217
7361	SOUR	8.18155623787	0.300487104525
93375	SOUR	7.69820070879	0.28422311069
7147	SOUR	6.31237829428	0.236556683879
641423	SOUR	9.9526969614	0.358485407734
17617	SOUR	7.17521255732	0.266415032196
8082	SOUR	7.16112938597	0.265932465806
7593	SOUR	8.75439497011	0.319520026287
8137	SOUR	8.44639655924	0.309319216435
8175	SOUR	10.8287187066	0.386244288735
62900	SOUR	5.50309844241	0.20801030071
8184	SOUR	6.15650498377	0.231099177905
16324	SOUR	6.82354904917	0.254317633316
7059	SOUR	4.57016753449	0.174452128862
8908	SOUR	8.29190156491	0.304173809972
638014	SOUR	5.08990724435	0.193233427472
12587	SOUR	20.026146517	0.640627242953
5541	SOUR	8.81943897734	0.321664557544
61670	SOUR	5.56153961584	0.210089295474
637566	SOUR	9.06186067361	0.329627499397
2969	SOUR	12.1961091605	0.428346334957
7047	SOUR	10.1825940656	0.365829673862
98330	SOUR	13.2443371277	0.459608498728
61386	SOUR	9.31786240808	0.337985472381
7654	SOUR	4.82181881318	0.18357277786
243	SOUR	4.69444435736	0.178962651165
61192	SOUR	9.04380821016	0.329036141629
61130	SOUR	7.2498525706	0.268969957906
62580	SOUR	6.80315481652	0.253613026478
12810	SOUR	7.327743811	0.271631420696
8658	BURNT	5.24296550477	0.198723145277
7720	BURNT	4.95327113129	0.188316887291
325	BURNT	6.86437668943	0.255727200643
521238	BURNT	2.38350670546	0.0930678265326
8051	BURNT	2.21619680042	0.0866832607136
62444	BURNT	5.72779957145	0.215988907686
101604	BURNT	3.36391980481	0.130030409611
778574	BURNT	5.44635469692	0.205989076083
7820	BURNT	3.44226695527	0.132950997494
61199	BURNT	5.24756660601	0.198887882126
31265	BURNT	1.32041615517	0.0521192466776
8615	BURNT	4.02608016137	0.154559477868
1551246	BURNT	4.4170830104	0.168879071488
6584	BURNT	11.0492966752	0.393137084201
5960	BURNT	5.14302740636	0.195140803893
61918	BURNT	16.4816817777	0.55060893742
8797	BURNT	6.52925590133	0.244117763003
31260	BURNT	3.77213660703	0.145193858448
18554	BURNT	5.87463277656	0.221180786959
12748	BURNT	12.6778702906	0.442823453583
11525	BURNT	8.49636822411	0.310979419765
8063	BURNT	5.60538876416	0.211647397288
440967	BURNT	3.7843294305	0.145644717525
31234	BURNT	3.5942383959	0.138602115977
7409	BURNT	4.97300555333	0.18902790844
6106	BURNT	4.79215700483	0.18250037269
8918	BURNT	2.65063891073	0.103215201775
10748	BURNT	3.71461459987	0.143065239344
62725	BURNT	25.4409697575	0.758741613419
7122	BURNT	2.91099545043	0.113050260212
24197	BURNT	3.40841395247	0.13168964383
1032	BURNT	5.95959783503	0.224177190859
11980	BURNT	2.89313656714	0.112377367007
11086	BURNT	8.06702136075	0.296650120976
7937	BURNT	8.52156975503	0.311815929765
7792	BURNT	4.39362890252	0.168023566128
13436	BURNT	17.0095513592	0.564652119392
326	BURNT	7.01250460294	0.260830095795
62332	BURNT	3.67227234974	0.141496660305
13561	BURNT	2.49054296427	0.0971405968681
7361	BURNT	4.05828223406	0.155743427486
93375	BURNT	3.4032920416	0.131498722976
7147	BURNT	4.76428510499	0.181492039175
641423	BURNT	4.68340969655	0.178562657308
17617	BURNT	5.34273272369	0.202291391765
8082	BURNT	3.92495870358	0.150836227813
7593	BURNT	4.1098094587	0.157636164833
8137	BURNT	5.64567157363	0.213077419938
8175	BURNT	6.38265178604	0.239010773913
62900	BURNT	4.36835160432	0.167101065877
8184	BURNT	5.86486399658	0.220835907984
16324	BURNT	1.70347509502	0.066978272841
7059	BURNT	9.72161545039	0.351060695229
8908	BURNT	2.60889881896	0.101633411539
638014	BURNT	2.21362445107	0.0865849247588
12587	BURNT	4.58640191114	0.175042043449
5541	BURNT	3.41482639259	0.131928639987
61670	BURNT	12.2003138018	0.428473489327
637566	BURNT	4.42260227681	0.169080326713
2969	BURNT	5.63792199094	0.212802413887
7047	BURNT	6.71439143635	0.25054243651
98330	BURNT	11.5402856402	0.408340148546
61386	BURNT	5.19696271223	0.197075139916
7654	BURNT	2.51979183534	0.0982519330562
243	BURNT	6.56854731608	0.245483567106
61192	BURNT	13.2536358137	0.459881887636
61130	BURNT	7.17376337059	0.266365382465
62580	BURNT	3.91487241392	0.15046440615
12810	BURNT	3.42491589261	0.132304616156
8658	ACID	4.67857445425	0.1783873546
7720	ACID	11.4367500237	0.405150300505
325	ACID	13.3650280982	0.463151533502
521238	ACID	5.89034217659	0.221735234681
8051	ACID	13.3027198298	0.461323851245
62444	ACID	9.53257574136	0.344955029549
101604	ACID	8.76215186529	0.319775952488
778574	ACID	6.73915011567	0.251399546914
7820	ACID	3.20879416124	0.124233222462
61199	ACID	6.54060975513	0.244512559818
31265	ACID	2.259064555	0.0883212331345
8615	ACID	6.25873761745	0.234680786072
1551246	ACID	5.95262576795	0.223931529305
6584	ACID	7.83959199064	0.288999998594
5960	ACID	7.61253948025	0.281321276275
61918	ACID	8.9781962835	0.326884647938
8797	ACID	5.05199791559	0.191870843448
31260	ACID	9.72896291908	0.351297428971
18554	ACID	6.25929986974	0.234700460846
12748	ACID	4.55083489762	0.173749356599
11525	ACID	12.0151741964	0.422861203467
8063	ACID	8.38860792623	0.307396819873
440967	ACID	8.51226731602	0.311507214697
31234	ACID	4.91249146514	0.186846629648
7409	ACID	11.6162535803	0.410675204317
6106	ACID	5.95331759649	0.223955907698
8918	ACID	6.28787544162	0.235700066637
10748	ACID	5.79442010821	0.218346682572
62725	ACID	12.1899156754	0.428159009348
7122	ACID	7.94232706014	0.292460858753
24197	ACID	3.20185888542	0.123973595288
1032	ACID	5.19586924995	0.197035947093
11980	ACID	6.36560769918	0.238415923415
11086	ACID	9.68799004182	0.349976741253
7937	ACID	4.31722949991	0.165233791774
7792	ACID	9.93092338844	0.357787639799
13436	ACID	7.32331169952	0.271480110281
326	ACID	7.80375334391	0.287790707255
62332	ACID	4.12847448917	0.158321258924
13561	ACID	6.43592390877	0.240868509727
7361	ACID	4.33087289264	0.165732331701
93375	ACID	7.37434298558	0.273221345636
7147	ACID	9.60281089384	0.347226844929
641423	ACID	4.250706816	0.162800869266
17617	ACID	4.73836127647	0.180553624024
8082	ACID	5.77582886936	0.217689075123
7593	ACID	6.8223804418	0.254277267715
8137	ACID	3.7680528007	0.145042823264
8175	ACID	8.8499906581	0.322670692465
62900	ACID	5.39461265671	0.204143767982
8184	ACID	9.68146096422	0.349766164008
16324	ACID	4.63577392429	0.176834797021
7059	ACID	7.41148862875	0.274487479672
8908	ACID	5.31240043174	0.201207377931
638014	ACID	7.15920984125	0.265866679429
12587	ACID	7.02857919255	0.261382797516
5541	ACID	3.39768474925	0.131289685308
61670	ACID	9.23814323921	0.335388413365
637566	ACID	6.51236662157	0.243530297257
2969	ACID	8.030912489	0.295438277398
7047	ACID	8.46379345251	0.309897418258
98330	ACID	4.73745210308	0.180520703152
61386	ACID	3.62393787013	0.13970434453
7654	ACID	4.21925451286	0.161649337057
243	ACID	7.76977432297	0.286643215707
61192	ACID	6.28642606754	0.235649381621
61130	ACID	6.88756090607	0.256527038149
62580	ACID	4.71173040349	0.179589054782
12810	ACID	4.50747727039	0.172172150278
8658	WARM	8.5145375715	0.311582562837
7720	WARM	6.41829767024	0.240254088816
325	WARM	8.04939869284	0.296058819987
521238	WARM	5.38127489429	0.203667747977
8051	WARM	4.48428503123	0.171327876353
62444	WARM	5.87730961163	0.221275277157
101604	WARM	5.97249863853	0.224631649546
778574	WARM	3.9978276644	0.153520056162
7820	WARM	4.68407745145	0.178586865429
61199	WARM	7.92830343374	0.291988939215
31265	WARM	6.00020754792	0.225607305669
8615	WARM	6.10178308119	0.22917862054
1551246	WARM	6.86526068684	0.255757705754
6584	WARM	2.93261980656	0.113864688691
5960	WARM	7.3746211673	0.273230831748
61918	WARM	7.04255065397	0.261863018273
8797	WARM	7.72597693268	0.285162789482
31260	WARM	5.49637241013	0.207770852537
18554	WARM	5.79938133669	0.218522123912
12748	WARM	5.61190023122	0.211878639567
11525	WARM	4.55281159832	0.173821226553
8063	WARM	5.35490814065	0.202726309148
440967	WARM	6.26737352766	0.234982952732
31234	WARM	5.97580872775	0.22474823313
7409	WARM	6.77104113231	0.252502846086
6106	WARM	6.33768660347	0.237440955545
8918	WARM	4.31836913832	0.165275440727
10748	WARM	7.55407833323	0.279337493544
62725	WARM	7.7816245115	0.287043508445
7122	WARM	8.07398986957	0.296883869817
24197	WARM	6.65077171376	0.248337762795
1032	WARM	6.17023415749	0.231580650476
11980	WARM	6.99599441794	0.260262201559
11086	WARM	6.51856578366	0.243745951396
7937	WARM	6.35829743432	0.238160718867
7792	WARM	6.16579077099	0.231424840507
13436	WARM	6.26425270899	0.234873763559
326	WARM	6.41822664676	0.240251612555
62332	WARM	5.67635629716	0.214165843561
13561	WARM	3.75239872582	0.144463750554
7361	WARM	7.87754721563	0.290279588572
93375	WARM	6.11901393569	0.229783624809
7147	WARM	7.35514898615	0.272566672803
641423	WARM	6.38914117386	0.239237196978
17617	WARM	5.71568825275	0.215559893229
8082	WARM	3.94560147528	0.15159695061
7593	WARM	6.12215100599	0.229893747064
8137	WARM	5.18417522436	0.196616739872
8175	WARM	3.21954526764	0.124635622013
62900	WARM	4.40601827379	0.16847553214
8184	WARM	3.69887652873	0.142482386119
16324	WARM	4.45770604722	0.170359784608
7059	WARM	8.33990740019	0.30577467383
8908	WARM	4.93023937862	0.187486671013
638014	WARM	5.30964215123	0.20110876614
12587	WARM	5.48436692068	0.207343364619
5541	WARM	6.74936579209	0.251753056245
61670	WARM	7.69811075625	0.284220066564
637566	WARM	3.36222994987	0.129967361901
2969	WARM	6.10076930838	0.229143017874
7047	WARM	8.64696732799	0.315970675531
98330	WARM	6.17178240207	0.231634936875
61386	WARM	6.75078099839	0.2518020223
7654	WARM	3.59684926708	0.138699040823
243	WARM	5.17519480427	0.196294735666
61192	WARM	5.51733770918	0.208517102208
61130	WARM	7.51644022728	0.278058859615
62580	WARM	6.78362996244	0.252938144311
12810	WARM	3.83430845164	0.147491569545
8658	MUSKY	5.01555674091	0.190559945868
7720	MUSKY	5.60679345224	0.211697284963
325	MUSKY	8.56591769439	0.313286729397
521238	MUSKY	6.77645034835	0.252689902205
8051	MUSKY	5.92224113003	0.2228604692
62444	MUSKY	12.5270437583	0.438311020203
101604	MUSKY	6.57729442937	0.24578745637
778574	MUSKY	8.64126153862	0.315781901153
7820	MUSKY	2.99655666122	0.116270525719
61199	MUSKY	8.56013369213	0.313094992154
31265	MUSKY	3.05731160628	0.118553602548
8615	MUSKY	8.09230741326	0.297498120822
1551246	MUSKY	10.3317220004	0.370571088219
6584	MUSKY	9.72983268111	0.351325449643
5960	MUSKY	12.406360549	0.43468730913
61918	MUSKY	11.5908179485	0.409893893653
8797	MUSKY	5.17949933755	0.196449088147
31260	MUSKY	12.3831836877	0.433990052209
18554	MUSKY	7.19842023435	0.267209907826
12748	MUSKY	8.85569261651	0.322858387973
11525	MUSKY	3.74454190609	0.144173038609
8063	MUSKY	12.2529903366	0.430065304588
440967	MUSKY	4.70370666884	0.179298324183
31234	MUSKY	10.7172259482	0.382745465118
7409	MUSKY	8.43451617928	0.3089242219
6106	MUSKY	14.9770107222	0.50935608882
8918	MUSKY	8.8688024276	0.323289834504
10748	MUSKY	5.56242224557	0.210120673328
62725	MUSKY	12.2460270853	0.429855011663
7122	MUSKY	8.16559910327	0.299953160645
24197	MUSKY	3.88111541048	0.149219393687
1032	MUSKY	21.3295571434	0.671202282562
11980	MUSKY	8.38703927062	0.307344599734
11086	MUSKY	10.9871956809	0.391200439664
7937	MUSKY	10.3057443112	0.369746426125
7792	MUSKY	6.9154584385	0.257488911374
13436	MUSKY	11.1251392138	0.395498079541
326	MUSKY	6.41182631117	0.240028445789
62332	MUSKY	6.94956527919	0.25866402814
13561	MUSKY	7.12669612971	0.264751926098
7361	MUSKY	11.0554624384	0.393329197647
93375	MUSKY	4.03731219688	0.154972531965
7147	MUSKY	9.94447249068	0.35822188638
641423	MUSKY	11.2871620889	0.400526472347
17617	MUSKY	6.00347418136	0.225722286356
8082	MUSKY	5.27877767664	0.200004909562
7593	MUSKY	11.1691042222	0.396864613236
8137	MUSKY	7.26559677206	0.269508312301
8175	MUSKY	7.42920026198	0.275090803866
62900	MUSKY	5.4321837139	0.205483900595
8184	MUSKY	7.44950393424	0.275782113823
16324	MUSKY	3.61299937182	0.139298469089
7059	MUSKY	7.09539722998	0.263678024459
8908	MUSKY	2.41678190609	0.094334942331
638014	MUSKY	4.75396855197	0.181118655282
12587	MUSKY	23.4357306763	0.71773583812
5541	MUSKY	5.44916212834	0.206089137973
61670	MUSKY	8.38734926421	0.307354919496
637566	MUSKY	7.13263432779	0.26495558413
2969	MUSKY	17.9709671564	0.589656422041
7047	MUSKY	8.89419135979	0.324124998414
98330	MUSKY	9.86310486765	0.355611859654
61386	MUSKY	10.2739395854	0.368736049576
7654	MUSKY	3.51699848864	0.135732228198
243	MUSKY	11.3930110484	0.403800161636
61192	MUSKY	7.9729562547	0.293491037612
61130	MUSKY	2.50152259823	0.0975578578053
62580	MUSKY	6.57633950316	0.245754283622
12810	MUSKY	6.10373414478	0.229247137587
8658	SWEATY	2.19272620974	0.0857858290972
7720	SWEATY	1.76256103333	0.0692597927745
325	SWEATY	3.09558983078	0.119990522671
521238	SWEATY	1.73429898923	0.0681688423754
8051	SWEATY	3.2511144433	0.125816679683
62444	SWEATY	7.30258628841	0.270772344937
101604	SWEATY	0.910766975095	0.0360988804106
778574	SWEATY	3.51556332556	0.135678858824
7820	SWEATY	1.81155138305	0.0711493679567
61199	SWEATY	3.37334519134	0.130382024542
31265	SWEATY	1.69790232432	0.0667629440515
8615	SWEATY	3.53713780352	0.136480974604
1551246	SWEATY	3.61057173039	0.139208377927
6584	SWEATY	4.09080963327	0.156938495949
5960	SWEATY	8.47610876109	0.310306582552
61918	SWEATY	4.98088442288	0.189311693061
8797	SWEATY	1.99105116931	0.0780563328688
31260	SWEATY	7.31264624103	0.271115931623
18554	SWEATY	8.17147332617	0.300149742519
12748	SWEATY	4.4970380591	0.171792181842
11525	SWEATY	1.98623726683	0.0778714352813
8063	SWEATY	6.65735020368	0.248565883454
440967	SWEATY	2.91097528838	0.113049500684
31234	SWEATY	8.36488731227	0.306606956592
7409	SWEATY	1.88126522287	0.0738349453794
6106	SWEATY	8.91933006415	0.324951423049
8918	SWEATY	2.90457701696	0.11280845362
10748	SWEATY	0.95136299468	0.0376924831681
62725	SWEATY	5.3068025732	0.201007241508
7122	SWEATY	1.1731150111	0.0463741209125
24197	SWEATY	0.485881836231	0.0193408409857
1032	SWEATY	15.4270274725	0.521883828245
11980	SWEATY	2.38889872402	0.0932732141155
11086	SWEATY	2.11796544244	0.0829243066513
7937	SWEATY	3.72913211029	0.143602713893
7792	SWEATY	2.86180217435	0.1111961223
13436	SWEATY	5.04467343756	0.191607445466
326	SWEATY	0.786488496199	0.0312121141861
62332	SWEATY	1.50476453727	0.0592848549656
13561	SWEATY	6.75927872864	0.252096009573
7361	SWEATY	6.39640952929	0.239490759225
93375	SWEATY	2.68719871773	0.10459953393
7147	SWEATY	1.3941007566	0.0549866234962
641423	SWEATY	5.51689562136	0.208501369936
17617	SWEATY	1.83020528783	0.071868350955
8082	SWEATY	3.17398704753	0.12292980439
7593	SWEATY	7.69092137346	0.283976746309
8137	SWEATY	3.39543537175	0.131205822324
8175	SWEATY	7.57040741629	0.279891869272
62900	SWEATY	2.01624076577	0.0790235399004
8184	SWEATY	7.18355492583	0.266700812484
16324	SWEATY	1.56951703789	0.0617953280228
7059	SWEATY	3.12794710907	0.121204263116
8908	SWEATY	3.48194520631	0.134428231285
638014	SWEATY	1.1569817877	0.0457438287651
12587	SWEATY	13.7085428373	0.473172054802
5541	SWEATY	4.27835364665	0.163812421896
61670	SWEATY	4.20696074041	0.161199022148
637566	SWEATY	3.56700721355	0.137590872357
2969	SWEATY	7.81747975475	0.288253994304
7047	SWEATY	2.68128995507	0.104375871873
98330	SWEATY	5.81337152924	0.219016745755
61386	SWEATY	5.31417654809	0.20127087297
7654	SWEATY	2.79773349067	0.108778414553
243	SWEATY	3.3508511213	0.129542763557
61192	SWEATY	4.08574564308	0.156752498739
61130	SWEATY	3.67806610937	0.141711376253
62580	SWEATY	1.90208073036	0.0746360647726
12810	SWEATY	0.980813761577	0.0388477522091
8658	AMMONIA/URINOUS	5.60026916455	0.211465560696
7720	AMMONIA/URINOUS	9.07932232452	0.330199255432
325	AMMONIA/URINOUS	7.48027273386	0.276829117285
521238	AMMONIA/URINOUS	2.38352082353	0.0930683643348
8051	AMMONIA/URINOUS	9.43829699287	0.341899299665
62444	AMMONIA/URINOUS	8.44196520817	0.309171897696
101604	AMMONIA/URINOUS	4.4307646002	0.169377914031
778574	AMMONIA/URINOUS	2.81897243942	0.109580255331
7820	AMMONIA/URINOUS	3.13460343047	0.121453841752
61199	AMMONIA/URINOUS	2.65733012696	0.103468643717
31265	AMMONIA/URINOUS	2.2356787602	0.0874278466003
8615	AMMONIA/URINOUS	4.74779245277	0.180895084841
1551246	AMMONIA/URINOUS	3.20359022204	0.124038412757
6584	AMMONIA/URINOUS	6.24812665882	0.234309431655
5960	AMMONIA/URINOUS	2.92920992192	0.11373628857
61918	AMMONIA/URINOUS	6.46656328653	0.241935955166
8797	AMMONIA/URINOUS	4.48099262179	0.171207986921
31260	AMMONIA/URINOUS	5.59372177092	0.211232981537
18554	AMMONIA/URINOUS	6.30508385159	0.236301721113
12748	AMMONIA/URINOUS	4.90718345522	0.186655158424
11525	AMMONIA/URINOUS	9.82378950552	0.354348844121
8063	AMMONIA/URINOUS	10.262963361	0.368387167659
440967	AMMONIA/URINOUS	6.63900131805	0.247929517321
31234	AMMONIA/URINOUS	7.15337964722	0.265666849738
7409	AMMONIA/URINOUS	8.17826568247	0.30037701547
6106	AMMONIA/URINOUS	5.11989448368	0.194310451538
8918	AMMONIA/URINOUS	6.07272951461	0.228157963081
10748	AMMONIA/URINOUS	2.61669197842	0.101928848373
62725	AMMONIA/URINOUS	7.27128883646	0.269702896921
7122	AMMONIA/URINOUS	6.81284259661	0.253947774166
24197	AMMONIA/URINOUS	2.62571121002	0.102270704657
1032	AMMONIA/URINOUS	1.95996511217	0.0768620191904
11980	AMMONIA/URINOUS	4.14767931417	0.15902587509
11086	AMMONIA/URINOUS	7.01655644639	0.26096943211
7937	AMMONIA/URINOUS	7.06642823325	0.26268336614
7792	AMMONIA/URINOUS	3.08155268833	0.119463720745
13436	AMMONIA/URINOUS	7.92094491122	0.291741249134
326	AMMONIA/URINOUS	6.8125747817	0.253938521205
62332	AMMONIA/URINOUS	4.85633901739	0.184819949235
13561	AMMONIA/URINOUS	6.43803708614	0.240942154837
7361	AMMONIA/URINOUS	4.83758593462	0.184142542315
93375	AMMONIA/URINOUS	5.97953977711	0.224879632706
7147	AMMONIA/URINOUS	7.51350018587	0.277958933418
641423	AMMONIA/URINOUS	3.22231735202	0.124739362434
17617	AMMONIA/URINOUS	5.02969600015	0.191068703264
8082	AMMONIA/URINOUS	8.02381506212	0.295199959224
7593	AMMONIA/URINOUS	8.20156929623	0.301156476281
8137	AMMONIA/URINOUS	3.74593648622	0.144224643385
8175	AMMONIA/URINOUS	6.63573623342	0.247816251193
62900	AMMONIA/URINOUS	3.31204794922	0.128094053322
8184	AMMONIA/URINOUS	10.6784405973	0.381525986457
16324	AMMONIA/URINOUS	2.93123022663	0.113812364809
7059	AMMONIA/URINOUS	7.2633492654	0.269431473596
8908	AMMONIA/URINOUS	7.22747959199	0.268204599178
638014	AMMONIA/URINOUS	5.29551779441	0.200603708292
12587	AMMONIA/URINOUS	6.24062385081	0.234046799614
5541	AMMONIA/URINOUS	1.72047222889	0.0676348792796
61670	AMMONIA/URINOUS	5.56461244556	0.210198533155
637566	AMMONIA/URINOUS	3.49634161491	0.134963902721
2969	AMMONIA/URINOUS	8.4996407712	0.311088073552
7047	AMMONIA/URINOUS	5.22600200601	0.198115641454
98330	AMMONIA/URINOUS	6.76369314243	0.252248707727
61386	AMMONIA/URINOUS	2.98680326858	0.115903733237
7654	AMMONIA/URINOUS	4.84027796175	0.184239802171
243	AMMONIA/URINOUS	5.98903354136	0.22521393255
61192	AMMONIA/URINOUS	6.01923462608	0.22627691085
61130	AMMONIA/URINOUS	7.95075644322	0.292744446521
62580	AMMONIA/URINOUS	4.19344497619	0.16070380674
12810	AMMONIA/URINOUS	2.02167099307	0.0792319782812
8658	DECAYED	2.34269813084	0.0915126314207
7720	DECAYED	3.78754399719	0.145763564075
325	DECAYED	2.73870068728	0.10654783491
521238	DECAYED	2.8013228855	0.108913951456
8051	DECAYED	4.73406696587	0.18039812262
62444	DECAYED	15.0563833767	0.511577462915
101604	DECAYED	3.08646767544	0.119648193933
778574	DECAYED	3.09079172734	0.119810471693
7820	DECAYED	1.80491423806	0.0708934833599
61199	DECAYED	3.44001917142	0.132867274097
31265	DECAYED	3.44662297026	0.133113234851
8615	DECAYED	2.06852916924	0.0810296416001
1551246	DECAYED	5.37536054088	0.203456621257
6584	DECAYED	4.00424461083	0.153756194472
5960	DECAYED	3.2047221235	0.124080787384
61918	DECAYED	5.96998221444	0.224543013521
8797	DECAYED	3.45505187769	0.133427121717
31260	DECAYED	3.6619259387	0.141113156916
18554	DECAYED	5.84896711598	0.22027451811
12748	DECAYED	7.65668519231	0.282817476439
11525	DECAYED	2.97638589657	0.115511886661
8063	DECAYED	12.6069869615	0.44070503036
440967	DECAYED	2.86295190726	0.111239478841
31234	DECAYED	5.51727257765	0.208514784428
7409	DECAYED	3.22834959295	0.12496508728
6106	DECAYED	2.5888952243	0.100874857579
8918	DECAYED	3.1172356956	0.120802564471
10748	DECAYED	2.04309634326	0.0800541566631
62725	DECAYED	8.62293433825	0.315175374889
7122	DECAYED	3.13927887122	0.121629126116
24197	DECAYED	2.34689535698	0.0916726471526
1032	DECAYED	8.99615309512	0.3274738156
11980	DECAYED	7.89319737894	0.290806869212
11086	DECAYED	2.96758836143	0.115180902184
7937	DECAYED	6.82641964836	0.254416783848
7792	DECAYED	3.29431797253	0.127431706539
13436	DECAYED	15.7182091098	0.529903525343
326	DECAYED	1.61990771399	0.0637466681587
62332	DECAYED	3.18213159694	0.123234879278
13561	DECAYED	4.74551834969	0.180812756225
7361	DECAYED	4.13747398082	0.158651482856
93375	DECAYED	4.22743448927	0.161948898627
7147	DECAYED	3.84116212123	0.147744674272
641423	DECAYED	4.39420180886	0.16804446854
17617	DECAYED	4.86465780396	0.185120353938
8082	DECAYED	4.03082407495	0.154733945909
7593	DECAYED	3.42753809579	0.132402316872
8137	DECAYED	2.85856440936	0.111074020181
8175	DECAYED	4.33202536906	0.165774437243
62900	DECAYED	2.64112228425	0.102854680602
8184	DECAYED	2.87725670235	0.111778825642
16324	DECAYED	6.30320245975	0.23623595389
7059	DECAYED	2.836831388	0.11025421059
8908	DECAYED	3.36321002416	0.1300039283
638014	DECAYED	5.90502957186	0.222253433176
12587	DECAYED	11.2221669658	0.39851186607
5541	DECAYED	2.80318886949	0.108984407644
61670	DECAYED	4.60037265231	0.175549534676
637566	DECAYED	2.08681229577	0.0817305776077
2969	DECAYED	4.75718706485	0.181235151086
7047	DECAYED	3.22685595931	0.12490919862
98330	DECAYED	12.6891961263	0.44316156572
61386	DECAYED	2.13743055556	0.0836697784703
7654	DECAYED	3.16578271055	0.122622436354
243	DECAYED	3.61966462048	0.139545796033
61192	DECAYED	5.7943962585	0.21834583914
61130	DECAYED	2.0676677291	0.0809966092287
62580	DECAYED	3.43056853884	0.132515221354
12810	DECAYED	2.66951746527	0.103930169212
8658	WOOD	1.72564920798	0.0678348222434
7720	WOOD	3.53867266501	0.136538024908
325	WOOD	3.71083065201	0.142925120429
521238	WOOD	3.57622528951	0.137933256652
8051	WOOD	2.19681936605	0.085942368511
62444	WOOD	1.18125494535	0.0466920525155
101604	WOOD	4.43478371474	0.169524425951
778574	WOOD	2.1720283162	0.0849940498455
7820	WOOD	1.53144706155	0.060319750421
61199	WOOD	4.2277557056	0.161960660901
31265	WOOD	0.40349150175	0.0160745379132
8615	WOOD	6.44710249075	0.24125804742
1551246	WOOD	3.44515865153	0.133058698808
6584	WOOD	2.32766507282	0.0909393930364
5960	WOOD	3.47911377182	0.134322857818
61918	WOOD	12.6154392192	0.440957846089
8797	WOOD	3.37001695679	0.130257872556
31260	WOOD	1.20519688645	0.0476268756438
18554	WOOD	2.93462277705	0.113940106745
12748	WOOD	4.12440054185	0.158171749742
11525	WOOD	2.55943839842	0.0997572459706
8063	WOOD	2.73409093676	0.10637353617
440967	WOOD	2.7143694878	0.105627658825
31234	WOOD	3.65853294394	0.140987372437
7409	WOOD	2.90887829045	0.112970502454
6106	WOOD	1.6579525603	0.0652185797352
8918	WOOD	2.20188179949	0.0861359585959
10748	WOOD	2.43647959184	0.0950846105529
62725	WOOD	5.34670828857	0.202433415734
7122	WOOD	3.08208462173	0.119483686623
24197	WOOD	2.52048987773	0.0982784474196
1032	WOOD	2.63432366941	0.102597082298
11980	WOOD	3.01935502358	0.11712759904
11086	WOOD	3.79460830755	0.146024711419
7937	WOOD	4.01129167589	0.154015482672
7792	WOOD	3.47238063117	0.134072254348
13436	WOOD	4.37097470485	0.167196820246
326	WOOD	3.63446945024	0.140095030736
62332	WOOD	3.03818731804	0.11783525985
13561	WOOD	3.24742959734	0.125678864298
7361	WOOD	2.97245992593	0.115364189833
93375	WOOD	3.79606000263	0.146078371488
7147	WOOD	2.85026334507	0.110760933348
641423	WOOD	3.16153742161	0.122463369317
17617	WOOD	2.10097051444	0.0822731897367
8082	WOOD	1.55704838424	0.0613121755014
7593	WOOD	4.05663499892	0.155682884951
8137	WOOD	4.06471061833	0.155979675769
8175	WOOD	5.48565587897	0.20738926699
62900	WOOD	3.31679304657	0.128271275417
8184	WOOD	2.76436386803	0.107517871683
16324	WOOD	0.605673984779	0.0240802230008
7059	WOOD	6.73888528082	0.251390381302
8908	WOOD	1.32499325488	0.0522974873451
638014	WOOD	3.20051209628	0.12392317278
12587	WOOD	1.23924782221	0.0489556188224
5541	WOOD	5.76270965197	0.217224857066
61670	WOOD	5.92786994891	0.223058941104
637566	WOOD	3.31726022573	0.128288722867
2969	WOOD	3.46234732781	0.133698753505
7047	WOOD	2.98829667702	0.115959900269
98330	WOOD	2.45791099773	0.0958999093202
61386	WOOD	5.24725820763	0.198876840826
7654	WOOD	3.40251701376	0.131469831739
243	WOOD	1.5510160586	0.0610783820183
61192	WOOD	3.68813937245	0.142084626086
61130	WOOD	3.76721031225	0.145011663075
62580	WOOD	3.00887671022	0.116733732786
12810	WOOD	2.36804109201	0.0924785962351
8658	GRASS	3.00713630738	0.116668304787
7720	GRASS	4.03738873447	0.154975346262
325	GRASS	2.43386810758	0.094985238717
521238	GRASS	1.97796890645	0.0775538118599
8051	GRASS	1.92696961116	0.0755934996933
62444	GRASS	2.02908245675	0.0795164280235
101604	GRASS	3.9047973735	0.150092917929
778574	GRASS	1.81940459476	0.0714520905587
7820	GRASS	3.01996160338	0.117150396901
61199	GRASS	2.37500349785	0.0927438832682
31265	GRASS	2.10914871408	0.082586545244
8615	GRASS	2.84025092346	0.110383226815
1551246	GRASS	4.11838134398	0.157950827801
6584	GRASS	4.29938698556	0.164581588042
5960	GRASS	4.55435402891	0.173877304908
61918	GRASS	3.58045636123	0.138090387347
8797	GRASS	3.04633611906	0.118141379262
31260	GRASS	1.51685601633	0.0597538997833
18554	GRASS	2.68082895673	0.104358420711
12748	GRASS	2.3904350524	0.0933317302001
11525	GRASS	3.09483899243	0.119962348341
8063	GRASS	4.29338394517	0.164362099527
440967	GRASS	4.75488288888	0.181151751041
31234	GRASS	4.45995763458	0.170441816542
7409	GRASS	2.15917220235	0.0845020782542
6106	GRASS	2.69032875603	0.104718002715
8918	GRASS	3.59737077579	0.138718400432
10748	GRASS	3.01957209525	0.117135757555
62725	GRASS	6.80822510822	0.253788232679
7122	GRASS	2.02951994301	0.0795332172407
24197	GRASS	4.01830207857	0.154273382505
1032	GRASS	2.46395842839	0.0961299006807
11980	GRASS	2.88317218307	0.112001814588
11086	GRASS	2.25504931415	0.0881678736025
7937	GRASS	3.48572639024	0.134568940223
7792	GRASS	3.89612222291	0.149772981566
13436	GRASS	4.57327160774	0.17456493903
326	GRASS	2.91379641011	0.113155772596
62332	GRASS	3.48836004143	0.134666939346
13561	GRASS	3.60733830716	0.139088376421
7361	GRASS	3.44542708347	0.133068696224
93375	GRASS	4.62338799705	0.176385233253
7147	GRASS	2.917323208	0.11328861844
641423	GRASS	2.32811609593	0.0909565940148
17617	GRASS	4.29852972193	0.164550245769
8082	GRASS	3.6557821792	0.140885389831
7593	GRASS	1.64101543384	0.0645634446921
8137	GRASS	3.51572536953	0.135684884832
8175	GRASS	2.75985951853	0.107347650917
62900	GRASS	2.47371224731	0.0965007889794
8184	GRASS	4.97041510501	0.188934593674
16324	GRASS	2.04380133543	0.0800812038577
7059	GRASS	1.47911810335	0.0582896079884
8908	GRASS	3.96906482702	0.15246120284
638014	GRASS	6.78002878047	0.252813635113
12587	GRASS	2.02467160037	0.0793471459791
5541	GRASS	3.10500394807	0.120343738116
61670	GRASS	2.82484549139	0.109801918835
637566	GRASS	5.27519175787	0.199876611082
2969	GRASS	1.68586331955	0.0662976787293
7047	GRASS	2.07872249964	0.0814204650933
98330	GRASS	1.39140986395	0.054881985994
61386	GRASS	3.22393939394	0.124800061671
7654	GRASS	2.18845756356	0.0856225639395
243	GRASS	1.16523483769	0.0460662846167
61192	GRASS	5.27832340815	0.199988657126
61130	GRASS	4.41487558988	0.168798573005
62580	GRASS	1.86173041751	0.0730828006412
12810	GRASS	4.02767407924	0.154618099774
8658	FLOWER	9.31345244785	0.337841939315
7720	FLOWER	2.73623715444	0.106454688671
325	FLOWER	7.00977477065	0.260736213892
521238	FLOWER	7.00295782291	0.260501745608
8051	FLOWER	4.58680904832	0.175056835035
62444	FLOWER	2.27623710477	0.088976982048
101604	FLOWER	7.7400053996	0.28563714255
778574	FLOWER	8.26656543565	0.303328175785
7820	FLOWER	5.60183523487	0.211521186195
61199	FLOWER	1.76691578623	0.0694278348908
31265	FLOWER	10.2067455154	0.36659875901
8615	FLOWER	15.1531070096	0.514277619565
1551246	FLOWER	9.24334690959	0.335558091547
6584	FLOWER	4.28834269135	0.164177754438
5960	FLOWER	3.19937592853	0.123880634608
61918	FLOWER	2.06530726305	0.0809060928858
8797	FLOWER	11.5537743595	0.408755093599
31260	FLOWER	0.945673076922	0.0374692040495
18554	FLOWER	2.23084466773	0.0872431195365
12748	FLOWER	2.73104800493	0.106258470915
11525	FLOWER	4.04105067574	0.155109990804
8063	FLOWER	1.66066469076	0.0653234647445
440967	FLOWER	4.04806818182	0.155367984871
31234	FLOWER	13.6949154082	0.472776333113
7409	FLOWER	1.79233240398	0.0704083139805
6106	FLOWER	4.9123307143	0.186840831353
8918	FLOWER	5.24737490784	0.198881018944
10748	FLOWER	12.4580566086	0.436240994559
62725	FLOWER	2.2505887485	0.0879974900541
7122	FLOWER	16.553752618	0.552539414424
24197	FLOWER	10.6187173339	0.37964583023
1032	FLOWER	1.97975008119	0.0776222390941
11980	FLOWER	3.82690771961	0.147218219707
11086	FLOWER	6.31441809334	0.236627973391
7937	FLOWER	2.52591150495	0.0984843686258
7792	FLOWER	4.94396998524	0.187981663724
13436	FLOWER	5.54427996243	0.209475582376
326	FLOWER	8.15574608122	0.299623365592
62332	FLOWER	16.3129049127	0.546071849832
13561	FLOWER	7.23078343012	0.268317645599
7361	FLOWER	4.69985984851	0.179158920902
93375	FLOWER	5.17034925304	0.196120965562
7147	FLOWER	6.36859859858	0.238520324699
641423	FLOWER	5.51877582139	0.208568278229
17617	FLOWER	8.25246476016	0.302857320559
8082	FLOWER	4.6659139792	0.177928257863
7593	FLOWER	12.4369847644	0.435607954563
8137	FLOWER	6.88321733792	0.256377221148
8175	FLOWER	6.29455237949	0.235933539316
62900	FLOWER	10.2606099948	0.368312352806
8184	FLOWER	6.93412207227	0.258132063325
16324	FLOWER	9.17811089432	0.333429347937
7059	FLOWER	8.06956233422	0.296735358862
8908	FLOWER	10.9655740179	0.390525435298
638014	FLOWER	11.6178504475	0.410724238291
12587	FLOWER	3.44313713891	0.132983408214
5541	FLOWER	8.66812232561	0.316670355164
61670	FLOWER	6.01078276206	0.225979506717
637566	FLOWER	5.98900898632	0.225213067998
2969	FLOWER	4.2949003715	0.164417547179
7047	FLOWER	5.01122937974	0.190404207231
98330	FLOWER	3.5789423523	0.138034162748
61386	FLOWER	4.67810607319	0.178370372355
7654	FLOWER	12.8800121686	0.448842601359
243	FLOWER	10.3143193449	0.370018700375
61192	FLOWER	7.1456391497	0.265401502445
61130	FLOWER	7.24887441764	0.268936504577
62580	FLOWER	12.2529143698	0.430063010569
12810	FLOWER	12.197066307	0.42837528168
8658	CHEMICAL	20.5231506007	0.652446139796
7720	CHEMICAL	33.4485126888	0.890419307114
325	CHEMICAL	25.7395747944	0.764572707538
521238	CHEMICAL	15.0762903756	0.512133802428
8051	CHEMICAL	23.9713796582	0.729004369241
62444	CHEMICAL	19.523882362	0.628482501486
101604	CHEMICAL	19.6584346203	0.631755764124
778574	CHEMICAL	17.3978885158	0.574840930709
7820	CHEMICAL	14.3519709504	0.491687209951
61199	CHEMICAL	14.8375688375	0.505441373898
31265	CHEMICAL	13.2370256472	0.459393486694
8615	CHEMICAL	11.7051636451	0.41340220342
1551246	CHEMICAL	13.3365586305	0.462316826779
6584	CHEMICAL	15.161545036	0.514512822289
5960	CHEMICAL	13.675788219	0.472220655396
61918	CHEMICAL	13.6927239229	0.472712681545
8797	CHEMICAL	23.3260953734	0.715401124788
31260	CHEMICAL	21.3114186037	0.670786118987
18554	CHEMICAL	17.0107519361	0.564683804873
12748	CHEMICAL	11.8515170372	0.417877299054
11525	CHEMICAL	34.610187918	0.905261473632
8063	CHEMICAL	24.0497907936	0.730634656858
440967	CHEMICAL	30.480376802	0.847593724084
31234	CHEMICAL	20.3584380074	0.648551121056
7409	CHEMICAL	33.2538692943	0.887826842555
6106	CHEMICAL	12.7848559641	0.446013221754
8918	CHEMICAL	21.184236207	0.66786070281
10748	CHEMICAL	18.6043579332	0.605725463685
62725	CHEMICAL	13.9492367946	0.480136988924
7122	CHEMICAL	31.9369501134	0.869490491517
24197	CHEMICAL	10.0434250522	0.361388847375
1032	CHEMICAL	9.49477654024	0.34373074899
11980	CHEMICAL	17.7000402758	0.582685040726
11086	CHEMICAL	23.1855270309	0.712393615755
7937	CHEMICAL	29.5465441582	0.832662457651
7792	CHEMICAL	30.0615356362	0.840983055525
13436	CHEMICAL	18.8640547159	0.612221164505
326	CHEMICAL	23.0343827397	0.709142194309
62332	CHEMICAL	15.1320687182	0.513690947251
13561	CHEMICAL	26.1417549911	0.772313658038
7361	CHEMICAL	9.4125081726	0.341062202864
93375	CHEMICAL	23.922557096	0.727986788635
7147	CHEMICAL	33.0687228615	0.885332741783
641423	CHEMICAL	10.9577270448	0.390280368996
17617	CHEMICAL	16.7615389916	0.558081883917
8082	CHEMICAL	28.9731004656	0.823147798387
7593	CHEMICAL	18.1664809095	0.594650824925
8137	CHEMICAL	10.6768091973	0.381474666037
8175	CHEMICAL	29.7603698813	0.836142949063
62900	CHEMICAL	14.1298404648	0.485332661966
8184	CHEMICAL	23.5234776866	0.719597506476
16324	CHEMICAL	11.5283499792	0.407972857872
7059	CHEMICAL	25.7182861656	0.764159349306
8908	CHEMICAL	20.2528817585	0.646043582531
638014	CHEMICAL	17.3983357671	0.574852595698
12587	CHEMICAL	12.3362811456	0.432577712823
5541	CHEMICAL	13.2920108364	0.461009412625
61670	CHEMICAL	16.2516062538	0.54441836782
637566	CHEMICAL	17.5079668099	0.577707111669
2969	CHEMICAL	17.5182916487	0.577975449032
7047	CHEMICAL	29.225694047	0.827371284868
98330	CHEMICAL	11.1847129431	0.397349396275
61386	CHEMICAL	10.0522834967	0.36167197847
7654	CHEMICAL	16.1301496772	0.541133295644
243	CHEMICAL	24.8296435736	0.746581262948
61192	CHEMICAL	11.8523991432	0.417904219548
61130	CHEMICAL	25.8437580886	0.766590390687
62580	CHEMICAL	12.19715115	0.42837784753
12810	CHEMICAL	11.51306652	0.407502380523
