#oID	descriptor	value	sigma
8658	INTENSITY/STRENGTH	50.2959183674	0.999964972928
7720	INTENSITY/STRENGTH	51.6346938775	0.998931110371
325	INTENSITY/STRENGTH	73.8755102041	0.771984004998
521238	INTENSITY/STRENGTH	15.7693877551	0.531306074135
8051	INTENSITY/STRENGTH	66.4489795918	0.891772428155
62444	INTENSITY/STRENGTH	70.0755102041	0.838789556019
101604	INTENSITY/STRENGTH	39.7734693878	0.958167228655
778574	INTENSITY/STRENGTH	32.3469387755	0.875347771762
7820	INTENSITY/STRENGTH	58.3959183674	0.971803421908
31265	INTENSITY/STRENGTH	58.7918367347	0.969081442732
8615	INTENSITY/STRENGTH	67.7346938776	0.874192253228
1551246	INTENSITY/STRENGTH	42.9551020408	0.980147765098
6584	INTENSITY/STRENGTH	4.96734693878	0.188824063307
5960	INTENSITY/STRENGTH	57.5612244898	0.977131153686
61918	INTENSITY/STRENGTH	67.2326530612	0.881214267389
8797	INTENSITY/STRENGTH	62.5469387755	0.937029730945
31260	INTENSITY/STRENGTH	29.1989795918	0.826927019992
18554	INTENSITY/STRENGTH	28.3163265306	0.811927321949
12748	INTENSITY/STRENGTH	68.9204081633	0.856807261974
11525	INTENSITY/STRENGTH	21.1816326531	0.667800681383
440967	INTENSITY/STRENGTH	50.5081632653	0.999896708038
31234	INTENSITY/STRENGTH	67.393877551	0.878981209496
7409	INTENSITY/STRENGTH	81.7183673469	0.597578069138
6106	INTENSITY/STRENGTH	29.1193877551	0.825600012912
8918	INTENSITY/STRENGTH	10.756122449	0.383967229904
10748	INTENSITY/STRENGTH	57.3387755102	0.978456949604
7122	INTENSITY/STRENGTH	40.6979591837	0.96538881466
24197	INTENSITY/STRENGTH	13.1806122449	0.457733074135
11980	INTENSITY/STRENGTH	66.4795918367	0.891369221158
11086	INTENSITY/STRENGTH	75.1469387755	0.747052588089
7937	INTENSITY/STRENGTH	64.7020408163	0.913539998334
7792	INTENSITY/STRENGTH	32.2755102041	0.87433698459
13436	INTENSITY/STRENGTH	68.2448979592	0.866849479384
326	INTENSITY/STRENGTH	81.5040816326	0.602997136194
62332	INTENSITY/STRENGTH	64.7306122449	0.913203625156
13561	INTENSITY/STRENGTH	25.7591836735	0.764953129529
7361	INTENSITY/STRENGTH	45.7020408163	0.992611018742
93375	INTENSITY/STRENGTH	60.3714285714	0.956973387755
7147	INTENSITY/STRENGTH	70.581632653	0.830558558934
641423	INTENSITY/STRENGTH	37.1204081633	0.933646445648
17617	INTENSITY/STRENGTH	51.4163265306	0.999197607663
8082	INTENSITY/STRENGTH	19.181632653	0.620091293627
7593	INTENSITY/STRENGTH	64.3653061224	0.917455192003
8137	INTENSITY/STRENGTH	55.6122448979	0.987401082882
8175	INTENSITY/STRENGTH	64.9469387755	0.910635608496
62900	INTENSITY/STRENGTH	43.6612244898	0.983927970012
8184	INTENSITY/STRENGTH	55.7224489796	0.98690143107
16324	INTENSITY/STRENGTH	50.9755102041	0.999619351937
7059	INTENSITY/STRENGTH	56.1367346939	0.984936194919
8908	INTENSITY/STRENGTH	52.8224489796	0.996813512703
638014	INTENSITY/STRENGTH	54.6734693877	0.991263473553
5541	INTENSITY/STRENGTH	48.2204081633	0.998733221158
637566	INTENSITY/STRENGTH	65.5775510204	0.902935961683
2969	INTENSITY/STRENGTH	51.7469387755	0.998779281966
7047	INTENSITY/STRENGTH	12.7346938775	0.444518783839
98330	INTENSITY/STRENGTH	33.1632653061	0.886609745939
61386	INTENSITY/STRENGTH	13.0897959184	0.455054733861
7654	INTENSITY/STRENGTH	38.4326530612	0.946478593919
243	INTENSITY/STRENGTH	72.212244898	0.802646470637
61192	INTENSITY/STRENGTH	51.1653061224	0.999456824656
62580	INTENSITY/STRENGTH	55.6102040816	0.987410244065
12810	INTENSITY/STRENGTH	66.712244898	0.888280348188
8658	VALENCE/PLEASANTNESS	62.5329725896	0.937169839227
7720	VALENCE/PLEASANTNESS	45.3761604836	0.991448043251
325	VALENCE/PLEASANTNESS	44.7758417806	0.98908326836
521238	VALENCE/PLEASANTNESS	46.5572224641	0.995258913135
8051	VALENCE/PLEASANTNESS	46.5478017241	0.995232930825
62444	VALENCE/PLEASANTNESS	21.6384937661	0.678249985658
101604	VALENCE/PLEASANTNESS	46.7963031629	0.99589453063
778574	VALENCE/PLEASANTNESS	46.0402296931	0.993728087647
7820	VALENCE/PLEASANTNESS	46.979560191	0.996350777344
61199	VALENCE/PLEASANTNESS	45.1444278617	0.990569367684
31265	VALENCE/PLEASANTNESS	47.4535582526	0.997406253771
8615	VALENCE/PLEASANTNESS	46.5481852725	0.995233990035
1551246	VALENCE/PLEASANTNESS	46.3444764318	0.994654858977
6584	VALENCE/PLEASANTNESS	46.7951477508	0.995891568824
5960	VALENCE/PLEASANTNESS	46.0639795646	0.993803097253
61918	VALENCE/PLEASANTNESS	45.5716035262	0.992155721868
8797	VALENCE/PLEASANTNESS	46.0545393231	0.993773336019
31260	VALENCE/PLEASANTNESS	44.2905371737	0.986960813694
18554	VALENCE/PLEASANTNESS	44.7367127821	0.988919123065
12748	VALENCE/PLEASANTNESS	43.7327565504	0.984288663817
11525	VALENCE/PLEASANTNESS	45.1006744398	0.990398643622
8063	VALENCE/PLEASANTNESS	45.0643645527	0.990255801093
440967	VALENCE/PLEASANTNESS	45.4692657406	0.991788978828
31234	VALENCE/PLEASANTNESS	45.141934273	0.990559678957
7409	VALENCE/PLEASANTNESS	44.6605803291	0.988596239031
6106	VALENCE/PLEASANTNESS	34.0234983265	0.897900557711
8918	VALENCE/PLEASANTNESS	46.9469869862	0.996271644615
10748	VALENCE/PLEASANTNESS	45.8303644242	0.993045655666
62725	VALENCE/PLEASANTNESS	23.1108531868	0.710789513462
7122	VALENCE/PLEASANTNESS	45.964435705	0.993485688328
24197	VALENCE/PLEASANTNESS	47.0096912206	0.996423221362
1032	VALENCE/PLEASANTNESS	45.7711206111	0.992846631646
11980	VALENCE/PLEASANTNESS	46.3840548969	0.994769976404
11086	VALENCE/PLEASANTNESS	45.9668411906	0.993493452007
7937	VALENCE/PLEASANTNESS	44.5104930866	0.987946125539
7792	VALENCE/PLEASANTNESS	45.081477533	0.990323254697
13436	VALENCE/PLEASANTNESS	21.2119144282	0.668498451644
326	VALENCE/PLEASANTNESS	63.2515546231	0.929758520028
62332	VALENCE/PLEASANTNESS	46.2943795711	0.994507350895
13561	VALENCE/PLEASANTNESS	46.7049400072	0.995657031858
7361	VALENCE/PLEASANTNESS	44.3969303126	0.987442244031
93375	VALENCE/PLEASANTNESS	45.1087489906	0.990430265425
7147	VALENCE/PLEASANTNESS	44.8560073223	0.989415735733
641423	VALENCE/PLEASANTNESS	46.30818769	0.994548208747
17617	VALENCE/PLEASANTNESS	47.2472398628	0.996968924651
8082	VALENCE/PLEASANTNESS	44.6323706651	0.988475422129
7593	VALENCE/PLEASANTNESS	45.8306023733	0.993046449372
8137	VALENCE/PLEASANTNESS	46.9209943025	0.996207889566
8175	VALENCE/PLEASANTNESS	45.735946126	0.992727137824
62900	VALENCE/PLEASANTNESS	45.8887071746	0.993238908522
8184	VALENCE/PLEASANTNESS	45.7005311227	0.992605826949
16324	VALENCE/PLEASANTNESS	46.8745037059	0.996092509166
7059	VALENCE/PLEASANTNESS	44.6497290987	0.988549840513
8908	VALENCE/PLEASANTNESS	47.0281132145	0.996467155574
638014	VALENCE/PLEASANTNESS	46.1708734013	0.994135115796
12587	VALENCE/PLEASANTNESS	31.2279209651	0.859043619483
5541	VALENCE/PLEASANTNESS	46.7518609194	0.995779837005
61670	VALENCE/PLEASANTNESS	44.5143527101	0.987963069524
637566	VALENCE/PLEASANTNESS	46.2476234208	0.994367868003
2969	VALENCE/PLEASANTNESS	28.1080343676	0.808296736299
7047	VALENCE/PLEASANTNESS	44.7892906973	0.989139403425
98330	VALENCE/PLEASANTNESS	44.9031225696	0.989608736184
61386	VALENCE/PLEASANTNESS	46.7993211907	0.995902262064
7654	VALENCE/PLEASANTNESS	46.3260628097	0.994600874209
243	VALENCE/PLEASANTNESS	35.3005948862	0.91357099572
61192	VALENCE/PLEASANTNESS	46.1983149593	0.994218876341
61130	VALENCE/PLEASANTNESS	45.4600563559	0.991755564683
62580	VALENCE/PLEASANTNESS	46.5528261031	0.99524679685
12810	VALENCE/PLEASANTNESS	46.1533482405	0.994081308096
8658	BAKERY	4.44871453426	0.170032156967
7720	BAKERY	0.89584349288	0.0355127254897
325	BAKERY	4.0714159812	0.156226068011
521238	BAKERY	2.33121143548	0.0910746387163
8051	BAKERY	1.46952380952	0.0579171522901
62444	BAKERY	1.81826530612	0.0714081767555
101604	BAKERY	2.02358631446	0.0793054919494
778574	BAKERY	3.91272768073	0.150385332068
7820	BAKERY	4.92484255042	0.187292072358
61199	BAKERY	2.25434216509	0.0881408631645
31265	BAKERY	3.50052361854	0.1351194785
8615	BAKERY	10.3837868481	0.3722222622
1551246	BAKERY	3.41343548899	0.131876802825
6584	BAKERY	4.73146432851	0.180303871263
5960	BAKERY	4.36366830065	0.166930091611
61918	BAKERY	9.64367504553	0.348546814468
8797	BAKERY	3.19941671604	0.123882161713
31260	BAKERY	2.02066342395	0.0791933046887
18554	BAKERY	4.28497370168	0.164054548217
12748	BAKERY	4.46285612969	0.170547411254
11525	BAKERY	3.95178571429	0.151824784439
8063	BAKERY	1.86415991219	0.0731763596164
440967	BAKERY	1.83414580589	0.0720201959006
31234	BAKERY	1.88938040709	0.0741473129546
7409	BAKERY	2.09671498599	0.0821101139467
6106	BAKERY	6.20681643837	0.232862829415
8918	BAKERY	0.999634846269	0.0395856859204
10748	BAKERY	1.83877360771	0.0721985089563
62725	BAKERY	2.45818686402	0.0959104014972
7122	BAKERY	2.00136002219	0.0784522241121
24197	BAKERY	4.36685665382	0.167046491339
1032	BAKERY	6.91539417104	0.257486696225
11980	BAKERY	3.87923876008	0.14915015306
11086	BAKERY	6.12382694086	0.229952575074
7937	BAKERY	3.40711020763	0.131641048319
7792	BAKERY	0.132427142921	0.00529007093755
13436	BAKERY	3.23462972908	0.12520005737
326	BAKERY	3.91816590198	0.150585826465
62332	BAKERY	2.39392022584	0.0934644674144
13561	BAKERY	0.79473289671	0.0315366757176
7361	BAKERY	2.2576669976	0.0882678557953
93375	BAKERY	0.548279769032	0.0218109464792
7147	BAKERY	1.96758436576	0.0771548193359
641423	BAKERY	2.64674641372	0.103067749917
17617	BAKERY	0.526095558138	0.020933111711
8082	BAKERY	1.95121430974	0.0765256774767
7593	BAKERY	0.972207657767	0.0385102312188
8137	BAKERY	4.00066757457	0.153624566566
8175	BAKERY	3.06931666062	0.11900438452
62900	BAKERY	3.61384397881	0.139329811831
8184	BAKERY	0.328563879154	0.0130993734771
16324	BAKERY	0.759971139971	0.0301678231454
7059	BAKERY	4.99462314759	0.189806421749
8908	BAKERY	2.41782089439	0.0943744926245
638014	BAKERY	1.47317865905	0.0580590442173
12587	BAKERY	2.2693301001	0.0887132603625
5541	BAKERY	1.21893757503	0.0481631794765
61670	BAKERY	13.2926987343	0.461029613516
637566	BAKERY	4.78633540373	0.18228981351
2969	BAKERY	3.17052009456	0.122799924714
7047	BAKERY	2.01987541577	0.0791630579526
98330	BAKERY	12.1022537711	0.425504332307
61386	BAKERY	2.27388888889	0.088887327284
7654	BAKERY	3.2641765192	0.126305121428
243	BAKERY	2.47894736508	0.0966998225876
61192	BAKERY	4.80262755102	0.182879009483
61130	BAKERY	1.89476564211	0.074354570949
62580	BAKERY	3.04043932526	0.117919864494
12810	BAKERY	2.34626361233	0.0916485633178
8658	SWEET	28.2610498383	0.810967218348
7720	SWEET	10.3831632653	0.372202498855
325	SWEET	14.1642198189	0.486318743525
521238	SWEET	11.9649837211	0.421335014666
8051	SWEET	25.2992248062	0.75594868193
62444	SWEET	7.37873947861	0.273371260627
101604	SWEET	17.4961437206	0.577399730788
778574	SWEET	5.57826086956	0.210683637051
7820	SWEET	15.5820096125	0.526160775075
61199	SWEET	20.2637843709	0.646302992023
31265	SWEET	17.3147956907	0.572670967702
8615	SWEET	8.34668599402	0.306000572928
1551246	SWEET	8.99814085518	0.327539018667
6584	SWEET	10.3812222222	0.372140978958
5960	SWEET	8.36889393939	0.306740403268
61918	SWEET	11.4974385623	0.407021105093
8797	SWEET	37.3764837732	0.936258735228
31260	SWEET	9.44920788432	0.342253303516
18554	SWEET	18.0660842405	0.592090009706
12748	SWEET	12.9783295844	0.451758367854
11525	SWEET	8.55724463573	0.312999211127
8063	SWEET	6.70721318129	0.250293843788
440967	SWEET	20.3066212004	0.647321302186
31234	SWEET	11.7540909091	0.414900175124
7409	SWEET	14.2651161529	0.489207230573
6106	SWEET	13.4708913604	0.466249688799
8918	SWEET	20.7238509317	0.657162838292
10748	SWEET	18.4490136054	0.601814103012
62725	SWEET	16.9110201164	0.562047764105
7122	SWEET	15.3646938775	0.520158227922
24197	SWEET	11.6796822708	0.412621299654
1032	SWEET	11.0095312218	0.391897337783
11980	SWEET	18.7226346372	0.608690566385
11086	SWEET	16.6410788482	0.554872951836
7937	SWEET	10.877373571	0.387768040519
7792	SWEET	10.9174426246	0.389021483598
13436	SWEET	7.97917258208	0.293700025245
326	SWEET	22.3666784267	0.69455981553
62332	SWEET	6.4627730454	0.241803947641
13561	SWEET	13.8159829609	0.476286764366
7361	SWEET	13.1018805871	0.455411513517
93375	SWEET	15.684046073	0.528966122431
7147	SWEET	27.3860893765	0.795444418524
641423	SWEET	8.14315052607	0.299201660847
17617	SWEET	9.86015722548	0.355517208815
8082	SWEET	8.79986579531	0.321019576606
7593	SWEET	8.55926408607	0.313066162765
8137	SWEET	14.3940269659	0.492885873719
8175	SWEET	7.53436384537	0.278667898393
62900	SWEET	7.46102782558	0.276174338538
8184	SWEET	6.82147495361	0.254245989927
16324	SWEET	13.3316370044	0.46217246209
7059	SWEET	14.0131415287	0.481978406947
8908	SWEET	28.1201923077	0.808509606139
638014	SWEET	23.8934046958	0.727378272649
12587	SWEET	15.6572173976	0.52822931325
5541	SWEET	10.2416213713	0.367708531528
61670	SWEET	13.8608954835	0.477586049899
637566	SWEET	15.9012055336	0.534908886376
2969	SWEET	15.3559333256	0.519915457703
7047	SWEET	4.22993667823	0.162040521408
98330	SWEET	13.2641083768	0.460189706659
61386	SWEET	8.93097687219	0.325334135731
7654	SWEET	16.704719729	0.55656972467
243	SWEET	13.4240110174	0.464878811979
61192	SWEET	9.84719851843	0.355101013273
61130	SWEET	6.75274051804	0.25186981892
62580	SWEET	21.1703555872	0.667540641214
12810	SWEET	7.37370512821	0.273199594201
8658	FRUIT	7.66685579197	0.283161960585
7720	FRUIT	9.24252468058	0.335531282235
325	FRUIT	1.68444755433	0.0662429567477
521238	FRUIT	20.2610016421	0.646236790667
8051	FRUIT	7.80969934051	0.287991412105
62444	FRUIT	5.24354256855	0.198743807275
101604	FRUIT	3.66662337662	0.141287284271
778574	FRUIT	3.20668578434	0.124154297886
7820	FRUIT	0.886487997818	0.0351451755246
61199	FRUIT	2.34312560236	0.0915289290592
31265	FRUIT	18.4726998014	0.602411736875
8615	FRUIT	6.22857142857	0.233624816327
1551246	FRUIT	2.53419013301	0.0987987574684
6584	FRUIT	6.96642571183	0.259244593594
5960	FRUIT	6.82158415274	0.254249761969
61918	FRUIT	5.72571428571	0.215915049796
8797	FRUIT	4.74217421588	0.180691682118
31260	FRUIT	1.59969076335	0.0629640263185
18554	FRUIT	1.36971982728	0.0540383401291
12748	FRUIT	0.920038106902	0.0364629362288
11525	FRUIT	1.2536015246	0.0495154542711
8063	FRUIT	3.37796449759	0.130554322245
440967	FRUIT	2.41651780976	0.0943248890605
31234	FRUIT	3.48977272728	0.134719503616
7409	FRUIT	5.24076654299	0.198644408136
6106	FRUIT	1.08547747748	0.0429477945575
8918	FRUIT	14.1103605764	0.484773512817
10748	FRUIT	2.21777320799	0.0867435211189
62725	FRUIT	2.26765683428	0.0886493663641
7122	FRUIT	1.18658491765	0.0469002031995
24197	FRUIT	25.5861247948	0.761585078985
1032	FRUIT	7.001344543	0.260446251556
11980	FRUIT	8.12013605441	0.29843079836
11086	FRUIT	3.7306122449	0.143657502707
7937	FRUIT	1.18037381273	0.046657639574
7792	FRUIT	16.1071789687	0.540510673016
13436	FRUIT	1.98598751279	0.0778618419513
326	FRUIT	6.92368794326	0.257772535836
62332	FRUIT	6.22857142857	0.233624816327
13561	FRUIT	3.38117450638	0.130674043838
7361	FRUIT	1.33261904762	0.0525944124943
93375	FRUIT	1.50131535132	0.059151034939
7147	FRUIT	3.81997365617	0.146962066753
641423	FRUIT	2.75675539933	0.10723033584
17617	FRUIT	16.9217369133	0.562331404466
8082	FRUIT	0.599233166242	0.0238256944947
7593	FRUIT	3.40624193522	0.13160868376
8137	FRUIT	14.7061315445	0.501737139778
8175	FRUIT	12.9986811488	0.45236096131
62900	FRUIT	8.97201665125	0.326681832934
8184	FRUIT	3.66662337662	0.141287284271
16324	FRUIT	19.2894696508	0.622745330269
7059	FRUIT	4.66467563837	0.17788334601
8908	FRUIT	12.4419523907	0.435757223911
638014	FRUIT	3.7306122449	0.143657502707
12587	FRUIT	1.04488348531	0.0413586268132
5541	FRUIT	6.89133306793	0.256657134136
61670	FRUIT	4.65352073048	0.177478727143
637566	FRUIT	16.1071789687	0.540510673016
2969	FRUIT	5.40775916218	0.204612822825
7047	FRUIT	2.04129793527	0.0799851585064
98330	FRUIT	0.838586011226	0.0332621498497
61386	FRUIT	1.02016298829	0.0403902265225
7654	FRUIT	5.72571428571	0.215915049796
243	FRUIT	3.47955587605	0.134339311404
61192	FRUIT	13.8138117284	0.476223911349
61130	FRUIT	2.64308344743	0.102928981853
62580	FRUIT	2.8139794658	0.109391786459
12810	FRUIT	8.41461038961	0.308262148381
8658	FISH	1.17203850836	0.0463320706285
7720	FISH	0.985641393492	0.0390370601571
325	FISH	1.11721116749	0.0441891823826
521238	FISH	0.956370809908	0.0378889743459
8051	FISH	0.967697503295	0.0383333247486
62444	FISH	6.8649790665	0.255747987627
101604	FISH	2.08469240275	0.0816493191445
778574	FISH	1.14452542889	0.0452570417726
7820	FISH	1.01372909417	0.0401381050963
61199	FISH	1.05359761472	0.0416998774152
31265	FISH	0.950932775445	0.0376756017604
8615	FISH	1.23015648575	0.0486009454381
1551246	FISH	1.0637129613	0.0420959243465
6584	FISH	0.943657941765	0.0373901215462
5960	FISH	1.05814932078	0.0418781008373
61918	FISH	1.06477900169	0.0421376583385
8797	FISH	1.05481835356	0.0417476774388
31260	FISH	1.03643717659	0.0410278062552
18554	FISH	1.26281537763	0.049874734034
12748	FISH	4.48487639159	0.171349409164
11525	FISH	1.42035974646	0.0560074211346
8063	FISH	1.08416822603	0.0428965607445
440967	FISH	0.554037812238	0.0220387293305
31234	FISH	1.33445617862	0.0526659378278
7409	FISH	1.2494605573	0.0493539616182
6106	FISH	1.01832629586	0.0403182564566
8918	FISH	0.906152640112	0.0359176605616
10748	FISH	1.12069165183	0.0443252861617
62725	FISH	2.11725340136	0.0828970312682
7122	FISH	1.12050762165	0.0443180899341
24197	FISH	0.993692076832	0.0393527134958
1032	FISH	1.03304212996	0.0408948147815
11980	FISH	1.13226115806	0.0447776401903
11086	FISH	1.13784721927	0.044996010253
7937	FISH	1.17915581001	0.0466100690309
7792	FISH	0.985881105797	0.03904645961
13436	FISH	10.5223601638	0.376606381184
326	FISH	1.06339860564	0.042083617588
62332	FISH	1.20740164599	0.0477129383457
13561	FISH	0.947937890416	0.037558081119
7361	FISH	1.32872187578	0.052442674302
93375	FISH	0.0613072211478	0.00245078541576
7147	FISH	1.23963796207	0.0489708375719
641423	FISH	1.20227777618	0.0475129223066
17617	FISH	1.3624686666	0.0537562183171
8082	FISH	0.25	0.009975
7593	FISH	1.2463762422	0.0492336681933
8137	FISH	0.951160718953	0.0376845460728
8175	FISH	0.951197011888	0.0376859701733
62900	FISH	0.90283882784	0.035787505934
8184	FISH	0.866829168875	0.0343726096318
16324	FISH	1.03077667198	0.0408060666601
7059	FISH	1.21500040078	0.0480095256418
8908	FISH	0.939749986063	0.037236747428
638014	FISH	1.96064779635	0.0768882559416
12587	FISH	1.03337188375	0.04090773237
5541	FISH	1.00808393061	0.0399168639401
61670	FISH	1.23311483235	0.048716364418
637566	FISH	1.03628718758	0.0410219310492
2969	FISH	0.927050567669	0.0367382536047
7047	FISH	1.30217916933	0.0514088985377
98330	FISH	6.24706685059	0.234272336329
61386	FISH	0.90172967967	0.0357439406207
7654	FISH	1.21742487212	0.0481041455572
243	FISH	1.21493319682	0.0480069028039
61192	FISH	3.11061138304	0.120554094051
61130	FISH	0.288149374359	0.0114927629496
62580	FISH	0.0779545454546	0.00311575105372
12810	FISH	0.975044326241	0.0386214884744
8658	GARLIC	1.94881271695	0.0764333602757
7720	GARLIC	1.92975882106	0.0757007651993
325	GARLIC	0.667585901004	0.0265251676661
521238	GARLIC	1.92200781977	0.0754026671671
8051	GARLIC	1.97014958154	0.0772533875122
62444	GARLIC	8.94869565217	0.325916164537
101604	GARLIC	3.28339348569	0.127023470315
778574	GARLIC	2.36106295782	0.0922126709966
7820	GARLIC	3.89002895175	0.149548227972
61199	GARLIC	1.93136915755	0.0757626915728
31265	GARLIC	1.32307703316	0.0522228681921
8615	GARLIC	4.00096905706	0.153635660924
1551246	GARLIC	3.60133333333	0.138865492622
6584	GARLIC	5.8448161989	0.220127897397
5960	GARLIC	2.96148802006	0.114951356285
61918	GARLIC	3.81792131014	0.146886243153
8797	GARLIC	1.53781474718	0.0605666402087
31260	GARLIC	2.02962427111	0.0795372209717
18554	GARLIC	1.83577590768	0.0720830070339
12748	GARLIC	3.89219620958	0.14962817185
11525	GARLIC	0.9125	0.0361669375
8063	GARLIC	3.44326200827	0.132988059028
440967	GARLIC	1.82300242824	0.0715907619884
31234	GARLIC	2.51639065056	0.0981227372598
7409	GARLIC	1.855328432	0.0728362398439
6106	GARLIC	1.98753465518	0.0779212686049
8918	GARLIC	2.72966868042	0.106206310775
10748	GARLIC	2.29908745341	0.089849176889
62725	GARLIC	5.88249066435	0.221458148008
7122	GARLIC	1.74195763628	0.0684645388884
24197	GARLIC	3.83688521539	0.147586733353
1032	GARLIC	2.43720755008	0.0951123097463
11980	GARLIC	1.54692119807	0.0609196618456
11086	GARLIC	2.08342192075	0.0816006180699
7937	GARLIC	2.04353468562	0.0800709738204
7792	GARLIC	3.09697571791	0.120042525277
13436	GARLIC	17.972405558	0.589693277703
326	GARLIC	2.19003451474	0.0856828801195
62332	GARLIC	2.37451167248	0.092725144626
13561	GARLIC	2.1106263956	0.0826431583113
7361	GARLIC	2.6960334408	0.104933899106
93375	GARLIC	2.28497323793	0.0893104884381
7147	GARLIC	1.84957248253	0.0726145319539
641423	GARLIC	2.54182309283	0.099088577859
17617	GARLIC	3.50834167399	0.135410282439
8082	GARLIC	0.171875	0.00686318359375
7593	GARLIC	1.65043859343	0.0649279647168
8137	GARLIC	1.48784425394	0.0586282979482
8175	GARLIC	1.85394004027	0.0727827641415
62900	GARLIC	1.04945556452	0.041537679788
8184	GARLIC	2.19803901123	0.0859890102514
16324	GARLIC	1.58097681908	0.0622392776821
7059	GARLIC	1.92982721696	0.0757033954433
8908	GARLIC	1.88281960668	0.0738947803988
638014	GARLIC	3.04580081209	0.118121271449
12587	GARLIC	2.73148410346	0.106274961976
5541	GARLIC	3.93162794821	0.151082038599
61670	GARLIC	1.48002620949	0.0583248573473
637566	GARLIC	1.95575622428	0.0767002560077
2969	GARLIC	2.27581780324	0.0889609734601
7047	GARLIC	0.917255835414	0.0363536901095
98330	GARLIC	30.620135468	0.849768340288
61386	GARLIC	2.02724408808	0.079445876086
7654	GARLIC	1.87154195795	0.0734606105978
243	GARLIC	1.90523973436	0.0747576139962
61192	GARLIC	16.2813829787	0.545221946469
61130	GARLIC	1.05528911565	0.0417661105788
62580	GARLIC	1.81742339365	0.0713757246293
12810	GARLIC	1.23954783089	0.0489673217054
8658	SPICES	7.56380773827	0.27966783453
7720	SPICES	5.97687030517	0.224785620749
325	SPICES	8.31128211177	0.304820320334
521238	SPICES	5.97113828502	0.224583734433
8051	SPICES	3.57113095238	0.137744047584
62444	SPICES	11.7699021128	0.415383846214
101604	SPICES	8.39935115349	0.30775440622
778574	SPICES	3.14217181467	0.121737575102
7820	SPICES	4.50396270396	0.172044236143
61199	SPICES	7.08097752506	0.263183003918
31265	SPICES	2.74520942268	0.106793906998
8615	SPICES	5.19965534022	0.197171647346
1551246	SPICES	8.59641567001	0.314297281852
6584	SPICES	9.90569490361	0.356978679535
5960	SPICES	3.04433126294	0.118066069382
61918	SPICES	5.79914998641	0.218513943231
8797	SPICES	4.5104012249	0.172278561312
31260	SPICES	4.11630833219	0.157874735573
18554	SPICES	8.03859126984	0.295696070952
12748	SPICES	7.73607203179	0.285504157079
11525	SPICES	6.88406930705	0.256406608192
8063	SPICES	3.69365769853	0.142289065064
440967	SPICES	7.74169448628	0.285694246044
31234	SPICES	7.48770331719	0.277081852301
7409	SPICES	5.82810130599	0.219537346306
6106	SPICES	4.73454689274	0.180415501998
8918	SPICES	5.05204271669	0.191872454423
10748	SPICES	7.01734458305	0.260996533323
62725	SPICES	3.64893159601	0.140631383123
7122	SPICES	5.78474212	0.218004388242
24197	SPICES	6.63698412697	0.247859541758
1032	SPICES	9.25786736269	0.336031451266
11980	SPICES	7.84909920583	0.289320624896
11086	SPICES	4.74711270872	0.180870476721
7937	SPICES	3.65466044038	0.140843800441
7792	SPICES	5.80943332959	0.218877526939
13436	SPICES	12.3688521081	0.433558683334
326	SPICES	7.25800954189	0.269248900671
62332	SPICES	6.65116849027	0.248351522696
13561	SPICES	7.34263168656	0.272139571429
7361	SPICES	5.46158683082	0.206531900949
93375	SPICES	4.91747062572	0.187026218087
7147	SPICES	4.58743686478	0.175079643796
641423	SPICES	10.2303214406	0.367349066911
17617	SPICES	3.86226613228	0.14852380542
8082	SPICES	2.01315789474	0.0789051939058
7593	SPICES	5.94634193571	0.223710084462
8137	SPICES	4.24256284565	0.162502778026
8175	SPICES	3.1247872699	0.121085772603
62900	SPICES	10.1127014275	0.363601365035
8184	SPICES	5.6921081651	0.214724288459
16324	SPICES	5.43345050801	0.205529066551
7059	SPICES	4.75703812013	0.181229760135
8908	SPICES	4.59356866538	0.175302397382
638014	SPICES	6.85105364559	0.255267371402
12587	SPICES	3.89373358553	0.149684878927
5541	SPICES	4.23077097506	0.162071069785
61670	SPICES	5.78864996047	0.218142611073
637566	SPICES	9.13811507937	0.332122544293
2969	SPICES	7.34319589534	0.272158825431
7047	SPICES	9.07586322408	0.330086011658
98330	SPICES	14.9022497042	0.50725916967
61386	SPICES	3.70111111111	0.142565155062
7654	SPICES	6.34039716312	0.23753563205
243	SPICES	2.93683353039	0.114023344741
61192	SPICES	8.90822845155	0.324586524404
61130	SPICES	5.34000103071	0.202193796825
62580	SPICES	17.1265115248	0.567733502189
12810	SPICES	5.20795708047	0.197469156438
8658	COLD	5.14859017686	0.195340414751
7720	COLD	5.12344276841	0.194437844416
325	COLD	2.436804496	0.0950969733793
521238	COLD	1.86335015457	0.0731451766635
8051	COLD	7.27625	0.269872474375
62444	COLD	3.92777777778	0.150940135803
101604	COLD	2.64784437953	0.103109343238
778574	COLD	4.84453702326	0.184393665343
7820	COLD	5.00629691471	0.190226673069
61199	COLD	4.29011892033	0.164242708673
31265	COLD	5.75545412852	0.216968064251
8615	COLD	4.74413485448	0.180762667972
1551246	COLD	5.5527473387	0.209776692345
6584	COLD	5.19895033448	0.197146379547
5960	COLD	2.98966981022	0.116011542179
61918	COLD	5.17653195132	0.196342684835
8797	COLD	4.24218750434	0.162489038245
31260	COLD	4.84676243098	0.184474054814
18554	COLD	3.65102446169	0.140708986619
12748	COLD	2.78151269797	0.108165782763
11525	COLD	11.780719082	0.415714626444
8063	COLD	4.35226861527	0.166513847771
440967	COLD	12.6322948581	0.441461844971
31234	COLD	2.6661231884	0.103801642394
7409	COLD	3.98658267562	0.153106170453
6106	COLD	2.13264157908	0.0834863991212
8918	COLD	4.55337960892	0.173841878012
10748	COLD	3.89967647574	0.149904068383
62725	COLD	0.846800911855	0.0335852077605
7122	COLD	8.54218199436	0.312499730485
24197	COLD	4.84581091527	0.18443968324
1032	COLD	4.54513353728	0.173542045943
11980	COLD	5.02147212177	0.190772811963
11086	COLD	4.41555091205	0.168823200539
7937	COLD	3.95016891892	0.151765222962
7792	COLD	6.66534421987	0.248843043367
13436	COLD	1.88125	0.073834359375
326	COLD	6.7960743535	0.253368323493
62332	COLD	4.91338170873	0.186878740423
13561	COLD	3.85434067605	0.148231250223
7361	COLD	3.20854766489	0.124223995349
93375	COLD	12.4465826745	0.435896338872
7147	COLD	4.87566402843	0.18551772125
641423	COLD	4.20241075038	0.161032327569
17617	COLD	3.50290231586	0.135207962781
8082	COLD	10.175	0.36558775
7593	COLD	6.05245590768	0.227445347302
8137	COLD	3.85861860198	0.148389169073
8175	COLD	3.10264756657	0.120255333894
62900	COLD	4.83537032343	0.184062490471
8184	COLD	6.13067460318	0.230192915691
16324	COLD	5.89986493173	0.222071234784
7059	COLD	4.37260623426	0.167256375258
8908	COLD	3.25749219708	0.126055185718
638014	COLD	3.11563178462	0.120742406818
12587	COLD	3.24619662234	0.125632747889
5541	COLD	8.29694625651	0.304342123387
61670	COLD	4.79176879645	0.182486332579
637566	COLD	4.99411576078	0.189788153538
2969	COLD	3.56074487759	0.13735823347
7047	COLD	7.07164133739	0.262862409014
98330	COLD	3.85541666666	0.148270971597
61386	COLD	9.61316326531	0.347561367426
7654	COLD	7.32349292063	0.271486297402
243	COLD	4.96120507371	0.188602780635
61192	COLD	2.24598444464	0.0878215993353
61130	COLD	2.6442796835	0.102974301322
62580	COLD	6.43368903716	0.240790619636
12810	COLD	7.10046853138	0.263852079909
8658	SOUR	3.96950093104	0.152477262185
7720	SOUR	4.83535936114	0.184062094385
325	SOUR	7.48345938375	0.276937509611
521238	SOUR	6.93293667241	0.258091222535
8051	SOUR	11.0183881167	0.392173573992
62444	SOUR	9.41293335096	0.34107600833
101604	SOUR	6.56199017845	0.245255721097
778574	SOUR	4.34787924737	0.166353548315
7820	SOUR	8.06200578769	0.296481856579
61199	SOUR	5.22816737282	0.198193201281
31265	SOUR	9.45186362936	0.342339454747
8615	SOUR	3.30344670105	0.127772763999
1551246	SOUR	7.51316886444	0.277947672023
6584	SOUR	6.28277294848	0.23552162357
5960	SOUR	16.4329570791	0.549301451819
61918	SOUR	6.10092664093	0.229148543286
8797	SOUR	6.68736645962	0.249606310319
31260	SOUR	7.06424942156	0.262608528906
18554	SOUR	4.38024270124	0.167535097601
12748	SOUR	8.00867525096	0.294691458328
11525	SOUR	4.70684697856	0.179412115751
8063	SOUR	19.8368992981	0.63607494242
440967	SOUR	6.63169502643	0.247676049488
31234	SOUR	7.94396302899	0.292515901717
7409	SOUR	20.8511239701	0.660137210477
6106	SOUR	9.78142592592	0.352986519779
8918	SOUR	8.01511319928	0.294907712132
10748	SOUR	4.38121987394	0.167570759924
62725	SOUR	14.4248898667	0.493764615601
7122	SOUR	3.26262700045	0.12624718604
24197	SOUR	22.0656715553	0.687869317738
1032	SOUR	22.0030612245	0.686468567679
11980	SOUR	7.83918918919	0.28898641271
11086	SOUR	5.43206454675	0.205479651774
7937	SOUR	8.1974699503	0.301019392578
7792	SOUR	3.01340341101	0.116903896393
13436	SOUR	8.55712067685	0.312995101363
326	SOUR	7.61120098039	0.28127588707
62332	SOUR	4.4399785617	0.169713778617
13561	SOUR	10.7074821837	0.382439217463
7361	SOUR	7.82831988795	0.288619758611
93375	SOUR	15.8808733296	0.534354078099
7147	SOUR	4.25125517309	0.162820938705
641423	SOUR	19.4087650445	0.625670537559
17617	SOUR	6.38274270762	0.239013946516
8082	SOUR	8.52558196584	0.311949059491
7593	SOUR	8.66471717405	0.316557757479
8137	SOUR	6.08810810811	0.22869830019
8175	SOUR	6.74585872403	0.251631704991
62900	SOUR	7.37109441801	0.273110563553
8184	SOUR	5.83690084456	0.219848269195
16324	SOUR	7.19902255639	0.267230531949
7059	SOUR	8.10047531544	0.297771932483
8908	SOUR	12.803523968	0.44656886832
638014	SOUR	10.9420089286	0.389789333386
12587	SOUR	17.264569161	0.571356627114
5541	SOUR	6.09940878378	0.229095236347
61670	SOUR	8.17852610565	0.300385728522
637566	SOUR	6.75545330994	0.251963672628
2969	SOUR	15.3448046398	0.519606973818
7047	SOUR	8.40037447238	0.307788462385
98330	SOUR	4.88355263158	0.185802470741
61386	SOUR	7.20403645809	0.267402201808
7654	SOUR	10.9007707624	0.388500109211
243	SOUR	11.2510204082	0.399406632236
61192	SOUR	9.90919668816	0.357090995925
61130	SOUR	15.9752443493	0.536926401163
62580	SOUR	3.22207178961	0.124730172937
12810	SOUR	4.0696969697	0.156162905418
8658	BURNT	4.381165514	0.167568776056
7720	BURNT	2.9861022704	0.115877368108
325	BURNT	5.72691649478	0.215957630776
521238	BURNT	5.28078143039	0.200076596209
8051	BURNT	2.68322714158	0.104449202506
62444	BURNT	6.53857142857	0.244441690612
101604	BURNT	3.02017246851	0.117158322045
778574	BURNT	2.66083509514	0.103601386444
7820	BURNT	6.00329448825	0.225715961645
61199	BURNT	8.3293978305	0.305424365933
31265	BURNT	3.59803440614	0.138743035611
8615	BURNT	4.52826642762	0.172928578369
1551246	BURNT	4.74994860726	0.180973139582
6584	BURNT	4.93177569581	0.187542063227
5960	BURNT	4.96168582376	0.188620102465
61918	BURNT	8.90786035554	0.324574423776
8797	BURNT	3.94305323317	0.151503061807
31260	BURNT	3.28206626463	0.126973866999
18554	BURNT	10.3568845679	0.371369359536
12748	BURNT	3.02344011693	0.117281128621
11525	BURNT	2.6376243866	0.102722150502
8063	BURNT	3.14788304459	0.121951654719
440967	BURNT	3.03117343173	0.11757173232
31234	BURNT	3.65049614415	0.140689396927
7409	BURNT	2.4603792517	0.0959937836431
6106	BURNT	2.61838598131	0.101993061194
8918	BURNT	5.79679393635	0.218430629478
10748	BURNT	10.6485781583	0.380586239613
62725	BURNT	28.8894557823	0.821737969133
7122	BURNT	9.52321093755	0.344651818878
24197	BURNT	1.6230455089	0.0638681096664
1032	BURNT	6.72905385558	0.251050087907
11980	BURNT	8.8832905909	0.323766482947
11086	BURNT	6.65697035957	0.248552712636
7937	BURNT	2.46841770786	0.096299473922
7792	BURNT	4.76503036641	0.181519008899
13436	BURNT	24.761995282	0.745217247141
326	BURNT	7.73960962151	0.285623762023
62332	BURNT	5.14087034391	0.195063394599
13561	BURNT	2.23730394927	0.0874899463862
7361	BURNT	7.44951197871	0.27578238766
93375	BURNT	3.64383232016	0.140442287215
7147	BURNT	6.12637892995	0.230042149681
641423	BURNT	4.06847093019	0.156117854924
17617	BURNT	3.28874440959	0.127223440467
8082	BURNT	2.4995423341	0.0974826086119
7593	BURNT	4.31121188033	0.165013856062
8137	BURNT	2.36853810902	0.0924975352513
8175	BURNT	2.10920464487	0.0825886881012
62900	BURNT	4.39297764883	0.167999804904
8184	BURNT	5.05207996033	0.191873793643
16324	BURNT	2.51867488979	0.0982095063113
7059	BURNT	11.2650185112	0.399840483623
8908	BURNT	3.58949544107	0.138426026634
638014	BURNT	4.70645489218	0.179397908626
12587	BURNT	3.91157228244	0.150342732209
5541	BURNT	2.59671624825	0.10117147582
61670	BURNT	7.94449892402	0.292533931699
637566	BURNT	4.75269074529	0.181072402083
2969	BURNT	2.03445217604	0.0797224887788
7047	BURNT	7.50073203194	0.277524888872
98330	BURNT	3.26405648267	0.126300633418
61386	BURNT	5.05941176471	0.192137411626
7654	BURNT	3.90239628812	0.150004372809
243	BURNT	1.31732101489	0.0519987067331
61192	BURNT	5.21305379125	0.197651779718
61130	BURNT	5.71688315231	0.215602224901
62580	BURNT	6.55355971945	0.24496273078
12810	BURNT	4.13772741289	0.158660781258
8658	ACID	6.0258978176	0.226511334901
7720	ACID	9.01082233735	0.327954925816
325	ACID	8.38486652026	0.307272266185
521238	ACID	7.1897832504	0.266914136741
8051	ACID	12.380270793	0.433902389758
62444	ACID	4.11694501313	0.157898106029
101604	ACID	7.15307677535	0.265656468072
778574	ACID	9.77535677874	0.352791231089
7820	ACID	7.48563762925	0.277011596883
61199	ACID	6.83474435518	0.254704282047
31265	ACID	3.17267975609	0.12288083151
8615	ACID	8.47516163286	0.310275119433
1551246	ACID	5.29287442681	0.200509169193
6584	ACID	5.76099405462	0.217164141186
5960	ACID	5.15477087604	0.195562169928
61918	ACID	7.05730806052	0.262370083596
8797	ACID	5.83576941327	0.219808294673
31260	ACID	8.56244206182	0.313171516848
18554	ACID	8.91905231871	0.324942295043
12748	ACID	5.6688207235	0.213898617582
11525	ACID	9.37337621152	0.33979097582
8063	ACID	6.61761170377	0.247187354286
440967	ACID	4.76871319493	0.181652277583
31234	ACID	3.43221707096	0.132576637229
7409	ACID	11.1242921737	0.395471736403
6106	ACID	4.8474620484	0.184499326612
8918	ACID	4.99523575472	0.189828478091
10748	ACID	7.23872562094	0.268589365391
62725	ACID	9.07500184857	0.330057810522
7122	ACID	5.40938363515	0.204670772881
24197	ACID	8.36928779497	0.306753520521
1032	ACID	5.76522423642	0.217313845258
11980	ACID	9.08578637975	0.330410849535
11086	ACID	8.3486443853	0.306065830183
7937	ACID	6.53023906771	0.244151953796
7792	ACID	11.4666068841	0.406071045989
13436	ACID	7.92718409697	0.291951264796
326	ACID	7.89607051314	0.290903648706
62332	ACID	6.13691176089	0.230411796051
13561	ACID	7.74667197574	0.28586250835
7361	ACID	4.56746878225	0.174354042859
93375	ACID	5.73383434678	0.216202631345
7147	ACID	8.36916466258	0.306749419644
641423	ACID	4.62082091992	0.176292042407
17617	ACID	3.84775573786	0.147988139827
8082	ACID	7.14823988325	0.265490661959
7593	ACID	8.03395013543	0.295540263506
8137	ACID	2.74794305864	0.106897245924
8175	ACID	4.78032183091	0.182072282514
62900	ACID	9.345925554	0.338898492376
8184	ACID	9.76956521739	0.352604846881
16324	ACID	5.52113009067	0.208652052636
7059	ACID	6.25715435406	0.234625381918
8908	ACID	2.6079842156	0.101598735956
638014	ACID	8.38106740867	0.307145779983
12587	ACID	10.7176794341	0.382759716383
5541	ACID	6.31955363061	0.236807441988
61670	ACID	4.23266490304	0.162140415249
637566	ACID	7.74338952972	0.285751548625
2969	ACID	2.69224055318	0.104790358449
7047	ACID	5.98477213916	0.225063886543
98330	ACID	4.13754863501	0.158654221918
61386	ACID	3.69	0.14215356
7654	ACID	4.54938434234	0.173696614536
243	ACID	7.34232438039	0.272129084293
61192	ACID	6.45142836499	0.24140876342
61130	ACID	5.66716686609	0.213839962528
62580	ACID	3.06028803836	0.118665376383
12810	ACID	7.56910412619	0.279847630138
8658	WARM	6.07670719352	0.228297739614
7720	WARM	3.95444800261	0.151922856502
325	WARM	5.68648296721	0.214524883274
521238	WARM	7.24400720548	0.268770032062
8051	WARM	4.00179084405	0.153665901778
62444	WARM	6.15379215516	0.231004023051
101604	WARM	5.24725494973	0.198876724186
778574	WARM	5.74799834419	0.216704139782
7820	WARM	6.2426298688	0.234117023681
61199	WARM	7.24771979293	0.268897014839
31265	WARM	5.88994808947	0.22172132818
8615	WARM	6.70328645405	0.250157838448
1551246	WARM	8.50547335601	0.311281703436
6584	WARM	7.4415738292	0.275512144746
5960	WARM	4.54888593526	0.17367849211
61918	WARM	8.07273816033	0.296841885851
8797	WARM	4.52844432699	0.172935049871
31260	WARM	3.98796231848	0.153156955358
18554	WARM	4.78454078449	0.182224899172
12748	WARM	5.27074113475	0.199717360546
11525	WARM	8.36471666971	0.306601272803
8063	WARM	6.03051982378	0.226673925213
440967	WARM	6.63603000177	0.247826442397
31234	WARM	7.45957292051	0.276124825558
7409	WARM	5.00702412274	0.190252848683
6106	WARM	4.36403496101	0.166943477984
8918	WARM	4.90370116816	0.186529532668
10748	WARM	4.92518059043	0.187304262078
62725	WARM	3.84962298973	0.148057080724
7122	WARM	6.08572075279	0.228614431279
24197	WARM	4.54459751031	0.1735225538
1032	WARM	3.44535643505	0.133066065016
11980	WARM	6.20855911777	0.232923882183
11086	WARM	6.85559659382	0.25542418189
7937	WARM	6.4178517366	0.240238541099
7792	WARM	10.7506944444	0.383796805363
13436	WARM	5.03657986677	0.191316339969
326	WARM	5.86923035172	0.2209900681
62332	WARM	6.04285231227	0.227107666864
13561	WARM	3.65654469878	0.140913660298
7361	WARM	5.60439383046	0.211612061136
93375	WARM	5.25925011991	0.199306120067
7147	WARM	6.33435528253	0.237324588563
641423	WARM	6.56855042397	0.24548367509
17617	WARM	7.50675090676	0.2777295126
8082	WARM	5.0290617849	0.191045886421
7593	WARM	6.19136896459	0.232321538721
8137	WARM	4.02063785611	0.154359302737
8175	WARM	4.80162834102	0.182842879751
62900	WARM	5.58434496574	0.210899835151
8184	WARM	4.41333333333	0.168742328889
16324	WARM	6.75005323406	0.251776841897
7059	WARM	5.42523880402	0.205236265729
8908	WARM	5.05814223498	0.192091768251
638014	WARM	4.23904567655	0.162374023763
12587	WARM	3.39349350878	0.131133421074
5541	WARM	5.34056906633	0.202214091472
61670	WARM	5.71931048748	0.215688214518
637566	WARM	3.67111801242	0.141453877512
2969	WARM	3.90949866572	0.150266274702
7047	WARM	6.78302957178	0.252917386803
98330	WARM	5.35123969985	0.202595281464
61386	WARM	9.51204081633	0.344290064456
7654	WARM	5.057	0.1920507004
243	WARM	5.42072393369	0.205075258161
61192	WARM	5.94438597114	0.223641149016
61130	WARM	8.35273759319	0.306202213607
62580	WARM	4.16708409268	0.159737527773
12810	WARM	5.47324763593	0.206947329564
8658	MUSKY	5.91712259372	0.222679967833
7720	MUSKY	3.8541703638	0.148224962875
325	MUSKY	11.1920331466	0.397576683482
521238	MUSKY	9.14850046942	0.332461994441
8051	MUSKY	6.90110206507	0.256993998718
62444	MUSKY	3.67600546231	0.141635012029
101604	MUSKY	5.21890442476	0.197861391632
778574	MUSKY	9.53982216564	0.345189603845
7820	MUSKY	5.52388908365	0.208750223103
61199	MUSKY	11.9470685128	0.420789762093
31265	MUSKY	5.52873688507	0.208922702785
8615	MUSKY	4.20334439618	0.161066534202
1551246	MUSKY	6.85290175373	0.255331165171
6584	MUSKY	1.93009357564	0.0757136385413
5960	MUSKY	4.59798315603	0.1754627466
61918	MUSKY	11.2809497425	0.400334058864
8797	MUSKY	12.9676717384	0.45144266541
31260	MUSKY	6.65251969432	0.24839838046
18554	MUSKY	2.20548245614	0.0862736370998
12748	MUSKY	8.81097418539	0.321385660977
11525	MUSKY	4.74557379025	0.18081476337
8063	MUSKY	11.8522835061	0.417900690519
440967	MUSKY	5.25818242246	0.199267903943
31234	MUSKY	12.7309835163	0.444408164135
7409	MUSKY	9.59761409033	0.347058885122
6106	MUSKY	15.2756654836	0.517688236957
8918	MUSKY	9.09656622214	0.330763642072
10748	MUSKY	3.69680351906	0.142405598259
62725	MUSKY	9.41605502816	0.341177364209
7122	MUSKY	4.4516579036	0.170139412908
24197	MUSKY	8.70441102757	0.317869732568
1032	MUSKY	11.3976608187	0.403943763893
11980	MUSKY	12.3495996198	0.432978940483
11086	MUSKY	5.22840056952	0.198201553775
7937	MUSKY	8.72116935418	0.318423256205
7792	MUSKY	5.31650909389	0.201354256177
13436	MUSKY	8.90204896944	0.324383368436
326	MUSKY	11.1817600373	0.39725769848
62332	MUSKY	10.4509743518	0.374349828112
13561	MUSKY	8.5185940795	0.311717185144
7361	MUSKY	7.21802898551	0.267881182446
93375	MUSKY	7.19650455927	0.267144311222
7147	MUSKY	5.91712259372	0.222679967833
641423	MUSKY	10.4064102564	0.372939060486
17617	MUSKY	4.5693985842	0.174424181999
8082	MUSKY	6.1728228005	0.23167141549
7593	MUSKY	12.5941938769	0.440322267313
8137	MUSKY	6.44304415807	0.241116639114
8175	MUSKY	7.80653627551	0.287884647572
62900	MUSKY	14.0394816342	0.482736447545
8184	MUSKY	5.01546201815	0.190556537024
16324	MUSKY	8.25348788638	0.302891490539
7059	MUSKY	8.59704057375	0.314317980299
8908	MUSKY	7.92640037595	0.29192488587
638014	MUSKY	7.13254676872	0.264952581385
12587	MUSKY	23.0053854876	0.70851631493
5541	MUSKY	14.7412254757	0.502727527618
61670	MUSKY	9.4267420913	0.34152429707
637566	MUSKY	5.97616201433	0.224760675605
2969	MUSKY	10.2256280193	0.367199733417
7047	MUSKY	9.02318222722	0.328360162087
98330	MUSKY	5.68351151316	0.214419539278
61386	MUSKY	7.84607811948	0.289218748036
7654	MUSKY	10.0377246481	0.361206619479
243	MUSKY	11.4542176871	0.405689066354
61192	MUSKY	8.06381437151	0.296542533973
61130	MUSKY	7.90136170213	0.291081861386
62580	MUSKY	6.59861576572	0.246527938619
12810	MUSKY	3.33333333333	0.128888888889
8658	SWEATY	3.78660495412	0.145728847333
7720	SWEATY	1.24365572316	0.0491275571032
325	SWEATY	0.732002801121	0.0290657808045
521238	SWEATY	3.24221086792	0.125483662192
8051	SWEATY	3.10460418821	0.120328740662
62444	SWEATY	4.1664199815	0.159713177075
101604	SWEATY	1.7624798923	0.0692566615435
778574	SWEATY	0.806385413652	0.031995313572
7820	SWEATY	2.99636375155	0.116263271769
61199	SWEATY	4.13485146269	0.15855525986
31265	SWEATY	2.40793656647	0.0939981992554
8615	SWEATY	1.63261023354	0.0642382428718
1551246	SWEATY	6.01810081784	0.226237017732
6584	SWEATY	1.72013586978	0.0676218878272
5960	SWEATY	2.60355939716	0.101430967273
61918	SWEATY	3.09443355444	0.119947134568
8797	SWEATY	2.90687377659	0.112894985002
31260	SWEATY	5.13745362155	0.194940772977
18554	SWEATY	2.84049709467	0.110392514289
12748	SWEATY	4.44207309477	0.169790118439
11525	SWEATY	3.25201888268	0.125850504582
8063	SWEATY	8.5608393566	0.313118386068
440967	SWEATY	1.32535348637	0.0523115147094
31234	SWEATY	3.47154301179	0.134041076119
7409	SWEATY	8.49075085905	0.310792894302
6106	SWEATY	5.23597985171	0.198473000065
8918	SWEATY	2.52998417644	0.0986390390846
10748	SWEATY	0.80368861024	0.0318891782567
62725	SWEATY	6.90570614379	0.257152734814
7122	SWEATY	1.01822989673	0.0403144790203
24197	SWEATY	6.74682589527	0.251665171946
1032	SWEATY	11.2141245972	0.398262347695
11980	SWEATY	1.97985257985	0.077626176699
11086	SWEATY	2.2609776934	0.0883942996841
7937	SWEATY	4.17850670508	0.160156300889
7792	SWEATY	0.951224952156	0.0376870665224
13436	SWEATY	3.61951692073	0.139540315733
326	SWEATY	0.779849439776	0.0309507115316
62332	SWEATY	3.15558411637	0.122240280209
13561	SWEATY	5.51645423492	0.208485662466
7361	SWEATY	4.90405938375	0.186542455974
93375	SWEATY	10.5763043478	0.37830888845
7147	SWEATY	3.82768985368	0.147247110301
641423	SWEATY	6.85	0.255231
17617	SWEATY	1.22760596188	0.0485014319161
8082	SWEATY	5.89483523331	0.221893776361
7593	SWEATY	3.52581970861	0.136060226497
8137	SWEATY	2.37743379744	0.092836475313
8175	SWEATY	4.77339572192	0.18182170619
62900	SWEATY	2.55548697938	0.0996072736944
8184	SWEATY	0.982828033091	0.0389267409466
16324	SWEATY	2.08897243108	0.0818133749161
7059	SWEATY	3.82326580691	0.147083687704
8908	SWEATY	7.45854744605	0.27608992584
638014	SWEATY	3.35503188776	0.129698779923
12587	SWEATY	16.9457482993	0.562966577803
5541	SWEATY	2.38051119301	0.0929537143045
61670	SWEATY	3.99195952432	0.153304084635
637566	SWEATY	1.05834322324	0.0418856927784
2969	SWEATY	7.09935443372	0.263813843999
7047	SWEATY	3.70499681893	0.142709072186
98330	SWEATY	3.41709155702	0.132013056397
61386	SWEATY	6.2164970727	0.233201948566
7654	SWEATY	7.00099293316	0.260434156506
243	SWEATY	8.88947990546	0.323970055023
61192	SWEATY	5.63667696598	0.212758227752
61130	SWEATY	10.4372392299	0.373915184098
62580	SWEATY	1.38783151319	0.0547428300041
12810	SWEATY	0.46590909091	0.018549535124
8658	AMMONIA/URINOUS	8.36255248322	0.306529185715
7720	AMMONIA/URINOUS	5.09334694413	0.193357004528
325	AMMONIA/URINOUS	9.28165259287	0.336806473773
521238	AMMONIA/URINOUS	2.89460209998	0.112432595472
8051	AMMONIA/URINOUS	8.44842327525	0.309386588675
62444	AMMONIA/URINOUS	7.92617017635	0.291917137588
101604	AMMONIA/URINOUS	2.90060745221	0.112658888652
778574	AMMONIA/URINOUS	6.25537515208	0.234563118766
7820	AMMONIA/URINOUS	3.92860813918	0.150970740803
61199	AMMONIA/URINOUS	10.6223919774	0.379761594567
31265	AMMONIA/URINOUS	4.08093210131	0.156575681326
8615	AMMONIA/URINOUS	3.05880846508	0.118609814913
1551246	AMMONIA/URINOUS	5.03630382485	0.191306410507
6584	AMMONIA/URINOUS	6.20088482047	0.232655003796
5960	AMMONIA/URINOUS	5.61110480474	0.211850393338
61918	AMMONIA/URINOUS	4.35884028423	0.16675381592
8797	AMMONIA/URINOUS	4.20702667481	0.161201437615
31260	AMMONIA/URINOUS	2.27936347278	0.0890963397749
18554	AMMONIA/URINOUS	10.5811184628	0.378460711342
12748	AMMONIA/URINOUS	9.28412319699	0.336886950465
11525	AMMONIA/URINOUS	6.86231600508	0.255656087822
8063	AMMONIA/URINOUS	6.09451530613	0.228923365518
440967	AMMONIA/URINOUS	10.1847537879	0.365898467627
31234	AMMONIA/URINOUS	2.83794705867	0.110296304944
7409	AMMONIA/URINOUS	8.62371832791	0.315201325997
6106	AMMONIA/URINOUS	6.17950450789	0.23190566993
8918	AMMONIA/URINOUS	5.94360933808	0.223613776738
10748	AMMONIA/URINOUS	3.73109039211	0.143675201479
62725	AMMONIA/URINOUS	6.32820517915	0.23710973485
7122	AMMONIA/URINOUS	6.38715069529	0.23916775021
24197	AMMONIA/URINOUS	2.96238723584	0.11498519418
1032	AMMONIA/URINOUS	7.55616704128	0.279408417509
11980	AMMONIA/URINOUS	4.87787774335	0.185597633222
11086	AMMONIA/URINOUS	5.60315212764	0.2115679596
7937	AMMONIA/URINOUS	6.22031061415	0.233335518911
7792	AMMONIA/URINOUS	2.38298266162	0.0930478639187
13436	AMMONIA/URINOUS	10.9850984333	0.391134982296
326	AMMONIA/URINOUS	8.18338491487	0.300548281129
62332	AMMONIA/URINOUS	3.69831117772	0.142461444882
13561	AMMONIA/URINOUS	4.74494253318	0.18079190947
7361	AMMONIA/URINOUS	6.52842091977	0.244088724909
93375	AMMONIA/URINOUS	5.81870242575	0.219205177862
7147	AMMONIA/URINOUS	5.93204977335	0.223206305129
641423	AMMONIA/URINOUS	7.29128932407	0.27038641296
17617	AMMONIA/URINOUS	5.67340095285	0.214061046765
8082	AMMONIA/URINOUS	11.4171600877	0.404545785721
7593	AMMONIA/URINOUS	13.535044992	0.468122822506
8137	AMMONIA/URINOUS	1.92974519561	0.0757002412163
8175	AMMONIA/URINOUS	7.52909607028	0.278488927757
62900	AMMONIA/URINOUS	3.85666308002	0.148316983156
8184	AMMONIA/URINOUS	10.5956298308	0.378918244627
16324	AMMONIA/URINOUS	2.37108594335	0.0925946183138
7059	AMMONIA/URINOUS	6.4399207272	0.241007797499
8908	AMMONIA/URINOUS	3.31036467617	0.128031181331
638014	AMMONIA/URINOUS	1.13743912309	0.0449800578202
12587	AMMONIA/URINOUS	7.54762399377	0.27911830857
5541	AMMONIA/URINOUS	2.92563973687	0.113601842327
61670	AMMONIA/URINOUS	6.08679515354	0.228652176045
637566	AMMONIA/URINOUS	2.60797747529	0.101598480407
2969	AMMONIA/URINOUS	7.30916343817	0.27099698946
7047	AMMONIA/URINOUS	2.83374860009	0.110137891552
98330	AMMONIA/URINOUS	8.51114007445	0.311469800831
61386	AMMONIA/URINOUS	4.81851334891	0.183453305599
7654	AMMONIA/URINOUS	3.03760124387	0.117813241228
243	AMMONIA/URINOUS	5.34600032437	0.202408125188
61192	AMMONIA/URINOUS	5.13010733945	0.194677093052
61130	AMMONIA/URINOUS	7.96776540919	0.293316502121
62580	AMMONIA/URINOUS	2.46010283937	0.0959832711826
12810	AMMONIA/URINOUS	5.6152111909	0.211996208949
8658	DECAYED	1.94346014695	0.076227590941
7720	DECAYED	2.06375332742	0.080846501978
325	DECAYED	3.55746031746	0.137236203134
521238	DECAYED	2.56094842213	0.0998145541568
8051	DECAYED	4.43278573194	0.169451593539
62444	DECAYED	21.8559259259	0.683164437805
101604	DECAYED	4.01998231084	0.154335189322
778574	DECAYED	3.94495939711	0.151573294026
7820	DECAYED	2.48904845092	0.0970837931605
61199	DECAYED	5.30623972434	0.200987116969
31265	DECAYED	3.13774742154	0.121571713309
8615	DECAYED	1.32204626048	0.0521827278931
1551246	DECAYED	2.84885585242	0.11070784223
6584	DECAYED	2.07099663696	0.0811242546502
5960	DECAYED	2.68782062648	0.104623073171
61918	DECAYED	4.37864237864	0.167476691514
8797	DECAYED	3.8994045713	0.149894040448
31260	DECAYED	4.21744994652	0.16158324424
18554	DECAYED	2.46098710318	0.0960169011182
12748	DECAYED	7.65057334817	0.282610424905
11525	DECAYED	4.33734955266	0.16596894165
8063	DECAYED	4.49498913499	0.17171759447
440967	DECAYED	3.49598209404	0.134950527441
31234	DECAYED	3.8368953632	0.147587108117
7409	DECAYED	4.07675314807	0.156422159431
6106	DECAYED	2.49522222222	0.0973184353136
8918	DECAYED	3.15083637306	0.122062346982
10748	DECAYED	1.18062207166	0.0466673354761
62725	DECAYED	6.8647927262	0.255741557378
7122	DECAYED	2.43601312492	0.0950668610191
24197	DECAYED	3.97974433182	0.152854427294
1032	DECAYED	17.4512471656	0.576231475569
11980	DECAYED	3.5676085176	0.13761320849
11086	DECAYED	2.02448979592	0.0793401682632
7937	DECAYED	2.69706608544	0.10497297723
7792	DECAYED	1.524875504	0.0600649220389
13436	DECAYED	12.191571529	0.428209094622
326	DECAYED	3.55746031746	0.137236203134
62332	DECAYED	4.56099180996	0.174118613882
13561	DECAYED	6.20980160904	0.232967409952
7361	DECAYED	3.61958348557	0.139542785579
93375	DECAYED	2.77342407824	0.107860210682
7147	DECAYED	2.61652078856	0.101922359127
641423	DECAYED	4.09241234955	0.156997358447
17617	DECAYED	4.7959915156	0.182639046777
8082	DECAYED	3.67892014372	0.141743024379
7593	DECAYED	1.79419847472	0.0704802797221
8137	DECAYED	3.27886431886	0.126854192266
8175	DECAYED	2.32731798407	0.0909261557631
62900	DECAYED	4.25096644039	0.162810371345
8184	DECAYED	2.59656050482	0.101165569611
16324	DECAYED	0.604511278196	0.0240342775736
7059	DECAYED	2.60223330377	0.101380684884
8908	DECAYED	1.8089709192	0.0710498864533
638014	DECAYED	3.87874787415	0.149132040937
12587	DECAYED	5.11666666666	0.194194555555
5541	DECAYED	3.27524484712	0.126718902361
61670	DECAYED	2.6422351574	0.102896843645
637566	DECAYED	2.43461925848	0.0950138219658
2969	DECAYED	3.90277777778	0.150018441358
7047	DECAYED	2.66663633415	0.103821073631
98330	DECAYED	14.8203049496	0.504955622464
61386	DECAYED	3.38449257843	0.130797787132
7654	DECAYED	3.72148535931	0.143319633061
243	DECAYED	2.04439321687	0.0801039112246
61192	DECAYED	4.08981071784	0.15690180803
61130	DECAYED	2.07462512664	0.0812633772993
62580	DECAYED	1.65913318611	0.0652642382727
12810	DECAYED	3.09015151515	0.119786446052
8658	WOOD	2.54613411283	0.0992522449452
7720	WOOD	2.44494041588	0.0954065231802
325	WOOD	6.76267651655	0.252213543195
521238	WOOD	4.53606265356	0.173212160384
8051	WOOD	0.472127525253	0.0187959392501
62444	WOOD	1.88355705512	0.073923167333
101604	WOOD	1.94342152734	0.0762261062005
778574	WOOD	4.75771730462	0.181254342605
7820	WOOD	2.40954701586	0.0940595139057
61199	WOOD	4.31925839485	0.165307938561
31265	WOOD	0.0480447116867	0.00192086514974
8615	WOOD	5.31789186919	0.201403685195
1551246	WOOD	4.01385610766	0.154109827965
6584	WOOD	4.26596263622	0.163359130563
5960	WOOD	3.74448078932	0.14417077702
61918	WOOD	8.30610581188	0.304647674972
8797	WOOD	3.99654510921	0.153472855244
31260	WOOD	4.58266225702	0.174906172936
18554	WOOD	3.58792569654	0.13836774354
12748	WOOD	3.16022280721	0.122414109012
11525	WOOD	4.50855598161	0.172211408449
8063	WOOD	2.17726919214	0.0851945672317
440967	WOOD	4.27548199768	0.163707381382
31234	WOOD	3.03861455844	0.117851310964
7409	WOOD	3.39382302154	0.131145706981
6106	WOOD	4.88133619764	0.185722470676
8918	WOOD	1.9125741891	0.0750397915524
10748	WOOD	0.926666666666	0.0367231822222
62725	WOOD	4.13599435125	0.158597194341
7122	WOOD	1.6305625403	0.0641590079327
24197	WOOD	4.89739463772	0.186301995814
1032	WOOD	2.56561822929	0.0999917704121
11980	WOOD	1.18311841643	0.0467648289824
11086	WOOD	2.644561791	0.102984988813
7937	WOOD	4.41588951915	0.168835548668
7792	WOOD	2.25367424242	0.0881153506606
13436	WOOD	2.72945711408	0.106198310108
326	WOOD	3.99018356146	0.153238716517
62332	WOOD	4.36814118335	0.167093384375
13561	WOOD	1.35265238483	0.0533742280035
7361	WOOD	3.86689604142	0.148694687659
93375	WOOD	4.21282726678	0.161413925239
7147	WOOD	3.87268071442	0.14890816621
641423	WOOD	3.51331390456	0.135595206345
17617	WOOD	1.80790557765	0.0710088140749
8082	WOOD	2.02140075719	0.079221605879
7593	WOOD	2.66031483917	0.103581683549
8137	WOOD	1.88495527282	0.0739769883607
8175	WOOD	3.1846451446	0.123329019905
62900	WOOD	1.05063929149	0.0415840344914
8184	WOOD	3.53746989757	0.136493318592
16324	WOOD	5.42072527834	0.205075306116
7059	WOOD	4.55556909046	0.173921479723
8908	WOOD	2.53235614267	0.0987291146537
638014	WOOD	3.94746856866	0.151665739506
12587	WOOD	1.96565442179	0.0770806579491
5541	WOOD	3.92900199691	0.1509852572
61670	WOOD	4.52397116045	0.172772320394
637566	WOOD	3.20320491609	0.12402398795
2969	WOOD	3.5012941779	0.135148142748
7047	WOOD	6.69640789342	0.249919564267
98330	WOOD	5.15992402007	0.195747034446
61386	WOOD	2.22541666667	0.0870356749306
7654	WOOD	4.42150186511	0.169040203107
243	WOOD	0.991639561601	0.039272242856
61192	WOOD	4.50275587508	0.172000310815
61130	WOOD	1.38848484848	0.0547682378695
62580	WOOD	0.830805373704	0.0329561199206
12810	WOOD	3.73487549556	0.143815301835
8658	GRASS	4.07183327706	0.156241400588
7720	GRASS	2.02419350104	0.0793287963097
325	GRASS	1.86651245534	0.073266950715
521238	GRASS	5.06468723925	0.192327066838
8051	GRASS	2.51922868576	0.0982305421621
62444	GRASS	1.12467836525	0.0444811740399
101604	GRASS	6.29100056689	0.235809347423
778574	GRASS	1.84185606061	0.072317268925
7820	GRASS	3.99519668737	0.153423228866
61199	GRASS	2.4094602955	0.0940562122539
31265	GRASS	6.48051408558	0.242421738298
8615	GRASS	2.15214076246	0.084232946554
1551246	GRASS	3.24027183049	0.125411128605
6584	GRASS	1.98365942029	0.0777724149333
5960	GRASS	6.44212285113	0.241084535313
61918	GRASS	3.25796074353	0.126072706459
8797	GRASS	1.93927014083	0.0760664981616
31260	GRASS	2.74059747768	0.106619549293
18554	GRASS	3.79506287381	0.146041514066
12748	GRASS	3.79285373761	0.145959853714
11525	GRASS	3.33619595449	0.128995756801
8063	GRASS	4.2987289603	0.164557530142
440967	GRASS	6.58435792896	0.246032809424
31234	GRASS	2.68574481654	0.104544502574
7409	GRASS	2.83436021931	0.110160969631
6106	GRASS	1.24661762379	0.0492430827518
8918	GRASS	3.36585841694	0.130102735525
10748	GRASS	4.58369196579	0.174943585817
62725	GRASS	2.33676427092	0.0912863839339
7122	GRASS	3.64733983198	0.140572358139
24197	GRASS	3.32844474853	0.128706372164
1032	GRASS	5.4905484575	0.207563489354
11980	GRASS	1.99360544217	0.0781544326234
11086	GRASS	2.69499612287	0.104894643274
7937	GRASS	1.65049340348	0.0649300847493
7792	GRASS	4.20049666751	0.160962197799
13436	GRASS	3.20595329041	0.124126877016
326	GRASS	3.41932846175	0.132096415618
62332	GRASS	4.93181749808	0.187543570389
13561	GRASS	3.46177692576	0.133677517237
7361	GRASS	2.6081040139	0.101603277937
93375	GRASS	4.94261303671	0.187932752016
7147	GRASS	2.77877268315	0.108062276276
641423	GRASS	3.08639069264	0.119645304703
17617	GRASS	4.26601278643	0.16336096542
8082	GRASS	2.3847826087	0.0931164291115
7593	GRASS	0.362150671511	0.0144335656169
8137	GRASS	3.58354966425	0.138205255291
8175	GRASS	3.92103972025	0.150691767815
62900	GRASS	4.01935650727	0.154312169598
8184	GRASS	2.14972297221	0.0841403953455
16324	GRASS	4.38380517561	0.167665107897
7059	GRASS	5.31133987527	0.201169462503
8908	GRASS	7.30044492249	0.270699198473
638014	GRASS	5.72549866975	0.215907412783
12587	GRASS	1.65500795801	0.0651046977841
5541	GRASS	3.46904719045	0.133948172254
61670	GRASS	5.50322817314	0.208014918796
637566	GRASS	5.29891304348	0.200725129962
2969	GRASS	7.07281622862	0.262902757383
7047	GRASS	2.97386018237	0.115416869541
98330	GRASS	3.09012451216	0.119785432686
61386	GRASS	1.97500357135	0.0774398872114
7654	GRASS	3.1861756393	0.12338633949
243	GRASS	0.934593852462	0.0370343678309
61192	GRASS	2.6171335888	0.101945588264
61130	GRASS	6.77461734694	0.252626517799
62580	GRASS	2.26559403505	0.0885705948692
12810	GRASS	5.01468333064	0.190528513663
8658	FLOWER	1.30911835749	0.05167921795
7720	FLOWER	1.89267730496	0.0742742012462
325	FLOWER	6.08090755402	0.228445327489
521238	FLOWER	8.40014766883	0.30778091441
8051	FLOWER	3.42256944444	0.132217185137
62444	FLOWER	2.40878146453	0.0940303673237
101604	FLOWER	7.30592342343	0.270886330109
778574	FLOWER	5.13290152503	0.194777389775
7820	FLOWER	6.35425134447	0.238019449719
61199	FLOWER	7.04248721228	0.261860838037
31265	FLOWER	7.56536418243	0.279720673212
8615	FLOWER	11.1511855254	0.396307845569
1551246	FLOWER	8.40775558167	0.308034081698
6584	FLOWER	3.32789550603	0.128685864842
5960	FLOWER	2.32650395581	0.0908951099699
61918	FLOWER	4.65866196102	0.177665225934
8797	FLOWER	7.09863874717	0.263789281062
31260	FLOWER	1.63121639785	0.0641843091394
18554	FLOWER	1.34273155416	0.0529880909558
12748	FLOWER	1.86907894737	0.0733657754502
11525	FLOWER	2.6015625	0.101355249023
8063	FLOWER	1.54731509625	0.0609349302472
440967	FLOWER	4.40663265306	0.168497941587
31234	FLOWER	7.07104613338	0.262841967967
7409	FLOWER	4.53855073045	0.173302652125
6106	FLOWER	5.63956706753	0.212860796017
8918	FLOWER	10.0124702123	0.360398984592
10748	FLOWER	5.99696576457	0.22549319123
62725	FLOWER	4.11645881551	0.157880259348
7122	FLOWER	11.3392595414	0.402138858877
24197	FLOWER	7.66513194686	0.283103578769
1032	FLOWER	4.13188365131	0.158446361049
11980	FLOWER	8.21790846481	0.301702730778
11086	FLOWER	2.42424015529	0.0946188300794
7937	FLOWER	2.38618324946	0.0931697817784
7792	FLOWER	3.22739856417	0.12492950197
13436	FLOWER	5.5004416796	0.207915723716
326	FLOWER	6.82533746208	0.254379405895
62332	FLOWER	11.3466400709	0.402367106477
13561	FLOWER	2.82244913472	0.109711477741
7361	FLOWER	1.94472536498	0.0762762319013
93375	FLOWER	1.80408163265	0.0708613810912
7147	FLOWER	3.64875204582	0.140624725236
641423	FLOWER	8.64755444896	0.315990098779
17617	FLOWER	6.8055588358	0.253696101005
8082	FLOWER	3.42387218045	0.132265726935
7593	FLOWER	10.6680937674	0.381200460845
8137	FLOWER	7.6792749933	0.283582493963
8175	FLOWER	2.60989709628	0.10167125871
62900	FLOWER	10.9004423092	0.388489835352
8184	FLOWER	6.57589285714	0.245738767538
16324	FLOWER	4.69700978208	0.179055630926
7059	FLOWER	11.3434392365	0.402268123975
8908	FLOWER	11.9005171147	0.419371761551
638014	FLOWER	5.77905780494	0.217803308552
12587	FLOWER	6.1786231884	0.231874773734
5541	FLOWER	4.7186234059	0.179838773497
61670	FLOWER	2.61594064842	0.101900367747
637566	FLOWER	8.12965440357	0.298749663854
2969	FLOWER	8.79157238107	0.32074619727
7047	FLOWER	1.0096999963	0.0399802022191
98330	FLOWER	4.22415609445	0.161828845894
61386	FLOWER	3.73489452374	0.143816006108
7654	FLOWER	10.5858206035	0.378608985
243	FLOWER	1.4841025641	0.0584830783958
61192	FLOWER	5.23052650421	0.198277697164
61130	FLOWER	2.3141267338	0.090422996336
62580	FLOWER	17.3576829294	0.573791654505
12810	FLOWER	12.2671824018	0.430493790441
8658	CHEMICAL	24.7988888889	0.745961599506
7720	CHEMICAL	27.0784840286	0.789841642229
325	CHEMICAL	26.1481871691	0.772436409872
521238	CHEMICAL	16.9104957008	0.562033882092
8051	CHEMICAL	37.8916666667	0.941355305556
62444	CHEMICAL	11.7866823325	0.415896941137
101604	CHEMICAL	11.2950893753	0.400771957415
778574	CHEMICAL	20.8587966759	0.660316107529
7820	CHEMICAL	7.89906462586	0.291004496249
61199	CHEMICAL	19.0545089423	0.61695063328
31265	CHEMICAL	10.1369120594	0.364373687937
8615	CHEMICAL	22.0862170096	0.688328287665
1551246	CHEMICAL	13.1417662601	0.456588242231
6584	CHEMICAL	13.5128592437	0.467475423773
5960	CHEMICAL	10.6614285714	0.380990719183
61918	CHEMICAL	14.6275469051	0.499515824821
8797	CHEMICAL	11.7960992908	0.41618478824
31260	CHEMICAL	17.3639455783	0.573955180712
18554	CHEMICAL	23.0161896013	0.708749590548
12748	CHEMICAL	11.3043303622	0.401058060513
11525	CHEMICAL	27.8911890694	0.804480191694
8063	CHEMICAL	13.870094516	0.477851971888
440967	CHEMICAL	29.7356492578	0.835742435598
31234	CHEMICAL	19.2666069226	0.62218341998
7409	CHEMICAL	33.9454784088	0.896900934591
6106	CHEMICAL	11.3857154604	0.403574811798
8918	CHEMICAL	10.214610984	0.366849128337
10748	CHEMICAL	24.1438159393	0.732583098327
62725	CHEMICAL	17.923314388	0.58843449606
7122	CHEMICAL	19.9086073867	0.637803236238
24197	CHEMICAL	3.65271867612	0.140771805554
1032	CHEMICAL	23.0553097296	0.709593466494
11980	CHEMICAL	7.29712234199	0.27058569589
11086	CHEMICAL	15.3336318138	0.519297166712
7937	CHEMICAL	17.4015928046	0.574937539328
7792	CHEMICAL	29.121757263	0.825639592086
13436	CHEMICAL	14.2529588088	0.48885961843
326	CHEMICAL	18.2876104704	0.597729740129
62332	CHEMICAL	21.9650710776	0.685617104126
13561	CHEMICAL	22.7017527396	0.701922278604
7361	CHEMICAL	17.52032132	0.578028189138
93375	CHEMICAL	30.2215065416	0.843524478606
7147	CHEMICAL	36.0629418072	0.922303363572
641423	CHEMICAL	11.7383712281	0.414419105489
17617	CHEMICAL	16.7084490741	0.556669054778
8082	CHEMICAL	14.5630822795	0.497689944989
7593	CHEMICAL	20.3467694232	0.648274366543
8137	CHEMICAL	11.1911750334	0.397550041885
8175	CHEMICAL	15.4313494196	0.522003358819
62900	CHEMICAL	14.9362358277	0.508212976827
8184	CHEMICAL	27.1331889931	0.790843581751
16324	CHEMICAL	17.0661577378	0.566144813541
7059	CHEMICAL	17.635602385	0.581018306807
8908	CHEMICAL	11.9001550611	0.419360726251
638014	CHEMICAL	20.5274933962	0.652548541795
12587	CHEMICAL	22.9776866268	0.707917831984
5541	CHEMICAL	7.47424759985	0.276624153121
61670	CHEMICAL	13.6530433844	0.471559497912
637566	CHEMICAL	18.4827861579	0.602666092653
2969	CHEMICAL	19.8522189919	0.636444520115
7047	CHEMICAL	20.8791371165	0.660790137968
98330	CHEMICAL	15.3568144499	0.519939877977
61386	CHEMICAL	19.466	0.6270699376
7654	CHEMICAL	22.1360913545	0.689441037998
243	CHEMICAL	20.9096251705	0.661500036912
61192	CHEMICAL	12.708136646	0.443726771034
61130	CHEMICAL	20.0961904762	0.642304870385
62580	CHEMICAL	24.7286144202	0.744542828351
12810	CHEMICAL	9.01202640276	0.327994408157
