#oID	descriptor	value	sigma
8658	INTENSITY/STRENGTH	63.8204081633	0.92359852728
7720	INTENSITY/STRENGTH	70.9102040816	0.825105346105
325	INTENSITY/STRENGTH	63.9857142857	0.921759918367
521238	INTENSITY/STRENGTH	53.5857142857	0.994857061225
8051	INTENSITY/STRENGTH	69.5530612245	0.847071118701
62444	INTENSITY/STRENGTH	80.5428571429	0.62685355102
101604	INTENSITY/STRENGTH	57.0755102041	0.979974862141
778574	INTENSITY/STRENGTH	38.8734693878	0.950480126614
7820	INTENSITY/STRENGTH	49.0469387755	0.999636669721
31265	INTENSITY/STRENGTH	54.5510204082	0.991715285298
8615	INTENSITY/STRENGTH	25.9112244898	0.767892357768
1551246	INTENSITY/STRENGTH	45.8653061225	0.993161722616
6584	INTENSITY/STRENGTH	41.1224489796	0.968475635152
5960	INTENSITY/STRENGTH	12.6295918367	0.441381037484
61918	INTENSITY/STRENGTH	70.2265306123	0.836354983757
8797	INTENSITY/STRENGTH	57.9591836735	0.974660558101
31260	INTENSITY/STRENGTH	61.2897959184	0.949016203249
18554	INTENSITY/STRENGTH	54.406122449	0.992234433986
12748	INTENSITY/STRENGTH	42.1857142857	0.97557477551
11525	INTENSITY/STRENGTH	68.7571428571	0.859267836735
440967	INTENSITY/STRENGTH	60.1448979592	0.958832418159
31234	INTENSITY/STRENGTH	50.1367346939	0.999992521449
7409	INTENSITY/STRENGTH	74.112244898	0.767439858392
6106	INTENSITY/STRENGTH	21.7918367347	0.681719810079
8918	INTENSITY/STRENGTH	31.4989795918	0.863084897543
10748	INTENSITY/STRENGTH	57.7204081633	0.976158119117
7122	INTENSITY/STRENGTH	41.9387755102	0.97400666389
24197	INTENSITY/STRENGTH	42.9663265306	0.98021097501
11980	INTENSITY/STRENGTH	59.6428571428	0.962806122449
11086	INTENSITY/STRENGTH	82.2224489796	0.584685512703
7937	INTENSITY/STRENGTH	71.893877551	0.808263250312
7792	INTENSITY/STRENGTH	42.2428571429	0.975930693878
13436	INTENSITY/STRENGTH	25.5714285714	0.761297959184
326	INTENSITY/STRENGTH	68.7102040816	0.85997130529
62332	INTENSITY/STRENGTH	18.6040816326	0.605718523948
13561	INTENSITY/STRENGTH	26.3897959184	0.77702330529
7361	INTENSITY/STRENGTH	43.2010204082	0.981509550604
93375	INTENSITY/STRENGTH	71.1673469388	0.82077736943
7147	INTENSITY/STRENGTH	67.3530612245	0.879548506456
641423	INTENSITY/STRENGTH	36.6653061225	0.928874375677
17617	INTENSITY/STRENGTH	28.9234693878	0.822311942941
8082	INTENSITY/STRENGTH	36.5571428572	0.927715836735
7593	INTENSITY/STRENGTH	27.2020408163	0.792101222824
8137	INTENSITY/STRENGTH	38.7693877551	0.949549339442
8175	INTENSITY/STRENGTH	60.6653061224	0.954500498126
62900	INTENSITY/STRENGTH	51.0632653061	0.999547786756
8184	INTENSITY/STRENGTH	8.93673469389	0.32552329696
16324	INTENSITY/STRENGTH	63.0530612245	0.931847037068
7059	INTENSITY/STRENGTH	66.6795918367	0.888716486464
8908	INTENSITY/STRENGTH	49.9897959184	0.999999958351
638014	INTENSITY/STRENGTH	44.4959183674	0.987882034152
5541	INTENSITY/STRENGTH	27.8632653061	0.803985990837
637566	INTENSITY/STRENGTH	63.8714285714	0.923033387755
2969	INTENSITY/STRENGTH	50.9183673469	0.999662640566
7047	INTENSITY/STRENGTH	55.5346938776	0.987746865473
98330	INTENSITY/STRENGTH	25.3265306122	0.756487963348
61386	INTENSITY/STRENGTH	13.1775510204	0.457642900458
7654	INTENSITY/STRENGTH	33.993877551	0.897521617659
243	INTENSITY/STRENGTH	51.5775510204	0.999004533111
61192	INTENSITY/STRENGTH	54.0183673469	0.993541089546
62580	INTENSITY/STRENGTH	45.9081632653	0.993302748855
12810	INTENSITY/STRENGTH	51.1510204082	0.999470060808
8658	VALENCE/PLEASANTNESS	48.732755045	0.99935763609
7720	VALENCE/PLEASANTNESS	43.2873952145	0.981976374798
325	VALENCE/PLEASANTNESS	49.3638799945	0.999838140535
521238	VALENCE/PLEASANTNESS	54.6440955883	0.991372950467
8051	VALENCE/PLEASANTNESS	50.8277863544	0.999725907901
62444	VALENCE/PLEASANTNESS	28.4534863945	0.81429910058
101604	VALENCE/PLEASANTNESS	53.8587708246	0.994043955089
778574	VALENCE/PLEASANTNESS	43.0797469433	0.980844039052
7820	VALENCE/PLEASANTNESS	48.999280217	0.999599423966
61199	VALENCE/PLEASANTNESS	46.4242816042	0.994885695181
31265	VALENCE/PLEASANTNESS	57.2141809432	0.979182237328
8615	VALENCE/PLEASANTNESS	54.5126924596	0.991854242706
1551246	VALENCE/PLEASANTNESS	54.4335441775	0.99213747441
6584	VALENCE/PLEASANTNESS	49.8986826615	0.999995893919
5960	VALENCE/PLEASANTNESS	38.2514075377	0.944788230062
61918	VALENCE/PLEASANTNESS	34.6769927536	0.906082179571
8797	VALENCE/PLEASANTNESS	50.0876538376	0.999996926722
31260	VALENCE/PLEASANTNESS	30.085042517	0.84135778738
18554	VALENCE/PLEASANTNESS	41.0896800487	0.968242479346
12748	VALENCE/PLEASANTNESS	36.8329623154	0.930651647444
11525	VALENCE/PLEASANTNESS	40.5621438516	0.964370748529
8063	VALENCE/PLEASANTNESS	22.8917292323	0.706056662395
440967	VALENCE/PLEASANTNESS	44.2220793461	0.986646253167
31234	VALENCE/PLEASANTNESS	40.4617974206	0.963609076621
7409	VALENCE/PLEASANTNESS	37.3472960993	0.9359636336
6106	VALENCE/PLEASANTNESS	38.0404406928	0.942787576471
8918	VALENCE/PLEASANTNESS	50.6617680393	0.999824825225
10748	VALENCE/PLEASANTNESS	57.3752353594	0.978242361357
62725	VALENCE/PLEASANTNESS	26.6445389729	0.781808976084
7122	VALENCE/PLEASANTNESS	46.1893944661	0.994191714186
24197	VALENCE/PLEASANTNESS	62.1638984949	0.940815829362
1032	VALENCE/PLEASANTNESS	30.0871394572	0.841391194002
11980	VALENCE/PLEASANTNESS	44.8715467066	0.989479586727
11086	VALENCE/PLEASANTNESS	49.0860260813	0.99966586067
7937	VALENCE/PLEASANTNESS	37.0914772066	0.933348015716
7792	VALENCE/PLEASANTNESS	40.3201251945	0.9625200095
13436	VALENCE/PLEASANTNESS	28.1991675132	0.809889481152
326	VALENCE/PLEASANTNESS	56.5843755441	0.982658399478
62332	VALENCE/PLEASANTNESS	50.3470510536	0.999951822226
13561	VALENCE/PLEASANTNESS	45.9239387546	0.993354289889
7361	VALENCE/PLEASANTNESS	41.6001781009	0.971777196825
93375	VALENCE/PLEASANTNESS	44.4415303998	0.987641366282
7147	VALENCE/PLEASANTNESS	33.9544987852	0.897016756306
641423	VALENCE/PLEASANTNESS	39.9722819665	0.959777948416
17617	VALENCE/PLEASANTNESS	52.8252940297	0.996807085458
8082	VALENCE/PLEASANTNESS	43.3043421053	0.982067266143
7593	VALENCE/PLEASANTNESS	46.4844235972	0.995056289023
8137	VALENCE/PLEASANTNESS	47.9514925925	0.998321446961
8175	VALENCE/PLEASANTNESS	37.402101814	0.936517184518
62900	VALENCE/PLEASANTNESS	51.9883296613	0.998418618063
8184	VALENCE/PLEASANTNESS	35.2161706349	0.912575355722
16324	VALENCE/PLEASANTNESS	52.6653846154	0.997158289941
7059	VALENCE/PLEASANTNESS	39.072101513	0.952232413863
8908	VALENCE/PLEASANTNESS	56.8292278015	0.981344659054
638014	VALENCE/PLEASANTNESS	58.8114367069	0.968943433264
12587	VALENCE/PLEASANTNESS	22.4827324263	0.697119994112
5541	VALENCE/PLEASANTNESS	57.6028820806	0.976878473627
61670	VALENCE/PLEASANTNESS	42.7729600191	0.979107957246
637566	VALENCE/PLEASANTNESS	58.5578218843	0.970705473839
2969	VALENCE/PLEASANTNESS	28.4759095689	0.814685412446
7047	VALENCE/PLEASANTNESS	47.908681764	0.998250555214
98330	VALENCE/PLEASANTNESS	37.7175247889	0.939656321076
61386	VALENCE/PLEASANTNESS	42.3663259657	0.976690808296
7654	VALENCE/PLEASANTNESS	58.8302120688	0.968810941928
243	VALENCE/PLEASANTNESS	45.0572043236	0.990227508361
61192	VALENCE/PLEASANTNESS	50.6392922793	0.999836522153
61130	VALENCE/PLEASANTNESS	38.3229515428	0.945458615731
62580	VALENCE/PLEASANTNESS	62.7026066434	0.935457513785
12810	VALENCE/PLEASANTNESS	52.8922250218	0.996654013769
8658	BAKERY	8.26058961223	0.303128648192
7720	BAKERY	1.02613469892	0.0406242069885
325	BAKERY	1.12081566562	0.0443301355221
521238	BAKERY	1.52019463257	0.0598833886143
8051	BAKERY	1.11139600436	0.043961759743
62444	BAKERY	1.2243954164	0.0483761590017
101604	BAKERY	2.30144172866	0.0899390155342
778574	BAKERY	1.66051779909	0.0653177842193
7820	BAKERY	3.28600736573	0.127121156866
61199	BAKERY	10.3535854744	0.371264726106
31265	BAKERY	4.4649187233	0.17062254925
8615	BAKERY	1.26502068591	0.0499607165022
1551246	BAKERY	2.93711960644	0.114034115625
6584	BAKERY	1.80495183008	0.0708949327598
5960	BAKERY	6.20352836879	0.232747629063
61918	BAKERY	7.64682971015	0.28248358656
8797	BAKERY	5.60069005128	0.211480510431
31260	BAKERY	1.05750973243	0.0418530585636
18554	BAKERY	3.87251198991	0.148901939951
12748	BAKERY	9.71726548682	0.350920520056
11525	BAKERY	1.49217628711	0.0587964154557
8063	BAKERY	1.18418170167	0.0468063535456
440967	BAKERY	2.4970357502	0.0973873549928
31234	BAKERY	0.807719571426	0.0320478184946
7409	BAKERY	1.84258084131	0.0723451919897
6106	BAKERY	4.44354899931	0.169843908889
8918	BAKERY	1.13334163353	0.0448198800379
10748	BAKERY	2.69577577474	0.104924148178
62725	BAKERY	2.78143528464	0.108162858489
7122	BAKERY	1.96367126416	0.0770044486329
24197	BAKERY	8.17425424623	0.300242796856
1032	BAKERY	4.17524355335	0.160036678642
11980	BAKERY	5.43713587547	0.205660456408
11086	BAKERY	4.06850710371	0.156119184127
7937	BAKERY	1.75336720291	0.0689049694971
7792	BAKERY	0.65525931771	0.026038626799
13436	BAKERY	1.98162042028	0.0776940890152
326	BAKERY	4.17457958937	0.160012337676
62332	BAKERY	0.957482273271	0.0379325820094
13561	BAKERY	1.42758673414	0.0562882678121
7361	BAKERY	6.13486198785	0.23033986687
93375	BAKERY	6.57728154328	0.245787008731
7147	BAKERY	1.63748383345	0.0644268120162
641423	BAKERY	9.32653352265	0.338267649886
17617	BAKERY	3.2164234005	0.124518784224
8082	BAKERY	1.63329424565	0.0642647097888
7593	BAKERY	1.41152730939	0.0556641286374
8137	BAKERY	4.01801329301	0.154262759391
8175	BAKERY	0.399353942225	0.0159103642605
62900	BAKERY	3.14102552349	0.121694604404
8184	BAKERY	0.0220716317285	0.00088267040637
16324	BAKERY	4.06073150446	0.155833444038
7059	BAKERY	1.85184263059	0.0727019767721
8908	BAKERY	1.73439115506	0.0681724011308
638014	BAKERY	1.57940052425	0.0621782185636
12587	BAKERY	1.96344276722	0.0769956676886
5541	BAKERY	2.8502524478	0.110760522306
61670	BAKERY	4.09072255697	0.156935297864
637566	BAKERY	4.23247137299	0.16213332935
2969	BAKERY	0.023501872085	0.000939853948204
7047	BAKERY	3.79784604236	0.14614438787
98330	BAKERY	4.53424428272	0.173146022823
61386	BAKERY	3.01641192103	0.11701698049
7654	BAKERY	2.34785567603	0.091709256531
243	BAKERY	1.38114426441	0.0544827467846
61192	BAKERY	3.51254051098	0.135566444103
61130	BAKERY	2.91524391942	0.113210297933
62580	BAKERY	12.5784784377	0.439851889586
12810	BAKERY	2.61233071597	0.101763519931
8658	SWEET	30.199194686	0.843171243566
7720	SWEET	6.23554897071	0.233869130442
325	SWEET	7.61771814495	0.281496873904
521238	SWEET	16.9405488741	0.562829076502
8051	SWEET	13.5042182299	0.467223165194
62444	SWEET	10.4382982598	0.373948702167
101604	SWEET	10.2677432181	0.368539108406
778574	SWEET	10.8853689056	0.388018253741
7820	SWEET	23.7158879568	0.723658181639
61199	SWEET	18.8992518145	0.613097384922
31265	SWEET	33.8621194309	0.895827524295
8615	SWEET	18.8254203902	0.611258234461
1551246	SWEET	20.1975019561	0.644724444138
6584	SWEET	16.7135449692	0.556804764592
5960	SWEET	8.62268538193	0.315167133999
61918	SWEET	9.07440249178	0.330038187438
8797	SWEET	15.3925542072	0.520929878279
31260	SWEET	4.79616523505	0.182645329017
18554	SWEET	8.17728198445	0.300344103117
12748	SWEET	8.94595266941	0.325826079111
11525	SWEET	13.6139350788	0.470421711821
8063	SWEET	2.20575010855	0.0862838709256
440967	SWEET	6.98847175978	0.260003375376
31234	SWEET	13.6172421068	0.470517971234
7409	SWEET	3.94561413284	0.151597416959
6106	SWEET	8.55423043824	0.312899274173
8918	SWEET	17.5044850768	0.57761660395
10748	SWEET	26.6947026236	0.782745245679
62725	SWEET	5.93787279945	0.223411578625
7122	SWEET	28.6363423476	0.817437652684
24197	SWEET	24.777662336	0.745533473105
1032	SWEET	9.14168679482	0.332239296811
11980	SWEET	17.1885131787	0.56936253303
11086	SWEET	18.7599079004	0.609622658244
7937	SWEET	8.19529666765	0.300946711718
7792	SWEET	6.65985608417	0.248652770142
13436	SWEET	8.02612494977	0.295277525307
326	SWEET	35.9726184877	0.921293027164
62332	SWEET	13.4263024086	0.464945857798
13561	SWEET	16.511256826	0.551401632251
7361	SWEET	7.79284114161	0.287422296441
93375	SWEET	23.0424904167	0.709317070828
7147	SWEET	10.158808764	0.365071792358
641423	SWEET	9.83824132066	0.354813255913
17617	SWEET	9.99467472101	0.359829579729
8082	SWEET	8.25723276129	0.303016553302
7593	SWEET	12.5415926284	0.438747086873
8137	SWEET	17.8580780835	0.586758742205
8175	SWEET	7.13250777325	0.264951244076
62900	SWEET	17.3363577631	0.573234590327
8184	SWEET	12.3012079193	0.431520430261
16324	SWEET	34.270450585	0.901032510081
7059	SWEET	5.91795706478	0.222709396263
8908	SWEET	24.8932472968	0.74786038748
638014	SWEET	20.6363503942	0.655110432731
12587	SWEET	3.30303615036	0.12775742689
5541	SWEET	16.6874889189	0.556110642188
61670	SWEET	5.00796831056	0.190286833783
637566	SWEET	21.1835070408	0.667843893414
2969	SWEET	6.14958753387	0.23085653062
7047	SWEET	3.97402650827	0.152643905656
98330	SWEET	4.45322904907	0.170196662377
61386	SWEET	12.996536454	0.45229747424
7654	SWEET	18.3056202576	0.598186517098
243	SWEET	15.5249021598	0.524587051562
61192	SWEET	20.8690645946	0.660555440962
61130	SWEET	11.7089816262	0.41351916476
62580	SWEET	31.1216466217	0.857443109489
12810	SWEET	26.8662591617	0.785932013931
8658	FRUIT	10.1124420703	0.363593088961
7720	FRUIT	1.97809029286	0.0775584752315
325	FRUIT	6.56501948155	0.245360986945
521238	FRUIT	10.3790675916	0.372072686035
8051	FRUIT	15.0172905205	0.510484014989
62444	FRUIT	3.85344304941	0.148198112642
101604	FRUIT	5.84448519164	0.220116204803
778574	FRUIT	5.00935656137	0.190336801191
7820	FRUIT	7.15247029618	0.265635679312
61199	FRUIT	4.30669932375	0.164848909324
31265	FRUIT	27.4796209315	0.797133010644
8615	FRUIT	7.89383852489	0.290828466333
1551246	FRUIT	15.6699710437	0.528579644744
6584	FRUIT	2.95258645125	0.114616351349
5960	FRUIT	0.783034197187	0.0310761108659
61918	FRUIT	1.07637889463	0.0425917191751
8797	FRUIT	5.54298555684	0.20942954672
31260	FRUIT	1.03538585168	0.0409866245223
18554	FRUIT	1.8663714836	0.0732615223381
12748	FRUIT	0.753858898409	0.0299270346409
11525	FRUIT	3.25413335653	0.1259295807
8063	FRUIT	1.37624094353	0.0542920220875
440967	FRUIT	2.05773099181	0.0806155369386
31234	FRUIT	1.89805233675	0.0744810524006
7409	FRUIT	1.31584783413	0.0519413311562
6106	FRUIT	1.45220160382	0.0572445083534
8918	FRUIT	8.28223145217	0.303851114956
10748	FRUIT	4.43711257617	0.169609315841
62725	FRUIT	0.373043943906	0.0148660930426
7122	FRUIT	3.68925957416	0.142126128484
24197	FRUIT	10.0854574795	0.362731718153
1032	FRUIT	4.26060153292	0.163162971148
11980	FRUIT	8.43318015999	0.308879795355
11086	FRUIT	6.78569961333	0.253009696836
7937	FRUIT	1.3761808584	0.0542896848341
7792	FRUIT	3.75130102894	0.144423137394
13436	FRUIT	4.34530031128	0.166259358533
326	FRUIT	6.67615900691	0.249217920642
62332	FRUIT	2.7402642079	0.106606949144
13561	FRUIT	6.40064537565	0.239638510536
7361	FRUIT	0.452741796241	0.018027681796
93375	FRUIT	5.11647329551	0.194187612227
7147	FRUIT	1.32094253109	0.0521397455754
641423	FRUIT	4.27324197082	0.163625440056
17617	FRUIT	4.2733426335	0.163629122435
8082	FRUIT	1.04139016018	0.041221809021
7593	FRUIT	1.47606211221	0.0581709807447
8137	FRUIT	11.9106496979	0.419680557424
8175	FRUIT	1.96604584852	0.0770956994294
62900	FRUIT	4.77025841954	0.181708190626
8184	FRUIT	3.32092490842	0.128425579438
16324	FRUIT	23.3207358585	0.715286745948
7059	FRUIT	1.63860377211	0.0644701419558
8908	FRUIT	18.8107751771	0.610892901978
638014	FRUIT	5.0379873583	0.191366967683
12587	FRUIT	4.54633011099	0.173585557448
5541	FRUIT	6.25341821982	0.23449463302
61670	FRUIT	0.598736498112	0.0238060657668
637566	FRUIT	15.0870319541	0.512433864892
2969	FRUIT	1.9949320331	0.0782053797972
7047	FRUIT	3.39992718979	0.131373285633
98330	FRUIT	1.68129551427	0.0661211187283
61386	FRUIT	5.54182096027	0.209388126589
7654	FRUIT	11.2788621383	0.400269393077
243	FRUIT	2.6218006969	0.102122492318
61192	FRUIT	5.89490055168	0.221896081062
61130	FRUIT	5.70166898955	0.215063147875
62580	FRUIT	3.52395872218	0.135991034857
12810	FRUIT	12.5876221279	0.440125592783
8658	FISH	0.606426238125	0.0241099484121
7720	FISH	0.134357971439	0.00536709803177
325	FISH	0.28996853531	0.0115651087118
521238	FISH	0.785813132296	0.0311855243803
8051	FISH	0.365399394155	0.0145625690793
62444	FISH	3.96536954062	0.152325119387
101604	FISH	0.690483407192	0.0274286293534
778574	FISH	1.19792614156	0.0473430348461
7820	FISH	1.58029151766	0.0622127321941
61199	FISH	0.424939606637	0.0169253547978
31265	FISH	0.658381374619	0.026161868571
8615	FISH	1.35299547637	0.053387580351
1551246	FISH	0.314963002623	0.0125588394277
6584	FISH	1.64403821051	0.0646803837652
5960	FISH	0.585114795917	0.0232676481069
61918	FISH	1.07630423791	0.0425887971915
8797	FISH	0.237073740667	0.00946046804327
31260	FISH	0.571039964293	0.0227111639154
18554	FISH	3.5491752479	0.13692835194
12748	FISH	2.41576443847	0.0942962104098
11525	FISH	0.69294158086	0.0275255960206
8063	FISH	3.48266667125	0.134455079993
440967	FISH	0.403290173918	0.016066549771
31234	FISH	2.87964658492	0.111868917615
7409	FISH	0.774310714615	0.0307326057515
6106	FISH	0.357452062431	0.0142469737065
8918	FISH	1.04867068263	0.041506943225
10748	FISH	0.0444509441856	0.00177724741285
62725	FISH	0.318856749187	0.0127136021169
7122	FISH	0.80287629881	0.0318572078119
24197	FISH	0.711010601588	0.0282382096333
1032	FISH	1.42382405861	0.0561420523644
11980	FISH	2.47051381924	0.0963791773571
11086	FISH	0.315126815856	0.0125653506702
7937	FISH	0.367483315926	0.014645315042
7792	FISH	0.0861728008404	0.00344394173298
13436	FISH	5.11365200053	0.194086305308
326	FISH	0.159341909355	0.00636352043658
62332	FISH	1.12205252116	0.0443785001022
13561	FISH	1.80711299512	0.070978256854
7361	FISH	4.02726763718	0.154603151639
93375	FISH	0.458776767314	0.0182668802437
7147	FISH	0.773752964426	0.0307106411171
641423	FISH	0.695021779754	0.0276076490804
17617	FISH	1.47493013425	0.0581270378098
8082	FISH	0.528414957954	0.0210249093711
7593	FISH	1.70099368309	0.0668823955196
8137	FISH	1.95895864635	0.0768233382629
8175	FISH	0.909962407006	0.0360672836474
62900	FISH	0.235383471323	0.0093931767015
8184	FISH	0.297179427902	0.0118518508711
16324	FISH	1.69709691756	0.0667318215232
7059	FISH	0.279372262137	0.0111436709411
8908	FISH	0.650169406949	0.0258376881749
638014	FISH	0.295071968082	0.0117680517367
12587	FISH	2.14684443813	0.0840302011085
5541	FISH	3.04454155176	0.118073968766
61670	FISH	1.18846003332	0.0469734264323
637566	FISH	0.415996298419	0.0165706307686
2969	FISH	0.456571703751	0.0181794850618
7047	FISH	0.365633043436	0.0145718467285
98330	FISH	9.34827996716	0.338975063349
61386	FISH	0.373498122654	0.0148841245671
7654	FISH	0.80545273676	0.031958607826
243	FISH	0.54833076751	0.0218129640482
61192	FISH	3.83713435374	0.14759593413
61130	FISH	0.583630131492	0.0232089556075
62580	FISH	1.02347925704	0.0405201663656
12810	FISH	0.642837405997	0.0255482002677
8658	GARLIC	0.83592735287	0.0331575842991
7720	GARLIC	1.82841932842	0.0717995262406
325	GARLIC	1.3596363321	0.0536460089018
521238	GARLIC	2.12849105228	0.0833274524275
8051	GARLIC	1.65063794913	0.0649356757097
62444	GARLIC	11.7651210299	0.415237612057
101604	GARLIC	1.76165355493	0.0692247728983
778574	GARLIC	1.62864602543	0.0640848458666
7820	GARLIC	2.68374780229	0.104468911185
61199	GARLIC	1.71209915758	0.067311452893
31265	GARLIC	1.32845785289	0.0524323940089
8615	GARLIC	2.61410933105	0.101830946204
1551246	GARLIC	3.25422545336	0.125933024814
6584	GARLIC	6.53359667658	0.24426871285
5960	GARLIC	2.99113155762	0.116066515107
61918	GARLIC	1.77897482883	0.0698930925765
8797	GARLIC	0.729429022074	0.0289643342037
31260	GARLIC	3.01721880131	0.117047308335
18554	GARLIC	2.62044977082	0.102071288032
12748	GARLIC	8.56814743041	0.313360637061
11525	GARLIC	1.8870409879	0.0740572700399
8063	GARLIC	3.83213773314	0.147411397483
440967	GARLIC	1.97423354085	0.0774103024044
31234	GARLIC	2.74284335933	0.106704458496
7409	GARLIC	1.71721664375	0.0675091325494
6106	GARLIC	3.3225028216	0.128484502864
8918	GARLIC	2.07095884176	0.0811228054605
10748	GARLIC	2.24343291123	0.0877241199582
62725	GARLIC	4.61728475113	0.176163662656
7122	GARLIC	1.017258582	0.0402764172708
24197	GARLIC	1.19530526126	0.0472407085833
1032	GARLIC	4.03093200768	0.154737915167
11980	GARLIC	1.56492220292	0.0616172955165
11086	GARLIC	1.24036854103	0.0489993359943
7937	GARLIC	1.54533136376	0.0608580349411
7792	GARLIC	1.49437853062	0.0588818743476
13436	GARLIC	6.35532202011	0.238056833613
326	GARLIC	1.15735804931	0.0457585309107
62332	GARLIC	2.7316764658	0.106282236106
13561	GARLIC	2.31200364898	0.09034200161
7361	GARLIC	4.82592670057	0.183721240615
93375	GARLIC	2.41231716283	0.0941649768755
7147	GARLIC	0.703665269133	0.0279485528409
641423	GARLIC	3.11087431952	0.120563957168
17617	GARLIC	0.999455947071	0.0395786730068
8082	GARLIC	4.49136457111	0.17158564056
7593	GARLIC	2.89421807567	0.112418123719
8137	GARLIC	1.53957034475	0.0606347030516
8175	GARLIC	1.93745676847	0.075996775247
62900	GARLIC	0.844861231726	0.0335089330687
8184	GARLIC	1.89814439231	0.0744845948387
16324	GARLIC	2.49559268163	0.0973325141322
7059	GARLIC	1.07163536108	0.0424060535042
8908	GARLIC	1.21636258246	0.0480626881255
638014	GARLIC	2.11338647983	0.0827488982279
12587	GARLIC	2.28471143892	0.0893004950132
5541	GARLIC	2.66498316757	0.10375847259
61670	GARLIC	2.39365012889	0.0934541807799
637566	GARLIC	1.82183584223	0.071545799355
2969	GARLIC	3.13532041395	0.121480722919
7047	GARLIC	3.38344526279	0.130758729773
98330	GARLIC	23.693259174	0.723182154845
61386	GARLIC	3.15739962652	0.1223083161
7654	GARLIC	1.49025440414	0.0587218328899
243	GARLIC	1.79699534365	0.0705881368398
61192	GARLIC	5.97484435508	0.224714268176
61130	GARLIC	1.78860126449	0.0702644127862
62580	GARLIC	1.49270264484	0.0588168413194
12810	GARLIC	1.02023166447	0.0403929175192
8658	SPICES	6.55926126431	0.245160887239
7720	SPICES	5.44732792467	0.206023764379
325	SPICES	10.2825108701	0.369008422886
521238	SPICES	4.42325530027	0.16910413703
8051	SPICES	4.7309283496	0.180284460764
62444	SPICES	10.3123564475	0.369956379701
101604	SPICES	5.64217028585	0.21295317722
778574	SPICES	4.89672371139	0.186277787213
7820	SPICES	6.71446349358	0.25054493174
61199	SPICES	7.54591497915	0.279060266017
31265	SPICES	5.46826817841	0.206769944388
8615	SPICES	4.19484969959	0.160755282383
1551246	SPICES	9.36080384652	0.339382294399
6584	SPICES	6.09165521883	0.228822903431
5960	SPICES	4.35222102356	0.166512109807
61918	SPICES	5.58680947189	0.210987402846
8797	SPICES	7.68824281015	0.283886081403
31260	SPICES	5.14739829541	0.195297648132
18554	SPICES	6.66361784378	0.248783192644
12748	SPICES	12.9048836937	0.44958093849
11525	SPICES	7.28358897634	0.270123291703
8063	SPICES	4.38594331718	0.167743133175
440967	SPICES	9.91465865869	0.35726616382
31234	SPICES	7.42143876952	0.274826449417
7409	SPICES	6.45086066768	0.241388985366
6106	SPICES	4.89530937443	0.186226753429
8918	SPICES	4.96740003352	0.188825976103
10748	SPICES	7.0332362104	0.261542883779
62725	SPICES	6.93017483627	0.257996064146
7122	SPICES	6.21383362805	0.233108653779
24197	SPICES	6.14117470577	0.230561377524
1032	SPICES	6.56991046194	0.245530929086
11980	SPICES	5.11261961661	0.194049232927
11086	SPICES	5.39057002112	0.203999502784
7937	SPICES	3.24178326196	0.125467666991
7792	SPICES	5.67060166152	0.213961777179
13436	SPICES	8.13519942818	0.298935389233
326	SPICES	8.90395516855	0.324446039685
62332	SPICES	5.72951593292	0.216049696187
13561	SPICES	6.68542008239	0.249538866624
7361	SPICES	7.73718805199	0.285541890499
93375	SPICES	9.79373415578	0.353382474746
7147	SPICES	7.09542070885	0.26367883034
641423	SPICES	8.33224230428	0.305519187444
17617	SPICES	5.07393665788	0.192659533032
8082	SPICES	1.92441985646	0.0754954375448
7593	SPICES	4.47857768624	0.171120044213
8137	SPICES	5.84414874734	0.220104320061
8175	SPICES	3.59290329243	0.13855255007
62900	SPICES	5.5033546078	0.208019419536
8184	SPICES	4.33041023995	0.16571542846
16324	SPICES	4.37057960964	0.167182397936
7059	SPICES	6.96742223699	0.259278900428
8908	SPICES	4.34388575208	0.166207692712
638014	SPICES	10.8893146805	0.388141717534
12587	SPICES	2.62693687328	0.102317155997
5541	SPICES	6.85206525921	0.255302291042
61670	SPICES	6.8747155307	0.256083935777
637566	SPICES	9.04444444444	0.329056987654
2969	SPICES	5.65467397254	0.213396823807
7047	SPICES	7.50579865854	0.277697140941
98330	SPICES	9.8473261065	0.355105111681
61386	SPICES	4.68031746032	0.178450549801
7654	SPICES	6.9239177451	0.257780455028
243	SPICES	5.2325046899	0.198348545464
61192	SPICES	5.65305857693	0.213339514567
61130	SPICES	9.62845130756	0.34805522247
62580	SPICES	16.6311845799	0.554608862985
12810	SPICES	5.72460895148	0.215875899
8658	COLD	5.60164984079	0.211514601256
7720	COLD	7.07167808342	0.262863670971
325	COLD	5.37017325953	0.203271426046
521238	COLD	2.58967708017	0.100904512255
8051	COLD	6.59070549984	0.246253260399
62444	COLD	2.06581090708	0.0809254064016
101604	COLD	5.53965365757	0.209311041245
778574	COLD	6.18909233289	0.232241747753
7820	COLD	3.92694639384	0.150909492562
61199	COLD	2.76551307526	0.107561297983
31265	COLD	3.47023659785	0.133992447096
8615	COLD	4.93873370292	0.187792911881
1551246	COLD	4.12710582963	0.158271032174
6584	COLD	4.25004592358	0.162776680802
5960	COLD	2.65716884101	0.103462535141
61918	COLD	2.82150061778	0.109675678417
8797	COLD	5.53101858248	0.209003876675
31260	COLD	6.56581572345	0.245388654492
18554	COLD	5.42368986767	0.205181029995
12748	COLD	1.8775691159	0.0736926583219
11525	COLD	8.21613675818	0.301643509036
8063	COLD	2.99411326654	0.11617864496
440967	COLD	14.6153964197	0.499171931786
31234	COLD	4.66581686034	0.177924735624
7409	COLD	5.046973395	0.19169015962
6106	COLD	4.11692737183	0.157897458479
8918	COLD	4.45304853673	0.170190084961
10748	COLD	2.80313146921	0.108982240355
62725	COLD	3.18942376832	0.123507981143
7122	COLD	6.72193027211	0.250803472251
24197	COLD	5.0739986963	0.192661762744
1032	COLD	4.021693373	0.154398127885
11980	COLD	4.10461249385	0.157445362264
11086	COLD	6.40178309133	0.239678192954
7937	COLD	6.26779373473	0.234997654069
7792	COLD	5.31247413343	0.20121001277
13436	COLD	2.40098710538	0.0937335885831
326	COLD	4.21037211593	0.161323991296
62332	COLD	6.48039954205	0.242417750392
13561	COLD	4.94167020335	0.187898766375
7361	COLD	2.78079296381	0.108138594749
93375	COLD	4.9213207892	0.187165072244
7147	COLD	6.36311045927	0.238328748484
641423	COLD	4.74877951625	0.180930817892
17617	COLD	5.24484731909	0.198790523404
8082	COLD	9.26523026315	0.336271413794
7593	COLD	5.40580262301	0.204543024121
8137	COLD	3.89284724284	0.149652185851
8175	COLD	7.14954915595	0.265535544985
62900	COLD	5.62760602155	0.212436261049
8184	COLD	7.3597737729	0.272724442921
16324	COLD	3.21304647605	0.124392391979
7059	COLD	7.31280540896	0.271121367179
8908	COLD	3.6094017071	0.139164956011
638014	COLD	5.44638508699	0.205990159273
12587	COLD	2.18965493611	0.0856683619487
5541	COLD	4.25932523426	0.16311626879
61670	COLD	3.86845667755	0.148752284275
637566	COLD	5.18463829822	0.196633342215
2969	COLD	4.20541811847	0.161142508118
7047	COLD	6.42981922839	0.240655739012
98330	COLD	3.58895747124	0.138406052557
61386	COLD	8.50728445989	0.311341822843
7654	COLD	2.10569781789	0.0824543273956
243	COLD	5.57564533744	0.210590685126
61192	COLD	1.43143569477	0.0564378245314
61130	COLD	3.99369282673	0.153367880111
62580	COLD	5.4872196621	0.207444954636
12810	COLD	5.97409532125	0.224687886887
8658	SOUR	4.86424037684	0.185105281296
7720	SOUR	8.59095334285	0.314116341978
325	SOUR	5.72149285471	0.215765521994
521238	SOUR	6.92890895373	0.257952446434
8051	SOUR	8.73480230181	0.318873383572
62444	SOUR	12.7431164003	0.444769849774
101604	SOUR	3.77607982882	0.145339681604
778574	SOUR	8.48655784363	0.310653648132
7820	SOUR	15.8387967636	0.533204877378
61199	SOUR	5.63887139962	0.21283610772
31265	SOUR	7.6469208	0.282486672911
8615	SOUR	8.16027018917	0.299774803743
1551246	SOUR	13.5660625705	0.469027281354
6584	SOUR	16.1887472888	0.542719676039
5960	SOUR	11.8276791358	0.417149567935
61918	SOUR	7.33825391743	0.271990168475
8797	SOUR	6.92908924296	0.257958658624
31260	SOUR	12.3944077662	0.434327773097
18554	SOUR	7.90826217522	0.291314242756
12748	SOUR	11.2375782762	0.398989864842
11525	SOUR	4.87249496229	0.185403315628
8063	SOUR	13.575058754	0.46928946209
440967	SOUR	6.79803241486	0.253435998709
31234	SOUR	8.55827035614	0.31303321765
7409	SOUR	6.11072807561	0.229492723979
6106	SOUR	7.5694261825	0.279858562207
8918	SOUR	6.05360878526	0.227485879681
10748	SOUR	3.08294996034	0.11951616623
62725	SOUR	14.8590463487	0.50604535059
7122	SOUR	3.58590692489	0.138292785606
24197	SOUR	7.95622041508	0.292928239286
1032	SOUR	23.5074263038	0.719257415582
11980	SOUR	12.5407313337	0.438721276394
11086	SOUR	6.30335282678	0.236241210328
7937	SOUR	7.17062111697	0.266257721798
7792	SOUR	8.35713793883	0.306348815742
13436	SOUR	11.7246163053	0.413998001208
326	SOUR	3.68838747167	0.14209381801
62332	SOUR	6.5802443779	0.245889928687
13561	SOUR	11.2158405972	0.398315591768
7361	SOUR	5.65177989803	0.213294149515
93375	SOUR	5.80283744845	0.218644328957
7147	SOUR	5.31190236597	0.201189571941
641423	SOUR	7.84343039402	0.289129455622
17617	SOUR	9.94908142246	0.358369568438
8082	SOUR	6.99192062603	0.260122043425
7593	SOUR	9.19024611496	0.333825595137
8137	SOUR	10.6581980902	0.380889048996
8175	SOUR	9.44148532875	0.342002755065
62900	SOUR	6.28888371119	0.235735325115
8184	SOUR	6.45182766874	0.241422674643
16324	SOUR	9.15616268802	0.332712381453
7059	SOUR	6.98463574515	0.259871375209
8908	SOUR	5.68933508905	0.21462599006
638014	SOUR	4.94710362228	0.188094611191
12587	SOUR	18.3512843375	0.599343518765
5541	SOUR	9.60899866402	0.347426804431
61670	SOUR	4.03597205135	0.154923253894
637566	SOUR	5.52210433114	0.208686718748
2969	SOUR	13.4419168828	0.465402623518
7047	SOUR	8.39970296565	0.307766114662
98330	SOUR	14.2736394558	0.489450864906
61386	SOUR	7.23331478768	0.26840425438
7654	SOUR	5.99330254187	0.225364231531
243	SOUR	7.96556055101	0.293242360084
61192	SOUR	8.66121625612	0.316441983431
61130	SOUR	6.74432065304	0.251578481693
62580	SOUR	7.51758170272	0.278097654246
12810	SOUR	6.03968828297	0.226996397497
8658	BURNT	4.46425267967	0.170598286392
7720	BURNT	3.6111651988	0.139230402315
325	BURNT	6.89205562438	0.256682052683
521238	BURNT	3.41648765178	0.131990550921
8051	BURNT	1.89157055875	0.0742316066786
62444	BURNT	6.35646542999	0.238096756095
101604	BURNT	2.82401161514	0.109770447964
778574	BURNT	5.83466418014	0.219769244768
7820	BURNT	3.29914305395	0.127611984202
61199	BURNT	5.91058556939	0.222449414066
31265	BURNT	1.66342896157	0.0654303600986
8615	BURNT	3.03068585142	0.117553411365
1551246	BURNT	4.33905118091	0.166031101176
6584	BURNT	6.03044827321	0.226671408378
5960	BURNT	4.01445464853	0.154131847491
61918	BURNT	15.3717971854	0.520355027931
8797	BURNT	7.64880095291	0.28255037571
31260	BURNT	3.67596909434	0.141633664261
18554	BURNT	4.39768853463	0.168171675606
12748	BURNT	9.74198808257	0.351716990582
11525	BURNT	4.81068501045	0.18317032431
8063	BURNT	5.29596128345	0.200619568972
440967	BURNT	3.10619709599	0.12038849968
31234	BURNT	5.0608912335	0.192190601309
7409	BURNT	10.9870323129	0.391195340899
6106	BURNT	3.73153192409	0.143691544763
8918	BURNT	2.16237369537	0.0846246038155
10748	BURNT	2.91108690912	0.113053705568
62725	BURNT	31.2739795918	0.859734463869
7122	BURNT	2.17382266269	0.0850627045201
24197	BURNT	3.77196926216	0.145187669641
1032	BURNT	5.04653538261	0.191674407557
11980	BURNT	4.00977459825	0.153959666998
11086	BURNT	6.39500043421	0.239441605147
7937	BURNT	6.89058027363	0.256631172342
7792	BURNT	3.85594702616	0.148290550059
13436	BURNT	16.4947149741	0.550958350133
326	BURNT	4.06742187729	0.1560793068
62332	BURNT	3.3093458372	0.12799312554
13561	BURNT	3.62901690108	0.139892770576
7361	BURNT	3.50583008638	0.135316865617
93375	BURNT	2.66002312458	0.103570635774
7147	BURNT	4.25678888518	0.163023454762
641423	BURNT	2.90879602545	0.112967403291
17617	BURNT	2.57964913014	0.100524129352
8082	BURNT	3.77346959615	0.145243154729
7593	BURNT	3.7915366053	0.14591116428
8137	BURNT	3.85637537463	0.148306362573
8175	BURNT	5.02008422764	0.190722870845
62900	BURNT	5.78644465232	0.218064609407
8184	BURNT	5.96073641518	0.224217305163
16324	BURNT	2.70122724538	0.105130438363
7059	BURNT	9.10989755552	0.331199808832
8908	BURNT	3.21747267528	0.124558054845
638014	BURNT	1.9030048764	0.0746716240321
12587	BURNT	5.66978846584	0.213932938135
5541	BURNT	4.99329010082	0.18975842562
61670	BURNT	11.9344612133	0.42040590275
637566	BURNT	4.86013444806	0.184957015181
2969	BURNT	6.24739465294	0.234283810138
7047	BURNT	7.80966926383	0.287990396949
98330	BURNT	8.2442250723	0.302582104075
61386	BURNT	4.87095396525	0.185347681597
7654	BURNT	2.34242702544	0.09150229527
243	BURNT	4.56000028691	0.17408257043
61192	BURNT	11.8350659799	0.417375124496
61130	BURNT	2.84020025037	0.11038131503
62580	BURNT	3.45972471602	0.133601110597
12810	BURNT	3.99814610027	0.153531775115
8658	ACID	5.21748109868	0.197810400341
7720	ACID	12.3797435005	0.433886520365
325	ACID	10.2130245229	0.366798632955
521238	ACID	6.19115284068	0.232313964229
8051	ACID	9.0626237698	0.329652490955
62444	ACID	7.66829194093	0.283210597121
101604	ACID	8.44641881595	0.309319956312
778574	ACID	6.53023298359	0.244151742216
7820	ACID	6.05352481953	0.227482927685
61199	ACID	6.43202525691	0.240732630714
31265	ACID	2.76318465509	0.107473310428
8615	ACID	6.49815768247	0.243035885992
1551246	ACID	5.32572212486	0.201683558534
6584	ACID	7.53751560308	0.278774967536
5960	ACID	5.50990973803	0.208252747393
61918	ACID	6.59503432967	0.246403582063
8797	ACID	7.08666094758	0.263378132549
31260	ACID	7.8565473438	0.289571759286
18554	ACID	6.91994098893	0.257643406241
12748	ACID	6.93433247165	0.258139312135
11525	ACID	12.3432439078	0.432787488246
8063	ACID	9.10780730617	0.331131430676
440967	ACID	9.06090656219	0.329596251396
31234	ACID	5.04372555054	0.19157335505
7409	ACID	8.7928095731	0.320786982848
6106	ACID	6.915326007	0.257484346767
8918	ACID	6.38460261003	0.239078844206
10748	ACID	2.64257158935	0.102909589732
62725	ACID	11.606533006	0.410376676872
7122	ACID	5.01827048736	0.190657604021
24197	ACID	3.28280450762	0.127001458131
1032	ACID	4.0645931822	0.155975360193
11980	ACID	7.8404464561	0.289028817992
11086	ACID	8.43861379248	0.309060470604
7937	ACID	7.64441450597	0.282401750983
7792	ACID	8.98584178408	0.327135530336
13436	ACID	6.43187924645	0.240727541602
326	ACID	7.76733250772	0.286560718595
62332	ACID	5.03294485793	0.19118558074
13561	ACID	7.82053865917	0.288357216399
7361	ACID	4.13475245121	0.158551626915
93375	ACID	12.7537428902	0.445086532525
7147	ACID	8.17628838319	0.300310858637
641423	ACID	4.75428333239	0.181130049294
17617	ACID	4.97022860326	0.188927875183
8082	ACID	6.7233155657	0.25085143375
7593	ACID	6.51094213389	0.243480738367
8137	ACID	3.92242581383	0.150742862847
8175	ACID	8.19384876359	0.300898287519
62900	ACID	5.50666391992	0.208137217786
8184	ACID	9.96099693746	0.358751293503
16324	ACID	3.05017200964	0.11828546067
7059	ACID	5.57734390271	0.210651050105
8908	ACID	8.06906981591	0.296718837559
638014	ACID	5.07745189538	0.192785868715
12587	ACID	8.28332017752	0.303887449835
5541	ACID	3.42576843898	0.1323363818
61670	ACID	5.56211648166	0.210109803364
637566	ACID	7.49555725623	0.277348938817
2969	ACID	9.84532266309	0.355040755187
7047	ACID	7.6038755225	0.281027451715
98330	ACID	6.62944875776	0.247598113978
61386	ACID	4.82806659791	0.183798573087
7654	ACID	5.8316209939	0.219661718389
243	ACID	6.42987360485	0.240657634364
61192	ACID	3.95791846707	0.152050691246
61130	ACID	7.80419758813	0.287805703527
62580	ACID	5.27758943076	0.19996239715
12810	ACID	4.61997021628	0.176261158732
8658	WARM	6.04076250767	0.227034175637
7720	WARM	5.07077210994	0.192545792481
325	WARM	6.77044657662	0.252482284326
521238	WARM	5.25936114608	0.199310093977
8051	WARM	4.80878706336	0.183101709326
62444	WARM	5.73470945177	0.216233621072
101604	WARM	5.77717750841	0.217736788351
778574	WARM	6.6245237807	0.2474272251
7820	WARM	5.14782911589	0.195313106793
61199	WARM	6.75108421808	0.251812513475
31265	WARM	4.66589868893	0.177927703327
8615	WARM	6.93231962766	0.258069962938
1551246	WARM	6.15564498341	0.231069013272
6584	WARM	5.13984199308	0.195026489438
5960	WARM	6.74976979197	0.251767034781
61918	WARM	6.36453083357	0.23837833225
8797	WARM	5.38103110166	0.20365904578
31260	WARM	5.17044901454	0.196124543377
18554	WARM	5.90603720921	0.222288978162
12748	WARM	10.6658789832	0.381130769533
11525	WARM	6.8505263999	0.255249171214
8063	WARM	4.54981283864	0.173712194799
440967	WARM	7.14881810158	0.265510483963
31234	WARM	6.79339771512	0.253275807598
7409	WARM	6.39559074293	0.239462197337
6106	WARM	7.175285763	0.266417540208
8918	WARM	3.54883740547	0.136915797447
10748	WARM	7.17263659145	0.266326777389
62725	WARM	6.1629122752	0.231323895923
7122	WARM	8.30018867518	0.30445029419
24197	WARM	5.30117047954	0.2008058558
1032	WARM	6.40511592912	0.239794433139
11980	WARM	4.74860669121	0.180924561445
11086	WARM	6.29645018175	0.235999893314
7937	WARM	5.47636882171	0.20705850668
7792	WARM	5.13871469566	0.194986032337
13436	WARM	7.53360085383	0.278641977423
326	WARM	4.7900556169	0.182424371551
62332	WARM	5.01348478482	0.190485379518
13561	WARM	5.04225868226	0.191520598243
7361	WARM	6.36899028985	0.238533996669
93375	WARM	9.16888104293	0.333127889885
7147	WARM	6.81598272241	0.254056260708
641423	WARM	7.26819325852	0.269597077044
17617	WARM	6.85792400964	0.255504511697
8082	WARM	5.28392271772	0.200188972994
7593	WARM	5.2797411155	0.200039378121
8137	WARM	5.37885363827	0.203581318946
8175	WARM	4.98891847196	0.189601015871
62900	WARM	5.71878551782	0.215669617593
8184	WARM	5.05718141638	0.192057223104
16324	WARM	4.84401481218	0.184374800687
7059	WARM	7.63998551365	0.282251669087
8908	WARM	4.13196991244	0.158449526355
638014	WARM	5.71455779258	0.215519843397
12587	WARM	5.36181017466	0.202972803647
5541	WARM	5.85272222292	0.220407145949
61670	WARM	9.41537429628	0.341155262596
637566	WARM	3.81386500238	0.146736373593
2969	WARM	5.49202961149	0.207616228758
7047	WARM	5.79203610053	0.218262371145
98330	WARM	6.01999194603	0.226303556629
61386	WARM	9.30235827664	0.337480783263
7654	WARM	3.89205675211	0.14962302778
243	WARM	5.54457193262	0.209485966138
61192	WARM	6.22832830314	0.233616302745
61130	WARM	6.23816089567	0.233960575283
62580	WARM	7.77436415676	0.286798271054
12810	WARM	4.97065873119	0.188943369959
8658	MUSKY	5.27521581432	0.199877471818
7720	MUSKY	5.46619454545	0.206696068694
325	MUSKY	7.41413096243	0.274577503326
521238	MUSKY	4.06775109313	0.156091404143
8051	MUSKY	2.14897184766	0.0841116419057
62444	MUSKY	10.2957722017	0.369429717975
101604	MUSKY	5.81547250462	0.219091012004
778574	MUSKY	12.591738692	0.440248794365
7820	MUSKY	5.91629733908	0.222650863882
61199	MUSKY	9.48516654003	0.343419307884
31265	MUSKY	3.70386755497	0.142667248253
8615	MUSKY	8.76239336586	0.319783919635
1551246	MUSKY	11.6892114763	0.412913393078
6584	MUSKY	8.63801054017	0.31567433117
5960	MUSKY	8.72479791431	0.318543077114
61918	MUSKY	11.8319372869	0.417279595493
8797	MUSKY	9.26989390797	0.336423383093
31260	MUSKY	12.7944241821	0.446298051225
18554	MUSKY	10.5357513408	0.377029231105
12748	MUSKY	10.9487802813	0.390000895392
11525	MUSKY	4.77257674371	0.181792074239
8063	MUSKY	9.20248355467	0.334225060757
440967	MUSKY	6.16273122552	0.231317546558
31234	MUSKY	10.165189927	0.365275162579
7409	MUSKY	6.86650804386	0.255800748668
6106	MUSKY	14.1232004831	0.485142102569
8918	MUSKY	5.51186406312	0.208322304344
10748	MUSKY	7.76807710914	0.286585875576
62725	MUSKY	13.1935318693	0.458113561497
7122	MUSKY	8.08039145805	0.297098567876
24197	MUSKY	4.54670687997	0.173599257818
1032	MUSKY	24.0440334467	0.730515120114
11980	MUSKY	8.88958190263	0.323973409544
11086	MUSKY	9.75911623135	0.352268509407
7937	MUSKY	9.36582058622	0.339545385348
7792	MUSKY	6.04561246501	0.22720472657
13436	MUSKY	11.5631152077	0.409042354986
326	MUSKY	6.62020594199	0.247277386994
62332	MUSKY	8.97365894403	0.326735735824
13561	MUSKY	7.07881341084	0.263108696711
7361	MUSKY	8.75094307042	0.319406120968
93375	MUSKY	5.06914979751	0.192487480033
7147	MUSKY	4.48564410459	0.17137736297
641423	MUSKY	10.7307122281	0.383169215155
17617	MUSKY	7.27913918483	0.269971220484
8082	MUSKY	3.9339916788	0.15116915094
7593	MUSKY	9.72965919651	0.351319860628
8137	MUSKY	8.36988129233	0.306773286554
8175	MUSKY	10.6722047337	0.381329807797
62900	MUSKY	4.08243325726	0.15663082577
8184	MUSKY	7.19993009256	0.267261606367
16324	MUSKY	4.53505918606	0.173175662714
7059	MUSKY	10.9208324464	0.389127465326
8908	MUSKY	2.97668301468	0.115523063879
638014	MUSKY	5.98995592096	0.225246408064
12587	MUSKY	18.7449315233	0.609248277807
5541	MUSKY	7.34926615339	0.272365960938
61670	MUSKY	10.6109022814	0.379399592367
637566	MUSKY	7.20159301982	0.267318543984
2969	MUSKY	14.6645120626	0.500561316891
7047	MUSKY	11.4158635439	0.404505765576
98330	MUSKY	9.23728468059	0.335360415915
61386	MUSKY	8.56511165352	0.313260011086
7654	MUSKY	5.54355037157	0.209449634574
243	MUSKY	8.66416882934	0.316539624572
61192	MUSKY	6.62792045869	0.247545086505
61130	MUSKY	5.33415641082	0.201984966587
62580	MUSKY	4.87285562545	0.18541633624
12810	MUSKY	5.09735236111	0.193500894007
8658	SWEATY	1.65997539282	0.0652968083907
7720	SWEATY	2.2893687652	0.0894782668708
325	SWEATY	4.5077277691	0.172181266908
521238	SWEATY	1.55596122756	0.0612700429655
8051	SWEATY	3.09940710656	0.120133754498
62444	SWEATY	6.66517898073	0.248837314891
101604	SWEATY	4.08903498913	0.156873316708
778574	SWEATY	4.62389596121	0.176403672904
7820	SWEATY	5.37093290677	0.203298548155
61199	SWEATY	2.38869151446	0.093265321718
31265	SWEATY	3.83193979584	0.147404086794
8615	SWEATY	3.70682631934	0.142776828229
1551246	SWEATY	3.33960370463	0.129122967024
6584	SWEATY	5.52395566556	0.208752592144
5960	SWEATY	8.15739988168	0.299678726135
61918	SWEATY	3.49205466258	0.134804408197
8797	SWEATY	1.74171188649	0.0684550513414
31260	SWEATY	10.8400497916	0.386599319871
18554	SWEATY	7.69548158009	0.284131088504
12748	SWEATY	5.65808971081	0.213517996762
11525	SWEATY	2.81255510935	0.109338017877
8063	SWEATY	9.08512967625	0.330389354556
440967	SWEATY	1.77329357766	0.0696739150614
31234	SWEATY	6.2986523722	0.236076886206
7409	SWEATY	2.68198023224	0.104402002103
6106	SWEATY	10.4457570208	0.374184744936
8918	SWEATY	2.12312618265	0.083121981391
10748	SWEATY	0.928379326747	0.0367904178002
62725	SWEATY	5.80173270459	0.218605267234
7122	SWEATY	2.11384675207	0.0827665308462
24197	SWEATY	1.42443776329	0.0561659013549
1032	SWEATY	14.1575594879	0.486127783254
11980	SWEATY	2.75387449717	0.107121449989
11086	SWEATY	3.31810441386	0.128320249794
7937	SWEATY	3.87171175806	0.148872409547
7792	SWEATY	1.98601175754	0.0778627732212
13436	SWEATY	4.94446278512	0.187999426511
326	SWEATY	2.52111514478	0.098302197162
62332	SWEATY	2.04663377944	0.0801898672469
13561	SWEATY	5.85774155319	0.220584407686
7361	SWEATY	3.45973584413	0.133601524921
93375	SWEATY	4.32507553553	0.165520510066
7147	SWEATY	2.50663410877	0.0977520785289
641423	SWEATY	5.54203843184	0.209395861282
17617	SWEATY	3.12821018157	0.121214127687
8082	SWEATY	6.6537211189	0.248440042865
7593	SWEATY	4.56850784748	0.174391808318
8137	SWEATY	3.11381928756	0.12067442328
8175	SWEATY	5.79043943516	0.218205901865
62900	SWEATY	1.88424097113	0.0739494932304
8184	SWEATY	5.29526902907	0.200594811527
16324	SWEATY	2.67732979886	0.104225954013
7059	SWEATY	1.57928561804	0.0621737674961
8908	SWEATY	2.78334819093	0.108235116777
638014	SWEATY	0.314728461134	0.0125495168437
12587	SWEATY	12.2749913857	0.430729490019
5541	SWEATY	3.98841820056	0.153173736125
61670	SWEATY	3.76240859742	0.144834056515
637566	SWEATY	1.35916839867	0.0536278004524
2969	SWEATY	7.542759242	0.278953082887
7047	SWEATY	4.06066216809	0.155830895826
98330	SWEATY	6.56888757219	0.245495389313
61386	SWEATY	3.88720509427	0.149444058393
7654	SWEATY	1.98275769227	0.0777377764644
243	SWEATY	4.43061030328	0.169372289067
61192	SWEATY	4.64675147674	0.177233139355
61130	SWEATY	2.38590197245	0.0931590676091
62580	SWEATY	1.47082663235	0.057967732901
12810	SWEATY	1.43916087736	0.056737961482
8658	AMMONIA/URINOUS	5.39123611658	0.204023273917
7720	AMMONIA/URINOUS	6.98785130572	0.259982025881
325	AMMONIA/URINOUS	7.43863731813	0.275412162665
521238	AMMONIA/URINOUS	2.82009866514	0.109622764013
8051	AMMONIA/URINOUS	5.68005387199	0.214296950084
62444	AMMONIA/URINOUS	11.3364170668	0.402050941908
101604	AMMONIA/URINOUS	5.38284968208	0.203723959003
778574	AMMONIA/URINOUS	3.19992539897	0.123901206935
7820	AMMONIA/URINOUS	3.13700352781	0.121543824659
61199	AMMONIA/URINOUS	4.22833315646	0.161981805746
31265	AMMONIA/URINOUS	1.05778373729	0.0418637869175
8615	AMMONIA/URINOUS	7.26470628792	0.269477868537
1551246	AMMONIA/URINOUS	6.18892537674	0.232235896142
6584	AMMONIA/URINOUS	4.66816014993	0.178009718323
5960	AMMONIA/URINOUS	3.9682973335	0.152432939849
61918	AMMONIA/URINOUS	4.1348963121	0.158556905479
8797	AMMONIA/URINOUS	5.22893923024	0.19822084702
31260	AMMONIA/URINOUS	7.76178423956	0.28637325175
18554	AMMONIA/URINOUS	6.20082134141	0.232652779533
12748	AMMONIA/URINOUS	6.45456321683	0.241517974145
11525	AMMONIA/URINOUS	8.99069801642	0.327294860328
8063	AMMONIA/URINOUS	8.81192950839	0.321417139671
440967	AMMONIA/URINOUS	5.85078857445	0.220338852201
31234	AMMONIA/URINOUS	5.19092431436	0.19685869448
7409	AMMONIA/URINOUS	9.66225622534	0.349146570868
6106	AMMONIA/URINOUS	5.57845471559	0.210690525818
8918	AMMONIA/URINOUS	4.08755228604	0.156818857965
10748	AMMONIA/URINOUS	2.64961125084	0.103176274121
62725	AMMONIA/URINOUS	8.26176523963	0.303167903635
7122	AMMONIA/URINOUS	7.60075143533	0.280921488461
24197	AMMONIA/URINOUS	2.7355113578	0.106427245356
1032	AMMONIA/URINOUS	3.70431079961	0.142683664584
11980	AMMONIA/URINOUS	4.54085909124	0.173386603135
11086	AMMONIA/URINOUS	7.77808112607	0.286923826641
7937	AMMONIA/URINOUS	4.8668861112	0.18520081228
7792	AMMONIA/URINOUS	5.26700223172	0.199583564265
13436	AMMONIA/URINOUS	7.64496830826	0.282420516157
326	AMMONIA/URINOUS	8.37477956838	0.306936409608
62332	AMMONIA/URINOUS	5.74707492022	0.216671448753
13561	AMMONIA/URINOUS	6.46032128993	0.241718551129
7361	AMMONIA/URINOUS	5.34492082188	0.202369561438
93375	AMMONIA/URINOUS	6.27766225323	0.235342872783
7147	AMMONIA/URINOUS	8.09450976043	0.297571955112
641423	AMMONIA/URINOUS	3.66088509253	0.141074571837
17617	AMMONIA/URINOUS	7.06292225168	0.262562941774
8082	AMMONIA/URINOUS	9.65889908044	0.349038230639
7593	AMMONIA/URINOUS	6.95515655105	0.258856580982
8137	AMMONIA/URINOUS	3.48716449577	0.134622453343
8175	AMMONIA/URINOUS	7.78878274258	0.287285255059
62900	AMMONIA/URINOUS	5.2647113722	0.199501580555
8184	AMMONIA/URINOUS	9.45428664257	0.342418051335
16324	AMMONIA/URINOUS	2.4418012923	0.0952870942714
7059	AMMONIA/URINOUS	4.93427450025	0.187632154072
8908	AMMONIA/URINOUS	3.8015812721	0.146282442817
638014	AMMONIA/URINOUS	2.73823568917	0.106530253691
12587	AMMONIA/URINOUS	4.78701447153	0.182314375841
5541	AMMONIA/URINOUS	2.57606359586	0.100388102375
61670	AMMONIA/URINOUS	4.86479754894	0.185125399881
637566	AMMONIA/URINOUS	3.14157349897	0.121715146339
2969	AMMONIA/URINOUS	10.36151438	0.3715161831
7047	AMMONIA/URINOUS	5.1111965308	0.193998129241
98330	AMMONIA/URINOUS	7.84670795748	0.289239987991
61386	AMMONIA/URINOUS	2.92788129745	0.113686256341
7654	AMMONIA/URINOUS	3.36011217041	0.129888345297
243	AMMONIA/URINOUS	6.08377164001	0.228545954653
61192	AMMONIA/URINOUS	4.52864421503	0.172942321231
61130	AMMONIA/URINOUS	6.42835954019	0.240604859056
62580	AMMONIA/URINOUS	2.58598975772	0.100764653098
12810	AMMONIA/URINOUS	1.75244086231	0.0688692149019
8658	DECAYED	2.28985967781	0.0894970041747
7720	DECAYED	4.31968829397	0.165323648976
325	DECAYED	2.71430979137	0.105625400598
521238	DECAYED	3.08120912481	0.119450825124
8051	DECAYED	6.21005328628	0.232976226724
62444	DECAYED	14.6393858373	0.499850786415
101604	DECAYED	4.16284629134	0.159582135956
778574	DECAYED	6.22785122774	0.233599596744
7820	DECAYED	5.75121354237	0.216817958811
61199	DECAYED	5.3579092526	0.20283349348
31265	DECAYED	4.58241025152	0.174897016575
8615	DECAYED	3.62458279557	0.139728271646
1551246	DECAYED	4.99026684016	0.189649568352
6584	DECAYED	4.32316926057	0.165450853441
5960	DECAYED	3.05179214739	0.118346311771
61918	DECAYED	8.53702462052	0.312328669072
8797	DECAYED	1.84889519443	0.0725884424012
31260	DECAYED	4.54922035797	0.173690651973
18554	DECAYED	4.85097798979	0.184626324609
12748	DECAYED	8.32137969633	0.305157043833
11525	DECAYED	3.68817297157	0.142085870916
8063	DECAYED	14.1540167067	0.486026192694
440967	DECAYED	2.0852711945	0.0816715053981
31234	DECAYED	6.22198382456	0.233394119897
7409	DECAYED	3.65760444981	0.140952949868
6106	DECAYED	2.14277085856	0.0838742475615
8918	DECAYED	2.93747746596	0.114047589093
10748	DECAYED	2.47794228568	0.0966616122386
62725	DECAYED	7.11387041634	0.264311955733
7122	DECAYED	2.24413527254	0.087750953653
24197	DECAYED	2.34869093267	0.0917410976679
1032	DECAYED	10.0949708475	0.363035459336
11980	DECAYED	7.62246623286	0.281657852726
11086	DECAYED	2.14786976675	0.0840694528562
7937	DECAYED	4.02743534093	0.154609319467
7792	DECAYED	4.61546588316	0.176097625199
13436	DECAYED	12.2294557823	0.4293543958
326	DECAYED	2.25058216313	0.0879972384958
62332	DECAYED	2.04147319143	0.0799918825405
13561	DECAYED	4.92304765183	0.1872273468
7361	DECAYED	4.94947676761	0.188180142595
93375	DECAYED	5.06875656577	0.192473345382
7147	DECAYED	3.3068089325	0.127898363174
641423	DECAYED	3.5468677447	0.136842601469
17617	DECAYED	4.0380109207	0.15499822395
8082	DECAYED	4.78020833333	0.182068176649
7593	DECAYED	4.04985174505	0.155433550139
8137	DECAYED	5.97846694013	0.224841850824
8175	DECAYED	3.5245717357	0.13601382706
62900	DECAYED	1.59838126371	0.0629133214826
8184	DECAYED	2.37074468085	0.0925816150974
16324	DECAYED	3.05343553589	0.118408034007
7059	DECAYED	3.21963223568	0.124638876734
8908	DECAYED	3.09163774402	0.119842220185
638014	DECAYED	5.21050850672	0.197560580709
12587	DECAYED	17.0746816675	0.566369365083
5541	DECAYED	2.84466486964	0.110549747498
61670	DECAYED	5.05923596977	0.192131091352
637566	DECAYED	3.3113686624	0.128068681528
2969	DECAYED	4.46458839312	0.170610515917
7047	DECAYED	3.97781694644	0.152783466794
98330	DECAYED	15.5399216895	0.525001201134
61386	DECAYED	2.62640995335	0.102297186437
7654	DECAYED	2.61163082048	0.101736986602
243	DECAYED	4.3714912767	0.167215676675
61192	DECAYED	7.86666713128	0.289912904549
61130	DECAYED	1.42152699747	0.0560527842971
62580	DECAYED	2.14913964242	0.0841180652158
12810	DECAYED	2.54279297536	0.0991254005684
8658	WOOD	4.10646122811	0.157513239597
7720	WOOD	2.81686102019	0.109500558405
325	WOOD	2.90329737855	0.112760240875
521238	WOOD	3.21140196067	0.124330837405
8051	WOOD	1.65810692279	0.0652245494848
62444	WOOD	1.58077314876	0.0622313884513
101604	WOOD	6.61832330272	0.247212050773
778574	WOOD	2.83878720447	0.110328003062
7820	WOOD	2.31176489293	0.0903328929489
61199	WOOD	4.16279762342	0.159580351315
31265	WOOD	0.370598644785	0.0147690084492
8615	WOOD	4.88112736681	0.185714932924
1551246	WOOD	5.34896657728	0.202514085713
6584	WOOD	3.70708333333	0.142786346597
5960	WOOD	5.18798599	0.196753360147
61918	WOOD	11.0269332103	0.392440026004
8797	WOOD	4.049692299	0.155427688873
31260	WOOD	1.47027749308	0.0579464133604
18554	WOOD	3.35491658588	0.129694477316
12748	WOOD	4.88402868239	0.185819652828
11525	WOOD	3.16307283122	0.122520901355
8063	WOOD	3.17208239069	0.12285845295
440967	WOOD	3.7223730583	0.143352497858
31234	WOOD	3.14777803584	0.121947718809
7409	WOOD	1.80065273311	0.0707291692184
6106	WOOD	2.64636912156	0.103053457051
8918	WOOD	2.29249069246	0.0895974222684
10748	WOOD	1.74558365899	0.0686045214356
62725	WOOD	3.65960936557	0.141027278339
7122	WOOD	2.52678142759	0.0985174073504
24197	WOOD	2.75941231591	0.107330750105
1032	WOOD	2.66394607843	0.103719199654
11980	WOOD	1.41053830993	0.0556256850676
11086	WOOD	2.28798411975	0.0894254162572
7937	WOOD	3.96598181265	0.152347667811
7792	WOOD	3.01043351004	0.116792256434
13436	WOOD	4.91740955473	0.187024015498
326	WOOD	3.93442354561	0.15118506637
62332	WOOD	3.17300481168	0.122893008653
13561	WOOD	4.35017896859	0.16643753592
7361	WOOD	4.85043687765	0.184606779944
93375	WOOD	4.37093626384	0.167195417024
7147	WOOD	2.88064604015	0.111906592963
641423	WOOD	3.6788360202	0.141739907023
17617	WOOD	1.63415605901	0.0642980559502
8082	WOOD	0.251511363636	0.010035151359
7593	WOOD	3.59789146946	0.138737729568
8137	WOOD	3.09768007235	0.120068954162
8175	WOOD	3.44396164497	0.133014117074
62900	WOOD	2.54402271617	0.0991720880145
8184	WOOD	4.93414458247	0.187627470195
16324	WOOD	0.790761171401	0.0313803255639
7059	WOOD	7.04442953906	0.26192758655
8908	WOOD	1.44647162707	0.0570219530156
638014	WOOD	4.58925647499	0.175145749002
12587	WOOD	1.43343529801	0.056515517219
5541	WOOD	4.18682319725	0.160461132496
61670	WOOD	6.5776143216	0.245798568799
637566	WOOD	3.59916828114	0.138785126319
2969	WOOD	3.07465168096	0.119204674055
7047	WOOD	1.63181768157	0.0642075756846
98330	WOOD	2.56347147129	0.0999103044578
61386	WOOD	5.42180399432	0.205113776352
7654	WOOD	2.2684647718	0.0886802179036
243	WOOD	3.38682709975	0.130884844868
61192	WOOD	4.2271319846	0.161937821458
61130	WOOD	3.74034545932	0.144017744711
62580	WOOD	2.9474236261	0.114422022631
12810	WOOD	2.55863162268	0.0997266265951
8658	GRASS	4.85730496454	0.184854833974
7720	GRASS	5.32881252501	0.20179400383
325	GRASS	2.09703917182	0.0821225375577
521238	GRASS	2.6589026659	0.103528201281
8051	GRASS	1.1454812998	0.0452944010289
62444	GRASS	0.553205935289	0.0220058226888
101604	GRASS	5.15132554361	0.195438559802
778574	GRASS	0.876630082266	0.0347578111702
7820	GRASS	4.71487767236	0.179703078308
61199	GRASS	2.49768584059	0.0974120598005
31265	GRASS	1.44240079451	0.0568638237595
8615	GRASS	3.04032535847	0.117915583025
1551246	GRASS	2.98875965314	0.11597731242
6584	GRASS	2.67761585663	0.104236783595
5960	GRASS	5.86527733508	0.220850502116
61918	GRASS	3.51081888568	0.135502415728
8797	GRASS	2.43317063251	0.0949586975697
31260	GRASS	2.01342897292	0.078915600425
18554	GRASS	3.24518626876	0.125594957183
12748	GRASS	1.01474548006	0.0401779358467
11525	GRASS	3.69590294127	0.14237223823
8063	GRASS	2.21356062935	0.0865824849099
440967	GRASS	6.00342144699	0.225720430251
31234	GRASS	2.40833972859	0.0940135490441
7409	GRASS	2.19812036912	0.0859921215019
6106	GRASS	5.35202614846	0.202623372381
8918	GRASS	2.3959943118	0.0935434569751
10748	GRASS	1.73180276001	0.0680724540804
62725	GRASS	3.52383259155	0.135986345209
7122	GRASS	1.99328150004	0.0781419915462
24197	GRASS	2.18505762479	0.0854925142619
1032	GRASS	0.597865870184	0.0237716573679
11980	GRASS	2.92341950751	0.113518227654
11086	GRASS	1.92233560091	0.0754152743712
7937	GRASS	2.38381499105	0.0930795700775
7792	GRASS	3.40757425872	0.131658345417
13436	GRASS	2.67085841876	0.103980942873
326	GRASS	3.14368461815	0.121794283535
62332	GRASS	2.20777156607	0.0863611605277
13561	GRASS	3.9985242228	0.153545690528
7361	GRASS	1.83847052939	0.0721868316207
93375	GRASS	4.58268166842	0.174906878227
7147	GRASS	4.84628481346	0.184456801941
641423	GRASS	1.42684416767	0.0562594129952
17617	GRASS	3.04966472909	0.11826640718
8082	GRASS	2.61930555556	0.102027917585
7593	GRASS	3.52844637312	0.136157881402
8137	GRASS	2.53800081986	0.0989434535297
8175	GRASS	2.02923226411	0.0795221771317
62900	GRASS	2.17712567935	0.0851890766844
8184	GRASS	4.9353173869	0.187669752392
16324	GRASS	1.58710508313	0.0624766423073
7059	GRASS	2.26029671273	0.0883682920173
8908	GRASS	2.70246741462	0.105177364534
638014	GRASS	6.24057921486	0.23404523702
12587	GRASS	2.01307812926	0.0789021317487
5541	GRASS	1.94465502406	0.0762735276975
61670	GRASS	3.88918225392	0.149516994715
637566	GRASS	4.8297747357	0.183860299829
2969	GRASS	0.714091523135	0.028359690244
7047	GRASS	3.10207403778	0.120233816177
98330	GRASS	3.15122694655	0.122076985354
61386	GRASS	4.29336768851	0.164361505097
7654	GRASS	2.17519081113	0.0851150504194
243	GRASS	2.22527895104	0.0870304114776
61192	GRASS	1.68804602348	0.0663820411882
61130	GRASS	6.50400626407	0.24323941157
62580	GRASS	2.28753218815	0.0894081661212
12810	GRASS	2.19683091269	0.085942810084
8658	FLOWER	10.4845203753	0.375410748012
7720	FLOWER	3.46065279958	0.133635664864
325	FLOWER	5.15252133252	0.195481462868
521238	FLOWER	6.71536599181	0.250576183511
8051	FLOWER	3.20333239732	0.124028760514
62444	FLOWER	1.70685131083	0.0671087158742
101604	FLOWER	9.60432160618	0.347275666841
778574	FLOWER	7.61103176262	0.281270148708
7820	FLOWER	4.68907425908	0.1787680034
61199	FLOWER	1.99608033315	0.0782494786475
31265	FLOWER	11.4624921517	0.405944195537
8615	FLOWER	14.724237161	0.502248222451
1551246	FLOWER	12.8085020108	0.446716990928
6584	FLOWER	4.05761002218	0.155718721251
5960	FLOWER	1.63545853275	0.0643484514649
61918	FLOWER	2.20229096421	0.0861516043721
8797	FLOWER	14.2669924726	0.489260869217
31260	FLOWER	1.39720862663	0.0551074682865
18554	FLOWER	1.07367457853	0.0424858723008
12748	FLOWER	2.12327617256	0.0831277262205
11525	FLOWER	5.39778782342	0.204257067582
8063	FLOWER	2.32404612909	0.0908013689995
440967	FLOWER	3.44584483494	0.133084254747
31234	FLOWER	5.50344688619	0.208022704396
7409	FLOWER	3.32801216126	0.128690220472
6106	FLOWER	4.33545003428	0.165899550571
8918	FLOWER	9.93796282182	0.358013270854
10748	FLOWER	15.1205256809	0.51336890849
62725	FLOWER	3.01884398496	0.117108391796
7122	FLOWER	11.2096477567	0.398123429136
24197	FLOWER	11.4027553817	0.404101083149
1032	FLOWER	1.9116340369	0.0750036235997
11980	FLOWER	5.64859414187	0.213181119363
11086	FLOWER	6.86365028152	0.255702133186
7937	FLOWER	1.73563302417	0.0682203521689
7792	FLOWER	4.90362503435	0.186526785983
13436	FLOWER	6.51412336278	0.243591413237
326	FLOWER	8.82781348145	0.321940422913
62332	FLOWER	16.8160566791	0.55953036227
13561	FLOWER	6.62625717095	0.2474873732
7361	FLOWER	2.82086158854	0.109651559501
93375	FLOWER	9.05003715704	0.329240217264
7147	FLOWER	4.93762853279	0.1877530711
641423	FLOWER	6.65238672695	0.248393769412
17617	FLOWER	5.80020246431	0.218551159121
8082	FLOWER	3.91666467305	0.150530482057
7593	FLOWER	9.83599875478	0.35474120159
8137	FLOWER	6.70484456766	0.250211806436
8175	FLOWER	4.03712765451	0.154965746301
62900	FLOWER	9.18598989887	0.333686631786
8184	FLOWER	6.00417413463	0.225746922569
16324	FLOWER	3.77221651841	0.145196813752
7059	FLOWER	4.81585813347	0.183357329514
8908	FLOWER	9.87355413082	0.355947336763
638014	FLOWER	8.27015305646	0.303447949628
12587	FLOWER	3.60195670659	0.138888631417
5541	FLOWER	5.46257532446	0.206567121308
61670	FLOWER	2.44211042683	0.0952988557383
637566	FLOWER	7.13298007247	0.264967441013
2969	FLOWER	5.45672583106	0.206358690524
7047	FLOWER	3.38144467455	0.130684119747
98330	FLOWER	2.11452718173	0.0827925971881
61386	FLOWER	3.76470685065	0.144919066957
7654	FLOWER	22.328253238	0.693709772457
243	FLOWER	3.67448360169	0.141578612172
61192	FLOWER	8.93419817295	0.32543996812
61130	FLOWER	7.42454907198	0.27493239131
62580	FLOWER	12.2861958581	0.43106759086
12810	FLOWER	10.7944885809	0.385171149745
8658	CHEMICAL	18.2471637051	0.596702954891
7720	CHEMICAL	41.1745232668	0.968844384172
325	CHEMICAL	27.9621084996	0.805732535287
521238	CHEMICAL	11.224226845	0.398575766492
8051	CHEMICAL	16.0154040042	0.538018894
62444	CHEMICAL	15.9607387416	0.536531477194
101604	CHEMICAL	14.7619041285	0.50331063974
778574	CHEMICAL	13.2050963508	0.458454026179
7820	CHEMICAL	13.8030080297	0.475911108921
61199	CHEMICAL	9.51148598314	0.344272093083
31265	CHEMICAL	11.9725091068	0.421563974547
8615	CHEMICAL	12.0112999967	0.422743468823
1551246	CHEMICAL	17.495963464	0.577395043548
6584	CHEMICAL	18.6455842743	0.6067602458
5960	CHEMICAL	10.9465860925	0.389932344867
61918	CHEMICAL	16.8735433142	0.561055146977
8797	CHEMICAL	11.5245767577	0.40785672253
31260	CHEMICAL	18.4554085964	0.601975501272
18554	CHEMICAL	13.385515315	0.463751804502
12748	CHEMICAL	8.41317415437	0.308214366434
11525	CHEMICAL	41.8112898114	0.973178010179
8063	CHEMICAL	21.1902357537	0.66799899363
440967	CHEMICAL	34.753754833	0.907020803324
31234	CHEMICAL	18.2464204539	0.596684074404
7409	CHEMICAL	31.8702344768	0.868524640829
6106	CHEMICAL	11.5712556235	0.409292642259
8918	CHEMICAL	17.1412867632	0.568121985768
10748	CHEMICAL	13.5654921095	0.46901065391
62725	CHEMICAL	18.704631723	0.608239969764
7122	CHEMICAL	23.9894051728	0.729379582694
24197	CHEMICAL	10.9731455533	0.390761852799
1032	CHEMICAL	9.91740909856	0.357354362651
11980	CHEMICAL	20.9743754832	0.663005248563
11086	CHEMICAL	25.9752958653	0.769125436497
7937	CHEMICAL	15.8923811783	0.534668135326
7792	CHEMICAL	27.1096641448	0.790413009775
13436	CHEMICAL	15.7115170456	0.529719974675
326	CHEMICAL	24.3507701124	0.736846802469
62332	CHEMICAL	13.1886241447	0.457969043055
13561	CHEMICAL	17.2323872095	0.570513420805
7361	CHEMICAL	10.1019965805	0.363259729256
93375	CHEMICAL	23.142164186	0.711462662156
7147	CHEMICAL	29.4660458633	0.831342691005
641423	CHEMICAL	12.0127909913	0.42278878069
17617	CHEMICAL	19.3530791625	0.624306497273
8082	CHEMICAL	26.7845096833	0.784416403742
7593	CHEMICAL	18.2978889891	0.597990462982
8137	CHEMICAL	10.6872850358	0.381804176858
8175	CHEMICAL	27.8551552411	0.803842340242
62900	CHEMICAL	9.32317892391	0.338158490858
8184	CHEMICAL	28.250427294	0.810782434842
16324	CHEMICAL	13.2466157725	0.45967549913
7059	CHEMICAL	16.6915671322	0.556219319958
8908	CHEMICAL	16.4848451077	0.550693757018
638014	CHEMICAL	23.0012898646	0.70842786041
12587	CHEMICAL	16.0299715376	0.538414866506
5541	CHEMICAL	11.3003361938	0.400934408515
61670	CHEMICAL	11.5428543011	0.408419177878
637566	CHEMICAL	17.9522825536	0.589177522591
2969	CHEMICAL	20.3437237711	0.648202112095
7047	CHEMICAL	19.4232733552	0.626025515077
98330	CHEMICAL	12.7967297175	0.446366672116
61386	CHEMICAL	16.9747679886	0.563733620238
7654	CHEMICAL	19.3244805808	0.623605003346
243	CHEMICAL	22.8231497301	0.704567523764
61192	CHEMICAL	10.3574431995	0.371387076129
61130	CHEMICAL	18.7522739415	0.609431846469
62580	CHEMICAL	12.9175072703	0.449955493181
12810	CHEMICAL	12.3126043826	0.431864084631
