#oID	descriptor	value	sigma
8797	INTENSITY/STRENGTH	51.6465204083	0.998915588218
16220109	INTENSITY/STRENGTH	50.9117207918	0.999667506079
7695	INTENSITY/STRENGTH	50.5747196514	0.999867878929
61192	INTENSITY/STRENGTH	50.4539996474	0.999917553728
220674	INTENSITY/STRENGTH	46.7679805518	0.995821620115
7799	INTENSITY/STRENGTH	47.7655349715	0.998002866415
6999977	INTENSITY/STRENGTH	50.5203538665	0.999891692741
7720	INTENSITY/STRENGTH	52.3005422463	0.997883002149
5362798	INTENSITY/STRENGTH	49.686616241	0.999960716248
1551246	INTENSITY/STRENGTH	51.4766481918	0.999127804047
98330	INTENSITY/STRENGTH	42.521879815	0.9776310874
2214	INTENSITY/STRENGTH	50.3925973624	0.999938346924
8180	INTENSITY/STRENGTH	45.7329874241	0.992717041471
6989	INTENSITY/STRENGTH	50.5095406222	0.999896147342
379	INTENSITY/STRENGTH	49.0089372797	0.999607117874
7632	INTENSITY/STRENGTH	51.5893353205	0.998989605296
8078	INTENSITY/STRENGTH	50.970107992	0.999623556194
957	INTENSITY/STRENGTH	47.953301641	0.998324410331
14514	INTENSITY/STRENGTH	52.2568543536	0.997962643371
440967	INTENSITY/STRENGTH	48.0151588428	0.998424162232
61918	INTENSITY/STRENGTH	52.3333554301	0.997822180975
14257	INTENSITY/STRENGTH	45.5843948773	0.99220097256
7059	INTENSITY/STRENGTH	53.1724130852	0.995974318087
8186	INTENSITY/STRENGTH	46.027064349	0.993686312925
8082	INTENSITY/STRENGTH	49.9933626847	0.999999982378
8159	INTENSITY/STRENGTH	48.9355817631	0.999546805527
5363491	INTENSITY/STRENGTH	52.647681095	0.997195913928
9025	INTENSITY/STRENGTH	52.8743670814	0.996695205553
196	INTENSITY/STRENGTH	50.0399409193	0.999999361889
6448	INTENSITY/STRENGTH	46.8985337859	0.996152362929
7820	INTENSITY/STRENGTH	51.2749549603	0.99934979594
31260	INTENSITY/STRENGTH	32.7649742075	0.881181554373
8103	INTENSITY/STRENGTH	52.7021937874	0.997079259494
12580	INTENSITY/STRENGTH	51.6771850034	0.998874820186
7136	INTENSITY/STRENGTH	50.0228094435	0.999999791892
31246	INTENSITY/STRENGTH	53.6578313165	0.994648108024
33032	INTENSITY/STRENGTH	34.4503896959	0.903283847756
31266	INTENSITY/STRENGTH	50.9277770117	0.999655691927
104721	INTENSITY/STRENGTH	50.0660185727	0.999998256619
31249	INTENSITY/STRENGTH	50.2682970249	0.999971206683
261	INTENSITY/STRENGTH	36.8657873898	0.930996983644
7410	INTENSITY/STRENGTH	52.4347296675	0.997628836578
93375	INTENSITY/STRENGTH	51.0041805747	0.999596648549
7360	INTENSITY/STRENGTH	45.713924856	0.992651823944
61386	INTENSITY/STRENGTH	43.8837909855	0.985036794916
8615	INTENSITY/STRENGTH	49.8048218184	0.999984762191
61005	INTENSITY/STRENGTH	50.764303673	0.999766335958
638014	INTENSITY/STRENGTH	48.825197734	0.999447935854
61052	INTENSITY/STRENGTH	50.5938815019	0.999858921905
8456	INTENSITY/STRENGTH	50.2903230277	0.999966285016
61252	INTENSITY/STRENGTH	50.1772054362	0.999987439293
62900	INTENSITY/STRENGTH	49.6955930256	0.999962934558
5610	INTENSITY/STRENGTH	51.9560944991	0.998469477724
5365027	INTENSITY/STRENGTH	49.8508437942	0.999991100971
7127	INTENSITY/STRENGTH	50.7713658229	0.999761997907
7194	INTENSITY/STRENGTH	49.6190772179	0.999941959134
6276	INTENSITY/STRENGTH	53.8608399777	0.994037565867
8797	VALENCE/PLEASANTNESS	45.4350364496	0.991664443113
16220109	VALENCE/PLEASANTNESS	46.189384275	0.994191683118
7695	VALENCE/PLEASANTNESS	45.8390992976	0.993074762138
7150	VALENCE/PLEASANTNESS	45.484576252	0.991844379351
61192	VALENCE/PLEASANTNESS	45.647006421	0.99242057876
220674	VALENCE/PLEASANTNESS	46.2238904748	0.994296398742
7799	VALENCE/PLEASANTNESS	46.9034893225	0.99616464865
6999977	VALENCE/PLEASANTNESS	45.9264723321	0.993362548936
7720	VALENCE/PLEASANTNESS	44.9483211964	0.989792216506
5362798	VALENCE/PLEASANTNESS	45.1090049619	0.990431267015
1551246	VALENCE/PLEASANTNESS	45.5471265771	0.992068767312
98330	VALENCE/PLEASANTNESS	44.5966316733	0.98832144429
556940	VALENCE/PLEASANTNESS	27.5277714068	0.797999576823
2214	VALENCE/PLEASANTNESS	45.4903252618	0.991865133502
8180	VALENCE/PLEASANTNESS	36.4185992895	0.926218221896
6989	VALENCE/PLEASANTNESS	44.2564224333	0.986804526694
379	VALENCE/PLEASANTNESS	36.3890287185	0.92589658431
7632	VALENCE/PLEASANTNESS	44.7521845726	0.988984173296
8118	VALENCE/PLEASANTNESS	44.749270055	0.988971934018
8078	VALENCE/PLEASANTNESS	45.6570421626	0.992455486889
957	VALENCE/PLEASANTNESS	45.221939671	0.990868055797
14514	VALENCE/PLEASANTNESS	45.1099089558	0.990434803832
440967	VALENCE/PLEASANTNESS	45.2199176729	0.990860325178
61918	VALENCE/PLEASANTNESS	44.9086971718	0.989631454205
6590	VALENCE/PLEASANTNESS	44.9015085708	0.989602154059
14257	VALENCE/PLEASANTNESS	45.3996413448	0.991534680097
7059	VALENCE/PLEASANTNESS	44.0272165679	0.985730343229
8186	VALENCE/PLEASANTNESS	45.125643477	0.990496259395
8082	VALENCE/PLEASANTNESS	44.6603843924	0.988595402065
8159	VALENCE/PLEASANTNESS	46.513955262	0.995138996834
5363491	VALENCE/PLEASANTNESS	46.1470096373	0.994061786106
9025	VALENCE/PLEASANTNESS	44.9994779369	0.989997911639
6429333	VALENCE/PLEASANTNESS	44.9610543275	0.989843610604
196	VALENCE/PLEASANTNESS	29.9745841039	0.839593087276
6448	VALENCE/PLEASANTNESS	46.4452337303	0.994945454707
61641	VALENCE/PLEASANTNESS	45.5720251734	0.992157215574
7969	VALENCE/PLEASANTNESS	27.2968623396	0.79382701615
7820	VALENCE/PLEASANTNESS	45.9122826438	0.993316226726
5362588	VALENCE/PLEASANTNESS	45.5260927828	0.991993661685
31260	VALENCE/PLEASANTNESS	43.7559558332	0.984404764977
8103	VALENCE/PLEASANTNESS	45.2770898086	0.99107764773
12580	VALENCE/PLEASANTNESS	44.5434271177	0.988090324952
7136	VALENCE/PLEASANTNESS	45.5469857895	0.992068265776
31246	VALENCE/PLEASANTNESS	45.6779339235	0.992527897932
31252	VALENCE/PLEASANTNESS	43.6218576944	0.983727720292
33032	VALENCE/PLEASANTNESS	38.142234083	0.943757354983
31266	VALENCE/PLEASANTNESS	46.396565062	0.994806102659
104721	VALENCE/PLEASANTNESS	45.0670171825	0.990266272209
31249	VALENCE/PLEASANTNESS	46.4939172368	0.995082953463
261	VALENCE/PLEASANTNESS	44.4631300691	0.987737228547
7410	VALENCE/PLEASANTNESS	45.1672886042	0.990657960226
93375	VALENCE/PLEASANTNESS	44.8793290799	0.989511491731
7360	VALENCE/PLEASANTNESS	44.4703883428	0.987769357968
61386	VALENCE/PLEASANTNESS	46.0623614796	0.993798001153
61130	VALENCE/PLEASANTNESS	45.3879448168	0.991491578795
8615	VALENCE/PLEASANTNESS	46.0176797903	0.993656450299
61005	VALENCE/PLEASANTNESS	45.5680811695	0.992143238192
638014	VALENCE/PLEASANTNESS	45.7618989522	0.992815399803
61052	VALENCE/PLEASANTNESS	45.9195171497	0.993339863884
8456	VALENCE/PLEASANTNESS	45.2203895057	0.990862129409
61252	VALENCE/PLEASANTNESS	45.0389711921	0.990155277267
62900	VALENCE/PLEASANTNESS	45.6288993144	0.992357391519
18635	VALENCE/PLEASANTNESS	43.5352941373	0.983283031243
5610	VALENCE/PLEASANTNESS	44.3071520468	0.987036592873
5365027	VALENCE/PLEASANTNESS	45.3930356173	0.991510351671
7127	VALENCE/PLEASANTNESS	45.0236459257	0.990094360051
61199	VALENCE/PLEASANTNESS	44.9158617393	0.989660615258
7194	VALENCE/PLEASANTNESS	45.7155783663	0.992657492506
6276	VALENCE/PLEASANTNESS	44.9855950463	0.989942297184
8797	BAKERY	4.2131203266	0.16142465991
16220109	BAKERY	3.27699851554	0.126784452913
7695	BAKERY	4.23390364205	0.162185769662
7150	BAKERY	4.18639845674	0.160445565454
61192	BAKERY	3.66928525117	0.141385948345
220674	BAKERY	3.36321325579	0.13000404887
7799	BAKERY	3.17779222259	0.12307234354
6999977	BAKERY	3.30431359512	0.127805148471
7720	BAKERY	2.99468389716	0.116200103229
5362798	BAKERY	2.95332062825	0.114643984037
1551246	BAKERY	3.20070276323	0.123930311258
98330	BAKERY	4.03507757551	0.154890362604
556940	BAKERY	3.83902294533	0.147665678943
2214	BAKERY	10.7290327115	0.383116451291
8180	BAKERY	2.91561077137	0.113224116387
6989	BAKERY	5.54568975856	0.209525720383
379	BAKERY	3.01221945059	0.116859391616
7632	BAKERY	3.51616174914	0.135701112587
8118	BAKERY	3.00820872926	0.116708621267
8078	BAKERY	3.20321852546	0.12402449745
957	BAKERY	2.81034002019	0.109254396396
14514	BAKERY	4.34192984268	0.166136251804
440967	BAKERY	3.4360904592	0.13272093131
61918	BAKERY	3.94054436553	0.151410618663
6590	BAKERY	3.45382175869	0.133381316451
14257	BAKERY	2.76989269415	0.107726785551
7059	BAKERY	4.29242506344	0.164327037367
8186	BAKERY	2.92020257426	0.113397069741
8082	BAKERY	2.89853503219	0.112580799154
8159	BAKERY	3.05479919827	0.118459248674
5363491	BAKERY	3.45854984254	0.133557366896
9025	BAKERY	4.79025804631	0.182431692992
6429333	BAKERY	4.32343145254	0.165460434292
196	BAKERY	3.18626627514	0.123389733895
6448	BAKERY	3.343354121	0.129262958129
61641	BAKERY	3.30529980935	0.127841989642
7969	BAKERY	3.57422976814	0.137859143352
7820	BAKERY	3.35789001996	0.129805430644
5362588	BAKERY	3.37877282102	0.13058447053
31260	BAKERY	3.13024770941	0.121290528087
8103	BAKERY	2.90839621594	0.112952341218
12580	BAKERY	3.85455954202	0.148239329976
7136	BAKERY	5.84651073025	0.220187754122
31246	BAKERY	3.15998903247	0.122405349025
31252	BAKERY	3.90557214502	0.150121488289
33032	BAKERY	3.37856907448	0.130576871383
31266	BAKERY	3.23141267306	0.125079695777
104721	BAKERY	3.89349777865	0.149676181165
31249	BAKERY	3.45514370431	0.133430540965
261	BAKERY	3.64288145596	0.140407024118
7410	BAKERY	3.96840609122	0.152436944887
93375	BAKERY	3.93660226973	0.151265355817
7360	BAKERY	3.5102230369	0.135480255168
61386	BAKERY	2.96161820592	0.114956255278
61130	BAKERY	4.04210683035	0.155148822163
8615	BAKERY	3.39323148463	0.131123651422
61005	BAKERY	3.61540402134	0.139387702359
638014	BAKERY	3.56540775417	0.137531457185
61052	BAKERY	3.59661827177	0.138690465674
8456	BAKERY	6.72869464587	0.25103765318
61252	BAKERY	3.84190603528	0.147772144617
62900	BAKERY	3.34019523249	0.129145047623
18635	BAKERY	3.51929086284	0.135817471243
5610	BAKERY	3.56594181585	0.13755129622
5365027	BAKERY	2.95582336136	0.114738177757
7127	BAKERY	5.84924798592	0.220284438637
61199	BAKERY	4.36360999343	0.166927962867
7194	BAKERY	3.28034354172	0.126909480168
6276	BAKERY	2.99158648563	0.116083623545
8797	SWEET	14.3613271757	0.491953999729
16220109	SWEET	15.8621665763	0.533843331654
7695	SWEET	20.8899638015	0.66104231701
7150	SWEET	14.1230516628	0.485137831204
61192	SWEET	15.2077816947	0.515800618157
220674	SWEET	13.786407265	0.475430280491
7799	SWEET	15.7230051924	0.530035050783
6999977	SWEET	24.3297897926	0.736416123164
7720	SWEET	12.742155623	0.444741212953
5362798	SWEET	13.8520506359	0.477330302709
1551246	SWEET	20.6225175418	0.654785409768
98330	SWEET	11.5615308889	0.408993636957
556940	SWEET	15.1867438679	0.515214878993
2214	SWEET	18.0514971035	0.591717265068
8180	SWEET	14.1724946649	0.486555944584
6989	SWEET	14.2674048398	0.489272657248
379	SWEET	22.959836966	0.707531833238
7632	SWEET	18.0850537803	0.592574483118
8118	SWEET	13.1016562028	0.455404890008
8078	SWEET	13.6671498247	0.471969599257
957	SWEET	15.099292792	0.512776254551
14514	SWEET	14.0318439911	0.482516701328
440967	SWEET	13.5444004315	0.468395704041
61918	SWEET	13.331770276	0.462176371562
6590	SWEET	12.3146038284	0.431924366157
14257	SWEET	14.0789531149	0.48387135627
7059	SWEET	13.2297265143	0.459178795116
8186	SWEET	14.0502900094	0.483047340637
8082	SWEET	12.241152361	0.429707769989
8159	SWEET	16.2299572457	0.543833684948
5363491	SWEET	24.8349573736	0.746688251845
9025	SWEET	14.3858901375	0.492654071481
6429333	SWEET	14.1066283718	0.484666349265
196	SWEET	22.7671592439	0.703348953742
6448	SWEET	14.1496902063	0.485902115077
61641	SWEET	13.6564787907	0.471659386445
7969	SWEET	12.8198727145	0.447055254014
7820	SWEET	25.3765014459	0.757473327582
5362588	SWEET	22.7796582333	0.703621197643
31260	SWEET	11.3907189094	0.403729365465
8103	SWEET	13.176493855	0.457611758075
12580	SWEET	14.3899660748	0.492770193539
7136	SWEET	16.4594733234	0.550013228102
31246	SWEET	13.5724722682	0.46921408934
31252	SWEET	12.6098200515	0.440789777367
33032	SWEET	19.5106138545	0.628158932989
31266	SWEET	19.063747448	0.617179311215
104721	SWEET	13.4579377439	0.465871074428
31249	SWEET	24.0239802565	0.730098559313
261	SWEET	13.7477733568	0.474310425365
7410	SWEET	13.6161781551	0.470487003184
93375	SWEET	14.0185489434	0.482134071944
7360	SWEET	13.1202751723	0.455954358652
61386	SWEET	14.3685486575	0.49215987009
61130	SWEET	14.3855502733	0.492644388265
8615	SWEET	15.2011228386	0.515615259323
61005	SWEET	16.2501806214	0.544379876765
638014	SWEET	19.4733134348	0.627248562941
61052	SWEET	15.2952422987	0.518231917159
8456	SWEET	15.875095025	0.534196344178
61252	SWEET	14.4622850471	0.494828326372
62900	SWEET	13.9259913763	0.479466360726
18635	SWEET	13.0198542617	0.452987528468
5610	SWEET	13.6484398992	0.471425631296
5365027	SWEET	14.1884439155	0.487012980322
7127	SWEET	15.8766564503	0.534238969995
61199	SWEET	14.1429060478	0.485707525321
7194	SWEET	14.3307692384	0.491082390749
6276	SWEET	12.9414852663	0.450666594293
8797	FRUIT	6.18119419897	0.231964903269
16220109	FRUIT	8.69460503385	0.317545738676
7695	FRUIT	6.63439557795	0.247769741244
7150	FRUIT	6.11786793263	0.229743394089
61192	FRUIT	7.31982318252	0.271361002731
220674	FRUIT	7.36433664181	0.272880084003
7799	FRUIT	10.6028430478	0.379145609632
6999977	FRUIT	8.63350663418	0.315525290646
7720	FRUIT	7.86590839613	0.289887329887
5362798	FRUIT	8.21594503412	0.301637100243
1551246	FRUIT	7.79256518815	0.287412978641
98330	FRUIT	4.0486282812	0.155388574864
556940	FRUIT	8.37573030751	0.306968069027
2214	FRUIT	6.06191390289	0.227777836049
8180	FRUIT	4.530019858	0.172992362354
6989	FRUIT	4.84670297751	0.1844719072
379	FRUIT	4.73507730867	0.180434709499
7632	FRUIT	5.48650500897	0.207419505473
8118	FRUIT	8.04944754204	0.296060459389
8078	FRUIT	4.19710828462	0.160838044204
957	FRUIT	8.16255283389	0.299851205849
14514	FRUIT	6.10105582175	0.229153080014
440967	FRUIT	6.00655109449	0.225830581359
61918	FRUIT	6.47813618672	0.242338948087
6590	FRUIT	6.72526425618	0.250918898521
14257	FRUIT	8.46643022928	0.30998503284
7059	FRUIT	4.31836819772	0.165275406352
8186	FRUIT	8.27304551803	0.303544507864
8082	FRUIT	3.81553930393	0.146798236085
8159	FRUIT	9.13098221051	0.331889353969
5363491	FRUIT	8.09829726657	0.297698923216
9025	FRUIT	5.37332975056	0.203384120979
6429333	FRUIT	5.60598247977	0.211668483365
196	FRUIT	1.03104416862	0.0408165459137
6448	FRUIT	7.5509992573	0.279232934378
61641	FRUIT	8.33462439677	0.305598590337
7969	FRUIT	4.37630454514	0.167391365217
7820	FRUIT	8.36987334371	0.306773021832
5362588	FRUIT	7.64840462628	0.28253694772
31260	FRUIT	6.30022888384	0.236132001758
8103	FRUIT	8.19720455717	0.301010517266
12580	FRUIT	5.73595391158	0.216277689553
7136	FRUIT	6.43633239138	0.240882745794
31246	FRUIT	8.81755849881	0.3216026048
31252	FRUIT	4.91404536641	0.186902677911
33032	FRUIT	4.21086828453	0.161342166697
31266	FRUIT	9.72821160152	0.351273223675
104721	FRUIT	6.27433225014	0.235226391932
31249	FRUIT	10.2802807149	0.368937559964
261	FRUIT	7.52055361682	0.278198653991
7410	FRUIT	5.79290808419	0.218293209739
93375	FRUIT	5.97045243558	0.224559576509
7360	FRUIT	5.58876275656	0.211056802603
61386	FRUIT	8.73967283038	0.319034160743
61130	FRUIT	6.28577851121	0.235626735852
8615	FRUIT	6.28359071892	0.235550223828
61005	FRUIT	6.63911113112	0.2479333266
638014	FRUIT	6.78091318186	0.252844213843
61052	FRUIT	7.30693514249	0.270920885229
8456	FRUIT	5.29819272289	0.200699370464
61252	FRUIT	5.57389448958	0.210528459671
62900	FRUIT	7.7863433692	0.287202877543
18635	FRUIT	6.80646591224	0.253727445204
5610	FRUIT	4.99745132706	0.189908245176
5365027	FRUIT	8.35688993293	0.306340553577
7127	FRUIT	5.74350983131	0.21654523118
61199	FRUIT	6.25824693721	0.234663615597
7194	FRUIT	6.20024085761	0.232632439627
6276	FRUIT	7.98268645336	0.293818144929
8797	FISH	1.29654532609	0.0511894011307
16220109	FISH	1.29225657969	0.0510222923603
7695	FISH	1.31217003722	0.0517980854061
7150	FISH	1.37815477019	0.0543664665792
61192	FISH	2.74424738033	0.10675753774
220674	FISH	1.20915945996	0.0477815517584
7799	FISH	1.13602739309	0.0449248724286
6999977	FISH	1.27740054203	0.0504433208232
7720	FISH	1.35258485323	0.0533715998151
5362798	FISH	1.2573430453	0.0496613571986
1551246	FISH	1.33133903421	0.0525445759188
98330	FISH	2.52533879064	0.0984626172228
556940	FISH	4.03729781144	0.15497200301
2214	FISH	1.29802400239	0.0512470135712
8180	FISH	1.13995443009	0.0450783787625
6989	FISH	1.37499976366	0.0542437408065
379	FISH	1.18466084401	0.0468250652344
7632	FISH	1.52020644842	0.0598838468786
8118	FISH	4.4511008185	0.170119113342
8078	FISH	1.21198573986	0.0478918658208
957	FISH	1.15540561395	0.0456822397048
14514	FISH	1.29396882473	0.0510890108614
440967	FISH	1.29098291357	0.0509726617896
61918	FISH	1.28405743666	0.0507027760662
6590	FISH	1.28633633675	0.0507915890017
14257	FISH	1.11000052024	0.0439071803475
7059	FISH	1.46068845009	0.0575740937045
8186	FISH	1.13896002964	0.0450395092061
8082	FISH	1.52738910328	0.0601623971422
8159	FISH	1.12357989361	0.0444382230334
5363491	FISH	1.22990301585	0.0485910560625
9025	FISH	1.40851655299	0.0555470945676
6429333	FISH	1.41365468706	0.0557468196528
196	FISH	1.31622251947	0.0519559240904
6448	FISH	1.18343877797	0.0467773401824
61641	FISH	4.78911181554	0.182390235829
7969	FISH	3.3601467798	0.129889636639
7820	FISH	1.32207901103	0.0521840032765
5362588	FISH	1.26623750617	0.0500081572779
31260	FISH	1.46419372581	0.0577102037259
8103	FISH	1.2192256277	0.0481744206555
12580	FISH	1.43916731831	0.0567382117042
7136	FISH	1.31798326035	0.0520244984641
31246	FISH	1.29297230109	0.0510501810952
31252	FISH	1.4246824864	0.0561754113811
33032	FISH	1.43092480598	0.0564179739192
31266	FISH	1.19206922059	0.047114357213
104721	FISH	1.25865226896	0.0497124085447
31249	FISH	1.27165713374	0.0502194406032
261	FISH	1.4006542133	0.0552414356417
7410	FISH	1.37251700956	0.0541471592059
93375	FISH	1.31379520465	0.0518613850501
7360	FISH	1.4835759827	0.0584626402293
61386	FISH	1.12747850794	0.0445906572031
61130	FISH	1.28562633158	0.0507639192373
8615	FISH	1.43918875914	0.0567390446518
61005	FISH	1.36784691867	0.0539654746698
638014	FISH	1.2128792818	0.0479267408112
61052	FISH	1.38145804075	0.0544949511025
8456	FISH	1.35248089229	0.0533675538661
61252	FISH	2.21170219309	0.0865114370873
62900	FISH	1.25455378865	0.0495525894627
18635	FISH	4.68441348928	0.178599047676
5610	FISH	1.63388473246	0.0642875575707
5365027	FISH	1.22537577991	0.0484144128757
7127	FISH	1.39887082227	0.0551720970597
61199	FISH	1.30942733559	0.0516912534449
7194	FISH	1.44599286564	0.0570033564787
6276	FISH	1.28452247847	0.0507208999395
8797	GARLIC	2.35286058835	0.0919000423546
16220109	GARLIC	2.57122138668	0.100204383699
7695	GARLIC	2.37700199579	0.0928200244365
7150	GARLIC	2.311870769	0.0903369321791
61192	GARLIC	2.77962469201	0.108094462309
220674	GARLIC	2.64923442763	0.103161999884
7799	GARLIC	2.44186917787	0.0952896770819
6999977	GARLIC	2.58640855751	0.10078053861
7720	GARLIC	2.69209257415	0.104784757995
5362798	GARLIC	2.63009369446	0.102436790642
1551246	GARLIC	7.05128862952	0.262163276646
98330	GARLIC	3.90877190677	0.150239477143
556940	GARLIC	2.56925469132	0.100129759785
2214	GARLIC	2.39732054005	0.0935939632933
8180	GARLIC	2.54008041845	0.099022413325
6989	GARLIC	2.36213521934	0.0922535356559
379	GARLIC	2.56135675276	0.0998300507445
7632	GARLIC	2.3780839245	0.0928612437191
8118	GARLIC	8.34094321343	0.305809195061
8078	GARLIC	8.15243191894	0.299512418281
957	GARLIC	2.59554808748	0.10112717555
14514	GARLIC	2.4295096419	0.0948193788358
440967	GARLIC	6.54038612053	0.244504784579
61918	GARLIC	2.52747916656	0.0985439062873
6590	GARLIC	2.76655868449	0.107600808598
14257	GARLIC	6.24881689779	0.234333590863
7059	GARLIC	4.77334171109	0.181819752007
8186	GARLIC	2.46828074974	0.096294266046
8082	GARLIC	8.08297902232	0.297185340943
8159	GARLIC	2.44878687122	0.0955528519925
5363491	GARLIC	2.61908968341	0.102019735028
9025	GARLIC	2.27596312569	0.0889665217679
6429333	GARLIC	2.30627577151	0.0901234676869
196	GARLIC	2.78915967369	0.108454622273
6448	GARLIC	2.57176664803	0.100225072444
61641	GARLIC	3.13025474815	0.121290792011
7969	GARLIC	4.9844422671	0.189439824798
7820	GARLIC	2.71995496171	0.105838936471
5362588	GARLIC	2.62626539285	0.102291707749
31260	GARLIC	2.9366415709	0.114016117349
8103	GARLIC	2.6444805511	0.10298191109
12580	GARLIC	2.40760058163	0.0939854070411
7136	GARLIC	2.41548883477	0.0942857188665
31246	GARLIC	2.5993344288	0.101270761363
31252	GARLIC	5.18735027017	0.196730569677
33032	GARLIC	2.91351590471	0.113145206218
31266	GARLIC	2.52133765586	0.0983106488044
104721	GARLIC	2.52162993069	0.0983217502245
31249	GARLIC	2.56661025524	0.100029414929
261	GARLIC	2.71699520601	0.105726983061
7410	GARLIC	2.30487378795	0.0900699742468
93375	GARLIC	2.52756479407	0.0985471582476
7360	GARLIC	3.3821949498	0.130712100921
61386	GARLIC	2.46719078683	0.0962528193217
61130	GARLIC	2.44036429225	0.0952324205386
8615	GARLIC	2.2547661764	0.0881570588519
61005	GARLIC	2.37647622255	0.0927999932076
638014	GARLIC	2.44731483555	0.0954968534603
61052	GARLIC	2.37925158489	0.0929057281537
8456	GARLIC	2.3341375098	0.0911862212262
61252	GARLIC	2.48643022532	0.0969842749067
62900	GARLIC	2.55460850536	0.0995739303681
18635	GARLIC	3.50374899873	0.135239457131
5610	GARLIC	2.39984032754	0.0936899196626
5365027	GARLIC	2.5666980155	0.100032745139
7127	GARLIC	2.3988639807	0.0936527398687
61199	GARLIC	2.56155128872	0.0998374335467
7194	GARLIC	2.2817898504	0.0891889680473
6276	GARLIC	2.72314548113	0.105959610721
8797	SPICES	7.05858622211	0.262413993103
16220109	SPICES	5.62460753278	0.212329817352
7695	SPICES	7.15437976609	0.265701130709
7150	SPICES	6.49650503792	0.242978370434
61192	SPICES	7.20749753897	0.267520693249
220674	SPICES	6.12815735797	0.230104569277
7799	SPICES	5.18525359937	0.196655402019
6999977	SPICES	5.58823441606	0.211038031087
7720	SPICES	5.61228246028	0.211892212646
5362798	SPICES	5.401355362	0.204384358581
1551246	SPICES	5.83423613677	0.219754120951
98330	SPICES	7.51329299833	0.277951891262
556940	SPICES	6.98505808838	0.259885908936
2214	SPICES	6.92182950413	0.257708490691
8180	SPICES	5.08293583944	0.192982938878
6989	SPICES	8.21080199167	0.301465171928
379	SPICES	5.19471890303	0.196994714329
7632	SPICES	6.84801819446	0.255162586502
8118	SPICES	7.06173786203	0.262522257828
8078	SPICES	6.79450577853	0.253314107632
957	SPICES	5.14108929751	0.195071252234
14514	SPICES	6.75138298907	0.251822850657
440967	SPICES	6.61120195776	0.24696488178
61918	SPICES	6.27269724314	0.235169197444
6590	SPICES	6.16353977446	0.231345901958
14257	SPICES	5.03161918142	0.191137890622
7059	SPICES	7.31586012993	0.271225681421
8186	SPICES	5.05699089127	0.192050372901
8082	SPICES	6.62483005614	0.247437852936
8159	SPICES	5.22609588983	0.198119004293
5363491	SPICES	5.88856848368	0.221672643832
9025	SPICES	7.11231738777	0.264258672061
6429333	SPICES	6.75946183773	0.252102343775
196	SPICES	5.38417487631	0.203771259413
6448	SPICES	6.0244257632	0.226459548217
61641	SPICES	7.33726855589	0.271956538291
7969	SPICES	7.07397424308	0.262942525086
7820	SPICES	5.63634123575	0.21274631242
5362588	SPICES	5.94118289357	0.223528254073
31260	SPICES	6.48393059582	0.242540681444
8103	SPICES	5.2975201987	0.200675319846
12580	SPICES	7.8526093849	0.289438985735
7136	SPICES	6.76197452738	0.252189261292
31246	SPICES	5.40228376739	0.204417482734
31252	SPICES	6.90028788112	0.256965926108
33032	SPICES	5.62865079892	0.21247334803
31266	SPICES	5.32918493475	0.201807312563
104721	SPICES	6.30883072394	0.236432690916
31249	SPICES	5.44065236966	0.205785815504
261	SPICES	5.54937180437	0.209656661206
7410	SPICES	6.61513081195	0.247101250214
93375	SPICES	6.52211758723	0.243869496361
7360	SPICES	6.48689593922	0.242643909998
61386	SPICES	5.18865482975	0.196777337613
61130	SPICES	6.54903255504	0.244805371239
8615	SPICES	6.32596200952	0.237031362242
61005	SPICES	6.47898143603	0.242368377262
638014	SPICES	6.3243604596	0.236975404295
61052	SPICES	6.08956645386	0.228749530316
8456	SPICES	7.09533564707	0.263675910705
61252	SPICES	6.78065286348	0.252835213237
62900	SPICES	5.75527043161	0.216961562168
18635	SPICES	7.49379326114	0.277288955469
5610	SPICES	7.75678266435	0.286204235653
5365027	SPICES	5.40290469865	0.204439636273
7127	SPICES	7.13228808118	0.264943709938
61199	SPICES	6.34946695622	0.237852385998
7194	SPICES	6.29815235823	0.236059405078
6276	SPICES	5.41821347213	0.204985723993
8797	COLD	4.87117857573	0.185355790742
16220109	COLD	4.78139140835	0.182110974814
7695	COLD	4.89377589647	0.186171418849
7150	COLD	4.6546662176	0.177520281665
61192	COLD	4.82633989389	0.183736173047
220674	COLD	7.36470597218	0.272892681264
7799	COLD	4.81355753799	0.183274167051
6999977	COLD	4.69342546223	0.178925721461
7720	COLD	5.09475028306	0.193407419144
5362798	COLD	4.84254962528	0.184321870262
1551246	COLD	4.80746701087	0.183053984811
98330	COLD	5.7074367614	0.215267536702
556940	COLD	4.55432594619	0.173876283918
2214	COLD	4.85920890192	0.184923591616
8180	COLD	4.91482811904	0.186930910586
6989	COLD	5.125937064	0.194527390246
379	COLD	4.80966440275	0.183133427443
7632	COLD	4.82513537212	0.183692642341
8118	COLD	4.59500664171	0.175354631254
8078	COLD	6.986322561	0.259929421269
957	COLD	4.97590784001	0.189132450067
14514	COLD	4.759776025	0.181328853877
440967	COLD	6.68827781977	0.249637888713
61918	COLD	4.76422762129	0.181489958921
6590	COLD	4.73765100717	0.180527905461
14257	COLD	5.03682080276	0.191325006591
7059	COLD	4.63653050113	0.17686225401
8186	COLD	4.95687122538	0.188446620077
8082	COLD	6.87811192544	0.256201107554
8159	COLD	4.90343782336	0.186520031939
5363491	COLD	4.72847627584	0.180195655877
9025	COLD	4.90253641758	0.186487511373
6429333	COLD	4.86014808709	0.184957507712
196	COLD	4.63959137391	0.17697333171
6448	COLD	7.73601292293	0.28550215854
61641	COLD	4.55317952592	0.173834603519
7969	COLD	4.65511764371	0.177536657638
7820	COLD	4.6272950476	0.176527058121
5362588	COLD	4.86506618221	0.185135099706
31260	COLD	4.90398578351	0.186539800714
8103	COLD	4.87558048401	0.185514705338
12580	COLD	4.7725730398	0.181791940224
7136	COLD	4.77941118941	0.18203933905
31246	COLD	4.63231533093	0.176709275107
31252	COLD	4.61795358455	0.176187945258
33032	COLD	4.56637634628	0.174314336677
31266	COLD	4.70484550095	0.179339591563
104721	COLD	4.76302694601	0.181446507565
31249	COLD	4.65005417266	0.177352965383
261	COLD	4.50886949027	0.172222817979
7410	COLD	4.77903512399	0.182025734273
93375	COLD	5.7500340728	0.216776206177
7360	COLD	5.22229433766	0.197982830247
61386	COLD	4.92704501535	0.187371491581
61130	COLD	6.13578046471	0.230372097824
8615	COLD	4.69797208688	0.179090506784
61005	COLD	4.68938156328	0.178779142753
638014	COLD	5.62330559422	0.212283597446
61052	COLD	4.671007215	0.178112965239
8456	COLD	5.04737516296	0.191704608104
61252	COLD	5.11171312317	0.194016680505
62900	COLD	5.05971534183	0.192148325937
18635	COLD	4.43163644475	0.169409697159
5610	COLD	4.75484846378	0.181150504986
5365027	COLD	4.88253988775	0.185765917208
7127	COLD	4.77129358794	0.181745646517
61199	COLD	5.04013852162	0.191444342338
7194	COLD	4.68136017763	0.17848835386
6276	COLD	4.78415646012	0.182210997191
8797	SOUR	8.37988249268	0.307106327471
16220109	SOUR	8.9993938334	0.327580117588
7695	SOUR	8.49519812368	0.310940568483
7150	SOUR	8.29268026917	0.304199792348
61192	SOUR	9.06063581151	0.329587383937
220674	SOUR	8.29370787308	0.30423407881
7799	SOUR	8.33485398158	0.305606242905
6999977	SOUR	7.88656598359	0.290583470138
7720	SOUR	9.21996202261	0.334795401025
5362798	SOUR	8.76436342813	0.319848910605
1551246	SOUR	9.94576379648	0.358263264861
98330	SOUR	8.10796235567	0.298022872802
556940	SOUR	8.33386806201	0.30557337973
2214	SOUR	8.36979504217	0.306770414068
8180	SOUR	13.4402318187	0.465353340213
6989	SOUR	8.03796086943	0.295674908802
379	SOUR	14.4628434938	0.494844202982
7632	SOUR	7.13459430487	0.265022797837
8118	SOUR	8.52391703706	0.311893816821
8078	SOUR	6.23490974214	0.233846749889
957	SOUR	8.48882711347	0.310729010234
14514	SOUR	8.62459528014	0.315230353707
440967	SOUR	8.31242370673	0.304858393117
61918	SOUR	8.93344442982	0.32541520544
6590	SOUR	14.9603352171	0.508888756762
14257	SOUR	9.09331377668	0.330657208891
7059	SOUR	7.69366660771	0.28406966196
8186	SOUR	9.16060751885	0.332857608708
8082	SOUR	7.01953807631	0.26107195713
8159	SOUR	8.64970186316	0.316061137598
5363491	SOUR	9.54135475605	0.34523921001
9025	SOUR	7.97680507309	0.293620435254
6429333	SOUR	8.14321148179	0.299203701977
196	SOUR	18.1891007046	0.595226674408
6448	SOUR	8.54948371962	0.312741880036
61641	SOUR	10.5943446116	0.378877729365
7969	SOUR	7.5017739677	0.277560313643
7820	SOUR	10.1901259778	0.366069572136
5362588	SOUR	9.75659040807	0.352187193766
31260	SOUR	9.12508383596	0.331696491433
8103	SOUR	8.69182367774	0.317453827571
12580	SOUR	8.37957237451	0.307096001708
7136	SOUR	8.74020992072	0.319051889046
31246	SOUR	10.3319287511	0.370577649357
31252	SOUR	8.3613865842	0.306490349124
33032	SOUR	14.1952346184	0.487207510388
31266	SOUR	10.2937185507	0.369364485388
104721	SOUR	8.80550762265	0.321205519109
31249	SOUR	7.71027740608	0.284631745172
261	SOUR	10.4865177675	0.375473888746
7410	SOUR	8.2760124638	0.303643545632
93375	SOUR	8.48212048736	0.31050627231
7360	SOUR	8.1300624877	0.298763333086
61386	SOUR	8.4673685503	0.310016209945
61130	SOUR	8.40522634292	0.307949921766
8615	SOUR	7.93427280276	0.292189838147
61005	SOUR	8.55176282059	0.312817453888
638014	SOUR	8.70879361556	0.318014510127
61052	SOUR	8.15375601286	0.299556745668
8456	SOUR	7.99581424409	0.294259351593
61252	SOUR	8.01437394332	0.294882881851
62900	SOUR	8.34971472613	0.306101494642
18635	SOUR	10.6977151029	0.382132160747
5610	SOUR	7.95099405819	0.292752439722
5365027	SOUR	9.3173293448	0.337968123344
7127	SOUR	8.36585765291	0.306639276409
61199	SOUR	8.49214387216	0.310839151868
7194	SOUR	7.98006944652	0.293730174512
6276	SOUR	8.89205825419	0.324054850169
8797	BURNT	5.56553330838	0.210231267932
16220109	BURNT	4.47748514017	0.171080256335
7695	BURNT	5.25895613869	0.19929559768
7150	BURNT	5.67797310056	0.21422317261
61192	BURNT	5.1532109868	0.195506206082
220674	BURNT	4.87196524303	0.185384191589
7799	BURNT	4.27710848415	0.163766876572
6999977	BURNT	4.42867253692	0.169301645301
7720	BURNT	4.94073484877	0.187865049612
5362798	BURNT	5.04310795943	0.191551143221
1551246	BURNT	4.83332281414	0.183988508795
98330	BURNT	5.95122299343	0.22388209769
556940	BURNT	7.56794127566	0.279808156966
2214	BURNT	5.70206632005	0.215077228675
8180	BURNT	5.01391183548	0.190500748662
6989	BURNT	6.20228215374	0.232703964584
379	BURNT	4.85160466037	0.184648959302
7632	BURNT	5.9017807616	0.222138824001
8118	BURNT	4.86157412007	0.185009003633
8078	BURNT	5.12683298403	0.194559552783
957	BURNT	5.03632449049	0.19130715387
14514	BURNT	5.74868352878	0.216728396225
440967	BURNT	5.43734718396	0.205667989599
61918	BURNT	5.62148828372	0.212219079139
6590	BURNT	5.09805677984	0.193526198022
14257	BURNT	4.95859679812	0.188508799042
7059	BURNT	6.81635477198	0.254069113928
8186	BURNT	5.05919139424	0.192129488744
8082	BURNT	5.38515267786	0.203806159369
8159	BURNT	4.46335582485	0.170565614906
5363491	BURNT	4.64864986511	0.177302016377
9025	BURNT	6.08712631344	0.228663809835
6429333	BURNT	5.93947867916	0.223468184374
196	BURNT	5.03060655509	0.191101461279
6448	BURNT	4.33470528342	0.165872343379
61641	BURNT	4.69772328258	0.179081489687
7969	BURNT	7.79676629034	0.287554825779
7820	BURNT	4.76107308369	0.181375796584
5362588	BURNT	4.69316567777	0.178916305479
31260	BURNT	5.33045986717	0.201852873728
8103	BURNT	4.94918620533	0.188169670575
12580	BURNT	5.93796466275	0.223414816776
7136	BURNT	5.4349796788	0.205583585508
31246	BURNT	4.5745569684	0.174611650153
31252	BURNT	6.59105517838	0.246265403789
33032	BURNT	5.19943575842	0.197163777454
31266	BURNT	4.39497434381	0.168072653959
104721	BURNT	5.65970256634	0.213575209398
31249	BURNT	4.33559568784	0.165904871526
261	BURNT	4.9034222244	0.186519469172
7410	BURNT	5.91848975103	0.222728181668
93375	BURNT	6.26384078173	0.234859350734
7360	BURNT	5.65544248237	0.213424087426
61386	BURNT	4.81318748549	0.183260789912
61130	BURNT	5.19696231391	0.19707512564
8615	BURNT	5.57140258409	0.210439892662
61005	BURNT	5.30488384604	0.200938636793
638014	BURNT	4.97601489587	0.189136306137
61052	BURNT	5.15744615049	0.195658145701
8456	BURNT	5.79075406924	0.218217029693
61252	BURNT	6.1713198917	0.231618719986
62900	BURNT	5.03866878356	0.191391478098
18635	BURNT	5.21125714872	0.197587405521
5610	BURNT	6.35227393784	0.237950403841
5365027	BURNT	5.0491505747	0.191768454378
7127	BURNT	5.84855604706	0.220259998748
61199	BURNT	5.47945494789	0.207168427305
7194	BURNT	5.62972201661	0.212511372671
6276	BURNT	4.90829065817	0.186695099453
8797	ACID	6.52822087282	0.244081767807
16220109	ACID	6.18756950202	0.232188373544
7695	ACID	6.33329328858	0.237287489992
7150	ACID	6.38544216069	0.239108137792
61192	ACID	6.61085810024	0.246952946081
220674	ACID	6.20943030247	0.232954402226
7799	ACID	6.25032119524	0.234386241792
6999977	ACID	6.7012236405	0.250086386308
7720	ACID	7.19228193628	0.266999709671
5362798	ACID	6.92349757217	0.257765975434
1551246	ACID	6.59354354131	0.24635181508
98330	ACID	7.10459571768	0.263993716583
556940	ACID	6.36013760317	0.238224963994
2214	ACID	6.59774391419	0.246497666665
8180	ACID	6.91443893335	0.257453771029
6989	ACID	7.28033028849	0.270011927896
379	ACID	6.80540928196	0.25369093308
7632	ACID	7.10059695207	0.263856487252
8118	ACID	7.01244155428	0.26082792755
8078	ACID	8.41675017998	0.308333333762
957	ACID	7.16959134433	0.266222437755
14514	ACID	6.79947296093	0.253485785418
440967	ACID	7.24636468404	0.268850666908
61918	ACID	6.50703767472	0.243344891269
6590	ACID	7.11819101843	0.264460183387
14257	ACID	7.2386672735	0.268587369382
7059	ACID	6.94261193488	0.258424533204
8186	ACID	6.91007680873	0.257303407748
8082	ACID	8.10726525294	0.297999510165
8159	ACID	6.65170533794	0.248370139956
5363491	ACID	6.53802425774	0.244422665832
9025	ACID	6.76391463428	0.252256368899
6429333	ACID	6.52043693049	0.243811038114
196	ACID	6.50205029124	0.243171348454
6448	ACID	6.36479302633	0.238387484946
61641	ACID	6.48266186647	0.242496512709
7969	ACID	7.06496965973	0.262633267872
7820	ACID	6.86596519588	0.255782016607
5362588	ACID	6.71549604634	0.250580686994
31260	ACID	7.29013798155	0.270347074546
8103	ACID	7.0729295045	0.26290664747
12580	ACID	6.99657229465	0.260282082236
7136	ACID	6.28552826126	0.235617984241
31246	ACID	6.59365102559	0.246355547485
31252	ACID	7.03209867908	0.26150378243
33032	ACID	6.65647591071	0.248535567809
31266	ACID	6.22276486655	0.233421473628
104721	ACID	6.64241708159	0.248048001389
31249	ACID	6.54162414064	0.244547827067
261	ACID	6.71549866505	0.250580777674
7410	ACID	6.70991897502	0.25038755394
93375	ACID	6.63762541173	0.247881788027
7360	ACID	7.19422382776	0.267066210517
61386	ACID	6.02771330429	0.2265752011
61130	ACID	6.56349600674	0.245308048337
8615	ACID	5.71774102311	0.215632615961
61005	ACID	6.98070094901	0.259735963664
638014	ACID	6.81081107886	0.253877584134
61052	ACID	6.55462101896	0.244999618078
8456	ACID	6.86876822132	0.255878738101
61252	ACID	7.28109906485	0.270038201157
62900	ACID	6.55174448434	0.244899637058
18635	ACID	6.59150556787	0.246281044454
5610	ACID	6.84105676059	0.254922247383
5365027	ACID	6.92878775729	0.257948270377
7127	ACID	6.49654377085	0.242979718447
61199	ACID	6.71561124947	0.250584676197
7194	ACID	5.81519791474	0.219081305875
6276	ACID	7.04944824642	0.262100041625
8797	WARM	6.14270326931	0.23061500939
16220109	WARM	5.56506368189	0.210214573762
7695	WARM	6.02962778806	0.226642547017
7150	WARM	6.25071932743	0.234400176253
61192	WARM	5.9157078349	0.222630073721
220674	WARM	6.06323589847	0.227824304115
7799	WARM	5.40631997858	0.204561480859
6999977	WARM	5.6762533788	0.214162194184
7720	WARM	5.19992141258	0.197181183424
5362798	WARM	5.21979107699	0.197893155525
1551246	WARM	5.73852212514	0.216368630533
98330	WARM	6.64626281722	0.248181388914
556940	WARM	6.77942741069	0.252792842021
2214	WARM	6.38051599194	0.238936245948
8180	WARM	5.3298120098	0.201829721968
6989	WARM	6.2419710979	0.234093962641
379	WARM	5.30001858877	0.200764664734
7632	WARM	6.0805478209	0.228432688115
8118	WARM	5.70462180728	0.215167788306
8078	WARM	6.00696114145	0.225845012796
957	WARM	5.03022816333	0.191087848383
14514	WARM	6.29826252445	0.236063256647
440967	WARM	6.38287360764	0.239018514109
61918	WARM	6.02927714797	0.226630212748
6590	WARM	6.01035966986	0.22596461745
14257	WARM	5.02093956463	0.190753648941
7059	WARM	6.3776123023	0.238834916621
8186	WARM	5.30905387865	0.201087733911
8082	WARM	6.06097007231	0.227744659605
8159	WARM	5.20089913421	0.197216224647
5363491	WARM	5.46661873268	0.20671118116
9025	WARM	6.15790863614	0.231148409937
6429333	WARM	6.37684375651	0.238808095742
196	WARM	5.57864773962	0.210697385344
6448	WARM	6.33398516689	0.237311659438
61641	WARM	5.8915736515	0.221778690024
7969	WARM	6.4523318555	0.24144023967
7820	WARM	5.60197345673	0.211526095625
5362588	WARM	5.6714316606	0.213991211592
31260	WARM	5.42378185516	0.205184310362
8103	WARM	5.03600770353	0.191295758705
12580	WARM	5.92904051747	0.223100212116
7136	WARM	6.21761742339	0.233241190366
31246	WARM	5.38309925762	0.203732867258
31252	WARM	6.08679485428	0.228652165532
33032	WARM	5.71974533573	0.215703618747
31266	WARM	5.47899523509	0.207152053889
104721	WARM	6.15715045237	0.231121817418
31249	WARM	5.73089394852	0.216098499761
261	WARM	5.57806835516	0.210676795577
7410	WARM	6.20899244677	0.232939062989
93375	WARM	6.58410394625	0.24602398794
7360	WARM	6.02246144404	0.226390441024
61386	WARM	5.44083196031	0.205792217444
61130	WARM	6.7715434764	0.252520218635
8615	WARM	6.1910411793	0.232310050819
61005	WARM	6.09079136038	0.228792558657
638014	WARM	6.15707404288	0.231119137408
61052	WARM	5.90834698256	0.222370453676
8456	WARM	6.45211148464	0.241432562342
61252	WARM	6.68885912252	0.249658030357
62900	WARM	5.97897746405	0.224859829956
18635	WARM	5.98475736687	0.225063366379
5610	WARM	6.10737058174	0.229374833101
5365027	WARM	5.1238281823	0.194451681195
7127	WARM	6.21436422573	0.233127239937
61199	WARM	6.38457047999	0.239077723114
7194	WARM	6.14792276632	0.230798128916
6276	WARM	4.99307592382	0.18975071408
8797	MUSKY	7.76812664761	0.286587549259
16220109	MUSKY	7.3594334465	0.272712833599
7695	MUSKY	7.68129633216	0.28365092795
7150	MUSKY	7.97212608973	0.293463125833
61192	MUSKY	7.68365766521	0.283730868562
220674	MUSKY	7.256803303	0.269207654449
7799	MUSKY	7.08715170707	0.263394980555
6999977	MUSKY	7.48093662387	0.276851699847
7720	MUSKY	7.31047596752	0.271041815152
5362798	MUSKY	7.28078727688	0.270027545727
1551246	MUSKY	7.67678983387	0.283498352493
98330	MUSKY	7.66179811745	0.282990664541
556940	MUSKY	7.7723663521	0.286730782599
2214	MUSKY	7.72636127183	0.285175787472
8180	MUSKY	12.1821671822	0.427924608386
6989	MUSKY	7.8751202774	0.290197803342
379	MUSKY	12.985253368	0.451963412707
7632	MUSKY	8.12400288882	0.298560346378
8118	MUSKY	7.49087260632	0.277189635291
8078	MUSKY	6.73875081629	0.251385727626
957	MUSKY	7.12443859657	0.264674493736
14514	MUSKY	7.89462196296	0.290854856143
440967	MUSKY	7.36557349874	0.272922270763
61918	MUSKY	7.9332793338	0.292156404957
6590	MUSKY	8.17733012287	0.300345713739
14257	MUSKY	7.1037745106	0.263965535505
7059	MUSKY	8.34054112302	0.305795794431
8186	MUSKY	12.3765851366	0.433791461607
8082	MUSKY	7.30551123499	0.270872251638
8159	MUSKY	7.08579327876	0.263348344595
5363491	MUSKY	7.42790623085	0.275046732844
9025	MUSKY	7.87388392353	0.290156137725
6429333	MUSKY	10.720113962	0.382836221136
196	MUSKY	17.0415854112	0.565497163117
6448	MUSKY	7.24426572937	0.268778874792
61641	MUSKY	8.02228814433	0.295148682945
7969	MUSKY	8.48161865257	0.310489604116
7820	MUSKY	7.80822815566	0.287941755454
5362588	MUSKY	7.57721727642	0.280123002395
31260	MUSKY	7.88377959763	0.290489591608
8103	MUSKY	7.17430833191	0.26638405326
12580	MUSKY	7.95406038356	0.292855584708
7136	MUSKY	7.8329534729	0.288776074873
31246	MUSKY	7.76335266435	0.286426248738
31252	MUSKY	8.26404105922	0.303243892517
33032	MUSKY	13.1044539596	0.455487472952
31266	MUSKY	7.81905721724	0.288307226383
104721	MUSKY	7.9148756921	0.291536924795
31249	MUSKY	7.41956791016	0.274762721217
261	MUSKY	12.3181278416	0.432030604256
7410	MUSKY	8.05802719819	0.296348366997
93375	MUSKY	10.4902829991	0.375592905002
7360	MUSKY	7.72518581591	0.28513603428
61386	MUSKY	7.19905771142	0.267231735684
61130	MUSKY	10.2881041639	0.369186131641
8615	MUSKY	8.00197456622	0.294466343865
61005	MUSKY	7.82427666288	0.288483344396
638014	MUSKY	7.52571639657	0.27837409295
61052	MUSKY	7.76040223949	0.286326552412
8456	MUSKY	7.73641237861	0.285515664548
61252	MUSKY	7.5580002835	0.279470664026
62900	MUSKY	7.31251374171	0.271111406779
18635	MUSKY	11.9519914586	0.420939618415
5610	MUSKY	8.22459029483	0.301926057586
5365027	MUSKY	7.23110799829	0.268328750779
7127	MUSKY	7.85575859275	0.289545166483
61199	MUSKY	7.65275601325	0.282684370691
7194	MUSKY	8.05573224661	0.296271361053
6276	MUSKY	7.30508333807	0.270857636492
8797	SWEATY	3.48444744552	0.134521348221
16220109	SWEATY	3.94102978541	0.151428505109
7695	SWEATY	3.27409800907	0.126676033254
7150	SWEATY	3.18279897443	0.123259875253
61192	SWEATY	3.66955520329	0.141395953976
220674	SWEATY	2.57433557322	0.100322541471
7799	SWEATY	3.95095508988	0.151794185146
6999977	SWEATY	3.44070391744	0.132892779319
7720	SWEATY	3.56714165899	0.137595866513
5362798	SWEATY	4.36746839164	0.167068823605
1551246	SWEATY	3.50014528964	0.135105404766
98330	SWEATY	4.44036848579	0.169727990516
556940	SWEATY	4.42855710993	0.169297437167
2214	SWEATY	2.19982714767	0.0860573901151
8180	SWEATY	8.0802207745	0.297092843874
6989	SWEATY	1.50831502194	0.0594225951956
379	SWEATY	8.51908352381	0.311733427318
7632	SWEATY	3.46079283623	0.133640878627
8118	SWEATY	3.71043584951	0.142910500303
8078	SWEATY	3.16560173813	0.122615655779
957	SWEATY	4.07410351078	0.156324812665
14514	SWEATY	4.76898022139	0.181661939915
440967	SWEATY	4.17689648277	0.16009727362
61918	SWEATY	3.36173790189	0.129949003387
6590	SWEATY	5.50442247114	0.208057432149
14257	SWEATY	4.18513359006	0.160399206336
7059	SWEATY	3.76003400937	0.144746218074
8186	SWEATY	4.31060726517	0.164991756609
8082	SWEATY	3.93777041589	0.151308402296
8159	SWEATY	3.77712041959	0.145378161318
5363491	SWEATY	3.89502314936	0.149732443841
9025	SWEATY	2.93900611758	0.11410514192
6429333	SWEATY	3.55991642017	0.137327454839
196	SWEATY	12.0684910217	0.42448025065
6448	SWEATY	2.82051947669	0.10963864702
61641	SWEATY	4.4695066579	0.17078967041
7969	SWEATY	4.39757427671	0.168167507261
7820	SWEATY	3.87115536401	0.14885187702
5362588	SWEATY	4.13778855565	0.158663024574
31260	SWEATY	5.29059971423	0.200427810435
8103	SWEATY	3.52021909235	0.135851986711
12580	SWEATY	3.38295403363	0.130740410148
7136	SWEATY	3.44759318821	0.133149368012
31246	SWEATY	3.92655113953	0.150894924041
31252	SWEATY	4.60029393085	0.175546675534
33032	SWEATY	7.96199252358	0.293122370965
31266	SWEATY	4.57824562041	0.174745691632
104721	SWEATY	1.6633480305	0.0654272305519
31249	SWEATY	4.02183108899	0.154403193436
261	SWEATY	5.36694683268	0.203156225985
7410	SWEATY	2.2281759336	0.0871411301477
93375	SWEATY	2.44128062534	0.0952672845769
7360	SWEATY	4.57460179225	0.174613279067
61386	SWEATY	3.89679096642	0.149797646722
61130	SWEATY	2.9797749327	0.115639373848
8615	SWEATY	3.93493220286	0.151203811538
61005	SWEATY	4.19830453073	0.160881876856
638014	SWEATY	2.56411096207	0.0999345724725
61052	SWEATY	4.36224549328	0.166878145434
8456	SWEATY	2.57475500306	0.100338454792
61252	SWEATY	4.09328698058	0.157029479901
62900	SWEATY	3.35886974575	0.129841987443
18635	SWEATY	5.59597774559	0.211313123052
5610	SWEATY	3.48279241675	0.134459759463
5365027	SWEATY	4.250211665	0.162782746921
7127	SWEATY	3.27810988838	0.126825993759
61199	SWEATY	4.6692308126	0.178048545952
7194	SWEATY	4.0442492747	0.15522759011
6276	SWEATY	4.803389884	0.182906573609
8797	AMMONIA/URINOUS	5.46106670422	0.20651336835
16220109	AMMONIA/URINOUS	5.09825358523	0.193533267561
7695	AMMONIA/URINOUS	5.12978974857	0.194665692797
7150	AMMONIA/URINOUS	5.5819578499	0.210815012621
61192	AMMONIA/URINOUS	5.20219078664	0.197262515873
220674	AMMONIA/URINOUS	5.50394465984	0.208040423666
7799	AMMONIA/URINOUS	5.00992528442	0.190357270835
6999977	AMMONIA/URINOUS	4.99293468538	0.189745628706
7720	AMMONIA/URINOUS	5.7697674074	0.217474609922
5362798	AMMONIA/URINOUS	5.56838894448	0.210332775604
1551246	AMMONIA/URINOUS	5.55388619646	0.209817187105
98330	AMMONIA/URINOUS	6.13125713908	0.230213359921
556940	AMMONIA/URINOUS	5.16757502439	0.196021468322
2214	AMMONIA/URINOUS	5.19247707247	0.19691435564
8180	AMMONIA/URINOUS	5.34480208155	0.202365319546
6989	AMMONIA/URINOUS	6.06830657402	0.22800252509
379	AMMONIA/URINOUS	5.3118621983	0.201188135926
7632	AMMONIA/URINOUS	6.19186686576	0.232338988517
8118	AMMONIA/URINOUS	6.62434731421	0.247421101633
8078	AMMONIA/URINOUS	7.39886557609	0.274057338318
957	AMMONIA/URINOUS	5.69629450702	0.214872671836
14514	AMMONIA/URINOUS	5.48751392181	0.207455433255
440967	AMMONIA/URINOUS	6.6551140581	0.248488345074
61918	AMMONIA/URINOUS	5.21850673373	0.197847144337
6590	AMMONIA/URINOUS	5.54133756854	0.209370933922
14257	AMMONIA/URINOUS	6.16215993163	0.231297511256
7059	AMMONIA/URINOUS	6.21815178314	0.233259906686
8186	AMMONIA/URINOUS	5.55593513928	0.209890039462
8082	AMMONIA/URINOUS	7.67615117073	0.283476728111
8159	AMMONIA/URINOUS	5.15572369964	0.195596353239
5363491	AMMONIA/URINOUS	5.1514210804	0.195441987557
9025	AMMONIA/URINOUS	5.58099430284	0.21078077315
6429333	AMMONIA/URINOUS	6.01101183628	0.225987568133
196	AMMONIA/URINOUS	5.1232701051	0.194431645576
6448	AMMONIA/URINOUS	5.62133648242	0.212213689757
61641	AMMONIA/URINOUS	5.43501278457	0.205584765795
7969	AMMONIA/URINOUS	7.32046508702	0.271382919845
7820	AMMONIA/URINOUS	4.9325312352	0.187569303654
5362588	AMMONIA/URINOUS	5.66862714812	0.213891752427
31260	AMMONIA/URINOUS	5.9675087583	0.22445588602
8103	AMMONIA/URINOUS	5.69705257476	0.214899539775
12580	AMMONIA/URINOUS	6.04160118592	0.227063669481
7136	AMMONIA/URINOUS	5.1647351768	0.195919611293
31246	AMMONIA/URINOUS	5.66829975419	0.213880141326
31252	AMMONIA/URINOUS	5.73270009294	0.216162463575
33032	AMMONIA/URINOUS	5.02214026924	0.190796853616
31266	AMMONIA/URINOUS	5.13652508162	0.194907447299
104721	AMMONIA/URINOUS	5.30237249337	0.200848838112
31249	AMMONIA/URINOUS	4.76572184733	0.181544032003
261	AMMONIA/URINOUS	5.68167518623	0.21435443428
7410	AMMONIA/URINOUS	6.08953972444	0.228748591355
93375	AMMONIA/URINOUS	5.96963126261	0.22453065154
7360	AMMONIA/URINOUS	6.14412313789	0.230664825862
61386	AMMONIA/URINOUS	5.11791019065	0.194239205738
61130	AMMONIA/URINOUS	5.82777283372	0.219525738868
8615	AMMONIA/URINOUS	5.36241167604	0.202994283448
61005	AMMONIA/URINOUS	5.19397646282	0.196968101914
638014	AMMONIA/URINOUS	5.87656750428	0.221249081918
61052	AMMONIA/URINOUS	5.44611496084	0.205980531167
8456	AMMONIA/URINOUS	5.48797355475	0.207471800695
61252	AMMONIA/URINOUS	6.33512934764	0.237351628365
62900	AMMONIA/URINOUS	5.40326062186	0.204452334735
18635	AMMONIA/URINOUS	5.90208951798	0.222149716448
5610	AMMONIA/URINOUS	5.70234420371	0.215087076381
5365027	AMMONIA/URINOUS	5.5051331019	0.208082727888
7127	AMMONIA/URINOUS	5.51956749245	0.208596449576
61199	AMMONIA/URINOUS	5.21346197537	0.197666404707
7194	AMMONIA/URINOUS	5.63804732417	0.212806861915
6276	AMMONIA/URINOUS	5.76526502984	0.217315288848
8797	DECAYED	4.41383773638	0.16876072403
16220109	DECAYED	4.60194414984	0.17560661001
7695	DECAYED	4.37112147923	0.167202177975
7150	DECAYED	4.42904298217	0.169315150591
61192	DECAYED	4.67590206787	0.178290458655
220674	DECAYED	4.22634362902	0.161908952973
7799	DECAYED	4.604869716	0.175712858599
6999977	DECAYED	5.44402398582	0.20590600057
7720	DECAYED	4.81723113214	0.183406958973
5362798	DECAYED	4.46832534742	0.170746641333
1551246	DECAYED	4.75849200507	0.181282381738
98330	DECAYED	4.67565842368	0.178281624269
556940	DECAYED	4.72577902515	0.180097966048
2214	DECAYED	4.40817050934	0.168554033478
8180	DECAYED	4.81855181898	0.183454696106
6989	DECAYED	4.42840651417	0.169291946865
379	DECAYED	5.89775841312	0.221996914805
7632	DECAYED	4.569634922	0.174432771552
8118	DECAYED	5.49324560597	0.207659525324
8078	DECAYED	4.03896607009	0.155033344037
957	DECAYED	4.2849133645	0.164052341563
14514	DECAYED	4.67029707655	0.178087213149
440967	DECAYED	4.35596310386	0.16664875833
61918	DECAYED	4.91637495125	0.186986700986
6590	DECAYED	5.82848159946	0.219550784876
14257	DECAYED	4.14368345081	0.158879293016
7059	DECAYED	4.44033960564	0.1697269379
8186	DECAYED	4.14513692222	0.158932612847
8082	DECAYED	4.17874684614	0.160165103764
8159	DECAYED	4.5918178734	0.175238798383
5363491	DECAYED	4.59271008511	0.175271209034
9025	DECAYED	4.34070672869	0.166091575186
6429333	DECAYED	4.42415906833	0.169137089349
196	DECAYED	5.80559048904	0.218741667191
6448	DECAYED	4.17433179093	0.160003253277
61641	DECAYED	7.14465612239	0.265367800453
7969	DECAYED	4.45313333304	0.170193174729
7820	DECAYED	5.31066299653	0.201145263276
5362588	DECAYED	5.17995089087	0.196465279142
31260	DECAYED	5.28911970042	0.200374873135
8103	DECAYED	4.60442694562	0.175696778826
12580	DECAYED	4.66362821231	0.177845357251
7136	DECAYED	4.53248861484	0.173082163376
31246	DECAYED	7.23992019613	0.268630230067
31252	DECAYED	4.7274166195	0.180157277622
33032	DECAYED	6.39472465677	0.239431984896
31266	DECAYED	5.37886750808	0.203581814055
104721	DECAYED	4.60104943592	0.175574115072
31249	DECAYED	4.79470624816	0.182592566724
261	DECAYED	6.09748867732	0.229027799825
7410	DECAYED	4.51632295842	0.172494049111
93375	DECAYED	4.41984510426	0.168979791872
7360	DECAYED	4.76914880794	0.181668040177
61386	DECAYED	4.11741538173	0.157915371499
61130	DECAYED	4.29654623235	0.164477725483
8615	DECAYED	4.27424429108	0.163662105939
61005	DECAYED	4.48420960251	0.171325129797
638014	DECAYED	4.34959710842	0.166416286335
61052	DECAYED	4.40863177775	0.168570857449
8456	DECAYED	4.23417285307	0.162195626223
61252	DECAYED	4.32915833619	0.165669688688
62900	DECAYED	4.63224839241	0.176706845629
18635	DECAYED	6.32294213183	0.236925846392
5610	DECAYED	4.64034409607	0.177000646511
5365027	DECAYED	4.43670734188	0.16959454486
7127	DECAYED	4.4399099585	0.169711278164
61199	DECAYED	4.69696078236	0.179053855058
7194	DECAYED	4.33164807721	0.165760653062
6276	DECAYED	4.91819384329	0.18705230146
8797	WOOD	3.39617922052	0.131233555502
16220109	WOOD	2.97515021171	0.115465400955
7695	WOOD	3.20676649214	0.124157319152
7150	WOOD	3.2065329855	0.124148577905
61192	WOOD	3.23260552106	0.125124325461
220674	WOOD	3.10407249138	0.120308793242
7799	WOOD	2.54610759275	0.0992512381603
6999977	WOOD	2.711243204	0.105509392276
7720	WOOD	3.10223481139	0.120239848126
5362798	WOOD	3.30619799414	0.127875541695
1551246	WOOD	3.19148131922	0.123585031564
98330	WOOD	3.42268643145	0.132221544295
556940	WOOD	2.57197853778	0.100233112072
2214	WOOD	3.6559750685	0.140892541259
8180	WOOD	3.40471883505	0.131551909264
6989	WOOD	4.52990371089	0.172988137384
379	WOOD	3.16330985765	0.122529782604
7632	WOOD	3.27925589809	0.126868828226
8118	WOOD	2.88598288156	0.112107756385
8078	WOOD	3.29597796706	0.127493730379
957	WOOD	3.31167666884	0.12808018581
14514	WOOD	3.51436061295	0.135634132311
440967	WOOD	3.28996951514	0.127269220841
61918	WOOD	5.39707102714	0.204231490817
6590	WOOD	3.13598824544	0.121505760907
14257	WOOD	3.40410492785	0.13152902497
7059	WOOD	3.73968988497	0.143993483224
8186	WOOD	3.47874081046	0.134308977368
8082	WOOD	3.30336179144	0.127769592008
8159	WOOD	2.94564399125	0.114355032241
5363491	WOOD	2.97018616509	0.115278644261
9025	WOOD	3.49140046115	0.134780067574
6429333	WOOD	3.2689234731	0.126482594655
196	WOOD	3.19220050918	0.123611962731
6448	WOOD	3.17173989289	0.122845622136
61641	WOOD	1.60845686556	0.0633034212271
7969	WOOD	3.29981685757	0.127637157786
7820	WOOD	2.84646485828	0.110617649455
5362588	WOOD	3.03456715553	0.117699247093
31260	WOOD	3.06421249551	0.118812740533
8103	WOOD	3.15583943064	0.122249848221
12580	WOOD	3.49065845975	0.134752459797
7136	WOOD	3.37163072168	0.130318071378
31246	WOOD	2.76756855406	0.107638967882
31252	WOOD	4.04314300066	0.155186917897
33032	WOOD	3.1852515949	0.123351732707
31266	WOOD	2.7610014362	0.107390805876
104721	WOOD	3.64284240314	0.140405575816
31249	WOOD	2.34584638508	0.0916326572983
261	WOOD	3.02447216509	0.117319913853
7410	WOOD	3.28886013412	0.127227764972
93375	WOOD	3.33594761923	0.128986486162
7360	WOOD	3.13126175885	0.121328550273
61386	WOOD	3.26544057748	0.126352382233
61130	WOOD	3.28760105888	0.127180714066
8615	WOOD	3.08210958072	0.119484623442
61005	WOOD	3.14005899382	0.121658371559
638014	WOOD	3.36369647563	0.130022077433
61052	WOOD	3.01234041872	0.11686393883
8456	WOOD	3.75548500525	0.14457793316
61252	WOOD	3.33530524573	0.128962505396
62900	WOOD	3.12398229921	0.121055585806
18635	WOOD	2.75872641985	0.10730482821
5610	WOOD	3.44795255439	0.133162751449
5365027	WOOD	3.30527084993	0.12784090784
7127	WOOD	3.4676709454	0.133896941102
61199	WOOD	3.37199281588	0.130331578415
7194	WOOD	3.10001848431	0.120156693531
6276	WOOD	3.06794176454	0.118952763913
8797	GRASS	3.09445500569	0.119947939515
16220109	GRASS	7.47943015478	0.276800456015
7695	GRASS	3.19145684462	0.123584115068
7150	GRASS	3.01903998806	0.117115758543
61192	GRASS	3.45253239488	0.13333330382
220674	GRASS	3.59576913073	0.138658942973
7799	GRASS	3.34438297449	0.129301359988
6999977	GRASS	4.48613086281	0.171395086465
7720	GRASS	3.38522792386	0.130825209716
5362798	GRASS	3.75170294793	0.144438007913
1551246	GRASS	3.64853790499	0.140616784662
98330	GRASS	3.57627552246	0.137935122253
556940	GRASS	3.1770518625	0.123044611085
2214	GRASS	3.06503404487	0.118843588316
8180	GRASS	3.12879137162	0.121235920686
6989	GRASS	3.18642818117	0.123395797425
379	GRASS	3.19306216987	0.123644228386
7632	GRASS	3.19136744441	0.12358076731
8118	GRASS	3.32563063157	0.128601297624
8078	GRASS	2.81104246784	0.109280914811
957	GRASS	3.36754649187	0.130165711925
14514	GRASS	3.0489039238	0.118237830897
440967	GRASS	4.05049384561	0.155457153667
61918	GRASS	3.31279700902	0.128122030752
6590	GRASS	3.44625520286	0.133099538145
14257	GRASS	3.29570948827	0.127483699118
7059	GRASS	3.07629527393	0.119266373912
8186	GRASS	3.27204889025	0.126599434034
8082	GRASS	2.88413650908	0.112038163002
8159	GRASS	3.62321323697	0.139677459814
5363491	GRASS	3.61825615197	0.139493535046
9025	GRASS	3.1408427967	0.121687754479
6429333	GRASS	3.0529253277	0.118388871885
196	GRASS	3.01899291861	0.117113989447
6448	GRASS	4.74370194425	0.180746994516
61641	GRASS	3.23899107371	0.125363217678
7969	GRASS	2.98320455558	0.115768378455
7820	GRASS	3.21674374302	0.124530773597
5362588	GRASS	3.89521067577	0.149739360547
31260	GRASS	3.42836022789	0.132432947575
8103	GRASS	3.39665500252	0.131251294018
12580	GRASS	3.09924399789	0.120127634572
7136	GRASS	3.18232303662	0.123242049501
31246	GRASS	3.39252003347	0.131097124468
31252	GRASS	3.33657537389	0.129009920865
33032	GRASS	2.9043303909	0.112799161628
31266	GRASS	3.44512033101	0.133057271603
104721	GRASS	3.24986132428	0.12576981352
31249	GRASS	3.35995151619	0.129882350971
261	GRASS	3.36529031365	0.130081540988
7410	GRASS	2.96651468939	0.115140503815
93375	GRASS	3.32413129918	0.12854531241
7360	GRASS	3.52073668483	0.135871232672
61386	GRASS	3.40549966205	0.131581015303
61130	GRASS	3.6060632458	0.139041052979
8615	GRASS	3.1066415532	0.120405173432
61005	GRASS	3.983982677	0.153010459892
638014	GRASS	3.64673402131	0.140549893244
61052	GRASS	3.3128015856	0.128122201686
8456	GRASS	3.27288619013	0.126630734
61252	GRASS	3.04816173715	0.118209953496
62900	GRASS	3.32027084396	0.128401154368
18635	GRASS	3.20140949027	0.123956770521
5610	GRASS	3.06698127964	0.118916701518
5365027	GRASS	3.82283510082	0.147067776749
7127	GRASS	3.23347793616	0.125156965621
61199	GRASS	3.26793632228	0.126445689768
7194	GRASS	3.1109824818	0.120568014471
6276	GRASS	3.39398226764	0.131151644452
8797	FLOWER	11.355557033	0.402642811109
16220109	FLOWER	7.93899609952	0.292348780353
7695	FLOWER	8.45905424433	0.30973993029
7150	FLOWER	10.7120959549	0.382584238296
61192	FLOWER	9.05820688389	0.329507830575
220674	FLOWER	7.550101591	0.279202450026
7799	FLOWER	7.77920247278	0.286961702466
6999977	FLOWER	8.16803229451	0.300034591155
7720	FLOWER	6.0021936564	0.225677214781
5362798	FLOWER	6.74615620378	0.251641998741
1551246	FLOWER	4.49019385769	0.171543017956
98330	FLOWER	4.0497073539	0.155428242295
556940	FLOWER	8.06805572971	0.296684819885
2214	FLOWER	6.86831530666	0.255863110206
8180	FLOWER	7.1100153908	0.264179688089
6989	FLOWER	3.08767176107	0.119693383681
379	FLOWER	8.05979526512	0.296407690719
7632	FLOWER	9.39100314554	0.34036374979
8118	FLOWER	3.35712447241	0.129776865007
8078	FLOWER	4.66697803763	0.177966847904
957	FLOWER	7.45794841732	0.276069538855
14514	FLOWER	6.92452498604	0.257801380929
440967	FLOWER	3.78786237541	0.145775334466
61918	FLOWER	6.69656680156	0.249925069291
6590	FLOWER	3.42210592631	0.132199913464
14257	FLOWER	4.11330952554	0.15776465492
7059	FLOWER	5.74689065678	0.216664925383
8186	FLOWER	6.65376968282	0.248441726916
8082	FLOWER	4.1031452796	0.15739149071
8159	FLOWER	7.93242133125	0.292127529979
5363491	FLOWER	8.0322973438	0.295484773504
9025	FLOWER	7.28902063146	0.270308896552
6429333	FLOWER	10.5692876914	0.378087570735
196	FLOWER	9.76768578456	0.352544357148
6448	FLOWER	8.1358120283	0.298955906188
61641	FLOWER	6.49585607661	0.242955784597
7969	FLOWER	2.5779202561	0.100458541105
7820	FLOWER	4.27347853315	0.163634093817
5362588	FLOWER	3.61520813602	0.139380433494
31260	FLOWER	3.23796634599	0.125324883416
8103	FLOWER	5.97212021083	0.224618320508
12580	FLOWER	10.3668812684	0.371686359842
7136	FLOWER	9.04884910249	0.329201296068
31246	FLOWER	3.54675549506	0.136838429986
31252	FLOWER	2.89973339455	0.112625954278
33032	FLOWER	5.85764544531	0.220581013747
31266	FLOWER	7.07627093189	0.263021393155
104721	FLOWER	6.8314808148	0.254591580543
31249	FLOWER	5.25121969408	0.199018664453
261	FLOWER	3.4472969103	0.133138334017
7410	FLOWER	7.1156187408	0.264371937606
93375	FLOWER	6.96605737387	0.25923191282
7360	FLOWER	3.69049627087	0.142171945745
61386	FLOWER	7.00030215816	0.260410394204
61130	FLOWER	7.06939549722	0.26278527881
8615	FLOWER	9.16818967099	0.333105306102
61005	FLOWER	8.49075783878	0.31079312608
638014	FLOWER	7.63929697636	0.282228335737
61052	FLOWER	8.91664900497	0.324863308408
8456	FLOWER	7.02321654545	0.26119843356
61252	FLOWER	3.54322305952	0.136707150521
62900	FLOWER	8.47189620837	0.310166638189
18635	FLOWER	6.12316452418	0.229929323451
5610	FLOWER	10.3723452035	0.371859590132
5365027	FLOWER	6.93988955752	0.258330755473
7127	FLOWER	8.70629935544	0.317932114831
61199	FLOWER	6.52744081313	0.244054639098
7194	FLOWER	9.10170983994	0.330931944793
6276	FLOWER	5.8972412021	0.221978666566
8797	CHEMICAL	18.0111478284	0.590685334698
16220109	CHEMICAL	16.85651607	0.560603789192
7695	CHEMICAL	17.2182574919	0.570142943252
7150	CHEMICAL	19.3814146863	0.625000893356
61192	CHEMICAL	14.5274326187	0.496678785351
220674	CHEMICAL	18.4757414148	0.602488448261
7799	CHEMICAL	17.2487000663	0.57094094106
6999977	CHEMICAL	17.041483661	0.565494480293
7720	CHEMICAL	19.3046281476	0.623117658736
5362798	CHEMICAL	18.1086862071	0.593177641826
1551246	CHEMICAL	17.4122983008	0.575216679185
98330	CHEMICAL	17.8050512477	0.585394109935
556940	CHEMICAL	15.7407075854	0.5305203533
2214	CHEMICAL	18.0030668943	0.590478508732
8180	CHEMICAL	17.8588653575	0.586778985557
6989	CHEMICAL	23.9488357448	0.728534736379
379	CHEMICAL	17.4082240142	0.575110455238
7632	CHEMICAL	21.5487863685	0.676211377158
8118	CHEMICAL	18.4651532262	0.602221375582
8078	CHEMICAL	23.8714096846	0.726918707253
957	CHEMICAL	18.7722468382	0.609930972986
14514	CHEMICAL	17.4679760241	0.576666966413
440967	CHEMICAL	20.7883311812	0.658671361928
61918	CHEMICAL	15.8119033591	0.532469619229
6590	CHEMICAL	17.1582397611	0.568567513766
14257	CHEMICAL	19.551385054	0.629152739147
7059	CHEMICAL	18.7378242217	0.609070546242
8186	CHEMICAL	18.523770738	0.603698796579
8082	CHEMICAL	22.8275040923	0.704662186457
8159	CHEMICAL	17.5580235478	0.579007265549
5363491	CHEMICAL	16.6547868466	0.555238703903
9025	CHEMICAL	18.7730860364	0.609951937724
6429333	CHEMICAL	19.9693515024	0.639264060325
196	CHEMICAL	15.5803415229	0.526114844129
6448	CHEMICAL	18.4670696857	0.602269722317
61641	CHEMICAL	15.225364464	0.516289889336
7969	CHEMICAL	20.8533378675	0.660188834614
7820	CHEMICAL	15.7571416873	0.53097066183
5362588	CHEMICAL	18.1770595123	0.594920183488
31260	CHEMICAL	19.3422905453	0.624041940398
8103	CHEMICAL	18.6332160919	0.606449946906
12580	CHEMICAL	20.6257099084	0.654860432645
7136	CHEMICAL	16.7707985292	0.558328067845
31246	CHEMICAL	18.0778554817	0.592390675741
31252	CHEMICAL	17.2611960841	0.571268287263
33032	CHEMICAL	14.1359494223	0.485507950465
31266	CHEMICAL	16.7831168368	0.558655469168
104721	CHEMICAL	15.679703333	0.528846894676
31249	CHEMICAL	16.0693323415	0.5394839169
261	CHEMICAL	17.6840161892	0.582270876136
7410	CHEMICAL	21.1391984415	0.66682165336
93375	CHEMICAL	18.7345304646	0.608988165892
7360	CHEMICAL	18.4174817386	0.601017816107
61386	CHEMICAL	17.854720297	0.586672397126
61130	CHEMICAL	18.6578145669	0.607066964912
8615	CHEMICAL	16.5160712627	0.551530606526
61005	CHEMICAL	18.5709262731	0.604885329868
638014	CHEMICAL	18.5201857744	0.603608518528
61052	CHEMICAL	18.4966096399	0.603014558327
8456	CHEMICAL	19.2793301524	0.622496177645
61252	CHEMICAL	18.0771287534	0.59237211655
62900	CHEMICAL	17.9876825686	0.590084613068
18635	CHEMICAL	15.666708079	0.528490026347
5610	CHEMICAL	17.7548826605	0.584100963105
5365027	CHEMICAL	18.0904239845	0.592711583404
7127	CHEMICAL	17.4934856069	0.577330608804
61199	CHEMICAL	17.168352649	0.568833172887
7194	CHEMICAL	17.5146368416	0.577880472186
6276	CHEMICAL	18.5831461225	0.605192516976
