#oID	descriptor	value	sigma
8797	INTENSITY/STRENGTH	54.080394234	0.993340153158
16220109	INTENSITY/STRENGTH	49.1593172236	0.999717300988
7695	INTENSITY/STRENGTH	45.9495772146	0.993437630104
61192	INTENSITY/STRENGTH	48.7499474229	0.999374947422
220674	INTENSITY/STRENGTH	45.1620268585	0.990637606353
7799	INTENSITY/STRENGTH	49.2240836085	0.999759181501
6999977	INTENSITY/STRENGTH	54.0870108776	0.993318536834
7720	INTENSITY/STRENGTH	60.5850878321	0.955182366234
5362798	INTENSITY/STRENGTH	53.6377641401	0.994706668824
1551246	INTENSITY/STRENGTH	53.1563042285	0.996015097447
98330	INTENSITY/STRENGTH	42.8815461685	0.979731046019
2214	INTENSITY/STRENGTH	50.5072911531	0.999897062274
8180	INTENSITY/STRENGTH	43.9582647831	0.985398974228
6989	INTENSITY/STRENGTH	54.1484053441	0.99311629324
379	INTENSITY/STRENGTH	55.681767761	0.987087006044
7632	INTENSITY/STRENGTH	55.2713164508	0.98888528915
8078	INTENSITY/STRENGTH	49.5180475789	0.999907088746
957	INTENSITY/STRENGTH	58.8041438184	0.96899482065
14514	INTENSITY/STRENGTH	61.6502856195	0.945708337994
440967	INTENSITY/STRENGTH	49.3825032763	0.999847479118
61918	INTENSITY/STRENGTH	54.2920503734	0.992631321437
14257	INTENSITY/STRENGTH	52.7594565616	0.996954159794
7059	INTENSITY/STRENGTH	55.2863556951	0.988821777386
8186	INTENSITY/STRENGTH	48.1567502125	0.998640972088
8082	INTENSITY/STRENGTH	49.1114519964	0.999684192978
8159	INTENSITY/STRENGTH	51.1209238576	0.999497411882
5363491	INTENSITY/STRENGTH	55.5332537127	0.98775324134
9025	INTENSITY/STRENGTH	57.6406367764	0.97664826786
196	INTENSITY/STRENGTH	52.4801696066	0.997539503489
6448	INTENSITY/STRENGTH	45.482552629	0.9918370677
7820	INTENSITY/STRENGTH	51.7504812291	0.998774326187
31260	INTENSITY/STRENGTH	30.8611551961	0.853481847829
8103	INTENSITY/STRENGTH	47.6807487813	0.997848429514
12580	INTENSITY/STRENGTH	56.3044154599	0.984101738284
7136	INTENSITY/STRENGTH	43.2576623718	0.981816353323
31246	INTENSITY/STRENGTH	49.5575321064	0.999921688865
33032	INTENSITY/STRENGTH	35.7316385136	0.918565544197
31266	INTENSITY/STRENGTH	53.8120985542	0.994187161845
104721	INTENSITY/STRENGTH	53.6900051324	0.994553544849
31249	INTENSITY/STRENGTH	47.5452573183	0.997589695347
261	INTENSITY/STRENGTH	34.2283968479	0.900502613605
7410	INTENSITY/STRENGTH	61.8419681862	0.94390711579
93375	INTENSITY/STRENGTH	55.7178625952	0.986922418937
7360	INTENSITY/STRENGTH	42.7909022928	0.979211564099
61386	INTENSITY/STRENGTH	33.7232777675	0.894027325346
8615	INTENSITY/STRENGTH	37.1573846669	0.934026892563
61005	INTENSITY/STRENGTH	44.4114315745	0.987507161181
638014	INTENSITY/STRENGTH	45.4302857226	0.991647084569
61052	INTENSITY/STRENGTH	45.2416648287	0.990943298559
8456	INTENSITY/STRENGTH	52.078372703	0.998272146763
61252	INTENSITY/STRENGTH	45.7058658966	0.992624164921
62900	INTENSITY/STRENGTH	52.4826592926	0.997534561135
5610	INTENSITY/STRENGTH	55.7800959562	0.986636196295
5365027	INTENSITY/STRENGTH	55.9352448804	0.985909147284
7127	INTENSITY/STRENGTH	48.6825476299	0.999305727701
7194	INTENSITY/STRENGTH	37.1586301888	0.934039688548
6276	INTENSITY/STRENGTH	50.2065101015	0.999982941431
8797	VALENCE/PLEASANTNESS	53.23153047	0.995822884329
16220109	VALENCE/PLEASANTNESS	46.4750810789	0.99502997864
7695	VALENCE/PLEASANTNESS	48.4907395279	0.999088853131
7150	VALENCE/PLEASANTNESS	48.9312352976	0.999543096804
61192	VALENCE/PLEASANTNESS	50.6920080684	0.999808449933
220674	VALENCE/PLEASANTNESS	47.8702288139	0.998185629878
7799	VALENCE/PLEASANTNESS	47.8364326035	0.998127590448
6999977	VALENCE/PLEASANTNESS	48.9239852601	0.999536876912
7720	VALENCE/PLEASANTNESS	46.954476426	0.996289914464
5362798	VALENCE/PLEASANTNESS	47.2035038475	0.996871843708
1551246	VALENCE/PLEASANTNESS	48.8872277904	0.999504695204
98330	VALENCE/PLEASANTNESS	43.8058574197	0.984653039078
556940	VALENCE/PLEASANTNESS	31.0215226409	0.855926958853
2214	VALENCE/PLEASANTNESS	52.7885414056	0.996889614732
8180	VALENCE/PLEASANTNESS	34.0507552976	0.89824863737
6989	VALENCE/PLEASANTNESS	46.5890032805	0.995346040552
379	VALENCE/PLEASANTNESS	36.6857200145	0.929091979387
7632	VALENCE/PLEASANTNESS	46.1621400111	0.994108332282
8118	VALENCE/PLEASANTNESS	47.1453632685	0.996740419652
8078	VALENCE/PLEASANTNESS	44.5978673904	0.988326785307
957	VALENCE/PLEASANTNESS	45.8333567119	0.993055633484
14514	VALENCE/PLEASANTNESS	41.5752273632	0.971609282407
440967	VALENCE/PLEASANTNESS	42.6216974524	0.978224260606
61918	VALENCE/PLEASANTNESS	41.2420263368	0.969319158926
6590	VALENCE/PLEASANTNESS	41.6324761775	0.971993818032
14257	VALENCE/PLEASANTNESS	44.5665323357	0.988190971657
7059	VALENCE/PLEASANTNESS	48.227419265	0.998743183015
8186	VALENCE/PLEASANTNESS	45.7778884578	0.99286950965
8082	VALENCE/PLEASANTNESS	43.8200472788	0.984723273746
8159	VALENCE/PLEASANTNESS	47.963014039	0.998340275278
5363491	VALENCE/PLEASANTNESS	48.9453065262	0.99955504867
9025	VALENCE/PLEASANTNESS	49.7575928127	0.999976495502
6429333	VALENCE/PLEASANTNESS	46.1550067429	0.994086410741
196	VALENCE/PLEASANTNESS	26.3029443522	0.775379821451
6448	VALENCE/PLEASANTNESS	48.3203241295	0.998871475588
61641	VALENCE/PLEASANTNESS	49.6778279291	0.999958482063
7969	VALENCE/PLEASANTNESS	24.1962993516	0.73366761314
7820	VALENCE/PLEASANTNESS	45.6228343091	0.992336168206
5362588	VALENCE/PLEASANTNESS	48.643570404	0.9992640395
31260	VALENCE/PLEASANTNESS	40.5993170364	0.964650863927
8103	VALENCE/PLEASANTNESS	47.4420201874	0.997382695711
12580	VALENCE/PLEASANTNESS	46.7458351089	0.995764164345
7136	VALENCE/PLEASANTNESS	48.9827275824	0.999586062731
31246	VALENCE/PLEASANTNESS	47.8396930205	0.998133229502
31252	VALENCE/PLEASANTNESS	40.7557786725	0.965817748819
33032	VALENCE/PLEASANTNESS	45.6383950781	0.992390561002
31266	VALENCE/PLEASANTNESS	46.9078068819	0.996175336688
104721	VALENCE/PLEASANTNESS	50.3711450521	0.99994490054
31249	VALENCE/PLEASANTNESS	49.8314715193	0.99998863926
261	VALENCE/PLEASANTNESS	40.9443522482	0.967198097518
7410	VALENCE/PLEASANTNESS	41.4044647262	0.970446709343
93375	VALENCE/PLEASANTNESS	41.9463094169	0.974055227197
7360	VALENCE/PLEASANTNESS	42.4433014792	0.977158522986
61386	VALENCE/PLEASANTNESS	44.7366336732	0.988918789964
61130	VALENCE/PLEASANTNESS	42.551947573	0.977810606018
8615	VALENCE/PLEASANTNESS	45.9887536574	0.993563961112
61005	VALENCE/PLEASANTNESS	45.8439712334	0.993090969957
638014	VALENCE/PLEASANTNESS	47.3921439998	0.997279634833
61052	VALENCE/PLEASANTNESS	46.9745555347	0.996338674315
8456	VALENCE/PLEASANTNESS	46.5019190406	0.995105371841
61252	VALENCE/PLEASANTNESS	42.8965885845	0.979816618505
62900	VALENCE/PLEASANTNESS	50.2780451306	0.999969076362
18635	VALENCE/PLEASANTNESS	40.2655461397	0.962096163216
5610	VALENCE/PLEASANTNESS	46.5045316432	0.995112680387
5365027	VALENCE/PLEASANTNESS	46.850641272	0.996032615841
7127	VALENCE/PLEASANTNESS	46.3947479195	0.994800862974
61199	VALENCE/PLEASANTNESS	41.5462120179	0.971413387501
7194	VALENCE/PLEASANTNESS	47.8376531188	0.998129702386
6276	VALENCE/PLEASANTNESS	40.8274874302	0.966346005263
8797	BAKERY	4.36941370263	0.167139837663
16220109	BAKERY	3.24622132334	0.125633671781
7695	BAKERY	4.27676600017	0.163754349039
7150	BAKERY	4.31266344735	0.16506691149
61192	BAKERY	3.92725992791	0.1509210489
220674	BAKERY	3.33408823245	0.128917071561
7799	BAKERY	3.15240284439	0.122121056298
6999977	BAKERY	3.2852770063	0.127093862249
7720	BAKERY	2.97344855985	0.115401383859
5362798	BAKERY	2.93440638803	0.113931959181
1551246	BAKERY	3.16212446397	0.122485366108
98330	BAKERY	4.02182014952	0.154402791055
556940	BAKERY	3.81735023668	0.146865144335
2214	BAKERY	10.8729400836	0.38762927292
8180	BAKERY	2.88855626982	0.112204747863
6989	BAKERY	5.55341622204	0.209800476188
379	BAKERY	2.99190734618	0.11609569002
7632	BAKERY	3.51038000157	0.135486092961
8118	BAKERY	2.98399873625	0.115798250067
8078	BAKERY	3.20126830353	0.123951484641
957	BAKERY	2.79113554465	0.108529246735
14514	BAKERY	4.72487098377	0.180065077025
440967	BAKERY	3.39158467956	0.131062248527
61918	BAKERY	4.74698205103	0.180865746604
6590	BAKERY	3.476371099	0.134220781553
14257	BAKERY	2.75383700204	0.107120032788
7059	BAKERY	4.68900619055	0.178765536
8186	BAKERY	2.89542131337	0.112463466702
8082	BAKERY	2.89645805369	0.112502534445
8159	BAKERY	3.0423468315	0.117991523563
5363491	BAKERY	3.43688907044	0.132750680225
9025	BAKERY	4.82410945215	0.183655565283
6429333	BAKERY	4.37044233326	0.167177386855
196	BAKERY	3.1572809	0.122303866928
6448	BAKERY	3.31264209018	0.12811624456
61641	BAKERY	3.28940620825	0.127248171049
7969	BAKERY	3.55236918401	0.137047036633
7820	BAKERY	3.33126470967	0.12881165856
5362588	BAKERY	3.3541415604	0.129665556173
31260	BAKERY	3.10755997143	0.120439627267
8103	BAKERY	2.88573515034	0.11209841907
12580	BAKERY	3.82742985767	0.147237506581
7136	BAKERY	5.85156605738	0.220366312166
31246	BAKERY	3.14860624291	0.121978761207
31252	BAKERY	4.06949561649	0.156155506831
33032	BAKERY	3.34833594519	0.129448896367
31266	BAKERY	3.20577773317	0.124120304977
104721	BAKERY	4.23234171858	0.162128582174
31249	BAKERY	3.4259782059	0.132344197569
261	BAKERY	3.60357131523	0.13894856212
7410	BAKERY	4.39492615577	0.168070895865
93375	BAKERY	3.88960735602	0.149532676087
7360	BAKERY	3.50563188863	0.13530949357
61386	BAKERY	2.93723930737	0.114038622395
61130	BAKERY	3.99099686667	0.153268652271
8615	BAKERY	3.34541162801	0.129339753536
61005	BAKERY	3.60680031788	0.139068409302
638014	BAKERY	3.53358549163	0.136348929095
61052	BAKERY	3.60242628201	0.138906061234
8456	BAKERY	6.69022197783	0.249705251068
61252	BAKERY	3.79223814484	0.145937097735
62900	BAKERY	3.30409684914	0.12779705157
18635	BAKERY	3.47948501298	0.134336674137
5610	BAKERY	3.5077476417	0.135388188261
5365027	BAKERY	2.93577583901	0.11398352165
7127	BAKERY	5.80791416909	0.218823819965
61199	BAKERY	4.32694667983	0.165588880165
7194	BAKERY	3.22684049012	0.124908619785
6276	BAKERY	2.96670831451	0.115147789291
8797	SWEET	16.2645702064	0.544768310656
16220109	SWEET	16.0244398112	0.538264523942
7695	SWEET	20.874109819	0.660673008465
7150	SWEET	13.758503072	0.474621560166
61192	SWEET	15.2508497882	0.516998623824
220674	SWEET	13.7894296953	0.475517839284
7799	SWEET	16.681928638	0.555962448287
6999977	SWEET	25.414434586	0.75821998931
7720	SWEET	13.0387392873	0.45354608261
5362798	SWEET	13.2472706768	0.459694754917
1551246	SWEET	19.9742912139	0.639382724757
98330	SWEET	11.5598636143	0.40894236586
556940	SWEET	15.259298273	0.517233457406
2214	SWEET	17.7700637107	0.584492482716
8180	SWEET	13.6240286443	0.470715483171
6989	SWEET	14.0318565837	0.482517063675
379	SWEET	22.1988240814	0.690837847017
7632	SWEET	17.8601818564	0.58681283588
8118	SWEET	12.9490702599	0.450891442158
8078	SWEET	13.6630497552	0.471850418763
957	SWEET	14.5236073864	0.496570226851
14514	SWEET	13.6443717489	0.471307317788
440967	SWEET	13.2971848578	0.461161344255
61918	SWEET	13.2007502126	0.458326086035
6590	SWEET	13.0759000312	0.454644336597
14257	SWEET	13.6506908754	0.471491090465
7059	SWEET	13.0611701896	0.454209140895
8186	SWEET	13.4694608152	0.466207882746
8082	SWEET	12.2364209644	0.429564839368
8159	SWEET	16.5111656499	0.551399189548
5363491	SWEET	24.0409789485	0.73045169042
9025	SWEET	13.999392953	0.481582516898
6429333	SWEET	13.7806439369	0.475263298551
196	SWEET	21.4190712315	0.673252204293
6448	SWEET	13.7556952042	0.474540147947
61641	SWEET	13.9132942823	0.479099868177
7969	SWEET	12.7522680394	0.445042585516
7820	SWEET	24.1816615557	0.733365359989
5362588	SWEET	25.2560981944	0.755095729374
31260	SWEET	11.4830177865	0.406576832465
8103	SWEET	12.6014662347	0.440539868883
12580	SWEET	14.0343024367	0.482587439515
7136	SWEET	16.5398838696	0.552168251416
31246	SWEET	14.4246673736	0.493758283409
31252	SWEET	12.2358419004	0.429547345213
33032	SWEET	19.0010510016	0.615626064399
31266	SWEET	18.6196417474	0.606109246374
104721	SWEET	13.1709335636	0.457447946169
31249	SWEET	23.9895046745	0.729381653169
261	SWEET	13.5154863766	0.467552106267
7410	SWEET	13.2025156513	0.458378058242
93375	SWEET	13.7873341013	0.475457131403
7360	SWEET	12.9154755153	0.449895217498
61386	SWEET	14.0928556132	0.484270792793
61130	SWEET	13.995120808	0.481459469747
8615	SWEET	14.971331675	0.509196958149
61005	SWEET	16.7124647236	0.55677599809
638014	SWEET	19.1681479817	0.61975876045
61052	SWEET	15.1491952862	0.514168564322
8456	SWEET	15.5612526636	0.525589072761
61252	SWEET	14.2230251821	0.488003229152
62900	SWEET	13.4247697956	0.464901014197
18635	SWEET	12.4941866856	0.43732558705
5610	SWEET	13.4076800111	0.464400847133
5365027	SWEET	13.585073471	0.469581250354
7127	SWEET	15.6033008479	0.526746834977
61199	SWEET	13.7233951545	0.473603176354
7194	SWEET	14.0014808636	0.481642647995
6276	SWEET	12.4026399022	0.43457540547
8797	FRUIT	5.38791308875	0.203904680569
16220109	FRUIT	7.87450355394	0.290177019669
7695	FRUIT	5.90310775999	0.222185637909
7150	FRUIT	5.37053467492	0.203284329919
61192	FRUIT	6.59996247878	0.246574697263
220674	FRUIT	6.2642393643	0.234873296647
7799	FRUIT	19.153747729	0.619403488333
6999977	FRUIT	11.3120134199	0.401295877752
7720	FRUIT	8.33240660807	0.30552466437
5362798	FRUIT	6.96986504951	0.259362994457
1551246	FRUIT	6.42822613626	0.240600208947
98330	FRUIT	4.02310541247	0.154450065635
556940	FRUIT	8.77323458258	0.320141525287
2214	FRUIT	5.20933716835	0.197518609241
8180	FRUIT	4.38841866204	0.16783345914
6989	FRUIT	4.26550870675	0.163342522459
379	FRUIT	6.50981818191	0.243441634172
7632	FRUIT	4.76089028678	0.181369180942
8118	FRUIT	7.19891187672	0.267226742185
8078	FRUIT	4.18656828951	0.160451789963
957	FRUIT	7.33306021934	0.271812899901
14514	FRUIT	5.25678306341	0.199217815266
440967	FRUIT	5.27660956302	0.199927339129
61918	FRUIT	5.62657648311	0.212399714156
6590	FRUIT	6.53592464425	0.244349661388
14257	FRUIT	7.44773807693	0.275722002092
7059	FRUIT	4.07301800666	0.156284929993
8186	FRUIT	6.89292299521	0.256711964841
8082	FRUIT	3.80467524791	0.14639678842
8159	FRUIT	10.7120299414	0.382582163471
5363491	FRUIT	7.09244939539	0.263576840445
9025	FRUIT	4.65563421144	0.177555396493
6429333	FRUIT	4.93264881485	0.187573542862
196	FRUIT	0.812315732229	0.0322286865496
6448	FRUIT	6.29393001527	0.235911778596
61641	FRUIT	8.3214386632	0.305159009958
7969	FRUIT	4.32402785021	0.165482227269
7820	FRUIT	7.72315429734	0.285067326973
5362588	FRUIT	9.26673826452	0.336320555356
31260	FRUIT	5.4151318862	0.20487581411
8103	FRUIT	8.42508484904	0.308610572076
12580	FRUIT	4.80804865497	0.183075013452
7136	FRUIT	5.45630189575	0.206343583679
31246	FRUIT	10.39763367	0.372661032426
31252	FRUIT	4.23239561758	0.162130555638
33032	FRUIT	3.08601435159	0.119631180232
31266	FRUIT	15.7995198782	0.532130863776
104721	FRUIT	5.26781170647	0.199612532189
31249	FRUIT	12.8913368191	0.449178846771
261	FRUIT	6.47089225996	0.242086711743
7410	FRUIT	5.05063270857	0.19182175204
93375	FRUIT	5.0626682432	0.192254485832
7360	FRUIT	5.09606921942	0.193454800181
61386	FRUIT	8.60461933988	0.314568984002
61130	FRUIT	5.39011573772	0.203983290442
8615	FRUIT	5.46138219341	0.206524609551
61005	FRUIT	6.29155712639	0.235828808626
638014	FRUIT	5.67191696759	0.214008421869
61052	FRUIT	6.89238065514	0.256693261767
8456	FRUIT	4.57905586562	0.174775133577
61252	FRUIT	5.10602715686	0.193812480944
62900	FRUIT	6.81389676483	0.253984194944
18635	FRUIT	5.44437965929	0.205918678422
5610	FRUIT	4.44384488007	0.169854692275
5365027	FRUIT	7.31801103367	0.271299127151
7127	FRUIT	4.890317847	0.186046630422
61199	FRUIT	5.17818212457	0.196401856937
7194	FRUIT	5.35855446859	0.202856536347
6276	FRUIT	8.36456779881	0.306596314168
8797	FISH	1.16754891379	0.0461566883651
16220109	FISH	1.17688494531	0.0465213745425
7695	FISH	1.18494944406	0.0468363356885
7150	FISH	1.25082495125	0.0494071728266
61192	FISH	4.03812496395	0.155002417268
220674	FISH	1.08258283914	0.0428345193243
7799	FISH	1.04709562921	0.0414452614656
6999977	FISH	1.15978117528	0.0458532100613
7720	FISH	1.25292963552	0.0494892523522
5362798	FISH	1.14482928082	0.0452689175998
1551246	FISH	1.18456044222	0.0468211443124
98330	FISH	3.55896194995	0.137291993934
556940	FISH	5.32389400588	0.201618221281
2214	FISH	1.16446842682	0.0460363423858
8180	FISH	1.06129870307	0.0420014061479
6989	FISH	1.22857146637	0.0485391035158
379	FISH	1.09726131448	0.0434088596222
7632	FISH	1.38492226565	0.0546296867532
8118	FISH	6.10907703287	0.229434752438
8078	FISH	1.11994885783	0.0442962401354
957	FISH	1.06203543196	0.0420302495751
14514	FISH	1.15764887577	0.0457698946628
440967	FISH	1.11352017234	0.0440448360238
61918	FISH	1.14932577259	0.0454446510111
6590	FISH	1.13951769402	0.0450613075306
14257	FISH	1.04058891796	0.0411904265999
7059	FISH	1.30246020691	0.0514198472403
8186	FISH	1.06458337503	0.0421299998963
8082	FISH	1.44333067466	0.0568999456119
8159	FISH	1.03538029156	0.0409864067231
5363491	FISH	1.10219262096	0.0436017734089
9025	FISH	1.25092182812	0.0494109509567
6429333	FISH	1.28448359468	0.0507193845452
196	FISH	1.20903792491	0.0477768079148
6448	FISH	1.05485169086	0.0417489827984
61641	FISH	6.30972587775	0.236463978849
7969	FISH	4.60456671709	0.175701854823
7820	FISH	1.17225468584	0.0463405150141
5362588	FISH	1.14566388123	0.0453015369579
31260	FISH	1.27291033683	0.0502682931831
8103	FISH	1.11917176937	0.0442658525952
12580	FISH	1.29936267916	0.0512991698177
7136	FISH	1.18469853929	0.0468265373199
31246	FISH	1.20485378784	0.0476134824536
31252	FISH	1.2340940334	0.0487545661027
33032	FISH	1.29560165925	0.0511526329063
31266	FISH	1.0906699664	0.0431509742659
104721	FISH	1.11250799733	0.0440052502757
31249	FISH	1.1470876999	0.0453571839196
261	FISH	1.24225825847	0.0490730481065
7410	FISH	1.2501940516	0.0493825679974
93375	FISH	1.15283981673	0.0455819768119
7360	FISH	1.29041125493	0.0509503857146
61386	FISH	1.04251784434	0.0412659763915
61130	FISH	1.13027535621	0.0447000052962
8615	FISH	1.31546438244	0.0519263966808
61005	FISH	1.24273987795	0.0490918341564
638014	FISH	1.08100688911	0.0427728452067
61052	FISH	1.26735305115	0.0500516485435
8456	FISH	1.20154513081	0.0474843209518
61252	FISH	3.52812606285	0.136145973108
62900	FISH	1.11721094287	0.0441891735986
18635	FISH	6.16893862662	0.231535223553
5610	FISH	1.48810986768	0.0586386063159
5365027	FISH	1.12614081085	0.0445383551836
7127	FISH	1.24535439108	0.0491938126196
61199	FISH	1.15364318375	0.0456133703119
7194	FISH	1.32294956499	0.0522179043789
6276	FISH	1.16585316859	0.0460904412993
8797	GARLIC	2.29189386979	0.0895746437873
16220109	GARLIC	2.46461142007	0.0961547330222
7695	GARLIC	2.3052886629	0.0900858041884
7150	GARLIC	2.26029254843	0.0883681329753
61192	GARLIC	2.67090804762	0.103982821985
220674	GARLIC	2.58978661656	0.100908666775
7799	GARLIC	2.34206500548	0.0914884928233
6999977	GARLIC	2.5639975906	0.0999302701661
7720	GARLIC	2.82560307721	0.109830509988
5362798	GARLIC	2.65301279935	0.103305121208
1551246	GARLIC	6.18319683574	0.232035104186
98330	GARLIC	4.51149150616	0.172318238002
556940	GARLIC	5.19587624852	0.197036197945
2214	GARLIC	2.32977518471	0.0910198664238
8180	GARLIC	2.45821288627	0.0959113912129
6989	GARLIC	2.29884784787	0.0898400333437
379	GARLIC	2.52651779888	0.0985073950798
7632	GARLIC	2.36009170986	0.0921756552427
8118	GARLIC	10.5316665953	0.376900263302
8078	GARLIC	8.1522669048	0.299506893917
957	GARLIC	2.84504264107	0.110563998591
14514	GARLIC	2.34790673449	0.091711202966
440967	GARLIC	6.11572518363	0.229668169537
61918	GARLIC	2.4300681746	0.0948406344509
6590	GARLIC	2.67474760613	0.104128194343
14257	GARLIC	5.5135795025	0.208383356528
7059	GARLIC	4.59582886684	0.175384497484
8186	GARLIC	2.37349446798	0.0926863883232
8082	GARLIC	8.08285177345	0.297181073821
8159	GARLIC	2.35645371294	0.092036998877
5363491	GARLIC	2.51366783799	0.0980193031198
9025	GARLIC	2.22330423226	0.0869549366066
6429333	GARLIC	2.25805081183	0.0882825150859
196	GARLIC	2.69883786437	0.105040024247
6448	GARLIC	2.50708532772	0.0977692223727
61641	GARLIC	8.40925780799	0.308084065567
7969	GARLIC	4.9058528494	0.186607157104
7820	GARLIC	2.61871919708	0.10200569179
5362588	GARLIC	2.49525220964	0.0973195749497
31260	GARLIC	4.20530466966	0.161138351841
8103	GARLIC	3.37220126315	0.130339353982
12580	GARLIC	2.40801349902	0.0940011283563
7136	GARLIC	2.34558806347	0.0916228091936
31246	GARLIC	2.51477333962	0.0980612996048
31252	GARLIC	4.81750750429	0.18341694875
33032	GARLIC	2.81807570353	0.109546407873
31266	GARLIC	2.4217474763	0.0945239547163
104721	GARLIC	2.44819209544	0.0955302260031
31249	GARLIC	2.45930981671	0.0959531107584
261	GARLIC	2.77268129451	0.107832147156
7410	GARLIC	2.25425904312	0.0881376881913
93375	GARLIC	2.4460096728	0.0954472015842
7360	GARLIC	3.3321967316	0.128846455241
61386	GARLIC	2.38752563566	0.093220913962
61130	GARLIC	2.36277472272	0.0922779071529
8615	GARLIC	2.2122903425	0.0865339222764
61005	GARLIC	2.30760200988	0.0901740695807
638014	GARLIC	2.38725483928	0.093210599304
61052	GARLIC	2.30423132144	0.0900454600644
8456	GARLIC	2.27574099395	0.0889580409294
61252	GARLIC	2.82443120726	0.109786283633
62900	GARLIC	2.42557775359	0.0946697391682
18635	GARLIC	9.78653636092	0.353150936859
5610	GARLIC	2.35879780584	0.0921263413982
5365027	GARLIC	2.56806982991	0.100084800136
7127	GARLIC	2.32769264661	0.0909404446416
61199	GARLIC	2.48086154292	0.0967725921189
7194	GARLIC	2.2372549393	0.0874880737067
6276	GARLIC	3.91313604287	0.150400388239
8797	SPICES	7.48371295028	0.276946134202
16220109	SPICES	5.64219708403	0.212954128187
7695	SPICES	7.06799509456	0.26273718192
7150	SPICES	6.40472919177	0.239780945263
61192	SPICES	7.68069986302	0.283630734367
220674	SPICES	5.98702243025	0.225143122178
7799	SPICES	5.0969161616	0.193485224721
6999977	SPICES	5.50327931922	0.208016739463
7720	SPICES	5.67253284274	0.214030262169
5362798	SPICES	5.37024117464	0.203273850876
1551246	SPICES	5.97081466487	0.22457233549
98330	SPICES	8.2055126521	0.301288330931
556940	SPICES	6.83036039667	0.254552886608
2214	SPICES	6.79203042838	0.253228546199
8180	SPICES	4.96288298659	0.188663236448
6989	SPICES	7.95516463334	0.292892727596
379	SPICES	5.11767449502	0.194230742906
7632	SPICES	6.76726495557	0.252372248231
8118	SPICES	7.05635309712	0.262337276272
8078	SPICES	6.778114909	0.252747459672
957	SPICES	5.03223833867	0.191160164468
14514	SPICES	6.65198614034	0.248379877769
440967	SPICES	6.60077635579	0.246602954832
61918	SPICES	6.13365569836	0.230297535044
6590	SPICES	6.1226233791	0.229910328347
14257	SPICES	4.92558602584	0.187318881954
7059	SPICES	7.19070561179	0.266945725593
8186	SPICES	4.96325476025	0.188676631284
8082	SPICES	6.61542276098	0.247111383117
8159	SPICES	5.134134879	0.194821658778
5363491	SPICES	5.89566553217	0.22192307246
9025	SPICES	6.9370148052	0.258231722445
6429333	SPICES	6.70279855111	0.250140938678
196	SPICES	5.43826957562	0.205700872634
6448	SPICES	6.00314096637	0.22571055807
61641	SPICES	7.49535811555	0.27734216731
7969	SPICES	7.11080470849	0.264206770899
7820	SPICES	5.57665266761	0.210626484714
5362588	SPICES	5.92663989366	0.223015571575
31260	SPICES	6.44635514746	0.241232008024
8103	SPICES	5.20204593356	0.197257324585
12580	SPICES	11.5767539863	0.409461666308
7136	SPICES	6.64343251522	0.248083222375
31246	SPICES	5.25777949052	0.199253481552
31252	SPICES	6.83199355968	0.254609287988
33032	SPICES	5.57400270512	0.210532305742
31266	SPICES	5.24942222287	0.198954315445
104721	SPICES	6.24916602163	0.234345810479
31249	SPICES	5.55988439606	0.210030450043
261	SPICES	5.53406539963	0.209112264046
7410	SPICES	6.49402043391	0.242891896798
93375	SPICES	6.50398454536	0.243238655828
7360	SPICES	6.45387432855	0.241493975603
61386	SPICES	5.09717034656	0.193494355646
61130	SPICES	6.49341331225	0.242870765913
8615	SPICES	6.22140066117	0.233373695972
61005	SPICES	6.49000526656	0.242752143319
638014	SPICES	6.26716434638	0.234975634277
61052	SPICES	6.23493745197	0.233847720067
8456	SPICES	6.96322769032	0.259134491666
61252	SPICES	7.08141737364	0.263198106138
62900	SPICES	5.88308158066	0.221479003672
18635	SPICES	7.76888198896	0.286613068615
5610	SPICES	9.7175799361	0.350930653518
5365027	SPICES	5.42589751227	0.205259754965
7127	SPICES	7.04371011206	0.261902863625
61199	SPICES	6.32872873327	0.237128026379
7194	SPICES	6.28925785455	0.235748408438
6276	SPICES	5.31764441439	0.201394839729
8797	COLD	5.06240208211	0.192244917348
16220109	COLD	4.8866793849	0.185915321232
7695	COLD	5.0531597843	0.19191262185
7150	COLD	4.862291092	0.185034893815
61192	COLD	3.14129334441	0.121704644226
220674	COLD	7.44171585317	0.275516980191
7799	COLD	4.90683131592	0.186642455212
6999977	COLD	4.81363311745	0.183276899182
7720	COLD	5.21472727216	0.197711738677
5362798	COLD	4.94832534573	0.188138644338
1551246	COLD	4.9346929167	0.187647238995
98330	COLD	4.2034781606	0.161071434965
556940	COLD	2.66530136637	0.103770522106
2214	COLD	5.01598678623	0.190575422073
8180	COLD	4.99430780948	0.189795068181
6989	COLD	5.30623775947	0.200987046715
379	COLD	4.90773158351	0.186674931622
7632	COLD	5.04817060227	0.191733213519
8118	COLD	2.8858020855	0.112100941949
8078	COLD	7.18682131109	0.266812692221
957	COLD	5.09209598232	0.193312062695
14514	COLD	4.98185954259	0.189346811903
440967	COLD	6.83649869558	0.254764862057
61918	COLD	4.93307958645	0.187589073776
6590	COLD	4.87181771949	0.185378865623
14257	COLD	5.14176125014	0.195095366504
7059	COLD	4.88872128388	0.185989013039
8186	COLD	5.04115532735	0.19148091428
8082	COLD	6.88600955364	0.256473531116
8159	COLD	5.00328834891	0.190118376235
5363491	COLD	4.84780796161	0.184511821651
9025	COLD	5.10545383204	0.193791889749
6429333	COLD	5.04772738196	0.191717274589
196	COLD	4.72237364153	0.179974620537
6448	COLD	7.74495836634	0.285804582615
61641	COLD	3.00242048922	0.116491008051
7969	COLD	2.63356995752	0.102568522012
7820	COLD	4.75400325816	0.181119911535
5362588	COLD	4.99593888094	0.189853793117
31260	COLD	5.09344044736	0.193360363658
8103	COLD	5.01432407782	0.19051558473
12580	COLD	4.98486754943	0.189455140183
7136	COLD	4.93915708127	0.187808174181
31246	COLD	4.78119458686	0.182103854804
31252	COLD	4.89589660013	0.186247942597
33032	COLD	4.67568887956	0.178282728583
31266	COLD	4.80139310275	0.182834373819
104721	COLD	4.95597010132	0.188414148195
31249	COLD	4.76570289843	0.181543346291
261	COLD	4.68907602792	0.178768067518
7410	COLD	4.986970295	0.189530862711
93375	COLD	5.92913376261	0.223103499635
7360	COLD	5.40175263951	0.204398532949
61386	COLD	4.99884074086	0.189958266133
61130	COLD	6.25425883803	0.234524052076
8615	COLD	4.86690253651	0.185201405341
61005	COLD	4.87016055988	0.185319036844
638014	COLD	5.77841208837	0.217780465029
61052	COLD	4.84186368112	0.184297089682
8456	COLD	5.21184662876	0.197608527038
61252	COLD	3.45900323834	0.133574248172
62900	COLD	5.22001216457	0.197901075784
18635	COLD	2.86456509609	0.111300310568
5610	COLD	4.96229852234	0.188642178244
5365027	COLD	4.98650506279	0.189514109415
7127	COLD	4.95730309281	0.188462182131
61199	COLD	5.2227740548	0.198000014661
7194	COLD	4.85761309511	0.184865961812
6276	COLD	4.93882246902	0.187796111809
8797	SOUR	8.59488303482	0.31424651564
16220109	SOUR	8.33934469677	0.305755919882
7695	SOUR	9.06067189918	0.329588565862
7150	SOUR	8.13912005759	0.299066692179
61192	SOUR	8.96656237336	0.326502798616
220674	SOUR	7.98161353714	0.293782079623
7799	SOUR	8.32836583913	0.305389962545
6999977	SOUR	8.40331278512	0.307886245099
7720	SOUR	8.05462068355	0.2962340616
5362798	SOUR	7.93518471799	0.292220526116
1551246	SOUR	10.2149919034	0.3668612523
98330	SOUR	8.76062275796	0.319725505876
556940	SOUR	9.28620907291	0.336954891338
2214	SOUR	8.15910624004	0.299735843747
8180	SOUR	14.1723805266	0.486552673149
6989	SOUR	7.3095897701	0.271011549761
379	SOUR	15.4351539259	0.522108566349
7632	SOUR	6.29003886502	0.235775719032
8118	SOUR	9.7975437643	0.353505005047
8078	SOUR	6.25210035703	0.234448510731
957	SOUR	7.59140093362	0.280604290091
14514	SOUR	8.15991701656	0.299762982376
440967	SOUR	7.76799772418	0.28658319351
61918	SOUR	8.33056368624	0.305463230917
6590	SOUR	14.6462915299	0.500046118963
14257	SOUR	8.15846611778	0.299714416953
7059	SOUR	7.3683327699	0.273016379673
8186	SOUR	8.69417626774	0.31753157032
8082	SOUR	7.03333153771	0.261546160501
8159	SOUR	8.75639256502	0.3195859383
5363491	SOUR	9.94025197109	0.358086635144
9025	SOUR	7.96694829421	0.293289025719
6429333	SOUR	7.3789546523	0.273378597388
196	SOUR	21.9879565808	0.686130169393
6448	SOUR	8.12165494591	0.298481686212
61641	SOUR	13.9288702543	0.479549439547
7969	SOUR	7.38519299236	0.273591289481
7820	SOUR	12.0193662502	0.422988583985
5362588	SOUR	9.03546527746	0.328762757986
31260	SOUR	7.85511276884	0.289523392109
8103	SOUR	7.68652886343	0.28382806415
12580	SOUR	7.5585920771	0.279490757409
7136	SOUR	9.0378331467	0.328840354673
31246	SOUR	10.3999665664	0.372734940824
31252	SOUR	7.74134845525	0.285682547848
33032	SOUR	14.142133724	0.485685370453
31266	SOUR	10.5012219461	0.375938612901
104721	SOUR	8.20766783274	0.301360388809
31249	SOUR	8.9223636494	0.325051116739
261	SOUR	10.6465230673	0.380521541322
7410	SOUR	8.00241076661	0.294480999434
93375	SOUR	8.34776712882	0.306036598738
7360	SOUR	7.85283971095	0.289446751828
61386	SOUR	8.07752485369	0.297002431043
61130	SOUR	7.47908372219	0.276788671558
8615	SOUR	7.47209202527	0.276550817317
61005	SOUR	8.68851372427	0.317344440676
638014	SOUR	8.19332576511	0.300880795767
61052	SOUR	8.04129210971	0.295786732871
8456	SOUR	7.51464711523	0.277997916103
61252	SOUR	9.36324057387	0.339461513337
62900	SOUR	8.40129675975	0.307819155492
18635	SOUR	13.7140607388	0.473332244773
5610	SOUR	7.36690617734	0.272967724443
5365027	SOUR	8.72620205263	0.3185894412
7127	SOUR	8.31855460284	0.305062843841
61199	SOUR	8.64042317389	0.315754161906
7194	SOUR	7.54572950868	0.27905396682
6276	SOUR	7.79868476186	0.287619596869
8797	BURNT	5.13496747526	0.194851542622
16220109	BURNT	4.22628055688	0.161906643337
7695	BURNT	4.86813225916	0.185245805689
7150	BURNT	5.20833270319	0.197482616309
61192	BURNT	10.2859076895	0.369116348781
220674	BURNT	4.67210642342	0.178152825564
7799	BURNT	4.05867601839	0.155757900327
6999977	BURNT	4.17310873568	0.159958414819
7720	BURNT	4.56552229339	0.174283294211
5362798	BURNT	4.71329855581	0.179645868922
1551246	BURNT	4.46894855297	0.170769341651
98330	BURNT	5.8190667483	0.219218054803
556940	BURNT	14.9662400388	0.509054265192
2214	BURNT	5.2843404782	0.200203917412
8180	BURNT	4.76687782087	0.181585863171
6989	BURNT	5.63447811863	0.212680187277
379	BURNT	4.55793968946	0.174007661893
7632	BURNT	5.22772689939	0.198177424562
8118	BURNT	9.53518270918	0.345039424648
8078	BURNT	5.06408034724	0.192305249984
957	BURNT	4.68553938939	0.178639863828
14514	BURNT	5.32395887993	0.201620539935
440967	BURNT	5.14587748485	0.195243077358
61918	BURNT	5.17714848383	0.196364792784
6590	BURNT	4.8007405264	0.182810777215
14257	BURNT	4.65809563643	0.177644683474
7059	BURNT	6.06794628222	0.227989862455
8186	BURNT	4.77236467092	0.181784401016
8082	BURNT	5.33006943611	0.201838921367
8159	BURNT	4.20787645766	0.161232568593
5363491	BURNT	4.3851284653	0.167713397949
9025	BURNT	5.48688999163	0.207433214953
6429333	BURNT	5.50765849568	0.208172618985
196	BURNT	4.75425000473	0.181128842946
6448	BURNT	4.19943062706	0.160923138046
61641	BURNT	9.22071845569	0.334820078692
7969	BURNT	15.1030472554	0.512881075656
7820	BURNT	4.45621550382	0.170305477506
5362588	BURNT	4.40896995197	0.168583191664
31260	BURNT	4.76027943107	0.181347073138
8103	BURNT	4.56652414216	0.17431970859
12580	BURNT	5.36918437339	0.203236118602
7136	BURNT	5.04084727435	0.191469834477
31246	BURNT	4.26808404636	0.163436745284
31252	BURNT	5.86299824882	0.220770030567
33032	BURNT	4.89752698776	0.186306771272
31266	BURNT	4.15850488452	0.159422930231
104721	BURNT	5.18990158369	0.196822031968
31249	BURNT	4.10696464456	0.157531722346
261	BURNT	4.57267354408	0.174543204427
7410	BURNT	5.43825804807	0.205700461684
93375	BURNT	5.88393156579	0.221509002363
7360	BURNT	5.30917551697	0.201092082811
61386	BURNT	4.58333201919	0.174930507808
61130	BURNT	4.86504377063	0.185134290469
8615	BURNT	4.9874971329	0.189549834256
61005	BURNT	4.83462447476	0.184035541466
638014	BURNT	4.72825172157	0.180187523126
61052	BURNT	4.70527934	0.179355312133
8456	BURNT	5.27763579483	0.19996405596
61252	BURNT	5.8032388812	0.218658522643
62900	BURNT	4.72191620138	0.17995805101
18635	BURNT	9.94356644401	0.35819285231
5610	BURNT	5.66573257352	0.213789092703
5365027	BURNT	4.70983945577	0.179520543151
7127	BURNT	5.31586592796	0.201331264893
61199	BURNT	5.13584894731	0.194883180129
7194	BURNT	5.0486842057	0.191751683345
6276	BURNT	4.519285819	0.172601855035
8797	ACID	6.51527046793	0.243631319009
16220109	ACID	6.16544857939	0.231412840702
7695	ACID	6.32639352921	0.237046439134
7150	ACID	6.36835727744	0.238511901332
61192	ACID	6.67977516063	0.249343247947
220674	ACID	6.19196525837	0.232342436831
7799	ACID	6.23188368522	0.233740797702
6999977	ACID	6.72359319513	0.250861045624
7720	ACID	7.22559926233	0.268140256613
5362798	ACID	6.90639930248	0.257176631569
1551246	ACID	6.5725989209	0.245624334206
98330	ACID	7.00129986588	0.26044471471
556940	ACID	6.3406483365	0.237544404929
2214	ACID	6.57876675602	0.245838601429
8180	ACID	6.89980375376	0.256949233414
6989	ACID	7.30308178449	0.270789269959
379	ACID	6.78662291318	0.253041616301
7632	ACID	7.09476280629	0.26365624854
8118	ACID	7.00183178384	0.260463012022
8078	ACID	7.84987455884	0.289346770118
957	ACID	7.15516126218	0.265727917412
14514	ACID	6.79746485215	0.253416382719
440967	ACID	7.23993530667	0.268630746969
61918	ACID	6.65727107283	0.248563139658
6590	ACID	7.11950252358	0.26450517447
14257	ACID	7.2256471395	0.268141894946
7059	ACID	6.94122672232	0.258376817528
8186	ACID	6.89475549884	0.256775158598
8082	ACID	7.58916178693	0.280528320826
8159	ACID	6.63480369363	0.247783899724
5363491	ACID	6.51104767565	0.243484410292
9025	ACID	6.74664358983	0.251658863702
6429333	ACID	6.49710332921	0.2429991925
196	ACID	6.48671641058	0.242637660507
6448	ACID	6.34869798712	0.237825533032
61641	ACID	6.45675202635	0.241594222362
7969	ACID	7.03135509034	0.261478221851
7820	ACID	6.83782735667	0.254810741083
5362588	ACID	6.78805174685	0.253091011267
31260	ACID	7.3266830806	0.271595209239
8103	ACID	7.05748124855	0.262376033313
12580	ACID	6.99973290011	0.260390811735
7136	ACID	6.26944039879	0.235055262786
31246	ACID	6.58166026996	0.245939110035
31252	ACID	7.07416933894	0.262949224823
33032	ACID	6.63186533819	0.247681958382
31266	ACID	6.20140622892	0.23267327347
104721	ACID	6.63841599001	0.247909212858
31249	ACID	6.51834763121	0.243738362912
261	ACID	6.69500490896	0.249870960066
7410	ACID	6.69420305671	0.249843180443
93375	ACID	6.67745422804	0.249262811134
7360	ACID	7.15832798861	0.265836455707
61386	ACID	6.0134257163	0.226072513114
61130	ACID	6.55088404967	0.244869729254
8615	ACID	5.69694192872	0.214895618213
61005	ACID	6.98226365174	0.259789743788
638014	ACID	6.89252929894	0.256698387903
61052	ACID	6.53789309147	0.244418105229
8456	ACID	6.84360833978	0.255010343548
61252	ACID	8.10750844513	0.29800766053
62900	ACID	6.56410427564	0.245329185049
18635	ACID	6.55977899656	0.245178879669
5610	ACID	6.80891243159	0.253811981863
5365027	ACID	6.9112688081	0.257344497709
7127	ACID	6.48343447319	0.2425234099
61199	ACID	6.71937279118	0.250714923364
7194	ACID	5.79427315687	0.218341485708
6276	ACID	7.03443854456	0.261584211528
8797	WARM	6.21844814546	0.233270286883
16220109	WARM	5.4901175559	0.207548145925
7695	WARM	6.13386871943	0.23030501059
7150	WARM	6.29988095137	0.236119838054
61192	WARM	5.84182554906	0.220022251664
220674	WARM	5.98273311861	0.224992086517
7799	WARM	5.36622461678	0.203130438016
6999977	WARM	5.63323293938	0.212635992235
7720	WARM	5.15958724504	0.195734953586
5362798	WARM	5.18190228168	0.196535246764
1551246	WARM	5.65653995062	0.21346302034
98330	WARM	6.62288222811	0.247370261521
556940	WARM	6.69383841679	0.249830547572
2214	WARM	8.21962593558	0.301760137215
8180	WARM	5.29133803138	0.20045421799
6989	WARM	6.65476381511	0.248476200031
379	WARM	5.26687776608	0.199579110082
7632	WARM	6.03485520899	0.226826417402
8118	WARM	5.64622475127	0.213097048474
8078	WARM	6.0067408697	0.225837260438
957	WARM	5.00173728351	0.190062540999
14514	WARM	6.32295078724	0.236926148826
440967	WARM	6.31662814766	0.236705209444
61918	WARM	5.9826089009	0.224987712331
6590	WARM	5.92543783999	0.222973188161
14257	WARM	4.99268865937	0.189736770355
7059	WARM	6.31867506473	0.23677674076
8186	WARM	5.2723478427	0.199774852998
8082	WARM	6.06078442634	0.227738133909
8159	WARM	5.15363185388	0.195521305641
5363491	WARM	5.39149943983	0.204032671109
9025	WARM	6.31565047535	0.236671042643
6429333	WARM	6.40443484907	0.239770679668
196	WARM	5.52504221184	0.208791251897
6448	WARM	6.24827998345	0.234314798237
61641	WARM	5.80909153167	0.218865443497
7969	WARM	6.27765931211	0.235342769909
7820	WARM	5.5253833148	0.208803388282
5362588	WARM	5.59848096729	0.211402043035
31260	WARM	5.3651104848	0.203090655186
8103	WARM	5.01050936107	0.19037829282
12580	WARM	6.14215186804	0.230595662894
7136	WARM	6.64310709904	0.24807193519
31246	WARM	5.32829205244	0.201775403619
31252	WARM	5.95722015987	0.224093417582
33032	WARM	5.65331817876	0.213348724578
31266	WARM	5.43966338433	0.205750560279
104721	WARM	6.05834821622	0.227652495405
31249	WARM	5.66626249867	0.213807887665
261	WARM	5.5979456227	0.21138302683
7410	WARM	6.19583942981	0.232478206696
93375	WARM	6.49872868769	0.243055757685
7360	WARM	5.99093842253	0.225280999628
61386	WARM	5.39331162887	0.204097341024
61130	WARM	6.68695117083	0.249591920449
8615	WARM	6.07644273302	0.228288446806
61005	WARM	6.03198989979	0.226725635131
638014	WARM	6.048748841	0.227315008623
61052	WARM	5.88916538536	0.22169370784
8456	WARM	7.08225363038	0.263226818621
61252	WARM	6.60309745557	0.24668353982
62900	WARM	5.91012145182	0.222433043843
18635	WARM	5.9210054817	0.222816896902
5610	WARM	6.13155494791	0.230223811485
5365027	WARM	5.09302127242	0.193345304624
7127	WARM	6.62881191306	0.247576017571
61199	WARM	6.42995320459	0.240660408898
7194	WARM	6.02292382883	0.226406708574
6276	WARM	4.97271108563	0.189017301209
8797	MUSKY	7.76247325812	0.286396533892
16220109	MUSKY	7.23618672173	0.26850250956
7695	MUSKY	7.62971044779	0.281903425305
7150	MUSKY	7.748975025	0.285940355425
61192	MUSKY	8.10625934193	0.29796579747
220674	MUSKY	7.24446780095	0.26878578655
7799	MUSKY	6.89383447658	0.256743397547
6999977	MUSKY	7.27304552483	0.269762944511
7720	MUSKY	7.17805626247	0.266512453816
5362798	MUSKY	7.14114499648	0.265247419115
1551246	MUSKY	7.53509179218	0.278692628361
98330	MUSKY	7.58178304547	0.280277948159
556940	MUSKY	7.7008196986	0.284311738332
2214	MUSKY	7.6259896429	0.281777298503
8180	MUSKY	13.4197085073	0.464752909724
6989	MUSKY	7.75112609776	0.286013061597
379	MUSKY	14.2586005901	0.48902094729
7632	MUSKY	8.0469245651	0.295975784621
8118	MUSKY	7.36642700523	0.27295138148
8078	MUSKY	6.74240397454	0.251512154439
957	MUSKY	6.98144870979	0.259761697957
14514	MUSKY	7.7555887441	0.286163887057
440967	MUSKY	7.29104252271	0.270377980481
61918	MUSKY	7.82821381623	0.288616180028
6590	MUSKY	7.95290221497	0.292816627142
14257	MUSKY	6.96141214652	0.259071982231
7059	MUSKY	8.2054042217	0.301284705492
8186	MUSKY	12.3338204639	0.432503567661
8082	MUSKY	7.3073222654	0.27093410714
8159	MUSKY	6.91053818979	0.257319312363
5363491	MUSKY	7.27027847008	0.26966835919
9025	MUSKY	7.71964770709	0.284948723995
6429333	MUSKY	10.6622785341	0.381017467947
196	MUSKY	20.2169050843	0.645186902898
6448	MUSKY	7.23077662166	0.268317412645
61641	MUSKY	7.82772094911	0.288599551862
7969	MUSKY	8.31883019176	0.305072033367
7820	MUSKY	7.59366097993	0.280680964366
5362588	MUSKY	7.42747299481	0.275031977757
31260	MUSKY	7.70945136345	0.284603798408
8103	MUSKY	7.02968490066	0.261420808105
12580	MUSKY	7.8425056458	0.28909826791
7136	MUSKY	8.54515057641	0.312598183707
31246	MUSKY	7.53378532002	0.278648244302
31252	MUSKY	8.17122163282	0.300141320124
33032	MUSKY	11.6426521145	0.411485545276
31266	MUSKY	7.57907032431	0.28018589018
104721	MUSKY	7.78668490416	0.287214411448
31249	MUSKY	7.19956874598	0.267249233788
261	MUSKY	12.2319581018	0.429430004471
7410	MUSKY	7.83565985648	0.288867368105
93375	MUSKY	10.423242026	0.373472091308
7360	MUSKY	7.62930737304	0.281889762525
61386	MUSKY	7.00812951269	0.260679628801
61130	MUSKY	10.2542175977	0.368109112492
8615	MUSKY	8.0143062463	0.294880608008
61005	MUSKY	7.72252050867	0.285045891144
638014	MUSKY	7.48652307326	0.27704171184
61052	MUSKY	7.62103452748	0.281609314191
8456	MUSKY	7.63295386546	0.282013360734
61252	MUSKY	7.4706780543	0.276502709936
62900	MUSKY	7.1764350305	0.266456913321
18635	MUSKY	11.8873207138	0.418969471052
5610	MUSKY	8.13460462919	0.298915468178
5365027	MUSKY	7.08125689637	0.263192596162
7127	MUSKY	7.93632922635	0.292259040418
61199	MUSKY	7.54888006436	0.279160966484
7194	MUSKY	7.86669452793	0.289913827999
6276	MUSKY	7.15377122121	0.265680271774
8797	SWEATY	3.44752640778	0.133146880978
16220109	SWEATY	3.86233878438	0.148526487021
7695	SWEATY	3.23744980782	0.125305559809
7150	SWEATY	3.15366849701	0.122168489885
61192	SWEATY	3.60843099105	0.139128929955
220674	SWEATY	2.52561959824	0.0984732821875
7799	SWEATY	3.83987430583	0.147697118359
6999977	SWEATY	3.34304834665	0.129251544967
7720	SWEATY	3.47878819603	0.134310740916
5362798	SWEATY	4.23337261048	0.162166326956
1551246	SWEATY	3.43010366583	0.13249790217
98330	SWEATY	4.37563762796	0.167367023258
556940	SWEATY	4.36192142354	0.16686631354
2214	SWEATY	2.16113259835	0.0845771062909
8180	SWEATY	9.13127756686	0.331899010673
6989	SWEATY	1.481462558	0.0583806097957
379	SWEATY	9.64285035996	0.348520189172
7632	SWEATY	3.42510405331	0.132311627022
8118	SWEATY	3.6397241535	0.140289929374
8078	SWEATY	3.16560165932	0.122615652827
957	SWEATY	3.90939638798	0.150262503472
14514	SWEATY	4.71906695137	0.179854840898
440967	SWEATY	4.1415068273	0.158799441572
61918	SWEATY	3.30820745341	0.127950603514
6590	SWEATY	5.33453333391	0.201998435
14257	SWEATY	3.99601257649	0.153453256455
7059	SWEATY	3.74155781715	0.144062610727
8186	SWEATY	4.11922392656	0.15798175476
8082	SWEATY	3.93777036464	0.151308400408
8159	SWEATY	3.68093592101	0.141817721139
5363491	SWEATY	3.82053602414	0.146982842761
9025	SWEATY	2.91961111526	0.113374792985
6429333	SWEATY	3.53170305274	0.136278951528
196	SWEATY	14.7964932414	0.504285244758
6448	SWEATY	2.77060184551	0.107753579986
61641	SWEATY	4.33926473831	0.166038902145
7969	SWEATY	4.38347090922	0.167652909484
7820	SWEATY	3.77518618713	0.145306635186
5362588	SWEATY	4.03935385118	0.155047602233
31260	SWEATY	5.11212616432	0.194031513005
8103	SWEATY	3.41920087032	0.132091660976
12580	SWEATY	3.34468982875	0.12931281313
7136	SWEATY	3.39872635037	0.131328517693
31246	SWEATY	3.80906444952	0.146558989189
31252	SWEATY	4.56795025784	0.17437154249
33032	SWEATY	6.73105670635	0.2511194185
31266	SWEATY	4.43498214517	0.169531659156
104721	SWEATY	1.62161922107	0.0638129092835
31249	SWEATY	3.93738004288	0.151294017074
261	SWEATY	5.2178065511	0.197822059962
7410	SWEATY	2.20189714025	0.0861365452034
93375	SWEATY	2.40566827534	0.0939118350734
7360	SWEATY	4.50111989288	0.171940763599
61386	SWEATY	3.77093208133	0.145149311748
61130	SWEATY	2.94099128389	0.114179879463
8615	SWEATY	3.8957602668	0.14975963145
61005	SWEATY	4.14803014308	0.159038744096
638014	SWEATY	2.51352708851	0.0980139561706
61052	SWEATY	4.31620284806	0.165196271112
8456	SWEATY	2.54820679974	0.0993309288319
61252	SWEATY	4.05612797469	0.155664249329
62900	SWEATY	3.2968124936	0.127524910697
18635	SWEATY	5.45387258677	0.206257012994
5610	SWEATY	3.44514981513	0.133058369706
5365027	SWEATY	4.12188310236	0.15807935597
7127	SWEATY	3.2457060392	0.125614398491
61199	SWEATY	4.59490258521	0.175350851501
7194	SWEATY	4.00744748227	0.153874045162
6276	SWEATY	4.6574494972	0.17762124556
8797	AMMONIA/URINOUS	5.51358580707	0.208383580902
16220109	AMMONIA/URINOUS	5.06428603695	0.192312644253
7695	AMMONIA/URINOUS	5.11653597551	0.194189862865
7150	AMMONIA/URINOUS	5.35903750029	0.20287378684
61192	AMMONIA/URINOUS	5.6792512599	0.214268492447
220674	AMMONIA/URINOUS	5.54835671303	0.209620563635
7799	AMMONIA/URINOUS	4.93016735144	0.187484074012
6999977	AMMONIA/URINOUS	4.9035244049	0.18652315556
7720	AMMONIA/URINOUS	5.7558746689	0.216982949474
5362798	AMMONIA/URINOUS	5.54546029791	0.20951755995
1551246	AMMONIA/URINOUS	5.52704356297	0.2088624583
98330	AMMONIA/URINOUS	6.12429103365	0.22996886508
556940	AMMONIA/URINOUS	5.16216059794	0.195827263102
2214	AMMONIA/URINOUS	5.12794751954	0.194599562476
8180	AMMONIA/URINOUS	5.29222104029	0.200485800196
6989	AMMONIA/URINOUS	6.00526098064	0.225785175448
379	AMMONIA/URINOUS	5.25469713146	0.199143148481
7632	AMMONIA/URINOUS	6.20722448916	0.232877125223
8118	AMMONIA/URINOUS	6.61833589478	0.247212487785
8078	AMMONIA/URINOUS	7.42434984534	0.274925605563
957	AMMONIA/URINOUS	5.67212321433	0.21401573587
14514	AMMONIA/URINOUS	5.39984724559	0.204330549713
440967	AMMONIA/URINOUS	6.61730006783	0.247176538638
61918	AMMONIA/URINOUS	5.17198367016	0.196179580773
6590	AMMONIA/URINOUS	5.49573622252	0.20774820225
14257	AMMONIA/URINOUS	6.14489117923	0.230691772127
7059	AMMONIA/URINOUS	6.08547371432	0.228605752442
8186	AMMONIA/URINOUS	5.52310096139	0.208722180764
8082	AMMONIA/URINOUS	7.68343124819	0.283723203629
8159	AMMONIA/URINOUS	5.08333262767	0.192997196866
5363491	AMMONIA/URINOUS	5.06987949745	0.19251370865
9025	AMMONIA/URINOUS	5.42181289883	0.205114093909
6429333	AMMONIA/URINOUS	5.91814877967	0.222716157195
196	AMMONIA/URINOUS	5.06229188032	0.19224095558
6448	AMMONIA/URINOUS	5.65846303499	0.213531239832
61641	AMMONIA/URINOUS	5.37827353947	0.203560611073
7969	AMMONIA/URINOUS	7.23148159468	0.268341533365
7820	AMMONIA/URINOUS	4.82096597423	0.183541953799
5362588	AMMONIA/URINOUS	5.63473802307	0.212689411887
31260	AMMONIA/URINOUS	5.94386927603	0.223622938253
8103	AMMONIA/URINOUS	5.67167113627	0.213999704059
12580	AMMONIA/URINOUS	6.00229227648	0.22568068603
7136	AMMONIA/URINOUS	6.27321139644	0.235187183368
31246	AMMONIA/URINOUS	5.61031397847	0.211822309964
31252	AMMONIA/URINOUS	5.66675795192	0.213825459803
33032	AMMONIA/URINOUS	5.0346957596	0.191248565827
31266	AMMONIA/URINOUS	5.0458357319	0.191649245983
104721	AMMONIA/URINOUS	5.23142246075	0.198309786045
31249	AMMONIA/URINOUS	4.65036668563	0.177364303301
261	AMMONIA/URINOUS	5.64329737826	0.21299317301
7410	AMMONIA/URINOUS	5.89696752565	0.221969010627
93375	AMMONIA/URINOUS	5.91428761926	0.222579985553
7360	AMMONIA/URINOUS	6.12842518357	0.23011396925
61386	AMMONIA/URINOUS	5.04900052565	0.191763058503
61130	AMMONIA/URINOUS	5.79869391059	0.218497815996
8615	AMMONIA/URINOUS	5.46094605741	0.20650906956
61005	AMMONIA/URINOUS	5.13334379608	0.194793264432
638014	AMMONIA/URINOUS	5.90234832852	0.222158846824
61052	AMMONIA/URINOUS	5.35677000577	0.202792806273
8456	AMMONIA/URINOUS	5.41555885125	0.204891042981
61252	AMMONIA/URINOUS	6.30098699811	0.236158505064
62900	AMMONIA/URINOUS	5.35111978647	0.202590998271
18635	AMMONIA/URINOUS	5.88039208764	0.221384079064
5610	AMMONIA/URINOUS	5.68205041841	0.214367737954
5365027	AMMONIA/URINOUS	5.47362960405	0.206960935745
7127	AMMONIA/URINOUS	5.71787389046	0.215637322887
61199	AMMONIA/URINOUS	5.17642422782	0.196338821998
7194	AMMONIA/URINOUS	5.48511327616	0.207369943985
6276	AMMONIA/URINOUS	5.73909538679	0.216388929128
8797	DECAYED	4.08865744174	0.156859449799
16220109	DECAYED	4.37209335419	0.167237654048
7695	DECAYED	4.05808108531	0.155736034574
7150	DECAYED	4.1015922476	0.157334466318
61192	DECAYED	6.85502545645	0.255404468655
220674	DECAYED	4.01948237141	0.154316799443
7799	DECAYED	4.361530879	0.166852054517
6999977	DECAYED	5.10208613018	0.193670932055
7720	DECAYED	4.43269577265	0.169448314181
5362798	DECAYED	4.25428726641	0.162931906598
1551246	DECAYED	4.45724431398	0.170342961809
98330	DECAYED	6.09803961593	0.229047149774
556940	DECAYED	8.83707797519	0.322245540152
2214	DECAYED	4.09389104879	0.157051664384
8180	DECAYED	4.64189115088	0.177056784653
6989	DECAYED	4.07220312821	0.156254989802
379	DECAYED	5.66255041249	0.21367622563
7632	DECAYED	4.13809809168	0.158674381341
8118	DECAYED	9.8016827079	0.353638114754
8078	DECAYED	4.0052093988	0.153791695021
957	DECAYED	4.0272132906	0.154601152869
14514	DECAYED	4.29710493925	0.164498153226
440967	DECAYED	4.07699555274	0.156431065015
61918	DECAYED	4.54535516826	0.173550105288
6590	DECAYED	5.44826693959	0.206057232526
14257	DECAYED	3.90976114021	0.150275952739
7059	DECAYED	4.11578373427	0.157855479072
8186	DECAYED	3.97954675763	0.152847153347
8082	DECAYED	4.14720141218	0.159008344666
8159	DECAYED	4.33380252041	0.165839363102
5363491	DECAYED	4.34734590245	0.16633406954
9025	DECAYED	3.98719507822	0.153128713292
6429333	DECAYED	4.11511564043	0.157830954924
196	DECAYED	5.6395123336	0.2128588536
6448	DECAYED	3.97857604677	0.152811414927
61641	DECAYED	12.1534366954	0.427055058411
7969	DECAYED	7.00409232087	0.260540769139
7820	DECAYED	4.96139100879	0.188609480055
5362588	DECAYED	4.83697200558	0.18412036095
31260	DECAYED	4.74408733127	0.180760947408
8103	DECAYED	4.27978610539	0.163864816573
12580	DECAYED	4.28637061302	0.164105635308
7136	DECAYED	4.24962004674	0.162761093653
31246	DECAYED	6.73744619202	0.251340575205
31252	DECAYED	4.30642489399	0.164838877613
33032	DECAYED	6.15480599411	0.231039585034
31266	DECAYED	5.18212323415	0.19654316888
104721	DECAYED	4.26027658744	0.163151080857
31249	DECAYED	4.51739695258	0.172533128012
261	DECAYED	5.70479409447	0.215173893515
7410	DECAYED	4.16733104512	0.159746582589
93375	DECAYED	4.12438334831	0.158171118731
7360	DECAYED	4.5594689549	0.174063255336
61386	DECAYED	3.95514962718	0.151948701658
61130	DECAYED	4.02944479831	0.154683221779
8615	DECAYED	3.99345855552	0.153359257727
61005	DECAYED	4.14504127458	0.158929104116
638014	DECAYED	4.12532950677	0.158205842855
61052	DECAYED	4.09385793005	0.157050448101
8456	DECAYED	3.92889751383	0.150981406284
61252	DECAYED	5.92296108747	0.222885856281
62900	DECAYED	4.30111279913	0.164644683441
18635	DECAYED	10.742250099	0.383531629085
5610	DECAYED	4.32001255083	0.165335498657
5365027	DECAYED	4.2187089059	0.161629354303
7127	DECAYED	4.12191670355	0.158080589218
61199	DECAYED	4.32034755124	0.165347740864
7194	DECAYED	4.04622355041	0.155300172009
6276	DECAYED	4.54521694429	0.173545078943
8797	WOOD	3.41614801234	0.131977893597
16220109	WOOD	2.94254452184	0.114238353568
7695	WOOD	3.19770383298	0.123818029398
7150	WOOD	3.19049913314	0.123548251438
61192	WOOD	3.28526398929	0.12709337578
220674	WOOD	3.10012569645	0.120160716125
7799	WOOD	2.48397660075	0.0968910081287
6999977	WOOD	2.68427744586	0.104488959672
7720	WOOD	3.05536770755	0.118480599571
5362798	WOOD	3.20273581581	0.12400642595
1551246	WOOD	3.16719587639	0.122675383168
98330	WOOD	3.41864809683	0.132071061949
556940	WOOD	2.54812445092	0.0993278027499
2214	WOOD	3.64407689157	0.140451357106
8180	WOOD	7.79898196017	0.287629630561
6989	WOOD	4.6831784471	0.178554273737
379	WOOD	7.5165360751	0.278062117177
7632	WOOD	3.2647069191	0.126324952257
8118	WOOD	2.84987636728	0.110746336568
8078	WOOD	3.29579480933	0.127486887003
957	WOOD	3.18479423714	0.123334603752
14514	WOOD	3.56195806635	0.137403304547
440967	WOOD	3.27758804219	0.126806488338
61918	WOOD	5.67001958578	0.21394113459
6590	WOOD	3.14545997689	0.121860831689
14257	WOOD	3.25524923213	0.12597131026
7059	WOOD	3.78069000573	0.145510153461
8186	WOOD	3.33051435525	0.128783643862
8082	WOOD	3.30319968398	0.127763536098
8159	WOOD	2.87425519586	0.111665670662
5363491	WOOD	2.94443368712	0.11430947159
9025	WOOD	3.49290931185	0.13483620629
6429333	WOOD	3.2525724672	0.125871207626
196	WOOD	3.10521644229	0.12035171003
6448	WOOD	3.15717180996	0.122299778863
61641	WOOD	1.60109808994	0.06301851756
7969	WOOD	3.28045423545	0.126913617422
7820	WOOD	2.81962513247	0.109604890944
5362588	WOOD	3.02920588042	0.11749779991
31260	WOOD	3.07925764208	0.119377574633
8103	WOOD	3.07421402502	0.119188244252
12580	WOOD	3.4678167451	0.133902368613
7136	WOOD	3.35519151132	0.129704736422
31246	WOOD	2.72748662581	0.106123791715
31252	WOOD	4.27334995022	0.16362939009
33032	WOOD	3.13925196808	0.121628117555
31266	WOOD	2.70654495414	0.10533164393
104721	WOOD	3.79410657196	0.146006165007
31249	WOOD	2.32114681322	0.0906907835173
261	WOOD	2.98894430934	0.11598425714
7410	WOOD	3.27505227513	0.126711704043
93375	WOOD	3.33359864266	0.128898793742
7360	WOOD	3.12197785227	0.120980415807
61386	WOOD	3.14426456787	0.121816022846
61130	WOOD	3.27560812605	0.126732481604
8615	WOOD	3.06026361423	0.118664459214
61005	WOOD	3.14367702599	0.121793998942
638014	WOOD	3.35777211776	0.129801031273
61052	WOOD	2.98306047228	0.115762958979
8456	WOOD	3.75538810529	0.144574348283
61252	WOOD	3.32502599855	0.128578720786
62900	WOOD	3.08814806784	0.119711259318
18635	WOOD	2.73713717745	0.106488719127
5610	WOOD	3.42407470713	0.132273273245
5365027	WOOD	3.20803704065	0.124204880964
7127	WOOD	3.45518018243	0.13343189926
61199	WOOD	3.3633181045	0.130007960711
7194	WOOD	3.07915207547	0.119373612017
6276	WOOD	3.00450272169	0.116569294226
8797	GRASS	3.07622312863	0.11926366565
16220109	GRASS	13.7393829312	0.474067059915
7695	GRASS	3.18628884053	0.123390578991
7150	GRASS	2.97884112772	0.115604247323
61192	GRASS	3.50134240006	0.135149936561
220674	GRASS	3.55131670085	0.13700792791
7799	GRASS	3.34868871878	0.129462062297
6999977	GRASS	4.55551578669	0.173919541834
7720	GRASS	3.32608812121	0.128618379973
5362798	GRASS	3.76545774472	0.144946840978
1551246	GRASS	3.69406163216	0.14230402875
98330	GRASS	3.57606071834	0.137927144629
556940	GRASS	3.15740187857	0.122308400494
2214	GRASS	3.0413732499	0.117954949498
8180	GRASS	3.07758406389	0.119314753087
6989	GRASS	3.14301032872	0.121769007578
379	GRASS	3.16363597486	0.122542001962
7632	GRASS	3.15358792958	0.122165470451
8118	GRASS	3.26806059333	0.126450335717
8078	GRASS	2.8106692012	0.109266823504
957	GRASS	3.31050188121	0.128036306166
14514	GRASS	3.02639699221	0.117392248187
440967	GRASS	4.02151862152	0.154391700051
61918	GRASS	3.28212480585	0.126976054937
6590	GRASS	3.35808920848	0.129812863086
14257	GRASS	3.23171546482	0.125091024655
7059	GRASS	3.05403045036	0.118430377218
8186	GRASS	3.21933014826	0.124627571289
8082	GRASS	2.88380803313	0.112025781816
8159	GRASS	3.75206085276	0.144451249853
5363491	GRASS	3.87093177337	0.148843625817
9025	GRASS	3.09839278579	0.120095696289
6429333	GRASS	3.05288485787	0.118387351933
196	GRASS	2.97583054606	0.115490994867
6448	GRASS	4.72141894062	0.1799400389
61641	GRASS	3.23331054582	0.125150702999
7969	GRASS	2.97407210899	0.115424842396
7820	GRASS	3.22446037589	0.124819557149
5362588	GRASS	4.00321787755	0.153718413752
31260	GRASS	3.35265693615	0.129610154033
8103	GRASS	3.34075208946	0.129165833769
12580	GRASS	3.05953982942	0.11863727959
7136	GRASS	3.16108990143	0.122446600311
31246	GRASS	3.42522909382	0.132316286015
31252	GRASS	3.28768211585	0.127183743156
33032	GRASS	2.85452380588	0.110921629772
31266	GRASS	3.47081123585	0.13401383718
104721	GRASS	3.22156655531	0.124711265784
31249	GRASS	3.42206887478	0.132198532838
261	GRASS	3.36849688598	0.130201166931
7410	GRASS	2.93814205964	0.114072610881
93375	GRASS	3.2799677295	0.126895433857
7360	GRASS	3.50325210165	0.135220973951
61386	GRASS	3.3658410121	0.130102086196
61130	GRASS	3.56197583003	0.137403964476
8615	GRASS	3.07057878459	0.119051769755
61005	GRASS	3.91002442291	0.150285660521
638014	GRASS	3.63838345781	0.140240204638
61052	GRASS	3.32920580722	0.128734787766
8456	GRASS	3.23347268478	0.12515676915
61252	GRASS	3.02834484487	0.117465444795
62900	GRASS	3.28302333802	0.127009636625
18635	GRASS	3.161402392	0.122458309646
5610	GRASS	3.03815741525	0.117834136418
5365027	GRASS	3.86629758434	0.148672600569
7127	GRASS	3.18409900322	0.123308565544
61199	GRASS	3.22460866918	0.124825106339
7194	GRASS	3.07371539466	0.119169525256
6276	GRASS	3.34099167136	0.129174776715
8797	FLOWER	11.312229991	0.401302580693
16220109	FLOWER	8.27628430764	0.303652619529
7695	FLOWER	8.43341318134	0.308887544099
7150	FLOWER	10.9094790785	0.388772469634
61192	FLOWER	8.94831497771	0.325903662732
220674	FLOWER	7.74225852371	0.285713314129
7799	FLOWER	8.20169809811	0.301160783247
6999977	FLOWER	8.76249312809	0.319787210796
7720	FLOWER	5.74612685695	0.216637884736
5362798	FLOWER	6.23756525958	0.233939722236
1551246	FLOWER	4.34999609008	0.16643085721
98330	FLOWER	4.05591232156	0.155656322958
556940	FLOWER	8.38626492033	0.307318821088
2214	FLOWER	7.08911144659	0.263462257423
8180	FLOWER	6.84104653896	0.254921894459
6989	FLOWER	3.93736260572	0.151293374513
379	FLOWER	7.75799841256	0.286245320755
7632	FLOWER	9.41591058113	0.341172674416
8118	FLOWER	2.27896746987	0.0890812217032
8078	FLOWER	3.5570609674	0.137221365606
957	FLOWER	6.90947318449	0.257282599505
14514	FLOWER	6.90952404076	0.257284352643
440967	FLOWER	2.96400521615	0.115046077877
61918	FLOWER	6.93669985563	0.258220872271
6590	FLOWER	3.63215018794	0.140009001523
14257	FLOWER	3.12628810253	0.121142053181
7059	FLOWER	5.39581346887	0.204186617558
8186	FLOWER	6.31315839656	0.236583948286
8082	FLOWER	3.25459408622	0.125946810383
8159	FLOWER	7.89549139639	0.290884142099
5363491	FLOWER	7.74331968704	0.285749187571
9025	FLOWER	6.075900016	0.228269376238
6429333	FLOWER	10.579088782	0.378396703499
196	FLOWER	9.29820773341	0.337345642515
6448	FLOWER	8.2758499319	0.303638120438
61641	FLOWER	6.3735876062	0.238694456659
7969	FLOWER	2.13375114225	0.0835288881153
7820	FLOWER	4.74828539849	0.180912930249
5362588	FLOWER	4.87978609026	0.185666518696
31260	FLOWER	3.29280498213	0.127375173425
8103	FLOWER	5.36989058659	0.203261333499
12580	FLOWER	10.032734602	0.361047078641
7136	FLOWER	9.22214694084	0.334866679954
31246	FLOWER	4.60532830603	0.175729512719
31252	FLOWER	2.33110635536	0.0910706314782
33032	FLOWER	5.53002869405	0.208968660819
31266	FLOWER	7.27566964905	0.269852638425
104721	FLOWER	6.98518118884	0.259890145057
31249	FLOWER	6.16569151099	0.231421359716
261	FLOWER	3.48879580367	0.134683153683
7410	FLOWER	7.15773076148	0.265815986598
93375	FLOWER	6.9214749957	0.257696273382
7360	FLOWER	3.54841251401	0.136900008013
61386	FLOWER	7.44349442061	0.275577533149
61130	FLOWER	7.12559582635	0.264714186702
8615	FLOWER	10.0194745884	0.360623035125
61005	FLOWER	8.92649029727	0.32518672028
638014	FLOWER	7.79240243232	0.287407483026
61052	FLOWER	9.10582544552	0.331066595003
8456	FLOWER	7.09483052024	0.263658572765
61252	FLOWER	3.69407058312	0.142304360336
62900	FLOWER	8.64350059312	0.315855982723
18635	FLOWER	5.55803788902	0.20996480149
5610	FLOWER	10.0682164634	0.362181065434
5365027	FLOWER	6.34541480422	0.237710876554
7127	FLOWER	7.4786452052	0.276773754566
61199	FLOWER	6.58482852387	0.246049154279
7194	FLOWER	9.80192731967	0.353645981115
6276	FLOWER	5.27563563673	0.199892492921
8797	CHEMICAL	18.4514169057	0.601874761896
16220109	CHEMICAL	17.4759438072	0.576874307508
7695	CHEMICAL	17.6699561348	0.58190730547
7150	CHEMICAL	19.7939018014	0.635036652647
61192	CHEMICAL	15.0529796709	0.511482308048
220674	CHEMICAL	18.8652999623	0.612252181426
7799	CHEMICAL	17.8400814789	0.586295856288
6999977	CHEMICAL	13.102568707	0.455431825592
7720	CHEMICAL	19.7852684299	0.63482799846
5362798	CHEMICAL	18.5276187929	0.603795688461
1551246	CHEMICAL	16.2853265513	0.545328317699
98330	CHEMICAL	17.708053383	0.582892073473
556940	CHEMICAL	16.329164186	0.546509926235
2214	CHEMICAL	18.4189650427	0.601055292409
8180	CHEMICAL	18.3152084504	0.598429593784
6989	CHEMICAL	24.1885960129	0.733508569687
379	CHEMICAL	13.9384887043	0.479826961227
7632	CHEMICAL	21.8069982847	0.682061861712
8118	CHEMICAL	18.9539018888	0.614455916829
8078	CHEMICAL	24.4090691372	0.738041703031
957	CHEMICAL	19.2040183885	0.620643006633
14514	CHEMICAL	14.7287885721	0.502376657764
440967	CHEMICAL	20.9478807009	0.662389745693
61918	CHEMICAL	16.2572273353	0.54457011716
6590	CHEMICAL	17.552647499	0.578867726271
14257	CHEMICAL	19.9580326006	0.63899207791
7059	CHEMICAL	18.981203037	0.615133693988
8186	CHEMICAL	18.9285051424	0.613824882925
8082	CHEMICAL	22.4343061605	0.696053009259
8159	CHEMICAL	15.1453878332	0.514062404281
5363491	CHEMICAL	13.9684718281	0.480691591038
9025	CHEMICAL	16.8639845479	0.560801791984
6429333	CHEMICAL	20.2722844364	0.646505170949
196	CHEMICAL	12.9108867368	0.449759070939
6448	CHEMICAL	18.8874744744	0.612804302167
61641	CHEMICAL	15.7401145582	0.530504099807
7969	CHEMICAL	21.1253528112	0.666501899889
7820	CHEMICAL	12.3616469281	0.433341751214
5362588	CHEMICAL	18.5933875113	0.605449876794
31260	CHEMICAL	19.6725021453	0.632097149549
8103	CHEMICAL	19.0968604877	0.617998387314
12580	CHEMICAL	20.907416687	0.66144863847
7136	CHEMICAL	17.1492629218	0.568331629367
31246	CHEMICAL	18.6290589108	0.606345622071
31252	CHEMICAL	17.546186937	0.578700007068
33032	CHEMICAL	11.7748470731	0.415535073487
31266	CHEMICAL	14.5183234284	0.496420251067
104721	CHEMICAL	16.1295189428	0.541116205181
31249	CHEMICAL	13.9918433094	0.481365060699
261	CHEMICAL	18.1005971938	0.592971240244
7410	CHEMICAL	18.0299987393	0.591167607756
93375	CHEMICAL	17.593750141	0.579933988031
7360	CHEMICAL	18.4606610609	0.602108039713
61386	CHEMICAL	18.325662982	0.598694549788
61130	CHEMICAL	18.9055814228	0.613254853338
8615	CHEMICAL	16.8325367505	0.559967752636
61005	CHEMICAL	18.9697679907	0.61484988058
638014	CHEMICAL	18.9712962729	0.614887818007
61052	CHEMICAL	18.8998560712	0.613112419042
8456	CHEMICAL	19.5980039989	0.63028745566
61252	CHEMICAL	18.9821948971	0.615158306641
62900	CHEMICAL	18.4637483427	0.602185932563
18635	CHEMICAL	16.0125716687	0.537941886171
5610	CHEMICAL	18.0151923612	0.590788832125
5365027	CHEMICAL	16.4990740539	0.5510751843
7127	CHEMICAL	17.794278545	0.585116602226
61199	CHEMICAL	15.2414523778	0.516737346879
7194	CHEMICAL	17.8328997383	0.586111064302
6276	CHEMICAL	19.0199131936	0.616093688588
