#oID	descriptor	value	sigma
8797	INTENSITY/STRENGTH	62.9764403988	0.93264479783
16220109	INTENSITY/STRENGTH	38.3706295547	0.945903097218
7695	INTENSITY/STRENGTH	39.6727735793	0.957339357782
61192	INTENSITY/STRENGTH	53.3941701297	0.995391843652
220674	INTENSITY/STRENGTH	34.9778218673	0.90973366566
7799	INTENSITY/STRENGTH	40.5258345931	0.964096075937
6999977	INTENSITY/STRENGTH	55.1313410463	0.989467735627
7720	INTENSITY/STRENGTH	61.4684773347	0.947389611049
5362798	INTENSITY/STRENGTH	50.1192925601	0.999994307714
1551246	INTENSITY/STRENGTH	59.2239689159	0.965967358976
98330	INTENSITY/STRENGTH	40.3634180889	0.962854515628
2214	INTENSITY/STRENGTH	51.1503114041	0.999470713469
8180	INTENSITY/STRENGTH	35.7415895146	0.918679092172
6989	INTENSITY/STRENGTH	60.9839435242	0.951741193862
379	INTENSITY/STRENGTH	57.5668219989	0.977097281935
7632	INTENSITY/STRENGTH	40.3396267099	0.962670875158
8078	INTENSITY/STRENGTH	46.1349548327	0.994024570342
957	INTENSITY/STRENGTH	56.4494397823	0.983361890598
14514	INTENSITY/STRENGTH	70.0173326079	0.839722558107
440967	INTENSITY/STRENGTH	54.9109556483	0.990353005848
61918	INTENSITY/STRENGTH	68.6994224428	0.860132640122
14257	INTENSITY/STRENGTH	40.9432541757	0.96719014203
7059	INTENSITY/STRENGTH	65.1803843217	0.907822372739
8186	INTENSITY/STRENGTH	47.7835796197	0.998034992279
8082	INTENSITY/STRENGTH	47.1521774667	0.996755962728
8159	INTENSITY/STRENGTH	52.1057769176	0.998226281429
5363491	INTENSITY/STRENGTH	58.782649614	0.969146026303
9025	INTENSITY/STRENGTH	53.9385732691	0.993795056242
196	INTENSITY/STRENGTH	58.4637345741	0.971346078824
6448	INTENSITY/STRENGTH	46.6985367554	0.995640136178
7820	INTENSITY/STRENGTH	61.0529643596	0.951132791546
31260	INTENSITY/STRENGTH	30.3530860586	0.845599509032
8103	INTENSITY/STRENGTH	50.1798209435	0.999987065771
12580	INTENSITY/STRENGTH	64.7647050449	0.912801393975
7136	INTENSITY/STRENGTH	43.1439790851	0.981197990886
31246	INTENSITY/STRENGTH	61.2650068328	0.949239848423
33032	INTENSITY/STRENGTH	23.4981187778	0.719060116673
31266	INTENSITY/STRENGTH	58.3986058728	0.971785367757
104721	INTENSITY/STRENGTH	61.7974346334	0.944328214428
31249	INTENSITY/STRENGTH	47.0238553627	0.996457025239
261	INTENSITY/STRENGTH	33.4743388445	0.89076100935
7410	INTENSITY/STRENGTH	70.1102688381	0.838230834904
93375	INTENSITY/STRENGTH	60.762910249	0.953663905189
7360	INTENSITY/STRENGTH	42.130787472	0.975230197676
61386	INTENSITY/STRENGTH	24.5916489001	0.741766277754
8615	INTENSITY/STRENGTH	30.1093165263	0.84174428438
61005	INTENSITY/STRENGTH	38.4220242703	0.946380191201
638014	INTENSITY/STRENGTH	43.399572527	0.98257374287
61052	INTENSITY/STRENGTH	38.4978255094	0.947079992795
8456	INTENSITY/STRENGTH	43.0146318436	0.980481852688
61252	INTENSITY/STRENGTH	40.3189335142	0.962510780679
62900	INTENSITY/STRENGTH	56.5707079737	0.98273031869
5610	INTENSITY/STRENGTH	47.5383089202	0.997576030811
5365027	INTENSITY/STRENGTH	55.9303223264	0.985932510842
7127	INTENSITY/STRENGTH	34.5573545636	0.90460988077
7194	INTENSITY/STRENGTH	30.4082358925	0.846465111663
6276	INTENSITY/STRENGTH	41.6689578817	0.972237494889
8797	VALENCE/PLEASANTNESS	50.5471981505	0.999880229674
16220109	VALENCE/PLEASANTNESS	49.7196273044	0.999968556461
7695	VALENCE/PLEASANTNESS	53.1315891391	0.996077259786
7150	VALENCE/PLEASANTNESS	46.7339657646	0.995733208149
61192	VALENCE/PLEASANTNESS	46.3204815968	0.994584457728
220674	VALENCE/PLEASANTNESS	51.0696806893	0.999542313289
7799	VALENCE/PLEASANTNESS	58.2316041816	0.972896277039
6999977	VALENCE/PLEASANTNESS	55.2317328318	0.989051588631
7720	VALENCE/PLEASANTNESS	41.5843073848	0.971670447123
5362798	VALENCE/PLEASANTNESS	44.5109564086	0.987948160181
1551246	VALENCE/PLEASANTNESS	51.186334333	0.99943704434
98330	VALENCE/PLEASANTNESS	35.8443465746	0.91984699044
556940	VALENCE/PLEASANTNESS	30.8252915757	0.852932222738
2214	VALENCE/PLEASANTNESS	58.1569507206	0.973385661977
8180	VALENCE/PLEASANTNESS	29.4560059385	0.8311777232
6989	VALENCE/PLEASANTNESS	45.2190065622	0.990856840699
379	VALENCE/PLEASANTNESS	41.0303351776	0.967818045189
7632	VALENCE/PLEASANTNESS	52.1019810005	0.998232670349
8118	VALENCE/PLEASANTNESS	30.8496590628	0.853305776795
8078	VALENCE/PLEASANTNESS	39.2530434126	0.953801169643
957	VALENCE/PLEASANTNESS	44.6889254989	0.988716995057
14514	VALENCE/PLEASANTNESS	39.8119327007	0.958481313882
440967	VALENCE/PLEASANTNESS	39.4213004017	0.955236445923
61918	VALENCE/PLEASANTNESS	37.7184653858	0.939665563008
6590	VALENCE/PLEASANTNESS	42.5574504632	0.977843382557
14257	VALENCE/PLEASANTNESS	41.7160571242	0.972550516172
7059	VALENCE/PLEASANTNESS	45.2766548044	0.991076004065
8186	VALENCE/PLEASANTNESS	36.0848271087	0.922547185362
8082	VALENCE/PLEASANTNESS	41.8216132812	0.973245596271
8159	VALENCE/PLEASANTNESS	55.0612802323	0.989753376964
5363491	VALENCE/PLEASANTNESS	52.3722073585	0.997749052899
9025	VALENCE/PLEASANTNESS	46.0111619576	0.993635668429
6429333	VALENCE/PLEASANTNESS	40.5492152904	0.964273067349
196	VALENCE/PLEASANTNESS	26.0727642475	0.770994955698
6448	VALENCE/PLEASANTNESS	52.5565575374	0.997385605423
61641	VALENCE/PLEASANTNESS	36.7495537649	0.929770269828
7969	VALENCE/PLEASANTNESS	21.0791630875	0.665434076913
7820	VALENCE/PLEASANTNESS	44.6143370515	0.988397853842
5362588	VALENCE/PLEASANTNESS	48.8532982282	0.999474030019
31260	VALENCE/PLEASANTNESS	39.2584153613	0.95384734378
8103	VALENCE/PLEASANTNESS	44.2678248592	0.986856867262
12580	VALENCE/PLEASANTNESS	44.6430808556	0.988521366912
7136	VALENCE/PLEASANTNESS	49.7755294641	0.999979845191
31246	VALENCE/PLEASANTNESS	46.3719134957	0.994734795327
31252	VALENCE/PLEASANTNESS	37.7929784643	0.940395450091
33032	VALENCE/PLEASANTNESS	45.1545724548	0.990608732762
31266	VALENCE/PLEASANTNESS	53.3094149492	0.995619109078
104721	VALENCE/PLEASANTNESS	45.3666476943	0.991412818564
31249	VALENCE/PLEASANTNESS	54.4120663849	0.992213468086
261	VALENCE/PLEASANTNESS	33.8794825563	0.896051566938
7410	VALENCE/PLEASANTNESS	42.1216807527	0.975172834335
93375	VALENCE/PLEASANTNESS	40.6959942296	0.96537419065
7360	VALENCE/PLEASANTNESS	41.2931267705	0.969676143426
61386	VALENCE/PLEASANTNESS	42.7055282459	0.978716272731
61130	VALENCE/PLEASANTNESS	42.7618060247	0.97904341919
8615	VALENCE/PLEASANTNESS	57.3773272061	0.978230017317
61005	VALENCE/PLEASANTNESS	45.9297734111	0.993373302206
638014	VALENCE/PLEASANTNESS	56.6041542428	0.982554058695
61052	VALENCE/PLEASANTNESS	48.9432685793	0.999553327482
8456	VALENCE/PLEASANTNESS	48.4954807789	0.999094568765
61252	VALENCE/PLEASANTNESS	33.0797685399	0.885482306935
62900	VALENCE/PLEASANTNESS	50.7787158255	0.999757440665
18635	VALENCE/PLEASANTNESS	21.2240491514	0.668777861103
5610	VALENCE/PLEASANTNESS	44.1023366676	0.986087026887
5365027	VALENCE/PLEASANTNESS	47.818895937	0.998097114027
7127	VALENCE/PLEASANTNESS	48.4245827844	0.999007224239
61199	VALENCE/PLEASANTNESS	47.0669425489	0.996558869595
7194	VALENCE/PLEASANTNESS	48.401650782	0.998978111911
6276	VALENCE/PLEASANTNESS	39.2510472086	0.953784005555
8797	BAKERY	4.01393093349	0.154112580724
16220109	BAKERY	2.19173113523	0.0857477712617
7695	BAKERY	4.03775163809	0.154988690207
7150	BAKERY	1.78257457331	0.0700319540885
61192	BAKERY	4.88860741364	0.185984903568
220674	BAKERY	2.34870466499	0.0917416211583
7799	BAKERY	3.20705464875	0.124168106142
6999977	BAKERY	6.59649266184	0.246454220298
7720	BAKERY	1.85276521437	0.072737512999
5362798	BAKERY	1.93354440553	0.075846338634
1551246	BAKERY	2.55031815848	0.0994110772555
98330	BAKERY	7.21431855628	0.267754185359
556940	BAKERY	3.82248989868	0.147055024337
2214	BAKERY	17.0827479093	0.566581805918
8180	BAKERY	2.10075832775	0.0822650588895
6989	BAKERY	2.97604848274	0.115499193481
379	BAKERY	3.11762384552	0.120817122444
7632	BAKERY	1.52911241604	0.0602292227294
8118	BAKERY	2.07215630499	0.0811687194985
8078	BAKERY	2.42745544662	0.0947412018867
957	BAKERY	1.79178173986	0.070387076873
14514	BAKERY	5.21920062789	0.197872003038
440967	BAKERY	1.07911487225	0.042698799327
61918	BAKERY	9.07570534081	0.330080842659
6590	BAKERY	3.32040851829	0.12840629564
14257	BAKERY	1.47979565884	0.0583159082766
7059	BAKERY	4.77979368023	0.182053176159
8186	BAKERY	1.9033970488	0.0746867138217
8082	BAKERY	2.82769123389	0.10990931427
8159	BAKERY	2.45342356273	0.095729227638
5363491	BAKERY	4.2603164015	0.163152537724
9025	BAKERY	3.05936917025	0.118630870922
6429333	BAKERY	3.68710015345	0.142046123121
196	BAKERY	5.34336694851	0.202314049802
6448	BAKERY	1.85396778042	0.0727838326045
61641	BAKERY	2.59446295245	0.101086022893
7969	BAKERY	3.30987188871	0.128012774781
7820	BAKERY	4.72721948824	0.180150137894
5362588	BAKERY	4.55522459803	0.173908955466
31260	BAKERY	1.99848956061	0.0783419982147
8103	BAKERY	1.8881593104	0.0741003141835
12580	BAKERY	0.314666723802	0.0125470628933
7136	BAKERY	7.93413482433	0.292185194809
31246	BAKERY	2.40929883099	0.0940500648969
31252	BAKERY	6.17801899289	0.231853592245
33032	BAKERY	7.65620579653	0.282801236982
31266	BAKERY	3.16043082254	0.122421903708
104721	BAKERY	7.88226593547	0.290438590908
31249	BAKERY	5.92974323293	0.223124987394
261	BAKERY	3.07906570473	0.119370369944
7410	BAKERY	4.79588985015	0.182635370224
93375	BAKERY	3.23082744957	0.125057799579
7360	BAKERY	4.57704099962	0.17470191826
61386	BAKERY	2.21658881654	0.086698246269
61130	BAKERY	2.43101491414	0.0948766631604
8615	BAKERY	1.26174611209	0.0498330431829
61005	BAKERY	2.91168619781	0.113076281306
638014	BAKERY	2.10459904172	0.0824122268182
61052	BAKERY	2.30237896547	0.0899747790587
8456	BAKERY	3.89723850174	0.149814152894
61252	BAKERY	4.86952888667	0.185296230836
62900	BAKERY	3.05643531629	0.118520693914
18635	BAKERY	3.2068436203	0.12416020641
5610	BAKERY	1.02775136801	0.0406875455707
5365027	BAKERY	1.92048397911	0.0753440556787
7127	BAKERY	5.00670866468	0.190241493926
61199	BAKERY	10.8597293167	0.387215684334
7194	BAKERY	0.791138033157	0.0313951615713
6276	BAKERY	1.9497970463	0.0764711984432
8797	SWEET	19.2244095232	0.621145212321
16220109	SWEET	17.618062367	0.580564046053
7695	SWEET	23.4501915988	0.718043069543
7150	SWEET	16.9325157992	0.562616595453
61192	SWEET	16.266948814	0.544832503074
220674	SWEET	15.4972889387	0.523825171767
7799	SWEET	33.2747773104	0.888106770394
6999977	SWEET	29.8821566396	0.83810895141
7720	SWEET	13.317940432	0.46177060234
5362798	SWEET	11.2607003679	0.399706665606
1551246	SWEET	19.429838838	0.626186098613
98330	SWEET	8.62756006945	0.315328485677
556940	SWEET	12.3170039993	0.431996724965
2214	SWEET	26.4408649019	0.777986861372
8180	SWEET	5.02396877028	0.190862645929
6989	SWEET	5.85509453563	0.220490928617
379	SWEET	18.5765840198	0.605027571253
7632	SWEET	20.7844052425	0.658579609186
8118	SWEET	8.16505655972	0.299935002939
8078	SWEET	8.00416156028	0.294539821498
957	SWEET	15.7575393012	0.530981554118
14514	SWEET	9.98451460773	0.359504371529
440967	SWEET	5.8634237211	0.220785053751
61918	SWEET	8.3241411863	0.305249116856
6590	SWEET	8.75703176379	0.319607028427
14257	SWEET	12.4438866824	0.435815340991
7059	SWEET	13.1343553075	0.456369696561
8186	SWEET	5.20580396066	0.197392000476
8082	SWEET	8.44468573984	0.309262342696
8159	SWEET	24.7672542967	0.745323417709
5363491	SWEET	25.568571963	0.761242129628
9025	SWEET	14.4644681944	0.494890391717
6429333	SWEET	12.4423322115	0.435768636116
196	SWEET	7.51703721466	0.278079149192
6448	SWEET	13.2695333214	0.460349127028
61641	SWEET	12.3243079492	0.432216891396
7969	SWEET	1.67995978253	0.0660694853528
7820	SWEET	20.6256967965	0.654860124523
5362588	SWEET	24.333044495	0.736482958042
31260	SWEET	6.14699038934	0.230765419235
8103	SWEET	13.7141659466	0.47333529882
12580	SWEET	13.7519231404	0.474430769593
7136	SWEET	21.4114567343	0.673078077579
31246	SWEET	20.3033587188	0.647243798647
31252	SWEET	6.61437822761	0.247075129369
33032	SWEET	13.2529469906	0.459861638051
31266	SWEET	28.3988414861	0.813355980343
104721	SWEET	13.754856069	0.474515816569
31249	SWEET	36.2159175651	0.923999628571
261	SWEET	4.6316282347	0.176684337346
7410	SWEET	12.3365466252	0.432585711955
93375	SWEET	9.47507056979	0.343092037871
7360	SWEET	10.1543137061	0.364928513506
61386	SWEET	11.4442855054	0.405382751924
61130	SWEET	10.1763072971	0.365629399802
8615	SWEET	26.0030209505	0.769657998599
61005	SWEET	17.3578143037	0.573795085187
638014	SWEET	19.4168438187	0.625868223196
61052	SWEET	18.4022876329	0.600633829267
8456	SWEET	12.899977286	0.449435325849
61252	SWEET	8.37276791703	0.306869419644
62900	SWEET	17.2705999717	0.571514549516
18635	SWEET	0.0	0.0
5610	SWEET	10.8511935102	0.386948380169
5365027	SWEET	16.5467988034	0.552353331879
7127	SWEET	17.7577571861	0.584175111333
61199	SWEET	13.961407221	0.480487932205
7194	SWEET	15.8197178898	0.532683325948
6276	SWEET	11.76476729	0.415226791846
8797	FRUIT	6.07926500466	0.228387614988
16220109	FRUIT	13.5865509738	0.469624292007
7695	FRUIT	9.63185588584	0.348165176312
7150	FRUIT	6.20472450539	0.23278953774
61192	FRUIT	8.72248292637	0.318466633694
220674	FRUIT	3.37947778059	0.130610763196
7799	FRUIT	19.9687139203	0.639248742559
6999977	FRUIT	18.770473875	0.609886679202
7720	FRUIT	5.8153031296	0.219085024988
5362798	FRUIT	8.06504005697	0.29658365383
1551246	FRUIT	13.5754476337	0.469300793965
98330	FRUIT	1.93547357605	0.0759205198566
556940	FRUIT	9.74184028919	0.35171223068
2214	FRUIT	2.40638905091	0.0939392787307
8180	FRUIT	3.52848974265	0.13615949376
6989	FRUIT	1.41510658635	0.0558032527936
379	FRUIT	13.6149550261	0.4704514009
7632	FRUIT	8.81444897133	0.321500154586
8118	FRUIT	5.35609346312	0.202768643651
8078	FRUIT	1.20885985803	0.0477698574586
957	FRUIT	8.18704678851	0.300670777493
14514	FRUIT	5.63043352897	0.212536628469
440967	FRUIT	4.71714236016	0.179785121588
61918	FRUIT	2.66317503466	0.10369000088
6590	FRUIT	3.43760923685	0.132777506568
14257	FRUIT	7.38516069189	0.273590188298
7059	FRUIT	1.39166127896	0.0548917627121
8186	FRUIT	6.5752234349	0.245715512109
8082	FRUIT	1.15839066536	0.045798879041
8159	FRUIT	15.8256438078	0.53284535154
5363491	FRUIT	16.7127136163	0.556782626083
9025	FRUIT	4.59978066198	0.175528033624
6429333	FRUIT	5.79627747081	0.218412365825
196	FRUIT	2.61640267817	0.101917881937
6448	FRUIT	4.5973854819	0.175441037968
61641	FRUIT	7.52979425141	0.278512649469
7969	FRUIT	4.19255569162	0.160671218374
7820	FRUIT	12.7579602009	0.44521218864
5362588	FRUIT	13.0006467994	0.452419145095
31260	FRUIT	1.27619085732	0.0503961690509
8103	FRUIT	4.74599858863	0.180830142504
12580	FRUIT	3.51399855147	0.135620667731
7136	FRUIT	5.70302877334	0.215111336058
31246	FRUIT	10.7803312099	0.384727031997
31252	FRUIT	1.81381770608	0.0712367343748
33032	FRUIT	3.65863350418	0.14099110052
31266	FRUIT	18.2147787802	0.595879884805
104721	FRUIT	4.88785806166	0.185957859894
31249	FRUIT	23.0033162751	0.708471627143
261	FRUIT	2.56091652902	0.0998133437732
7410	FRUIT	5.69502124004	0.214827542832
93375	FRUIT	4.5602981858	0.174093399615
7360	FRUIT	0.885308784032	0.035098842704
61386	FRUIT	5.6217965099	0.212230021997
61130	FRUIT	8.150994727	0.299464303064
8615	FRUIT	11.4815907495	0.406532859524
61005	FRUIT	7.00346530006	0.260519201519
638014	FRUIT	7.93333134713	0.29215815538
61052	FRUIT	8.04661099904	0.295965260534
8456	FRUIT	2.67784632363	0.104245508572
61252	FRUIT	0.644957673581	0.0256319187829
62900	FRUIT	7.27885551219	0.269961525461
18635	FRUIT	0.471765907765	0.0187816110819
5610	FRUIT	1.65697858201	0.0651809120719
5365027	FRUIT	10.5487576077	0.377439789482
7127	FRUIT	6.29662831283	0.236006121269
61199	FRUIT	4.15573742835	0.159321435705
7194	FRUIT	2.42484903956	0.0946420044365
6276	FRUIT	3.92655298564	0.150894992086
8797	FISH	0.403518552842	0.0160756112247
16220109	FISH	2.12022281676	0.0830107747534
7695	FISH	1.40070251034	0.0552433134046
7150	FISH	0.819079322175	0.0324948165126
61192	FISH	4.33096382916	0.165735654091
220674	FISH	1.26458912781	0.0499438908475
7799	FISH	0.69372765022	0.0275566027877
6999977	FISH	0.883245380597	0.035017766263
7720	FISH	0.6833148968	0.0271458281727
5362798	FISH	0.910363302474	0.036083027562
1551246	FISH	0.637550285974	0.0253394232921
98330	FISH	5.20573043591	0.197389365688
556940	FISH	7.2882625532	0.27028299371
2214	FISH	0.45341530018	0.0180543778334
8180	FISH	0.718965484493	0.0285518548326
6989	FISH	0.528513700794	0.021028817339
379	FISH	0.883527862282	0.0350288658979
7632	FISH	2.35688425838	0.0920534089723
8118	FISH	4.86879846016	0.185269859028
8078	FISH	1.79787592849	0.070622093998
957	FISH	0.554681076214	0.0220641746101
14514	FISH	1.20111854339	0.0474676674334
440967	FISH	0.806763493598	0.0320101928101
61918	FISH	1.0918422523	0.0431968422906
6590	FISH	0.888223758654	0.035213373768
14257	FISH	0.395094442445	0.0157413378504
7059	FISH	0.99841192931	0.0395377466202
8186	FISH	0.778797164506	0.0309092765708
8082	FISH	2.70496801511	0.105271979819
8159	FISH	0.655227796661	0.0260373824803
5363491	FISH	0.75412941358	0.0299376920742
9025	FISH	0.964445046317	0.0382057401537
6429333	FISH	0.548369912293	0.0218145126675
196	FISH	1.79974439538	0.0706941438597
6448	FISH	1.11018225415	0.0439142883109
61641	FISH	5.64696941637	0.213123471219
7969	FISH	6.40979051091	0.239957454679
7820	FISH	1.80638651897	0.0709502478565
5362588	FISH	0.60714491379	0.0241383465731
31260	FISH	1.47345235682	0.0580696695337
8103	FISH	1.53540006782	0.0604730213657
12580	FISH	1.1527002759	0.0455765238657
7136	FISH	1.14365640186	0.0452230760882
31246	FISH	0.806124630141	0.0319850504379
31252	FISH	1.59491715319	0.0627791818373
33032	FISH	1.80042207972	0.0707202753226
31266	FISH	0.813788191907	0.0322866271878
104721	FISH	0.307964195904	0.0122806310578
31249	FISH	1.18001480442	0.0466436182014
261	FISH	2.95331475116	0.114643762838
7410	FISH	1.18994230451	0.0470313071053
93375	FISH	0.912129603095	0.0361523919587
7360	FISH	1.89859768473	0.0745020381219
61386	FISH	0.612463958681	0.024348513507
61130	FISH	0.604947041119	0.0240514972758
8615	FISH	1.5886609217	0.0625368994583
61005	FISH	1.79658526629	0.0705723232041
638014	FISH	0.738364566035	0.0293165097485
61052	FISH	2.17313756393	0.0850364918083
8456	FISH	1.02257383044	0.0404846903222
61252	FISH	4.08824377905	0.156844256283
62900	FISH	0.575174892264	0.0228746652279
18635	FISH	7.70514138019	0.284457973732
5610	FISH	3.05433283474	0.118441733763
5365027	FISH	0.956170823364	0.0378811278772
7127	FISH	0.856417576532	0.0339633226351
61199	FISH	1.2547050386	0.0495584876503
7194	FISH	1.60068339247	0.0630024607697
6276	FISH	1.65831900127	0.0652327512869
8797	GARLIC	1.41137302554	0.0556581314946
16220109	GARLIC	1.79517123344	0.0705177934345
7695	GARLIC	1.82886418098	0.0718166695621
7150	GARLIC	1.59176268373	0.0626570239727
61192	GARLIC	8.59728783565	0.314326170174
220674	GARLIC	1.44491476617	0.0569614791742
7799	GARLIC	1.90348852933	0.0746902337406
6999977	GARLIC	2.19970163079	0.0860525903258
7720	GARLIC	2.1238484395	0.0831496447025
5362798	GARLIC	2.41696869505	0.0943420527329
1551246	GARLIC	2.55188366139	0.0994705023672
98330	GARLIC	12.7003883825	0.443495589273
556940	GARLIC	12.2522291173	0.430042317356
2214	GARLIC	1.6663298981	0.0655425337921
8180	GARLIC	2.02460998455	0.0793447811464
6989	GARLIC	1.43091460881	0.0564175777053
379	GARLIC	2.01582913194	0.0790077384418
7632	GARLIC	1.63696113	0.0644065885036
8118	GARLIC	13.0877470059	0.454994231561
8078	GARLIC	10.2595355519	0.36827819418
957	GARLIC	2.36265028178	0.0922731647296
14514	GARLIC	1.43202860152	0.0564608616945
440967	GARLIC	2.8796588881	0.111869381399
61918	GARLIC	1.51591659371	0.0597174625009
6590	GARLIC	2.88928782206	0.112232319235
14257	GARLIC	2.68334182038	0.104453543485
7059	GARLIC	2.41114635453	0.094120403484
8186	GARLIC	1.64458456259	0.0647015191502
8082	GARLIC	7.99493199976	0.294229704918
8159	GARLIC	1.74389380302	0.0685392858824
5363491	GARLIC	2.13426704845	0.0835486436044
9025	GARLIC	2.70199657883	0.105159548948
6429333	GARLIC	1.47254466665	0.0580344315479
196	GARLIC	2.3826346288	0.0930346060423
6448	GARLIC	1.02764628707	0.0406834287261
61641	GARLIC	15.2289458847	0.516389518285
7969	GARLIC	8.84552691959	0.32252373819
7820	GARLIC	1.42957037013	0.0563653462278
5362588	GARLIC	0.994983558864	0.0394033454416
31260	GARLIC	5.06892342847	0.192479343249
8103	GARLIC	4.23463913375	0.162212697913
12580	GARLIC	1.66522407887	0.0654997746618
7136	GARLIC	2.31802220604	0.0905715974625
31246	GARLIC	1.48632229489	0.0585692302097
31252	GARLIC	2.63067852981	0.102458953382
33032	GARLIC	2.61560366522	0.101887593595
31266	GARLIC	2.47707935887	0.0966288054947
104721	GARLIC	1.48123617677	0.0583718228261
31249	GARLIC	2.229163659	0.0871788781126
261	GARLIC	4.6711157333	0.178116900454
7410	GARLIC	1.10481046534	0.0437041761479
93375	GARLIC	0.578862876769	0.0230204821787
7360	GARLIC	4.58336894502	0.174931849446
61386	GARLIC	3.20297694559	0.124015453298
61130	GARLIC	0.231134251404	0.00922400083931
8615	GARLIC	2.52938019458	0.0986161021158
61005	GARLIC	2.73524023831	0.106416993868
638014	GARLIC	0.530590659207	0.0211110157892
61052	GARLIC	2.11455990006	0.082793850574
8456	GARLIC	1.3830968027	0.0545586894017
61252	GARLIC	9.32745034454	0.33829748181
62900	GARLIC	1.43282341034	0.0564917432434
18635	GARLIC	20.0834728854	0.642000562161
5610	GARLIC	2.03642541618	0.0797982052568
5365027	GARLIC	2.14601390491	0.0839984059245
7127	GARLIC	2.23921009377	0.0875627790132
61199	GARLIC	1.52092292599	0.0599116344208
7194	GARLIC	2.46173095861	0.0960451906194
6276	GARLIC	5.28351918471	0.200174537398
8797	SPICES	8.23764107522	0.302362150815
16220109	SPICES	6.49951914505	0.243083266155
7695	SPICES	7.14397854782	0.265344570116
7150	SPICES	5.81185687621	0.218963202909
61192	SPICES	8.26149754547	0.303158965141
220674	SPICES	6.29828949965	0.236064199737
7799	SPICES	4.57541154235	0.174642705381
6999977	SPICES	4.40051453347	0.168274770075
7720	SPICES	5.67917212529	0.2142656866
5362798	SPICES	5.03854818417	0.191387140245
1551246	SPICES	6.44527466502	0.241194360398
98330	SPICES	10.5068200092	0.376115493685
556940	SPICES	7.18845992403	0.266868814529
2214	SPICES	9.54173226429	0.34525142873
8180	SPICES	4.21051642536	0.161329277587
6989	SPICES	14.6300517049	0.499586703041
379	SPICES	3.84139668973	0.147753336178
7632	SPICES	6.61921806081	0.247243103338
8118	SPICES	9.3524935406	0.339112087453
8078	SPICES	6.94086387875	0.258364318597
957	SPICES	4.39208282674	0.167967156447
14514	SPICES	7.0400356871	0.261776586494
440967	SPICES	9.03664421522	0.32880139314
61918	SPICES	7.69128138271	0.283988931585
6590	SPICES	5.62162170431	0.212223815938
14257	SPICES	4.01550374053	0.154170441505
7059	SPICES	9.00500211014	0.327764059204
8186	SPICES	4.76558928531	0.181539234918
8082	SPICES	6.33733149162	0.237428551491
8159	SPICES	3.93878467184	0.151345776997
5363491	SPICES	7.52619196251	0.278390252318
9025	SPICES	6.78409852303	0.252954343813
6429333	SPICES	9.69941789085	0.350345232666
196	SPICES	4.60693445847	0.175787840297
6448	SPICES	5.86952191467	0.221000361584
61641	SPICES	8.6139241906	0.314877091639
7969	SPICES	8.08447890995	0.2972356367
7820	SPICES	4.65866548937	0.177665353918
5362588	SPICES	7.07346209933	0.262924937545
31260	SPICES	6.63088460782	0.24764793204
8103	SPICES	5.05405293095	0.191944736826
12580	SPICES	9.37713152928	0.339913022884
7136	SPICES	6.43767663067	0.240929593066
31246	SPICES	4.72582470426	0.180099620516
31252	SPICES	6.47838796217	0.242347714252
33032	SPICES	5.16363774733	0.195880247979
31266	SPICES	4.24086687083	0.162440694107
104721	SPICES	8.16426930599	0.299908654919
31249	SPICES	5.65884907255	0.213544933772
261	SPICES	5.28220934276	0.200127679494
7410	SPICES	6.07597723081	0.228272089509
93375	SPICES	6.30634366915	0.236345758577
7360	SPICES	6.53642257677	0.24436697503
61386	SPICES	3.62553667008	0.139763660345
61130	SPICES	9.07842961486	0.330170030885
8615	SPICES	4.86292125018	0.185057648773
61005	SPICES	5.0191724021	0.190690059443
638014	SPICES	9.69509236779	0.350205768303
61052	SPICES	4.83241730887	0.183955789536
8456	SPICES	9.19103150794	0.333851236246
61252	SPICES	8.54366892133	0.312549045398
62900	SPICES	6.66377633166	0.248788687267
18635	SPICES	10.0594505495	0.361901003838
5610	SPICES	8.53402593637	0.312229197982
5365027	SPICES	5.2796298591	0.200035397784
7127	SPICES	8.37264841026	0.30686543985
61199	SPICES	7.62017706148	0.28158024308
7194	SPICES	4.82225222988	0.183588442568
6276	SPICES	5.41248061629	0.204781246083
8797	COLD	6.24681268544	0.234263439927
16220109	COLD	4.63905548351	0.176953885029
7695	COLD	5.3654488638	0.203102737948
7150	COLD	6.70861389167	0.250342355528
61192	COLD	2.54437766793	0.0991855636306
220674	COLD	8.95412937384	0.326094601816
7799	COLD	5.16256779932	0.19584186946
6999977	COLD	4.54210553438	0.173431932301
7720	COLD	5.48970506873	0.207533458052
5362798	COLD	5.56678384234	0.210275720755
1551246	COLD	5.5375305529	0.209235524266
98330	COLD	3.03402342397	0.117678817704
556940	COLD	2.15974493875	0.0845239982699
2214	COLD	5.8148000694	0.219067242837
8180	COLD	5.19299514778	0.196932926469
6989	COLD	7.02144444756	0.26113750505
379	COLD	4.51090138951	0.172296763042
7632	COLD	8.63970114254	0.315730271368
8118	COLD	3.28018250184	0.126903461175
8078	COLD	7.40326399255	0.274207232605
957	COLD	5.6840972255	0.214440304512
14514	COLD	4.31317531321	0.165085620015
440967	COLD	8.41828641674	0.308384438192
61918	COLD	3.87698609495	0.149067035326
6590	COLD	4.37216055491	0.167240107029
14257	COLD	6.34868110966	0.237824943654
7059	COLD	6.88730480586	0.256518205239
8186	COLD	5.81347012289	0.219020230968
8082	COLD	5.81201317477	0.218968728133
8159	COLD	5.19533945203	0.197016957272
5363491	COLD	4.37012322712	0.167165738277
9025	COLD	5.74395547032	0.216561009035
6429333	COLD	6.29987863958	0.236119757234
196	COLD	3.71430320712	0.143053708959
6448	COLD	8.67879340689	0.317023154276
61641	COLD	3.37163842703	0.130318358808
7969	COLD	2.21897166065	0.0867893323337
7820	COLD	4.2329598025	0.162151212624
5362588	COLD	5.442857329	0.205864414798
31260	COLD	4.543631317	0.173487418462
8103	COLD	5.09345180867	0.193360771816
12580	COLD	4.84329359066	0.184348746504
7136	COLD	4.43488356739	0.169528065793
31246	COLD	5.39518570529	0.204164216694
31252	COLD	5.14681439077	0.195276696282
33032	COLD	4.67825617594	0.178375814698
31266	COLD	5.04115190484	0.191480791183
104721	COLD	6.20302375738	0.232729948801
31249	COLD	4.62674227728	0.176506993451
261	COLD	4.18240859564	0.160299327161
7410	COLD	4.67122826411	0.178120981166
93375	COLD	6.68114494502	0.24939071869
7360	COLD	4.51636162303	0.172495455997
61386	COLD	4.34890073186	0.166390854244
61130	COLD	6.92819131529	0.257927718651
8615	COLD	4.18477872913	0.16038619996
61005	COLD	4.08633042397	0.156773978425
638014	COLD	6.93903410215	0.258301286378
61052	COLD	4.60790532459	0.175823096391
8456	COLD	6.33051704916	0.237190503523
61252	COLD	3.65490418474	0.14085283755
62900	COLD	6.0737554773	0.228194016853
18635	COLD	2.27381696087	0.0888845810064
5610	COLD	4.54243039802	0.173443746352
5365027	COLD	5.28129358689	0.200094918695
7127	COLD	4.57328939468	0.174565585432
61199	COLD	4.18832368719	0.160516125364
7194	COLD	4.25410488693	0.162925232122
6276	COLD	4.61593646166	0.176114710699
8797	SOUR	6.09023335963	0.228772957435
16220109	SOUR	7.79307960796	0.287430348408
7695	SOUR	7.40930758592	0.274413167876
7150	SOUR	6.61685485769	0.247161087024
61192	SOUR	10.8220628914	0.386035697566
220674	SOUR	5.19741382626	0.197091308858
7799	SOUR	7.8340780227	0.288814009522
6999977	SOUR	7.42613354804	0.274986358132
7720	SOUR	7.30970923098	0.271015629622
5362798	SOUR	7.03144008204	0.261481143431
1551246	SOUR	8.76823774711	0.319976712608
98330	SOUR	13.8475098845	0.47719898338
556940	SOUR	22.3991266824	0.695276716843
2214	SOUR	5.88504147357	0.221548173685
8180	SOUR	12.9284548922	0.450280217328
6989	SOUR	5.17622277056	0.196331597954
379	SOUR	13.4485735874	0.465597290881
7632	SOUR	4.72244420287	0.179977176415
8118	SOUR	13.375642423	0.463462572828
8078	SOUR	7.90803364835	0.291306547461
957	SOUR	6.5781660126	0.245817733268
14514	SOUR	7.29341950264	0.270459192889
440967	SOUR	7.1428322201	0.265305267954
61918	SOUR	7.72657383354	0.285182976059
6590	SOUR	13.738855982	0.474051773803
14257	SOUR	6.6346815101	0.247779660908
7059	SOUR	7.91665178418	0.291596721178
8186	SOUR	9.52382323143	0.34467164568
8082	SOUR	8.52784847541	0.312024259169
8159	SOUR	6.31734200206	0.236730156094
5363491	SOUR	9.03254686913	0.328667113588
9025	SOUR	6.32305958857	0.236929950518
6429333	SOUR	7.90313660906	0.291141637058
196	SOUR	28.319619333	0.811984437654
6448	SOUR	6.07716909511	0.22831397012
61641	SOUR	19.5837825226	0.629941485746
7969	SOUR	12.9095805856	0.449720315065
7820	SOUR	12.1414112699	0.426690903747
5362588	SOUR	8.33046120251	0.305459814562
31260	SOUR	8.35671922179	0.306334866411
8103	SOUR	7.61354108275	0.281355240183
12580	SOUR	5.80861749189	0.218848684809
7136	SOUR	7.45034391476	0.275810706811
31246	SOUR	11.0262702212	0.392419354851
31252	SOUR	8.74678211244	0.319268805568
33032	SOUR	13.9939646617	0.481426167687
31266	SOUR	11.3662098822	0.402972104454
104721	SOUR	7.47356079957	0.276600787573
31249	SOUR	8.70359552787	0.31784279107
261	SOUR	15.7135003676	0.529774377183
7410	SOUR	5.73383119446	0.216202519712
93375	SOUR	9.49401885487	0.343706196588
7360	SOUR	7.52507600858	0.278352332769
61386	SOUR	7.47471567383	0.276640077191
61130	SOUR	7.4438128668	0.275588374673
8615	SOUR	6.82622329115	0.254410001878
61005	SOUR	8.22316802621	0.301878524094
638014	SOUR	5.8492261436	0.220283667152
61052	SOUR	7.26030095271	0.269327250139
8456	SOUR	5.0721960859	0.192596974182
61252	SOUR	12.4971507428	0.437414519037
62900	SOUR	6.68919335236	0.249669611012
18635	SOUR	21.1822966313	0.667815989022
5610	SOUR	5.99491224053	0.225420900512
5365027	SOUR	6.49034874433	0.242764099044
7127	SOUR	7.12780262078	0.264789876751
61199	SOUR	8.8710957562	0.323365294282
7194	SOUR	7.23742130959	0.268544745499
6276	SOUR	8.78084360364	0.320392458389
8797	BURNT	4.22982316587	0.162036365029
16220109	BURNT	3.17720315644	0.123050278299
7695	BURNT	3.88270505993	0.149278042964
7150	BURNT	3.93339536733	0.151147175047
61192	BURNT	7.13489406048	0.265033077118
220674	BURNT	3.98227643174	0.152947647038
7799	BURNT	3.4801731037	0.134362282215
6999977	BURNT	4.06986026201	0.15616890546
7720	BURNT	4.1403336058	0.158756399285
5362798	BURNT	3.95268067577	0.151857753221
1551246	BURNT	4.73945109202	0.180593085019
98330	BURNT	7.99606211713	0.294267680933
556940	BURNT	17.1555817972	0.568497677168
2214	BURNT	7.3005096076	0.270701408092
8180	BURNT	8.49592004554	0.310964538853
6989	BURNT	6.07798055916	0.228342483295
379	BURNT	5.93771505959	0.223406018332
7632	BURNT	5.06127408359	0.192204365204
8118	BURNT	6.26668893267	0.234959001235
8078	BURNT	5.93209164363	0.223207781238
957	BURNT	3.88373403584	0.149316005409
14514	BURNT	8.05603482149	0.296281514042
440967	BURNT	5.11422171188	0.194106762988
61918	BURNT	8.70478258548	0.317882007475
6590	BURNT	4.71417414607	0.179677590691
14257	BURNT	5.83223890791	0.219683552045
7059	BURNT	9.06353920797	0.329682471129
8186	BURNT	4.41689705706	0.168872290437
8082	BURNT	5.64281215888	0.212975954731
8159	BURNT	3.64488049286	0.140481158192
5363491	BURNT	3.2285709362	0.124973369332
9025	BURNT	5.66346398422	0.213708629649
6429333	BURNT	5.36998755094	0.203264795519
196	BURNT	4.05104219548	0.155477310671
6448	BURNT	2.42820305398	0.0947696541307
61641	BURNT	4.3319284975	0.165770898097
7969	BURNT	14.8729576981	0.506436359649
7820	BURNT	3.51385523203	0.135615337844
5362588	BURNT	3.34921586681	0.129481735903
31260	BURNT	5.14125579127	0.195077227206
8103	BURNT	4.33063005506	0.165723459533
12580	BURNT	6.59470583061	0.246392175228
7136	BURNT	4.95005704575	0.188201055927
31246	BURNT	2.99746948319	0.116304850006
31252	BURNT	8.89056041435	0.324005590782
33032	BURNT	4.06519977088	0.155997651164
31266	BURNT	3.25142387979	0.125828252293
104721	BURNT	4.70414674455	0.179314271144
31249	BURNT	2.97588276829	0.115492959431
261	BURNT	4.12002254353	0.158011067438
7410	BURNT	8.1063643793	0.297969317792
93375	BURNT	5.75953609556	0.217112541408
7360	BURNT	5.1995331661	0.197167268586
61386	BURNT	7.71580573096	0.284818766007
61130	BURNT	3.89027944917	0.14955746829
8615	BURNT	3.43958889261	0.132851247004
61005	BURNT	5.18168088838	0.196527308804
638014	BURNT	3.14488164372	0.121839153528
61052	BURNT	3.98001162265	0.152864267899
8456	BURNT	5.48751910448	0.20745561781
61252	BURNT	9.46889482605	0.342891805351
62900	BURNT	3.79637136414	0.146089880352
18635	BURNT	6.40460363535	0.239776566324
5610	BURNT	5.69188372097	0.214716332722
5365027	BURNT	4.19672950264	0.160824164698
7127	BURNT	5.99526473104	0.225433309563
61199	BURNT	8.42079099791	0.308467751504
7194	BURNT	3.36142079387	0.129937171854
6276	BURNT	4.49582961184	0.171748190914
8797	ACID	6.45643085148	0.241583034323
16220109	ACID	4.32493526586	0.165515384613
7695	ACID	4.18998410218	0.160576977377
7150	ACID	7.60478768065	0.281058388959
61192	ACID	4.62712321291	0.176520820825
220674	ACID	6.65487338371	0.248479999447
7799	ACID	5.16246081066	0.195838031778
6999977	ACID	5.80765978157	0.218814826407
7720	ACID	8.73408875618	0.318849827687
5362798	ACID	8.31737288066	0.305023438572
1551246	ACID	6.88419919552	0.256411088395
98330	ACID	7.42146430471	0.274827319218
556940	ACID	6.84838862586	0.255175374326
2214	ACID	5.31926531352	0.201452779151
8180	ACID	11.722540209	0.41393442878
6989	ACID	10.1676767547	0.365354409951
379	ACID	7.24731036939	0.268883011739
7632	ACID	6.04428143399	0.227157922138
8118	ACID	7.97725110086	0.293635429984
8078	ACID	9.66067712769	0.349095612081
957	ACID	7.54483863154	0.279023709271
14514	ACID	8.36986112606	0.306772614935
440967	ACID	8.73014093673	0.318719493159
61918	ACID	6.95016628624	0.258684726887
6590	ACID	7.54898039781	0.279164373894
14257	ACID	9.31670516074	0.337947808409
7059	ACID	8.42968973713	0.308763721859
8186	ACID	7.36350582343	0.272851745732
8082	ACID	8.63572823912	0.315598808677
8159	ACID	4.86818364145	0.185247660871
5363491	ACID	4.1872771177	0.160477768844
9025	ACID	8.05955078462	0.296399487845
6429333	ACID	7.09007222437	0.263495239316
196	ACID	8.28817353935	0.304049413327
6448	ACID	7.11686810751	0.264414799637
61641	ACID	5.76338341749	0.217248701333
7969	ACID	8.37062147446	0.306797937431
7820	ACID	6.20199521046	0.232693910582
5362588	ACID	8.09125576709	0.297462862728
31260	ACID	9.08889455202	0.33051258041
8103	ACID	7.83883732374	0.288974544714
12580	ACID	7.21575002555	0.26780318165
7136	ACID	4.40522441138	0.168446575609
31246	ACID	8.07588235159	0.296947343761
31252	ACID	8.78687948195	0.320591478866
33032	ACID	5.60122033364	0.211499345655
31266	ACID	5.2014755724	0.197236883644
104721	ACID	6.41207260277	0.240037034085
31249	ACID	5.89056048894	0.221742938408
261	ACID	7.0685031608	0.262754631658
7410	ACID	8.67089102525	0.316761900541
93375	ACID	7.26962338159	0.269645965619
7360	ACID	7.40486919614	0.274261932721
61386	ACID	5.55222582097	0.209758148212
61130	ACID	7.59101123914	0.280591068912
8615	ACID	3.64477121251	0.140477105624
61005	ACID	5.50160181263	0.207957023503
638014	ACID	5.38935538903	0.203956154958
61052	ACID	4.4639132053	0.17058591977
8456	ACID	7.33919575768	0.272022312559
61252	ACID	8.45777968093	0.309697572385
62900	ACID	5.61008435823	0.211814155727
18635	ACID	6.45413390625	0.241503018458
5610	ACID	6.66835682139	0.248947479777
5365027	ACID	7.77748402111	0.286903657765
7127	ACID	5.23681022452	0.19850273645
61199	ACID	5.78055357678	0.21785622321
7194	ACID	4.75575160265	0.181183194784
6276	ACID	7.75845819574	0.2862608584
8797	WARM	6.24162262637	0.234081763851
16220109	WARM	5.25889080554	0.19929325922
7695	WARM	6.21886408374	0.233284855153
7150	WARM	6.38145520351	0.238969019935
61192	WARM	6.04591776151	0.227215461829
220674	WARM	5.67647076964	0.214169902626
7799	WARM	4.80669270059	0.183025990136
6999977	WARM	6.55918514031	0.245158241731
7720	WARM	4.86508123892	0.185135643372
5362798	WARM	4.81900229075	0.183470978399
1551246	WARM	5.43436372782	0.205561625462
98330	WARM	8.73524974518	0.318888154563
556940	WARM	7.62562923873	0.281765081035
2214	WARM	9.33735941926	0.338619864401
8180	WARM	5.35478018293	0.202721738994
6989	WARM	6.39326587093	0.239381095439
379	WARM	5.27139246156	0.199740667069
7632	WARM	6.03452619672	0.226814845301
8118	WARM	5.3615178538	0.202962364673
8078	WARM	5.11055365496	0.193975042734
957	WARM	3.71115074792	0.142936973967
14514	WARM	7.52013757585	0.27818451537
440967	WARM	7.09388252903	0.263626033427
61918	WARM	6.67477837512	0.249170068462
6590	WARM	5.68687027365	0.214538613542
14257	WARM	4.00486209101	0.153778915493
7059	WARM	6.7857364042	0.253010968749
8186	WARM	4.60559107107	0.175739055197
8082	WARM	5.55697764837	0.209927105701
8159	WARM	3.40562945906	0.131585853557
5363491	WARM	4.74962220896	0.180961323907
9025	WARM	5.71884179671	0.21567161127
6429333	WARM	6.20773728993	0.232895090693
196	WARM	5.54315492576	0.209435570418
6448	WARM	7.38041216448	0.273428293092
61641	WARM	5.27876633148	0.200004503666
7969	WARM	5.32548592796	0.201675116971
7820	WARM	5.85186392758	0.220376832532
5362588	WARM	5.24585941082	0.19882676005
31260	WARM	4.81725524582	0.183407830591
8103	WARM	4.40201270484	0.168329421852
12580	WARM	5.99953051385	0.225583473999
7136	WARM	7.53931681796	0.278836153486
31246	WARM	5.08774400088	0.193155704428
31252	WARM	6.27325830363	0.235188824248
33032	WARM	5.25528623575	0.199164236062
31266	WARM	5.37164907751	0.203324117575
104721	WARM	6.52984909615	0.244138392159
31249	WARM	6.4067604245	0.239851785325
261	WARM	4.84078865309	0.18425825221
7410	WARM	6.21997558095	0.233323784747
93375	WARM	7.10411823645	0.263977331091
7360	WARM	6.37550898937	0.238761513625
61386	WARM	6.61758204237	0.24718632486
61130	WARM	7.28476282411	0.270163405203
8615	WARM	6.93129313501	0.258034595591
61005	WARM	6.18967320596	0.23226210648
638014	WARM	5.79713212132	0.21844258852
61052	WARM	5.71783097257	0.21563580249
8456	WARM	7.38009674613	0.273417538652
61252	WARM	7.34742334751	0.272303081961
62900	WARM	5.93070409984	0.223158863546
18635	WARM	5.57546686023	0.210584342125
5610	WARM	6.13782267602	0.23044376016
5365027	WARM	4.54023448071	0.173363887573
7127	WARM	6.86654313343	0.255801959496
61199	WARM	8.16095000371	0.299797558163
7194	WARM	7.12242670789	0.264605483432
6276	WARM	4.62217820344	0.1763413156
8797	MUSKY	5.3721758625	0.203342925101
16220109	MUSKY	7.08106838017	0.263186123445
7695	MUSKY	6.73421276193	0.251228661868
7150	MUSKY	6.05185767993	0.227424314646
61192	MUSKY	9.03352012222	0.328699010569
220674	MUSKY	7.14102242914	0.265243216632
7799	MUSKY	4.56050335143	0.17410085773
6999977	MUSKY	4.0405915067	0.155093108379
7720	MUSKY	6.05567476978	0.227558512024
5362798	MUSKY	5.7897712613	0.218182269949
1551246	MUSKY	5.9264586072	0.223009179639
98330	MUSKY	9.208714309	0.33442840467
556940	MUSKY	12.868133522	0.448489796743
2214	MUSKY	3.84247864526	0.147793288955
8180	MUSKY	12.8558810237	0.448125770189
6989	MUSKY	4.15141501608	0.159162901989
379	MUSKY	12.8284354242	0.447309914793
7632	MUSKY	4.85764016316	0.184866939345
8118	MUSKY	10.2637711589	0.368412846996
8078	MUSKY	8.47270147804	0.310193390987
957	MUSKY	5.2238763239	0.198039499417
14514	MUSKY	12.8062594035	0.446650264176
440967	MUSKY	6.26015680495	0.234730446909
61918	MUSKY	9.27875616028	0.336712120058
6590	MUSKY	12.3210402853	0.432118397926
14257	MUSKY	5.74274370468	0.216518106084
7059	MUSKY	7.66763203811	0.283188249096
8186	MUSKY	12.6277595214	0.441326256645
8082	MUSKY	9.30013203673	0.337408299109
8159	MUSKY	4.15693473043	0.159365346676
5363491	MUSKY	4.55654448328	0.17395694028
9025	MUSKY	5.55008529966	0.209682033253
6429333	MUSKY	10.3877869984	0.372349032445
196	MUSKY	21.2540929874	0.669469132009
6448	MUSKY	6.18118765613	0.231964673909
61641	MUSKY	9.84654537881	0.355080032794
7969	MUSKY	14.1521812117	0.485973555248
7820	MUSKY	7.19637625055	0.267139917566
5362588	MUSKY	4.7299728915	0.180249858238
31260	MUSKY	10.9569081632	0.390254791928
8103	MUSKY	7.38715706895	0.273658246933
12580	MUSKY	6.39900772804	0.23958138916
7136	MUSKY	8.32906971385	0.305413427635
31246	MUSKY	7.48514524469	0.276994850054
31252	MUSKY	10.7015892492	0.382253964984
33032	MUSKY	10.0319634662	0.361022422253
31266	MUSKY	7.68648381529	0.283826539234
104721	MUSKY	5.4207728185	0.20507700156
31249	MUSKY	3.96374659592	0.152265349006
261	MUSKY	15.4589526137	0.522766418183
7410	MUSKY	8.72856551774	0.31866747831
93375	MUSKY	10.6159367674	0.379558225318
7360	MUSKY	7.63299600691	0.28201478906
61386	MUSKY	6.99702708714	0.260297728262
61130	MUSKY	8.4590320133	0.309739191491
8615	MUSKY	8.62895985573	0.315374814953
61005	MUSKY	9.25637951969	0.335982956063
638014	MUSKY	6.22044511782	0.233340229727
61052	MUSKY	8.14502495352	0.299264425544
8456	MUSKY	6.41079403806	0.239992449443
61252	MUSKY	8.885081657	0.323825395859
62900	MUSKY	5.2741113082	0.199837952292
18635	MUSKY	17.2159186212	0.570081603258
5610	MUSKY	8.93005037853	0.325303695236
5365027	MUSKY	6.18537352315	0.232111402678
7127	MUSKY	6.08552727521	0.228607634121
61199	MUSKY	8.58326063015	0.313861479988
7194	MUSKY	8.90573122936	0.324504429682
6276	MUSKY	7.70014134529	0.284288783117
8797	SWEATY	2.7315714315	0.106278264266
16220109	SWEATY	3.42545574027	0.132324730799
7695	SWEATY	1.91435245546	0.0751082000891
7150	SWEATY	2.22666099217	0.0870832320173
61192	SWEATY	5.45446625924	0.2062781695
220674	SWEATY	2.32185986062	0.09071798114
7799	SWEATY	2.77731196292	0.108007093821
6999977	SWEATY	2.90380375848	0.112779319832
7720	SWEATY	2.4014051518	0.0937495073908
5362798	SWEATY	2.54780777076	0.0993157810555
1551246	SWEATY	2.47950562423	0.0967210457128
98330	SWEATY	6.20028723991	0.232634064853
556940	SWEATY	9.77351001072	0.352731801257
2214	SWEATY	0.0	0.0
8180	SWEATY	8.39861356933	0.307729858818
6989	SWEATY	1.77988693853	0.0699282785357
379	SWEATY	8.63442376588	0.315555641128
7632	SWEATY	1.30957828828	0.0516971334141
8118	SWEATY	6.62784471504	0.247542458375
8078	SWEATY	3.25588893151	0.125995232167
957	SWEATY	2.29041891751	0.0895183491733
14514	SWEATY	3.36070459096	0.129910449499
440967	SWEATY	2.29212689758	0.0895835376173
61918	SWEATY	3.73048015369	0.143652613277
6590	SWEATY	8.22330162377	0.301882989113
14257	SWEATY	2.84001041999	0.110374153125
7059	SWEATY	2.35607224924	0.0920224593922
8186	SWEATY	5.11354359854	0.194082412688
8082	SWEATY	7.41134450818	0.27448256936
8159	SWEATY	2.08701590652	0.081738382103
5363491	SWEATY	2.8267063244	0.109872145518
9025	SWEATY	0.54974239372	0.021868809069
6429333	SWEATY	4.25520233145	0.162965394505
196	SWEATY	20.4231845883	0.65008479604
6448	SWEATY	1.05070580903	0.0415866392824
61641	SWEATY	6.8277799762	0.254463767286
7969	SWEATY	5.98689401969	0.225138600786
7820	SWEATY	4.45083125927	0.170109290812
5362588	SWEATY	3.60323811153	0.138936194506
31260	SWEATY	7.80455800011	0.287817869773
8103	SWEATY	3.13782465186	0.121574608656
12580	SWEATY	3.24217358992	0.125482267762
7136	SWEATY	2.79306805913	0.108602230692
31246	SWEATY	5.3382048422	0.202129621313
31252	SWEATY	3.43786900463	0.132787182868
33032	SWEATY	6.49532321112	0.242937238998
31266	SWEATY	3.97444347562	0.152659258649
104721	SWEATY	1.13662140349	0.0449480928536
31249	SWEATY	3.89330642682	0.1496691231
261	SWEATY	8.99049837862	0.327288310706
7410	SWEATY	2.71557111856	0.105673114142
93375	SWEATY	4.02733920795	0.15460578388
7360	SWEATY	3.71871356036	0.143217010197
61386	SWEATY	5.31794305469	0.201405514854
61130	SWEATY	3.39256660814	0.131098861049
8615	SWEATY	3.96381316333	0.152267800616
61005	SWEATY	4.00373796873	0.15373755166
638014	SWEATY	1.44008798645	0.0567739780943
61052	SWEATY	3.42074994111	0.132149385581
8456	SWEATY	0.649333961395	0.0258047046184
61252	SWEATY	6.53684526446	0.244381672174
62900	SWEATY	1.925805647	0.0755487349239
18635	SWEATY	9.2839539135	0.336881436433
5610	SWEATY	3.30511367999	0.127835036625
5365027	SWEATY	2.65674278659	0.10344639857
7127	SWEATY	2.48090185046	0.0967741244216
61199	SWEATY	3.26503907042	0.126337370764
7194	SWEATY	4.15928585589	0.159451570703
6276	SWEATY	4.02978415128	0.154695701929
8797	AMMONIA/URINOUS	5.07244565933	0.192605944387
16220109	AMMONIA/URINOUS	2.53751968153	0.0989251848077
7695	AMMONIA/URINOUS	4.42224212634	0.169067194884
7150	AMMONIA/URINOUS	5.67724872867	0.214197487896
61192	AMMONIA/URINOUS	5.85250835507	0.220399592584
220674	AMMONIA/URINOUS	4.31096959005	0.165005000079
7799	AMMONIA/URINOUS	3.24575478829	0.125616221873
6999977	AMMONIA/URINOUS	4.34374546629	0.166202568781
7720	AMMONIA/URINOUS	6.41839501333	0.240257482714
5362798	AMMONIA/URINOUS	5.95021997399	0.223846751864
1551246	AMMONIA/URINOUS	4.43221447459	0.169430768924
98330	AMMONIA/URINOUS	8.64921052454	0.316044883903
556940	AMMONIA/URINOUS	7.18487339765	0.26674597361
2214	AMMONIA/URINOUS	5.12079559508	0.194342804793
8180	AMMONIA/URINOUS	7.52632977412	0.278394935017
6989	AMMONIA/URINOUS	5.89183173923	0.221787797072
379	AMMONIA/URINOUS	6.63838331079	0.247908079239
7632	AMMONIA/URINOUS	6.96281710857	0.259120355508
8118	AMMONIA/URINOUS	9.41768618096	0.341230322037
8078	AMMONIA/URINOUS	8.88311726697	0.323760781727
957	AMMONIA/URINOUS	7.59981968512	0.280889883706
14514	AMMONIA/URINOUS	7.5259858568	0.278383249025
440967	AMMONIA/URINOUS	7.79751616479	0.287580143256
61918	AMMONIA/URINOUS	3.57677173646	0.137953551037
6590	AMMONIA/URINOUS	5.52868430247	0.208920832052
14257	AMMONIA/URINOUS	6.13685589247	0.230409835601
7059	AMMONIA/URINOUS	5.59913399787	0.211425239304
8186	AMMONIA/URINOUS	5.77108121943	0.217521097401
8082	AMMONIA/URINOUS	10.0392915382	0.361256711691
8159	AMMONIA/URINOUS	3.88865629192	0.149497592574
5363491	AMMONIA/URINOUS	2.55176050631	0.0994658275798
9025	AMMONIA/URINOUS	6.83721302219	0.254789528123
6429333	AMMONIA/URINOUS	5.62680138117	0.212407697734
196	AMMONIA/URINOUS	4.5056796725	0.172106727175
6448	AMMONIA/URINOUS	6.60936689405	0.246901183466
61641	AMMONIA/URINOUS	7.96490218183	0.293220220567
7969	AMMONIA/URINOUS	10.9938778223	0.391408973063
7820	AMMONIA/URINOUS	4.59376296138	0.175309455197
5362588	AMMONIA/URINOUS	4.94788914539	0.188122923018
31260	AMMONIA/URINOUS	7.54268524803	0.278950569621
8103	AMMONIA/URINOUS	6.56739378157	0.24544348683
12580	AMMONIA/URINOUS	7.41476503494	0.274599105188
7136	AMMONIA/URINOUS	4.90892329525	0.186717920643
31246	AMMONIA/URINOUS	6.64227017894	0.248042905906
31252	AMMONIA/URINOUS	7.16613916376	0.266104146345
33032	AMMONIA/URINOUS	2.21425736263	0.086609120238
31266	AMMONIA/URINOUS	3.99225866807	0.153315095014
104721	AMMONIA/URINOUS	3.60498167773	0.139000909951
31249	AMMONIA/URINOUS	2.92847678843	0.113708681017
261	AMMONIA/URINOUS	5.78411520175	0.217982212603
7410	AMMONIA/URINOUS	7.51367021383	0.27796471252
93375	AMMONIA/URINOUS	6.10561739023	0.229313270123
7360	AMMONIA/URINOUS	7.39156989522	0.273808673602
61386	AMMONIA/URINOUS	3.32932361161	0.12873918618
61130	AMMONIA/URINOUS	6.27462470061	0.235236621971
8615	AMMONIA/URINOUS	4.92743992489	0.18738573131
61005	AMMONIA/URINOUS	5.00456059133	0.190164172968
638014	AMMONIA/URINOUS	4.17477927344	0.160019658145
61052	AMMONIA/URINOUS	5.18466252225	0.196634210702
8456	AMMONIA/URINOUS	5.31639891816	0.201350317743
61252	AMMONIA/URINOUS	8.98787178087	0.327202135575
62900	AMMONIA/URINOUS	3.57507973961	0.137890711527
18635	AMMONIA/URINOUS	9.27136508816	0.336471319287
5610	AMMONIA/URINOUS	6.66072343699	0.248682842798
5365027	AMMONIA/URINOUS	6.14019659006	0.230527057937
7127	AMMONIA/URINOUS	5.53983514921	0.209317496576
61199	AMMONIA/URINOUS	4.74819148197	0.180909530339
7194	AMMONIA/URINOUS	4.85497687327	0.184770754755
6276	AMMONIA/URINOUS	7.54998900894	0.279198626744
8797	DECAYED	3.16427092563	0.122565792829
16220109	DECAYED	2.47186898563	0.0964307049125
7695	DECAYED	2.19404388642	0.0858362240267
7150	DECAYED	3.55311677119	0.137074815332
61192	DECAYED	7.66307603589	0.283033947703
220674	DECAYED	1.89697409236	0.0744395594116
7799	DECAYED	2.86093388506	0.111163378324
6999977	DECAYED	3.45709249553	0.133503104412
7720	DECAYED	3.9183171583	0.150591402591
5362798	DECAYED	3.10759066904	0.120440778855
1551246	DECAYED	2.90104978142	0.112675555323
98330	DECAYED	9.0722040503	0.32996620748
556940	DECAYED	16.5910152812	0.553535896024
2214	DECAYED	3.17547914514	0.122985698685
8180	DECAYED	5.89882515297	0.222034550845
6989	DECAYED	2.29276903259	0.0896080453689
379	DECAYED	6.70775399871	0.250312574466
7632	DECAYED	2.96970612201	0.1152605831
8118	DECAYED	13.3666284071	0.463198434293
8078	DECAYED	4.34488300294	0.166244116794
957	DECAYED	3.20529608151	0.124102274072
14514	DECAYED	5.19322455784	0.19694114979
440967	DECAYED	3.7107978651	0.142923906286
61918	DECAYED	6.50732311483	0.243354822945
6590	DECAYED	5.40463685953	0.204501434548
14257	DECAYED	3.04063386888	0.117927173025
7059	DECAYED	2.84099752685	0.110411394295
8186	DECAYED	3.23228936698	0.125112496858
8082	DECAYED	4.33588919125	0.165915593619
8159	DECAYED	2.87858798376	0.111829011838
5363491	DECAYED	2.72032066289	0.105852768712
9025	DECAYED	2.40257530589	0.0937940649954
6429333	DECAYED	3.11895565565	0.120867072473
196	DECAYED	15.7213193665	0.52998882161
6448	DECAYED	2.70862420514	0.105410310172
61641	DECAYED	15.4168422454	0.521602079889
7969	DECAYED	10.2464740144	0.367862868686
7820	DECAYED	5.45427126503	0.206271220588
5362588	DECAYED	3.25215672057	0.125855659489
31260	DECAYED	4.71987437291	0.179884089278
8103	DECAYED	4.9233455456	0.187238089279
12580	DECAYED	3.46043393112	0.133627516048
7136	DECAYED	2.92671302907	0.113642261501
31246	DECAYED	6.84178215042	0.254947292819
31252	DECAYED	4.94213937053	0.187915678198
33032	DECAYED	7.78444966862	0.287138924087
31266	DECAYED	5.85869041012	0.220617915076
104721	DECAYED	2.28367576675	0.0892609606668
31249	DECAYED	2.38803668162	0.0932403795875
261	DECAYED	4.95470617611	0.188368601728
7410	DECAYED	5.23042826355	0.198274178614
93375	DECAYED	3.40486787588	0.131557464934
7360	DECAYED	4.76413654504	0.181486662994
61386	DECAYED	2.33016940472	0.0910349004071
61130	DECAYED	3.3346991853	0.128939879949
8615	DECAYED	2.96130803876	0.11494458343
61005	DECAYED	3.5675249601	0.137610104668
638014	DECAYED	2.09980473209	0.0822285173185
61052	DECAYED	2.85003136211	0.110752182978
8456	DECAYED	2.32393098194	0.0907969771943
61252	DECAYED	10.6001458741	0.379060597944
62900	DECAYED	3.4126176874	0.131846323704
18635	DECAYED	14.8917517394	0.506964361628
5610	DECAYED	4.43452288944	0.169514918275
5365027	DECAYED	4.11342131147	0.157768758505
7127	DECAYED	2.60689636587	0.10155749117
61199	DECAYED	4.41951310114	0.168967685625
7194	DECAYED	3.04888908178	0.118237273418
6276	DECAYED	6.37836197522	0.238861078414
8797	WOOD	3.45429373552	0.133398891336
16220109	WOOD	2.53848155907	0.0989617069124
7695	WOOD	2.61524106184	0.101873848149
7150	WOOD	2.71382781828	0.10560716816
61192	WOOD	4.57218617771	0.174525492531
220674	WOOD	3.04312426209	0.118020728374
7799	WOOD	2.4039301455	0.0938456537623
6999977	WOOD	0.738827001879	0.0293347339397
7720	WOOD	3.29214905759	0.127350664137
5362798	WOOD	3.47681016235	0.134237122932
1551246	WOOD	4.76618584467	0.181560822785
98330	WOOD	3.3992947097	0.131349706579
556940	WOOD	2.86607729239	0.111357332077
2214	WOOD	4.04390426656	0.155214905976
8180	WOOD	8.59833713622	0.314360924845
6989	WOOD	5.53733855336	0.209228694833
379	WOOD	4.3879409265	0.16781602683
7632	WOOD	3.42463145762	0.132294018056
8118	WOOD	2.57142298358	0.100212032879
8078	WOOD	2.95827721986	0.114830527151
957	WOOD	3.06054749293	0.118675119335
14514	WOOD	3.88627853103	0.149409876913
440967	WOOD	3.83981733039	0.147695014363
61918	WOOD	8.4151824038	0.308281178196
6590	WOOD	2.56365954336	0.0999174416326
14257	WOOD	3.80107250358	0.146263639272
7059	WOOD	5.62348291687	0.212289892628
8186	WOOD	3.99891411406	0.153560038926
8082	WOOD	3.15821224355	0.122338767912
8159	WOOD	2.1058325026	0.0824594878924
5363491	WOOD	2.18493472634	0.0854878131502
9025	WOOD	3.37856401635	0.130576682729
6429333	WOOD	2.75363710859	0.107112477413
196	WOOD	3.26458116402	0.12632025049
6448	WOOD	4.64238144553	0.177074575627
61641	WOOD	1.09309047303	0.0432456802084
7969	WOOD	2.7874000294	0.108388161607
7820	WOOD	2.22687147684	0.0870912764439
5362588	WOOD	2.22744835502	0.0871133237312
31260	WOOD	2.69531135937	0.104906573045
8103	WOOD	2.74183909135	0.106666491013
12580	WOOD	3.27405584892	0.126674457276
7136	WOOD	3.12496033509	0.121092262565
31246	WOOD	2.19282220178	0.0857895003879
31252	WOOD	7.36906875848	0.273041480592
33032	WOOD	4.49481042793	0.171711088804
31266	WOOD	2.17651306335	0.085165638888
104721	WOOD	6.45027285876	0.241368506369
31249	WOOD	1.60120926116	0.0630228220072
261	WOOD	2.45931138689	0.0959531704764
7410	WOOD	3.00317076296	0.116519216666
93375	WOOD	3.03735998443	0.117804177107
7360	WOOD	3.17061388664	0.122803438498
61386	WOOD	4.47897205585	0.171134405963
61130	WOOD	3.46005196947	0.133613294926
8615	WOOD	3.79744639136	0.146129616016
61005	WOOD	2.83852771132	0.110318212626
638014	WOOD	3.77825756393	0.145420210469
61052	WOOD	2.24382967876	0.0877392784993
8456	WOOD	4.8352546575	0.184058311259
61252	WOOD	3.09387432719	0.119926149747
62900	WOOD	3.22815986257	0.124957988063
18635	WOOD	2.21160005466	0.0865075322659
5610	WOOD	5.25260250052	0.19906816681
5365027	WOOD	3.44926326359	0.133211563719
7127	WOOD	3.29353100587	0.12740230164
61199	WOOD	3.31275409044	0.128120427752
7194	WOOD	2.95055219962	0.114539784672
6276	WOOD	2.56837318771	0.100096311176
8797	GRASS	3.12591776696	0.121128165924
16220109	GRASS	17.7475252055	0.583911147852
7695	GRASS	3.60139919707	0.138867937412
7150	GRASS	2.79919595663	0.108833639064
61192	GRASS	5.39162294993	0.204037078784
220674	GRASS	4.32207585837	0.165410898444
7799	GRASS	2.63663323163	0.102684595346
6999977	GRASS	5.51079600967	0.208284291323
7720	GRASS	4.02932272789	0.154678732457
5362798	GRASS	7.5432953347	0.278971291586
1551246	GRASS	6.6279956951	0.24754769703
98330	GRASS	1.98632507035	0.0778748078999
556940	GRASS	2.87248193216	0.111598816306
2214	GRASS	2.13443584725	0.0835551073355
8180	GRASS	2.27199252287	0.0888149209053
6989	GRASS	3.37334987971	0.130382199424
379	GRASS	3.01769903394	0.117065358374
7632	GRASS	5.69352624046	0.214774553198
8118	GRASS	2.47472652651	0.0965393525081
8078	GRASS	1.76736399711	0.069445129685
957	GRASS	4.06113799825	0.155848383194
14514	GRASS	2.59328000875	0.101041159868
440967	GRASS	5.23606450373	0.198476031554
61918	GRASS	4.57984483839	0.174803802038
6590	GRASS	2.21814267095	0.0867576440746
14257	GRASS	3.41325526646	0.131870086053
7059	GRASS	2.63316454068	0.102553159428
8186	GRASS	2.9784322535	0.115588866665
8082	GRASS	2.12427963549	0.0831661598316
8159	GRASS	4.13242532309	0.158466237303
5363491	GRASS	5.53323759236	0.209082816393
9025	GRASS	3.49082360356	0.13475860437
6429333	GRASS	3.94355943318	0.151521712926
196	GRASS	1.82245228193	0.0715695583491
6448	GRASS	7.8538083661	0.289479412303
61641	GRASS	0.533797536905	0.021237925552
7969	GRASS	1.36374845682	0.0538060143313
7820	GRASS	2.28334602529	0.0892483733831
5362588	GRASS	4.07762573665	0.156454216807
31260	GRASS	3.37511327128	0.130447975014
8103	GRASS	4.95735254914	0.188463964247
12580	GRASS	3.4086080758	0.131696879426
7136	GRASS	3.17588722657	0.123000985193
31246	GRASS	0.0484492875707	0.00193703256944
31252	GRASS	2.51282462467	0.0979872699492
33032	GRASS	3.39810709962	0.131305431241
31266	GRASS	3.99234647525	0.153318326858
104721	GRASS	3.72702457246	0.143524698033
31249	GRASS	2.48788291019	0.0970394918578
261	GRASS	2.69945058856	0.10506321015
7410	GRASS	2.41764968212	0.0943679752906
93375	GRASS	4.56950570811	0.174428075358
7360	GRASS	2.67754579078	0.104234131047
61386	GRASS	2.62003718873	0.102055649601
61130	GRASS	5.00630204767	0.19022685783
8615	GRASS	3.39562887097	0.131213036667
61005	GRASS	3.90966363523	0.150272357513
638014	GRASS	4.96173658203	0.188621931318
61052	GRASS	4.05379642283	0.155578550738
8456	GRASS	3.95252801245	0.151852129422
61252	GRASS	1.58516925365	0.0624016655211
62900	GRASS	3.75025665916	0.144384496363
18635	GRASS	2.2361782083	0.0874469311405
5610	GRASS	3.40179446831	0.131442896491
5365027	GRASS	7.28754099765	0.270258338389
7127	GRASS	3.53510137335	0.136405278246
61199	GRASS	3.29606850002	0.127497112978
7194	GRASS	2.38896949394	0.0932759096605
6276	GRASS	5.49951083025	0.207882585461
8797	FLOWER	9.69777039894	0.350292115674
16220109	FLOWER	8.17979956183	0.300428334125
7695	FLOWER	10.216907199	0.366922210876
7150	FLOWER	9.54268329235	0.345282209927
61192	FLOWER	5.79184129202	0.21825548146
220674	FLOWER	8.26141217552	0.303156114567
7799	FLOWER	10.2559175661	0.368163164596
6999977	FLOWER	9.00595500267	0.327795309903
7720	FLOWER	4.32991402503	0.165697298816
5362798	FLOWER	7.41204819064	0.274506544273
1551246	FLOWER	6.79040885465	0.253172493221
98330	FLOWER	3.45232897688	0.133325728929
556940	FLOWER	6.24931419496	0.234350996635
2214	FLOWER	7.08754499655	0.263408482231
8180	FLOWER	3.18645564635	0.12339682602
6989	FLOWER	4.30221362017	0.164684927993
379	FLOWER	4.1654932674	0.159679197032
7632	FLOWER	13.0130510491	0.452786242922
8118	FLOWER	2.83059332974	0.11001882975
8078	FLOWER	2.97532016817	0.115471794685
957	FLOWER	8.05324494936	0.296187896289
14514	FLOWER	2.92180462131	0.113457407954
440967	FLOWER	2.91121712418	0.113058610909
61918	FLOWER	3.46800170954	0.133909254039
6590	FLOWER	3.70192117276	0.142595158763
14257	FLOWER	4.39315399146	0.168006238861
7059	FLOWER	3.5898517614	0.138439256188
8186	FLOWER	7.16455257842	0.266049777677
8082	FLOWER	2.18843176944	0.085621577334
8159	FLOWER	9.31758268372	0.337976368522
5363491	FLOWER	6.77788266593	0.252739429264
9025	FLOWER	7.02881476149	0.261390895679
6429333	FLOWER	10.0589597697	0.361885322128
196	FLOWER	2.11415831049	0.0827784662749
6448	FLOWER	8.63514107936	0.31557937859
61641	FLOWER	4.60491099824	0.175714357809
7969	FLOWER	2.42150839718	0.0945148547201
7820	FLOWER	4.63324933498	0.176743173639
5362588	FLOWER	6.25446646489	0.234531318291
31260	FLOWER	3.64341277535	0.140426728353
8103	FLOWER	6.08023174808	0.228421582679
12580	FLOWER	7.6606525602	0.282951863349
7136	FLOWER	9.4440178383	0.34208492436
31246	FLOWER	6.11824008568	0.229756458729
31252	FLOWER	1.72906474678	0.0679667239119
33032	FLOWER	4.10686342825	0.157528006243
31266	FLOWER	6.75422616803	0.251921218269
104721	FLOWER	4.62328422859	0.17638146632
31249	FLOWER	6.75877284074	0.252078509504
261	FLOWER	3.21624126197	0.124511967337
7410	FLOWER	8.02002717572	0.295072752669
93375	FLOWER	5.99852954843	0.22554823924
7360	FLOWER	3.55838527921	0.13727056885
61386	FLOWER	6.09302080909	0.228870871332
61130	FLOWER	6.36250951997	0.238307769842
8615	FLOWER	22.3428770319	0.694033419652
61005	FLOWER	10.1998054867	0.366377806681
638014	FLOWER	8.39202926644	0.307510708574
61052	FLOWER	14.6437195146	0.499973372094
8456	FLOWER	7.39780934262	0.274021340477
61252	FLOWER	3.38618741759	0.130860990613
62900	FLOWER	7.42913987446	0.275088747269
18635	FLOWER	2.80379403472	0.109007256993
5610	FLOWER	8.18252065017	0.300519368331
5365027	FLOWER	6.9572852684	0.258929883414
7127	FLOWER	6.98874235997	0.260012686489
61199	FLOWER	4.24030052516	0.162419961589
7194	FLOWER	14.8485449802	0.505750083997
6276	FLOWER	4.50294840397	0.172007318427
8797	CHEMICAL	17.0768946613	0.566427653942
16220109	CHEMICAL	9.88691561848	0.35637618456
7695	CHEMICAL	15.4007909719	0.521157893851
7150	CHEMICAL	28.8559934656	0.821172395069
61192	CHEMICAL	4.93224283967	0.187558905815
220674	CHEMICAL	18.5238218329	0.603700083196
7799	CHEMICAL	14.9314224808	0.508077948311
6999977	CHEMICAL	11.6379673543	0.411341780515
7720	CHEMICAL	26.1854057521	0.773146040323
5362798	CHEMICAL	20.3677546064	0.648772013174
1551246	CHEMICAL	15.082229958	0.512299734119
98330	CHEMICAL	10.1834758221	0.365857760956
556940	CHEMICAL	7.34307000744	0.272154529444
2214	CHEMICAL	16.011723854	0.53791883385
8180	CHEMICAL	28.229651144	0.810420764275
6989	CHEMICAL	30.8804061761	0.853776452803
379	CHEMICAL	19.7065631417	0.632923073326
7632	CHEMICAL	16.1591381551	0.541918427839
8118	CHEMICAL	22.7146979439	0.702204916684
8078	CHEMICAL	25.9605067022	0.768841104793
957	CHEMICAL	27.6181431638	0.799620993826
14514	CHEMICAL	17.5988061961	0.580065056033
440967	CHEMICAL	26.7859261211	0.784442709579
61918	CHEMICAL	11.6319103921	0.411155879937
6590	CHEMICAL	15.5385565681	0.524963566637
14257	CHEMICAL	26.0466448096	0.770494710048
7059	CHEMICAL	24.3474144605	0.736777942054
8186	CHEMICAL	20.8960459919	0.661183944437
8082	CHEMICAL	19.5499740907	0.629118368849
8159	CHEMICAL	14.9878945684	0.509660989299
5363491	CHEMICAL	9.80871333116	0.353864190361
9025	CHEMICAL	21.5123557851	0.675381650835
6429333	CHEMICAL	22.4600668767	0.696620833426
196	CHEMICAL	9.18572041505	0.333677832785
6448	CHEMICAL	19.8943729215	0.637460487285
61641	CHEMICAL	14.1690372418	0.486456843129
7969	CHEMICAL	22.8455701119	0.705054774981
7820	CHEMICAL	11.9064720988	0.419553252816
5362588	CHEMICAL	21.2173350612	0.668623279608
31260	CHEMICAL	22.0409868648	0.687317433803
8103	CHEMICAL	25.0648112398	0.751294544596
12580	CHEMICAL	13.9718442209	0.480788796463
7136	CHEMICAL	9.14045302572	0.332198968422
31246	CHEMICAL	26.2587723672	0.774541644194
31252	CHEMICAL	17.1451864656	0.568224491049
33032	CHEMICAL	10.1972518933	0.366296497262
31266	CHEMICAL	11.081834337	0.394150552572
104721	CHEMICAL	16.6186688443	0.554274692111
31249	CHEMICAL	9.80413184056	0.353716873164
261	CHEMICAL	15.4386921956	0.522206401141
7410	CHEMICAL	25.3045690281	0.756054275645
93375	CHEMICAL	16.5648571846	0.552836489964
7360	CHEMICAL	18.4490296953	0.601814509132
61386	CHEMICAL	9.85642412814	0.355397326488
61130	CHEMICAL	19.5071587642	0.628074653348
8615	CHEMICAL	14.9950453702	0.509861260547
61005	CHEMICAL	13.1422519331	0.456602562974
638014	CHEMICAL	17.6746875983	0.582029671254
61052	CHEMICAL	15.0052668531	0.51014746079
8456	CHEMICAL	21.2016412787	0.668261813985
61252	CHEMICAL	18.094362452	0.592812117061
62900	CHEMICAL	16.8211898735	0.559666623436
18635	CHEMICAL	10.159833377	0.365104449381
5610	CHEMICAL	13.7026016691	0.472999549764
5365027	CHEMICAL	19.1854934477	0.620186474375
7127	CHEMICAL	14.6802182876	0.501005207915
61199	CHEMICAL	12.8969164203	0.449344475551
7194	CHEMICAL	17.8677442975	0.587007257387
6276	CHEMICAL	22.2952176617	0.692978014235
