#oID	descriptor	value	sigma
8797	INTENSITY/STRENGTH	52.5894128397	0.997317976458
16220109	INTENSITY/STRENGTH	51.1808940588	0.999442195689
7695	INTENSITY/STRENGTH	51.9110052837	0.998539223522
61192	INTENSITY/STRENGTH	51.9281326107	0.998512921854
220674	INTENSITY/STRENGTH	49.3467546742	0.999829308218
7799	INTENSITY/STRENGTH	47.6798448795	0.997846752087
6999977	INTENSITY/STRENGTH	50.9008889319	0.999675359653
7720	INTENSITY/STRENGTH	50.8800576626	0.999690199404
5362798	INTENSITY/STRENGTH	48.8709952095	0.999490139273
1551246	INTENSITY/STRENGTH	51.9326895321	0.998505884469
98330	INTENSITY/STRENGTH	41.7014898877	0.972453891967
2214	INTENSITY/STRENGTH	52.3512790303	0.997788594769
8180	INTENSITY/STRENGTH	45.4464547418	0.991706090233
6989	INTENSITY/STRENGTH	52.3996594657	0.99769665378
379	INTENSITY/STRENGTH	48.1911568797	0.998691234626
7632	INTENSITY/STRENGTH	52.1668702648	0.998121869302
8078	INTENSITY/STRENGTH	51.1185365886	0.99949955036
957	INTENSITY/STRENGTH	46.6289144907	0.995454312996
14514	INTENSITY/STRENGTH	52.960456752	0.996494278328
440967	INTENSITY/STRENGTH	48.2405853665	0.998761784059
61918	INTENSITY/STRENGTH	53.4929520978	0.995119714257
14257	INTENSITY/STRENGTH	44.8153030265	0.989247566917
7059	INTENSITY/STRENGTH	53.9269426007	0.993831648724
8186	INTENSITY/STRENGTH	45.4480755906	0.991711993669
8082	INTENSITY/STRENGTH	50.1175822206	0.999994469769
8159	INTENSITY/STRENGTH	48.2029932126	0.998708306642
5363491	INTENSITY/STRENGTH	51.4448394614	0.999164975572
9025	INTENSITY/STRENGTH	53.2055313909	0.995889827401
196	INTENSITY/STRENGTH	49.8398003335	0.999989734427
6448	INTENSITY/STRENGTH	50.3395819035	0.999953873652
7820	INTENSITY/STRENGTH	51.6854849075	0.998863656251
31260	INTENSITY/STRENGTH	36.2487150298	0.924360864667
8103	INTENSITY/STRENGTH	49.4543687972	0.999880914636
12580	INTENSITY/STRENGTH	52.4861894824	0.997527544743
7136	INTENSITY/STRENGTH	51.8088042297	0.998691290904
31246	INTENSITY/STRENGTH	51.90275218	0.998551813657
33032	INTENSITY/STRENGTH	32.3592359953	0.875521378133
31266	INTENSITY/STRENGTH	50.1704462539	0.99998837923
104721	INTENSITY/STRENGTH	52.4829154231	0.997534052401
31249	INTENSITY/STRENGTH	50.8282776391	0.999725582461
261	INTENSITY/STRENGTH	41.3549597464	0.970105311605
7410	INTENSITY/STRENGTH	52.627216708	0.997239092948
93375	INTENSITY/STRENGTH	52.4276936154	0.997642521484
7360	INTENSITY/STRENGTH	44.1616286644	0.986365368059
61386	INTENSITY/STRENGTH	44.3323810435	0.987151238146
8615	INTENSITY/STRENGTH	50.551231995	0.999878457315
61005	INTENSITY/STRENGTH	51.2914271143	0.999332886403
638014	INTENSITY/STRENGTH	50.9864529198	0.999610764255
61052	INTENSITY/STRENGTH	51.1172459195	0.999500704622
8456	INTENSITY/STRENGTH	52.0072081898	0.998388446113
61252	INTENSITY/STRENGTH	48.4197297203	0.999001098337
62900	INTENSITY/STRENGTH	51.4338804863	0.9991775947
5610	INTENSITY/STRENGTH	52.2854189831	0.997910744029
5365027	INTENSITY/STRENGTH	48.7992037757	0.999423235371
7127	INTENSITY/STRENGTH	52.1296429274	0.998185848401
7194	INTENSITY/STRENGTH	50.1774116407	0.999987410044
6276	INTENSITY/STRENGTH	39.7781099416	0.958205185453
8797	VALENCE/PLEASANTNESS	45.8267301226	0.993033527412
16220109	VALENCE/PLEASANTNESS	45.8839224416	0.993223162213
7695	VALENCE/PLEASANTNESS	46.1571948355	0.994093139387
7150	VALENCE/PLEASANTNESS	45.6616576361	0.992471514214
61192	VALENCE/PLEASANTNESS	45.5687561781	0.992145631276
220674	VALENCE/PLEASANTNESS	45.8439403565	0.993090867296
7799	VALENCE/PLEASANTNESS	46.3146339964	0.994567230968
6999977	VALENCE/PLEASANTNESS	45.2885353862	0.991120840477
7720	VALENCE/PLEASANTNESS	44.3523431609	0.987241588891
5362798	VALENCE/PLEASANTNESS	44.6331133246	0.988478610965
1551246	VALENCE/PLEASANTNESS	45.2467842598	0.990962776051
98330	VALENCE/PLEASANTNESS	44.3064858538	0.987033558667
556940	VALENCE/PLEASANTNESS	27.5178216382	0.797820662443
2214	VALENCE/PLEASANTNESS	45.9980318795	0.993593700465
8180	VALENCE/PLEASANTNESS	44.5631127486	0.988176102806
6989	VALENCE/PLEASANTNESS	44.8033638177	0.989197988955
379	VALENCE/PLEASANTNESS	44.8522913293	0.989400438177
7632	VALENCE/PLEASANTNESS	44.9155839707	0.989659485456
8118	VALENCE/PLEASANTNESS	44.3713461668	0.98732730241
8078	VALENCE/PLEASANTNESS	45.634796763	0.99237800028
957	VALENCE/PLEASANTNESS	44.6361908913	0.988491820738
14514	VALENCE/PLEASANTNESS	45.3441231449	0.991329124284
440967	VALENCE/PLEASANTNESS	45.2277988736	0.990890438564
61918	VALENCE/PLEASANTNESS	44.8803935074	0.989515851745
6590	VALENCE/PLEASANTNESS	43.8771524875	0.985004295336
14257	VALENCE/PLEASANTNESS	44.8591330756	0.989428594906
7059	VALENCE/PLEASANTNESS	44.9058060142	0.989619675054
8186	VALENCE/PLEASANTNESS	44.716906037	0.988835567271
8082	VALENCE/PLEASANTNESS	44.6163385777	0.988406475876
8159	VALENCE/PLEASANTNESS	45.9904451981	0.993569388116
5363491	VALENCE/PLEASANTNESS	45.8882981899	0.99323756329
9025	VALENCE/PLEASANTNESS	45.8403987801	0.993079087076
6429333	VALENCE/PLEASANTNESS	45.3611170079	0.991392305834
196	VALENCE/PLEASANTNESS	44.309556114	0.987047539352
6448	VALENCE/PLEASANTNESS	46.1828268341	0.994171675609
61641	VALENCE/PLEASANTNESS	45.1305094953	0.99051522489
7969	VALENCE/PLEASANTNESS	27.4487525474	0.796576495332
7820	VALENCE/PLEASANTNESS	45.5179430554	0.991964466218
5362588	VALENCE/PLEASANTNESS	45.0284286685	0.990113391398
31260	VALENCE/PLEASANTNESS	43.0820091359	0.980856560962
8103	VALENCE/PLEASANTNESS	44.7004968959	0.98876610674
12580	VALENCE/PLEASANTNESS	44.922898308	0.989689215364
7136	VALENCE/PLEASANTNESS	46.0308960221	0.993698485445
31246	VALENCE/PLEASANTNESS	45.0193788861	0.990077365328
31252	VALENCE/PLEASANTNESS	44.1476752752	0.986300118126
33032	VALENCE/PLEASANTNESS	43.5517262375	0.983367906193
31266	VALENCE/PLEASANTNESS	45.8530096551	0.993120988432
104721	VALENCE/PLEASANTNESS	45.1022626575	0.990404867569
31249	VALENCE/PLEASANTNESS	46.0750142251	0.993837794667
261	VALENCE/PLEASANTNESS	44.3484995572	0.987224217098
7410	VALENCE/PLEASANTNESS	45.294761059	0.991144290603
93375	VALENCE/PLEASANTNESS	45.2274144284	0.990888970785
7360	VALENCE/PLEASANTNESS	44.1111033529	0.986128358512
61386	VALENCE/PLEASANTNESS	45.4079792851	0.991565338301
61130	VALENCE/PLEASANTNESS	45.8241697274	0.993024976614
8615	VALENCE/PLEASANTNESS	46.1468048565	0.994061154874
61005	VALENCE/PLEASANTNESS	45.5679833449	0.992142891348
638014	VALENCE/PLEASANTNESS	45.7031047965	0.992614676644
61052	VALENCE/PLEASANTNESS	45.8617834046	0.993150065364
8456	VALENCE/PLEASANTNESS	46.0619723881	0.993796775411
61252	VALENCE/PLEASANTNESS	45.1324854211	0.99052292073
62900	VALENCE/PLEASANTNESS	45.332872103	0.991287166877
18635	VALENCE/PLEASANTNESS	43.5958926579	0.98359496366
5610	VALENCE/PLEASANTNESS	44.8664337948	0.989458599207
5365027	VALENCE/PLEASANTNESS	44.9085575557	0.989630885534
7127	VALENCE/PLEASANTNESS	45.825145391	0.993028235598
61199	VALENCE/PLEASANTNESS	44.9291433947	0.989714565316
7194	VALENCE/PLEASANTNESS	45.8308629094	0.993047318368
6276	VALENCE/PLEASANTNESS	44.3939869849	0.98742904723
8797	BAKERY	4.2523051036	0.162859364666
16220109	BAKERY	3.39533813592	0.131202197014
7695	BAKERY	4.11442985948	0.157805781152
7150	BAKERY	3.97262296684	0.152592225379
61192	BAKERY	3.76522007524	0.144938050124
220674	BAKERY	3.46903828701	0.133947840826
7799	BAKERY	3.26106711103	0.12618886096
6999977	BAKERY	3.38758916477	0.130913262451
7720	BAKERY	3.06714288528	0.11892276922
5362798	BAKERY	3.0282086848	0.117460328257
1551246	BAKERY	3.30074057338	0.127671667602
98330	BAKERY	4.07490489361	0.156354255788
556940	BAKERY	3.95301825123	0.151870188731
2214	BAKERY	7.29424786572	0.270487493858
8180	BAKERY	2.98272685812	0.115750410521
6989	BAKERY	5.21116241963	0.19758401128
379	BAKERY	3.08349371794	0.119536575314
7632	BAKERY	3.67527475297	0.141607932315
8118	BAKERY	3.07093396614	0.119065104476
8078	BAKERY	3.20447587822	0.124071568867
957	BAKERY	2.86406175221	0.1112813302
14514	BAKERY	4.29019662143	0.164245550037
440967	BAKERY	3.53858316061	0.136534698111
61918	BAKERY	4.07521141635	0.156365517419
6590	BAKERY	3.53789157701	0.136508992356
14257	BAKERY	2.80921007788	0.10921173861
7059	BAKERY	4.38509127718	0.167712040884
8186	BAKERY	2.9939317233	0.116171818066
8082	BAKERY	2.89984042215	0.112629987096
8159	BAKERY	3.14026092398	0.121665941491
5363491	BAKERY	3.58663469703	0.138319808501
9025	BAKERY	4.41893111015	0.168946463543
6429333	BAKERY	4.20944125156	0.161289891802
196	BAKERY	3.25819713366	0.126081545922
6448	BAKERY	3.45958837665	0.133596034371
61641	BAKERY	3.37498299981	0.130443115893
7969	BAKERY	3.79990036214	0.146220317381
7820	BAKERY	3.45118255012	0.133283037607
5362588	BAKERY	3.5134166549	0.13559902756
31260	BAKERY	3.21949450039	0.12463372208
8103	BAKERY	2.9689739175	0.115233034251
12580	BAKERY	4.51723665824	0.172527295519
7136	BAKERY	5.03298601593	0.191187061342
31246	BAKERY	3.2519565395	0.125848173046
31252	BAKERY	4.07803803904	0.156469363862
33032	BAKERY	3.45402496568	0.133388883242
31266	BAKERY	3.31343331598	0.128145796504
104721	BAKERY	3.98645617677	0.153101513931
31249	BAKERY	3.56480130194	0.137508928749
261	BAKERY	3.70629915022	0.142757304652
7410	BAKERY	3.96668508196	0.152373567063
93375	BAKERY	4.02469242224	0.154508437252
7360	BAKERY	3.55849194711	0.13727453191
61386	BAKERY	3.02529230214	0.11735073468
61130	BAKERY	4.08985511869	0.156903438791
8615	BAKERY	3.54711149871	0.136851659955
61005	BAKERY	3.77348181913	0.14524360675
638014	BAKERY	3.70546403279	0.142726375832
61052	BAKERY	3.68940361094	0.142131464836
8456	BAKERY	5.61125291811	0.211855653
61252	BAKERY	3.97930913387	0.152838404882
62900	BAKERY	3.44191430286	0.132937862487
18635	BAKERY	3.5995690327	0.13880000242
5610	BAKERY	4.13762525526	0.158657033109
5365027	BAKERY	3.02943225366	0.117506306235
7127	BAKERY	5.06411067284	0.192306340151
61199	BAKERY	4.41037104628	0.168634292745
7194	BAKERY	3.45212259809	0.133318043751
6276	BAKERY	3.05754790507	0.118562476526
8797	SWEET	15.9455508879	0.53611779827
16220109	SWEET	16.5427082834	0.552243852396
7695	SWEET	16.2866340536	0.545363582625
7150	SWEET	15.5613043566	0.525590496951
61192	SWEET	15.8121405942	0.5324761077
220674	SWEET	15.6702722328	0.528587916573
7799	SWEET	17.5968870393	0.580015308181
6999977	SWEET	16.2535324726	0.544470371769
7720	SWEET	15.2822286697	0.517870541544
5362798	SWEET	15.5554423067	0.525428978126
1551246	SWEET	15.5032263359	0.523989042708
98330	SWEET	12.963124978	0.451307955442
556940	SWEET	16.5310198929	0.551930948236
2214	SWEET	19.4191732581	0.625925214312
8180	SWEET	15.6396644681	0.527746936854
6989	SWEET	15.3360239439	0.519363505593
379	SWEET	15.9983165464	0.537554208929
7632	SWEET	14.3806294903	0.492504177797
8118	SWEET	15.5538075816	0.525383931149
8078	SWEET	12.9768327304	0.451714034132
957	SWEET	15.4726265906	0.523144194179
14514	SWEET	15.517942747	0.524395091041
440967	SWEET	14.4220022516	0.493682430487
61918	SWEET	15.141759881	0.513961238321
6590	SWEET	14.3412833784	0.491382371561
14257	SWEET	15.7876915287	0.531807179626
7059	SWEET	13.9500437294	0.480160261156
8186	SWEET	15.6904848647	0.529142868473
8082	SWEET	11.6622104236	0.412085556158
8159	SWEET	16.8578404864	0.560638905109
5363491	SWEET	16.4757895963	0.550450926724
9025	SWEET	15.4780719543	0.523294593602
6429333	SWEET	15.2485912845	0.516935836916
196	SWEET	15.6479265606	0.527974020167
6448	SWEET	15.9709031991	0.536808228365
61641	SWEET	16.0993248886	0.540297690796
7969	SWEET	13.5396070459	0.468255898253
7820	SWEET	16.4449654791	0.549623863319
5362588	SWEET	15.6352594467	0.527625842683
31260	SWEET	13.3902842712	0.463891485704
8103	SWEET	15.6300076182	0.527481449469
12580	SWEET	15.6842374091	0.528971375121
7136	SWEET	17.0010691519	0.564428225152
31246	SWEET	16.290832806	0.545476818835
31252	SWEET	13.5093736848	0.467373676449
33032	SWEET	14.5724569919	0.497955678564
31266	SWEET	17.2820683843	0.571814780316
104721	SWEET	15.0657841316	0.511840224663
31249	SWEET	17.4746380731	0.576840332609
261	SWEET	15.7743757085	0.531442656742
7410	SWEET	15.0192833947	0.510539786312
93375	SWEET	14.9760160499	0.509328219306
7360	SWEET	13.6216743339	0.470646968691
61386	SWEET	16.2531623677	0.544460379929
61130	SWEET	15.5282952386	0.524680628336
8615	SWEET	15.6270620523	0.527400454739
61005	SWEET	15.5285097774	0.524686544735
638014	SWEET	15.4399607438	0.522241474643
61052	SWEET	16.1582688617	0.541894893426
8456	SWEET	16.9260659048	0.562445953387
61252	SWEET	14.6817203369	0.501047648656
62900	SWEET	15.9363366534	0.535866735764
18635	SWEET	14.6114087551	0.499059043881
5610	SWEET	14.5372249255	0.496956633607
5365027	SWEET	15.7424513945	0.530568145416
7127	SWEET	16.422935194	0.549032287606
61199	SWEET	15.6783824519	0.528810627554
7194	SWEET	15.3159129189	0.518805641339
6276	SWEET	15.4466615838	0.522426721718
8797	FRUIT	6.47378601508	0.242187478456
16220109	FRUIT	8.7098192673	0.318048390024
7695	FRUIT	6.83768392066	0.254805788267
7150	FRUIT	6.41077117579	0.239991652204
61192	FRUIT	7.41022550963	0.274444443544
220674	FRUIT	7.29006918061	0.270344723761
7799	FRUIT	9.59825489677	0.347079597045
6999977	FRUIT	8.38490397091	0.307273512996
7720	FRUIT	8.0964470424	0.297636899812
5362798	FRUIT	8.4204790227	0.308457374119
1551246	FRUIT	7.94408003004	0.292519838192
98330	FRUIT	4.06790461281	0.156097045337
556940	FRUIT	7.77422464831	0.286793558379
2214	FRUIT	6.30948749816	0.236455646931
8180	FRUIT	4.58220415447	0.174889528213
6989	FRUIT	5.15671657436	0.195631972643
379	FRUIT	4.64053074607	0.177007419601
7632	FRUIT	5.79481080933	0.218360499447
8118	FRUIT	8.25449120232	0.302924998089
8078	FRUIT	4.19726683555	0.160843853866
957	FRUIT	8.37167782216	0.306833117063
14514	FRUIT	6.43071583006	0.240686990768
440967	FRUIT	6.0855237592	0.228607510598
61918	FRUIT	6.65740622593	0.248567825974
6590	FRUIT	6.90698065931	0.257196673641
14257	FRUIT	8.7173432762	0.31829690153
7059	FRUIT	4.70161661654	0.179222585138
8186	FRUIT	8.48651579645	0.310652251713
8082	FRUIT	3.81443689118	0.146757504128
8159	FRUIT	9.06560415325	0.329750094665
5363491	FRUIT	8.21352990198	0.301556366699
9025	FRUIT	5.71650652486	0.215588882255
6429333	FRUIT	6.00232022911	0.225681669911
196	FRUIT	1.02658256442	0.0406417538722
6448	FRUIT	7.52550190572	0.278366804656
61641	FRUIT	8.15241700902	0.299511919125
7969	FRUIT	4.86610563312	0.185172631712
7820	FRUIT	8.2966930884	0.304333677055
5362588	FRUIT	7.78574640246	0.287182717281
31260	FRUIT	6.48372706517	0.242533595945
8103	FRUIT	8.39242713485	0.307523952108
12580	FRUIT	6.03031349753	0.22666666755
7136	FRUIT	6.67221950632	0.249081374996
31246	FRUIT	8.63276580535	0.315500774034
31252	FRUIT	5.18743144605	0.196733479839
33032	FRUIT	4.27404636979	0.163654865843
31266	FRUIT	9.33115523909	0.338418026325
104721	FRUIT	6.49869639119	0.243054633734
31249	FRUIT	9.21705347778	0.334700509186
261	FRUIT	7.71318605961	0.284730146708
7410	FRUIT	6.12686633972	0.230059257131
93375	FRUIT	6.19342975507	0.23239376135
7360	FRUIT	5.60347597488	0.211579461795
61386	FRUIT	8.7934873354	0.320809325609
61130	FRUIT	6.54235525913	0.244573245431
8615	FRUIT	6.51447476141	0.24360363789
61005	FRUIT	6.83981671515	0.254879431527
638014	FRUIT	6.88688299062	0.256503656694
61052	FRUIT	7.30991094398	0.271022518556
8456	FRUIT	5.60665731598	0.211692450136
61252	FRUIT	5.73364722635	0.216196004848
62900	FRUIT	7.77620207731	0.286860355594
18635	FRUIT	7.03969208593	0.261764777571
5610	FRUIT	5.33131306082	0.201883362852
5365027	FRUIT	8.56762987531	0.31334348234
7127	FRUIT	6.03484737843	0.226826141985
61199	FRUIT	6.45130237586	0.241404374097
7194	FRUIT	6.4386663637	0.240964084731
6276	FRUIT	8.15560697089	0.29961870881
8797	FISH	1.44252840395	0.0568687808796
16220109	FISH	1.38355849129	0.054576646012
7695	FISH	1.45177270207	0.0572278504913
7150	FISH	1.53360551459	0.0604034422339
61192	FISH	1.46162283114	0.0576103767252
220674	FISH	1.30236598918	0.0514161766993
7799	FISH	1.22092894462	0.0482408907897
6999977	FISH	1.34024603223	0.0528913375184
7720	FISH	1.39187803086	0.0549001914534
5362798	FISH	1.34800655863	0.0531934136725
1551246	FISH	1.4513621836	0.0572119064687
98330	FISH	1.79145175796	0.0703743505579
556940	FISH	3.08777994384	0.119697443761
2214	FISH	1.44281333817	0.0568798493951
8180	FISH	1.21542574796	0.0480261260189
6989	FISH	1.54119807595	0.0606978064342
379	FISH	1.27036834424	0.0501691994777
7632	FISH	1.70886962947	0.0671866910145
8118	FISH	3.57530541755	0.137899093171
8078	FISH	1.23640352772	0.0488446636354
957	FISH	1.25213031828	0.0494580805975
14514	FISH	1.45322683373	0.0572843260571
440967	FISH	1.4225943811	0.0560942653347
61918	FISH	1.44165832534	0.0568349815229
6590	FISH	1.39835541821	0.055152057578
14257	FISH	1.20091875644	0.0474598679137
7059	FISH	1.63088213708	0.0641713748651
8186	FISH	1.21308402184	0.0479347317362
8082	FISH	1.54936664728	0.0610144510882
8159	FISH	1.21312066819	0.0479361620252
5363491	FISH	1.33013515436	0.0524977023629
9025	FISH	1.58322963727	0.062326539057
6429333	FISH	1.56597184896	0.0616579668258
196	FISH	1.3927000933	0.0549321583119
6448	FISH	1.26880460881	0.0501082382982
61641	FISH	3.8804836095	0.149196083163
7969	FISH	1.79143434168	0.070373678867
7820	FISH	1.44396280549	0.0569245007862
5362588	FISH	1.35822848791	0.0535912256662
31260	FISH	1.60249162623	0.0630724732845
8103	FISH	1.32005388931	0.0521051386642
12580	FISH	1.60245343402	0.0630709945577
7136	FISH	1.45262264261	0.0572608606878
31246	FISH	1.38250569025	0.0545356988167
31252	FISH	1.63195875423	0.0642130344191
33032	FISH	1.52131013925	0.0599266517543
31266	FISH	1.27362815567	0.0502962747553
104721	FISH	1.40629641991	0.0554607889481
31249	FISH	1.36749412855	0.0539517490653
261	FISH	1.51152734207	0.0595472077203
7410	FISH	1.53559081876	0.0604804170853
93375	FISH	1.45309828788	0.0572793336615
7360	FISH	1.58908091214	0.0625531652274
61386	FISH	1.20005550455	0.0474261668964
61130	FISH	1.41087167634	0.0556386434987
8615	FISH	1.5677367649	0.0617263511705
61005	FISH	1.51787179496	0.0597932978841
638014	FISH	1.3125986837	0.0518147812262
61052	FISH	1.5184905084	0.0598172949664
8456	FISH	1.50095717406	0.059137137987
61252	FISH	1.6260537993	0.0639845315888
62900	FISH	1.3766470047	0.0543078173978
18635	FISH	3.88505014132	0.149364559813
5610	FISH	1.78662032179	0.0701880080019
5365027	FISH	1.31434918362	0.0518829618344
7127	FISH	1.55683769027	0.0613040101732
61199	FISH	1.44560975895	0.056988475328
7194	FISH	1.5779862678	0.0621234344473
6276	FISH	1.38560153315	0.0546561046824
8797	GARLIC	2.75477958953	0.107155659346
16220109	GARLIC	2.86536898633	0.111330623682
7695	GARLIC	2.74743035749	0.106877864872
7150	GARLIC	2.69186547377	0.104776163059
61192	GARLIC	3.03696616981	0.117789381386
220674	GARLIC	3.01267695509	0.116876589229
7799	GARLIC	2.72806510915	0.10614566867
6999977	GARLIC	2.95459642059	0.11469200082
7720	GARLIC	3.16989391481	0.12277646562
5362798	GARLIC	3.00962845977	0.116761993004
1551246	GARLIC	3.16598332207	0.122629952725
98330	GARLIC	3.5677460465	0.137618317119
556940	GARLIC	3.0195150653	0.11713361412
2214	GARLIC	2.7567586814	0.107230459885
8180	GARLIC	2.78798942699	0.108410423062
6989	GARLIC	2.88899230796	0.112221181696
379	GARLIC	2.87045772694	0.111522498053
7632	GARLIC	2.95382907942	0.114663120685
8118	GARLIC	3.55340956318	0.137085694718
8078	GARLIC	3.41936800069	0.132097889018
957	GARLIC	2.9962076973	0.116257403666
14514	GARLIC	2.84854873314	0.110696257372
440967	GARLIC	3.17770793089	0.123069186158
61918	GARLIC	3.02060731561	0.117174665202
6590	GARLIC	3.1825468594	0.123250432571
14257	GARLIC	2.83270747135	0.110098606207
7059	GARLIC	2.85478039624	0.110931307405
8186	GARLIC	2.73867397025	0.106546824764
8082	GARLIC	3.828690503	0.147284071733
8159	GARLIC	2.75440936435	0.107141666196
5363491	GARLIC	2.93215302046	0.113847112284
9025	GARLIC	2.79445171489	0.108654484441
6429333	GARLIC	2.71967458323	0.105828331394
196	GARLIC	3.02762721332	0.117438477916
6448	GARLIC	2.89194284861	0.112332380569
61641	GARLIC	3.58563739713	0.138282777668
7969	GARLIC	2.70292085617	0.105194521785
7820	GARLIC	3.07705113616	0.119294747968
5362588	GARLIC	3.00275145583	0.116503451711
31260	GARLIC	3.6747467991	0.141588366349
8103	GARLIC	3.13159510565	0.121341049064
12580	GARLIC	2.95110520621	0.114560599473
7136	GARLIC	2.8077395852	0.109156222777
31246	GARLIC	3.04842555739	0.118219862944
31252	GARLIC	3.17493873035	0.122965454837
33032	GARLIC	3.18160313885	0.123215086141
31266	GARLIC	2.80245038502	0.108956524137
104721	GARLIC	2.91357993052	0.113147618016
31249	GARLIC	2.8994266338	0.11261439543
261	GARLIC	3.23428456057	0.125187143775
7410	GARLIC	2.73473495369	0.106397888041
93375	GARLIC	3.03328035516	0.117650898321
7360	GARLIC	4.11965009122	0.157997396899
61386	GARLIC	2.68370944745	0.104467459339
61130	GARLIC	2.89630461688	0.112496752502
8615	GARLIC	2.62266716128	0.102155333236
61005	GARLIC	2.79252037322	0.108581546915
638014	GARLIC	2.82338257145	0.1097467072
61052	GARLIC	2.73142630033	0.10627277616
8456	GARLIC	2.76522710879	0.107550491966
61252	GARLIC	2.73342085983	0.106348198555
62900	GARLIC	2.9659805394	0.115120405352
18635	GARLIC	4.14724554022	0.15900996338
5610	GARLIC	2.94872915587	0.114471164781
5365027	GARLIC	2.94417113417	0.1142995879
7127	GARLIC	2.88600447833	0.112108570394
61199	GARLIC	3.04322169445	0.118024388465
7194	GARLIC	2.6407474404	0.102840478798
6276	GARLIC	3.26949076031	0.12650380248
8797	SPICES	7.08931549122	0.263469261995
16220109	SPICES	5.69487034322	0.214822194438
7695	SPICES	7.21142758118	0.267655228144
7150	SPICES	6.54016972728	0.244497261066
61192	SPICES	6.13746957997	0.230431370061
220674	SPICES	6.17603053152	0.23178388001
7799	SPICES	5.24501333143	0.198796467318
6999977	SPICES	5.67682690126	0.214182530584
7720	SPICES	5.71887294977	0.215672714864
5362798	SPICES	5.46646624658	0.206705748573
1551246	SPICES	5.91909659951	0.222749582159
98330	SPICES	7.18547161583	0.266766463696
556940	SPICES	6.04031995422	0.227018612109
2214	SPICES	6.87495700547	0.256092266688
8180	SPICES	5.12675875689	0.194556888135
6989	SPICES	8.15547377684	0.299614250064
379	SPICES	5.255411949	0.199168736059
7632	SPICES	6.92572431802	0.257842709789
8118	SPICES	5.68291358364	0.214398340626
8078	SPICES	6.81386931174	0.25398324647
957	SPICES	5.21118610511	0.197584859956
14514	SPICES	6.74882228228	0.251734250412
440967	SPICES	6.67649186748	0.249229457236
61918	SPICES	6.39068943789	0.239291212919
6590	SPICES	6.25793399061	0.234652664492
14257	SPICES	5.08936428841	0.193213919992
7059	SPICES	7.33138955303	0.27175587301
8186	SPICES	5.10023340416	0.193604383856
8082	SPICES	6.6415173575	0.248016793176
8159	SPICES	5.28948035371	0.200387773183
5363491	SPICES	5.95165248543	0.223897232494
9025	SPICES	7.12093622131	0.264554355785
6429333	SPICES	6.70325273907	0.250156670649
196	SPICES	5.42534162361	0.205239932251
6448	SPICES	6.07318859293	0.228174095843
61641	SPICES	5.8903225594	0.221734542434
7969	SPICES	7.12983053618	0.264859428057
7820	SPICES	5.73094321185	0.216100244435
5362588	SPICES	6.00946528591	0.225933142227
31260	SPICES	6.6344477578	0.247771551492
8103	SPICES	5.39323521763	0.20409461426
12580	SPICES	7.89363238067	0.290821522362
7136	SPICES	6.74722808562	0.251679088689
31246	SPICES	5.51147836275	0.208308577013
31252	SPICES	7.0321907151	0.261506946103
33032	SPICES	5.67669636658	0.214177902008
31266	SPICES	5.3916218125	0.204037038192
104721	SPICES	6.40435977274	0.23976806127
31249	SPICES	5.51628775884	0.208479738098
261	SPICES	5.67212758199	0.214015890757
7410	SPICES	6.64831126076	0.248252433383
93375	SPICES	6.59732923268	0.246483268105
7360	SPICES	6.53582726074	0.244346275237
61386	SPICES	5.22597632048	0.198114721418
61130	SPICES	6.61904439499	0.247237076319
8615	SPICES	6.38843079491	0.239212412588
61005	SPICES	6.55647175344	0.245063941396
638014	SPICES	6.35865882558	0.238173336199
61052	SPICES	6.15447366821	0.231027928275
8456	SPICES	7.08013432415	0.263154052147
61252	SPICES	6.53847617502	0.244438378724
62900	SPICES	5.83898809899	0.219922011152
18635	SPICES	6.13475015168	0.230335942298
5610	SPICES	7.82000137379	0.288339086357
5365027	SPICES	5.46512983714	0.206658135831
7127	SPICES	7.11314335615	0.264287010884
61199	SPICES	6.43692818623	0.24090350966
7194	SPICES	6.36896836581	0.238533231415
6276	SPICES	5.53504700381	0.209147182019
8797	COLD	4.84663191786	0.184469340336
16220109	COLD	4.75374510116	0.181110567052
7695	COLD	4.81200025077	0.183217871465
7150	COLD	4.76116868554	0.181379256521
61192	COLD	4.69111940387	0.17884213565
220674	COLD	7.03935871577	0.261753320179
7799	COLD	4.81779637122	0.183427390099
6999977	COLD	4.80767706874	0.183061579231
7720	COLD	4.84633126014	0.184458479732
5362798	COLD	4.84170713829	0.184291434326
1551246	COLD	4.71450242614	0.179689483795
98330	COLD	5.94953606417	0.223822650815
556940	COLD	4.61798220158	0.176188984218
2214	COLD	4.75770752232	0.181253988546
8180	COLD	4.88443817219	0.185834432384
6989	COLD	4.95110033826	0.188238655706
379	COLD	4.81147065527	0.183198726264
7632	COLD	4.77840570388	0.182002963727
8118	COLD	4.72528142591	0.180079943215
8078	COLD	7.20490929256	0.267432084537
957	COLD	4.97584235722	0.189130091423
14514	COLD	4.77170902994	0.181760678371
440967	COLD	5.8062342811	0.218764428633
61918	COLD	4.70339353271	0.179286977019
6590	COLD	4.92932063646	0.187453544683
14257	COLD	5.01308729216	0.190471074007
7059	COLD	4.70352227754	0.179291642376
8186	COLD	4.9374788957	0.18774767669
8082	COLD	7.09577479122	0.263690983694
8159	COLD	4.88351807123	0.185801223348
5363491	COLD	4.77372583598	0.181833650096
9025	COLD	4.81103842551	0.183183100728
6429333	COLD	4.77205446674	0.181773177136
196	COLD	4.66690373166	0.17796415309
6448	COLD	5.47359985773	0.206959876148
61641	COLD	4.59501240452	0.175354840582
7969	COLD	4.74384273998	0.180752092023
7820	COLD	4.65768291545	0.177629712562
5362588	COLD	4.80788222489	0.1830689964
31260	COLD	4.8685972451	0.18526259415
8103	COLD	4.90100044195	0.186432095545
12580	COLD	4.78857797913	0.18237092754
7136	COLD	4.74342226131	0.180736868553
31246	COLD	4.70690976185	0.179414390672
31252	COLD	4.74375837397	0.180749037555
33032	COLD	4.56750473712	0.174355349675
31266	COLD	4.76380138209	0.18147453384
104721	COLD	4.74777768932	0.180894550378
31249	COLD	4.70808686745	0.179457041917
261	COLD	4.64872537179	0.177304755839
7410	COLD	4.75811910267	0.181268885149
93375	COLD	5.24364529571	0.198747485434
7360	COLD	5.46194939275	0.206544819243
61386	COLD	4.88555110137	0.185874600229
61130	COLD	5.26203322442	0.199405731515
8615	COLD	4.68961069829	0.178787448531
61005	COLD	4.75197636469	0.181046542839
638014	COLD	5.12835235907	0.194614095195
61052	COLD	4.71120811055	0.179570131678
8456	COLD	4.88984292142	0.186029491338
61252	COLD	5.46121789696	0.206518755511
62900	COLD	4.97911076034	0.189247812828
18635	COLD	4.53634423749	0.173222401883
5610	COLD	4.75410564725	0.181123617688
5365027	COLD	4.87516150752	0.185499580411
7127	COLD	4.73689799111	0.180500638613
61199	COLD	4.87827667047	0.185612033509
7194	COLD	4.69057612594	0.17882244328
6276	COLD	4.82943846567	0.183848148269
8797	SOUR	8.34464600643	0.305932593468
16220109	SOUR	9.17319369449	0.333268754757
7695	SOUR	8.42657945828	0.308660281784
7150	SOUR	8.24110621213	0.302477915845
61192	SOUR	8.84335888075	0.322452356712
220674	SOUR	8.7323876551	0.318793668541
7799	SOUR	8.88591296878	0.323852739036
6999977	SOUR	9.07916422879	0.330194079914
7720	SOUR	9.10968587175	0.331192884197
5362798	SOUR	9.0125321815	0.328010992731
1551246	SOUR	9.54564800111	0.34537816174
98330	SOUR	8.02953419989	0.295392000209
556940	SOUR	8.79714356547	0.320929848654
2214	SOUR	8.31301313946	0.304878050596
8180	SOUR	13.5657794699	0.469019029745
6989	SOUR	8.00705069885	0.294636883597
379	SOUR	14.2220377298	0.487974966318
7632	SOUR	8.20925313041	0.301413390433
8118	SOUR	9.52764807089	0.344795491731
8078	SOUR	6.35245216166	0.23795662708
957	SOUR	8.76402156202	0.319837632905
14514	SOUR	8.54370746802	0.312550323801
440967	SOUR	8.1635275241	0.299883828309
61918	SOUR	8.78550294036	0.320546092848
6590	SOUR	14.9873772566	0.509646499451
14257	SOUR	8.74061387778	0.319065222727
7059	SOUR	7.70598826597	0.284486628577
8186	SOUR	8.79849601694	0.320974427814
8082	SOUR	6.90811627751	0.257235822899
8159	SOUR	8.88685193011	0.323883622313
5363491	SOUR	9.21313268881	0.334572581976
9025	SOUR	7.9784923933	0.293677159384
6429333	SOUR	8.10152462232	0.29780710441
196	SOUR	18.7227532676	0.608693534736
6448	SOUR	8.7457547439	0.31923489934
61641	SOUR	9.81261439688	0.353989615354
7969	SOUR	7.50042452131	0.277514433653
7820	SOUR	9.6314884413	0.348153309814
5362588	SOUR	9.19543562495	0.333995010465
31260	SOUR	9.28784680402	0.337008232859
8103	SOUR	8.96758393652	0.326536332797
12580	SOUR	8.30020681495	0.30445089933
7136	SOUR	8.50674234195	0.311323827569
31246	SOUR	9.47650030398	0.343138388955
31252	SOUR	8.34241295539	0.305858176648
33032	SOUR	14.3351486389	0.491207350957
31266	SOUR	9.19500086735	0.333980818314
104721	SOUR	8.74493780096	0.319207937181
31249	SOUR	9.33393187481	0.338508361295
261	SOUR	9.53404287339	0.345002525531
7410	SOUR	8.20311771411	0.301208252472
93375	SOUR	8.40033280218	0.307787075612
7360	SOUR	8.51196560142	0.311497200697
61386	SOUR	8.71305834493	0.318155379508
61130	SOUR	8.31016772511	0.304783153957
8615	SOUR	8.09199291572	0.29748757689
61005	SOUR	8.3983581796	0.307721359139
638014	SOUR	8.58462362635	0.313906639932
61052	SOUR	8.38204170588	0.307178218972
8456	SOUR	7.98252674076	0.293812776363
61252	SOUR	8.01239047711	0.294816258621
62900	SOUR	8.85400357865	0.322802791398
18635	SOUR	10.0130689981	0.36041813962
5610	SOUR	8.07360160792	0.296870847147
5365027	SOUR	8.92242809751	0.325053234638
7127	SOUR	8.30724315073	0.304685610523
61199	SOUR	8.68700757876	0.317294662881
7194	SOUR	8.15294544281	0.299529609955
6276	SOUR	9.1479399183	0.332443674832
8797	BURNT	5.66981483507	0.213933873297
16220109	BURNT	4.58630527951	0.175038532734
7695	BURNT	5.48011143196	0.207191808756
7150	BURNT	5.76332897605	0.217246774688
61192	BURNT	5.3390448135	0.202159632732
220674	BURNT	5.0226594812	0.190815535942
7799	BURNT	4.52947846917	0.172972668686
6999977	BURNT	4.67111876769	0.178117010491
7720	BURNT	4.82757685277	0.183780874803
5362798	BURNT	4.84751860725	0.184501369631
1551246	BURNT	4.76038345517	0.181350837951
98330	BURNT	5.90387784774	0.222212804453
556940	BURNT	5.52718082056	0.208867341693
2214	BURNT	5.77542534779	0.217674798732
8180	BURNT	4.87128941963	0.185359792541
6989	BURNT	6.17067902036	0.231596248985
379	BURNT	4.77133684036	0.181747211517
7632	BURNT	5.89929258062	0.222051042044
8118	BURNT	4.78247435721	0.182150149897
8078	BURNT	5.09339525331	0.19335874005
957	BURNT	4.84628203107	0.184456701433
14514	BURNT	5.79321676681	0.21830412647
440967	BURNT	5.68290761901	0.214398129158
61918	BURNT	5.79937489048	0.218521895971
6590	BURNT	5.04856225992	0.19174729804
14257	BURNT	4.79592489486	0.182636637555
7059	BURNT	6.73474086591	0.251246940824
8186	BURNT	4.89624586732	0.186260545255
8082	BURNT	5.34274235315	0.202291735785
8159	BURNT	4.60172038505	0.175598483201
5363491	BURNT	4.69788931881	0.179087507132
9025	BURNT	6.08727776313	0.228669130299
6429333	BURNT	5.94288180922	0.223588134689
196	BURNT	4.8247539303	0.183678857017
6448	BURNT	4.78973121565	0.182412638579
61641	BURNT	4.77837711313	0.182001929391
7969	BURNT	6.74088826899	0.251459700898
7820	BURNT	4.77192511112	0.181768496738
5362588	BURNT	4.83932599722	0.184205409446
31260	BURNT	5.2259487343	0.198113733302
8103	BURNT	4.78206954053	0.182135505985
12580	BURNT	5.92339479718	0.222901149518
7136	BURNT	5.57623151727	0.210611517517
31246	BURNT	4.64239283983	0.177074989082
31252	BURNT	6.50375496299	0.243230667072
33032	BURNT	5.02569711431	0.190924831979
31266	BURNT	4.51208361869	0.172339785315
104721	BURNT	5.69354326545	0.214775156652
31249	BURNT	4.56901241511	0.174410146824
261	BURNT	4.88006993416	0.185676764341
7410	BURNT	5.92404289143	0.222924001985
93375	BURNT	6.36197368769	0.238289063826
7360	BURNT	5.61022584484	0.211819180182
61386	BURNT	4.78818228863	0.182356615693
61130	BURNT	5.51284400613	0.208357180631
8615	BURNT	5.56811529115	0.210323048488
61005	BURNT	5.49174520591	0.207606102074
638014	BURNT	5.31402007154	0.201265279133
61052	BURNT	5.35811579239	0.202840869758
8456	BURNT	5.88083569854	0.221399736536
61252	BURNT	6.22436445307	0.233477492985
62900	BURNT	5.29678058724	0.200648869654
18635	BURNT	5.11786121147	0.194237447107
5610	BURNT	6.25295091977	0.234478278709
5365027	BURNT	4.84677970817	0.184474678911
7127	BURNT	5.91625806311	0.222649478737
61199	BURNT	5.75058114283	0.216795572321
7194	BURNT	5.64092732936	0.21290906872
6276	BURNT	4.76272562951	0.181435603012
8797	ACID	6.52479311456	0.243962554507
16220109	ACID	6.15432592022	0.231022745796
7695	ACID	6.27806255338	0.235356874366
7150	ACID	6.39756470162	0.23953105442
61192	ACID	6.55754238686	0.245101150612
220674	ACID	6.21105309681	0.233011251644
7799	ACID	6.27751652799	0.235337775616
6999977	ACID	6.67039888848	0.249018267007
7720	ACID	7.2241108471	0.268089322871
5362798	ACID	6.94066300276	0.258357398943
1551246	ACID	6.59583950186	0.246431540581
98330	ACID	7.10499253828	0.264007333944
556940	ACID	6.37956894229	0.238903197736
2214	ACID	6.60723873164	0.246827307803
8180	ACID	6.94567737234	0.258530121229
6989	ACID	7.29067340002	0.27036536855
379	ACID	6.83975560142	0.254877321382
7632	ACID	7.08750042836	0.263406952206
8118	ACID	7.03905639124	0.261742929698
8078	ACID	8.41601658703	0.308308929404
957	ACID	7.19857033801	0.267215047556
14514	ACID	6.8095039254	0.253832419532
440967	ACID	7.25254088517	0.26906189569
61918	ACID	6.51951822386	0.243779081806
6590	ACID	7.12781951854	0.264790456306
14257	ACID	7.26642370338	0.26953658276
7059	ACID	6.9443255619	0.258483559472
8186	ACID	6.93680257486	0.25822441101
8082	ACID	8.1067723264	0.297982990035
8159	ACID	6.61728157633	0.247175896869
5363491	ACID	6.49208511261	0.242824536861
9025	ACID	6.77369819157	0.252594732786
6429333	ACID	6.5324921299	0.244230303825
196	ACID	6.51925139785	0.243769800398
6448	ACID	6.37316939374	0.238679860501
61641	ACID	6.4769916003	0.242299095936
7969	ACID	7.06367862443	0.262588922693
7820	ACID	6.77681034864	0.252702350545
5362588	ACID	6.71738715399	0.250646170089
31260	ACID	7.31621337731	0.271237743819
8103	ACID	7.10270859346	0.263928955993
12580	ACID	7.00806772646	0.260677503755
7136	ACID	6.28237939087	0.235507859311
31246	ACID	6.60988747222	0.246919253931
31252	ACID	7.04184410731	0.26183873692
33032	ACID	6.64634139925	0.248184114372
31266	ACID	6.24634154296	0.23424694865
104721	ACID	6.65459811061	0.248470454019
31249	ACID	6.46057817624	0.241727498901
261	ACID	6.74149158876	0.251480580014
7410	ACID	6.72114313021	0.250776219218
93375	ACID	6.65279552782	0.248407945779
7360	ACID	7.20165365925	0.267320620199
61386	ACID	6.00464083091	0.225763348633
61130	ACID	6.57817918148	0.245818190722
8615	ACID	5.69676301131	0.21488927693
61005	ACID	6.88281192485	0.256363236997
638014	ACID	6.82468940115	0.254357021877
61052	ACID	6.5524007469	0.244922447657
8456	ACID	6.87755095643	0.256181755394
61252	ACID	7.2825891001	0.270089122404
62900	ACID	6.57501883329	0.245708404269
18635	ACID	6.61680508841	0.247159359705
5610	ACID	6.84724801738	0.255135998531
5365027	ACID	6.93240694018	0.258072971214
7127	ACID	6.49911618503	0.243069242926
61199	ACID	6.73525871021	0.251264864451
7194	ACID	5.8064053062	0.218770475216
6276	ACID	7.07854117596	0.263099348967
8797	WARM	6.09179147293	0.228827689577
16220109	WARM	5.58604159861	0.210960119648
7695	WARM	6.02876836877	0.226612315533
7150	WARM	6.10875803857	0.229423551633
61192	WARM	5.87370986251	0.221148207481
220674	WARM	5.90682335661	0.222316709398
7799	WARM	5.52638719068	0.208839105475
6999977	WARM	5.57828947081	0.210684653464
7720	WARM	5.42049972736	0.205067262177
5362798	WARM	5.42650561609	0.205281439363
1551246	WARM	5.53495351864	0.209143856564
98330	WARM	6.38089599842	0.23894950644
556940	WARM	6.00635018815	0.225823510493
2214	WARM	6.23896218082	0.233988627595
8180	WARM	5.45800300939	0.206404201635
6989	WARM	6.25421900728	0.234522658135
379	WARM	5.46334895999	0.206594685656
7632	WARM	6.0864323078	0.228639429017
8118	WARM	5.42667190046	0.205287368852
8078	WARM	6.04837923637	0.2273020129
957	WARM	5.27874974178	0.200003910137
14514	WARM	6.11318749572	0.229579075286
440967	WARM	6.20830651478	0.232915032679
61918	WARM	5.95770560956	0.22411052193
6590	WARM	5.75664408494	0.217010182949
14257	WARM	5.26279527039	0.199433005192
7059	WARM	6.42034905642	0.240325609454
8186	WARM	5.40001914896	0.204336683235
8082	WARM	6.09640407299	0.228989705871
8159	WARM	5.37568965077	0.203468370342
5363491	WARM	5.6737953848	0.214075033764
9025	WARM	6.24581374312	0.234228473999
6429333	WARM	6.1964719513	0.232500372195
196	WARM	5.58053275302	0.210764371798
6448	WARM	5.9100793574	0.222431559092
61641	WARM	5.69484582342	0.214821325356
7969	WARM	6.36964314106	0.238556784145
7820	WARM	5.69914927202	0.214973849911
5362588	WARM	5.69037328274	0.214662792071
31260	WARM	5.58774470995	0.21102063202
8103	WARM	5.34239342186	0.202279269885
12580	WARM	6.04607682244	0.22722105492
7136	WARM	6.1684414122	0.231517788706
31246	WARM	5.52078481477	0.208639766603
31252	WARM	6.18536291326	0.232111030783
33032	WARM	5.63595087249	0.212732458005
31266	WARM	5.58696737357	0.210993013169
104721	WARM	6.03311589732	0.22676524092
31249	WARM	5.69315481558	0.214761387922
261	WARM	5.63196622215	0.212591031475
7410	WARM	6.11839868715	0.229762026488
93375	WARM	6.39223957641	0.239345292335
7360	WARM	6.07046001898	0.228078206822
61386	WARM	5.49670734561	0.207782777167
61130	WARM	6.26076094016	0.234751586587
8615	WARM	6.14960756404	0.230857233285
61005	WARM	5.99421447399	0.225396336095
638014	WARM	6.04256339429	0.227097506822
61052	WARM	5.91812293959	0.222715245932
8456	WARM	6.32851933958	0.237120710771
61252	WARM	6.37651256518	0.23879653761
62900	WARM	5.82635402736	0.219475600593
18635	WARM	5.77222171445	0.21756145117
5610	WARM	6.21580486865	0.23317770268
5365027	WARM	5.38613503151	0.203841221029
7127	WARM	6.27588479352	0.235280699764
61199	WARM	6.10230450301	0.229196932021
7194	WARM	6.1148979278	0.229639126445
6276	WARM	5.39943263103	0.204315756146
8797	MUSKY	8.03848706117	0.295692572754
16220109	MUSKY	7.68366249538	0.283731032078
7695	MUSKY	7.95449314837	0.292870141436
7150	MUSKY	8.2409723338	0.302473443349
61192	MUSKY	7.98070753575	0.293751624321
220674	MUSKY	7.69583681054	0.284143110736
7799	MUSKY	7.50960151531	0.277826414645
6999977	MUSKY	7.89164388368	0.290754538072
7720	MUSKY	7.84643282678	0.289230709829
5362798	MUSKY	7.69339888066	0.284060600692
1551246	MUSKY	7.97134027437	0.293436704667
98330	MUSKY	7.93039709177	0.292059404457
556940	MUSKY	8.06209366689	0.296484804958
2214	MUSKY	8.02860558811	0.295360820449
8180	MUSKY	8.03784348139	0.295670968123
6989	MUSKY	8.15309967961	0.29953477343
379	MUSKY	8.06710876149	0.296653052952
7632	MUSKY	8.37587551763	0.306972904431
8118	MUSKY	7.88990984075	0.290696122712
8078	MUSKY	6.75248553757	0.251860997129
957	MUSKY	7.58913281485	0.280527337841
14514	MUSKY	8.20859407744	0.301391356406
440967	MUSKY	7.511454696	0.27788940718
61918	MUSKY	8.26236172068	0.303187820346
6590	MUSKY	8.65080584825	0.3160976572
14257	MUSKY	7.49787038802	0.277427591379
7059	MUSKY	8.40173874161	0.307833864111
8186	MUSKY	12.534607589	0.438537748596
8082	MUSKY	7.33242110997	0.271791084665
8159	MUSKY	7.5102603742	0.277848810613
5363491	MUSKY	7.80066971915	0.287686609539
9025	MUSKY	7.96763159706	0.293312002576
6429333	MUSKY	10.8447470495	0.386746466553
196	MUSKY	8.62960209372	0.31539607083
6448	MUSKY	7.59607668834	0.280762915112
61641	MUSKY	8.24024439735	0.302449124803
7969	MUSKY	8.53914694665	0.312399065635
7820	MUSKY	8.12338753226	0.298539731291
5362588	MUSKY	8.02974828741	0.295399188473
31260	MUSKY	8.51282793604	0.311525821654
8103	MUSKY	7.65817528317	0.28286795186
12580	MUSKY	8.22588940155	0.301969473483
7136	MUSKY	8.00162224573	0.294454506404
31246	MUSKY	8.04562989811	0.295932331742
31252	MUSKY	8.36078845353	0.306470424715
33032	MUSKY	9.06280022864	0.329658269952
31266	MUSKY	7.78286868901	0.287085529548
104721	MUSKY	8.2265262222	0.301990755414
31249	MUSKY	7.80480937129	0.287826355123
261	MUSKY	12.0808212651	0.424854353628
7410	MUSKY	8.34048354998	0.30579387566
93375	MUSKY	10.6310060882	0.380032927348
7360	MUSKY	8.06550908843	0.296599388795
61386	MUSKY	7.69347107518	0.284063044133
61130	MUSKY	10.4323341101	0.37375992641
8615	MUSKY	8.2263232771	0.30198397322
61005	MUSKY	8.15357204266	0.299550586884
638014	MUSKY	7.83798748566	0.288945880296
61052	MUSKY	8.05392232732	0.296210627151
8456	MUSKY	7.88899208335	0.290665204898
61252	MUSKY	7.74253576942	0.285722686721
62900	MUSKY	7.69944755254	0.284265305056
18635	MUSKY	11.8693107342	0.418420214446
5610	MUSKY	8.44548237886	0.30928882611
5365027	MUSKY	7.63238790513	0.281994178151
7127	MUSKY	7.99011726665	0.294067901092
61199	MUSKY	8.01646757856	0.294953202167
7194	MUSKY	8.27641959303	0.303657135209
6276	MUSKY	7.80628697677	0.287876232525
8797	SWEATY	3.80142485827	0.146276661949
16220109	SWEATY	4.19746401777	0.160851079038
7695	SWEATY	3.83079520106	0.147361811294
7150	SWEATY	3.85989764566	0.148436381893
61192	SWEATY	4.08877453221	0.156863750418
220674	SWEATY	4.03925546541	0.15504398473
7799	SWEATY	4.07778786267	0.156460172966
6999977	SWEATY	4.49321965121	0.171653176915
7720	SWEATY	4.22848424543	0.161987338212
5362798	SWEATY	4.18350614245	0.16033955624
1551246	SWEATY	4.41653068623	0.168858930128
98330	SWEATY	4.21670590445	0.161555992704
556940	SWEATY	4.09595590567	0.157127494314
2214	SWEATY	3.83828491461	0.14763842415
8180	SWEATY	4.77789836596	0.18198460952
6989	SWEATY	3.83623255252	0.147562630022
379	SWEATY	5.40504404309	0.20451596128
7632	SWEATY	4.01119874287	0.154012063573
8118	SWEATY	4.27786094453	0.163794400077
8078	SWEATY	3.05772745899	0.118569219474
957	SWEATY	4.12649383052	0.158248572687
14514	SWEATY	4.01926659778	0.154308862318
440967	SWEATY	3.69159322722	0.142212584867
61918	SWEATY	4.14696553653	0.158999692197
6590	SWEATY	5.43182424363	0.2054710839
14257	SWEATY	4.04192505303	0.155142138868
7059	SWEATY	3.60430461362	0.138975779846
8186	SWEATY	4.11791942164	0.15793387272
8082	SWEATY	3.76991679801	0.145111762855
8159	SWEATY	4.00700336796	0.153857704322
5363491	SWEATY	4.219949741	0.161674799314
9025	SWEATY	3.57914117362	0.138041546329
6429333	SWEATY	3.85424119819	0.148227577842
196	SWEATY	5.92904124296	0.223100237694
6448	SWEATY	3.85830427213	0.148377566143
61641	SWEATY	4.86730259693	0.185215850049
7969	SWEATY	3.62459236204	0.139728626565
7820	SWEATY	4.61330441877	0.176019145687
5362588	SWEATY	4.51243253964	0.172352482616
31260	SWEATY	4.84086889973	0.184261151307
8103	SWEATY	4.15616281934	0.159337037021
12580	SWEATY	3.94848525306	0.151703195805
7136	SWEATY	4.00350062321	0.153728818032
31246	SWEATY	4.79267454005	0.182519089903
31252	SWEATY	3.90623341399	0.150145872766
33032	SWEATY	6.44951910068	0.241342245375
31266	SWEATY	4.82357099558	0.183636104963
104721	SWEATY	4.03424448837	0.154859728098
31249	SWEATY	4.33159050082	0.165758549526
261	SWEATY	4.88976205656	0.186026573074
7410	SWEATY	3.94009105428	0.151393915165
93375	SWEATY	3.85087429789	0.148103278772
7360	SWEATY	4.27135639977	0.163556461793
61386	SWEATY	4.16281094312	0.159580839746
61130	SWEATY	3.749900377	0.144371313945
8615	SWEATY	3.8954537205	0.149748324945
61005	SWEATY	4.02079150914	0.154364954621
638014	SWEATY	3.92510523447	0.150841628938
61052	SWEATY	3.97245775747	0.152586142045
8456	SWEATY	3.56517388108	0.137522769322
61252	SWEATY	3.76112229551	0.144786475452
62900	SWEATY	4.00437204342	0.153760883552
18635	SWEATY	4.95126104008	0.188244447248
5610	SWEATY	3.95281443915	0.15186268077
5365027	SWEATY	4.14350675022	0.158872810733
7127	SWEATY	3.74456711218	0.144173971344
61199	SWEATY	4.07977933848	0.156533333759
7194	SWEATY	3.94064450854	0.151414308684
6276	SWEATY	4.28123107852	0.163917667322
8797	AMMONIA/URINOUS	5.4577292376	0.206394446132
16220109	AMMONIA/URINOUS	5.10816243711	0.193889168091
7695	AMMONIA/URINOUS	5.13070874477	0.194698680901
7150	AMMONIA/URINOUS	5.58348511485	0.210869282183
61192	AMMONIA/URINOUS	5.20879161889	0.197499060704
220674	AMMONIA/URINOUS	5.42678910661	0.205291548261
7799	AMMONIA/URINOUS	5.01764294368	0.190635021463
6999977	AMMONIA/URINOUS	4.99171552317	0.189701731381
7720	AMMONIA/URINOUS	5.77404457317	0.217625946634
5362798	AMMONIA/URINOUS	5.57096936784	0.210424494834
1551246	AMMONIA/URINOUS	5.56069441469	0.210059247638
98330	AMMONIA/URINOUS	6.16866106682	0.23152549093
556940	AMMONIA/URINOUS	5.17403103647	0.196253002592
2214	AMMONIA/URINOUS	5.1862319727	0.196690478078
8180	AMMONIA/URINOUS	5.3454780823	0.202389468921
6989	AMMONIA/URINOUS	6.06938520492	0.22804043349
379	AMMONIA/URINOUS	5.2979224542	0.200689705236
7632	AMMONIA/URINOUS	6.19333210187	0.232390339065
8118	AMMONIA/URINOUS	6.62604545948	0.247480027007
8078	AMMONIA/URINOUS	7.47149857309	0.276530626552
957	AMMONIA/URINOUS	5.69882936639	0.214962512197
14514	AMMONIA/URINOUS	5.48426619874	0.207339777654
440967	AMMONIA/URINOUS	6.59417646076	0.246373793152
61918	AMMONIA/URINOUS	5.22046458853	0.197917283333
6590	AMMONIA/URINOUS	5.45311117717	0.206229878483
14257	AMMONIA/URINOUS	6.16325128341	0.231335784783
7059	AMMONIA/URINOUS	6.22065987322	0.233347751226
8186	AMMONIA/URINOUS	5.55957561776	0.210019472291
8082	AMMONIA/URINOUS	7.7098675631	0.284617879388
8159	AMMONIA/URINOUS	5.16280917013	0.195850527394
5363491	AMMONIA/URINOUS	5.16139708537	0.195799875466
9025	AMMONIA/URINOUS	5.57969363237	0.210734552882
6429333	AMMONIA/URINOUS	6.01455969215	0.22611241637
196	AMMONIA/URINOUS	5.11294798093	0.194061024415
6448	AMMONIA/URINOUS	5.49438053661	0.207699934472
61641	AMMONIA/URINOUS	5.43899534232	0.205726745559
7969	AMMONIA/URINOUS	7.32315790454	0.271474859504
7820	AMMONIA/URINOUS	4.9430333348	0.187947901973
5362588	AMMONIA/URINOUS	5.67258233158	0.21403201714
31260	AMMONIA/URINOUS	5.9733222307	0.224660657839
8103	AMMONIA/URINOUS	5.70024815369	0.215012794542
12580	AMMONIA/URINOUS	6.043004172	0.227113007111
7136	AMMONIA/URINOUS	5.16823475196	0.196045129898
31246	AMMONIA/URINOUS	5.66929519428	0.213915444571
31252	AMMONIA/URINOUS	5.73451498641	0.216226734605
33032	AMMONIA/URINOUS	5.01192833439	0.190429363124
31266	AMMONIA/URINOUS	5.14397860438	0.195174937822
104721	AMMONIA/URINOUS	5.30935899866	0.201098642756
31249	AMMONIA/URINOUS	4.77655548708	0.181936026555
261	AMMONIA/URINOUS	5.68960088737	0.214635412192
7410	AMMONIA/URINOUS	6.08752384143	0.228677775049
93375	AMMONIA/URINOUS	5.9234647074	0.22290361464
7360	AMMONIA/URINOUS	6.0408578085	0.227037527115
61386	AMMONIA/URINOUS	5.12495698663	0.194492205819
61130	AMMONIA/URINOUS	5.78079353774	0.217864711939
8615	AMMONIA/URINOUS	5.36767877056	0.203182360669
61005	AMMONIA/URINOUS	5.19834905699	0.197124829112
638014	AMMONIA/URINOUS	5.80526559176	0.218730180234
61052	AMMONIA/URINOUS	5.45042698923	0.206134217823
8456	AMMONIA/URINOUS	5.49062135027	0.207566084886
61252	AMMONIA/URINOUS	6.33699466483	0.23741678604
62900	AMMONIA/URINOUS	5.40379023516	0.204471229844
18635	AMMONIA/URINOUS	5.9091844466	0.222399993534
5610	AMMONIA/URINOUS	5.70548289881	0.215198301909
5365027	AMMONIA/URINOUS	5.50809647929	0.208188208441
7127	AMMONIA/URINOUS	5.52016364534	0.208617663145
61199	AMMONIA/URINOUS	5.21561349051	0.197743489987
7194	AMMONIA/URINOUS	5.64284696745	0.212977189939
6276	AMMONIA/URINOUS	5.7690544172	0.21744938114
8797	DECAYED	4.58303465232	0.174919703443
16220109	DECAYED	4.81448306326	0.183307623664
7695	DECAYED	4.56011443366	0.174086719887
7150	DECAYED	4.59689757201	0.175423315965
61192	DECAYED	4.82582491664	0.183717562215
220674	DECAYED	4.58300683299	0.174918692667
7799	DECAYED	4.6326353703	0.176720890622
6999977	DECAYED	4.94827373473	0.188136784208
7720	DECAYED	5.05972159099	0.192148550608
5362798	DECAYED	4.87512887872	0.185498402515
1551246	DECAYED	5.01112683296	0.190400516464
98330	DECAYED	4.73109390279	0.180290456305
556940	DECAYED	4.86208320626	0.185027387008
2214	DECAYED	4.59538301342	0.175368302521
8180	DECAYED	4.78772957265	0.182340241122
6989	DECAYED	4.59714008406	0.175432124581
379	DECAYED	4.96634035909	0.188787799739
7632	DECAYED	4.72939090226	0.180228780768
8118	DECAYED	5.3591090486	0.202876342026
8078	DECAYED	4.03818046126	0.155004457875
957	DECAYED	4.68295451696	0.178546155475
14514	DECAYED	4.75962376742	0.181323343334
440967	DECAYED	4.55376720354	0.173855969844
61918	DECAYED	4.93733453616	0.187742472518
6590	DECAYED	5.35292619854	0.202655520387
14257	DECAYED	4.54879102163	0.173675040962
7059	DECAYED	4.48976384654	0.171527362103
8186	DECAYED	4.53782434613	0.173276233927
8082	DECAYED	4.17818648946	0.160144562642
8159	DECAYED	4.61360885809	0.176030199646
5363491	DECAYED	4.85134995821	0.184639759762
9025	DECAYED	4.46933833258	0.170783539251
6429333	DECAYED	4.57943123422	0.174788773197
196	DECAYED	5.29970907019	0.200753596316
6448	DECAYED	4.52565255059	0.17283348962
61641	DECAYED	5.51075518568	0.208282838341
7969	DECAYED	4.44940065921	0.170057159878
7820	DECAYED	5.09083091136	0.193266612707
5362588	DECAYED	5.00475087544	0.190171022487
31260	DECAYED	5.5002497596	0.207908891417
8103	DECAYED	4.89072457266	0.186061308168
12580	DECAYED	4.80454811886	0.182948451704
7136	DECAYED	4.63561458122	0.176829014231
31246	DECAYED	5.18404007814	0.196611894513
31252	DECAYED	4.87571327219	0.185519498923
33032	DECAYED	5.68375276204	0.214428092298
31266	DECAYED	4.882899334	0.185778890998
104721	DECAYED	4.82839214946	0.183810337679
31249	DECAYED	4.85920276829	0.184923370114
261	DECAYED	5.24889603255	0.198935477478
7410	DECAYED	4.63858931735	0.176936968352
93375	DECAYED	4.65471601336	0.177522088068
7360	DECAYED	4.96538669961	0.188753441954
61386	DECAYED	4.51921901375	0.172599424352
61130	DECAYED	4.5394872377	0.173336711755
8615	DECAYED	4.46315417937	0.170558269083
61005	DECAYED	4.66108001171	0.177752933718
638014	DECAYED	4.6277495445	0.176543555441
61052	DECAYED	4.60271961437	0.175634773435
8456	DECAYED	4.39218041856	0.167970717211
61252	DECAYED	4.47430499222	0.170964437624
62900	DECAYED	4.80514153663	0.18296990739
18635	DECAYED	5.86428043784	0.220815303492
5610	DECAYED	4.79167044258	0.182482775451
5365027	DECAYED	4.81193649186	0.183215566554
7127	DECAYED	4.61044500787	0.175915319046
61199	DECAYED	4.88814580608	0.185968244475
7194	DECAYED	4.51543040041	0.172461571336
6276	DECAYED	5.0761573835	0.192739345827
8797	WOOD	3.36130787158	0.12993295862
16220109	WOOD	2.98398611203	0.115797775234
7695	WOOD	3.17826251291	0.123089959476
7150	WOOD	3.18958358128	0.123513965883
61192	WOOD	3.14319213624	0.121775822727
220674	WOOD	3.03886850894	0.117860851632
7799	WOOD	3.03179351912	0.117595031988
6999977	WOOD	2.9084307866	0.112953643608
7720	WOOD	2.98176985948	0.115714413781
5362798	WOOD	3.19211086269	0.123608605804
1551246	WOOD	3.12325759213	0.121028408491
98330	WOOD	3.41852023498	0.132066297161
556940	WOOD	3.0437572985	0.118044508543
2214	WOOD	3.62907105023	0.139894779334
8180	WOOD	3.32396037253	0.128538929878
6989	WOOD	4.50179312278	0.171965268383
379	WOOD	3.1696406806	0.122766978406
7632	WOOD	3.21645085974	0.124519811936
8118	WOOD	2.88221795684	0.111965846133
8078	WOOD	3.29600195198	0.127494626532
957	WOOD	3.19620404069	0.12376187352
14514	WOOD	3.44474504603	0.133043294468
440967	WOOD	3.26984341419	0.126516986186
61918	WOOD	3.43670094502	0.132743672447
6590	WOOD	3.12050312891	0.120925109245
14257	WOOD	3.26964268332	0.126509482022
7059	WOOD	3.6997568089	0.142514992178
8186	WOOD	3.36360909873	0.130018817481
8082	WOOD	3.30337054663	0.127769919078
8159	WOOD	3.00950492707	0.11675734912
5363491	WOOD	2.94813467741	0.114448787866
9025	WOOD	3.45066217094	0.13326365907
6429333	WOOD	3.25094406274	0.12581030759
196	WOOD	3.12892451318	0.121240913084
6448	WOOD	3.10433587894	0.120318674658
61641	WOOD	2.84799156179	0.110675240097
7969	WOOD	3.32756946886	0.128673691326
7820	WOOD	2.94667178605	0.114393721596
5362588	WOOD	3.02254031464	0.117247312604
31260	WOOD	2.98638442838	0.115887980354
8103	WOOD	3.05278904935	0.118383753582
12580	WOOD	3.36275457807	0.129986935782
7136	WOOD	3.32289679045	0.128499214386
31246	WOOD	2.92558130124	0.11359964167
31252	WOOD	3.7011409354	0.142566259726
33032	WOOD	3.11494003797	0.120716460943
31266	WOOD	2.94791969963	0.114440695763
104721	WOOD	3.49544966956	0.134930719425
31249	WOOD	2.88506274703	0.11207307506
261	WOOD	2.96409684244	0.115049525661
7410	WOOD	3.2642897337	0.126309354362
93375	WOOD	3.303430323	0.12777215216
7360	WOOD	3.10812879758	0.120460966054
61386	WOOD	3.21807349748	0.124580541085
61130	WOOD	3.25411796485	0.125929005102
8615	WOOD	3.05746081852	0.118559206078
61005	WOOD	3.12396238971	0.121054839184
638014	WOOD	3.3095109439	0.127999292681
61052	WOOD	3.0351314675	0.11772044949
8456	WOOD	3.72690429702	0.143520245625
61252	WOOD	3.32369819183	0.128529139805
62900	WOOD	3.0566740726	0.118529660349
18635	WOOD	2.95000282839	0.114519106461
5610	WOOD	3.4125192832	0.131842656185
5365027	WOOD	3.18971788655	0.123518995384
7127	WOOD	3.41683809332	0.132003610711
61199	WOOD	3.29385998355	0.127414593905
7194	WOOD	3.07390067385	0.119176480813
6276	WOOD	2.97810008838	0.115576371481
8797	GRASS	3.20033111627	0.123916396949
16220109	GRASS	4.01008592299	0.153971121276
7695	GRASS	3.27749884304	0.126803154255
7150	GRASS	3.11915076691	0.120874390074
61192	GRASS	3.46414842788	0.133765807383
220674	GRASS	3.53200091796	0.136290024525
7799	GRASS	3.38725796187	0.130900911875
6999977	GRASS	3.41037254998	0.131762645628
7720	GRASS	3.47913707501	0.134323725086
5362798	GRASS	3.77732165089	0.145385602494
1551246	GRASS	3.74445712323	0.14416990127
98330	GRASS	3.6453126017	0.140497182483
556940	GRASS	3.2655857564	0.126357810123
2214	GRASS	3.17050935832	0.122799522496
8180	GRASS	3.2899712457	0.127269285509
6989	GRASS	3.22814891119	0.124957578291
379	GRASS	3.29753294318	0.127551828323
7632	GRASS	3.27789585555	0.126817993726
8118	GRASS	3.48573673463	0.134569325152
8078	GRASS	2.9042902909	0.112797650798
957	GRASS	3.53030074195	0.136226820346
14514	GRASS	3.16320036833	0.122525680105
440967	GRASS	3.75303178187	0.144487172253
61918	GRASS	3.40083390366	0.13140708765
6590	GRASS	3.16588017072	0.122626087927
14257	GRASS	3.48001390191	0.134356357374
7059	GRASS	3.10881835061	0.12048683341
8186	GRASS	3.43934916293	0.132842317451
8082	GRASS	2.97301366052	0.115385022331
8159	GRASS	3.49277392708	0.134831169201
5363491	GRASS	3.52652894734	0.136086595327
9025	GRASS	3.22494707478	0.124837769537
6429333	GRASS	3.14608694872	0.121884332713
196	GRASS	3.20207766664	0.123981786113
6448	GRASS	3.71031456823	0.142906009051
61641	GRASS	3.27626931646	0.126757196405
7969	GRASS	2.99518973246	0.116219124685
7820	GRASS	3.31724059768	0.128287989834
5362588	GRASS	3.44476210272	0.133043929731
31260	GRASS	3.41649852966	0.131990956305
8103	GRASS	3.5446102574	0.136758705545
12580	GRASS	3.19116089328	0.123573032592
7136	GRASS	3.28980838179	0.127263199596
31246	GRASS	3.33249766849	0.128857690455
31252	GRASS	3.41290531842	0.131857043652
33032	GRASS	3.05811735292	0.118583861419
31266	GRASS	3.42612602788	0.132349705292
104721	GRASS	3.36526832331	0.130080720577
31249	GRASS	3.37534796704	0.130456729122
261	GRASS	3.3672870847	0.130156034464
7410	GRASS	3.07389270396	0.119176181616
93375	GRASS	3.40102301497	0.131414137579
7360	GRASS	3.480336326	0.134368356663
61386	GRASS	3.42312428223	0.132237859349
61130	GRASS	3.54206694535	0.136664182516
8615	GRASS	3.20657083556	0.124149994813
61005	GRASS	3.31380912154	0.128159832504
638014	GRASS	3.52253696297	0.135938171857
61052	GRASS	3.32047327399	0.128408713854
8456	GRASS	3.33809350641	0.129066592953
61252	GRASS	3.12533250797	0.121106219005
62900	GRASS	3.41217584032	0.131829856027
18635	GRASS	3.32420112455	0.128547919735
5610	GRASS	3.1302172876	0.121289387397
5365027	GRASS	3.76726217308	0.145013581211
7127	GRASS	3.34007606448	0.129140599333
61199	GRASS	3.32879180305	0.128719330175
7194	GRASS	3.21498458874	0.124464933187
6276	GRASS	3.52691079934	0.136100792059
8797	FLOWER	6.66781350381	0.248928645384
16220109	FLOWER	6.6420664392	0.248035838935
7695	FLOWER	6.82529829946	0.254378053228
7150	FLOWER	6.9221907568	0.257720940323
61192	FLOWER	6.46828246257	0.241995827297
220674	FLOWER	6.51403741663	0.243588423279
7799	FLOWER	6.84932621992	0.25520774093
6999977	FLOWER	6.36981204993	0.238562679777
7720	FLOWER	6.06565912344	0.227909476697
5362798	FLOWER	6.39379977788	0.239399720875
1551246	FLOWER	6.26885151899	0.235034661013
98330	FLOWER	5.48859437416	0.207493907685
556940	FLOWER	6.59179511805	0.246291099571
2214	FLOWER	6.62637865768	0.247491588661
8180	FLOWER	6.41278431412	0.240061851501
6989	FLOWER	6.04563688231	0.227205585167
379	FLOWER	6.38230096431	0.238998532333
7632	FLOWER	6.92120163345	0.257686852518
8118	FLOWER	6.03225563149	0.226734982058
8078	FLOWER	6.89108483376	0.256648573276
957	FLOWER	6.49229331393	0.242831783567
14514	FLOWER	6.42922439633	0.240635005318
440967	FLOWER	6.14271054173	0.230615264549
61918	FLOWER	6.13343512154	0.230289794305
6590	FLOWER	5.59286614515	0.211202585119
14257	FLOWER	6.49359997604	0.242877262782
7059	FLOWER	6.34254906294	0.237610791071
8186	FLOWER	6.48233001548	0.242484959647
8082	FLOWER	5.79915133449	0.2185139909
8159	FLOWER	6.77244687436	0.252551460308
5363491	FLOWER	6.4507280058	0.24138436351
9025	FLOWER	6.56763259157	0.24545178452
6429333	FLOWER	6.82883106683	0.254500069178
196	FLOWER	6.11733220162	0.229724586759
6448	FLOWER	6.84689447318	0.255123793356
61641	FLOWER	6.2215320361	0.233378297093
7969	FLOWER	7.06266210112	0.262554005663
7820	FLOWER	6.34059627348	0.237542586498
5362588	FLOWER	6.10519148589	0.229298314204
31260	FLOWER	5.51911145269	0.208580221617
8103	FLOWER	6.34545117072	0.237712146605
12580	FLOWER	6.44342390497	0.241129871551
7136	FLOWER	6.71117172078	0.250430938485
31246	FLOWER	6.26747237078	0.234986410864
31252	FLOWER	5.59546454576	0.211294892437
33032	FLOWER	5.72379982958	0.215847239388
31266	FLOWER	6.7125903969	0.250480067941
104721	FLOWER	6.2451917378	0.234206701575
31249	FLOWER	6.60699443247	0.246818827126
261	FLOWER	5.96886145962	0.224503535535
7410	FLOWER	6.86228100638	0.255654880011
93375	FLOWER	6.09100996977	0.22880023781
7360	FLOWER	5.8898076533	0.221716372455
61386	FLOWER	6.69101519123	0.249732733934
61130	FLOWER	6.30383846135	0.236258186715
8615	FLOWER	7.61444964253	0.281386048358
61005	FLOWER	6.87433751529	0.256070894102
638014	FLOWER	6.6577893482	0.248581110326
61052	FLOWER	7.19345140942	0.267039759105
8456	FLOWER	6.51448628201	0.243604038673
61252	FLOWER	6.12012985058	0.229822798268
62900	FLOWER	6.32371054805	0.236952695884
18635	FLOWER	5.69668859058	0.214886639264
5610	FLOWER	6.59597796002	0.246436348301
5365027	FLOWER	6.40151514872	0.239668847469
7127	FLOWER	6.56153813689	0.245240012387
61199	FLOWER	5.93702381408	0.223381651856
7194	FLOWER	7.45926040482	0.276114189878
6276	FLOWER	6.20513263373	0.232803836948
8797	CHEMICAL	18.0404605143	0.591435134345
16220109	CHEMICAL	16.7925165658	0.558905217587
7695	CHEMICAL	17.7401469456	0.583720752364
7150	CHEMICAL	19.3109866831	0.623273784655
61192	CHEMICAL	17.0114274137	0.564701631487
220674	CHEMICAL	18.0864015108	0.592608892587
7799	CHEMICAL	17.0901024807	0.566775458108
6999977	CHEMICAL	17.5245442551	0.578137909664
7720	CHEMICAL	18.3286630947	0.598770567453
5362798	CHEMICAL	17.5764573081	0.579485551723
1551246	CHEMICAL	17.0911046497	0.566801842728
98330	CHEMICAL	18.9836680859	0.615194861838
556940	CHEMICAL	17.1220544579	0.567616278773
2214	CHEMICAL	18.2914103133	0.597826136033
8180	CHEMICAL	17.60440916	0.580210277651
6989	CHEMICAL	19.4842247559	0.6275149845
379	CHEMICAL	17.3962926026	0.574799305579
7632	CHEMICAL	19.7971102279	0.635114179765
8118	CHEMICAL	17.8743118298	0.587176063836
8078	CHEMICAL	23.5646868445	0.720469687348
957	CHEMICAL	18.1300718507	0.593723071904
14514	CHEMICAL	17.8116148528	0.585563144647
440967	CHEMICAL	19.4888920595	0.627628916898
61918	CHEMICAL	17.6211158533	0.580643144565
6590	CHEMICAL	17.3004633304	0.572296120638
14257	CHEMICAL	18.2274823138	0.596202847951
7059	CHEMICAL	18.3533571127	0.599395997586
8186	CHEMICAL	17.9650556493	0.589504936179
8082	CHEMICAL	22.7500244427	0.702975532851
8159	CHEMICAL	17.461393276	0.576495628985
5363491	CHEMICAL	16.8501756086	0.560435657127
9025	CHEMICAL	18.6985088852	0.608086661595
6429333	CHEMICAL	19.0037494158	0.615692979889
196	CHEMICAL	16.531646977	0.551947738371
6448	CHEMICAL	18.2235801852	0.5961036575
61641	CHEMICAL	16.6692711404	0.555625005474
7969	CHEMICAL	20.2465117202	0.645891974075
7820	CHEMICAL	16.6879519465	0.556122981792
5362588	CHEMICAL	17.4892658501	0.577220866014
31260	CHEMICAL	18.0818426591	0.592492492783
8103	CHEMICAL	18.0413996499	0.591459145466
12580	CHEMICAL	19.7185676566	0.633213942093
7136	CHEMICAL	17.2128502258	0.570001123875
31246	CHEMICAL	17.3727715068	0.574185584342
31252	CHEMICAL	17.8538186414	0.586649209624
33032	CHEMICAL	16.2809482224	0.545210218888
31266	CHEMICAL	16.8288509294	0.559869947735
104721	CHEMICAL	17.2772327583	0.571688201619
31249	CHEMICAL	16.7648103883	0.558168868589
261	CHEMICAL	17.5860967155	0.579735549546
7410	CHEMICAL	19.9599503248	0.639038166204
93375	CHEMICAL	18.1918426327	0.595296449959
7360	CHEMICAL	18.6726701777	0.607439362482
61386	CHEMICAL	17.4116037366	0.575198571591
61130	CHEMICAL	18.2207956388	0.596032868067
8615	CHEMICAL	17.3398346854	0.573325440649
61005	CHEMICAL	18.2061699605	0.595660948569
638014	CHEMICAL	17.7953461092	0.58514410711
61052	CHEMICAL	18.328962347	0.598778149594
8456	CHEMICAL	18.678270264	0.607579698538
61252	CHEMICAL	19.3003827681	0.623013400727
62900	CHEMICAL	18.0231484358	0.590992385615
18635	CHEMICAL	16.8507347736	0.560450485981
5610	CHEMICAL	18.4519875587	0.601889164401
5365027	CHEMICAL	17.5957147697	0.579984919485
7127	CHEMICAL	17.5639956831	0.579162249581
61199	CHEMICAL	18.189020246	0.595224626836
7194	CHEMICAL	17.5545510832	0.578917137834
6276	CHEMICAL	18.0287956017	0.591136835729
