#oID	descriptor	value	sigma
14228	INTENSITY/STRENGTH	26.1265306122	0.772022983757
778574	INTENSITY/STRENGTH	34.043877551	0.898160862557
61918	INTENSITY/STRENGTH	68.3857142857	0.864786204082
7119	INTENSITY/STRENGTH	34.2775510204	0.901121839234
8892	INTENSITY/STRENGTH	58.2102040816	0.973037019575
18827	INTENSITY/STRENGTH	59.8673469388	0.961054185756
69963	INTENSITY/STRENGTH	24.6918367347	0.743798748855
261	INTENSITY/STRENGTH	27.2836734694	0.793587403582
8658	INTENSITY/STRENGTH	76.3265306122	0.722765514369
5366244	INTENSITY/STRENGTH	28.0653061225	0.807547681799
6998	INTENSITY/STRENGTH	68.9918367347	0.855724054977
7820	INTENSITY/STRENGTH	31.7632653061	0.866968603082
5315892	INTENSITY/STRENGTH	66.6795918367	0.888716486464
12180	INTENSITY/STRENGTH	74.2040816327	0.765664972928
8452	INTENSITY/STRENGTH	43.0448979592	0.980650622241
6106	INTENSITY/STRENGTH	33.0265306122	0.884760534777
8093	INTENSITY/STRENGTH	64.3816326531	0.917267456893
7761	INTENSITY/STRENGTH	34.8816326531	0.908573987505
8908	INTENSITY/STRENGTH	54.2591836735	0.992743741774
444683	INTENSITY/STRENGTH	44.4377551021	0.987624572678
8091	INTENSITY/STRENGTH	52.5326530612	0.997434267389
89440	INTENSITY/STRENGTH	28.0551020408	0.807368581424
8078	INTENSITY/STRENGTH	67.4510204082	0.878184754686
62900	INTENSITY/STRENGTH	61.906122449	0.943297699292
7122	INTENSITY/STRENGTH	31.2285714286	0.859053387755
7410	INTENSITY/STRENGTH	66.0489795918	0.896972101624
5364729	INTENSITY/STRENGTH	38.5530612245	0.947587037068
61209	INTENSITY/STRENGTH	54.2020408163	0.992937141191
1550470	INTENSITY/STRENGTH	53.8755102041	0.993992168263
62902	INTENSITY/STRENGTH	57.4734693877	0.977658902124
807	INTENSITY/STRENGTH	37.812244898	0.940583450229
1001	INTENSITY/STRENGTH	45.2744897959	0.991067821324
13216	INTENSITY/STRENGTH	49.3489795918	0.999830468971
5960	INTENSITY/STRENGTH	7.88163265306	0.290417252811
177	INTENSITY/STRENGTH	39.4193877551	0.955220257809
61337	INTENSITY/STRENGTH	61.8326530612	0.943995328613
679	INTENSITY/STRENGTH	40.0091836735	0.960073435652
12206	INTENSITY/STRENGTH	70.3510204082	0.834334387339
7151	INTENSITY/STRENGTH	65.9775510204	0.897887145356
6826	INTENSITY/STRENGTH	32.7244897959	0.880622698876
88454	INTENSITY/STRENGTH	53.7040816327	0.994511911703
7997	INTENSITY/STRENGTH	73.9775510204	0.770030818826
6137	INTENSITY/STRENGTH	66.937755102	0.885244980841
61659	INTENSITY/STRENGTH	41.3591836735	0.970134517285
6505	INTENSITY/STRENGTH	8.98979591837	0.327265264473
8918	INTENSITY/STRENGTH	38.1510204082	0.943840673053
12297	INTENSITY/STRENGTH	52.1428571429	0.998163265306
5273467	INTENSITY/STRENGTH	44.6367346939	0.988494154103
22310	INTENSITY/STRENGTH	29.8510204082	0.837607448563
33032	INTENSITY/STRENGTH	9.53673469388	0.345089664307
8175	INTENSITY/STRENGTH	61.4214285714	0.947820387755
7765	INTENSITY/STRENGTH	40.906122449	0.966920556435
106997	INTENSITY/STRENGTH	24.887755102	0.747750062474
6658	INTENSITY/STRENGTH	41.837755102	0.97335110329
16255	INTENSITY/STRENGTH	19.5826530612	0.629914002082
5541	INTENSITY/STRENGTH	21.2795918367	0.670055261974
5365027	INTENSITY/STRENGTH	61.3857142857	0.948146204082
1549778	INTENSITY/STRENGTH	39.2979591837	0.954186528946
12810	INTENSITY/STRENGTH	54.1714285714	0.993039673469
61027	INTENSITY/STRENGTH	34.1469387755	0.899472179925
5363388	INTENSITY/STRENGTH	59.7326530612	0.962110185756
8163	INTENSITY/STRENGTH	29.8846938776	0.83814978384
12348	INTENSITY/STRENGTH	55.2367346939	0.989030643898
13561	INTENSITY/STRENGTH	25.1387755102	0.752767806747
14228	VALENCE/PLEASANTNESS	42.8791620376	0.979717466685
778574	VALENCE/PLEASANTNESS	52.667953842	0.997152808919
61918	VALENCE/PLEASANTNESS	34.4910262882	0.903788693762
7119	VALENCE/PLEASANTNESS	44.5097163746	0.987942714285
8892	VALENCE/PLEASANTNESS	36.3900688768	0.925907909928
18827	VALENCE/PLEASANTNESS	34.26932958	0.901018403255
69963	VALENCE/PLEASANTNESS	39.0106352106	0.95169354461
261	VALENCE/PLEASANTNESS	40.6652536232	0.965145004032
8658	VALENCE/PLEASANTNESS	49.9675181457	0.999999577972
5366244	VALENCE/PLEASANTNESS	41.3692960479	0.970204379716
6998	VALENCE/PLEASANTNESS	51.0172666638	0.999586067414
7820	VALENCE/PLEASANTNESS	42.5304733969	0.97768246893
5315892	VALENCE/PLEASANTNESS	43.3414433292	0.982265449225
7144	VALENCE/PLEASANTNESS	53.7099159859	0.994494609351
12180	VALENCE/PLEASANTNESS	46.1545804441	0.994085099376
8452	VALENCE/PLEASANTNESS	33.8512006326	0.895686511596
6106	VALENCE/PLEASANTNESS	40.2779950166	0.962193047641
8093	VALENCE/PLEASANTNESS	58.0885736546	0.973829990494
7761	VALENCE/PLEASANTNESS	47.9274600011	0.998281831181
8908	VALENCE/PLEASANTNESS	52.1124865699	0.998214960197
444683	VALENCE/PLEASANTNESS	36.1250636063	0.922994456029
8091	VALENCE/PLEASANTNESS	57.3004378984	0.978681442597
89440	VALENCE/PLEASANTNESS	50.9475047543	0.999640893896
8078	VALENCE/PLEASANTNESS	23.3664038265	0.716260621947
62900	VALENCE/PLEASANTNESS	51.6751860724	0.998877500649
7122	VALENCE/PLEASANTNESS	46.7675505257	0.995820508158
7410	VALENCE/PLEASANTNESS	48.1339699973	0.998607172812
5364729	VALENCE/PLEASANTNESS	44.268504802	0.986859985118
61209	VALENCE/PLEASANTNESS	43.2452813144	0.981749510191
1550470	VALENCE/PLEASANTNESS	46.448797684	0.994955584844
62902	VALENCE/PLEASANTNESS	68.4668386554	0.86359034803
807	VALENCE/PLEASANTNESS		
1001	VALENCE/PLEASANTNESS	47.841917517	0.998137071999
13216	VALENCE/PLEASANTNESS	37.998437346	0.942384997545
5960	VALENCE/PLEASANTNESS	34.7250230723	0.906670031943
10448	VALENCE/PLEASANTNESS	27.3739189825	0.795224183116
177	VALENCE/PLEASANTNESS	38.2718013009	0.94497974211
1049	VALENCE/PLEASANTNESS	46.1206067803	0.993980123299
61337	VALENCE/PLEASANTNESS	49.8131727332	0.999986038229
679	VALENCE/PLEASANTNESS	38.9367038177	0.951041391033
12206	VALENCE/PLEASANTNESS	45.0221444139	0.990088381506
7151	VALENCE/PLEASANTNESS	45.4194460872	0.991607410341
6826	VALENCE/PLEASANTNESS	56.1619077106	0.984812357346
88454	VALENCE/PLEASANTNESS	54.4873499689	0.991945476103
7997	VALENCE/PLEASANTNESS	47.9681295873	0.99834860105
6137	VALENCE/PLEASANTNESS	28.4545278293	0.814317051577
36822	VALENCE/PLEASANTNESS	35.7574469102	0.918859872594
61659	VALENCE/PLEASANTNESS	25.635467429	0.762547821039
6505	VALENCE/PLEASANTNESS	37.8303540601	0.940759887079
8918	VALENCE/PLEASANTNESS	51.6632674425	0.998893416566
12297	VALENCE/PLEASANTNESS	43.1374950443	0.981162410293
5273467	VALENCE/PLEASANTNESS	40.9559656418	0.967282177011
22310	VALENCE/PLEASANTNESS	50.2075123151	0.999982775456
33032	VALENCE/PLEASANTNESS	37.3568334073	0.936060135403
8175	VALENCE/PLEASANTNESS	34.1182952467	0.899108581651
7765	VALENCE/PLEASANTNESS	48.6626113232	0.999284556611
106997	VALENCE/PLEASANTNESS	53.4828571955	0.995147882302
6658	VALENCE/PLEASANTNESS	41.5686724179	0.971565086081
16255	VALENCE/PLEASANTNESS	44.1363813812	0.986247190677
5541	VALENCE/PLEASANTNESS	46.5533302463	0.995248187044
23642	VALENCE/PLEASANTNESS	25.0589636462	0.751177882239
5365027	VALENCE/PLEASANTNESS	46.2451285622	0.994360376194
1549778	VALENCE/PLEASANTNESS	53.0826847798	0.996198821819
12810	VALENCE/PLEASANTNESS	57.1872595974	0.979337319792
61027	VALENCE/PLEASANTNESS	41.8334648594	0.973323081519
5363388	VALENCE/PLEASANTNESS	43.9489764239	0.985354045473
8163	VALENCE/PLEASANTNESS	37.6439871995	0.938931579069
12348	VALENCE/PLEASANTNESS	49.1313891454	0.999698206073
13561	VALENCE/PLEASANTNESS	41.4059386487	0.970456843796
14228	BAKERY	3.829782507	0.14732440666
778574	BAKERY	1.37509445702	0.0542474243744
61918	BAKERY	12.6819764862	0.442946048411
7119	BAKERY	0.757515584498	0.0300710914356
8892	BAKERY	2.03275521606	0.0796573711349
18827	BAKERY	1.04836926271	0.0414951392639
69963	BAKERY	3.63006901777	0.139931800281
261	BAKERY	2.50757472633	0.0977878166499
8658	BAKERY	6.17240543735	0.231656781941
5366244	BAKERY	5.48266826041	0.207282869915
6998	BAKERY	5.64119357512	0.212918517024
7820	BAKERY	0.751517460984	0.0298347870417
5315892	BAKERY	2.74698867483	0.106861168281
7144	BAKERY	16.5462316989	0.552338154582
12180	BAKERY	2.40854342957	0.0940213046019
8452	BAKERY	2.05778717952	0.0806176919502
6106	BAKERY	6.57032674483	0.245545392379
8093	BAKERY	3.48154469482	0.134413326408
7761	BAKERY	5.6747021478	0.214107188126
8908	BAKERY	1.8619163677	0.0730899616839
444683	BAKERY	4.78361509311	0.182191414381
8091	BAKERY	3.18888072245	0.123487644793
89440	BAKERY	2.97467214957	0.115447416224
8078	BAKERY	2.15339127078	0.0842808132454
62900	BAKERY	1.79271065518	0.0704229016101
7122	BAKERY	2.58330189608	0.100662696369
7410	BAKERY	7.00645369554	0.260621990467
5364729	BAKERY	0.947047054776	0.0375231229414
61209	BAKERY	6.9984610138	0.260347057927
1550470	BAKERY	1.25105698132	0.0494162218246
62902	BAKERY	7.7477694251	0.285899604578
807	BAKERY		
1001	BAKERY	2.21652705261	0.0866958852343
13216	BAKERY	1.28038302277	0.050559568637
5960	BAKERY	5.0186435431	0.190671028519
10448	BAKERY	2.42766439909	0.0947491541899
177	BAKERY	2.40937464765	0.0940529514291
1049	BAKERY	1.55734335362	0.0613236068165
61337	BAKERY	1.83804336027	0.072170373053
679	BAKERY	2.95960299343	0.114880419786
12206	BAKERY	0.493344854072	0.0196364385049
7151	BAKERY	10.6032661563	0.37915894498
6826	BAKERY	1.68548651408	0.0662831146474
88454	BAKERY	3.23329500126	0.125150121424
7997	BAKERY	3.46438870063	0.133774752397
6137	BAKERY	5.29074183006	0.200432893558
36822	BAKERY	1.91578780819	0.0751634151572
61659	BAKERY	2.87065620715	0.111529981462
6505	BAKERY	7.19249123008	0.267006877165
8918	BAKERY	2.58284764361	0.100645464964
12297	BAKERY	2.40929955922	0.0940500926223
5273467	BAKERY	1.65554637608	0.0651255215219
22310	BAKERY	1.91185787918	0.075012234947
33032	BAKERY	5.30721618357	0.201022029895
8175	BAKERY	0.391534736315	0.0156000696727
7765	BAKERY	1.70572323267	0.0670651326082
106997	BAKERY	0.921375032432	0.0365154285171
6658	BAKERY	1.2249296728	0.0483970058309
16255	BAKERY	1.81297157623	0.0712041166746
5541	BAKERY	1.06110471532	0.0419938113261
23642	BAKERY	2.52934040835	0.0986145911733
5365027	BAKERY	0.302755200489	0.012073543735
1549778	BAKERY	4.21438523846	0.161470992363
12810	BAKERY	2.0862812491	0.0817102221837
61027	BAKERY	6.56421448528	0.245333014688
5363388	BAKERY	1.35871768932	0.0536102620689
8163	BAKERY	2.35401254383	0.0919439517306
12348	BAKERY	1.91493978244	0.0751307935494
13561	BAKERY	1.88273409076	0.0738914885678
14228	SWEET	8.72042090403	0.318398539864
778574	SWEET	16.2957859137	0.545610381129
61918	SWEET	12.8028011786	0.446547359937
7119	SWEET	15.4734386417	0.52316662431
8892	SWEET	22.1534237074	0.689827275512
18827	SWEET	6.52411937972	0.243939121716
69963	SWEET	8.71345425011	0.318168456017
261	SWEET	10.0730081743	0.3623341295
8658	SWEET	25.7001798756	0.763807496769
5366244	SWEET	15.3259824766	0.519085003514
6998	SWEET	14.6433731265	0.499963574452
7820	SWEET	7.84634661836	0.289227802632
5315892	SWEET	17.1193985686	0.567546419804
7144	SWEET	18.6690329694	0.607348201971
12180	SWEET	14.2101216226	0.487633842293
8452	SWEET	5.10207000851	0.193670352992
6106	SWEET	9.89315064	0.356576253766
8093	SWEET	26.4181796464	0.777559099525
7761	SWEET	14.7249199241	0.502267490257
8908	SWEET	26.8847201664	0.786273535285
444683	SWEET	3.8076002455	0.146504881968
8091	SWEET	31.5192909971	0.8633853579
89440	SWEET	20.6576954192	0.655611664754
8078	SWEET	3.96214808265	0.152206476334
62900	SWEET	8.59496105455	0.31424909997
7122	SWEET	27.1144810484	0.790501208926
7410	SWEET	11.864107982	0.418261495997
5364729	SWEET	13.0698132374	0.454464522271
61209	SWEET	21.1503619906	0.667079354691
1550470	SWEET	14.8021669155	0.504445018463
62902	SWEET	50.5369396031	0.999884678345
807	SWEET		
1001	SWEET	10.7474181932	0.383693928601
13216	SWEET	11.4137703793	0.404441153464
5960	SWEET	10.1905449354	0.366082914985
10448	SWEET	7.58520278516	0.28039399089
177	SWEET	7.93887243832	0.292344619296
1049	SWEET	7.12310203257	0.264628648276
61337	SWEET	13.3025552828	0.46131902049
679	SWEET	7.36349265451	0.272851296551
12206	SWEET	23.9287302372	0.728115557181
7151	SWEET	10.6808791237	0.381602693406
6826	SWEET	20.5044170129	0.652004233701
88454	SWEET	24.5841973187	0.741614789625
7997	SWEET	14.3801252971	0.492489810459
6137	SWEET	7.41622182126	0.27464873441
36822	SWEET	7.51122268922	0.277881521054
61659	SWEET	9.26502238588	0.336264639511
6505	SWEET	6.98038565426	0.259725112618
8918	SWEET	10.2787645064	0.368889380343
12297	SWEET	10.4929162506	0.375676133446
5273467	SWEET	8.15540750676	0.29961203163
22310	SWEET	12.4327544056	0.43548082338
33032	SWEET	14.3306892973	0.491080109597
8175	SWEET	3.58204684292	0.138149449883
7765	SWEET	12.656674157	0.442190405993
106997	SWEET	13.3607123044	0.463025038862
6658	SWEET	10.6926547824	0.381973044778
16255	SWEET	10.4050971049	0.372897465892
5541	SWEET	15.0489114519	0.511368563722
23642	SWEET	9.83390530897	0.354673934908
5365027	SWEET	12.2930718329	0.431275027279
1549778	SWEET	18.1099233591	0.593209204736
12810	SWEET	22.8365283688	0.704858323576
61027	SWEET	4.86156288084	0.185008597776
5363388	SWEET	23.4924542188	0.718940006663
8163	SWEET	11.658800791	0.411980977288
12348	SWEET	31.6197544562	0.8648666295
13561	SWEET	12.1144201977	0.425873137216
14228	FRUIT	4.14862393136	0.159060525045
778574	FRUIT	7.83423094648	0.28881916805
61918	FRUIT	2.84942232328	0.110729209901
7119	FRUIT	4.44865336743	0.170029927984
8892	FRUIT	12.8539405386	0.448068106596
18827	FRUIT	3.37065303658	0.130281600706
69963	FRUIT	2.29590815698	0.0897278485733
261	FRUIT	1.12284755392	0.0444095875049
8658	FRUIT	9.75790189124	0.352229415922
5366244	FRUIT	4.29504563492	0.164422858594
6998	FRUIT	7.65061025894	0.282611675424
7820	FRUIT	4.17797808339	0.160136922989
5315892	FRUIT	2.16965445181	0.0849032178961
7144	FRUIT	3.00674917946	0.116653750927
12180	FRUIT	9.11984780666	0.33152526266
8452	FRUIT	1.70851540188	0.0671730061237
6106	FRUIT	3.01918701308	0.117121284435
8093	FRUIT	15.1998534798	0.51557992087
7761	FRUIT	14.7152744819	0.501995258045
8908	FRUIT	14.5450305886	0.497178057613
444683	FRUIT	2.55667119056	0.0996522205918
8091	FRUIT	19.7500879114	0.633977127453
89440	FRUIT	3.2594915912	0.126129949475
8078	FRUIT	1.46934338953	0.0579101475826
62900	FRUIT	3.37311069525	0.130373277505
7122	FRUIT	2.39123877908	0.0933623420038
7410	FRUIT	1.3202444769	0.0521125608845
5364729	FRUIT	6.7658085332	0.252321875285
61209	FRUIT	1.6631196006	0.0654183973017
1550470	FRUIT	8.40399198602	0.30790884692
62902	FRUIT	14.3225733079	0.490848489851
807	FRUIT		
1001	FRUIT	2.37781634806	0.0928510496882
13216	FRUIT	1.35659952127	0.0535278359462
5960	FRUIT	1.25739258347	0.0496632888952
10448	FRUIT	13.2014155983	0.458345674413
177	FRUIT	2.11528790851	0.0828217391662
1049	FRUIT	0.761836291576	0.030241293849
61337	FRUIT	4.74875438708	0.180929908192
679	FRUIT	2.01325680272	0.0789089909273
12206	FRUIT	15.031284483	0.510875574037
7151	FRUIT	9.6802867738	0.349728290143
6826	FRUIT	7.48666666666	0.277046595555
88454	FRUIT	20.8228711395	0.659478060582
7997	FRUIT	3.91553036998	0.150488663568
6137	FRUIT	10.8638265306	0.38734397047
36822	FRUIT	2.45236742359	0.0956890545513
61659	FRUIT	1.56124061028	0.0614746355138
6505	FRUIT	2.35011487273	0.0917953789431
8918	FRUIT	7.32157976806	0.271420978602
12297	FRUIT	2.59202984475	0.100993746303
5273467	FRUIT	2.65078752332	0.103220831135
22310	FRUIT	3.37558760641	0.130465667581
33032	FRUIT	0.994008799173	0.0393651305698
8175	FRUIT	3.94556453371	0.151595589552
7765	FRUIT	9.29537770164	0.337253489419
106997	FRUIT	3.89685062226	0.149799846981
6658	FRUIT	4.06987304797	0.156169375268
16255	FRUIT	6.2482724272	0.234314533758
5541	FRUIT	9.87348390767	0.355945082517
23642	FRUIT	1.10147105636	0.0435735468591
5365027	FRUIT	3.7587677305	0.144699375279
1549778	FRUIT	8.26440648618	0.30325609362
12810	FRUIT	12.1244401461	0.426176786302
61027	FRUIT	2.49832949943	0.0974365198622
5363388	FRUIT	8.63628970157	0.315617388139
8163	FRUIT	3.29925993832	0.127616351077
12348	FRUIT	15.7465758169	0.530681172693
13561	FRUIT	5.10911654135	0.193923432921
14228	FISH	0.84495318982	0.0335125492356
778574	FISH	0.587851961025	0.0233758504698
61918	FISH	0.440499174451	0.017542351169
7119	FISH	1.39022351452	0.0548358520128
8892	FISH	0.63620620101	0.0252863447083
18827	FISH	0.898943568128	0.0356345029097
69963	FISH	0.858871168247	0.0340597828564
261	FISH	3.89071144318	0.149573403514
8658	FISH	0.814703621927	0.0323226480804
5366244	FISH	0.974914223785	0.0386163858539
6998	FISH	0.521770145771	0.0207619081968
7820	FISH	1.09763474339	0.0434234689235
5315892	FISH	0.785972643725	0.0311918045503
7144	FISH	2.02086142408	0.079200904605
12180	FISH	0.997745445696	0.0395116194381
8452	FISH	6.34083142067	0.237550799585
6106	FISH	1.16090358775	0.0458970646541
8093	FISH	0.287159097116	0.0114533797458
7761	FISH	2.36016809945	0.0921785665951
8908	FISH	0.43034895177	0.0171398779827
444683	FISH	0.601190476189	0.0239030470521
8091	FISH	0.413643585406	0.0164773030099
89440	FISH	0.821232323232	0.0325795239178
8078	FISH	10.7215191511	0.382880376882
62900	FISH	0.327577145416	0.0130601631022
7122	FISH	1.02584958629	0.0406130365021
7410	FISH	0.264584595452	0.0105553818148
5364729	FISH	0.0501898281138	0.00200658551701
61209	FISH	0.877187539127	0.0347797183736
1550470	FISH	0.612444137818	0.024347730384
62902	FISH	1.01540645292	0.0402038380108
807	FISH		
1001	FISH	0.01665805477	0.000666211194487
13216	FISH	2.07265066286	0.0811876742062
5960	FISH	0.493217397946	0.0196313905572
10448	FISH	11.3533221563	0.402573716657
177	FISH	3.52752151224	0.136123497282
1049	FISH	1.26820326496	0.0500847947901
61337	FISH	1.27813742689	0.0504720429626
679	FISH	4.07103313108	0.156212000941
12206	FISH	0.243443590978	0.00971403772633
7151	FISH	0.708102225387	0.0281235255108
6826	FISH	1.28461310657	0.0507244319293
88454	FISH	0.29017172718	0.0115731892347
7997	FISH	1.68474859759	0.0662545927687
6137	FISH	4.15930814021	0.159452387926
36822	FISH	1.65408365939	0.0650689492746
61659	FISH	6.15177725808	0.23093334495
6505	FISH	3.4437309147	0.133005523543
8918	FISH	0.282530364424	0.0112692852142
12297	FISH	0.846189961691	0.0335611834871
5273467	FISH	0.809983157941	0.0321368972312
22310	FISH	1.40962136878	0.05559004179
33032	FISH	1.51310231445	0.0596083011322
8175	FISH	0.971868921155	0.0384969451662
7765	FISH	2.17436895083	0.0850836058996
106997	FISH	0.947178681323	0.0375282882712
6658	FISH	0.394881355627	0.0157328817111
16255	FISH	1.83669881535	0.0721185675987
5541	FISH	3.1634679089	0.122535704672
23642	FISH	5.24771096221	0.198893050351
5365027	FISH	0.29568202204	0.0117923097383
1549778	FISH	0.445509583471	0.0177409918232
12810	FISH	0.620005958418	0.0246464753813
61027	FISH	0.720767227557	0.0286228869438
5363388	FISH	0.724608214418	0.028774305751
8163	FISH	0.647469258608	0.025731083768
12348	FISH	0.319499373315	0.0127391429928
13561	FISH	1.28514669384	0.0507452269438
14228	GARLIC	4.58700848496	0.175064080662
778574	GARLIC	1.66648280934	0.0655484463921
61918	GARLIC	1.03323348827	0.0409023109543
7119	GARLIC	2.21412338302	0.0866039983786
8892	GARLIC	2.34674843962	0.0916670462892
18827	GARLIC	3.81011802633	0.146597921304
69963	GARLIC	5.64812275986	0.21316439411
261	GARLIC	4.68826712166	0.178738745425
8658	GARLIC	1.20472704685	0.047608534971
5366244	GARLIC	2.09991393148	0.0822327018512
6998	GARLIC	1.67865507831	0.0660190499837
7820	GARLIC	1.62823597035	0.0640689778639
5315892	GARLIC	2.34565940012	0.0916255287964
7144	GARLIC	0.841679356552	0.0333838046064
12180	GARLIC	2.44264173997	0.0953190701308
8452	GARLIC	9.57085869296	0.34619381327
6106	GARLIC	1.88833646934	0.074107132925
8093	GARLIC	1.58030763357	0.0622133564562
7761	GARLIC	3.45812400886	0.13354151169
8908	GARLIC	1.17433760684	0.0464218767475
444683	GARLIC	2.30200361596	0.0899604563792
8091	GARLIC	3.07714038254	0.119298098128
89440	GARLIC	3.04096491228	0.117939609452
8078	GARLIC	0.668050065877	0.0265434862789
62900	GARLIC	1.4495014274	0.0571396353408
7122	GARLIC	3.26496385706	0.126334558687
7410	GARLIC	1.71602040817	0.0674629259101
5364729	GARLIC	2.20023334724	0.0860729231767
61209	GARLIC	2.00002146639	0.0784008243092
1550470	GARLIC	1.29174833441	0.0510024878726
62902	GARLIC	1.79136682934	0.0703710751267
807	GARLIC		
1001	GARLIC	1.2154829751	0.0480283594591
13216	GARLIC	3.47140934516	0.13403610067
5960	GARLIC	2.39650143718	0.0935627698319
10448	GARLIC	5.53897524967	0.20928691126
177	GARLIC	9.76398611112	0.352425274534
1049	GARLIC	3.02880533445	0.117482748676
61337	GARLIC	2.91819576645	0.113321484045
679	GARLIC	4.65037033412	0.177364435667
12206	GARLIC	1.46193924672	0.0576226633242
7151	GARLIC	2.03151871561	0.0796099213078
6826	GARLIC	0.8170861678	0.0324163947898
88454	GARLIC	3.03589066162	0.117748973621
7997	GARLIC	2.1594320707	0.0845120240809
6137	GARLIC	4.56546508456	0.174281214807
36822	GARLIC	0.672436578235	0.0267165947487
61659	GARLIC	11.224237869	0.398576108463
6505	GARLIC	5.3035626601	0.200891395648
8918	GARLIC	1.29193768529	0.0510098662184
12297	GARLIC	3.12849382878	0.121224763697
5273467	GARLIC	2.55666200483	0.0996518719505
22310	GARLIC	1.23516444898	0.0487963254726
33032	GARLIC	2.30234532101	0.0899734952495
8175	GARLIC	1.24864750795	0.0493222520783
7765	GARLIC	3.49598072563	0.134950476531
106997	GARLIC	3.35689077212	0.129768144622
6658	GARLIC	3.59801204014	0.138742205349
16255	GARLIC	4.93596385387	0.187693058488
5541	GARLIC	3.83229057457	0.147417042564
23642	GARLIC	5.15204502878	0.19546437396
5365027	GARLIC	1.97137748725	0.077300567811
1549778	GARLIC	1.67949641891	0.066051573468
12810	GARLIC	2.94496304532	0.114329398878
61027	GARLIC	3.91868885205	0.150605105154
5363388	GARLIC	1.49127074221	0.0587612743178
8163	GARLIC	2.64161844595	0.102873478632
12348	GARLIC	1.21407591892	0.0479734446222
13561	GARLIC	1.56711224586	0.0617021535179
14228	SPICES	5.8064364078	0.218771574809
778574	SPICES	5.33365781294	0.201967150251
61918	SPICES	4.90194833117	0.18646629427
7119	SPICES	4.67210962338	0.178152941602
8892	SPICES	5.1479594245	0.195317782485
18827	SPICES	7.29745253357	0.270596975951
69963	SPICES	7.02319879757	0.261197823363
261	SPICES	7.12319254282	0.264631752912
8658	SPICES	6.76557319953	0.252313735694
5366244	SPICES	4.76832856629	0.181638359725
6998	SPICES	7.49053563358	0.277178175712
7820	SPICES	4.8406865855	0.184254564772
5315892	SPICES	12.0306246553	0.423330614372
7144	SPICES	13.1449280551	0.456681468775
12180	SPICES	7.44344676937	0.275575910851
8452	SPICES	5.3941541848	0.204127407644
6106	SPICES	5.63621983256	0.212742003702
8093	SPICES	3.1753462938	0.122980722118
7761	SPICES	4.89462242255	0.186201965438
8908	SPICES	5.80406109705	0.218687593795
444683	SPICES	5.00578766128	0.190208342407
8091	SPICES	3.67184536166	0.141480835122
89440	SPICES	8.1570751655	0.299667856518
8078	SPICES	1.07826086956	0.0426653761814
62900	SPICES	6.07270518502	0.228157108095
7122	SPICES	4.68629001287	0.178667074881
7410	SPICES	4.98412867346	0.189428531485
5364729	SPICES	4.60741869116	0.175805424848
61209	SPICES	10.3993258808	0.372714643721
1550470	SPICES	3.85660503104	0.148314840295
62902	SPICES	5.87464993564	0.221181392679
807	SPICES		
1001	SPICES	7.07459750566	0.26296392828
13216	SPICES	2.74969174842	0.106963348052
5960	SPICES	5.5115460739	0.208310986906
10448	SPICES	7.94116093908	0.292421622739
177	SPICES	5.93446331302	0.223291390595
1049	SPICES	6.62383146807	0.247403201396
61337	SPICES	6.44334433863	0.241127099039
679	SPICES	10.0029834274	0.360095466117
12206	SPICES	2.73862296815	0.106544896421
7151	SPICES	5.80930767525	0.218873084744
6826	SPICES	6.1319698487	0.230238372258
88454	SPICES	6.84474416755	0.255049557614
7997	SPICES	5.40105932199	0.20437379616
6137	SPICES	8.00988176575	0.294731988269
36822	SPICES	7.29306727673	0.270447158948
61659	SPICES	7.45459959422	0.275955561725
6505	SPICES	3.6832848308	0.141904758374
8918	SPICES	4.74683017757	0.180860248409
12297	SPICES	3.9863401864	0.153097244223
5273467	SPICES	5.14590615966	0.195244106305
22310	SPICES	8.82647763878	0.321896422548
33032	SPICES	6.35557917159	0.238065812221
8175	SPICES	2.70792159715	0.105383728136
7765	SPICES	5.7242313818	0.215862525307
106997	SPICES	5.34222103246	0.202273111075
6658	SPICES	6.93573801731	0.258187735955
16255	SPICES	5.72188066751	0.215779259351
5541	SPICES	7.31150421414	0.271076931016
23642	SPICES	7.07985758275	0.263144549953
5365027	SPICES	7.15495882598	0.265720978718
1549778	SPICES	2.00656395207	0.0786520385252
12810	SPICES	5.38467381005	0.203789067586
61027	SPICES	5.01865772102	0.190671538712
5363388	SPICES	3.75250407577	0.144467648295
8163	SPICES	3.56597206876	0.137552420032
12348	SPICES	4.16898727117	0.1598073089
13561	SPICES	2.82374652273	0.109760443139
14228	COLD	3.12337571983	0.121032838438
778574	COLD	5.04099656662	0.191475204111
61918	COLD	2.83405214213	0.110149345068
7119	COLD	5.36128911114	0.202954196072
8892	COLD	4.08409106862	0.156691722802
18827	COLD	5.73061643441	0.216088671489
69963	COLD	5.80168636888	0.218603628866
261	COLD	4.21079169674	0.161339361184
8658	COLD	5.48363945578	0.207317457559
5366244	COLD	5.27783329074	0.199971121931
6998	COLD	3.46699029159	0.133871602991
7820	COLD	4.09479070738	0.15708470392
5315892	COLD	4.06282267079	0.15591029561
7144	COLD	5.47102833736	0.206868273067
12180	COLD	3.9346926714	0.151194984289
8452	COLD	6.85726272612	0.255481688207
6106	COLD	1.71893652718	0.0675755639733
8093	COLD	3.66231540969	0.141127594724
7761	COLD	4.07359645464	0.156306182956
8908	COLD	3.62506894212	0.139746307751
444683	COLD	4.75822462406	0.181272704333
8091	COLD	7.30451049153	0.270838070253
89440	COLD	5.11980384695	0.194307197305
8078	COLD	9.15002680838	0.332511876098
62900	COLD	5.77417202857	0.217630456097
7122	COLD	4.83226065742	0.183950129072
7410	COLD	5.69203172822	0.214721579051
5364729	COLD	5.95335341583	0.223957169876
61209	COLD	2.82506087412	0.109810047388
1550470	COLD	5.42547134169	0.205244557956
62902	COLD	3.87554178641	0.149013741801
807	COLD		
1001	COLD	3.3436387414	0.129273581643
13216	COLD	14.8333371492	0.505322329574
5960	COLD	3.3913021168	0.131051712653
10448	COLD	3.09680810478	0.120036236016
177	COLD	3.81900444937	0.146926259981
1049	COLD	2.36885892985	0.092509760142
61337	COLD	6.47328503982	0.24217003391
679	COLD	3.24540618955	0.125603183048
12206	COLD	6.41896852182	0.240277478119
7151	COLD	5.36424904219	0.203059894573
6826	COLD	4.08274012936	0.156642098389
88454	COLD	6.61117607611	0.246963983401
7997	COLD	4.80690936295	0.183033823469
6137	COLD	2.45345048126	0.0957302515447
36822	COLD	7.27840348472	0.269946076474
61659	COLD	1.24408454388	0.0491442832141
6505	COLD	2.64345249988	0.102942963548
8918	COLD	4.26617419632	0.163366870943
12297	COLD	5.72780719835	0.215989177813
5273467	COLD	5.0029839467	0.19010741852
22310	COLD	10.0566289522	0.361810843735
33032	COLD	4.33261637397	0.165796029101
8175	COLD	6.52514377927	0.243974750635
7765	COLD	4.2657724469	0.163352172049
106997	COLD	14.4358719358	0.494077118013
6658	COLD	3.41041161896	0.131764101794
16255	COLD	2.59412988414	0.101073391423
5541	COLD	3.3380512439	0.129065015313
23642	COLD	1.93770023757	0.0760061366185
5365027	COLD	6.02070632679	0.226328691202
1549778	COLD	5.63074093866	0.212547540139
12810	COLD	5.63979412183	0.212868853779
61027	COLD	4.95137671206	0.188248615944
5363388	COLD	5.13532055623	0.194864215363
8163	COLD	7.00502884559	0.260572982173
12348	COLD	4.93675575354	0.187721607193
13561	COLD	5.15736805917	0.195655344248
14228	SOUR	5.39839511618	0.204278736715
778574	SOUR	5.73476360822	0.216235538872
61918	SOUR	6.79286260518	0.253257311258
7119	SOUR	5.86929752221	0.220992439527
8892	SOUR	13.9610677604	0.480478145212
18827	SOUR	9.50453179045	0.344046821796
69963	SOUR	24.0599784299	0.730846112377
261	SOUR	18.5492413465	0.604339912047
8658	SOUR	4.63719433813	0.176886344993
5366244	SOUR	9.035575477	0.3287663694
6998	SOUR	6.50313694841	0.243209161868
7820	SOUR	13.9247292961	0.479429937456
5315892	SOUR	7.01092366979	0.26077572651
7144	SOUR	4.60708035717	0.17579313852
12180	SOUR	15.3956463364	0.52101548301
8452	SOUR	6.15620248752	0.231088567874
6106	SOUR	5.39951413227	0.204318664145
8093	SOUR	8.47346924624	0.310218897423
7761	SOUR	10.8857826826	0.38803120146
8908	SOUR	8.03337629866	0.295520998044
444683	SOUR	4.70628846577	0.179391878182
8091	SOUR	7.91015634378	0.291378024398
89440	SOUR	8.12080358608	0.29845316309
8078	SOUR	9.20723228561	0.33438004088
62900	SOUR	4.50721852496	0.172162733466
7122	SOUR	6.74838732426	0.251719200379
7410	SOUR	4.77329214771	0.181817958738
5364729	SOUR	6.5913787613	0.246276640862
61209	SOUR	5.37297754685	0.203371546786
1550470	SOUR	6.39806749113	0.239548592597
62902	SOUR	5.67589300709	0.214149415712
807	SOUR		
1001	SOUR	9.08429551354	0.330362050551
13216	SOUR	6.2239367739	0.23346251537
5960	SOUR	15.4158028104	0.5215733219
10448	SOUR	12.2212254749	0.429105678151
177	SOUR	13.3531154826	0.462802342067
1049	SOUR	5.61303429235	0.211918910107
61337	SOUR	8.00234019604	0.294478628396
679	SOUR	13.3623786857	0.463073881771
12206	SOUR	8.86818471145	0.323269508427
7151	SOUR	7.16222182802	0.265969904515
6826	SOUR	5.00265745908	0.190095665702
88454	SOUR	6.67103140002	0.249040192025
7997	SOUR	10.0063596396	0.360203492289
6137	SOUR	15.1169570422	0.513269325601
36822	SOUR	9.42921188542	0.341604460705
61659	SOUR	8.57512484289	0.313591887287
6505	SOUR	16.8976680332	0.561694247345
8918	SOUR	7.62599638472	0.281777527045
12297	SOUR	8.94452963237	0.325779341157
5273467	SOUR	5.894113961	0.221868326686
22310	SOUR	6.73058569838	0.251103114398
33032	SOUR	14.3828136286	0.492566413995
8175	SOUR	9.46636043447	0.342809625429
7765	SOUR	5.60708002648	0.21170746249
106997	SOUR	4.97385403441	0.189058471794
6658	SOUR	8.17567910224	0.300290472576
16255	SOUR	9.92281686773	0.357527756873
5541	SOUR	15.5155460663	0.524328974757
23642	SOUR	9.12515200174	0.331698720448
5365027	SOUR	5.85400983075	0.220452620791
1549778	SOUR	7.83704129731	0.288913965374
12810	SOUR	5.9194552173	0.222762228664
61027	SOUR	6.1612923822	0.23126708576
5363388	SOUR	6.70969599357	0.250379831612
8163	SOUR	6.35136133757	0.237918537167
12348	SOUR	6.42348330892	0.240434877229
13561	SOUR	5.44669454031	0.206001189046
14228	BURNT	6.13096653558	0.230203161159
778574	BURNT	4.6511673406	0.177393350572
61918	BURNT	12.8724084915	0.448616779512
7119	BURNT	3.25334077639	0.125899940573
8892	BURNT	4.463089744	0.170555921735
18827	BURNT	3.47146383965	0.13403812911
69963	BURNT	4.70282243372	0.179266281812
261	BURNT	3.91655473021	0.150526428826
8658	BURNT	6.07502240143	0.228238537186
5366244	BURNT	6.4645306477	0.24186516331
6998	BURNT	4.71874193662	0.179843067279
7820	BURNT	4.23133514329	0.162091726894
5315892	BURNT	5.20760987003	0.197456714578
7144	BURNT	4.78197800283	0.182132194665
12180	BURNT	4.79799614857	0.182711539126
8452	BURNT	4.11220708547	0.157724184573
6106	BURNT	4.41624272595	0.168848429112
8093	BURNT	1.30620553274	0.0515657521522
7761	BURNT	5.25828278491	0.199271496258
8908	BURNT	3.73829909576	0.143942011779
444683	BURNT	4.83137535502	0.183918139072
8091	BURNT	3.55968174022	0.137318735972
89440	BURNT	6.58071712079	0.245906349702
8078	BURNT	3.35590445901	0.129731340465
62900	BURNT	3.42723902832	0.13239117419
7122	BURNT	4.05161562948	0.155498389496
7410	BURNT	6.00751355615	0.225864454595
5364729	BURNT	4.7172900891	0.17979047325
61209	BURNT	7.40517477203	0.27427234552
1550470	BURNT	4.30813492064	0.164901386228
62902	BURNT	3.32187563421	0.128461082277
807	BURNT		
1001	BURNT	3.90999062273	0.150284414241
13216	BURNT	1.76876959479	0.06949936544
5960	BURNT	5.86633207698	0.220887742264
10448	BURNT	4.79376246196	0.182558435062
177	BURNT	8.72596737994	0.318581692511
1049	BURNT	8.67878122785	0.317022751674
61337	BURNT	4.27483215328	0.163683610156
679	BURNT	5.07603675518	0.192735010551
12206	BURNT	2.32389410814	0.0907955707953
7151	BURNT	4.29744002793	0.1645104048
6826	BURNT	5.43788118404	0.205687026653
88454	BURNT	2.94029488036	0.114153661621
7997	BURNT	5.00350000772	0.190125995378
6137	BURNT	8.37884938528	0.307071928603
36822	BURNT	10.4853469727	0.375436878454
61659	BURNT	22.3074578527	0.693249243768
6505	BURNT	9.42358585858	0.34142184617
8918	BURNT	3.67650677099	0.141653590025
12297	BURNT	4.34920630282	0.166402013927
5273467	BURNT	4.84492193526	0.184407569987
22310	BURNT	1.65193001877	0.0649856516361
33032	BURNT	6.55131772873	0.244884803556
8175	BURNT	5.64639068625	0.213102936337
7765	BURNT	4.80874682001	0.183100254409
106997	BURNT	7.65520739308	0.282767415631
6658	BURNT	3.90570725849	0.150126470664
16255	BURNT	2.49883108935	0.0974555808488
5541	BURNT	3.42061593604	0.132144392089
23642	BURNT	13.8481982016	0.477218890691
5365027	BURNT	3.54414500462	0.136741414659
1549778	BURNT	3.73044178745	0.143651193126
12810	BURNT	4.24010580529	0.162412833316
61027	BURNT	2.75066843501	0.107000266665
5363388	BURNT	3.97915381496	0.152832686565
8163	BURNT	4.37511561222	0.167347969841
12348	BURNT	0.841129639568	0.0333621859545
13561	BURNT	3.45637486588	0.13347638375
14228	ACID	4.24938528631	0.162752501328
778574	ACID	6.51701361374	0.243691957973
61918	ACID	5.7517093646	0.216835510338
7119	ACID	9.98135442621	0.359403202576
8892	ACID	5.79663304584	0.218424939966
18827	ACID	8.1211817639	0.298465833259
69963	ACID	5.21959831883	0.197886250109
261	ACID	4.51093379444	0.172297942299
8658	ACID	4.81701365818	0.183399098094
5366244	ACID	9.27448035445	0.33657281984
6998	ACID	2.06045326302	0.0807199434611
7820	ACID	4.74685740393	0.180861234072
5315892	ACID	2.82347105895	0.10975004683
7144	ACID	6.0665431121	0.227940546352
12180	ACID	6.26379129896	0.234857619384
8452	ACID	14.1185452498	0.485008482003
6106	ACID	6.15499904422	0.231046356475
8093	ACID	8.42539337473	0.308620833582
7761	ACID	4.02065342951	0.15435987558
8908	ACID	2.60051179022	0.10131540698
444683	ACID	10.2762223044	0.368808594237
8091	ACID	7.05914377933	0.262433146814
89440	ACID	5.42539827869	0.205241952555
8078	ACID	8.15841484791	0.299712700784
62900	ACID	4.60861599775	0.175848903344
7122	ACID	7.5724026605	0.279959593599
7410	ACID	7.82340376188	0.288453891907
5364729	ACID	3.55259563104	0.137055450955
61209	ACID	5.83598342362	0.219815855936
1550470	ACID	3.49929138497	0.13507363932
62902	ACID	4.29006511158	0.164240740998
807	ACID		
1001	ACID	8.11720355334	0.298332544723
13216	ACID	9.27951602062	0.336736873794
5960	ACID	7.17958701643	0.266564892767
10448	ACID	5.73269758609	0.216162374798
177	ACID	7.38411644428	0.273554587506
1049	ACID	3.59024467989	0.138453844451
61337	ACID	4.28804507947	0.164166870937
679	ACID	5.93502196143	0.223311084184
12206	ACID	7.99559892402	0.294252116099
7151	ACID	2.90196017209	0.112709857747
6826	ACID	4.35939493173	0.166774067601
88454	ACID	3.28072740523	0.126923827286
7997	ACID	8.21428976012	0.3015817679
6137	ACID	5.18260982703	0.196560615233
36822	ACID	4.66862247146	0.178026484546
61659	ACID	8.17108927998	0.300136891191
6505	ACID	4.8504499484	0.184607252055
8918	ACID	3.13671641735	0.121533060741
12297	ACID	8.78907674771	0.320663921878
5273467	ACID	4.98170392581	0.189341207431
22310	ACID	7.08469234902	0.263310547689
33032	ACID	6.55062064361	0.244860573418
8175	ACID	10.1871255013	0.36597400966
7765	ACID	6.66738548853	0.24891380784
106997	ACID	7.33283384698	0.271805172988
6658	ACID	4.80052793452	0.182803090001
16255	ACID	4.65291985233	0.177456928832
5541	ACID	6.81091553378	0.253881193188
23642	ACID	9.51394490283	0.344351737068
5365027	ACID	7.10581595008	0.264035589877
1549778	ACID	4.34641278332	0.1662999897
12810	ACID	4.61593871826	0.17611479263
61027	ACID	5.37739647428	0.203529301835
5363388	ACID	2.33607362524	0.0912600490167
8163	ACID	9.12848620539	0.331807744055
12348	ACID	5.64932766701	0.213207145445
13561	ACID	8.19598658216	0.300969784864
14228	WARM	4.38702668125	0.167782666009
778574	WARM	5.29757776821	0.200677378644
61918	WARM	7.10226225994	0.263913638714
7119	WARM	5.41886831529	0.205009079084
8892	WARM	6.35403760346	0.238011986592
18827	WARM	4.53388450785	0.173132936822
69963	WARM	5.37955112774	0.203606216975
261	WARM	6.47681143992	0.242292823025
8658	WARM	5.98206846806	0.22496868146
5366244	WARM	5.92287344747	0.222882765949
6998	WARM	9.43621298644	0.341831673247
7820	WARM	4.65018098689	0.177357566191
5315892	WARM	5.10869840713	0.193908416519
7144	WARM	6.57245729404	0.245619413809
12180	WARM	4.05412621961	0.155590673023
8452	WARM	3.49837591248	0.135039582889
6106	WARM	8.64631823553	0.315949201809
8093	WARM	4.70545859103	0.17936180742
7761	WARM	7.95195765455	0.292784853966
8908	WARM	4.32218341316	0.165414828744
444683	WARM	2.12954020651	0.0833676316639
8091	WARM	4.9180775052	0.187048105669
89440	WARM	8.80391774892	0.321153122865
8078	WARM	4.71829146801	0.17982674897
62900	WARM	4.74024053479	0.180621669261
7122	WARM	6.4938975361	0.24288761936
7410	WARM	6.74386899054	0.251562852037
5364729	WARM	5.09672322078	0.193478293796
61209	WARM	7.95388873743	0.292849811078
1550470	WARM	6.39953641123	0.239599829938
62902	WARM	6.89934941249	0.256933567573
807	WARM		
1001	WARM	5.9312320939	0.223177478095
13216	WARM	4.21867451691	0.161628094804
5960	WARM	6.95565126143	0.258873616669
10448	WARM	4.98061281983	0.189301911169
177	WARM	6.24623680685	0.234243282575
1049	WARM	2.96288231549	0.115003823973
61337	WARM	8.98256788685	0.327028105137
679	WARM	6.33574977077	0.237373300768
12206	WARM	5.16471035267	0.195918720896
7151	WARM	5.98880565863	0.225205909058
6826	WARM	5.48819715335	0.207479762936
88454	WARM	3.36372907004	0.130023293499
7997	WARM	4.03201601795	0.15477777945
6137	WARM	8.41010619934	0.30811229346
36822	WARM	5.72407930652	0.215857138698
61659	WARM	6.89956476954	0.256940993178
6505	WARM	11.365169658	0.402939953777
8918	WARM	2.70711105242	0.105353061997
12297	WARM	3.46322031754	0.133731254714
5273467	WARM	4.78933725727	0.182398389745
22310	WARM	7.33495180681	0.271877465069
33032	WARM	6.31000532798	0.236473746224
8175	WARM	5.5229600277	0.208717166121
7765	WARM	3.20075596125	0.12393230296
106997	WARM	9.49102729422	0.343609252129
6658	WARM	4.52837479234	0.17293252039
16255	WARM	4.80429556644	0.182939320302
5541	WARM	4.10942147043	0.157621920888
23642	WARM	7.81828726006	0.28828124413
5365027	WARM	5.8102821396	0.218907534167
1549778	WARM	6.63103545264	0.247653165636
12810	WARM	5.77382332039	0.217618118522
61027	WARM	5.65559686641	0.21342956429
5363388	WARM	4.2110394476	0.161348436612
8163	WARM	2.41942835349	0.0944356807166
12348	WARM	3.01768859983	0.117064966199
13561	WARM	4.04874793696	0.155392973536
14228	MUSKY	7.25485906703	0.269141170648
778574	MUSKY	7.55393804529	0.279332729815
61918	MUSKY	8.13488412822	0.298924829217
7119	MUSKY	3.83388955471	0.147476098541
8892	MUSKY	20.5833985261	0.65386542309
18827	MUSKY	7.10214709573	0.263909686482
69963	MUSKY	18.6536286286	0.606962000739
261	MUSKY	13.7182080209	0.473452628316
8658	MUSKY	4.81074937644	0.183172651233
5366244	MUSKY	6.42948240308	0.240643998535
6998	MUSKY	5.81261080353	0.2189898544
7820	MUSKY	8.54435790458	0.312571895382
5315892	MUSKY	7.86338269427	0.289802192812
7144	MUSKY	3.3359162663	0.128985315718
12180	MUSKY	7.77286810139	0.286747732647
8452	MUSKY	5.138833855	0.194990308844
6106	MUSKY	12.7045894099	0.443620939566
8093	MUSKY	5.37191377463	0.203333567944
7761	MUSKY	4.17744349718	0.160117326218
8908	MUSKY	3.51122870038	0.135517657221
444683	MUSKY	7.52406079867	0.278317835586
8091	MUSKY	4.72593415302	0.180103584673
89440	MUSKY	8.93037926306	0.32531450101
8078	MUSKY	11.1070817436	0.3949363638
62900	MUSKY	4.87234110619	0.185397761106
7122	MUSKY	4.97316004688	0.189033473535
7410	MUSKY	9.29566908343	0.337262977854
5364729	MUSKY	4.66032653552	0.177725604054
61209	MUSKY	6.42760263848	0.240578475268
1550470	MUSKY	3.40292138391	0.131484905779
62902	MUSKY	4.30964389334	0.164956543539
807	MUSKY		
1001	MUSKY	9.10657832672	0.33109122554
13216	MUSKY	6.7156459948	0.250585879341
5960	MUSKY	7.99197973855	0.294130493486
10448	MUSKY	16.3278013162	0.546473214319
177	MUSKY	12.7663423312	0.445461894641
1049	MUSKY	9.79217506438	0.353332325579
61337	MUSKY	6.30186167077	0.236189082624
679	MUSKY	8.55757993073	0.313010327521
12206	MUSKY	4.39286755656	0.167995788115
7151	MUSKY	6.92245017274	0.257729880352
6826	MUSKY	6.27635158029	0.235297027548
88454	MUSKY	4.42759394209	0.169262322437
7997	MUSKY	9.2452867057	0.33562133772
6137	MUSKY	13.3779028278	0.463528799484
36822	MUSKY	8.88183052613	0.323718455647
61659	MUSKY	10.0159224268	0.360509416248
6505	MUSKY	12.5725434216	0.43967419763
8918	MUSKY	6.58909720029	0.246197407246
12297	MUSKY	14.380241407	0.49249311911
5273467	MUSKY	7.36361122821	0.272855341
22310	MUSKY	5.29529566178	0.200595764013
33032	MUSKY	16.3445734127	0.546924904491
8175	MUSKY	7.50881273992	0.277799602091
7765	MUSKY	8.36488780141	0.306606972884
106997	MUSKY	5.85408703704	0.220455347467
6658	MUSKY	7.50178800026	0.27756079073
16255	MUSKY	9.21369935245	0.334591071795
5541	MUSKY	11.6908365633	0.412963198713
23642	MUSKY	10.2231820665	0.367121902033
5365027	MUSKY	8.03242656202	0.295489111891
1549778	MUSKY	7.15767932656	0.265814223726
12810	MUSKY	6.04501460064	0.227183703417
61027	MUSKY	7.96209980737	0.293125978958
5363388	MUSKY	3.47943081084	0.134334656926
8163	MUSKY	7.92292114674	0.291807774071
12348	MUSKY	4.53781894012	0.173276037312
13561	MUSKY	5.67906160715	0.214261767991
14228	SWEATY	3.47710716079	0.134248176749
778574	SWEATY	3.63786444904	0.140220954862
61918	SWEATY	4.17376398188	0.159982436965
7119	SWEATY	1.42309643692	0.0561137760892
8892	SWEATY	8.47852655736	0.310386897261
18827	SWEATY	1.81880790523	0.0714290913308
69963	SWEATY	13.684354123	0.472469545815
261	SWEATY	5.52848361691	0.208913692236
8658	SWEATY	1.88749413559	0.0740747117787
5366244	SWEATY	4.12849514753	0.158322017028
6998	SWEATY	1.79669403137	0.0705765174777
7820	SWEATY	6.29858396051	0.236074494457
5315892	SWEATY	5.83281156156	0.219703786178
7144	SWEATY	2.09802759517	0.0821604158908
12180	SWEATY	6.27659817183	0.235305653029
8452	SWEATY	3.06351937204	0.118786714504
6106	SWEATY	8.29667298954	0.304333006504
8093	SWEATY	3.00108372201	0.116440747478
7761	SWEATY	4.56837276732	0.174386898796
8908	SWEATY	2.95000130617	0.114519049164
444683	SWEATY	4.5557404829	0.173927710777
8091	SWEATY	2.83233578806	0.110084581116
89440	SWEATY	2.54153202948	0.0990775271564
8078	SWEATY	3.31998195041	0.128390365956
62900	SWEATY	2.64139872408	0.102865154075
7122	SWEATY	1.40252170669	0.0553140414124
7410	SWEATY	2.02777597403	0.0794662888007
5364729	SWEATY	1.83837886919	0.072183300021
61209	SWEATY	4.55739024806	0.173987687573
1550470	SWEATY	1.21649198775	0.0480677384073
62902	SWEATY	2.05129555962	0.0803686969955
807	SWEATY		
1001	SWEATY	2.45186311704	0.0956698715838
13216	SWEATY	2.73313829263	0.106337513734
5960	SWEATY	3.76771973587	0.145030504632
10448	SWEATY	10.6630446598	0.381041577825
177	SWEATY	9.16843469968	0.33311331005
1049	SWEATY	4.3414117483	0.166117327545
61337	SWEATY	3.86093409906	0.148474639116
679	SWEATY	6.48274273632	0.242499328099
12206	SWEATY	4.10179532683	0.157341923112
7151	SWEATY	2.94961029998	0.114504331631
6826	SWEATY	1.52870476994	0.060213415488
88454	SWEATY	2.58561465721	0.100750425026
7997	SWEATY	3.61440831652	0.139350753669
6137	SWEATY	6.16186144661	0.231287043269
36822	SWEATY	1.66254241782	0.0653960777962
61659	SWEATY	6.77408358965	0.252608060194
6505	SWEATY	5.82203915434	0.219323110208
8918	SWEATY	7.73421739794	0.285441448414
12297	SWEATY	2.75891832533	0.107312080883
5273467	SWEATY	4.23249607853	0.162134233919
22310	SWEATY	1.17838169389	0.0465798343889
33032	SWEATY	9.9023786906	0.356872306131
8175	SWEATY	6.07237054406	0.228145348153
7765	SWEATY	1.58015758919	0.0622075443651
106997	SWEATY	2.51016859083	0.0978863650913
6658	SWEATY	5.17797710011	0.196394505265
16255	SWEATY	3.41385599187	0.131892474582
5541	SWEATY	6.654761846	0.248476131749
23642	SWEATY	3.3041959871	0.127800755036
5365027	SWEATY	5.76104558679	0.21716596497
1549778	SWEATY	2.09612887994	0.0820876526849
12810	SWEATY	2.02638262632	0.0794128144333
61027	SWEATY	3.24648171931	0.125643411351
5363388	SWEATY	4.28119212135	0.163916242462
8163	SWEATY	5.37376442624	0.203399639406
12348	SWEATY	2.22214400235	0.086910590507
13561	SWEATY	5.14670062843	0.195272614194
14228	AMMONIA/URINOUS	2.12900005219	0.0833469455987
778574	AMMONIA/URINOUS	3.17494570367	0.122965716058
61918	AMMONIA/URINOUS	3.34749529575	0.129417521928
7119	AMMONIA/URINOUS	3.77694303022	0.145371601747
8892	AMMONIA/URINOUS	4.22574878241	0.161887170188
18827	AMMONIA/URINOUS	4.74168318327	0.180673903566
69963	AMMONIA/URINOUS	6.82634032724	0.254414044184
261	AMMONIA/URINOUS	3.55787616402	0.137251653442
8658	AMMONIA/URINOUS	3.48998809589	0.134727517072
5366244	AMMONIA/URINOUS	6.86963130977	0.255908518658
6998	AMMONIA/URINOUS	5.04782621841	0.191720828924
7820	AMMONIA/URINOUS	3.32113955556	0.128433595043
5315892	AMMONIA/URINOUS	4.45424470262	0.170233669756
7144	AMMONIA/URINOUS	1.96805996187	0.0771730944695
12180	AMMONIA/URINOUS	7.16062188724	0.265915073165
8452	AMMONIA/URINOUS	9.96533180974	0.358890137158
6106	AMMONIA/URINOUS	4.00974965255	0.153958749192
8093	AMMONIA/URINOUS	4.49229783581	0.171619617494
7761	AMMONIA/URINOUS	4.43392910752	0.169493273369
8908	AMMONIA/URINOUS	7.01832981467	0.261030411232
444683	AMMONIA/URINOUS	3.39939903846	0.131353596009
8091	AMMONIA/URINOUS	5.80114775071	0.218584583938
89440	AMMONIA/URINOUS	7.92636134011	0.291923571967
8078	AMMONIA/URINOUS	14.1772891963	0.48669335627
62900	AMMONIA/URINOUS	5.39204315188	0.204052074335
7122	AMMONIA/URINOUS	5.19457618208	0.196989598599
7410	AMMONIA/URINOUS	4.75098639311	0.181010707041
5364729	AMMONIA/URINOUS	2.65251524027	0.103286274771
61209	AMMONIA/URINOUS	6.97471584862	0.259529969477
1550470	AMMONIA/URINOUS	0.723349689016	0.0287246936516
62902	AMMONIA/URINOUS	5.52621371267	0.208832933308
807	AMMONIA/URINOUS		
1001	AMMONIA/URINOUS	8.78476472873	0.320521752614
13216	AMMONIA/URINOUS	9.48396783528	0.343380455051
5960	AMMONIA/URINOUS	3.18917294751	0.123498588265
10448	AMMONIA/URINOUS	8.81276609391	0.321444705266
177	AMMONIA/URINOUS	3.7797755102	0.145476339245
1049	AMMONIA/URINOUS	3.97333412797	0.152618411482
61337	AMMONIA/URINOUS	6.91680867011	0.257535449933
679	AMMONIA/URINOUS	4.2004315311	0.160959811225
12206	AMMONIA/URINOUS	4.85792857143	0.184877354855
7151	AMMONIA/URINOUS	3.21801931089	0.124578513121
6826	AMMONIA/URINOUS	3.38150651312	0.130686426006
88454	AMMONIA/URINOUS	2.20879574994	0.0864003185317
7997	AMMONIA/URINOUS	6.76063693163	0.252142992577
6137	AMMONIA/URINOUS	4.44870128025	0.170031673978
36822	AMMONIA/URINOUS	5.57978633181	0.210737847069
61659	AMMONIA/URINOUS	5.19616862372	0.197046677602
6505	AMMONIA/URINOUS	4.19080469754	0.160607050296
8918	AMMONIA/URINOUS	2.56122722483	0.0998251350342
12297	AMMONIA/URINOUS	6.25364701636	0.234502640252
5273467	AMMONIA/URINOUS	3.42275788882	0.132224206927
22310	AMMONIA/URINOUS	5.2194897994	0.197882362469
33032	AMMONIA/URINOUS	2.46116213152	0.0960235576457
8175	AMMONIA/URINOUS	6.68866070004	0.249651155217
7765	AMMONIA/URINOUS	3.70831195392	0.142831847138
106997	AMMONIA/URINOUS	7.92824801914	0.291987074104
6658	AMMONIA/URINOUS	4.37280284519	0.167263551918
16255	AMMONIA/URINOUS	2.96040929189	0.114910762405
5541	AMMONIA/URINOUS	5.0835120773	0.193003645076
23642	AMMONIA/URINOUS	6.04772578249	0.227279036443
5365027	AMMONIA/URINOUS	7.72743629559	0.285212143143
1549778	AMMONIA/URINOUS	5.67065349544	0.213963615391
12810	AMMONIA/URINOUS	3.27425429121	0.126681875183
61027	AMMONIA/URINOUS	2.90449784851	0.11280547084
5363388	AMMONIA/URINOUS	0.903145527019	0.0357995523436
8163	AMMONIA/URINOUS	5.77988976833	0.21783274044
12348	AMMONIA/URINOUS	5.84305937593	0.220065837889
13561	AMMONIA/URINOUS	5.77797939915	0.217765157591
14228	DECAYED	4.19077999109	0.16060614487
778574	DECAYED	2.39627426662	0.0935541185206
61918	DECAYED	7.93388556148	0.292176806418
7119	DECAYED	2.11256136379	0.0827172883455
8892	DECAYED	9.28720015319	0.336987171454
18827	DECAYED	3.33571234015	0.128977702879
69963	DECAYED	9.1055269761	0.331056830439
261	DECAYED	8.45522425015	0.309612643158
8658	DECAYED	1.94393113964	0.0762456982754
5366244	DECAYED	3.39733741442	0.131276735974
6998	DECAYED	4.1368070093	0.158627011479
7820	DECAYED	2.88998277726	0.112258510909
5315892	DECAYED	3.29909099872	0.127610039382
7144	DECAYED	4.4867095796	0.171416158043
12180	DECAYED	6.36342219921	0.238339631134
8452	DECAYED	6.86867389477	0.255875483362
6106	DECAYED	3.38470193542	0.13080559454
8093	DECAYED	3.4727713198	0.134086796536
7761	DECAYED	2.04456916045	0.0801106611973
8908	DECAYED	2.82559846985	0.109830336109
444683	DECAYED	1.29196028782	0.0510107469586
8091	DECAYED	3.86149708227	0.148495419404
89440	DECAYED	2.05998114876	0.0807018370171
8078	DECAYED	13.77301538	0.475042234138
62900	DECAYED	3.97621846622	0.152724613332
7122	DECAYED	2.8229860716	0.10973174272
7410	DECAYED	4.70981150793	0.179519530541
5364729	DECAYED	1.89433057843	0.074337827801
61209	DECAYED	3.20806497697	0.12420592672
1550470	DECAYED	2.32780214999	0.0909446208596
62902	DECAYED	1.6134215712	0.0634956111815
807	DECAYED		
1001	DECAYED	3.87675724638	0.149058591156
13216	DECAYED	9.3267443658	0.338274510446
5960	DECAYED	3.25006014809	0.125777249537
10448	DECAYED	17.0582951344	0.565937632218
177	DECAYED	7.48838120954	0.277104907126
1049	DECAYED	3.19457180052	0.123700756425
61337	DECAYED	4.54653388658	0.17359296731
679	DECAYED	3.19529761905	0.123727934012
12206	DECAYED	3.83504244978	0.147518677755
7151	DECAYED	4.79925054076	0.182756899329
6826	DECAYED	2.70538543676	0.105287773326
88454	DECAYED	3.53897539575	0.136549277089
7997	DECAYED	8.39681273218	0.307669923663
6137	DECAYED	11.485811333	0.40666290853
36822	DECAYED	3.69959577589	0.142509027474
61659	DECAYED	8.82641753834	0.321894442909
6505	DECAYED	6.64508444362	0.24814051884
8918	DECAYED	3.75502083284	0.144560760732
12297	DECAYED	6.22324068537	0.233438137563
5273467	DECAYED	2.6133528975	0.101802270553
22310	DECAYED	2.80274894048	0.10896779697
33032	DECAYED	5.74113249926	0.216461059021
8175	DECAYED	6.16369308739	0.231351278505
7765	DECAYED	3.24025937767	0.125410662773
106997	DECAYED	3.06468029449	0.118830305656
6658	DECAYED	2.20787153985	0.0863649828995
16255	DECAYED	3.11849033816	0.120849620731
5541	DECAYED	6.1201168368	0.229822341433
23642	DECAYED	10.184162941	0.365879647718
5365027	DECAYED	3.31337905452	0.128143769877
1549778	DECAYED	2.6762275863	0.104184225814
12810	DECAYED	2.56869463199	0.100108508435
61027	DECAYED	3.19744348747	0.123808281557
5363388	DECAYED	6.64857547094	0.24826159652
8163	DECAYED	3.50266245836	0.135199040616
12348	DECAYED	2.3994144116	0.0936737006564
13561	DECAYED	6.44815012173	0.241294548872
14228	WOOD	2.46125959609	0.096027264324
778574	WOOD	4.43373346516	0.16948614163
61918	WOOD	7.59171058472	0.280614795548
7119	WOOD	2.2361355665	0.0874453017513
8892	WOOD	2.08009637558	0.0814731346507
18827	WOOD	3.71506022285	0.14308173993
69963	WOOD	3.27434867564	0.126685403326
261	WOOD	1.58605835053	0.0624361015847
8658	WOOD	2.35302977467	0.0919064913385
5366244	WOOD	4.28163463013	0.163932427163
6998	WOOD	0.951374386963	0.0376929301888
7820	WOOD	2.29176785435	0.0895698342148
5315892	WOOD	3.35024069368	0.129519982665
7144	WOOD	5.04048019047	0.191456631398
12180	WOOD	2.79498728936	0.108674709995
8452	WOOD	3.08105646679	0.119445095091
6106	WOOD	4.12308254166	0.158123377808
8093	WOOD	4.62600447117	0.1764802119
7761	WOOD	2.10205286098	0.0823146639469
8908	WOOD	0.552005068882	0.0219583189169
444683	WOOD	1.53482034696	0.0604505444795
8091	WOOD	3.50913355028	0.135439734702
89440	WOOD	4.81368400954	0.183278738884
8078	WOOD	1.72286735652	0.0677273854896
62900	WOOD	3.30103116179	0.127682523779
7122	WOOD	3.6485384755	0.140616805817
7410	WOOD	3.90068027486	0.149941088352
5364729	WOOD	3.0740712103	0.119182882889
61209	WOOD	4.22078711079	0.161705466898
1550470	WOOD	1.93015778741	0.0757161078625
62902	WOOD	1.28841641926	0.0508726500228
807	WOOD		
1001	WOOD	4.6224829932	0.176352380119
13216	WOOD	3.23761426109	0.125311712002
5960	WOOD	4.33684500467	0.165950510349
10448	WOOD	2.77294875325	0.107842252215
177	WOOD	3.95501236147	0.151943645347
1049	WOOD	2.36118012422	0.0922171363373
61337	WOOD	2.44365973026	0.0953578000593
679	WOOD	3.57777777778	0.13799091358
12206	WOOD	2.23766518847	0.0875037493405
7151	WOOD	5.1604997198	0.195767685849
6826	WOOD	5.21366475217	0.197673670028
88454	WOOD	1.18770657149	0.0469440040997
7997	WOOD	1.61164752287	0.0634269378196
6137	WOOD	2.96104983883	0.114934867094
36822	WOOD	3.68692176871	0.142039513897
61659	WOOD	4.66720754001	0.177975171112
6505	WOOD	5.8108787239	0.218928624339
8918	WOOD	3.51853282274	0.13578928362
12297	WOOD	1.77957551685	0.069916265066
5273467	WOOD	4.04409332809	0.155221856785
22310	WOOD	2.12989782413	0.0833813270687
33032	WOOD	4.9396249862	0.187825041446
8175	WOOD	3.65792793162	0.140964942563
7765	WOOD	1.01388309546	0.0401441402459
106997	WOOD	2.55068800247	0.0994251163846
6658	WOOD	1.90779040784	0.0748557506177
16255	WOOD	4.35397937578	0.166576320469
5541	WOOD	3.53009378452	0.13621912653
23642	WOOD	2.31412062235	0.0904227631923
5365027	WOOD	3.84569356453	0.147911998984
1549778	WOOD	4.30536439707	0.164800110846
12810	WOOD	1.85724352946	0.0729099997675
61027	WOOD	5.72515804527	0.215895347953
5363388	WOOD	0.612842015352	0.0243634504798
8163	WOOD	3.86596379877	0.148660281513
12348	WOOD	0.308657612712	0.0123081966997
13561	WOOD	2.40263055842	0.0937961688967
14228	GRASS	1.03488702794	0.0409670846533
778574	GRASS	2.69030624618	0.104717150768
61918	GRASS	6.74247597008	0.25151464592
7119	GRASS	0.943715444422	0.0373923782409
8892	GRASS	0.918731604169	0.0364116370626
18827	GRASS	4.83495325498	0.184047421008
69963	GRASS	2.91168455782	0.113076219527
261	GRASS	2.42162404095	0.0945192564399
8658	GRASS	3.78035110573	0.145497622436
5366244	GRASS	4.44444389444	0.169876523165
6998	GRASS	1.24275075476	0.0490922584149
7820	GRASS	2.99155581277	0.116082470038
5315892	GRASS	4.15149854641	0.159165965784
7144	GRASS	3.49010201029	0.134731755595
12180	GRASS	1.70863583083	0.0671776586722
8452	GRASS	2.09085482019	0.0818855232559
6106	GRASS	2.35564314089	0.0920061037927
8093	GRASS	2.2095364694	0.086428638212
7761	GRASS	3.1134049653	0.120658882421
8908	GRASS	5.04254198183	0.191530787418
444683	GRASS	3.65980340279	0.141034471733
8091	GRASS	2.93924169833	0.114114011229
89440	GRASS	5.19540188073	0.197019194948
8078	GRASS	1.4259057971	0.0562229489471
62900	GRASS	3.59455182496	0.138613751869
7122	GRASS	1.4913774369	0.0587654148124
7410	GRASS	1.8085012057	0.0710317775836
5364729	GRASS	10.19116688	0.366102722248
61209	GRASS	3.34649122807	0.129380047707
1550470	GRASS	8.53046394775	0.312111031844
62902	GRASS	4.10692027889	0.157530093485
807	GRASS		
1001	GRASS	3.52282081014	0.135948725822
13216	GRASS	1.77848658977	0.0698742577709
5960	GRASS	3.58199099768	0.138147376104
10448	GRASS	2.34448572411	0.0915807836403
177	GRASS	3.16946377441	0.122760350729
1049	GRASS	2.59779093455	0.101212230286
61337	GRASS	2.11356804037	0.0827558536703
679	GRASS	2.68684416533	0.104586113986
12206	GRASS	2.09960118927	0.0822207175093
7151	GRASS	2.1688155565	0.0848711178927
6826	GRASS	2.2228189422	0.0869363880681
88454	GRASS	2.50788988584	0.0977997907618
7997	GRASS	5.1999896947	0.197183630658
6137	GRASS	2.96249579295	0.114989279189
36822	GRASS	2.95749181863	0.114800969602
61659	GRASS	2.79658241902	0.10873494747
6505	GRASS	2.14780825821	0.0840670982028
8918	GRASS	4.35630566535	0.166661266994
12297	GRASS	2.00167109929	0.0784641690957
5273467	GRASS	2.42092601683	0.0944926875616
22310	GRASS	5.43555867082	0.205604227607
33032	GRASS	3.86846996408	0.148752774618
8175	GRASS	1.90046315634	0.0745738221701
7765	GRASS	9.98752911484	0.359600869466
106997	GRASS	4.63570478592	0.176832287892
6658	GRASS	2.40260756621	0.0937952934014
16255	GRASS	3.14153501734	0.121713703787
5541	GRASS	3.11537144703	0.12073264218
23642	GRASS	3.2212605146	0.124699812863
5365027	GRASS	6.45558362075	0.241553520876
1549778	GRASS	4.78211596835	0.18213718548
12810	GRASS	2.55248864626	0.0994934665346
61027	GRASS	1.3869984708	0.054710432929
5363388	GRASS	26.8020343412	0.784741755717
8163	GRASS	2.78273738251	0.108212044364
12348	GRASS	6.10187269645	0.229181767697
13561	GRASS	2.31121281465	0.090311830716
14228	FLOWER	6.47372763368	0.242185445557
778574	FLOWER	10.3281632985	0.370458149093
61918	FLOWER	2.97573559659	0.115487422927
7119	FLOWER	6.17573703272	0.23177359015
8892	FLOWER	2.56237111138	0.0998685461701
18827	FLOWER	4.64039214237	0.177002390001
69963	FLOWER	4.60380973433	0.175674363745
261	FLOWER	3.58776164875	0.138361652491
8658	FLOWER	11.5672438229	0.409169301054
5366244	FLOWER	5.10937808095	0.193932825488
6998	FLOWER	7.63473084974	0.282073587931
7820	FLOWER	5.81560383661	0.219095654271
5315892	FLOWER	5.82000550778	0.219251234667
7144	FLOWER	3.23947298517	0.125381245318
12180	FLOWER	3.21202028813	0.124353981793
8452	FLOWER	1.32949255835	0.0524726821488
6106	FLOWER	3.12742396893	0.121184646484
8093	FLOWER	5.5344889731	0.209127331647
7761	FLOWER	8.46098727438	0.309804168712
8908	FLOWER	4.82781350396	0.183789426867
444683	FLOWER	0.815901370889	0.0323697768167
8091	FLOWER	8.5180720658	0.311699861945
89440	FLOWER	4.51521074171	0.172453578452
8078	FLOWER	7.71675565726	0.284850899141
62900	FLOWER	6.31412180815	0.236617618643
7122	FLOWER	12.6771898505	0.442803137019
7410	FLOWER	8.84115691168	0.322379854252
5364729	FLOWER	7.26808299561	0.269593307652
61209	FLOWER	4.31691656899	0.165222355294
1550470	FLOWER	7.10174352492	0.263895836559
62902	FLOWER	9.84275325872	0.354958213664
807	FLOWER		
1001	FLOWER	6.68152822051	0.249404001076
13216	FLOWER	3.77596544204	0.145335451674
5960	FLOWER	4.15277069215	0.159212625918
10448	FLOWER	3.71548433203	0.143097443753
177	FLOWER	5.60602786422	0.211670095203
1049	FLOWER	2.5295733912	0.0986234390314
61337	FLOWER	4.58263990908	0.174905360949
679	FLOWER	3.96352099026	0.152257040154
12206	FLOWER	4.53186820236	0.173059596333
7151	FLOWER	7.87872322333	0.290319217081
6826	FLOWER	6.86762273005	0.255839212417
88454	FLOWER	7.70320105238	0.284392319514
7997	FLOWER	4.06417547954	0.15596001025
6137	FLOWER	2.33569257776	0.0912455191834
36822	FLOWER	2.51731546955	0.0981578679126
61659	FLOWER	3.43788820785	0.132787898182
6505	FLOWER	8.00240080278	0.294480664668
8918	FLOWER	7.669323309	0.283245524353
12297	FLOWER	2.36777045142	0.0924682832924
5273467	FLOWER	5.79090929899	0.218222519756
22310	FLOWER	8.97542459673	0.326793685193
33032	FLOWER	3.35034013606	0.129523693831
8175	FLOWER	4.09346061228	0.157035856577
7765	FLOWER	3.72450748119	0.143431516856
106997	FLOWER	9.93432583677	0.357896701538
6658	FLOWER	1.83557836745	0.0720753955208
16255	FLOWER	7.66295927849	0.283029993178
5541	FLOWER	10.0372199041	0.361190482801
23642	FLOWER	3.14322173324	0.121776932184
5365027	FLOWER	3.70955796067	0.142877990321
1549778	FLOWER	4.64272182499	0.177086926622
12810	FLOWER	12.3401441993	0.432694104428
61027	FLOWER	7.40338382415	0.274211316147
5363388	FLOWER	5.62321299023	0.212280309876
8163	FLOWER	10.532462253	0.376925385675
12348	FLOWER	5.02612563228	0.190940249743
13561	FLOWER	6.94669748176	0.258565256909
14228	CHEMICAL	12.046916996	0.423825396198
778574	CHEMICAL	18.0741171023	0.592295200482
61918	CHEMICAL	7.8893235412	0.290676371273
7119	CHEMICAL	19.6909425525	0.632544414658
8892	CHEMICAL	11.2414965263	0.39911136339
18827	CHEMICAL	23.8717432542	0.726925679769
69963	CHEMICAL	8.74094033583	0.319075998251
261	CHEMICAL	13.4184441057	0.464715907341
8658	CHEMICAL	17.5927143985	0.579907135977
5366244	CHEMICAL	20.6681251643	0.655856447449
6998	CHEMICAL	29.8506408981	0.837601331113
7820	CHEMICAL	11.672201711	0.412391951327
5315892	CHEMICAL	14.6727844627	0.500795136954
7144	CHEMICAL	16.8414099373	0.56020316202
12180	CHEMICAL	11.6493259231	0.41169031914
8452	CHEMICAL	36.7767094231	0.930057834527
6106	CHEMICAL	8.97340501895	0.326727401704
8093	CHEMICAL	22.9276306768	0.706834727691
7761	CHEMICAL	14.0630491463	0.483414225336
8908	CHEMICAL	16.6214071775	0.554347816475
444683	CHEMICAL	20.8111712336	0.659204910098
8091	CHEMICAL	13.8287065735	0.476655012742
89440	CHEMICAL	30.6979087301	0.850971709043
8078	CHEMICAL	31.4120498463	0.861795243633
62900	CHEMICAL	12.1042958485	0.425566242743
7122	CHEMICAL	32.3297637085	0.875105099761
7410	CHEMICAL	24.6609185935	0.743172381391
5364729	CHEMICAL	11.2161825865	0.398326202734
61209	CHEMICAL	16.3764747459	0.547783419794
1550470	CHEMICAL	9.85535814798	0.355363092229
62902	CHEMICAL	19.7428743581	0.633802539157
807	CHEMICAL		
1001	CHEMICAL	16.0490053317	0.538931984414
13216	CHEMICAL	26.7312755102	0.783426584247
5960	CHEMICAL	13.6104262452	0.470319568778
10448	CHEMICAL	6.75330159723	0.251889230904
177	CHEMICAL	16.2452409189	0.544246495752
1049	CHEMICAL	27.0706375126	0.789697734368
61337	CHEMICAL	15.3176124099	0.518852796419
679	CHEMICAL	7.08733059845	0.263401121933
12206	CHEMICAL	17.0210550628	0.564955676332
7151	CHEMICAL	11.3744333765	0.403226241207
6826	CHEMICAL	17.4939327301	0.577342236258
88454	CHEMICAL	17.6558325113	0.581541931786
7997	CHEMICAL	12.7593366778	0.445253198129
6137	CHEMICAL	10.8172868233	0.385885995246
36822	CHEMICAL	10.3033136291	0.369669236468
61659	CHEMICAL	14.8203188362	0.504956013286
6505	CHEMICAL	10.5743351386	0.378246780095
8918	CHEMICAL	13.3160944429	0.461716429232
12297	CHEMICAL	21.6134386447	0.677681253768
5273467	CHEMICAL	18.987108827	0.615280232437
22310	CHEMICAL	17.8554239545	0.586690492342
33032	CHEMICAL	8.07306238942	0.296852761039
8175	CHEMICAL	25.8242896137	0.766214010926
7765	CHEMICAL	22.5420501196	0.698424395346
106997	CHEMICAL	32.5804450113	0.878623641599
6658	CHEMICAL	16.72272661	0.557049230291
16255	CHEMICAL	12.7879969812	0.446106732532
5541	CHEMICAL	10.9153755339	0.388956852139
23642	CHEMICAL	18.9480565708	0.614310723707
5365027	CHEMICAL	20.2232381507	0.645337781509
1549778	CHEMICAL	27.799552034	0.802856044043
12810	CHEMICAL	11.507993816	0.407346183971
61027	CHEMICAL	10.4461362777	0.374196745856
5363388	CHEMICAL	10.1784762457	0.365698498353
8163	CHEMICAL	25.8539425362	0.766787163581
12348	CHEMICAL	14.9798946135	0.509436887488
13561	CHEMICAL	25.1143217484	0.752281207182
