#oID	descriptor	value	sigma
14228	INTENSITY/STRENGTH	18.2020408163	0.595555916701
778574	INTENSITY/STRENGTH	32.6653061224	0.879803355269
61918	INTENSITY/STRENGTH	71.4306122449	0.816291543523
7119	INTENSITY/STRENGTH	22.3673469388	0.69457459392
8892	INTENSITY/STRENGTH	57.0408163265	0.980170762182
18827	INTENSITY/STRENGTH	51.0510204082	0.999558142441
69963	INTENSITY/STRENGTH	28.656122449	0.817775556435
261	INTENSITY/STRENGTH	44.0489795918	0.985834142441
8658	INTENSITY/STRENGTH	68.4163265306	0.864335566847
5366244	INTENSITY/STRENGTH	36.5673469388	0.927825532695
6998	INTENSITY/STRENGTH	45.012244898	0.990048919617
7820	INTENSITY/STRENGTH	28.5448979592	0.815871438567
5315892	INTENSITY/STRENGTH	49.4653061225	0.999885640983
12180	INTENSITY/STRENGTH	71.712244898	0.811431368596
8452	INTENSITY/STRENGTH	51.8275510204	0.998664022907
6106	INTENSITY/STRENGTH	42.1724489796	0.975491778009
8093	INTENSITY/STRENGTH	62.9020408163	0.93341493711
7761	INTENSITY/STRENGTH	57.9265306122	0.974868044981
8908	INTENSITY/STRENGTH	56.8653061224	0.981147028738
444683	INTENSITY/STRENGTH	32.0244897959	0.870752413161
8091	INTENSITY/STRENGTH	48.9918367347	0.999593442732
89440	INTENSITY/STRENGTH	35.6428571429	0.917548979592
8078	INTENSITY/STRENGTH	69.7040816327	0.844699666806
62900	INTENSITY/STRENGTH	57.306122449	0.978648229904
7122	INTENSITY/STRENGTH	48.7224489796	0.999347145356
7410	INTENSITY/STRENGTH	76.3387755102	0.722507561849
5364729	INTENSITY/STRENGTH	32.4346938775	0.87658400833
61209	INTENSITY/STRENGTH	57.3387755102	0.978456949604
1550470	INTENSITY/STRENGTH	61.4244897959	0.947792413161
62902	INTENSITY/STRENGTH	65.4	0.905136
807	INTENSITY/STRENGTH	30.4183673469	0.846623865056
1001	INTENSITY/STRENGTH	51.887755102	0.99857455227
13216	INTENSITY/STRENGTH	44.8306122449	0.989310972095
5960	INTENSITY/STRENGTH	17.006122449	0.564561617659
177	INTENSITY/STRENGTH	38.5091836735	0.94718445606
61337	INTENSITY/STRENGTH	57.2306122449	0.979087298626
679	INTENSITY/STRENGTH	34.7632653061	0.907136766347
12206	INTENSITY/STRENGTH	71.2857142857	0.818767346939
7151	INTENSITY/STRENGTH	71.1775510204	0.820604533111
6826	INTENSITY/STRENGTH	50.187755102	0.999985899209
88454	INTENSITY/STRENGTH	51.8693877551	0.998602155768
7997	INTENSITY/STRENGTH	69.8489795918	0.842407203665
6137	INTENSITY/STRENGTH	56.0775510204	0.985225349438
61659	INTENSITY/STRENGTH	51.2040816327	0.999420074969
6505	INTENSITY/STRENGTH	18.8693877551	0.612353992503
8918	INTENSITY/STRENGTH	43.437755102	0.98277477676
12297	INTENSITY/STRENGTH	52.112244898	0.998215368596
5273467	INTENSITY/STRENGTH	24.1653061225	0.733027436902
22310	INTENSITY/STRENGTH	28.5387755102	0.815766337359
33032	INTENSITY/STRENGTH	9.97346938776	0.359150738859
8175	INTENSITY/STRENGTH	58.9632653061	0.967863950021
7765	INTENSITY/STRENGTH	45.8448979592	0.993094050812
106997	INTENSITY/STRENGTH	41.1989795918	0.96901681591
6658	INTENSITY/STRENGTH	41.8357142857	0.97333777551
16255	INTENSITY/STRENGTH	18.5959183673	0.605513462724
5541	INTENSITY/STRENGTH	39.0387755102	0.951940623074
5365027	INTENSITY/STRENGTH	60.9846938776	0.951734600167
1549778	INTENSITY/STRENGTH	43.4571428572	0.982876408163
12810	INTENSITY/STRENGTH	44.2948979592	0.986980724282
61027	INTENSITY/STRENGTH	29.6020408163	0.833569304456
5363388	INTENSITY/STRENGTH	62.1102040816	0.941337182841
8163	INTENSITY/STRENGTH	24.937755102	0.74875355227
12348	INTENSITY/STRENGTH	64.3367346939	0.917783215327
13561	INTENSITY/STRENGTH	38.5142857143	0.947231346939
14228	VALENCE/PLEASANTNESS	44.9072066425	0.989625382327
778574	VALENCE/PLEASANTNESS	47.2338033682	0.996939262478
61918	VALENCE/PLEASANTNESS	31.8635282545	0.86842735705
7119	VALENCE/PLEASANTNESS	45.2130135109	0.990833904141
8892	VALENCE/PLEASANTNESS	41.4136374743	0.970509751431
18827	VALENCE/PLEASANTNESS	37.1085459683	0.93352416518
69963	VALENCE/PLEASANTNESS	40.0452672193	0.960361318106
261	VALENCE/PLEASANTNESS	43.3606201212	0.98236745393
8658	VALENCE/PLEASANTNESS	54.4789873716	0.99197546885
5366244	VALENCE/PLEASANTNESS	38.3796415968	0.945986908232
6998	VALENCE/PLEASANTNESS	50.2968497864	0.999964752082
7820	VALENCE/PLEASANTNESS	43.241947669	0.981731491477
5315892	VALENCE/PLEASANTNESS	45.0626359892	0.99024897465
7144	VALENCE/PLEASANTNESS	49.5973861602	0.999935160838
12180	VALENCE/PLEASANTNESS	42.1127134826	0.975116284557
8452	VALENCE/PLEASANTNESS	30.4673574386	0.847390349828
6106	VALENCE/PLEASANTNESS	36.8188462328	0.930502874146
8093	VALENCE/PLEASANTNESS	57.9170396546	0.974928193243
7761	VALENCE/PLEASANTNESS	48.9655831608	0.999571992721
8908	VALENCE/PLEASANTNESS	53.2672885554	0.995729930198
444683	VALENCE/PLEASANTNESS	35.0213290288	0.910255766374
8091	VALENCE/PLEASANTNESS	57.9773739688	0.974544601824
89440	VALENCE/PLEASANTNESS	46.2301119101	0.994315177516
8078	VALENCE/PLEASANTNESS	17.4604456522	0.576470961139
62900	VALENCE/PLEASANTNESS	61.3291575691	0.94866007551
7122	VALENCE/PLEASANTNESS	39.9365491077	0.959490782455
7410	VALENCE/PLEASANTNESS	46.8835749913	0.996115158066
5364729	VALENCE/PLEASANTNESS	42.2356038693	0.97588566109
61209	VALENCE/PLEASANTNESS	39.5973856278	0.956714245689
1550470	VALENCE/PLEASANTNESS	51.3678593304	0.999251584341
62902	VALENCE/PLEASANTNESS	65.4827202494	0.904114149472
807	VALENCE/PLEASANTNESS		
1001	VALENCE/PLEASANTNESS	43.8235369174	0.984740521516
13216	VALENCE/PLEASANTNESS	44.7397962875	0.988932102761
5960	VALENCE/PLEASANTNESS	39.8852683656	0.959076881585
10448	VALENCE/PLEASANTNESS	21.1158657186	0.666282714726
177	VALENCE/PLEASANTNESS	38.0731408006	0.943100011855
1049	VALENCE/PLEASANTNESS	42.2846280035	0.976189213983
61337	VALENCE/PLEASANTNESS	44.8098101616	0.989224771777
679	VALENCE/PLEASANTNESS	36.9058114997	0.931416891008
12206	VALENCE/PLEASANTNESS	52.4602375285	0.997578892521
7151	VALENCE/PLEASANTNESS	48.0880063863	0.998537712169
6826	VALENCE/PLEASANTNESS	54.2255194805	0.992857994048
88454	VALENCE/PLEASANTNESS	56.0041125149	0.985580253163
7997	VALENCE/PLEASANTNESS	47.1159979521	0.996673012875
6137	VALENCE/PLEASANTNESS	27.8670883087	0.804053688026
36822	VALENCE/PLEASANTNESS	30.0187427269	0.840299743114
61659	VALENCE/PLEASANTNESS	26.6029304469	0.781030854531
6505	VALENCE/PLEASANTNESS	39.0709798594	0.952222607506
8918	VALENCE/PLEASANTNESS	47.0852981921	0.996601805348
12297	VALENCE/PLEASANTNESS	32.9550851985	0.883788351764
5273467	VALENCE/PLEASANTNESS	45.012056683	0.990048168587
22310	VALENCE/PLEASANTNESS	50.0403797075	0.999999347792
33032	VALENCE/PLEASANTNESS	36.2765862482	0.924667165999
8175	VALENCE/PLEASANTNESS	31.7459747873	0.866716225413
7765	VALENCE/PLEASANTNESS	46.1722407407	0.994139303621
106997	VALENCE/PLEASANTNESS	50.605691617	0.999853255066
6658	VALENCE/PLEASANTNESS	44.6610870336	0.988598403335
16255	VALENCE/PLEASANTNESS	37.0680557266	0.933105926924
5541	VALENCE/PLEASANTNESS	51.6047758573	0.998969877779
23642	VALENCE/PLEASANTNESS	34.5678147939	0.904739063906
5365027	VALENCE/PLEASANTNESS	44.2476077959	0.986763993572
1549778	VALENCE/PLEASANTNESS	56.3818532178	0.983708779802
12810	VALENCE/PLEASANTNESS	56.9317237589	0.980780482292
61027	VALENCE/PLEASANTNESS	34.5571430219	0.904607267342
5363388	VALENCE/PLEASANTNESS	51.2062523027	0.999417982153
8163	VALENCE/PLEASANTNESS	41.5426914311	0.971389572708
12348	VALENCE/PLEASANTNESS	55.2984913907	0.988770395593
13561	VALENCE/PLEASANTNESS	42.6044953524	0.978122604403
14228	BAKERY	5.10767322739	0.193871598777
778574	BAKERY	0.808389899115	0.032074198273
61918	BAKERY	9.83290816327	0.354641893352
7119	BAKERY	0.61550020395	0.0244684719576
8892	BAKERY	1.33711587689	0.0527694835284
18827	BAKERY	0.559878628211	0.0222697594971
69963	BAKERY	5.07113610505	0.192558875644
261	BAKERY	3.35434248564	0.129673054021
8658	BAKERY	4.11332916145	0.157765375742
5366244	BAKERY	5.82476154453	0.219419322961
6998	BAKERY	7.71198380902	0.284689474653
7820	BAKERY	1.30474895632	0.0515090103172
5315892	BAKERY	2.8194285162	0.109597469785
7144	BAKERY	18.6435139337	0.606708312629
12180	BAKERY	1.61505374499	0.0635587903598
8452	BAKERY	1.60890182293	0.0633206468867
6106	BAKERY	4.79717370444	0.182681797957
8093	BAKERY	2.54118447964	0.0990643317616
7761	BAKERY	2.76342598387	0.107482430087
8908	BAKERY	2.40439286041	0.0938632724057
444683	BAKERY	2.67405808477	0.104102088735
8091	BAKERY	3.15634875841	0.122268935342
89440	BAKERY	2.63800642292	0.102736625762
8078	BAKERY	1.76206128952	0.0692405075855
62900	BAKERY	3.20615427743	0.124134400997
7122	BAKERY	2.20847660453	0.086388116616
7410	BAKERY	4.86119635799	0.184995362307
5364729	BAKERY	0.842996075467	0.0334355860654
61209	BAKERY	7.11420926669	0.264323581272
1550470	BAKERY	0.883308698985	0.0350202542563
62902	BAKERY	4.01168710894	0.154030030974
807	BAKERY		
1001	BAKERY	1.48268016013	0.0584278702223
13216	BAKERY	1.63333732494	0.0642663766708
5960	BAKERY	5.26663457333	0.199570407041
10448	BAKERY	2.39244774847	0.0934083874472
177	BAKERY	1.81310730373	0.0712093489114
1049	BAKERY	2.038361217	0.0798724820998
61337	BAKERY	3.44137013389	0.132917593996
679	BAKERY	2.34969329789	0.0917793084781
12206	BAKERY	1.57237547441	0.0619060731235
7151	BAKERY	8.16118714022	0.299805495394
6826	BAKERY	3.36371142299	0.130022635105
88454	BAKERY	3.13394858352	0.121429289851
7997	BAKERY	3.14852477615	0.121975707739
6137	BAKERY	2.95888888889	0.114853546173
36822	BAKERY	0.658441698484	0.0261642497512
61659	BAKERY	3.2495085016	0.125756617863
6505	BAKERY	6.89451675198	0.256766925582
8918	BAKERY	2.28437779089	0.0892877588792
12297	BAKERY	1.78779711177	0.0702333970658
5273467	BAKERY	0.885090529295	0.0350902670738
22310	BAKERY	6.1046340073	0.229278737747
33032	BAKERY	5.42127616747	0.205094952585
8175	BAKERY	0.628902515661	0.0249978932768
7765	BAKERY	2.83267265203	0.11009729234
106997	BAKERY	1.74048134405	0.0684075436386
6658	BAKERY	1.06018366976	0.0419577510249
16255	BAKERY	1.27787959218	0.0504619931864
5541	BAKERY	2.90376354947	0.112777804878
23642	BAKERY	3.70692094795	0.142780332752
5365027	BAKERY	0.367111983861	0.014630570871
1549778	BAKERY	2.97817460317	0.11557917454
12810	BAKERY	2.08057508064	0.081491486159
61027	BAKERY	3.12921235863	0.121251706351
5363388	BAKERY	1.54830842474	0.0609734333983
8163	BAKERY	2.44129447887	0.0952678116619
12348	BAKERY	1.44160014338	0.0568327213457
13561	BAKERY	2.63831355554	0.102748262855
14228	SWEET	11.2521568593	0.399441860777
778574	SWEET	18.7612352595	0.609655830994
61918	SWEET	12.632890627	0.441479654842
7119	SWEET	11.8686859968	0.418401156957
8892	SWEET	16.200374459	0.543034125316
18827	SWEET	11.3811045745	0.403432366446
69963	SWEET	5.66553331178	0.213782025388
261	SWEET	9.24897624159	0.335741625057
8658	SWEET	25.6603931767	0.763033415876
5366244	SWEET	6.6802210886	0.249358702027
6998	SWEET	16.7104155983	0.556721428146
7820	SWEET	15.5496804913	0.525270194301
5315892	SWEET	21.006340534	0.663747084307
7144	SWEET	22.1849836875	0.690529947013
12180	SWEET	10.9197935988	0.389094987057
8452	SWEET	5.39021129779	0.203986700777
6106	SWEET	11.1548689914	0.396422318771
8093	SWEET	22.4440168839	0.696267117801
7761	SWEET	19.8534069018	0.636473169828
8908	SWEET	26.5014945831	0.779128097269
444683	SWEET	4.28150842888	0.163927811385
8091	SWEET	30.5909022946	0.849314770505
89440	SWEET	19.4083290651	0.625659867764
8078	SWEET	2.69053887365	0.104725955174
62900	SWEET	20.2370777018	0.645667382508
7122	SWEET	13.5178866448	0.467622162057
7410	SWEET	15.9124877333	0.535216602987
5364729	SWEET	17.3669290271	0.574033071551
61209	SWEET	14.657019465	0.500349490762
1550470	SWEET	20.2013076939	0.644815174739
62902	SWEET	45.1422653142	0.990560965489
807	SWEET		
1001	SWEET	11.657294612	0.411934777413
13216	SWEET	13.6048147961	0.47015619759
5960	SWEET	10.907034632	0.388696023495
10448	SWEET	3.18877633509	0.123483735598
177	SWEET	6.64840492925	0.248255681929
1049	SWEET	5.92533985036	0.222969733078
61337	SWEET	17.816315412	0.585684178535
679	SWEET	6.26333311634	0.234841587963
12206	SWEET	25.7457454313	0.764692454127
7151	SWEET	17.8114182604	0.585558082238
6826	SWEET	22.0133724703	0.686699471806
88454	SWEET	28.1564824515	0.809144296443
7997	SWEET	20.4788138864	0.651399828179
6137	SWEET	6.74873737374	0.251731312494
36822	SWEET	3.12947947053	0.121261722119
61659	SWEET	3.08385795787	0.119550246353
6505	SWEET	11.3953396121	0.403872078533
8918	SWEET	10.8938309531	0.388283016989
12297	SWEET	5.57305958226	0.210498786047
5273467	SWEET	16.6850645427	0.556046030189
22310	SWEET	14.6304666965	0.499598445558
33032	SWEET	14.4944892044	0.495743481256
8175	SWEET	4.2193378045	0.161652387577
7765	SWEET	12.915361454	0.449891833565
106997	SWEET	15.4844716268	0.523471320448
6658	SWEET	11.6350442981	0.411252069596
16255	SWEET	14.7088905436	0.501815037336
5541	SWEET	16.0856138823	0.539925765703
23642	SWEET	7.58399208621	0.280352909063
5365027	SWEET	12.8233512574	0.447158715307
1549778	SWEET	13.2653391038	0.460225875535
12810	SWEET	19.1670145452	0.619730803178
61027	SWEET	7.15619959256	0.265763506659
5363388	SWEET	16.0283824298	0.538371679865
8163	SWEET	12.2564079287	0.430168503021
12348	SWEET	29.6208018325	0.833875312821
13561	SWEET	13.7063135676	0.473107330059
14228	FRUIT	3.13885389818	0.121613194409
778574	FRUIT	7.06760139905	0.262723660148
61918	FRUIT	1.25984492299	0.0497589132276
7119	FRUIT	3.37911373497	0.130597185545
8892	FRUIT	11.3530818406	0.402566286712
18827	FRUIT	5.52092977286	0.208644924692
69963	FRUIT	4.72425688753	0.180042834245
261	FRUIT	3.20519146853	0.124098357801
8658	FRUIT	7.81536290085	0.288182557125
5366244	FRUIT	2.90311791161	0.112753479021
6998	FRUIT	8.5464882433	0.312642545215
7820	FRUIT	3.85972452183	0.14842999152
5315892	FRUIT	3.45732889678	0.133511906631
7144	FRUIT	0.735367089232	0.0291983776669
12180	FRUIT	6.9201684397	0.257651245095
8452	FRUIT	0.700909394038	0.0278398661701
6106	FRUIT	5.09291781825	0.193341587969
8093	FRUIT	13.6745400769	0.47218438455
7761	FRUIT	9.94749246915	0.358318656197
8908	FRUIT	17.1286171349	0.567788875413
444683	FRUIT	2.98877543092	0.115977905806
8091	FRUIT	18.7297759306	0.60886923466
89440	FRUIT	4.19668267285	0.160822448731
8078	FRUIT	0.446699078182	0.0177881471007
62900	FRUIT	4.4540349515	0.170226027121
7122	FRUIT	1.94773462509	0.0763919169355
7410	FRUIT	3.81490304554	0.146774727723
5364729	FRUIT	7.91405788765	0.291509390606
61209	FRUIT	2.32255391983	0.0907444541089
1550470	FRUIT	7.30595587426	0.270887438476
62902	FRUIT	29.4375123558	0.830873640752
807	FRUIT		
1001	FRUIT	3.98620871472	0.153092404622
13216	FRUIT	2.86393423451	0.111276521661
5960	FRUIT	0.97159368095	0.0384861495257
10448	FRUIT	10.8011481251	0.385380004675
177	FRUIT	2.48807019185	0.0970466103621
1049	FRUIT	0.310265549328	0.0123721160887
61337	FRUIT	3.59421136655	0.138601112523
679	FRUIT	1.22833188153	0.0485297555768
12206	FRUIT	12.4101092446	0.4348000452
7151	FRUIT	4.98345031952	0.189404101946
6826	FRUIT	6.46080093893	0.241735258048
88454	FRUIT	22.2170935973	0.691244044727
7997	FRUIT	6.31652905871	0.236701746609
6137	FRUIT	10.7432450762	0.383562877141
36822	FRUIT	0.460689008624	0.0183426665999
61659	FRUIT	2.64988216116	0.103186536259
6505	FRUIT	4.89180383267	0.186100255412
8918	FRUIT	3.75549198063	0.144578191219
12297	FRUIT	3.20258916646	0.124000935711
5273467	FRUIT	3.03111276244	0.117569452666
22310	FRUIT	3.19804658251	0.123830862523
33032	FRUIT	4.32884001843	0.165658058375
8175	FRUIT	3.00816311757	0.116706906566
7765	FRUIT	5.72720001524	0.215967672604
106997	FRUIT	2.45191835773	0.0956719728561
6658	FRUIT	5.35958812241	0.20289345096
16255	FRUIT	3.27624903348	0.126756438247
5541	FRUIT	5.06328300007	0.192276586107
23642	FRUIT	1.29756368362	0.0512290787395
5365027	FRUIT	6.24106079967	0.234062096025
1549778	FRUIT	7.8141524531	0.2881417067
12810	FRUIT	10.3742367118	0.37191955353
61027	FRUIT	4.06230207204	0.155891163632
5363388	FRUIT	15.6195469997	0.527193780598
8163	FRUIT	3.59050406746	0.138463474915
12348	FRUIT	14.8120170203	0.504722341527
13561	FRUIT	2.48746325059	0.0970235406544
14228	FISH	0.741204795462	0.0294284379989
778574	FISH	0.893788934043	0.0354320138983
61918	FISH	0.623895160626	0.0248001083564
7119	FISH	0.709073667561	0.028161832516
8892	FISH	0.32067087425	0.0127857030461
18827	FISH	0.937113111896	0.0371332520821
69963	FISH	1.27705919227	0.0504300156187
261	FISH	3.38024460168	0.13063936264
8658	FISH	0.404292603505	0.0161063231365
5366244	FISH	1.27922897081	0.0505145881283
6998	FISH	0.416299228156	0.0165826471073
7820	FISH	0.271028993931	0.010811777071
5315892	FISH	1.45738110742	0.05744566042
7144	FISH	1.37942032185	0.0544156927043
12180	FISH	2.04161299271	0.0799972462638
8452	FISH	6.30202670885	0.236194852098
6106	FISH	1.71943945014	0.0675949891967
8093	FISH	0.212911686006	0.00849833488581
7761	FISH	1.99945300579	0.0783789953027
8908	FISH	0.414764324586	0.0165217612055
444683	FISH	0.374362807571	0.0149184532982
8091	FISH	0.41757364311	0.0166331986254
89440	FISH	1.40588358071	0.0554447397712
8078	FISH	8.27609588029	0.303646330004
62900	FISH	0.279147125941	0.0111347157905
7122	FISH	0.150006070558	0.00599124209383
7410	FISH	0.185154169168	0.00739245394018
5364729	FISH	0.665533728594	0.0264441750862
61209	FISH	1.70525256958	0.0670469482527
1550470	FISH	0.232981747232	0.00929755769146
62902	FISH	0.176751979574	0.00705758267804
807	FISH		
1001	FISH	0.305312089171	0.0121751973781
13216	FISH	2.17404583858	0.08507124342
5960	FISH	3.85231728501	0.148156552015
10448	FISH	11.47786442	0.406418028142
177	FISH	3.65411359183	0.140823525216
1049	FISH	2.30085830161	0.0899167524947
61337	FISH	1.40360728558	0.0553562460584
679	FISH	2.31793445449	0.0905682501256
12206	FISH	0.222137337522	0.00886575550218
7151	FISH	0.579646166561	0.0230514507911
6826	FISH	0.543159633316	0.0216083763777
88454	FISH	0.309882931889	0.012356906303
7997	FISH	2.40414085631	0.0938536769498
6137	FISH	5.44120903473	0.205805659086
36822	FISH	1.01502210693	0.040188776326
61659	FISH	5.22702698119	0.198152354823
6505	FISH	4.07468844303	0.156346303358
8918	FISH	0.128996722393	0.00515321283396
12297	FISH	1.72700562019	0.0678872054429
5273467	FISH	1.57995232281	0.0621995931756
22310	FISH	1.06840621079	0.0422796516991
33032	FISH	0.89749408459	0.0355775651308
8175	FISH	0.601776855834	0.0239262200797
7765	FISH	1.58769772207	0.0624995952601
106997	FISH	0.457836178187	0.0182296015411
6658	FISH	0.784958643021	0.0311518816923
16255	FISH	0.518168619789	0.0206193453042
5541	FISH	4.2573716723	0.163044781469
23642	FISH	4.86058940379	0.184973444411
5365027	FISH	0.451175976174	0.0179656151424
1549778	FISH	0.548204417356	0.021807965461
12810	FISH	1.07550629497	0.0425575662826
61027	FISH	2.57379598473	0.100302069081
5363388	FISH	0.630342247883	0.0250547573755
8163	FISH	0.613616001027	0.0243940302024
12348	FISH	0.403200401265	0.0160629878252
13561	FISH	0.702257796328	0.0278930454481
14228	GARLIC	4.86381905702	0.185090067953
778574	GARLIC	2.75698276904	0.107238929166
61918	GARLIC	1.63589227361	0.0643652335321
7119	GARLIC	4.08442238755	0.156703893006
8892	GARLIC	3.38360119047	0.130764544813
18827	GARLIC	2.138062713	0.083693983654
69963	GARLIC	6.35017174306	0.237876997256
261	GARLIC	3.23029027276	0.125037700812
8658	GARLIC	2.01036462102	0.0787979584771
5366244	GARLIC	2.69567812427	0.104920452751
6998	GARLIC	1.56771770595	0.0617256127159
7820	GARLIC	2.54091265398	0.099054011313
5315892	GARLIC	1.5450897473	0.0608486689611
7144	GARLIC	2.15753998574	0.0844396079137
12180	GARLIC	1.81413937006	0.0712491341408
8452	GARLIC	9.37789887474	0.339937960068
6106	GARLIC	3.414980549	0.1319343851
8093	GARLIC	1.4926242236	0.0588137981149
7761	GARLIC	3.86880453865	0.148765122123
8908	GARLIC	1.69216183272	0.0665411086415
444683	GARLIC	2.94060478207	0.114165328689
8091	GARLIC	2.20702621323	0.0863326626467
89440	GARLIC	5.75111642742	0.216814521032
8078	GARLIC	1.1695164437	0.0462335502632
62900	GARLIC	2.16310034155	0.084652412427
7122	GARLIC	2.15112723394	0.084194150007
7410	GARLIC	1.29061659877	0.0509583874689
5364729	GARLIC	2.31980023802	0.0906394202632
61209	GARLIC	1.51028275224	0.0594989284928
1550470	GARLIC	1.2352299584	0.0487988811161
62902	GARLIC	1.12001412754	0.0442987924433
807	GARLIC		
1001	GARLIC	0.901226569681	0.0357241790553
13216	GARLIC	1.04531392576	0.0413754845489
5960	GARLIC	2.82459071436	0.109792303493
10448	GARLIC	5.44767070126	0.206035981623
177	GARLIC	8.53628479736	0.312304128638
1049	GARLIC	3.38267320636	0.130729937046
61337	GARLIC	2.53964961281	0.0990060564501
679	GARLIC	8.77040413534	0.320048169935
12206	GARLIC	0.576668703108	0.022933729407
7151	GARLIC	2.21807135257	0.0867549178928
6826	GARLIC	1.34126313716	0.0529309307653
88454	GARLIC	1.87656745694	0.0736540961095
7997	GARLIC	1.53818461936	0.0605809800052
6137	GARLIC	4.96542428281	0.188754795989
36822	GARLIC	1.61014852927	0.0633689098564
61659	GARLIC	10.4613159606	0.374676985772
6505	GARLIC	4.82357245239	0.183636157614
8918	GARLIC	1.68073905748	0.0660996087875
12297	GARLIC	2.99962886495	0.116386045267
5273467	GARLIC	4.02791003186	0.154626777585
22310	GARLIC	2.07075640515	0.0811150433704
33032	GARLIC	2.79686354168	0.108745563399
8175	GARLIC	1.72907053865	0.0679669475751
7765	GARLIC	3.25702295735	0.126037638876
106997	GARLIC	2.65655800811	0.103439400144
6658	GARLIC	3.13851876405	0.121600630549
16255	GARLIC	4.25720020861	0.163038506898
5541	GARLIC	4.54128463452	0.173402078928
23642	GARLIC	8.014970387	0.294902915358
5365027	GARLIC	2.99148529882	0.116079818236
1549778	GARLIC	2.42864633769	0.0947865242941
12810	GARLIC	2.3038946549	0.0900326139638
61027	GARLIC	2.87737004959	0.111783098623
5363388	GARLIC	0.938224924433	0.0371768905738
8163	GARLIC	3.2432680812	0.125523208109
12348	GARLIC	0.830074865116	0.032927384892
13561	GARLIC	2.34035730389	0.0914233832318
14228	SPICES	5.31929687367	0.201453907255
778574	SPICES	5.13046766933	0.194690027371
61918	SPICES	6.1093756945	0.229445239229
7119	SPICES	5.17903944734	0.196432598055
8892	SPICES	4.01421356747	0.154122978473
18827	SPICES	6.16259350727	0.231312716796
69963	SPICES	8.01157248506	0.294788781929
261	SPICES	6.39407315252	0.239409257509
8658	SPICES	11.4188619275	0.404598314012
5366244	SPICES	7.36344171441	0.272849559024
6998	SPICES	6.95367573346	0.258805586856
7820	SPICES	5.54992385856	0.209676292408
5315892	SPICES	10.1032162827	0.363298659605
7144	SPICES	13.3368842897	0.462326378566
12180	SPICES	4.56522996064	0.174272668588
8452	SPICES	6.86764098328	0.255839842261
6106	SPICES	3.7066505112	0.142770317243
8093	SPICES	4.19789939872	0.160867032204
7761	SPICES	6.04529501877	0.227193564005
8908	SPICES	4.13318124487	0.158493974914
444683	SPICES	3.74332339288	0.144127947706
8091	SPICES	3.73177260171	0.143700453368
89440	SPICES	11.8287511883	0.417182305661
8078	SPICES	2.06899429073	0.0810474766793
62900	SPICES	7.48479869777	0.276983063292
7122	SPICES	5.09431173935	0.193391664735
7410	SPICES	5.65315061725	0.213342779929
5364729	SPICES	3.25584375816	0.125993542895
61209	SPICES	8.61007783655	0.314749737321
1550470	SPICES	4.82578420193	0.183716090812
62902	SPICES	5.92046684153	0.222797902613
807	SPICES		
1001	SPICES	5.48630265568	0.207412299495
13216	SPICES	5.80254973543	0.218634156044
5960	SPICES	5.67536979549	0.214130862893
10448	SPICES	5.62873021721	0.212476167145
177	SPICES	9.2636238808	0.33621906427
1049	SPICES	6.22231624357	0.233405761969
61337	SPICES	5.98246315231	0.224982579945
679	SPICES	8.06125	0.296456499375
12206	SPICES	3.33675015818	0.12901644568
7151	SPICES	6.16588044808	0.231427985243
6826	SPICES	6.94011981579	0.258338687408
88454	SPICES	5.85174032739	0.220372467152
7997	SPICES	3.40865021469	0.131698450073
6137	SPICES	6.61336068686	0.247039811645
36822	SPICES	8.6239714046	0.315209703069
61659	SPICES	4.62119411601	0.176305590617
6505	SPICES	4.06773050491	0.156090647612
8918	SPICES	4.9702288719	0.18892788486
12297	SPICES	3.82713865887	0.147226750229
5273467	SPICES	5.0666909468	0.192399095012
22310	SPICES	10.9901649419	0.391293107495
33032	SPICES	6.86014067966	0.255581015129
8175	SPICES	2.56954036953	0.100140599697
7765	SPICES	5.90210420748	0.222150234669
106997	SPICES	5.51173797137	0.208317816669
6658	SPICES	7.16150331103	0.265945280572
16255	SPICES	5.33698660723	0.202086093871
5541	SPICES	5.50218846456	0.207977907423
23642	SPICES	8.02279485546	0.295165699301
5365027	SPICES	5.09464405019	0.193403602808
1549778	SPICES	2.95373376623	0.114659533385
12810	SPICES	4.99591502935	0.189852934382
61027	SPICES	3.84258462899	0.147797202507
5363388	SPICES	3.79714478504	0.146118467994
8163	SPICES	3.04299250104	0.118015778697
12348	SPICES	4.16995684732	0.159842857849
13561	SPICES	3.39271898025	0.131104542378
14228	COLD	2.31461691686	0.0904416960856
778574	COLD	3.75507329949	0.144562701786
61918	COLD	3.40066555981	0.131400811892
7119	COLD	5.06433667903	0.192314464762
8892	COLD	3.61729855706	0.139458002742
18827	COLD	5.85511503316	0.220491652506
69963	COLD	6.00238740835	0.225684034494
261	COLD	2.07791874406	0.0813896512398
8658	COLD	5.7726333748	0.21757601656
5366244	COLD	5.25527586328	0.199163864772
6998	COLD	1.59283422028	0.0626985204699
7820	COLD	3.54959605003	0.136943989154
5315892	COLD	4.36568046669	0.167003552293
7144	COLD	5.08389484887	0.193017399221
12180	COLD	4.52268634404	0.172725577055
8452	COLD	6.99373262938	0.260184386739
6106	COLD	4.19532445602	0.160772679324
8093	COLD	3.74183548336	0.14407288622
7761	COLD	6.42535790503	0.240500226518
8908	COLD	4.52078569016	0.172656426304
444683	COLD	4.68779157896	0.178721507203
8091	COLD	5.42874399533	0.205361255267
89440	COLD	5.78466641795	0.218001710491
8078	COLD	8.8791483716	0.323630224542
62900	COLD	4.05155110339	0.155496017598
7122	COLD	5.28886702128	0.200365835104
7410	COLD	3.94809835102	0.151688941805
5364729	COLD	4.47265474872	0.170904333748
61209	COLD	2.43661242412	0.0950896649225
1550470	COLD	5.41259601637	0.2047853624
62902	COLD	3.47887670587	0.134314034981
807	COLD		
1001	COLD	3.75524407514	0.14456901978
13216	COLD	12.7661064457	0.445454868314
5960	COLD	1.9009816653	0.0745937740954
10448	COLD	2.57513115775	0.100352726118
177	COLD	3.42520042549	0.132315217838
1049	COLD	1.73799702748	0.0683116276324
61337	COLD	8.01636097387	0.294949621649
679	COLD	3.19111439383	0.123571291323
12206	COLD	6.26484335782	0.234894429394
7151	COLD	5.36434075413	0.203063169474
6826	COLD	4.68984223962	0.178795841492
88454	COLD	7.17240438198	0.266318821432
7997	COLD	4.26964225407	0.163493752172
6137	COLD	2.52908922409	0.0986050520424
36822	COLD	6.80822233529	0.253788136865
61659	COLD	1.39923801966	0.0551863739722
6505	COLD	2.77398324152	0.107881336451
8918	COLD	4.26208188455	0.163217138586
12297	COLD	4.49736799477	0.171804192239
5273467	COLD	5.47415705413	0.206979723984
22310	COLD	6.8467325117	0.255118202033
33032	COLD	4.12903011786	0.158341648829
8175	COLD	5.39226046447	0.204059829412
7765	COLD	4.50525154991	0.172091145385
106997	COLD	14.8286896045	0.505191570024
6658	COLD	3.74315334209	0.144121654907
16255	COLD	2.63383174989	0.102578442121
5541	COLD	2.05079178125	0.0803493724781
23642	COLD	2.29485909197	0.0896878123782
5365027	COLD	6.69884072115	0.250003842043
1549778	COLD	5.2133611585	0.197662792513
12810	COLD	5.3929515385	0.204084491021
61027	COLD	5.13283461682	0.194774988191
5363388	COLD	4.01671658042	0.154215058382
8163	COLD	8.02612821575	0.295277634976
12348	COLD	4.26882607425	0.163463892549
13561	COLD	5.86450339259	0.220823175687
14228	SOUR	6.39697891844	0.239510621024
778574	SOUR	6.5152098807	0.243629211312
61918	SOUR	8.12245199486	0.298508389231
7119	SOUR	5.00824387348	0.190296752261
8892	SOUR	15.6962335543	0.529300643056
18827	SOUR	8.32437549295	0.305256928779
69963	SOUR	22.833158305	0.704785084927
261	SOUR	17.389381984	0.574619037045
8658	SOUR	4.90687625002	0.186644076187
5366244	SOUR	5.91047639795	0.222445563418
6998	SOUR	6.14831174797	0.230811774979
7820	SOUR	13.2089581778	0.458567696653
5315892	SOUR	6.11644120994	0.229693307168
7144	SOUR	5.45317887362	0.206232291014
12180	SOUR	9.85764721137	0.355436605037
8452	SOUR	6.87613484059	0.256132901485
6106	SOUR	6.52798500416	0.244073564881
8093	SOUR	8.1771100535	0.300338350609
7761	SOUR	12.5531092133	0.439092148162
8908	SOUR	6.92676436659	0.257878548827
444683	SOUR	9.13558681123	0.332039893895
8091	SOUR	5.94766265376	0.223756629733
89440	SOUR	7.35560606061	0.272582266217
8078	SOUR	7.55422079502	0.279342331073
62900	SOUR	6.84009941742	0.254889192681
7122	SOUR	4.03733779498	0.154973473211
7410	SOUR	5.68049069454	0.214312437969
5364729	SOUR	8.66100092381	0.316434862152
61209	SOUR	4.88124888114	0.18571931899
1550470	SOUR	7.14080436407	0.265235739777
62902	SOUR	6.12433681949	0.229970472188
807	SOUR		
1001	SOUR	6.52879233214	0.244101641559
13216	SOUR	4.35925457828	0.16676894294
5960	SOUR	13.9007290849	0.478737055758
10448	SOUR	14.175968119	0.486655495917
177	SOUR	17.3151942178	0.572681388392
1049	SOUR	6.90867582399	0.257255112303
61337	SOUR	9.5859163529	0.346680737186
679	SOUR	15.3043168153	0.518483827339
12206	SOUR	10.3495202804	0.371135783203
7151	SOUR	5.42467705167	0.205216233621
6826	SOUR	4.60427213681	0.175691156708
88454	SOUR	6.1099437663	0.229465185521
7997	SOUR	8.89979100082	0.324309128089
6137	SOUR	15.5921894903	0.526441030371
36822	SOUR	6.56540931613	0.24537453285
61659	SOUR	7.7729711597	0.286751214128
6505	SOUR	12.726827364	0.444284240658
8918	SOUR	5.89875017884	0.222031905685
12297	SOUR	8.03178191489	0.295467468304
5273467	SOUR	5.81454738396	0.219058310846
22310	SOUR	5.44997610283	0.206118148305
33032	SOUR	12.6679863166	0.442528301737
8175	SOUR	5.4373732936	0.205668920411
7765	SOUR	7.93177919469	0.29210591931
106997	SOUR	6.24868095852	0.234328832852
6658	SOUR	10.3395963204	0.370820951987
16255	SOUR	8.8830150264	0.323757418672
5541	SOUR	12.630653334	0.441412771904
23642	SOUR	10.687750774	0.381818824318
5365027	SOUR	6.25577120204	0.234576978749
1549778	SOUR	9.8485611621	0.355144783699
12810	SOUR	5.12192963888	0.194383520265
61027	SOUR	7.5084170167	0.277786150229
5363388	SOUR	7.37996678406	0.273413107469
8163	SOUR	4.98378393532	0.189416116487
12348	SOUR	7.58374397777	0.280344490023
13561	SOUR	4.27371867114	0.163642878334
14228	BURNT	6.13903462317	0.230486286485
778574	BURNT	3.56982227064	0.137695438408
61918	BURNT	16.0250110914	0.538280051464
7119	BURNT	4.16994206345	0.159842315813
8892	BURNT	6.31044247316	0.236489025243
18827	BURNT	3.13767117176	0.121568854718
69963	BURNT	5.67691846035	0.214185777132
261	BURNT	4.48468956702	0.171342606476
8658	BURNT	5.40779920107	0.204614251163
5366244	BURNT	8.69587522061	0.317587710483
6998	BURNT	4.31843953482	0.165278013387
7820	BURNT	3.70358241212	0.142656687411
5315892	BURNT	6.18802203489	0.232204234714
7144	BURNT	9.07182537725	0.32995380882
12180	BURNT	5.5406129093	0.209345159808
8452	BURNT	3.99014837819	0.153237421496
6106	BURNT	5.32603794698	0.201694845794
8093	BURNT	2.0768115942	0.081347205209
7761	BURNT	4.8594142012	0.184931005496
8908	BURNT	4.69222369799	0.178882162627
444683	BURNT	3.43661362278	0.132740419634
8091	BURNT	3.26124708625	0.126195590427
89440	BURNT	1.76530602918	0.0693657190165
8078	BURNT	4.63942904445	0.176967441035
62900	BURNT	3.10098786729	0.12019306439
7122	BURNT	2.75631873823	0.107213832334
7410	BURNT	7.49938293883	0.277479019768
5364729	BURNT	5.10151288723	0.193650341994
61209	BURNT	6.34283501937	0.237620778342
1550470	BURNT	3.30283584979	0.127749944131
62902	BURNT	2.21139166585	0.0864995653942
807	BURNT		
1001	BURNT	3.59651016772	0.138686452554
13216	BURNT	3.16257556764	0.122502269017
5960	BURNT	4.92433583043	0.187273799869
10448	BURNT	8.66294034954	0.316498999782
177	BURNT	8.62049015849	0.31509446611
1049	BURNT	7.083664928	0.263275273595
61337	BURNT	2.82475762651	0.109798602801
679	BURNT	7.59377120345	0.280684703702
12206	BURNT	2.6485754224	0.103137036189
7151	BURNT	10.4725661886	0.375032790515
6826	BURNT	5.15723053799	0.195650410791
88454	BURNT	3.83473572518	0.147507349774
7997	BURNT	4.70730266331	0.179428627187
6137	BURNT	6.01677213868	0.22619026676
36822	BURNT	7.57799172056	0.280149285416
61659	BURNT	5.05875197024	0.192113690211
6505	BURNT	10.1185299661	0.363787339174
8918	BURNT	2.57401556866	0.100310400287
12297	BURNT	6.63930381187	0.247940010432
5273467	BURNT	3.61405817598	0.139337760439
22310	BURNT	4.30179055536	0.164669461421
33032	BURNT	4.35584033613	0.166644275432
8175	BURNT	6.62118923662	0.247311510702
7765	BURNT	3.01243465625	0.116867481227
106997	BURNT	2.59121526398	0.100962851942
6658	BURNT	5.05654845827	0.192034465407
16255	BURNT	3.96139688449	0.152178809269
5541	BURNT	3.91218435635	0.150365299679
23642	BURNT	11.9397135092	0.420565836895
5365027	BURNT	5.05847912353	0.192103880524
1549778	BURNT	3.12716829341	0.121175059122
12810	BURNT	3.68652616591	0.142024856568
61027	BURNT	8.32689425326	0.305340902968
5363388	BURNT	4.41599584075	0.168839425924
8163	BURNT	7.26254432178	0.269403952861
12348	BURNT	2.80374799907	0.109005518826
13561	BURNT	5.92863796864	0.22308601948
14228	ACID	5.89349319814	0.221846423095
778574	ACID	3.98676879241	0.153113021535
61918	ACID	2.54405025576	0.0991731335489
7119	ACID	5.31298076308	0.201228124688
8892	ACID	9.08449396925	0.330368546499
18827	ACID	7.91816666667	0.291647721322
69963	ACID	7.05089429362	0.262149727609
261	ACID	4.05501786555	0.155623446666
8658	ACID	5.30714022043	0.201019313889
5366244	ACID	9.48741338189	0.343492130204
6998	ACID	3.79700164509	0.146113177207
7820	ACID	5.02488600639	0.190895648505
5315892	ACID	2.93335743014	0.11389246288
7144	ACID	5.84163472713	0.220015510571
12180	ACID	5.54260685965	0.209416078066
8452	ACID	12.0472021907	0.42383405538
6106	ACID	6.03674908486	0.226893027589
8093	ACID	8.59559590538	0.314270128628
7761	ACID	5.80767753641	0.21881545411
8908	ACID	5.18664201621	0.196705178487
444683	ACID	11.6373004197	0.411321312364
8091	ACID	7.43267229686	0.275209044885
89440	ACID	9.58911090149	0.346784016907
8078	ACID	8.0830274267	0.297186964116
62900	ACID	5.89145957218	0.221774664531
7122	ACID	8.68429206149	0.317204911016
7410	ACID	8.83552341149	0.322194346877
5364729	ACID	4.12146821699	0.158064128574
61209	ACID	5.78511396594	0.218017541198
1550470	ACID	2.48041294002	0.0967555382596
62902	ACID	6.94818305998	0.258616423265
807	ACID		
1001	ACID	4.92729305433	0.187380435436
13216	ACID	9.26027572421	0.336109946373
5960	ACID	5.53803692318	0.209253535742
10448	ACID	6.39777912304	0.239538533839
177	ACID	5.55352877752	0.209804478348
1049	ACID	2.72834575971	0.106156282155
61337	ACID	6.42955900125	0.24064666847
679	ACID	7.5332030737	0.278628463528
12206	ACID	8.69667582418	0.317614164811
7151	ACID	3.79508819272	0.146042449952
6826	ACID	5.6364783769	0.212751179679
88454	ACID	4.18679785652	0.160460203744
7997	ACID	8.06592234504	0.296613252491
6137	ACID	5.23241315595	0.198345267264
36822	ACID	6.33315796933	0.237282762827
61659	ACID	6.78123035804	0.252855180254
6505	ACID	3.08189419394	0.119476539028
8918	ACID	3.65888863657	0.141000559041
12297	ACID	6.82283812209	0.254293076868
5273467	ACID	4.15308571167	0.159224180095
22310	ACID	8.04917903592	0.296051448176
33032	ACID	4.97492275628	0.189096967679
8175	ACID	6.28210411267	0.235498231674
7765	ACID	8.51123600843	0.311472984981
106997	ACID	9.63154590731	0.348155165667
6658	ACID	2.79158289127	0.108546141635
16255	ACID	3.1124231938	0.120622056497
5541	ACID	6.56130392359	0.245231873273
23642	ACID	11.7322135327	0.414230607556
5365027	ACID	7.59540542051	0.28074014342
1549778	ACID	6.05382942007	0.227493636544
12810	ACID	5.39507957348	0.204160429497
61027	ACID	3.56806896406	0.13763031211
5363388	ACID	3.55181701279	0.137026518875
8163	ACID	7.61095922488	0.281267688866
12348	ACID	4.13906969245	0.15871002853
13561	ACID	7.02637649671	0.261307073199
14228	WARM	4.41152520686	0.168676386414
778574	WARM	4.95602773646	0.188416225088
61918	WARM	6.26734806966	0.234982062056
7119	WARM	4.23162725432	0.162102422485
8892	WARM	6.81411712269	0.253991808043
18827	WARM	5.50367011421	0.208030650678
69963	WARM	4.81376119376	0.183281529018
261	WARM	5.24267595646	0.198712777785
8658	WARM	5.21009558686	0.197545785065
5366244	WARM	8.80426146758	0.321164450707
6998	WARM	6.88117348311	0.256306719923
7820	WARM	6.48657202558	0.242632634366
5315892	WARM	5.74984559613	0.216769534094
7144	WARM	7.62677238889	0.281803832727
12180	WARM	6.02549782965	0.226497263548
8452	WARM	4.26213991624	0.163219261983
6106	WARM	8.92338194499	0.325084579665
8093	WARM	4.85351741439	0.184718044059
7761	WARM	5.95945950391	0.224172317125
8908	WARM	3.26596067839	0.126371827474
444683	WARM	2.95356541578	0.114653197165
8091	WARM	4.62808098842	0.176555586083
89440	WARM	7.7891420466	0.287297388335
8078	WARM	3.16923550897	0.122751798874
62900	WARM	6.1297094943	0.230159044378
7122	WARM	4.80425752204	0.182937944746
7410	WARM	7.94692736654	0.292615632834
5364729	WARM	4.93449226067	0.187640004879
61209	WARM	8.07205121293	0.296818844203
1550470	WARM	4.69524205889	0.178991563159
62902	WARM	6.27723575257	0.235327954625
807	WARM		
1001	WARM	5.06621807903	0.192382096911
13216	WARM	3.90843109952	0.150226910517
5960	WARM	5.84292977495	0.220061259656
10448	WARM	6.06962457886	0.228048846143
177	WARM	4.66969112199	0.17806523881
1049	WARM	2.24153406043	0.0876515724398
61337	WARM	8.01407250941	0.294872757102
679	WARM	9.64952246522	0.348735585086
12206	WARM	6.22666696023	0.233558125836
7151	WARM	7.8105617954	0.288020521592
6826	WARM	4.94172659743	0.187900799192
88454	WARM	3.41736931373	0.132023407339
7997	WARM	5.29196950291	0.200476803629
6137	WARM	8.81675823229	0.321576239001
36822	WARM	5.35564667941	0.202752686634
61659	WARM	8.33029559763	0.305454294008
6505	WARM	12.6238383838	0.441209017137
8918	WARM	3.13096077485	0.121317264844
12297	WARM	3.65158879914	0.140729911663
5273467	WARM	5.61866873081	0.21211897391
22310	WARM	5.71466976886	0.215523810528
33032	WARM	6.83362244898	0.254665539649
8175	WARM	4.22229000984	0.161760507223
7765	WARM	5.59338901385	0.21122116029
106997	WARM	9.06737427466	0.329808060492
6658	WARM	5.31639752129	0.20135026781
16255	WARM	3.56078264657	0.13735963664
5541	WARM	4.58868743668	0.175125076511
23642	WARM	8.6772588891	0.316972426833
5365027	WARM	5.8948269638	0.221893484579
1549778	WARM	5.65375253907	0.213364134454
12810	WARM	5.91364360268	0.222557271843
61027	WARM	5.96087920136	0.224222335713
5363388	WARM	6.7241050339	0.250878765953
8163	WARM	3.16191839354	0.122477644571
12348	WARM	3.54932765157	0.136934015351
13561	WARM	4.38391749752	0.167669206851
14228	MUSKY	7.33902647544	0.272016535175
778574	MUSKY	5.67842781129	0.214239295488
61918	MUSKY	13.6261849318	0.470778230955
7119	MUSKY	5.47489496572	0.207006008675
8892	MUSKY	19.469289966	0.627150297928
18827	MUSKY	7.16845121256	0.266183371388
69963	MUSKY	11.9410134887	0.420605418294
261	MUSKY	10.2297081186	0.367329553469
8658	MUSKY	5.17604485307	0.196325217995
5366244	MUSKY	11.1780324397	0.397141933898
6998	MUSKY	6.1366475595	0.230402525072
7820	MUSKY	5.68017836011	0.214301363923
5315892	MUSKY	8.67518805971	0.31690396724
7144	MUSKY	4.03374668522	0.15484142248
12180	MUSKY	5.95077610799	0.223866349805
8452	MUSKY	9.82075868347	0.354251426891
6106	MUSKY	11.4164631788	0.404524274548
8093	MUSKY	6.79838601488	0.253448219632
7761	MUSKY	5.23350234912	0.19838427523
8908	MUSKY	3.75339205808	0.144500501547
444683	MUSKY	10.7454829783	0.383633157357
8091	MUSKY	5.91481409141	0.222598553362
89440	MUSKY	9.99445160611	0.359822439082
8078	MUSKY	14.8206548359	0.50496546953
62900	MUSKY	4.58087673624	0.17484129678
7122	MUSKY	8.45566611113	0.309627328692
7410	MUSKY	9.10557609899	0.331058437522
5364729	MUSKY	4.61855093512	0.176209632309
61209	MUSKY	6.69017940613	0.249703776051
1550470	MUSKY	3.91399283816	0.150431977552
62902	MUSKY	1.7053929657	0.0670523725609
807	MUSKY		
1001	MUSKY	7.78809795308	0.287262130233
13216	MUSKY	5.99403352173	0.225389965725
5960	MUSKY	10.310847432	0.369908467373
10448	MUSKY	13.945430346	0.480027202827
177	MUSKY	9.6508744857	0.348779228093
1049	MUSKY	10.5355799777	0.377023820922
61337	MUSKY	7.62542920282	0.281758299902
679	MUSKY	8.51606365147	0.311633210012
12206	MUSKY	3.3894696804	0.13098338533
7151	MUSKY	5.94569966238	0.223687448705
6826	MUSKY	5.30643269477	0.200994016613
88454	MUSKY	4.41942591709	0.168964506509
7997	MUSKY	6.91978609109	0.257638067825
6137	MUSKY	8.48670592728	0.310658566093
36822	MUSKY	11.6544214025	0.41184664081
61659	MUSKY	10.4710648409	0.374985314077
6505	MUSKY	8.21458412127	0.301591607937
8918	MUSKY	7.22923271006	0.268264586172
12297	MUSKY	11.3304880166	0.401867537188
5273467	MUSKY	8.21322672816	0.301546231811
22310	MUSKY	4.96910607714	0.188887437003
33032	MUSKY	20.1991444432	0.644763603234
8175	MUSKY	9.9982698817	0.359944635017
7765	MUSKY	6.08373923398	0.228544816132
106997	MUSKY	5.07536982422	0.192711041428
6658	MUSKY	7.71248242129	0.284706342812
16255	MUSKY	9.95491547659	0.358556482205
5541	MUSKY	8.5082497467	0.311373864367
23642	MUSKY	9.59208112512	0.346880036881
5365027	MUSKY	7.0114042946	0.260792255711
1549778	MUSKY	6.64971949937	0.248301272207
12810	MUSKY	5.09692034157	0.193485374875
61027	MUSKY	8.36520946044	0.306617686691
5363388	MUSKY	4.13196863626	0.158449479526
8163	MUSKY	5.61743054005	0.212075011253
12348	MUSKY	4.52222355425	0.17270873982
13561	MUSKY	7.58809846545	0.280492243289
14228	SWEATY	2.92659302279	0.113637742223
778574	SWEATY	3.62283268214	0.139663340628
61918	SWEATY	3.51166691314	0.135533954722
7119	SWEATY	2.10947723924	0.0825991318804
8892	SWEATY	7.96814595701	0.293329298283
18827	SWEATY	4.63971812737	0.176977931374
69963	SWEATY	14.5761919324	0.498061528796
261	SWEATY	8.40253508233	0.307860364969
8658	SWEATY	1.98295432022	0.0777453296743
5366244	SWEATY	2.55974417013	0.0997688507187
6998	SWEATY	1.24592931791	0.0492162367702
7820	SWEATY	6.33048354524	0.237189333043
5315892	SWEATY	4.20299945888	0.161053896575
7144	SWEATY	1.77572747017	0.0697678155874
12180	SWEATY	7.93122584541	0.292087296452
8452	SWEATY	7.67938387006	0.283586180153
6106	SWEATY	9.36912427407	0.339652775098
8093	SWEATY	2.34938780189	0.091767662858
7761	SWEATY	7.34589465065	0.272250918739
8908	SWEATY	2.90821667397	0.11294557727
444683	SWEATY	3.16529541148	0.122604178443
8091	SWEATY	2.49981063726	0.0974928042017
89440	SWEATY	2.33100686711	0.0910668374787
8078	SWEATY	6.23071626094	0.233699920388
62900	SWEATY	1.5185648276	0.0598201774498
7122	SWEATY	1.62580846746	0.0639750374294
7410	SWEATY	2.53818877551	0.0989505901164
5364729	SWEATY	3.28119115956	0.126941160212
61209	SWEATY	2.05090115988	0.0803535681683
1550470	SWEATY	3.55422871908	0.137116132048
62902	SWEATY	4.7171757516	0.179786331235
807	SWEATY		
1001	SWEATY	4.3180526331	0.165263873907
13216	SWEATY	1.50714444159	0.0593771839166
5960	SWEATY	3.0127087117	0.116877782955
10448	SWEATY	9.37589998626	0.339872999229
177	SWEATY	8.2997123259	0.304434403159
1049	SWEATY	4.12686364869	0.158262144518
61337	SWEATY	6.35042388596	0.237885802026
679	SWEATY	3.61787420097	0.139479362545
12206	SWEATY	1.86664230231	0.0732719506986
7151	SWEATY	3.36540112597	0.130085675143
6826	SWEATY	1.98546459627	0.0778417559858
88454	SWEATY	2.56813471889	0.100087262382
7997	SWEATY	2.49154007926	0.0971784943837
6137	SWEATY	5.81790537861	0.219177005947
36822	SWEATY	2.59277524032	0.101022016234
61659	SWEATY	4.87757599118	0.185586740627
6505	SWEATY	4.68973465215	0.178791941643
8918	SWEATY	8.64646348013	0.31595400692
12297	SWEATY	5.10561103875	0.193797535918
5273467	SWEATY	3.54129970234	0.136635666661
22310	SWEATY	1.07406176121	0.0425010269818
33032	SWEATY	8.92688119981	0.32519956481
8175	SWEATY	5.06967072938	0.192506204654
7765	SWEATY	1.64327807544	0.0646509778845
106997	SWEATY	1.94317534394	0.0762166415906
6658	SWEATY	3.992427024	0.153321291543
16255	SWEATY	3.05124418814	0.118325731087
5541	SWEATY	7.09932474441	0.263812825046
23642	SWEATY	4.3112786953	0.165016298217
5365027	SWEATY	5.06842758632	0.192461520174
1549778	SWEATY	1.91320627145	0.0750641075631
12810	SWEATY	1.94361122441	0.0762333991397
61027	SWEATY	3.02676959978	0.117406250307
5363388	SWEATY	3.51285157002	0.13557801234
8163	SWEATY	3.18446600511	0.123322310709
12348	SWEATY	1.83091158135	0.0718955683665
13561	SWEATY	4.74608574365	0.180833297791
14228	AMMONIA/URINOUS	4.27165422038	0.163567356904
778574	AMMONIA/URINOUS	4.97747127178	0.189188762767
61918	AMMONIA/URINOUS	4.87268929699	0.185410331486
7119	AMMONIA/URINOUS	7.39981113815	0.274089563574
8892	AMMONIA/URINOUS	4.72150246713	0.179943064466
18827	AMMONIA/URINOUS	4.69517941311	0.178989292636
69963	AMMONIA/URINOUS	7.44617716929	0.275668864997
261	AMMONIA/URINOUS	5.72632488759	0.215936676816
8658	AMMONIA/URINOUS	4.23986999067	0.162404200612
5366244	AMMONIA/URINOUS	6.76460559662	0.252280268314
6998	AMMONIA/URINOUS	3.06501311887	0.118842802587
7820	AMMONIA/URINOUS	4.1428660721	0.158849307168
5315892	AMMONIA/URINOUS	5.95969066649	0.224180461523
7144	AMMONIA/URINOUS	4.52963077067	0.172978208859
12180	AMMONIA/URINOUS	4.95045112752	0.188215258554
8452	AMMONIA/URINOUS	10.7643251093	0.384224726348
6106	AMMONIA/URINOUS	7.89924429663	0.291010547682
8093	AMMONIA/URINOUS	4.70050274272	0.179182219295
7761	AMMONIA/URINOUS	4.40545175324	0.168454868069
8908	AMMONIA/URINOUS	4.92777576844	0.187397841128
444683	AMMONIA/URINOUS	6.66892402515	0.248967141945
8091	AMMONIA/URINOUS	1.6986870683	0.0667932676295
89440	AMMONIA/URINOUS	6.22709474998	0.233573106389
8078	AMMONIA/URINOUS	14.6657608696	0.500596618029
62900	AMMONIA/URINOUS	3.75595863103	0.144595455146
7122	AMMONIA/URINOUS	3.46404102111	0.133761808766
7410	AMMONIA/URINOUS	5.19122492673	0.196869470573
5364729	AMMONIA/URINOUS	2.80468610864	0.109040938678
61209	AMMONIA/URINOUS	6.87485673131	0.256088807222
1550470	AMMONIA/URINOUS	2.44322636616	0.0953413126159
62902	AMMONIA/URINOUS	5.35469991019	0.202718871956
807	AMMONIA/URINOUS		
1001	AMMONIA/URINOUS	9.25630557215	0.335980545748
13216	AMMONIA/URINOUS	7.90227834908	0.291112732721
5960	AMMONIA/URINOUS	4.49036088013	0.171549098872
10448	AMMONIA/URINOUS	9.33685940215	0.338603598688
177	AMMONIA/URINOUS	5.46734529751	0.20673706606
1049	AMMONIA/URINOUS	4.59254154736	0.175265086749
61337	AMMONIA/URINOUS	6.42582791154	0.240516610722
679	AMMONIA/URINOUS	5.26063000625	0.199355509025
12206	AMMONIA/URINOUS	4.19147270641	0.160631530877
7151	AMMONIA/URINOUS	4.83333260964	0.183988862739
6826	AMMONIA/URINOUS	2.77580570816	0.107950189395
88454	AMMONIA/URINOUS	3.86012374576	0.148444727697
7997	AMMONIA/URINOUS	3.21532696406	0.124477747568
6137	AMMONIA/URINOUS	5.14640685472	0.195262072783
36822	AMMONIA/URINOUS	5.54630733788	0.209547683481
61659	AMMONIA/URINOUS	4.05733525622	0.155708622496
6505	AMMONIA/URINOUS	1.44391312558	0.0569225709776
8918	AMMONIA/URINOUS	5.20538598048	0.197377021937
12297	AMMONIA/URINOUS	6.74563839125	0.251624080728
5273467	AMMONIA/URINOUS	2.57073464629	0.100185915203
22310	AMMONIA/URINOUS	2.96350026853	0.115027077204
33032	AMMONIA/URINOUS	2.1071021857	0.0825081355795
8175	AMMONIA/URINOUS	7.79555520741	0.2875139359
7765	AMMONIA/URINOUS	5.77288959583	0.217585082119
106997	AMMONIA/URINOUS	7.44129523085	0.275502659349
6658	AMMONIA/URINOUS	5.62177772403	0.21222935505
16255	AMMONIA/URINOUS	2.9417926224	0.114210047363
5541	AMMONIA/URINOUS	6.17069266082	0.231596727267
23642	AMMONIA/URINOUS	7.27678053214	0.269890607321
5365027	AMMONIA/URINOUS	5.83954581456	0.219941714454
1549778	AMMONIA/URINOUS	3.20427897837	0.124064197626
12810	AMMONIA/URINOUS	1.8395415762	0.0722280977639
61027	AMMONIA/URINOUS	1.33847062158	0.0528222234214
5363388	AMMONIA/URINOUS	0.936146350229	0.0370953060135
8163	AMMONIA/URINOUS	6.70525321758	0.250225960418
12348	AMMONIA/URINOUS	5.24655883811	0.198851801668
13561	AMMONIA/URINOUS	6.39142663984	0.239316931797
14228	DECAYED	3.7105186722	0.142913567361
778574	DECAYED	3.90698204622	0.150173478365
61918	DECAYED	7.72594932271	0.285161855734
7119	DECAYED	2.13424687259	0.0835478710185
8892	DECAYED	6.19604570588	0.232485435279
18827	DECAYED	3.62773651685	0.13984527178
69963	DECAYED	7.55531174097	0.279379375437
261	DECAYED	7.30511748775	0.270858802906
8658	DECAYED	2.82461315423	0.109793150381
5366244	DECAYED	4.61604485268	0.176118646074
6998	DECAYED	3.10061926885	0.120179234814
7820	DECAYED	2.67628502226	0.104186400282
5315892	DECAYED	2.69719893563	0.104978004586
7144	DECAYED	3.49321473283	0.134847569645
12180	DECAYED	7.21618837089	0.267818184994
8452	DECAYED	5.21191307519	0.197610907846
6106	DECAYED	3.50475286538	0.135276797556
8093	DECAYED	3.86455168066	0.14860816335
7761	DECAYED	2.06915569013	0.0810536654971
8908	DECAYED	3.83884488537	0.147659103393
444683	DECAYED	3.45095233365	0.133274464542
8091	DECAYED	3.71017222209	0.142900737717
89440	DECAYED	1.58317423504	0.0623243931383
8078	DECAYED	11.7723511737	0.415458746084
62900	DECAYED	1.82580944653	0.0716989458073
7122	DECAYED	3.05057180851	0.118300476997
7410	DECAYED	4.65803308696	0.177642414583
5364729	DECAYED	7.11432879519	0.264327682125
61209	DECAYED	4.46130435082	0.170490879428
1550470	DECAYED	3.34088035524	0.12917062159
62902	DECAYED	2.84169338343	0.110437646823
807	DECAYED		
1001	DECAYED	3.46645822313	0.13385179588
13216	DECAYED	7.07252819356	0.262892865723
5960	DECAYED	7.42592746293	0.274979339043
10448	DECAYED	15.1352740107	0.513780352676
177	DECAYED	3.66849283274	0.141356577444
1049	DECAYED	2.01515412366	0.0789818264896
61337	DECAYED	2.07563721328	0.0813021805947
679	DECAYED	8.52219689819	0.311836739939
12206	DECAYED	5.10775736752	0.193874620571
7151	DECAYED	3.86145393879	0.148493826943
6826	DECAYED	2.43773102084	0.0951322278217
88454	DECAYED	3.88298086216	0.149288218336
7997	DECAYED	8.12715637133	0.29866598658
6137	DECAYED	12.9258495671	0.450202947871
36822	DECAYED	3.3833942535	0.13075682747
61659	DECAYED	7.67120085211	0.283309105079
6505	DECAYED	3.47529847932	0.134180859365
8918	DECAYED	2.66841181005	0.103888303767
12297	DECAYED	6.42658936027	0.240543154089
5273467	DECAYED	3.53379039845	0.136356546106
22310	DECAYED	2.97769619209	0.115561177839
33032	DECAYED	9.47537027403	0.343101754229
8175	DECAYED	5.85859385374	0.220614505373
7765	DECAYED	3.98854240273	0.15317830791
106997	DECAYED	3.00057819811	0.116421740115
6658	DECAYED	2.00816871123	0.07871365182
16255	DECAYED	2.48985214988	0.097114340504
5541	DECAYED	3.88483067124	0.149356463112
23642	DECAYED	10.8861061013	0.388041321631
5365027	DECAYED	5.68606272714	0.214509985351
1549778	DECAYED	3.56446320346	0.137496368967
12810	DECAYED	2.92232602167	0.113477045116
61027	DECAYED	3.53820940865	0.136520806018
5363388	DECAYED	4.89676676187	0.186279340587
8163	DECAYED	2.66668056832	0.103822748632
12348	DECAYED	2.07774270575	0.0813829023294
13561	DECAYED	4.57974251229	0.1748000839
14228	WOOD	5.157324513	0.195653782067
778574	WOOD	2.93046844282	0.113783679595
61918	WOOD	10.429556124	0.373671988583
7119	WOOD	2.79581039218	0.108705793388
8892	WOOD	2.55846636112	0.0997203543964
18827	WOOD	2.82616657574	0.109851776024
69963	WOOD	2.02936210331	0.0795271599137
261	WOOD	2.62655552246	0.102302703333
8658	WOOD	2.22938870906	0.087187478756
5366244	WOOD	6.16929334158	0.231547661529
6998	WOOD	1.12883025445	0.0446435070805
7820	WOOD	2.53269178441	0.0987418603063
5315892	WOOD	1.81562454918	0.0713063849659
7144	WOOD	5.77775044583	0.217757057747
12180	WOOD	1.99832338077	0.0783356166971
8452	WOOD	2.02092113112	0.0792031963574
6106	WOOD	2.44730767702	0.0954965811343
8093	WOOD	4.97391381437	0.189060625122
7761	WOOD	1.17045968601	0.0462703970897
8908	WOOD	1.56892286312	0.0617723069448
444683	WOOD	1.3189585537	0.0520624814814
8091	WOOD	1.92997705054	0.0757091574555
89440	WOOD	5.94387536075	0.223623152708
8078	WOOD	1.41232482607	0.0556951284771
62900	WOOD	3.47647419751	0.134224618762
7122	WOOD	3.33344925928	0.128893216785
7410	WOOD	3.15820391178	0.122338455692
5364729	WOOD	1.76163424585	0.0692240277474
61209	WOOD	5.04599889638	0.19165511391
1550470	WOOD	0.9984441979	0.0395390115895
62902	WOOD	1.34963578686	0.0532568247717
807	WOOD		
1001	WOOD	3.0065963392	0.116648004949
13216	WOOD	2.44786580092	0.0955178132451
5960	WOOD	5.55270408163	0.209775154218
10448	WOOD	1.86962541457	0.0733868169064
177	WOOD	4.65142201547	0.177402589912
1049	WOOD	1.25222435119	0.0494617477172
61337	WOOD	1.33743753547	0.0527820057541
679	WOOD	4.52927898551	0.172965412169
12206	WOOD	2.72375296335	0.105982586452
7151	WOOD	3.95520326852	0.151950677583
6826	WOOD	2.90616160727	0.112868154176
88454	WOOD	1.05143617745	0.041615239884
7997	WOOD	1.56865331316	0.0617618632397
6137	WOOD	3.13019323304	0.121288485451
36822	WOOD	5.58646038616	0.210974999588
61659	WOOD	2.63716449227	0.102704725067
6505	WOOD	4.50369926278	0.172034647691
8918	WOOD	2.80008132968	0.108867071006
12297	WOOD	1.27563829281	0.0503746304907
5273467	WOOD	3.22412046287	0.124806837411
22310	WOOD	1.66310453098	0.0654178145668
33032	WOOD	7.59624190888	0.2807685199
8175	WOOD	3.818940678	0.146923903959
7765	WOOD	1.55041504229	0.0610550869703
106997	WOOD	1.55110881393	0.0610819771362
6658	WOOD	1.73358569537	0.0681413000695
16255	WOOD	3.67038398575	0.141426671989
5541	WOOD	3.00053402871	0.116420079365
23642	WOOD	2.61477504614	0.101856182429
5365027	WOOD	2.93840987248	0.114082693868
1549778	WOOD	5.0217639532	0.190783312848
12810	WOOD	2.24085950692	0.087625799745
61027	WOOD	4.11547041127	0.157843977769
5363388	WOOD	0.894524778032	0.0354609212899
8163	WOOD	3.98857759756	0.153179603402
12348	WOOD	0.462469146326	0.0184132147685
13561	WOOD	5.03326245855	0.191197005951
14228	GRASS	2.12713729571	0.0832756065986
778574	GRASS	3.42849363571	0.132437917984
61918	GRASS	8.90849663233	0.324595340394
7119	GRASS	1.68994676332	0.0664555025077
8892	GRASS	2.66773256832	0.10386258391
18827	GRASS	4.80513680807	0.182969736425
69963	GRASS	4.47582623542	0.171019841221
261	GRASS	2.19569931432	0.0858995343812
8658	GRASS	4.43622164356	0.169576840754
5366244	GRASS	5.9752516525	0.224728613176
6998	GRASS	1.09021208434	0.0431330584181
7820	GRASS	3.68410188949	0.141935032887
5315892	GRASS	3.96217042848	0.152207299337
7144	GRASS	2.48716145936	0.0970120695245
12180	GRASS	2.64274865127	0.102916297877
8452	GRASS	2.46955205595	0.0963426072952
6106	GRASS	2.7926146021	0.108585105558
8093	GRASS	2.15040178734	0.0841663803547
7761	GRASS	3.40784223576	0.131668333949
8908	GRASS	2.25246308615	0.0880690874642
444683	GRASS	1.90170524511	0.0746216166686
8091	GRASS	4.53127843265	0.173038143612
89440	GRASS	3.42414347117	0.132275835442
8078	GRASS	1.6669384058	0.0655660627724
62900	GRASS	3.27572551334	0.126736869478
7122	GRASS	1.91562412296	0.0751571186061
7410	GRASS	1.77048421976	0.0695655230413
5364729	GRASS	8.96826818711	0.326558793774
61209	GRASS	2.72000849209	0.105840961205
1550470	GRASS	6.51338274661	0.243565647943
62902	GRASS	5.2755542583	0.199889581239
807	GRASS		
1001	GRASS	3.18721938776	0.12342542854
13216	GRASS	2.40287631907	0.093805526921
5960	GRASS	2.36168593139	0.0922364130802
10448	GRASS	2.32579278165	0.0908679864408
177	GRASS	2.85079762244	0.110781086064
1049	GRASS	1.80073571014	0.0707323687666
61337	GRASS	2.41803277571	0.0943825580268
679	GRASS	4.01288753799	0.154074194963
12206	GRASS	1.32731909754	0.0523880535071
7151	GRASS	2.78480455505	0.108290127638
6826	GRASS	1.72159017221	0.0676780578
88454	GRASS	2.0186972567	0.0791178348222
7997	GRASS	8.23334449822	0.302218595278
6137	GRASS	2.84601007069	0.110600493499
36822	GRASS	2.56236888112	0.0998684615316
61659	GRASS	8.20960509473	0.301425157464
6505	GRASS	2.937294686	0.114040707411
8918	GRASS	2.98820078186	0.115956293709
12297	GRASS	2.12686423783	0.0832651489186
5273467	GRASS	1.69541389692	0.0666667845642
22310	GRASS	4.90303820817	0.186505614858
33032	GRASS	3.00169834992	0.116463856803
8175	GRASS	2.41545914495	0.0942845886457
7765	GRASS	11.3087616209	0.401195229077
106997	GRASS	4.72730627652	0.180153281208
6658	GRASS	1.65976740075	0.0652887649001
16255	GRASS	3.65636238018	0.140906900865
5541	GRASS	3.21789455364	0.124573844002
23642	GRASS	2.77432120496	0.107894104939
5365027	GRASS	11.0900350472	0.394405850949
1549778	GRASS	5.38643549428	0.203851944838
12810	GRASS	4.56786745014	0.174368532789
61027	GRASS	2.56448338736	0.0999487054767
5363388	GRASS	27.4295520717	0.796229952126
8163	GRASS	3.31455039095	0.12818751792
12348	GRASS	8.14734363675	0.299342062136
13561	GRASS	3.80512368552	0.146413360916
14228	FLOWER	9.23042035748	0.335136550309
778574	FLOWER	7.31380187934	0.271155396001
61918	FLOWER	3.16116953792	0.122449584378
7119	FLOWER	7.10983915907	0.264173641216
8892	FLOWER	1.81616011868	0.0713270297164
18827	FLOWER	2.51956527901	0.0982433274824
69963	FLOWER	3.02450635241	0.117321198626
261	FLOWER	2.62806505789	0.102359911936
8658	FLOWER	10.0059558592	0.360190573305
5366244	FLOWER	8.09586090853	0.297617250801
6998	FLOWER	7.24923763213	0.268948926786
7820	FLOWER	5.28529838693	0.200238183862
5315892	FLOWER	5.20285227856	0.197286222409
7144	FLOWER	4.95035458119	0.188211779056
12180	FLOWER	3.7118707836	0.142963637458
8452	FLOWER	3.40306178124	0.131490139455
6106	FLOWER	5.49842834571	0.207844048119
8093	FLOWER	3.61806721497	0.13948652445
7761	FLOWER	9.7970379612	0.353488737323
8908	FLOWER	6.89615253708	0.256823333557
444683	FLOWER	1.12404869067	0.0444565534433
8091	FLOWER	8.22131783483	0.301816686617
89440	FLOWER	10.7922131865	0.385099781276
8078	FLOWER	8.55922958688	0.313065019027
62900	FLOWER	7.80622805631	0.287874243665
7122	FLOWER	9.98847439088	0.359631127372
7410	FLOWER	7.85479969416	0.289512836472
5364729	FLOWER	5.61991387223	0.212163182117
61209	FLOWER	3.40166842194	0.131438197656
1550470	FLOWER	5.70734719361	0.215264362949
62902	FLOWER	7.89790030534	0.290965280521
807	FLOWER		
1001	FLOWER	12.7242897247	0.44420856939
13216	FLOWER	5.51180073663	0.208320050521
5960	FLOWER	2.82481559746	0.109800790635
10448	FLOWER	1.89445899982	0.0743427700319
177	FLOWER	5.00474119865	0.19017067416
1049	FLOWER	2.17852557557	0.0852426335492
61337	FLOWER	6.81694754438	0.254089592246
679	FLOWER	0.398082885304	0.0158599274187
12206	FLOWER	6.39907190599	0.239583627736
7151	FLOWER	7.01893756039	0.261051308625
6826	FLOWER	6.94317935428	0.258444078353
88454	FLOWER	9.20820209781	0.334411689563
7997	FLOWER	4.72105776257	0.179926955944
6137	FLOWER	1.57564684061	0.0620328084377
36822	FLOWER	2.0743587714	0.0812531651309
61659	FLOWER	4.51696828121	0.172517530267
6505	FLOWER	2.4404536695	0.0952358211349
8918	FLOWER	6.60191489361	0.24664248364
12297	FLOWER	3.23882738993	0.125357094453
5273467	FLOWER	5.72895842632	0.216029951192
22310	FLOWER	10.4047499713	0.372886470066
33032	FLOWER	3.21872391818	0.124604883263
8175	FLOWER	3.41470464881	0.131924102817
7765	FLOWER	4.49154058758	0.171592048763
106997	FLOWER	11.291919295	0.400673795254
6658	FLOWER	4.97850161276	0.189225873187
16255	FLOWER	8.80273548401	0.32111415856
5541	FLOWER	8.69916681113	0.317696471162
23642	FLOWER	3.49593424572	0.134948747329
5365027	FLOWER	9.47553117662	0.343106970633
1549778	FLOWER	8.01613076209	0.294941889526
12810	FLOWER	11.4010375385	0.404048038757
61027	FLOWER	6.85234559654	0.255311967792
5363388	FLOWER	3.44680182715	0.133119895952
8163	FLOWER	7.1745432356	0.266392101168
12348	FLOWER	8.524931487	0.311927476737
13561	FLOWER	6.4639954821	0.241846524247
14228	CHEMICAL	11.5951401385	0.410026695608
778574	CHEMICAL	11.5799094051	0.409558655473
61918	CHEMICAL	12.6951641526	0.44333968896
7119	CHEMICAL	16.9334607336	0.562641592379
8892	CHEMICAL	18.8894268137	0.612852894408
18827	CHEMICAL	20.9842003853	0.663233349088
69963	CHEMICAL	14.5888568248	0.498420375609
261	CHEMICAL	12.8307627635	0.447379121303
8658	CHEMICAL	14.9753674694	0.509310046438
5366244	CHEMICAL	21.5458786994	0.676145192403
6998	CHEMICAL	21.8467024895	0.682956735714
7820	CHEMICAL	12.315268269	0.431944397747
5315892	CHEMICAL	14.5858290914	0.498334599543
7144	CHEMICAL	22.5634611146	0.698894533596
12180	CHEMICAL	8.28976708074	0.304102587928
8452	CHEMICAL	32.0338573802	0.870887087746
6106	CHEMICAL	7.75639961462	0.286191290592
8093	CHEMICAL	21.1616252588	0.667339256915
7761	CHEMICAL	16.0577295973	0.539168911965
8908	CHEMICAL	16.1118713137	0.540637893655
444683	CHEMICAL	19.1021892817	0.618130117126
8091	CHEMICAL	11.5168785605	0.40761974571
89440	CHEMICAL	23.403269436	0.717045569323
8078	CHEMICAL	28.7780224552	0.819851067634
62900	CHEMICAL	13.3043990508	0.461373148392
7122	CHEMICAL	20.8248028583	0.659523148697
7410	CHEMICAL	27.5161927169	0.797791364022
5364729	CHEMICAL	8.40963347674	0.308096564984
61209	CHEMICAL	11.8586665795	0.418095473962
1550470	CHEMICAL	8.16763422449	0.30002126945
62902	CHEMICAL	13.2356571293	0.459353237314
807	CHEMICAL		
1001	CHEMICAL	17.2264482086	0.570357721191
13216	CHEMICAL	26.5223531175	0.779520038744
5960	CHEMICAL	12.2453895639	0.429835756327
10448	CHEMICAL	8.74035937494	0.319056822196
177	CHEMICAL	18.9084318199	0.613325755241
1049	CHEMICAL	22.551859839	0.698639840681
61337	CHEMICAL	14.2419015039	0.488543356776
679	CHEMICAL	5.32230565414	0.201561451175
12206	CHEMICAL	14.0809338612	0.483928275087
7151	CHEMICAL	16.7845368883	0.558693204111
6826	CHEMICAL	17.0664852931	0.56615344362
88454	CHEMICAL	20.1766836491	0.644227920733
7997	CHEMICAL	17.1374423725	0.568020922471
6137	CHEMICAL	9.24056601597	0.335467416521
36822	CHEMICAL	13.6825598773	0.472417417174
61659	CHEMICAL	14.2474518492	0.488702120289
6505	CHEMICAL	13.2554788822	0.459936067131
8918	CHEMICAL	8.80032853451	0.321034828454
12297	CHEMICAL	27.5127232771	0.797728954235
5273467	CHEMICAL	18.188284673	0.595205907182
22310	CHEMICAL	13.0074395255	0.452620187817
33032	CHEMICAL	10.5725548465	0.378190627466
8175	CHEMICAL	23.64775942	0.722223766566
7765	CHEMICAL	24.3088251662	0.735985414263
106997	CHEMICAL	35.915426262	0.920649913048
6658	CHEMICAL	5.13658279927	0.194909518829
16255	CHEMICAL	13.7770402626	0.475158875146
5541	CHEMICAL	11.9744362381	0.421622600237
23642	CHEMICAL	15.5273151538	0.524653599798
5365027	CHEMICAL	20.9610725607	0.66269627727
1549778	CHEMICAL	22.987351252	0.708126723046
12810	CHEMICAL	12.6302030866	0.441399311461
61027	CHEMICAL	14.9560092678	0.508767485424
5363388	CHEMICAL	8.36335247713	0.306555833223
8163	CHEMICAL	17.9746580219	0.589750988473
12348	CHEMICAL	15.196698436	0.515492080097
13561	CHEMICAL	29.2984075828	0.828577628556
