#oID	descriptor	value	sigma
14228	INTENSITY/STRENGTH	17.387755102	0.574576593086
778574	INTENSITY/STRENGTH	28.612244898	0.817025572678
61918	INTENSITY/STRENGTH	75.5979591837	0.737897794252
7119	INTENSITY/STRENGTH	40.0387755102	0.960309602666
8892	INTENSITY/STRENGTH	54.4326530612	0.992140634735
18827	INTENSITY/STRENGTH	45.7948979592	0.992926846731
69963	INTENSITY/STRENGTH	32.7469387755	0.880932751354
261	INTENSITY/STRENGTH	46.1224489796	0.993985839234
8658	INTENSITY/STRENGTH	75.406122449	0.741811576843
5366244	INTENSITY/STRENGTH	31.0775510204	0.856776369846
6998	INTENSITY/STRENGTH	42.2959183674	0.976258850479
7820	INTENSITY/STRENGTH	24.3755102041	0.737354209079
5315892	INTENSITY/STRENGTH	52.2734693878	0.997932534777
12180	INTENSITY/STRENGTH	66.4836734694	0.891315403582
8452	INTENSITY/STRENGTH	59.9897959184	0.960081591004
6106	INTENSITY/STRENGTH	43.4959183673	0.983078768846
8093	INTENSITY/STRENGTH	66.4857142857	0.891288489796
7761	INTENSITY/STRENGTH	56.6265306122	0.982435636818
8908	INTENSITY/STRENGTH	46.0326530612	0.993704063307
444683	INTENSITY/STRENGTH	38.5653061225	0.947699110371
8091	INTENSITY/STRENGTH	46.8489795918	0.996028428155
89440	INTENSITY/STRENGTH	29.0326530612	0.82414814494
8078	INTENSITY/STRENGTH	66.1469387755	0.895710547272
62900	INTENSITY/STRENGTH	58.5489795918	0.970765979175
7122	INTENSITY/STRENGTH	47.3163265306	0.997119158684
7410	INTENSITY/STRENGTH	71.8367346939	0.809262807163
5364729	INTENSITY/STRENGTH	34.5714285714	0.904783673469
61209	INTENSITY/STRENGTH	58.6244897959	0.970247270304
1550470	INTENSITY/STRENGTH	48.6897959184	0.999313346106
62902	INTENSITY/STRENGTH	67.2571428571	0.880876408163
807	INTENSITY/STRENGTH	19.6265306122	0.63098094294
1001	INTENSITY/STRENGTH	56.6408163266	0.982359823407
13216	INTENSITY/STRENGTH	40.6448979592	0.964992826322
5960	INTENSITY/STRENGTH	16.506122449	0.551264066639
177	INTENSITY/STRENGTH	32.9183673469	0.883287130362
61337	INTENSITY/STRENGTH	52.9714285714	0.996468244898
679	INTENSITY/STRENGTH	34.912244898	0.908943858393
12206	INTENSITY/STRENGTH	69.2551020408	0.851696418159
7151	INTENSITY/STRENGTH	61.1326530612	0.950425614327
6826	INTENSITY/STRENGTH	53.0530612245	0.996271526864
88454	INTENSITY/STRENGTH	45.9142857143	0.99332277551
7997	INTENSITY/STRENGTH	67.5244897959	0.877156902957
6137	INTENSITY/STRENGTH	53.3551020408	0.995497316118
61659	INTENSITY/STRENGTH	46.3897959184	0.994786570596
6505	INTENSITY/STRENGTH	38.4867346939	0.946977888796
8918	INTENSITY/STRENGTH	32.8346938776	0.882140906289
12297	INTENSITY/STRENGTH	57.3326530612	0.978492879633
5273467	INTENSITY/STRENGTH	30.4755102041	0.847517719284
22310	INTENSITY/STRENGTH	37.5551020408	0.938049805914
33032	INTENSITY/STRENGTH	15.5897959184	0.526375142024
8175	INTENSITY/STRENGTH	39.6244897959	0.956939515202
7765	INTENSITY/STRENGTH	55.3214285714	0.988672959184
106997	INTENSITY/STRENGTH	56.9897959184	0.980457101208
6658	INTENSITY/STRENGTH	34.0459183673	0.898186911703
16255	INTENSITY/STRENGTH	17.5591836735	0.579037374427
5541	INTENSITY/STRENGTH	24.3387755102	0.736600623074
5365027	INTENSITY/STRENGTH	61.5530612245	0.946610710537
1549778	INTENSITY/STRENGTH	38.1346938776	0.943685804248
12810	INTENSITY/STRENGTH	44.193877551	0.986515576843
61027	INTENSITY/STRENGTH	28.1153061225	0.808424069554
5363388	INTENSITY/STRENGTH	68.7183673469	0.859849089546
8163	INTENSITY/STRENGTH	41.1734693878	0.96883694294
12348	INTENSITY/STRENGTH	61.5224489796	0.946893267805
13561	INTENSITY/STRENGTH	28.2306122449	0.810437502707
14228	VALENCE/PLEASANTNESS	46.4852691836	0.995058666915
778574	VALENCE/PLEASANTNESS	43.657518119	0.983909169435
61918	VALENCE/PLEASANTNESS	36.3157057534	0.925096036389
7119	VALENCE/PLEASANTNESS	57.912008909	0.97496004601
8892	VALENCE/PLEASANTNESS	34.6098754067	0.905257626001
18827	VALENCE/PLEASANTNESS	44.8174251487	0.989256367164
69963	VALENCE/PLEASANTNESS	39.8741228591	0.958986644851
261	VALENCE/PLEASANTNESS	37.9684966941	0.94209717128
8658	VALENCE/PLEASANTNESS	49.6057200695	0.999937817335
5366244	VALENCE/PLEASANTNESS	40.1625381957	0.9612897381
6998	VALENCE/PLEASANTNESS	45.383613972	0.991475592016
7820	VALENCE/PLEASANTNESS	52.0737907419	0.998279756784
5315892	VALENCE/PLEASANTNESS	45.0903370577	0.990358083917
7144	VALENCE/PLEASANTNESS	46.7351612984	0.995736331301
12180	VALENCE/PLEASANTNESS	48.7203825956	0.999345031719
8452	VALENCE/PLEASANTNESS	40.3052065679	0.962404392123
6106	VALENCE/PLEASANTNESS	41.845021779	0.973398532086
8093	VALENCE/PLEASANTNESS	50.7391363051	0.999781471009
7761	VALENCE/PLEASANTNESS	49.6933843762	0.999962394744
8908	VALENCE/PLEASANTNESS	57.7525348945	0.975959281084
444683	VALENCE/PLEASANTNESS	34.0000944025	0.897601208348
8091	VALENCE/PLEASANTNESS	56.9284957674	0.980798378561
89440	VALENCE/PLEASANTNESS	42.8165215655	0.979359055032
8078	VALENCE/PLEASANTNESS	16.4959692029	0.55099196814
62900	VALENCE/PLEASANTNESS	50.045965709	0.999999154861
7122	VALENCE/PLEASANTNESS	47.4150563581	0.997327226547
7410	VALENCE/PLEASANTNESS	46.8699898046	0.996081214471
5364729	VALENCE/PLEASANTNESS	47.9319639048	0.998289290684
61209	VALENCE/PLEASANTNESS	42.0094814271	0.974460645175
1550470	VALENCE/PLEASANTNESS	52.8276330662	0.996801796497
62902	VALENCE/PLEASANTNESS	60.4249526915	0.956528144552
807	VALENCE/PLEASANTNESS		
1001	VALENCE/PLEASANTNESS	38.292591937	0.945174638579
13216	VALENCE/PLEASANTNESS	25.3770828605	0.757484780616
5960	VALENCE/PLEASANTNESS	43.698482183	0.984116349281
10448	VALENCE/PLEASANTNESS	23.3433266392	0.715768706134
177	VALENCE/PLEASANTNESS	44.6378894195	0.988499108049
1049	VALENCE/PLEASANTNESS	44.1085019245	0.986116100171
61337	VALENCE/PLEASANTNESS	45.28071056	0.991091322873
679	VALENCE/PLEASANTNESS	33.8919995868	0.896212929075
12206	VALENCE/PLEASANTNESS	51.8798649836	0.998586443057
7151	VALENCE/PLEASANTNESS	39.3763036066	0.954854829977
6826	VALENCE/PLEASANTNESS	50.2027336149	0.999983559633
88454	VALENCE/PLEASANTNESS	54.7553429142	0.990954685507
7997	VALENCE/PLEASANTNESS	48.5344031808	0.999140810385
6137	VALENCE/PLEASANTNESS	28.4553406788	0.814331061894
36822	VALENCE/PLEASANTNESS	34.98576106	0.909829051621
61659	VALENCE/PLEASANTNESS	38.1067074884	0.943419837294
6505	VALENCE/PLEASANTNESS	41.8514288062	0.973440315
8918	VALENCE/PLEASANTNESS	46.1111918754	0.993950868548
12297	VALENCE/PLEASANTNESS	35.274754109	0.913266853379
5273467	VALENCE/PLEASANTNESS	44.908099476	0.989629019622
22310	VALENCE/PLEASANTNESS	61.0982189358	0.950731814581
33032	VALENCE/PLEASANTNESS	44.5683075226	0.988198686732
8175	VALENCE/PLEASANTNESS	38.6955310997	0.948883593153
7765	VALENCE/PLEASANTNESS	39.7668068475	0.958112703162
106997	VALENCE/PLEASANTNESS	48.2932650072	0.998834822266
6658	VALENCE/PLEASANTNESS	35.3896079411	0.914614577554
16255	VALENCE/PLEASANTNESS	43.7153137562	0.984201087527
5541	VALENCE/PLEASANTNESS	49.4386894097	0.999873972168
23642	VALENCE/PLEASANTNESS	41.5847830276	0.971673649323
5365027	VALENCE/PLEASANTNESS	34.8700313009	0.908433618865
1549778	VALENCE/PLEASANTNESS	54.5288264613	0.991795892353
12810	VALENCE/PLEASANTNESS	56.3852166123	0.983691603525
61027	VALENCE/PLEASANTNESS	41.7942694787	0.973066394644
5363388	VALENCE/PLEASANTNESS	49.3057305284	0.99980719596
8163	VALENCE/PLEASANTNESS	43.336160039	0.98223729479
12348	VALENCE/PLEASANTNESS	53.3889756141	0.995405937715
13561	VALENCE/PLEASANTNESS	48.2980600841	0.998841360209
14228	BAKERY	4.28293507294	0.163979989782
778574	BAKERY	2.62254428123	0.102150675846
61918	BAKERY	7.12760832594	0.264783212859
7119	BAKERY	1.00813823857	0.0399189924597
8892	BAKERY	1.7916176459	0.0703807483202
18827	BAKERY	1.02045849175	0.0404018054568
69963	BAKERY	3.79770720428	0.146139256167
261	BAKERY	1.20890216418	0.0477715087901
8658	BAKERY	6.352258085	0.237949850288
5366244	BAKERY	2.5959751015	0.101143369369
6998	BAKERY	7.21917014336	0.267920238711
7820	BAKERY	4.94055576437	0.18785859407
5315892	BAKERY	3.45289400063	0.133346769233
7144	BAKERY	9.17240820491	0.333243099285
12180	BAKERY	2.02695404182	0.0794347445977
8452	BAKERY	1.62352380952	0.0638866205569
6106	BAKERY	3.22104873673	0.124691887483
8093	BAKERY	3.32523622538	0.128586570634
7761	BAKERY	3.12776434252	0.121197409788
8908	BAKERY	4.54458426141	0.173522072013
444683	BAKERY	4.71065597612	0.179550127155
8091	BAKERY	3.28348125558	0.127026750561
89440	BAKERY	2.54620786382	0.0992550447584
8078	BAKERY	1.35129566991	0.0533214268014
62900	BAKERY	6.57449736728	0.245690288438
7122	BAKERY	3.45635141491	0.133475510555
7410	BAKERY	4.94549924534	0.188036784699
5364729	BAKERY	2.71989764974	0.1058367687
61209	BAKERY	8.05727272912	0.296323051632
1550470	BAKERY	4.02570032689	0.154545507827
62902	BAKERY	5.98273652735	0.224992206552
807	BAKERY		
1001	BAKERY	1.82564551402	0.0716926279436
13216	BAKERY	1.74862569108	0.0687219509202
5960	BAKERY	6.45678702315	0.241595441461
10448	BAKERY	1.04858890215	0.0415037406117
177	BAKERY	2.91735322874	0.113289749205
1049	BAKERY	1.30845923137	0.0516535430307
61337	BAKERY	2.49025974026	0.0971298321808
679	BAKERY	2.77470892435	0.107908753128
12206	BAKERY	2.43326102465	0.0949621373004
7151	BAKERY	4.02301577683	0.154446768697
6826	BAKERY	2.56446984716	0.0999481916474
88454	BAKERY	2.575705626	0.100374521251
7997	BAKERY	2.83828570435	0.110309081878
6137	BAKERY	4.58550984209	0.175009633479
36822	BAKERY	0.888439582586	0.0352218533467
61659	BAKERY	1.89201216239	0.0742486024866
6505	BAKERY	5.84451690821	0.220117325172
8918	BAKERY	1.51540001463	0.0596974257034
12297	BAKERY	2.05364113077	0.080458668473
5273467	BAKERY	2.87856186762	0.111828027334
22310	BAKERY	1.1535395156	0.0456093192584
33032	BAKERY	4.59702113755	0.175427804166
8175	BAKERY	0.276594449298	0.0110331761762
7765	BAKERY	4.40364775893	0.168389064923
106997	BAKERY	0.891536700059	0.0353435329273
6658	BAKERY	2.10345120623	0.0823682454584
16255	BAKERY	1.79586438923	0.0705445240076
5541	BAKERY	4.02116718426	0.154378773161
23642	BAKERY	5.59817684974	0.211391240373
5365027	BAKERY	1.4447261064	0.0569541508471
1549778	BAKERY	2.06814417128	0.081014878726
12810	BAKERY	2.03197060424	0.0796272623549
61027	BAKERY	3.12602065033	0.121132023971
5363388	BAKERY	3.62426525267	0.139716490658
8163	BAKERY	1.67017217798	0.0656910970777
12348	BAKERY	2.30364059749	0.0900229198985
13561	BAKERY	2.42619214373	0.0946931224219
14228	SWEET	12.0996912449	0.425426638506
778574	SWEET	22.3818396028	0.69489488651
61918	SWEET	13.6267066224	0.470793411548
7119	SWEET	17.080994493	0.566535630572
8892	SWEET	15.0515474956	0.511442267019
18827	SWEET	7.55554213336	0.279387198563
69963	SWEET	10.3441723863	0.370966134509
261	SWEET	6.9557898453	0.258878388863
8658	SWEET	32.1544648888	0.872614750637
5366244	SWEET	9.53705169112	0.345099925661
6998	SWEET	33.9685845138	0.897197487004
7820	SWEET	25.0012796478	0.750025592301
5315892	SWEET	19.6034792395	0.630420610262
7144	SWEET	15.6969990351	0.529321649922
12180	SWEET	24.4372429177	0.738618180141
8452	SWEET	9.68216881869	0.349788995534
6106	SWEET	5.86361528808	0.220791817825
8093	SWEET	20.8610897847	0.660369564586
7761	SWEET	27.5461437722	0.7983297362
8908	SWEET	25.6753387204	0.763324341452
444683	SWEET	4.99193207654	0.189709528719
8091	SWEET	28.7570708818	0.819495184992
89440	SWEET	13.8706862038	0.477869073846
8078	SWEET	3.03396668911	0.117676686016
62900	SWEET	12.1500285542	0.42695186462
7122	SWEET	19.7476317032	0.633917684975
7410	SWEET	10.6995715025	0.382190527966
5364729	SWEET	13.5884728984	0.469680277652
61209	SWEET	16.968171908	0.563559333161
1550470	SWEET	19.1539807271	0.619409238005
62902	SWEET	43.0286749557	0.980560250851
807	SWEET		
1001	SWEET	11.3904237679	0.403720249271
13216	SWEET	11.1880924503	0.39745433294
5960	SWEET	16.249488293	0.544361183806
10448	SWEET	5.27373853889	0.199824614285
177	SWEET	7.5506704939	0.279221769793
1049	SWEET	6.22813299233	0.233609463465
61337	SWEET	9.90217093867	0.356865641827
679	SWEET	5.56329944061	0.210151857358
12206	SWEET	28.3206716732	0.81200268932
7151	SWEET	15.2578393234	0.517192908608
6826	SWEET	18.6061197787	0.605769713861
88454	SWEET	26.2027907018	0.773477131847
7997	SWEET	20.0795859015	0.64190752807
6137	SWEET	8.37854598292	0.307061826202
36822	SWEET	4.3692145009	0.167132565894
61659	SWEET	8.4008820895	0.307805355627
6505	SWEET	10.4537961502	0.374439104427
8918	SWEET	11.6810955622	0.412664625073
12297	SWEET	5.00357218974	0.190128593727
5273467	SWEET	21.1712662338	0.667561643774
22310	SWEET	6.86302652845	0.255680607886
33032	SWEET	10.0932023605	0.362979000864
8175	SWEET	5.27903516698	0.200014121762
7765	SWEET	17.3029048183	0.57235998667
106997	SWEET	12.2769312468	0.430788033537
6658	SWEET	10.5795981122	0.378412766
16255	SWEET	19.579440822	0.629835831718
5541	SWEET	8.92410955273	0.325108489586
23642	SWEET	6.51383301325	0.24358131232
5365027	SWEET	6.31393214532	0.236610990159
1549778	SWEET	15.6651187173	0.52844637092
12810	SWEET	28.567956741	0.816267008698
61027	SWEET	13.8137951076	0.476223430193
5363388	SWEET	20.0497116325	0.641192090681
8163	SWEET	7.87595073318	0.290225789347
12348	SWEET	27.8540766934	0.80382323236
13561	SWEET	10.3863530466	0.37230359002
14228	FRUIT	5.38909976467	0.203947032077
778574	FRUIT	9.23649816512	0.335334767263
61918	FRUIT	1.64321160446	0.0646484064276
7119	FRUIT	4.24258006684	0.162503408424
8892	FRUIT	7.66131153076	0.282974183482
18827	FRUIT	3.75620995326	0.144604752845
69963	FRUIT	3.20058805562	0.123926016664
261	FRUIT	2.38065277441	0.0929591079234
8658	FRUIT	12.9575943104	0.451144072292
5366244	FRUIT	7.64343579185	0.282368587392
6998	FRUIT	6.71987188864	0.250732204266
7820	FRUIT	8.83973310814	0.322332971756
5315892	FRUIT	3.96317314254	0.152244229158
7144	FRUIT	0.716690626232	0.0284621668678
12180	FRUIT	14.2613162065	0.489098592285
8452	FRUIT	1.0169519633	0.0402644020136
6106	FRUIT	4.83098029617	0.183903863598
8093	FRUIT	18.0907583654	0.592720119322
7761	FRUIT	14.289892254	0.489915281909
8908	FRUIT	17.4113680511	0.575192427079
444683	FRUIT	1.53862591822	0.0605980888425
8091	FRUIT	19.0809544372	0.617605048593
89440	FRUIT	2.58385946448	0.100683846686
8078	FRUIT	2.3354010129	0.0912344013597
62900	FRUIT	7.10719045514	0.264082755739
7122	FRUIT	1.40586145779	0.0554438797362
7410	FRUIT	3.31789298252	0.128312353763
5364729	FRUIT	12.702926601	0.443571326348
61209	FRUIT	2.33752470917	0.0913153796604
1550470	FRUIT	4.0059350676	0.153818396398
62902	FRUIT	31.7860027042	0.867300121003
807	FRUIT		
1001	FRUIT	1.93898273228	0.0760554476768
13216	FRUIT	2.29933333731	0.0898585599738
5960	FRUIT	3.64459470153	0.140470559846
10448	FRUIT	1.77684052191	0.0698107559805
177	FRUIT	2.05256898701	0.0804175437017
1049	FRUIT	0.25120297135	0.0100228776809
61337	FRUIT	2.90833358569	0.112949981729
679	FRUIT	1.16352852466	0.0459996215351
12206	FRUIT	18.8260439568	0.611273785847
7151	FRUIT	2.77447840954	0.107900044204
6826	FRUIT	5.52874204134	0.20892288623
88454	FRUIT	18.5873990121	0.60529939967
7997	FRUIT	7.08935116661	0.263470486679
6137	FRUIT	5.90119931457	0.222118311243
36822	FRUIT	1.24093558462	0.0490214549346
61659	FRUIT	3.34946355538	0.129490979772
6505	FRUIT	0.545944390439	0.0217185535066
8918	FRUIT	4.69553357302	0.179002128707
12297	FRUIT	2.57072679482	0.100185617291
5273467	FRUIT	9.40627649291	0.340859844732
22310	FRUIT	1.57563877286	0.0620324958974
33032	FRUIT	2.9036884058	0.112774973689
8175	FRUIT	4.13309867968	0.158490945309
7765	FRUIT	7.27821145125	0.269939513278
106997	FRUIT	3.48874054812	0.13468109768
6658	FRUIT	3.70016161823	0.142529986329
16255	FRUIT	6.17191166058	0.231639469005
5541	FRUIT	9.77323737311	0.352723027424
23642	FRUIT	0.87033867203	0.0345105511196
5365027	FRUIT	3.52075207725	0.135871805014
1549778	FRUIT	8.46041202297	0.30978505228
12810	FRUIT	12.6241261396	0.441217621269
61027	FRUIT	1.64674500162	0.0647850924245
5363388	FRUIT	9.49670298585	0.343793172393
8163	FRUIT	0.87627609027	0.0347438996963
12348	FRUIT	26.8261211004	0.785188534698
13561	FRUIT	3.00342910745	0.116528929737
14228	FISH	1.86910628019	0.0733668278931
778574	FISH	1.38614094627	0.0546770831618
61918	FISH	0.818107827001	0.0324565929134
7119	FISH	0.71808226931	0.0285170339142
8892	FISH	1.128989354	0.0446497273755
18827	FISH	1.54501434039	0.0608457458906
69963	FISH	1.2248320657	0.0483931971925
261	FISH	3.41566718976	0.13195997465
8658	FISH	1.31433146666	0.0518822717847
5366244	FISH	0.515318015318	0.02050649955
6998	FISH	0.75776422579	0.0300808863828
7820	FISH	0.353276485142	0.0140811376957
5315892	FISH	1.05181904755	0.0416302325785
7144	FISH	1.62063193458	0.0637746982362
12180	FISH	0.69386153841	0.0275618840026
8452	FISH	8.89286230681	0.324081292269
6106	FISH	0.889724161192	0.0352723228145
8093	FISH	0.55075036922	0.0219086843811
7761	FISH	1.38585756207	0.0546660620099
8908	FISH	0.47413269077	0.0188753869074
444683	FISH	0.587797619047	0.0233737023455
8091	FISH	0.653749652928	0.0259790306736
89440	FISH	0.522928714523	0.0208077668047
8078	FISH	15.2694596811	0.517515827663
62900	FISH	0.362242458435	0.0144372104979
7122	FISH	1.16603226025	0.0460974379173
7410	FISH	1.10414807011	0.0436782656202
5364729	FISH	0.0508976985736	0.00203487171265
61209	FISH	0.836486651797	0.0331795821044
1550470	FISH	0.710912559382	0.0282343437084
62902	FISH	0.0951655259254	0.00380299844609
807	FISH		
1001	FISH	0.305111494672	0.0121672225772
13216	FISH	4.31965005752	0.165322251653
5960	FISH	1.94576757369	0.0763162983675
10448	FISH	10.2619064067	0.368353567027
177	FISH	3.85600690556	0.14829276052
1049	FISH	1.86598888837	0.0732467897221
61337	FISH	0.868305222608	0.0344306273205
679	FISH	4.04141325764	0.155123321858
12206	FISH	0.454471029882	0.0180962236285
7151	FISH	0.947358189616	0.0375353325689
6826	FISH	0.993466983007	0.0393438886618
88454	FISH	0.187330374041	0.00747917789403
7997	FISH	1.3701281502	0.0540542255489
6137	FISH	3.57351985371	0.137832776491
36822	FISH	0.145727318309	0.00582059815183
61659	FISH	6.01290569398	0.226054213805
6505	FISH	3.42208037563	0.132198961386
8918	FISH	0.230871172394	0.00921352629646
12297	FISH	0.993595997193	0.0393489466854
5273467	FISH	1.26631444153	0.0500111567553
22310	FISH	0.591025530336	0.0235012967424
33032	FISH	1.9175	0.0752292775
8175	FISH	0.601458064646	0.0239136218644
7765	FISH	1.25699244259	0.0496476857033
106997	FISH	0.458949487585	0.0182737256506
6658	FISH	1.03181419236	0.0408467114835
16255	FISH	1.2278218336	0.048509854762
5541	FISH	2.65816847702	0.10350039522
23642	FISH	4.03599935812	0.154924257997
5365027	FISH	0.343308819038	0.0136852083834
1549778	FISH	0.826359736009	0.032781241275
12810	FISH	0.625833669752	0.0248766796772
61027	FISH	1.63764374072	0.0644329988203
5363388	FISH	0.664348228993	0.026397385732
8163	FISH	0.78761353187	0.0312564072446
12348	FISH	0.741077799894	0.0294234334736
13561	FISH	1.34972900784	0.0532604529559
14228	GARLIC	3.06286098423	0.118761992406
778574	GARLIC	2.45311391879	0.0957174495923
61918	GARLIC	1.83573014006	0.0720812435436
7119	GARLIC	2.75141882002	0.107028630591
8892	GARLIC	2.83546155174	0.110202525185
18827	GARLIC	2.54848454734	0.0993414724982
69963	GARLIC	4.20538007362	0.161141114319
261	GARLIC	5.54192038209	0.209391662675
8658	GARLIC	1.62264671531	0.0638526756672
5366244	GARLIC	2.40100449436	0.0937342507416
6998	GARLIC	2.38980350752	0.0933076759789
7820	GARLIC	2.2068892698	0.0863274266922
5315892	GARLIC	1.88876532493	0.074123639216
7144	GARLIC	2.00687570941	0.0786640083312
12180	GARLIC	2.01220460357	0.078868597196
8452	GARLIC	16.0072064777	0.537795995421
6106	GARLIC	2.7095465531	0.105445205115
8093	GARLIC	1.79249501529	0.0704145852597
7761	GARLIC	3.08697457606	0.119667218229
8908	GARLIC	1.79330138785	0.0704456835671
444683	GARLIC	2.65216802873	0.103273123048
8091	GARLIC	2.50118085578	0.097544871962
89440	GARLIC	1.97207279757	0.0773272834553
8078	GARLIC	5.08485595617	0.193051934209
62900	GARLIC	0.814228897681	0.0323039684281
7122	GARLIC	2.79054786697	0.10850705172
7410	GARLIC	1.50491841176	0.0592908246998
5364729	GARLIC	1.53210213941	0.06034515079
61209	GARLIC	1.57314820344	0.0619360100295
1550470	GARLIC	2.43524394381	0.0950375925259
62902	GARLIC	1.06658146435	0.042208220166
807	GARLIC		
1001	GARLIC	1.75174479937	0.0688423480379
13216	GARLIC	1.74579044531	0.0686125041007
5960	GARLIC	2.71220583586	0.105545809236
10448	GARLIC	8.02992990982	0.29540528665
177	GARLIC	7.71014668022	0.284627322477
1049	GARLIC	6.43185382812	0.240726655658
61337	GARLIC	2.48731951278	0.0970180771678
679	GARLIC	10.4073537286	0.37296894449
12206	GARLIC	0.356078884333	0.0141924385046
7151	GARLIC	1.96509888084	0.0770593097889
6826	GARLIC	0.968333366959	0.0383582668745
88454	GARLIC	1.86863987682	0.0733488690773
7997	GARLIC	1.99088427306	0.078049922847
6137	GARLIC	6.85587782345	0.255433888646
36822	GARLIC	1.74025461881	0.0683987902971
61659	GARLIC	10.3751013171	0.371946961749
6505	GARLIC	8.74419079953	0.319183282886
8918	GARLIC	2.45513570853	0.0957943518023
12297	GARLIC	3.05545387713	0.118483835727
5273467	GARLIC	3.03158840322	0.11758732483
22310	GARLIC	1.78493829049	0.0701231297394
33032	GARLIC	4.6733431455	0.178197671358
8175	GARLIC	1.88755964555	0.0740772332557
7765	GARLIC	3.45332454364	0.133362801584
106997	GARLIC	2.80138809234	0.108916413596
6658	GARLIC	3.21398515662	0.12442752603
16255	GARLIC	2.95205142009	0.114596213769
5541	GARLIC	4.67753895336	0.17834980987
23642	GARLIC	4.56964409832	0.174433105058
5365027	GARLIC	1.8523302317	0.072720758353
1549778	GARLIC	2.99002700158	0.116024975475
12810	GARLIC	1.90790483067	0.0748601528896
61027	GARLIC	2.51721839268	0.0981541803325
5363388	GARLIC	0.855539204153	0.0339287892342
8163	GARLIC	3.01773353958	0.117066655297
12348	GARLIC	1.73135840098	0.068055295274
13561	GARLIC	1.79006382524	0.0703208216101
14228	SPICES	4.38601982427	0.167745925011
778574	SPICES	4.47777775347	0.171090912695
61918	SPICES	6.48726144072	0.242656633229
7119	SPICES	5.16636540766	0.195978083696
8892	SPICES	3.07096952197	0.119066439357
18827	SPICES	7.20309999481	0.267370139978
69963	SPICES	7.74776578261	0.285899481455
261	SPICES	6.82706169431	0.254438959221
8658	SPICES	9.13459512254	0.332007473681
5366244	SPICES	4.57933113592	0.174785135976
6998	SPICES	8.35587590988	0.306306771507
7820	SPICES	4.48317672498	0.17128751958
5315892	SPICES	8.19104188125	0.30080440841
7144	SPICES	15.8000664055	0.532145816852
12180	SPICES	4.52867174551	0.172943322709
8452	SPICES	6.70976969681	0.250382384119
6106	SPICES	5.61542085413	0.212003653618
8093	SPICES	4.03003199015	0.154704816469
7761	SPICES	6.26697175833	0.234968896325
8908	SPICES	4.47583206273	0.171020053448
444683	SPICES	4.31505658729	0.165154378151
8091	SPICES	4.52423957732	0.172782085592
89440	SPICES	10.665174979	0.381108616227
8078	SPICES	3.20083580369	0.123935292211
62900	SPICES	7.0747071305	0.262967692827
7122	SPICES	4.65620843522	0.177576226612
7410	SPICES	4.44128257888	0.169761306777
5364729	SPICES	3.28858406032	0.127217448364
61209	SPICES	9.97117691142	0.359077328857
1550470	SPICES	8.89409046264	0.324121680443
62902	SPICES	5.1500794857	0.195393851944
807	SPICES		
1001	SPICES	6.75140169751	0.251823497948
13216	SPICES	3.95109159434	0.151799213859
5960	SPICES	6.33216666667	0.237248132789
10448	SPICES	5.89562562537	0.221921664409
177	SPICES	9.16576806904	0.333026201044
1049	SPICES	8.58488781599	0.313915393114
61337	SPICES	4.38336102993	0.16764889963
679	SPICES	8.99032382416	0.327282583981
12206	SPICES	4.66085521394	0.177744780027
7151	SPICES	6.5146260352	0.243608900456
6826	SPICES	7.41923619256	0.27475142143
88454	SPICES	5.87948277856	0.221351984045
7997	SPICES	2.53433641926	0.0988043123359
6137	SPICES	6.42881669357	0.240620794111
36822	SPICES	8.09189979867	0.297484455006
61659	SPICES	6.90163209873	0.257012273699
6505	SPICES	5.17990979923	0.196463805758
8918	SPICES	4.16002656713	0.15947873427
12297	SPICES	4.82233835127	0.183591555181
5273467	SPICES	4.2022971851	0.161028166751
22310	SPICES	7.78614985837	0.287196342488
33032	SPICES	7.04144088669	0.261824879563
8175	SPICES	3.19692802597	0.123788981518
7765	SPICES	5.34528624361	0.202382615734
106997	SPICES	9.09936270947	0.330855147691
6658	SPICES	8.40353338746	0.307893586141
16255	SPICES	5.45060485649	0.206140556939
5541	SPICES	6.29718026142	0.236025418759
23642	SPICES	8.21121076806	0.301478837811
5365027	SPICES	5.03556103357	0.191279691374
1549778	SPICES	5.45256621355	0.206210457217
12810	SPICES	7.60628864944	0.28110929517
61027	SPICES	5.43570367133	0.205609397092
5363388	SPICES	3.74664891395	0.144251005324
8163	SPICES	3.40399382729	0.131524883501
12348	SPICES	3.31573351294	0.128231705026
13561	SPICES	3.05127479836	0.118326880776
14228	COLD	3.32893449402	0.128724657815
778574	COLD	4.47102701841	0.170845047697
61918	COLD	3.3517435785	0.129576069134
7119	COLD	5.80936170213	0.218874994731
8892	COLD	3.83540342201	0.147532009117
18827	COLD	5.43725502924	0.205664704268
69963	COLD	4.77857010939	0.18200891146
261	COLD	2.36757442456	0.09246081352
8658	COLD	4.64630961115	0.177217107245
5366244	COLD	7.13475028081	0.265028146605
6998	COLD	3.23738774332	0.125303237973
7820	COLD	3.7223376684	0.143351187649
5315892	COLD	4.97363028183	0.189050412001
7144	COLD	5.48600847116	0.207401823268
12180	COLD	4.30322739136	0.164721989262
8452	COLD	7.99839145223	0.29434595176
6106	COLD	3.51214568024	0.135551760298
8093	COLD	4.21398947483	0.161456496076
7761	COLD	6.04713200603	0.227258158042
8908	COLD	4.07308620683	0.156287435774
444683	COLD	4.00467958982	0.153772200146
8091	COLD	5.53043715688	0.208983192217
89440	COLD	4.27243075996	0.163595764559
8078	COLD	8.66080475531	0.316428374609
62900	COLD	6.62545910521	0.247459680866
7122	COLD	5.32839081935	0.201778933285
7410	COLD	4.00000212711	0.153600078278
5364729	COLD	4.79511904873	0.182607495273
61209	COLD	3.04989325754	0.118274990749
1550470	COLD	5.63695741747	0.212768181128
62902	COLD	3.81947915944	0.146943797958
807	COLD		
1001	COLD	4.1820528627	0.160286288049
13216	COLD	9.69766219891	0.350288627107
5960	COLD	2.02369897959	0.0793098161596
10448	COLD	2.52821493464	0.0985718490832
177	COLD	4.22678857288	0.161925246259
1049	COLD	1.4606062322	0.0575709010619
61337	COLD	5.16689261369	0.195996992835
679	COLD	2.8469081932	0.110634373224
12206	COLD	4.43595265501	0.169567035817
7151	COLD	4.8587730204	0.184907850711
6826	COLD	4.59102233801	0.175209899077
88454	COLD	5.74308303768	0.216530120396
7997	COLD	3.39376515519	0.131143549436
6137	COLD	3.24617612293	0.125631981149
36822	COLD	7.49646044186	0.277379650012
61659	COLD	2.58246910077	0.100631105368
6505	COLD	2.31134030688	0.0903166946697
8918	COLD	4.80297600188	0.182891608685
12297	COLD	4.76519123607	0.181524830436
5273467	COLD	4.41081092088	0.168650335643
22310	COLD	10.1591281518	0.36508197215
33032	COLD	3.8307710728	0.147360920107
8175	COLD	6.53698592532	0.244386563018
7765	COLD	5.18360640213	0.196596345952
106997	COLD	12.9946269326	0.452240945657
6658	COLD	3.42950002465	0.132475412818
16255	COLD	2.651785272	0.103258624828
5541	COLD	1.64843970713	0.0648506468979
23642	COLD	2.52315643958	0.0983797302158
5365027	COLD	5.78325931013	0.217951937106
1549778	COLD	4.08676490176	0.156789937126
12810	COLD	5.95395981088	0.223978537463
61027	COLD	5.18057766682	0.196487752688
5363388	COLD	5.43684355003	0.205650034886
8163	COLD	4.91148049491	0.186810163536
12348	COLD	3.72342688533	0.143391512305
13561	COLD	5.24157138152	0.198673227042
14228	SOUR	7.05175736175	0.262179381714
778574	SOUR	7.20915525832	0.267577442517
61918	SOUR	7.73327264997	0.285409503647
7119	SOUR	4.66703429287	0.177968888079
8892	SOUR	14.2880970315	0.489863994547
18827	SOUR	10.5115503369	0.376264937283
69963	SOUR	17.0851034015	0.566643832765
261	SOUR	16.5621895548	0.552765133053
8658	SOUR	4.77847855454	0.182005599263
5366244	SOUR	8.01833113994	0.29501579189
6998	SOUR	5.75981200743	0.217122306553
7820	SOUR	12.8338666019	0.447471411293
5315892	SOUR	7.95236905723	0.29279869284
7144	SOUR	6.46891090312	0.242017712816
12180	SOUR	13.7292618265	0.47377342094
8452	SOUR	14.1478098932	0.48584818582
6106	SOUR	7.25829931972	0.269258809183
8093	SOUR	8.04513044854	0.295915568368
7761	SOUR	14.3022279855	0.490267629282
8908	SOUR	7.08990422768	0.263489472324
444683	SOUR	9.87867269856	0.356111638228
8091	SOUR	6.89997901928	0.256955276585
89440	SOUR	7.32896211158	0.27167301021
8078	SOUR	9.99232564412	0.359754397054
62900	SOUR	6.56362122288	0.245312399492
7122	SOUR	6.85562444124	0.255425143058
7410	SOUR	5.64790507112	0.213156670168
5364729	SOUR	7.2310995629	0.268328462161
61209	SOUR	11.9804239728	0.421804735484
1550470	SOUR	7.29970429494	0.27067389868
62902	SOUR	8.62892001014	0.315373496189
807	SOUR		
1001	SOUR	6.38842622512	0.239212253151
13216	SOUR	6.16944485394	0.231552974235
5960	SOUR	15.0256234522	0.510717194036
10448	SOUR	17.9569958306	0.58929835352
177	SOUR	14.9854318679	0.50959200741
1049	SOUR	5.47814952068	0.207121931959
61337	SOUR	11.1024927999	0.394793573446
679	SOUR	10.5721159021	0.378176782224
12206	SOUR	7.91296043177	0.291472440153
7151	SOUR	7.26355095767	0.269438369301
6826	SOUR	6.64069997708	0.247988440609
88454	SOUR	6.91698176839	0.257541416022
7997	SOUR	7.65008119715	0.282593750957
6137	SOUR	18.2639044091	0.597128094658
36822	SOUR	6.59506643174	0.246404696774
61659	SOUR	10.4690818289	0.374922603419
6505	SOUR	11.5938220829	0.40998619912
8918	SOUR	8.33486951143	0.305606760548
12297	SOUR	13.6308545141	0.47091410265
5273467	SOUR	6.87797800415	0.256196487596
22310	SOUR	4.52668151582	0.172870922415
33032	SOUR	12.5298177219	0.43839417602
8175	SOUR	9.40599543048	0.340850717204
7765	SOUR	6.44086325532	0.241040642423
106997	SOUR	4.5295507286	0.172975297223
6658	SOUR	12.5219557706	0.438158480296
16255	SOUR	8.34758371878	0.306030487174
5541	SOUR	14.1969776072	0.487257435017
23642	SOUR	10.5019873149	0.375962797572
5365027	SOUR	6.89047558054	0.256627561731
1549778	SOUR	8.57491280649	0.313584860404
12810	SOUR	8.21134295531	0.301483256961
61027	SOUR	7.22051881975	0.267966395979
5363388	SOUR	8.19178114662	0.300829134523
8163	SOUR	5.86321623082	0.220777727405
12348	SOUR	8.17818870993	0.300374440167
13561	SOUR	5.85766197733	0.220581597557
14228	BURNT	5.89269621489	0.221818301123
778574	BURNT	3.53841616981	0.136528491196
61918	BURNT	11.3002120162	0.400930564005
7119	BURNT	3.27090118129	0.126556529436
8892	BURNT	5.38967524706	0.203967570175
18827	BURNT	3.5234390739	0.135971713793
69963	BURNT	6.4904991272	0.24276933352
261	BURNT	4.14410726191	0.158894840477
8658	BURNT	5.25970837744	0.199322522211
5366244	BURNT	8.12191198954	0.298490297835
6998	BURNT	4.37379610783	0.167299807356
7820	BURNT	4.28662678534	0.164115003735
5315892	BURNT	4.67431961983	0.17823307923
7144	BURNT	9.9294169078	0.357739348261
12180	BURNT	4.48220332367	0.171252074293
8452	BURNT	5.34498656098	0.202371909904
6106	BURNT	3.7044742227	0.142689717201
8093	BURNT	1.8667170137	0.0732748275844
7761	BURNT	4.53920937246	0.173326606208
8908	BURNT	3.14120559586	0.121701354796
444683	BURNT	3.95677534787	0.152008585453
8091	BURNT	3.16186731582	0.122475730664
89440	BURNT	3.14633179225	0.121893510191
8078	BURNT	5.59723272666	0.211357703388
62900	BURNT	3.93093472452	0.151056489857
7122	BURNT	3.85031858335	0.148082762057
7410	BURNT	4.20150195948	0.160999030893
5364729	BURNT	3.81982684595	0.146956642985
61209	BURNT	4.80598575256	0.183000430481
1550470	BURNT	3.10380364587	0.120298707006
62902	BURNT	2.31346804756	0.0903978681394
807	BURNT		
1001	BURNT	3.85446536088	0.148235853148
13216	BURNT	2.79169752329	0.108550470907
5960	BURNT	4.88807098187	0.185965544105
10448	BURNT	6.42378277991	0.240445317115
177	BURNT	8.49077965224	0.310793850449
1049	BURNT	9.97758824819	0.359282623028
61337	BURNT	4.13424928214	0.158533164435
679	BURNT	9.28690993788	0.336977719038
12206	BURNT	1.5941191075	0.0627482780084
7151	BURNT	11.062605906	0.393551736468
6826	BURNT	4.16450710602	0.159643036466
88454	BURNT	1.24753822221	0.049278988242
7997	BURNT	3.78137495374	0.145535479533
6137	BURNT	5.19512961246	0.197009435822
36822	BURNT	7.05476141555	0.26228259317
61659	BURNT	3.20022093247	0.123912271692
6505	BURNT	11.4115425417	0.404372380394
8918	BURNT	2.28899062346	0.0894638337088
12297	BURNT	5.03866792544	0.191391447232
5273467	BURNT	4.72490198104	0.18006619975
22310	BURNT	2.99085810741	0.116056231409
33032	BURNT	3.37917331703	0.130599407759
8175	BURNT	5.49954990026	0.207883976368
7765	BURNT	3.48023934367	0.134364747391
106997	BURNT	2.34141475546	0.0914637009954
6658	BURNT	2.93529257438	0.113965325976
16255	BURNT	4.5842724446	0.174964676245
5541	BURNT	2.45307495227	0.0957159674024
23642	BURNT	8.21645366151	0.301654102152
5365027	BURNT	8.06008905005	0.296417547804
1549778	BURNT	5.68656747153	0.214527879018
12810	BURNT	4.09239433356	0.15699669679
61027	BURNT	5.12177099332	0.19437782449
5363388	BURNT	3.08793867176	0.119703400774
8163	BURNT	8.03960048644	0.295729949065
12348	BURNT	2.42273124313	0.0945613990546
13561	BURNT	5.87660720921	0.221250483452
14228	ACID	3.87666238647	0.149055090955
778574	ACID	4.96645062031	0.188791772107
61918	ACID	6.3728695542	0.238669395626
7119	ACID	6.41013544745	0.239969483316
8892	ACID	7.69872165243	0.284240740065
18827	ACID	8.11042723224	0.298105477334
69963	ACID	5.36231356582	0.202990779921
261	ACID	4.53267940075	0.17308910301
8658	ACID	5.6304236569	0.212536278053
5366244	ACID	7.38925110412	0.273729631413
6998	ACID	3.6954225273	0.14235444203
7820	ACID	3.52850145619	0.136159929237
5315892	ACID	3.81593049566	0.146812689607
7144	ACID	5.11430913079	0.194109902077
12180	ACID	8.50449606531	0.311249261283
8452	ACID	12.715189966	0.443937176292
6106	ACID	3.27333406993	0.126647476424
8093	ACID	8.64303703953	0.315840645875
7761	ACID	4.67930487141	0.178413837224
8908	ACID	7.68293765451	0.283706493779
444683	ACID	11.2531707561	0.399473289418
8091	ACID	3.95764898882	0.152040765345
89440	ACID	6.97795018917	0.25964129203
8078	ACID	9.81000295376	0.353905654969
62900	ACID	3.86038118167	0.14845423012
7122	ACID	5.50771205445	0.208174525348
7410	ACID	7.0282400424	0.261371138458
5364729	ACID	2.93914199508	0.114110257536
61209	ACID	6.19661814423	0.232505495199
1550470	ACID	2.38204728437	0.0930122316689
62902	ACID	4.93549164519	0.187676034696
807	ACID		
1001	ACID	4.70940768028	0.179504898932
13216	ACID	10.148894426	0.364755753811
5960	ACID	5.82556486996	0.219447712377
10448	ACID	4.76742264327	0.181605578267
177	ACID	7.23262277135	0.268380577993
1049	ACID	5.37768979531	0.203539772799
61337	ACID	8.72358825901	0.318503133515
679	ACID	6.26109031547	0.234763111843
12206	ACID	8.57052503718	0.313439441722
7151	ACID	5.05214540942	0.191876147082
6826	ACID	6.36545574544	0.238410619079
88454	ACID	3.21531542124	0.124477315546
7997	ACID	10.5428289834	0.377252662148
6137	ACID	3.99368787854	0.153367697993
36822	ACID	6.06138874259	0.227759376308
61659	ACID	6.65945975835	0.248639028625
6505	ACID	3.45675447958	0.13349051857
8918	ACID	6.00384571193	0.225735363144
12297	ACID	10.136014556	0.364345065807
5273467	ACID	5.79888816183	0.218504684908
22310	ACID	5.81426881955	0.219048464019
33032	ACID	2.76942773472	0.107709217398
8175	ACID	7.68697262368	0.2838430857
7765	ACID	10.1898908641	0.366062084235
106997	ACID	8.2495265007	0.302759185034
6658	ACID	3.22132995257	0.124702411438
16255	ACID	3.8604417868	0.148456467156
5541	ACID	5.28776663797	0.200326475112
23642	ACID	7.82616534501	0.288547068197
5365027	ACID	5.97736722683	0.224803121487
1549778	ACID	4.16769353592	0.159759873673
12810	ACID	4.82540162261	0.183702264577
61027	ACID	4.45674383653	0.170324727211
5363388	ACID	3.21370858519	0.124417174259
8163	ACID	6.67786401874	0.249277013609
12348	ACID	9.09088438636	0.330577703884
13561	ACID	8.81823497055	0.321624891624
14228	WARM	3.69216466235	0.142233754536
778574	WARM	6.21728654697	0.233229601076
61918	WARM	8.18191626409	0.300499149063
7119	WARM	4.45128695573	0.170125896004
8892	WARM	5.06968900365	0.192506861508
18827	WARM	5.55460610541	0.209842784622
69963	WARM	5.53362631271	0.209096644441
261	WARM	5.87015762727	0.221022804863
8658	WARM	5.67585038727	0.214147904443
5366244	WARM	8.51873900292	0.311721994437
6998	WARM	6.97782311231	0.259636918338
7820	WARM	6.47183563673	0.242119562866
5315892	WARM	6.79914330802	0.253474392432
7144	WARM	6.64958824714	0.248296720343
12180	WARM	4.44379512218	0.169852878852
8452	WARM	5.1405188538	0.195050780518
6106	WARM	9.42164920811	0.341358978804
8093	WARM	4.98355399368	0.189407835584
7761	WARM	5.23108669946	0.198297760755
8908	WARM	4.13373703387	0.158514368609
444683	WARM	2.24718329817	0.0878673988166
8091	WARM	4.38995651098	0.167889573172
89440	WARM	8.49135804981	0.31081305738
8078	WARM	3.34045577223	0.129154772983
62900	WARM	5.68195241756	0.214364263392
7122	WARM	6.01524028957	0.226136365286
7410	WARM	5.89812714704	0.222009924344
5364729	WARM	4.80253058241	0.182875503298
61209	WARM	8.27347681622	0.303558905197
1550470	WARM	5.64328795281	0.212992838545
62902	WARM	4.89677177336	0.186279521414
807	WARM		
1001	WARM	4.50401263181	0.172046053357
13216	WARM	3.3486045403	0.129458920665
5960	WARM	6.91908049141	0.257613749718
10448	WARM	6.33116260523	0.237213056236
177	WARM	7.67619454393	0.283478196687
1049	WARM	2.46109737154	0.0960210947526
61337	WARM	7.27121717579	0.269700447345
679	WARM	4.80284776618	0.182886971981
12206	WARM	5.16432019519	0.195904726576
7151	WARM	7.58563516282	0.280408662183
6826	WARM	5.47882538393	0.207146004322
88454	WARM	3.9723118233	0.152580768443
7997	WARM	7.23029509706	0.268300937006
6137	WARM	6.74431576979	0.251578312711
36822	WARM	4.16966389185	0.159832116886
61659	WARM	9.42882069422	0.341591763895
6505	WARM	11.9718260691	0.421543194992
8918	WARM	2.44411601738	0.0953751594526
12297	WARM	2.61080377855	0.101705632594
5273467	WARM	5.60491691224	0.211630639052
22310	WARM	6.95694543457	0.258918181471
33032	WARM	4.35097608816	0.166466646359
8175	WARM	4.61892725578	0.176223294633
7765	WARM	4.70691903551	0.179414726698
106997	WARM	7.56198236245	0.279605863598
6658	WARM	4.72911817123	0.180218903378
16255	WARM	4.03478010652	0.154879424058
5541	WARM	5.33157414246	0.201892692564
23642	WARM	6.1756198978	0.231769483463
5365027	WARM	6.54853015711	0.244787907397
1549778	WARM	4.88400690934	0.185818866977
12810	WARM	5.72704098938	0.215962040178
61027	WARM	4.71378611041	0.179663532619
5363388	WARM	8.07669977529	0.296974759308
8163	WARM	2.82384222851	0.109764055168
12348	WARM	3.50247599227	0.13519210446
13561	WARM	4.85823435279	0.184888397701
14228	MUSKY	8.53946177239	0.312409507951
778574	MUSKY	7.9289262652	0.292009901921
61918	MUSKY	8.54038276131	0.312440055368
7119	MUSKY	4.55789404997	0.17400600273
8892	MUSKY	17.0183919756	0.56488541285
18827	MUSKY	6.86695335296	0.255816114778
69963	MUSKY	12.0907392761	0.425155180548
261	MUSKY	9.53099462726	0.344903841656
8658	MUSKY	4.32328191489	0.16545496999
5366244	MUSKY	10.8376700866	0.386524766302
6998	MUSKY	6.20579568181	0.232827067255
7820	MUSKY	5.78986014373	0.218185413556
5315892	MUSKY	8.29034566004	0.304121893937
7144	MUSKY	5.08853268312	0.193184041378
12180	MUSKY	3.96165098664	0.152188168049
8452	MUSKY	8.36912158423	0.306747984933
6106	MUSKY	10.5162576235	0.376413635177
8093	MUSKY	5.48128173696	0.207233489686
7761	MUSKY	3.51793635453	0.135767103703
8908	MUSKY	4.67642597077	0.178309454887
444683	MUSKY	12.0070577329	0.422614535156
8091	MUSKY	3.87171970523	0.148872702819
89440	MUSKY	9.32738005609	0.338295194759
8078	MUSKY	12.9184845158	0.449984483757
62900	MUSKY	4.68277305426	0.178539576779
7122	MUSKY	8.61121795123	0.314787488208
7410	MUSKY	7.68235997956	0.28368693724
5364729	MUSKY	6.44040141744	0.241024548531
61209	MUSKY	2.53337183888	0.0987676844055
1550470	MUSKY	6.84950819754	0.255214022882
62902	MUSKY	2.81071536187	0.109268566137
807	MUSKY		
1001	MUSKY	7.73480120811	0.285461188433
13216	MUSKY	4.50147552474	0.17195370823
5960	MUSKY	9.43154609794	0.341680219198
10448	MUSKY	13.1955625449	0.458173353446
177	MUSKY	11.2050209511	0.397979840237
1049	MUSKY	9.85241614699	0.355268604306
61337	MUSKY	6.23642882249	0.233899935116
679	MUSKY	9.34738601564	0.338945990495
12206	MUSKY	4.89425556587	0.186188727617
7151	MUSKY	5.04705581652	0.191693123695
6826	MUSKY	7.53196964262	0.278586559026
88454	MUSKY	2.9461791664	0.114375177984
7997	MUSKY	5.18502843184	0.196647329338
6137	MUSKY	10.6479000525	0.380564891889
36822	MUSKY	6.47702982325	0.242300426797
61659	MUSKY	11.8977638153	0.41928783909
6505	MUSKY	10.669223848	0.381236018913
8918	MUSKY	6.24444614765	0.23418060283
12297	MUSKY	11.207384123	0.398053181367
5273467	MUSKY	9.03959305986	0.328898025319
22310	MUSKY	7.26926158555	0.269633597822
33032	MUSKY	15.6040307102	0.526766918646
8175	MUSKY	8.10556250654	0.297942442843
7765	MUSKY	6.63324635773	0.247729871412
106997	MUSKY	6.12439163673	0.229972396301
6658	MUSKY	7.32157596736	0.271420848836
16255	MUSKY	9.13080541768	0.331883573677
5541	MUSKY	7.16025640918	0.265902547629
23642	MUSKY	9.654168637	0.348885556651
5365027	MUSKY	9.01640456367	0.328137962044
1549778	MUSKY	7.97687896863	0.293622919513
12810	MUSKY	6.59683078717	0.246465960913
61027	MUSKY	10.421644765	0.373421518757
5363388	MUSKY	4.06927554887	0.156147420558
8163	MUSKY	5.31448024303	0.20128172962
12348	MUSKY	5.5785087085	0.210692444576
13561	MUSKY	6.28052050521	0.235442845082
14228	SWEATY	2.24446760455	0.0877636502509
778574	SWEATY	2.18094829931	0.0853353177788
61918	SWEATY	3.42323585679	0.132242016779
7119	SWEATY	2.08121639138	0.081516070988
8892	SWEATY	8.88316543433	0.32376236612
18827	SWEATY	3.00253768053	0.116495414212
69963	SWEATY	12.4089445273	0.434765019379
261	SWEATY	8.39921294939	0.307749806708
8658	SWEATY	1.88435090703	0.0739537249449
5366244	SWEATY	7.04750145874	0.262033147625
6998	SWEATY	1.444927164	0.0569619607564
7820	SWEATY	4.71452442884	0.179690280917
5315892	SWEATY	3.95147220181	0.151813235048
7144	SWEATY	2.31378360548	0.0904099063899
12180	SWEATY	1.92262469879	0.0754263936588
8452	SWEATY	7.5242809126	0.278325315203
6106	SWEATY	9.12032558263	0.331540887812
8093	SWEATY	2.26199090319	0.088432994989
7761	SWEATY	6.77186218773	0.252531240513
8908	SWEATY	3.1531528806	0.122149165989
444683	SWEATY	8.60402829839	0.314549410752
8091	SWEATY	2.09990707705	0.082232439189
89440	SWEATY	3.8773139332	0.149079131994
8078	SWEATY	9.46897917491	0.342894540351
62900	SWEATY	2.76799602781	0.107655120308
7122	SWEATY	2.18284979419	0.0854080584779
7410	SWEATY	3.55520669806	0.137152470056
5364729	SWEATY	3.73626646403	0.143866783725
61209	SWEATY	2.15546621125	0.0843602346148
1550470	SWEATY	2.88210478087	0.111961580048
62902	SWEATY	1.92460385028	0.0755025140192
807	SWEATY		
1001	SWEATY	3.81999058426	0.146962692145
13216	SWEATY	1.29717943878	0.0512141077526
5960	SWEATY	6.26498181762	0.234899273835
10448	SWEATY	10.712244617	0.382588910787
177	SWEATY	8.92153242146	0.32502380056
1049	SWEATY	4.7102410622	0.179535094142
61337	SWEATY	6.10959371171	0.229452894339
679	SWEATY	3.49001156133	0.134728390174
12206	SWEATY	1.53541897233	0.060473754325
7151	SWEATY	2.61042746613	0.101691366023
6826	SWEATY	2.38005990759	0.092936522238
88454	SWEATY	2.92044315834	0.113406131037
7997	SWEATY	3.09717577269	0.120050031801
6137	SWEATY	3.05971383758	0.118643813996
36822	SWEATY	1.91192691414	0.0750148907556
61659	SWEATY	6.75748976526	0.252034123439
6505	SWEATY	6.06870281359	0.228016451008
8918	SWEATY	6.2682868222	0.235014905014
12297	SWEATY	5.24587682021	0.198827383363
5273467	SWEATY	2.98116953823	0.115691832803
22310	SWEATY	0.464191936286	0.01848148779
33032	SWEATY	7.1251382642	0.264698492454
8175	SWEATY	5.47199509466	0.20690271166
7765	SWEATY	1.16278359956	0.0459705177028
106997	SWEATY	2.55105833787	0.0994391740575
6658	SWEATY	3.99377570186	0.153370930332
16255	SWEATY	4.42609227363	0.169207573819
5541	SWEATY	7.62344387755	0.28169099648
23642	SWEATY	2.57406152873	0.100312144048
5365027	SWEATY	3.99274108739	0.153332850939
1549778	SWEATY	4.32243191869	0.165423909671
12810	SWEATY	1.14241275838	0.0451744675708
61027	SWEATY	5.98010952686	0.224899697093
5363388	SWEATY	2.77275120831	0.107834788627
8163	SWEATY	3.90097223593	0.149951855683
12348	SWEATY	1.78257941415	0.0700321408191
13561	SWEATY	3.4103409943	0.131761469493
14228	AMMONIA/URINOUS	2.00376292436	0.0785444906316
778574	AMMONIA/URINOUS	3.92452787037	0.150820347213
61918	AMMONIA/URINOUS	5.6499559521	0.21322943718
7119	AMMONIA/URINOUS	6.09070010431	0.228789353068
8892	AMMONIA/URINOUS	4.01646989653	0.154205983689
18827	AMMONIA/URINOUS	7.03649946396	0.261655048676
69963	AMMONIA/URINOUS	8.79290635807	0.320790173434
261	AMMONIA/URINOUS	6.48480405627	0.242571088792
8658	AMMONIA/URINOUS	5.28086167801	0.200079467095
5366244	AMMONIA/URINOUS	4.64860019019	0.177300214116
6998	AMMONIA/URINOUS	5.2771004225	0.199944901352
7820	AMMONIA/URINOUS	3.39444813584	0.131169014175
5315892	AMMONIA/URINOUS	7.29146802626	0.270392518659
7144	AMMONIA/URINOUS	4.60383414004	0.175675250086
12180	AMMONIA/URINOUS	5.03088389735	0.191111438779
8452	AMMONIA/URINOUS	11.2064162971	0.398023145395
6106	AMMONIA/URINOUS	5.35926335702	0.202881852789
8093	AMMONIA/URINOUS	3.68973861284	0.142143876101
7761	AMMONIA/URINOUS	5.19790965497	0.197109080286
8908	AMMONIA/URINOUS	6.12699212953	0.230063672159
444683	AMMONIA/URINOUS	5.67380683394	0.214075439762
8091	AMMONIA/URINOUS	2.41113828424	0.0941200962391
89440	AMMONIA/URINOUS	5.43014344296	0.205411154594
8078	AMMONIA/URINOUS	15.8633280672	0.53387505174
62900	AMMONIA/URINOUS	4.0353755949	0.154901321319
7122	AMMONIA/URINOUS	4.56178451499	0.174147429415
7410	AMMONIA/URINOUS	5.46090244608	0.206507515633
5364729	AMMONIA/URINOUS	2.15066939782	0.0841766243694
61209	AMMONIA/URINOUS	8.52677775162	0.311988734535
1550470	AMMONIA/URINOUS	3.07068992129	0.119055942214
62902	AMMONIA/URINOUS	3.29376334863	0.127410983146
807	AMMONIA/URINOUS		
1001	AMMONIA/URINOUS	10.0401973529	0.361285668962
13216	AMMONIA/URINOUS	10.2551631425	0.368139177268
5960	AMMONIA/URINOUS	1.92211813337	0.0754069100874
10448	AMMONIA/URINOUS	7.79699794207	0.287562646919
177	AMMONIA/URINOUS	4.94683341168	0.188084872146
1049	AMMONIA/URINOUS	3.66398711296	0.141189563893
61337	AMMONIA/URINOUS	7.24509191977	0.268807134021
679	AMMONIA/URINOUS	8.73764354449	0.318967175896
12206	AMMONIA/URINOUS	1.91596129812	0.0751700888464
7151	AMMONIA/URINOUS	3.102253861	0.120240562833
6826	AMMONIA/URINOUS	6.75497007311	0.251946954649
88454	AMMONIA/URINOUS	2.76459941804	0.107526772745
7997	AMMONIA/URINOUS	5.52944220419	0.208947795732
6137	AMMONIA/URINOUS	4.59513234537	0.175359197306
36822	AMMONIA/URINOUS	6.83959804765	0.254871881325
61659	AMMONIA/URINOUS	7.80017461852	0.287669895109
6505	AMMONIA/URINOUS	3.0270644615	0.117417330758
8918	AMMONIA/URINOUS	7.56722190017	0.279783737092
12297	AMMONIA/URINOUS	7.44566332989	0.275651372227
5273467	AMMONIA/URINOUS	4.3295873166	0.165685362131
22310	AMMONIA/URINOUS	4.753119498	0.181087921935
33032	AMMONIA/URINOUS	2.32059647047	0.0906697916274
8175	AMMONIA/URINOUS	5.8820803966	0.221443667947
7765	AMMONIA/URINOUS	5.33477719237	0.202007148618
106997	AMMONIA/URINOUS	10.3587079616	0.371427186212
6658	AMMONIA/URINOUS	3.69596181133	0.142374418969
16255	AMMONIA/URINOUS	2.2594387245	0.0883355236401
5541	AMMONIA/URINOUS	6.87367166379	0.256047921695
23642	AMMONIA/URINOUS	7.51551436087	0.278027391991
5365027	AMMONIA/URINOUS	5.6551720234	0.21341449269
1549778	AMMONIA/URINOUS	3.97319308189	0.152613217969
12810	AMMONIA/URINOUS	2.34351615198	0.0915438188975
61027	AMMONIA/URINOUS	1.91775605779	0.0752391269926
5363388	AMMONIA/URINOUS	1.75902093596	0.0691231755771
8163	AMMONIA/URINOUS	7.74339538979	0.285751746726
12348	AMMONIA/URINOUS	6.08593404935	0.228621924673
13561	AMMONIA/URINOUS	5.83638638212	0.219830092884
14228	DECAYED	3.2251365254	0.124844858773
778574	DECAYED	4.04707446779	0.155331454012
61918	DECAYED	8.13155187396	0.298813220607
7119	DECAYED	1.66741555278	0.065584512261
8892	DECAYED	6.37075364375	0.238595544954
18827	DECAYED	3.31428461549	0.128177591615
69963	DECAYED	9.60681440406	0.347356222965
261	DECAYED	6.63079135999	0.247644696776
8658	DECAYED	3.2582003942	0.126081667844
5366244	DECAYED	4.56464142734	0.17425127655
6998	DECAYED	3.05527754276	0.118477213365
7820	DECAYED	3.33725408172	0.129035257346
5315892	DECAYED	3.75744799714	0.144650553705
7144	DECAYED	4.5257828428	0.172838229576
12180	DECAYED	6.94417704549	0.258478443884
8452	DECAYED	4.45817661532	0.17037692912
6106	DECAYED	4.54627665311	0.173583613562
8093	DECAYED	3.55886368214	0.137288343002
7761	DECAYED	2.89583855393	0.112479189785
8908	DECAYED	5.15205452219	0.195464714568
444683	DECAYED	5.34186865947	0.202260522069
8091	DECAYED	3.16634050461	0.122643335308
89440	DECAYED	2.39738353241	0.0935963621759
8078	DECAYED	12.6246954731	0.44123464461
62900	DECAYED	2.91672847642	0.113266217055
7122	DECAYED	2.1895150676	0.0856630122114
7410	DECAYED	4.10320499568	0.157393683333
5364729	DECAYED	6.06753478938	0.227975400207
61209	DECAYED	3.74022081084	0.144013131748
1550470	DECAYED	2.77032559544	0.107743142256
62902	DECAYED	1.85076526158	0.0726604776418
807	DECAYED		
1001	DECAYED	2.93853657321	0.114087464052
13216	DECAYED	4.32866854332	0.16565179319
5960	DECAYED	8.58270180172	0.313842963982
10448	DECAYED	14.9184601113	0.507714223616
177	DECAYED	5.04345580984	0.191563653791
1049	DECAYED	1.76823449342	0.0694787184474
61337	DECAYED	1.61445338927	0.0635355516723
679	DECAYED	5.50544617344	0.20809387191
12206	DECAYED	1.94986491406	0.076473807289
7151	DECAYED	6.27920714621	0.235396908894
6826	DECAYED	2.16616480824	0.0847696843389
88454	DECAYED	2.77844273917	0.108049811945
7997	DECAYED	10.7219040736	0.382892472157
6137	DECAYED	7.79746701932	0.287578484006
36822	DECAYED	3.63564170758	0.140138512053
61659	DECAYED	8.43232983418	0.308851518794
6505	DECAYED	3.38049427793	0.130648674492
8918	DECAYED	2.41964201779	0.094443813714
12297	DECAYED	5.12041409616	0.19432910764
5273467	DECAYED	3.18048395195	0.12317316681
22310	DECAYED	2.44585555403	0.0954413384045
33032	DECAYED	8.92164029379	0.325027345539
8175	DECAYED	2.72998139115	0.106218136288
7765	DECAYED	3.82114656275	0.147005398088
106997	DECAYED	1.60116614828	0.0630211527173
6658	DECAYED	2.24748489832	0.0878789205854
16255	DECAYED	2.99012470788	0.116028650008
5541	DECAYED	7.43896914471	0.275423461014
23642	DECAYED	9.25941226789	0.336081804497
5365027	DECAYED	3.72729485714	0.143534703505
1549778	DECAYED	3.27133314232	0.126572677481
12810	DECAYED	2.07358363787	0.0812234458736
61027	DECAYED	1.74662519439	0.0686447279478
5363388	DECAYED	3.47373023691	0.134122488773
8163	DECAYED	3.12047098824	0.120923903854
12348	DECAYED	3.02407831424	0.117305112709
13561	DECAYED	3.38794202116	0.130926420391
14228	WOOD	5.26491900078	0.199509011197
778574	WOOD	3.43492649268	0.132677571703
61918	WOOD	12.2289072775	0.42933782182
7119	WOOD	3.47427027241	0.134142589326
8892	WOOD	3.45725866083	0.133509291454
18827	WOOD	3.09785494501	0.120075515696
69963	WOOD	3.03773988587	0.117818449989
261	WOOD	1.70064580938	0.0668689539074
8658	WOOD	2.72937986514	0.106195388826
5366244	WOOD	5.6395585367	0.212860493272
6998	WOOD	1.19395823916	0.0471881150555
7820	WOOD	2.70784653884	0.105380888403
5315892	WOOD	2.65885019295	0.103526213979
7144	WOOD	5.96452104677	0.224350637344
12180	WOOD	1.60236236134	0.0630674683987
8452	WOOD	2.25838540126	0.0882952942022
6106	WOOD	4.37085811496	0.167192564334
8093	WOOD	5.13260869565	0.194766879017
7761	WOOD	1.64428108605	0.0646897793261
8908	WOOD	1.33180188979	0.0525625970822
444683	WOOD	1.86418326797	0.0731772590163
8091	WOOD	3.07541376133	0.119233282532
89440	WOOD	5.92994558316	0.223132121479
8078	WOOD	2.28448929911	0.0892920154214
62900	WOOD	3.53982472846	0.136580845495
7122	WOOD	3.67626990612	0.141644812076
7410	WOOD	4.28371777659	0.164008615868
5364729	WOOD	1.93023170261	0.0757189503341
61209	WOOD	3.2573276891	0.126049034094
1550470	WOOD	0.547775349486	0.0217909908461
62902	WOOD	1.09087814734	0.0431591198406
807	WOOD		
1001	WOOD	2.96529125136	0.115094469172
13216	WOOD	2.62509946677	0.102247519787
5960	WOOD	4.99232622609	0.189723720585
10448	WOOD	2.3229920283	0.0907611643465
177	WOOD	5.43377817843	0.20554074902
1049	WOOD	1.46069401112	0.0575743096473
61337	WOOD	2.39124087032	0.093362421653
679	WOOD	3.3086498779	0.12796712951
12206	WOOD	0.647118288941	0.0257172267257
7151	WOOD	3.50004546569	0.135101691323
6826	WOOD	4.99605284274	0.189857896107
88454	WOOD	1.40656229929	0.0554711249708
7997	WOOD	1.57065305347	0.0618393417331
6137	WOOD	5.42071719858	0.205075017964
36822	WOOD	3.32492884223	0.128575092967
61659	WOOD	4.26970265409	0.163495961862
6505	WOOD	4.1480588875	0.159039798486
8918	WOOD	3.35323766274	0.12963182538
12297	WOOD	1.21232449529	0.0479050875389
5273467	WOOD	3.93849018427	0.151334925398
22310	WOOD	3.15643071232	0.122272006556
33032	WOOD	5.91248329736	0.222516348398
8175	WOOD	4.67541947578	0.178272960121
7765	WOOD	1.41233078143	0.0556953599627
106997	WOOD	3.63289952097	0.140036797267
6658	WOOD	1.88353396669	0.0739222785861
16255	WOOD	5.74103413546	0.216457576241
5541	WOOD	2.41342666909	0.0942072154486
23642	WOOD	4.20351633774	0.161072833669
5365027	WOOD	4.0430277345	0.155182680075
1549778	WOOD	4.53904381616	0.17332058514
12810	WOOD	1.98156919135	0.0776921210701
61027	WOOD	4.61998855809	0.176261824613
5363388	WOOD	1.2200456518	0.0482064215149
8163	WOOD	2.81387989516	0.109388027781
12348	WOOD	0.765616101132	0.0303901768396
13561	WOOD	5.70319062754	0.215117071768
14228	GRASS	1.77776288692	0.069846339124
778574	GRASS	2.57275554066	0.100262593198
61918	GRASS	6.48113973237	0.242443520402
7119	GRASS	2.90045854914	0.112653278047
8892	GRASS	0.788800888888	0.0313031528186
18827	GRASS	5.09021464075	0.193244471594
69963	GRASS	6.51985296149	0.243790725404
261	GRASS	3.06156649354	0.118713383984
8658	GRASS	3.99772163121	0.153516153952
5366244	GRASS	2.60394810445	0.101445705886
6998	GRASS	1.66286458176	0.0654085358234
7820	GRASS	4.21636384661	0.16154346423
5315892	GRASS	1.63043170167	0.0641539450532
7144	GRASS	2.00503401361	0.078593295986
12180	GRASS	5.62136475266	0.212214693433
8452	GRASS	2.19437102072	0.0858487351581
6106	GRASS	2.29636804048	0.0897453991482
8093	GRASS	5.01202896428	0.190432984836
7761	GRASS	2.16790110549	0.0848361261385
8908	GRASS	5.24369344736	0.198749209506
444683	GRASS	2.21063689247	0.0864707095107
8091	GRASS	4.93296938514	0.187585100624
89440	GRASS	3.42553339518	0.13232762419
8078	GRASS	2.21107080189	0.0864872984394
62900	GRASS	3.70380788521	0.142665038268
7122	GRASS	1.55994680885	0.0614244987354
7410	GRASS	1.83405131618	0.072016554955
5364729	GRASS	7.9069561771	0.291270264689
61209	GRASS	2.87824991979	0.111816267751
1550470	GRASS	6.988799767	0.260014661807
62902	GRASS	1.96488473915	0.0770510807508
807	GRASS		
1001	GRASS	2.53536860396	0.0988435065754
13216	GRASS	2.01801579411	0.0790916766665
5960	GRASS	2.87893520737	0.111842101124
10448	GRASS	2.15651048401	0.0844002043732
177	GRASS	3.87713882184	0.149072670696
1049	GRASS	2.59959729126	0.10128072922
61337	GRASS	2.78328264149	0.108232640755
679	GRASS	2.50472655486	0.0976796001486
12206	GRASS	2.81367360124	0.109380240396
7151	GRASS	2.4506603438	0.0956241193036
6826	GRASS	2.15907517309	0.0844983646822
88454	GRASS	2.6263690693	0.102295636977
7997	GRASS	7.1154876585	0.264367440493
6137	GRASS	2.60955840689	0.101658418244
36822	GRASS	0.595988713667	0.023697467528
61659	GRASS	6.34325623649	0.237635489587
6505	GRASS	2.7314929384	0.106275296067
8918	GRASS	3.18775662597	0.123445548116
12297	GRASS	2.7546474945	0.107150666652
5273467	GRASS	2.14721312072	0.0840443151544
22310	GRASS	4.65695549306	0.177603325937
33032	GRASS	5.63141456583	0.212571450628
8175	GRASS	2.30908964535	0.0902308278178
7765	GRASS	5.61900042334	0.212130750631
106997	GRASS	4.72058916772	0.179909981873
6658	GRASS	1.26871402935	0.0501047070586
16255	GRASS	3.41055875802	0.131769585904
5541	GRASS	3.43018667168	0.132500994626
23642	GRASS	3.08331653892	0.119529925205
5365027	GRASS	9.24044523347	0.335463478094
1549778	GRASS	3.93779167688	0.151309185759
12810	GRASS	6.17169706211	0.231631944634
61027	GRASS	3.40994242686	0.131746614133
5363388	GRASS	28.6845875327	0.818261276539
8163	GRASS	2.93392933533	0.113913996875
12348	GRASS	9.06031530462	0.329576886817
13561	GRASS	3.48783677759	0.134647468949
14228	FLOWER	4.10596412631	0.15749498849
778574	FLOWER	10.5988404916	0.379019451757
61918	FLOWER	3.04144353129	0.11795758975
7119	FLOWER	9.04260406733	0.328996687366
8892	FLOWER	1.43223688072	0.0564689542359
18827	FLOWER	2.12261859531	0.083102539932
69963	FLOWER	2.94809728312	0.114447380289
261	FLOWER	3.14776389608	0.121947188825
8658	FLOWER	9.43560205287	0.341811847675
5366244	FLOWER	7.64327020942	0.282362976579
6998	FLOWER	8.70621319608	0.317929268557
7820	FLOWER	3.88390292905	0.149322236377
5315892	FLOWER	4.89544575232	0.186231674447
7144	FLOWER	4.54444566046	0.173517031874
12180	FLOWER	3.16051750926	0.122425152
8452	FLOWER	4.11431466999	0.157801552718
6106	FLOWER	3.68005383313	0.141785034839
8093	FLOWER	7.01569244945	0.26093972176
7761	FLOWER	9.1433114447	0.332292400118
8908	FLOWER	5.21846941727	0.197845807467
444683	FLOWER	1.27003487986	0.0501561997558
8091	FLOWER	11.3570065476	0.402687622814
89440	FLOWER	4.63145344421	0.176677993366
8078	FLOWER	7.06571242928	0.262658780318
62900	FLOWER	6.95368736924	0.258805987558
7122	FLOWER	7.32099551039	0.27140103031
7410	FLOWER	6.42665551556	0.240545460176
5364729	FLOWER	4.26313118155	0.163255532273
61209	FLOWER	7.06209547712	0.262534542074
1550470	FLOWER	6.25203231034	0.23444612921
62902	FLOWER	11.6468322291	0.411613808774
807	FLOWER		
1001	FLOWER	17.3514645752	0.573629253846
13216	FLOWER	5.00920545896	0.190331362626
5960	FLOWER	2.85735393868	0.111028368935
10448	FLOWER	1.03042842932	0.0407924240737
177	FLOWER	3.16923113756	0.122751635101
1049	FLOWER	4.53701599048	0.17324683398
61337	FLOWER	5.01212503019	0.19043644228
679	FLOWER	0.803201461131	0.0318700054104
12206	FLOWER	5.91686638541	0.222670932287
7151	FLOWER	5.289729084	0.200396669847
6826	FLOWER	8.67499982072	0.316897744073
88454	FLOWER	7.61980057496	0.281567478677
7997	FLOWER	4.71454597926	0.179691061654
6137	FLOWER	3.07763888889	0.119316811103
36822	FLOWER	2.96011933488	0.114899850804
61659	FLOWER	3.30515305796	0.127836507624
6505	FLOWER	6.58724934429	0.246133232202
8918	FLOWER	7.70332913474	0.284396653486
12297	FLOWER	3.6349991518	0.140114678539
5273467	FLOWER	7.94588133074	0.292580441181
22310	FLOWER	4.24905587053	0.162740444505
33032	FLOWER	2.93078802572	0.113795713648
8175	FLOWER	3.77301793825	0.145226451785
7765	FLOWER	2.16677992474	0.0847932228926
106997	FLOWER	8.17255434782	0.300185916086
6658	FLOWER	2.99032042451	0.116036010484
16255	FLOWER	6.66316111181	0.248767358071
5541	FLOWER	9.32621997101	0.338257447261
23642	FLOWER	4.35117139438	0.166473778774
5365027	FLOWER	6.61421560211	0.247069484872
1549778	FLOWER	8.39646337953	0.307658296268
12810	FLOWER	10.6214389538	0.379731571972
61027	FLOWER	5.42341036739	0.20517106269
5363388	FLOWER	6.95264437689	0.258770069543
8163	FLOWER	7.94630384494	0.292594655879
12348	FLOWER	5.59353622385	0.211226389959
13561	FLOWER	5.44881679784	0.206076830115
14228	CHEMICAL	12.180003459	0.427859144655
778574	CHEMICAL	15.6754810554	0.52873095969
61918	CHEMICAL	11.4453879918	0.405416757158
7119	CHEMICAL	27.8473086405	0.803703306213
8892	CHEMICAL	15.7534910505	0.53087064991
18827	CHEMICAL	21.7988190715	0.681877357695
69963	CHEMICAL	12.2478287489	0.429909426332
261	CHEMICAL	17.8078871439	0.585467147944
8658	CHEMICAL	17.4683337877	0.576676277382
5366244	CHEMICAL	22.8306934695	0.704731513061
6998	CHEMICAL	18.9773084019	0.615037042404
7820	CHEMICAL	15.4949987423	0.523761955282
5315892	CHEMICAL	9.4365107636	0.341841336387
7144	CHEMICAL	15.3939740131	0.520969186158
12180	CHEMICAL	22.2926005661	0.692920006645
8452	CHEMICAL	37.4451022482	0.936949816977
6106	CHEMICAL	11.4320196518	0.405004356745
8093	CHEMICAL	21.3838154156	0.672445591933
7761	CHEMICAL	15.5279120409	0.524670060697
8908	CHEMICAL	21.3419512975	0.671486497826
444683	CHEMICAL	24.8172552637	0.746331747019
8091	CHEMICAL	9.6019914754	0.347200362899
89440	CHEMICAL	20.5618120885	0.653357236994
8078	CHEMICAL	26.2931205578	0.775193546846
62900	CHEMICAL	13.1130026223	0.455739769783
7122	CHEMICAL	21.2113747782	0.668486023135
7410	CHEMICAL	27.9789250928	0.806028903972
5364729	CHEMICAL	5.26719286963	0.199590386495
61209	CHEMICAL	10.4307269189	0.373709051133
1550470	CHEMICAL	7.15307422344	0.265656380599
62902	CHEMICAL	13.3639746959	0.463120659968
807	CHEMICAL		
1001	CHEMICAL	15.3736445216	0.520406202514
13216	CHEMICAL	28.3255681551	0.812087601681
5960	CHEMICAL	14.5867282798	0.498360074428
10448	CHEMICAL	10.1349682625	0.364311697827
177	CHEMICAL	13.2454419667	0.459640985512
1049	CHEMICAL	20.5577157836	0.653260760048
61337	CHEMICAL	16.3640818263	0.547450003446
679	CHEMICAL	6.55405838339	0.244980062818
12206	CHEMICAL	9.77968684909	0.352930564017
7151	CHEMICAL	15.1981559104	0.515532659185
6826	CHEMICAL	19.8467475334	0.636312546273
88454	CHEMICAL	12.57689156	0.439804381875
7997	CHEMICAL	24.5773465009	0.741475475626
6137	CHEMICAL	9.10684376658	0.331099909308
36822	CHEMICAL	9.24094811497	0.335479875774
61659	CHEMICAL	13.3000845168	0.461246481412
6505	CHEMICAL	8.18491257907	0.300599385592
8918	CHEMICAL	11.9475262721	0.420803697274
12297	CHEMICAL	22.278647412	0.692610644276
5273467	CHEMICAL	17.9744758807	0.589746321953
22310	CHEMICAL	18.0793788233	0.592429577476
33032	CHEMICAL	10.212573379	0.366784273151
8175	CHEMICAL	27.2640592472	0.793230799234
7765	CHEMICAL	26.8012353531	0.784726927542
106997	CHEMICAL	35.0425421387	0.910509781731
6658	CHEMICAL	5.88822160488	0.221660402728
16255	CHEMICAL	13.6666400777	0.471954782701
5541	CHEMICAL	17.2901651457	0.572026681521
23642	CHEMICAL	17.1575434938	0.568549220254
5365027	CHEMICAL	19.6065210808	0.630494575674
1549778	CHEMICAL	19.535236645	0.628759277489
12810	CHEMICAL	12.9851732101	0.451961039085
61027	CHEMICAL	13.5445099934	0.468398899353
5363388	CHEMICAL	21.6610497844	0.67876156027
8163	CHEMICAL	25.4820350439	0.759547757764
12348	CHEMICAL	22.221952961	0.691352041079
13561	CHEMICAL	23.7998797141	0.725421478801
