#oID	descriptor	value	sigma
520191	INTENSITY/STRENGTH	62.6142857143	0.936351918367
1110	INTENSITY/STRENGTH	25.2714285714	0.755399102041
12178	INTENSITY/STRENGTH	78.6367346939	0.671974970429
8078	INTENSITY/STRENGTH	52.6653061224	0.997158457309
7820	INTENSITY/STRENGTH	61.8612244898	0.943724541441
521238	INTENSITY/STRENGTH	43.006122449	0.980434270721
7122	INTENSITY/STRENGTH	65.8755102041	0.899187270304
9589	INTENSITY/STRENGTH	53.2673469388	0.995729777593
24020	INTENSITY/STRENGTH	50.3897959184	0.999939223657
33032	INTENSITY/STRENGTH	30.0693877551	0.841108278217
8914	INTENSITY/STRENGTH	71.706122449	0.811537699291
8082	INTENSITY/STRENGTH	59.3040816326	0.965373625989
6943	INTENSITY/STRENGTH	67.7755102041	0.873612494794
660	INTENSITY/STRENGTH	39.5714285714	0.956497959184
170833	INTENSITY/STRENGTH	42.8081632653	0.979310993753
11428	INTENSITY/STRENGTH	32.8903108077	0.882903414298
15037	INTENSITY/STRENGTH	36.7183673469	0.929439293628
11529	INTENSITY/STRENGTH	67.9653061224	0.870899110371
14328	INTENSITY/STRENGTH	43.706122449	0.984154842149
7409	INTENSITY/STRENGTH	67.5734693877	0.876469269471
6213	INTENSITY/STRENGTH	35.1932006818	0.91230347758
7059	INTENSITY/STRENGTH	40.1040816327	0.960828319867
261	INTENSITY/STRENGTH	35.7692145579	0.918993898281
17617	INTENSITY/STRENGTH	37.3285714286	0.935773959184
7335	INTENSITY/STRENGTH	44.7566010475	0.98900270697
8697	INTENSITY/STRENGTH	54.8102040816	0.990744774677
7654	INTENSITY/STRENGTH	43.8163265306	0.98470487297
957	INTENSITY/STRENGTH	66.7755102041	0.887432902957
7136	INTENSITY/STRENGTH	43.1836734694	0.981415077051
31249	INTENSITY/STRENGTH	66.7897959184	0.887241101207
1183	INTENSITY/STRENGTH	54.3387755102	0.992470010829
7915	INTENSITY/STRENGTH	33.2570507068	0.887869459586
31244	INTENSITY/STRENGTH	65.9367346939	0.898408194919
8125	INTENSITY/STRENGTH	62.5448979592	0.937050214077
31265	INTENSITY/STRENGTH	62.6081632653	0.93641368763
21057	INTENSITY/STRENGTH	65.4612244898	0.904380214911
807	INTENSITY/STRENGTH	34.6360677031	0.905579833751
1068	INTENSITY/STRENGTH	33.9095169504	0.896438542092
356	INTENSITY/STRENGTH	69.3959183674	0.849519340275
875	INTENSITY/STRENGTH	23.8306122449	0.726065257809
14257	INTENSITY/STRENGTH	58.7367346939	0.969467786755
13204	INTENSITY/STRENGTH	72.9326530612	0.789637369429
16324	INTENSITY/STRENGTH	45.1306122449	0.990515625156
6106	INTENSITY/STRENGTH	45.7734693877	0.992854575593
61918	INTENSITY/STRENGTH	37.1081632653	0.933520218243
8122	INTENSITY/STRENGTH	23.0734693878	0.709984779675
4133	INTENSITY/STRENGTH	64.8346938775	0.911972743024
14514	INTENSITY/STRENGTH	65.1591836735	0.908079660142
98330	INTENSITY/STRENGTH	52.6285714286	0.997236244898
11583	INTENSITY/STRENGTH	69.1367346939	0.853514154103
22310	INTENSITY/STRENGTH	35.2448979592	0.912914785506
1551246	INTENSITY/STRENGTH	59.3979591837	0.964671345273
6050	INTENSITY/STRENGTH	31.0489795918	0.856343530196
31272	INTENSITY/STRENGTH	53.8755102041	0.993992168263
61052	INTENSITY/STRENGTH	35.5408163266	0.916372802999
439570	INTENSITY/STRENGTH	57.9734693878	0.974569514369
8091	INTENSITY/STRENGTH	50.3836734694	0.999941117868
61325	INTENSITY/STRENGTH	30.6102040816	0.849614325697
220674	INTENSITY/STRENGTH	44.5072845235	0.987932030678
15606	INTENSITY/STRENGTH	50.306122449	0.999962515618
7792	INTENSITY/STRENGTH	54.5134693878	0.991851437634
7151	INTENSITY/STRENGTH	47.6816326531	0.997850069138
61527	VALENCE/PLEASANTNESS	44.489362709	0.987853150659
520191	VALENCE/PLEASANTNESS	23.3676593479	0.716287372557
1110	VALENCE/PLEASANTNESS	44.1217248295	0.986178352408
12178	VALENCE/PLEASANTNESS	53.196221093	0.99591366829
1549026	VALENCE/PLEASANTNESS	45.3037901029	0.991178245041
8078	VALENCE/PLEASANTNESS	41.4295582631	0.970619011374
7820	VALENCE/PLEASANTNESS	45.0349330953	0.990139244253
521238	VALENCE/PLEASANTNESS	54.6551775586	0.991331728759
7122	VALENCE/PLEASANTNESS	45.0014005758	0.990005601518
9589	VALENCE/PLEASANTNESS	44.3313266374	0.987146456923
24020	VALENCE/PLEASANTNESS	55.2634283325	0.988918528875
33032	VALENCE/PLEASANTNESS	47.5988432174	0.997693778442
8914	VALENCE/PLEASANTNESS	46.1802404501	0.994163774792
8082	VALENCE/PLEASANTNESS	46.0882275951	0.993879214661
6943	VALENCE/PLEASANTNESS	43.7232467883	0.984240947648
660	VALENCE/PLEASANTNESS	44.3079691744	0.987040314032
170833	VALENCE/PLEASANTNESS	55.8844337604	0.986149375728
11428	VALENCE/PLEASANTNESS	51.8883937575	0.998573587607
7144	VALENCE/PLEASANTNESS	44.4404199262	0.987636427761
15037	VALENCE/PLEASANTNESS	43.9360018567	0.985291170607
11529	VALENCE/PLEASANTNESS	48.2117283634	0.998720833821
14328	VALENCE/PLEASANTNESS	45.1657341406	0.99065194944
7409	VALENCE/PLEASANTNESS	51.0060937917	0.999595110113
6213	VALENCE/PLEASANTNESS	32.3988372891	0.876079628489
7059	VALENCE/PLEASANTNESS	43.9933841198	0.985568226267
261	VALENCE/PLEASANTNESS	42.8402991841	0.979495473691
17617	VALENCE/PLEASANTNESS	44.9382169252	0.989751340842
7335	VALENCE/PLEASANTNESS	50.1782023558	0.999987297568
8697	VALENCE/PLEASANTNESS	24.4872903962	0.73964065947
263	VALENCE/PLEASANTNESS	47.5931796366	0.997682886295
7654	VALENCE/PLEASANTNESS	48.4774461009	0.99907273185
957	VALENCE/PLEASANTNESS	46.6059686548	0.995392220491
7136	VALENCE/PLEASANTNESS	45.061339503	0.990243852998
31249	VALENCE/PLEASANTNESS	52.573033041	0.997351800388
1183	VALENCE/PLEASANTNESS	49.4117339452	0.99986157722
10430	VALENCE/PLEASANTNESS	43.2711340816	0.981888945381
7915	VALENCE/PLEASANTNESS	52.1671095276	0.998121454518
31244	VALENCE/PLEASANTNESS	49.3891088663	0.999850724809
6501	VALENCE/PLEASANTNESS	53.6117564737	0.99478208607
8125	VALENCE/PLEASANTNESS	44.4172080435	0.987532973588
31265	VALENCE/PLEASANTNESS	57.1082788495	0.979788948719
21057	VALENCE/PLEASANTNESS	47.0278715369	0.99646658096
807	VALENCE/PLEASANTNESS		
1068	VALENCE/PLEASANTNESS	30.8735470058	0.853671518345
356	VALENCE/PLEASANTNESS	44.5054235338	0.987923851783
875	VALENCE/PLEASANTNESS	43.3109682964	0.982102741948
14257	VALENCE/PLEASANTNESS	44.1063213091	0.986105820595
13204	VALENCE/PLEASANTNESS	49.6875501699	0.999960950041
526618	VALENCE/PLEASANTNESS	34.0449521525	0.898174579274
16324	VALENCE/PLEASANTNESS	44.9278275555	0.989709226677
6106	VALENCE/PLEASANTNESS	40.7283180595	0.965614365598
61918	VALENCE/PLEASANTNESS	43.6212347207	0.983724541405
8122	VALENCE/PLEASANTNESS	57.506043571	0.977463723964
4133	VALENCE/PLEASANTNESS	44.9780002149	0.989911807263
14514	VALENCE/PLEASANTNESS	44.2066704055	0.986574932884
98330	VALENCE/PLEASANTNESS	33.5237967058	0.891413890003
11583	VALENCE/PLEASANTNESS	44.7463679701	0.988959740198
22310	VALENCE/PLEASANTNESS	54.404195946	0.992241223228
1551246	VALENCE/PLEASANTNESS	44.8747118239	0.989492568445
6050	VALENCE/PLEASANTNESS	44.5720205127	0.988214815474
31272	VALENCE/PLEASANTNESS	48.7605211872	0.999385476909
61052	VALENCE/PLEASANTNESS	47.6739649728	0.997835824421
439570	VALENCE/PLEASANTNESS	43.8304638847	0.984774729649
8091	VALENCE/PLEASANTNESS	45.5603104222	0.992115662581
61325	VALENCE/PLEASANTNESS	51.9957903609	0.998406728334
220674	VALENCE/PLEASANTNESS	55.6745934169	0.987119595821
15606	VALENCE/PLEASANTNESS	45.4397039126	0.991681479838
7792	VALENCE/PLEASANTNESS	47.0319733248	0.996476327062
7151	VALENCE/PLEASANTNESS	44.7577975319	0.989007725314
61527	BAKERY	8.66475580703	0.316559035003
520191	BAKERY	4.23047742501	0.162060321303
1110	BAKERY	1.56366071429	0.0615684146397
12178	BAKERY	0.312758372579	0.0124712077833
1549026	BAKERY	1.6253640533	0.0639578388095
8078	BAKERY	0.55	0.021879
7820	BAKERY	2.71783285784	0.105758668136
521238	BAKERY	2.15918762089	0.0845026683627
7122	BAKERY	4.8493563272	0.184567750373
9589	BAKERY	7.77346638655	0.286767943597
24020	BAKERY	3.52267489088	0.135943300281
33032	BAKERY	7.95670686457	0.292944600931
8914	BAKERY	1.23008583637	0.0485981889889
8082	BAKERY	0.55	0.021879
6943	BAKERY	1.55336993493	0.0611696141353
660	BAKERY	3.29225891861	0.12735476923
170833	BAKERY	2.86755126853	0.11141291063
11428	BAKERY	2.49759199134	0.0974084933516
7144	BAKERY	3.84749022172	0.147978336466
15037	BAKERY	1.86476773817	0.0731997660399
11529	BAKERY	2.28846868612	0.089443911874
14328	BAKERY	3.07451274792	0.119199458462
7409	BAKERY	1.09849304083	0.0434570468491
6213	BAKERY	1.95344537815	0.0766114355879
7059	BAKERY	7.17291882016	0.266336447046
261	BAKERY	3.45839355313	0.133551547738
17617	BAKERY	0.997861926719	0.0395161856989
7335	BAKERY	2.23543858944	0.0874186693029
8697	BAKERY	1.64420010891	0.064686646757
263	BAKERY	3.54523500309	0.136781923633
7654	BAKERY	6.13010521921	0.230172932769
957	BAKERY	1.2433061804	0.0491139231128
7136	BAKERY	6.37836554319	0.238861202926
31249	BAKERY	3.26846067854	0.126465293059
1183	BAKERY	15.3071305543	0.518561923851
10430	BAKERY	0.346056884292	0.0137943732248
7915	BAKERY	2.37139934553	0.0926065598787
31244	BAKERY	4.10225755418	0.157358895351
6501	BAKERY	1.28561026179	0.0507632929734
8125	BAKERY	1.67401899093	0.0658398238044
31265	BAKERY	2.94322264511	0.114263881989
21057	BAKERY	2.7144134437	0.105629321611
807	BAKERY		
1068	BAKERY	4.29990629639	0.164600574193
356	BAKERY	2.31409070295	0.0904216218053
875	BAKERY	17.178610508	0.569102556727
14257	BAKERY	3.73978721781	0.143997085338
13204	BAKERY	9.60808249721	0.347397200179
526618	BAKERY	1.45195644787	0.057234986904
16324	BAKERY	5.75462440295	0.21693869531
6106	BAKERY	4.01446011994	0.154132048776
61918	BAKERY	6.0387962502	0.226965025948
8122	BAKERY	2.12552380952	0.083213811795
4133	BAKERY	5.85402584205	0.220453186258
14514	BAKERY	4.38773875802	0.167808649757
98330	BAKERY	1.73626442926	0.068244731503
11583	BAKERY	0.339586762599	0.0135373428362
22310	BAKERY	3.8127595386	0.146695527424
1551246	BAKERY	5.8031212485	0.21865436345
6050	BAKERY	2.24743613724	0.0878770578134
31272	BAKERY	1.70429151978	0.0670098169574
61052	BAKERY	1.4940238375	0.0588681106094
439570	BAKERY	1.60612695517	0.0632132206884
8091	BAKERY	2.0787026896	0.0814197056354
61325	BAKERY	12.4449509002	0.435847314843
220674	BAKERY	4.93184619481	0.187544605037
15606	BAKERY	4.19461356385	0.160746629374
7792	BAKERY	1.24886397664	0.0493306945726
7151	BAKERY	2.5326216101	0.0987391955161
61527	SWEET	5.17791992114	0.196392454962
520191	SWEET	4.29733317147	0.164506497904
1110	SWEET	6.03636194504	0.226879411589
12178	SWEET	16.9612220975	0.563375661884
1549026	SWEET	18.8035564796	0.610712764672
8078	SWEET	1.78700782061	0.0702029540438
7820	SWEET	17.9599765201	0.589374758163
521238	SWEET	21.9651372169	0.685618587492
7122	SWEET	21.5394139455	0.675998016575
9589	SWEET	7.23789115647	0.268560818902
24020	SWEET	50.5454017289	0.999881014782
33032	SWEET	11.5742730496	0.409385403334
8914	SWEET	7.06438157399	0.26261306815
8082	SWEET	2.00633026868	0.0786430662883
6943	SWEET	3.17262659866	0.122878840132
660	SWEET	4.32124168749	0.165380415611
170833	SWEET	9.37139426852	0.339726558526
11428	SWEET	6.43502887575	0.240837316377
7144	SWEET	21.6119168908	0.677646694954
15037	SWEET	3.02491304976	0.117336482407
11529	SWEET	40.8725089716	0.96667556301
14328	SWEET	10.5676028226	0.378034421139
7409	SWEET	15.9432779097	0.536055872186
6213	SWEET	7.15024633224	0.265559444245
7059	SWEET	5.62998637344	0.212520756312
261	SWEET	9.22488863976	0.334956117424
17617	SWEET	7.282699012	0.27009287852
7335	SWEET	16.2520945626	0.544431551435
8697	SWEET	28.7923965	0.820095021515
263	SWEET	8.645783991	0.315931527313
7654	SWEET	16.9761661577	0.563770559342
957	SWEET	16.6586247131	0.555341077591
7136	SWEET	23.8094188747	0.725621384129
31249	SWEET	27.1704765245	0.791525143153
1183	SWEET	47.7821959449	0.998032538069
10430	SWEET	7.56900877675	0.279844393525
7915	SWEET	7.29803583163	0.270616902465
31244	SWEET	15.6575030322	0.528237160807
6501	SWEET	14.9668389126	0.50907104969
8125	SWEET	13.5424943311	0.46834011216
31265	SWEET	41.0495166523	0.967955539137
21057	SWEET	8.55601999343	0.312958608486
807	SWEET		
1068	SWEET	7.58941110216	0.280536779735
356	SWEET	13.0075709838	0.452624078194
875	SWEET	6.99146046758	0.260106210915
14257	SWEET	4.12936170214	0.158353816859
13204	SWEET	2.98699731943	0.115911031583
526618	SWEET	5.49284982499	0.20764543332
16324	SWEET	37.1633305308	0.934087966776
6106	SWEET	17.3039867187	0.572388286203
61918	SWEET	3.99976825713	0.153591471841
8122	SWEET	10.0842331671	0.362692623256
4133	SWEET	13.8042997634	0.475948513752
14514	SWEET	16.6290652054	0.554552284374
98330	SWEET	14.0838444011	0.4840119068
11583	SWEET	23.2910243742	0.714652248408
22310	SWEET	6.79595233357	0.253364106095
1551246	SWEET	14.7908826236	0.504127221431
6050	SWEET	11.027748576	0.392465447578
31272	SWEET	17.7361957543	0.583618774238
61052	SWEET	9.24695056542	0.335675584713
439570	SWEET	10.4679785662	0.374887712542
8091	SWEET	22.3414101399	0.69400096278
61325	SWEET	11.5643799256	0.409081243798
220674	SWEET	4.58265629817	0.174905956428
15606	SWEET	24.065156272	0.730953552323
7792	SWEET	11.2989523583	0.400891564573
7151	SWEET	10.1515851878	0.364841534783
61527	FRUIT	4.59214766364	0.17525077848
520191	FRUIT	4.89916758169	0.18636596607
1110	FRUIT	0.904652969357	0.0358587599763
12178	FRUIT	10.2313010204	0.367380232588
1549026	FRUIT	4.13073385574	0.158404169355
8078	FRUIT	0.87696562768	0.0347709976223
7820	FRUIT	3.78603003906	0.14570759218
521238	FRUIT	16.8861983277	0.561390455523
7122	FRUIT	3.62769461465	0.139843717299
9589	FRUIT	5.32385727318	0.201616908421
24020	FRUIT	22.7965654767	0.703989260055
33032	FRUIT	1.56756634185	0.0617197479796
8914	FRUIT	5.06561895551	0.19236056006
8082	FRUIT	0.779022392325	0.0309181453379
6943	FRUIT	2.44783966187	0.0955168188709
660	FRUIT	0.064	0.0025583616
170833	FRUIT	2.76946759259	0.107710723405
11428	FRUIT	2.04624017994	0.0801747676481
7144	FRUIT	7.22909428886	0.26825984986
15037	FRUIT	1.94131395282	0.0761450781674
11529	FRUIT	11.0375137242	0.392769865283
14328	FRUIT	4.43076013947	0.169377751413
7409	FRUIT	1.68477185804	0.0662554918363
6213	FRUIT	5.34906462585	0.202517588085
7059	FRUIT	0.064	0.0025583616
261	FRUIT	1.84672033393	0.0725046629605
17617	FRUIT	9.80843665373	0.353855294313
7335	FRUIT	4.19809087727	0.160874048285
8697	FRUIT	9.50100595027	0.343932592384
263	FRUIT	2.39858245811	0.0936420192012
7654	FRUIT	6.51202031643	0.243518249217
957	FRUIT	13.8086495094	0.476074459865
7136	FRUIT	5.89113711516	0.221763286002
31249	FRUIT	24.7134051568	0.744235248495
1183	FRUIT	1.05021021021	0.0415672318142
10430	FRUIT	4.49565321993	0.171741769648
7915	FRUIT	6.83199106147	0.254609201713
31244	FRUIT	1.42973422703	0.0563717130971
6501	FRUIT	4.05955788084	0.155790311158
8125	FRUIT	5.86718749504	0.220917944161
31265	FRUIT	18.9494527563	0.614345406348
21057	FRUIT	3.95880645697	0.152083398853
807	FRUIT		
1068	FRUIT	1.69436795995	0.0666263652847
356	FRUIT	3.15337197932	0.122157377237
875	FRUIT	3.02708584266	0.117418134227
14257	FRUIT	2.54594955995	0.0992452387332
13204	FRUIT	1.89277533534	0.0742779740255
526618	FRUIT	10.7864702301	0.384919633193
16324	FRUIT	9.97307043125	0.359137963719
6106	FRUIT	2.72207253817	0.105919029966
61918	FRUIT	2.12989954262	0.0833813928803
8122	FRUIT	5.57605160258	0.210605123513
4133	FRUIT	14.3369897959	0.491259881273
14514	FRUIT	3.74470267987	0.144178987931
98330	FRUIT	0.895059638731	0.0354819328465
11583	FRUIT	13.1408816425	0.456562157563
22310	FRUIT	1.82297603093	0.0715897445936
1551246	FRUIT	10.1452526301	0.364639644832
6050	FRUIT	11.1873793659	0.397432191807
31272	FRUIT	11.4472646865	0.405474639938
61052	FRUIT	2.93664954974	0.114016417758
439570	FRUIT	4.81995565411	0.183505437161
8091	FRUIT	18.5746227189	0.604978265095
61325	FRUIT	4.6685120389	0.178022479693
220674	FRUIT	6.78992575192	0.25315579339
15606	FRUIT	17.9686690598	0.58959753528
7792	FRUIT	13.6241759054	0.470719768576
7151	FRUIT	5.07045454546	0.192534378099
61527	FISH	1.2583446712	0.0497004143234
520191	FISH	4.37923289942	0.167498243662
1110	FISH	0.501400560224	0.0199554614002
12178	FISH	0.631406917906	0.0250968068379
1549026	FISH	0.348762222287	0.0139018348564
8078	FISH	1.58779647835	0.0625034200712
7820	FISH	0.573284531204	0.0227999191867
521238	FISH	1.44168192125	0.0568358981453
7122	FISH	0.908772483852	0.0360205523831
9589	FISH	0.178895576044	0.00714302159089
24020	FISH	1.28982742352	0.0509276350276
33032	FISH	2.08273729363	0.0815743738913
8914	FISH	1.43121212121	0.0564291375941
8082	FISH	2.11102956105	0.0826586041191
6943	FISH	0.141490954992	0.00565163032352
660	FISH	0.763563164479	0.0303093150967
170833	FISH	0.347026635958	0.0138328944439
11428	FISH	0.500057363371	0.0199022715882
7144	FISH	2.36367438353	0.0923121927045
15037	FISH	0.155252937718	0.00620047611886
11529	FISH	0.178980185549	0.00714639385922
14328	FISH	2.67863770368	0.104275468168
7409	FISH	2.15188800679	0.084223271474
6213	FISH	3.13187905256	0.121351695542
7059	FISH	0.458893544178	0.0182715084532
261	FISH	2.27683036395	0.0889996319556
17617	FISH	0.930366141796	0.0368684132087
7335	FISH	0.672723069237	0.0267279002383
8697	FISH	0.384057341715	0.0153032936519
263	FISH	1.58676997681	0.0624636634886
7654	FISH	1.46852245949	0.057878275094
957	FISH	1.24419452621	0.049148573041
7136	FISH	0.125442663649	0.0050114122012
31249	FISH	1.97194228715	0.0773222689323
1183	FISH	0.878095238095	0.034815389025
10430	FISH	0.238821892394	0.00953006133723
7915	FISH	2.18984283196	0.085675548627
31244	FISH	0.492743769318	0.0196126322038
6501	FISH	0.668919753088	0.0265778086691
8125	FISH	0.743460499567	0.0295173265769
31265	FISH	0.00638297872341	0.000255302851969
21057	FISH	0.648940659253	0.0257891767784
807	FISH		
1068	FISH	9.40545068026	0.340833026211
356	FISH	0.608212484339	0.0241805304031
875	FISH	2.29992865573	0.0898812775006
14257	FISH	2.28480851064	0.0893042004534
13204	FISH	1.1825161772	0.0467413092843
526618	FISH	9.89770408162	0.35672234483
16324	FISH	0.450034974444	0.0179203863865
6106	FISH	1.37620725594	0.0542907116729
61918	FISH	0.278607755472	0.0111132613063
8122	FISH	2.50630385487	0.0977395305897
4133	FISH	1.6482919505	0.0648449314782
14514	FISH	2.36718835281	0.0924461018335
98330	FISH	9.98349668815	0.359471785077
11583	FISH	1.46409320798	0.0577063007505
22310	FISH	0.624443191911	0.0248217559565
1551246	FISH	0.287173275939	0.0114539436414
6050	FISH	1.3634564862	0.053794654012
31272	FISH	1.0117154259	0.0400591897949
61052	FISH	0.713888000853	0.028351665603
439570	FISH	0.326739091253	0.0130268602766
8091	FISH	1.24923480026	0.0493451569757
61325	FISH	1.39706290949	0.0551018024702
220674	FISH	0.178927274901	0.00714428500816
15606	FISH	0.95912512686	0.0379970366708
7792	FISH	0.239581477084	0.00956029936969
7151	FISH	0.679400411328	0.0269913824855
61527	GARLIC	3.80991794674	0.146590527965
520191	GARLIC	1.44336696456	0.0569013553045
1110	GARLIC	2.5450271432	0.0992102204641
12178	GARLIC	1.67376777225	0.0658301114678
1549026	GARLIC	2.0925560745	0.0819507266099
8078	GARLIC	4.99337468382	0.189761471059
7820	GARLIC	4.45043626146	0.170094897292
521238	GARLIC	1.90963945234	0.0749268889586
7122	GARLIC	0.825714170786	0.0327558452747
9589	GARLIC	4.18602262061	0.160431790672
24020	GARLIC	1.93526811811	0.0759126196488
33032	GARLIC	2.37362832531	0.0926914884419
8914	GARLIC	1.81517994802	0.0712892466234
8082	GARLIC	4.69432961124	0.17895849225
6943	GARLIC	2.60412694217	0.101452486835
660	GARLIC	2.99792929293	0.116322139699
170833	GARLIC	0.901794409226	0.0357464831064
11428	GARLIC	4.1397963352	0.158736687929
7144	GARLIC	1.96752796235	0.0771526519808
15037	GARLIC	1.55939067652	0.0614029473481
11529	GARLIC	1.33909256148	0.0528464349038
14328	GARLIC	1.32099586288	0.0521418224874
7409	GARLIC	2.1008415509	0.0822682479474
6213	GARLIC	4.82763580493	0.183783005211
7059	GARLIC	0.10390070922	0.00415171022585
261	GARLIC	3.40871571863	0.131700891605
17617	GARLIC	0.625588602937	0.0248669996774
7335	GARLIC	1.12766842279	0.0445980824828
8697	GARLIC	1.81859432084	0.0714208587122
263	GARLIC	1.4560893151	0.0573954941665
7654	GARLIC	2.08630857759	0.0817112697113
957	GARLIC	1.5283306693	0.0601989089183
7136	GARLIC	5.70599141107	0.21521632125
31249	GARLIC	2.45871169746	0.095930362614
1183	GARLIC	3.12908141389	0.121246796358
10430	GARLIC	4.02911191504	0.154670979472
7915	GARLIC	4.21555008374	0.161513658346
31244	GARLIC	4.63340494093	0.176748821098
6501	GARLIC	3.74882190278	0.144331409848
8125	GARLIC	1.50849098481	0.0594294213719
31265	GARLIC	0.90487809804	0.0358676021727
21057	GARLIC	1.6646632899	0.0654780900487
807	GARLIC		
1068	GARLIC	8.09131562882	0.297464869711
356	GARLIC	1.33575903501	0.0527166605204
875	GARLIC	2.30436674352	0.0900506273052
14257	GARLIC	1.00905896202	0.0399550784851
13204	GARLIC	1.25679874077	0.049640132401
526618	GARLIC	8.33712873415	0.305682063154
16324	GARLIC	2.96918321139	0.115240908878
6106	GARLIC	3.89750795334	0.149824090835
61918	GARLIC	1.71315092413	0.0673520825299
8122	GARLIC	5.35346153846	0.202674641361
4133	GARLIC	2.14699806056	0.0840360821537
14514	GARLIC	1.73761579099	0.068296908185
98330	GARLIC	23.9668243622	0.728909506485
11583	GARLIC	1.45089297514	0.0571936828354
22310	GARLIC	2.44685980979	0.0954795432203
1551246	GARLIC	3.35065743028	0.129535535125
6050	GARLIC	3.5429338734	0.136696402763
31272	GARLIC	0.871332802625	0.0345496237638
61052	GARLIC	2.60632172413	0.101535703793
439570	GARLIC	2.07941960237	0.0814471897417
8091	GARLIC	2.07762132061	0.0813782486837
61325	GARLIC	2.8969588882	0.112521407208
220674	GARLIC	2.57979496161	0.100529661647
15606	GARLIC	1.66753723623	0.0655892172756
7792	GARLIC	3.26576582529	0.126364542441
7151	GARLIC	2.24586938968	0.0878172038608
61527	SPICES	7.68793452622	0.283875646137
520191	SPICES	8.63217048909	0.315481072623
1110	SPICES	5.32643222506	0.201708936903
12178	SPICES	4.95785513066	0.188482074228
1549026	SPICES	3.38907291523	0.130968590519
8078	SPICES	4.53135770611	0.17304102718
7820	SPICES	3.38065926827	0.130654827895
521238	SPICES	4.57442924687	0.174607008701
7122	SPICES	5.22001500273	0.197901177458
9589	SPICES	6.51582792543	0.243650711596
24020	SPICES	6.94496699744	0.258505653259
33032	SPICES	8.81959079284	0.321669559012
8914	SPICES	3.23836371723	0.125339748863
8082	SPICES	3.66322150176	0.141161183362
6943	SPICES	20.2107330321	0.645039829406
660	SPICES	9.83003426008	0.354549540982
170833	SPICES	7.25792011752	0.269245842928
11428	SPICES	6.88587431954	0.256468866724
7144	SPICES	12.1669085798	0.427462877435
15037	SPICES	8.26889987601	0.303406112977
11529	SPICES	3.58400222965	0.138222060393
14328	SPICES	6.7813028106	0.2528576853
7409	SPICES	7.37685285963	0.27330693114
6213	SPICES	4.8144140389	0.183305128541
7059	SPICES	6.55186054797	0.244903671263
261	SPICES	4.05849523443	0.15575125595
17617	SPICES	4.80053858309	0.182803475048
7335	SPICES	6.13482584463	0.230338598528
8697	SPICES	5.92365853927	0.222910449375
263	SPICES	7.24493967402	0.268801926609
7654	SPICES	4.81219409396	0.183224878959
957	SPICES	4.8874404617	0.185942788761
7136	SPICES	4.27168504322	0.163568484485
31249	SPICES	4.45194920567	0.170150027535
1183	SPICES	10.8427257646	0.386683149782
10430	SPICES	3.62316919192	0.139675825679
7915	SPICES	4.21075774545	0.161338117502
31244	SPICES	6.92288564181	0.257744887428
6501	SPICES	5.55897972392	0.209998286728
8125	SPICES	4.44600475514	0.169933406892
31265	SPICES	3.1347679859	0.121460011306
21057	SPICES	7.66587301587	0.283128676997
807	SPICES		
1068	SPICES	5.22565472067	0.198103201923
356	SPICES	3.86288900469	0.148546795603
875	SPICES	7.2253777888	0.268132677876
14257	SPICES	4.45832224961	0.170382235072
13204	SPICES	4.16707550995	0.159737213076
526618	SPICES	6.6582786122	0.248598074857
16324	SPICES	2.74239358387	0.106687454327
6106	SPICES	2.9155400278	0.11322145165
61918	SPICES	4.779462716	0.182041203099
8122	SPICES	5.61762951334	0.212082075994
4133	SPICES	5.28490108249	0.200223971519
14514	SPICES	6.23513453257	0.233854620247
98330	SPICES	16.5532312925	0.552525465211
11583	SPICES	3.01722530784	0.11704755289
22310	SPICES	8.42830962688	0.308717823809
1551246	SPICES	7.28183597181	0.270063384824
6050	SPICES	5.06048378315	0.192175952878
31272	SPICES	3.32937555181	0.128741125446
61052	SPICES	6.65539984154	0.248498254841
439570	SPICES	7.84421189146	0.289155811579
8091	SPICES	3.42795565235	0.132417874112
61325	SPICES	5.84064871074	0.219980677485
220674	SPICES	6.21664243365	0.233207040087
15606	SPICES	3.5281071897	0.136145271451
7792	SPICES	3.92742390033	0.150927092616
7151	SPICES	6.89327451259	0.256724087101
61527	COLD	5.70047854248	0.215020959454
520191	COLD	2.08611155949	0.081703717804
1110	COLD	1.78653846154	0.0701848505917
12178	COLD	5.26973227769	0.199681259796
1549026	COLD	5.40850071608	0.204639276645
8078	COLD	8.92252192982	0.325056318157
7820	COLD	7.32222789116	0.27144310713
521238	COLD	4.04125419498	0.155117473612
7122	COLD	5.5234857387	0.208735871666
9589	COLD	5.37623079521	0.203487688783
24020	COLD	4.43629424608	0.169579487188
33032	COLD	5.8556037415	0.220508911589
8914	COLD	5.7437014793	0.216552016499
8082	COLD	7.31373433584	0.271153089459
6943	COLD	6.72975030921	0.251074196679
660	COLD	5.11285760798	0.194057779151
170833	COLD	7.66360586761	0.283051892747
11428	COLD	7.72997178417	0.285297885853
7144	COLD	5.70410544506	0.215149490231
15037	COLD	3.58497708125	0.138258258981
11529	COLD	4.23800386355	0.162335883843
14328	COLD	3.33561170213	0.128973945914
7409	COLD	4.8374914157	0.184139127349
6213	COLD	2.78787765106	0.108406201323
7059	COLD	3.39316878035	0.131121313465
261	COLD	5.85186945938	0.220377027907
17617	COLD	4.46742329895	0.170713783585
7335	COLD	3.45341051988	0.133366003108
8697	COLD	5.10087734626	0.19362751397
263	COLD	5.72763270623	0.215982997682
7654	COLD	3.41129528648	0.131797037246
957	COLD	6.44531538874	0.241195779365
7136	COLD	4.98548845821	0.189477500262
31249	COLD	4.70639596326	0.179395773345
1183	COLD	5.60393689391	0.211595832272
10430	COLD	3.08970738564	0.119769778734
7915	COLD	2.30728454085	0.0901619568532
31244	COLD	4.80242236025	0.1828715902
6501	COLD	3.30823368881	0.127951583497
8125	COLD	4.01032772423	0.153980017587
31265	COLD	4.54655970228	0.173593906041
21057	COLD	6.06444352697	0.227866750962
807	COLD		
1068	COLD	5.25965266106	0.199320527997
356	COLD	6.43011338333	0.240665992084
875	COLD	2.83300377736	0.110109786934
14257	COLD	9.00777058281	0.327854850963
13204	COLD	1.57129945193	0.0618643852901
526618	COLD	1.75034148905	0.0687881814306
16324	COLD	2.88447748276	0.112051015171
6106	COLD	2.31022441211	0.0902741217507
61918	COLD	5.7386678519	0.21637379059
8122	COLD	3.07501732457	0.119218400364
4133	COLD	3.80652492669	0.146465144261
14514	COLD	5.84798957881	0.220239990307
98330	COLD	6.12891933884	0.230131312649
11583	COLD	3.12336743126	0.121032527606
22310	COLD	6.07668913344	0.228297105008
1551246	COLD	6.38092634067	0.238950565241
6050	COLD	4.63409833189	0.176773986336
31272	COLD	5.64729697649	0.213135093803
61052	COLD	6.99557390738	0.260247734578
439570	COLD	5.32946969697	0.201817488978
8091	COLD	7.58519870172	0.280393852331
61325	COLD	3.15735421032	0.122306614169
220674	COLD	3.19252338117	0.123624053031
15606	COLD	4.93719325945	0.187737379466
7792	COLD	5.93750337891	0.223398556607
7151	COLD	4.01908893215	0.154302326948
61527	SOUR	3.12197278912	0.120980225926
520191	SOUR	3.12197278912	0.120980225926
1110	SOUR	20.8914319894	0.66107650735
12178	SOUR	8.70927206248	0.318030314556
1549026	SOUR	13.4321529656	0.465117025308
8078	SOUR	4.39031391092	0.167902613942
7820	SOUR	5.18402609965	0.196611393345
521238	SOUR	8.13977171408	0.29908851514
7122	SOUR	3.26875473005	0.126476286208
9589	SOUR	3.12736818545	0.121182554711
24020	SOUR	15.3421527042	0.519533448327
33032	SOUR	14.0169643006	0.482088456743
8914	SOUR	4.28235815603	0.163958889691
8082	SOUR	14.1296174898	0.485326263429
6943	SOUR	4.68438311688	0.178597946601
660	SOUR	4.36316571218	0.166911742474
170833	SOUR	4.29782222522	0.164524378657
11428	SOUR	7.75138746565	0.286021895569
7144	SOUR	5.20308441559	0.197294541649
15037	SOUR	3.26044505998	0.126165601603
11529	SOUR	9.87878762434	0.356115327003
14328	SOUR	10.0867167019	0.362771926548
7409	SOUR	12.4949389239	0.437348157472
6213	SOUR	7.22845175191	0.268237864185
7059	SOUR	8.44701256532	0.309339694101
261	SOUR	16.9389869204	0.56278776566
17617	SOUR	9.40806061512	0.34091778279
7335	SOUR	10.8903896104	0.388175350069
8697	SOUR	11.2374468085	0.398985788031
263	SOUR	10.5881021832	0.378680924192
7654	SOUR	10.6522904354	0.380703100808
957	SOUR	9.6415209768	0.348477268374
7136	SOUR	12.3832029857	0.433990632955
31249	SOUR	7.23613291809	0.26850066888
1183	SOUR	5.77459150191	0.217645297271
10430	SOUR	19.112405107	0.618382592689
7915	SOUR	6.01135090174	0.225999500204
31244	SOUR	7.4641953375	0.276282128685
6501	SOUR	5.76976402321	0.217474490175
8125	SOUR	10.4788947991	0.375232897479
31265	SOUR	15.578837622	0.52607343222
21057	SOUR	10.0048755502	0.360156008098
807	SOUR		
1068	SOUR	9.87257852438	0.355916018287
356	SOUR	5.04201856275	0.191511962035
875	SOUR	8.74712228933	0.319280032235
14257	SOUR	15.5544779427	0.52540240408
13204	SOUR	7.04701543057	0.262016446631
526618	SOUR	8.57696378675	0.31365282835
16324	SOUR	12.6211373291	0.441128250173
6106	SOUR	11.5584726391	0.408899589663
61918	SOUR	12.5090785351	0.437772323084
8122	SOUR	3.34754856614	0.129419510085
4133	SOUR	5.5257985258	0.208818161293
14514	SOUR	5.66893884838	0.213902806869
98330	SOUR	7.2706206446	0.269680055961
11583	SOUR	23.5991545894	0.721198144642
22310	SOUR	6.23495440729	0.233848313707
1551246	SOUR	15.2969261625	0.518278666493
6050	SOUR	6.07126333095	0.228106437865
31272	SOUR	5.10709811399	0.193850944101
61052	SOUR	5.97553031647	0.224738427634
439570	SOUR	6.34920493146	0.237843235954
8091	SOUR	12.2070861436	0.428678264898
61325	SOUR	10.490704628	0.375606231683
220674	SOUR	3.59484181314	0.138624517461
15606	SOUR	12.5949514439	0.440344937005
7792	SOUR	4.5885300207	0.175119357728
7151	SOUR	7.39241075514	0.273837335497
61527	BURNT	7.36342361212	0.272848941568
520191	BURNT	2.88670454545	0.112134956565
1110	BURNT	4.35802868974	0.166724181965
12178	BURNT	3.83018603932	0.147339311534
1549026	BURNT	3.86585643767	0.148656319108
8078	BURNT	2.11638946252	0.0828639367581
7820	BURNT	2.88384229674	0.112027073313
521238	BURNT	6.10735188466	0.229374176569
7122	BURNT	4.73718829624	0.180511150668
9589	BURNT	8.89482197136	0.324145735694
24020	BURNT	2.1752518059	0.0851173840685
33032	BURNT	3.69678571429	0.142404938724
8914	BURNT	3.15628526848	0.122266556061
8082	BURNT	3.80144346152	0.146277349504
6943	BURNT	4.86514222941	0.185137845612
660	BURNT	4.71431806942	0.179682804833
170833	BURNT	3.74018607443	0.144011846229
11428	BURNT	2.5764547805	0.100402943526
7144	BURNT	5.96512100708	0.224371772832
15037	BURNT	4.78280398883	0.182162073955
11529	BURNT	1.53534888355	0.0604710368644
14328	BURNT	5.20692434351	0.197432149293
7409	BURNT	3.20681481234	0.124159127997
6213	BURNT	4.5111175988	0.172304631156
7059	BURNT	7.97139651328	0.293438595582
261	BURNT	3.72679058782	0.143516036278
17617	BURNT	3.80219938056	0.146305287171
7335	BURNT	4.00390641105	0.153743749823
8697	BURNT	1.54348130281	0.0607863182994
263	BURNT	2.39331436609	0.0934413931818
7654	BURNT	3.93201168673	0.151096181107
957	BURNT	2.67257001746	0.104045748499
7136	BURNT	6.91179104012	0.257362499452
31249	BURNT	3.8090248227	0.146557524868
1183	BURNT	3.78907728902	0.14582024888
10430	BURNT	4.35585956213	0.166644977475
7915	BURNT	3.02331456078	0.117276410058
31244	BURNT	5.10530789808	0.19378664843
6501	BURNT	2.74653676008	0.106844084733
8125	BURNT	10.8732993197	0.38764051755
31265	BURNT	3.26536023088	0.12634937826
21057	BURNT	5.96901909855	0.224509088343
807	BURNT		
1068	BURNT	3.4930985006	0.13484324517
356	BURNT	6.46357535478	0.241831891645
875	BURNT	6.55252099971	0.244926627408
14257	BURNT	1.16530989824	0.0460692170662
13204	BURNT	6.11475084637	0.22963396269
526618	BURNT	7.38422619047	0.273558329046
16324	BURNT	2.02212433507	0.0792493786724
6106	BURNT	2.95853319676	0.1148401604
61918	BURNT	9.19618296718	0.334019406221
8122	BURNT	12.5468478493	0.43890455759
4133	BURNT	3.37125	0.130303869375
14514	BURNT	3.2623447205	0.12623663159
98330	BURNT	3.37186047541	0.13032664179
11583	BURNT	3.51583050026	0.135688794368
22310	BURNT	4.12758536971	0.158288630395
1551246	BURNT	4.37753623189	0.167436319891
6050	BURNT	5.6160828063	0.212027157817
31272	BURNT	2.72088266219	0.105874025503
61052	BURNT	2.58775237688	0.10083151013
439570	BURNT	4.67302203673	0.178186027487
8091	BURNT	2.51114454753	0.0979234431258
61325	BURNT	4.55287850585	0.173823659158
220674	BURNT	4.14726890756	0.159010820546
15606	BURNT	2.46705806556	0.096247772423
7792	BURNT	2.18081010041	0.0853300309386
7151	BURNT	6.20890525149	0.232936008291
61527	ACID	8.7083189145	0.317998829253
520191	ACID	5.3998285981	0.204329884368
1110	ACID	6.01477090836	0.226119848702
12178	ACID	7.58988095238	0.280552720947
1549026	ACID	6.07926657513	0.228387670169
8078	ACID	5.78303347655	0.217943948586
7820	ACID	6.69643110493	0.24992036838
521238	ACID	5.02901377206	0.191044159075
7122	ACID	5.81824103196	0.219188869796
9589	ACID	2.81859997712	0.109566196752
24020	ACID	5.63667091836	0.212758013118
33032	ACID	4.42013975155	0.168990535893
8914	ACID	6.74802806044	0.251706769336
8082	ACID	5.93383906194	0.223269384072
6943	ACID	9.65751646196	0.348993608793
660	ACID	5.29175374406	0.200469086687
170833	ACID	8.96707737821	0.326519704446
11428	ACID	7.21535843685	0.267789778525
7144	ACID	4.35366132723	0.166564706308
15037	ACID	6.82504907777	0.254369445145
11529	ACID	3.8311715014	0.147375710027
14328	ACID	8.41048167848	0.308124786314
7409	ACID	11.4279304553	0.404878180416
6213	ACID	11.8069293254	0.416515740978
7059	ACID	7.08067443877	0.263172597347
261	ACID	5.17742269985	0.196374625669
17617	ACID	3.49452092365	0.134896166352
7335	ACID	4.91141794529	0.186807907318
8697	ACID	2.50702870729	0.097767071116
263	ACID	4.58659392648	0.175049019521
7654	ACID	2.90229296066	0.112722396655
957	ACID	7.15042527164	0.26556557824
7136	ACID	4.38970962933	0.167880564921
31249	ACID	5.29397026462	0.20054836212
1183	ACID	4.18724371378	0.160476544584
10430	ACID	5.91379673772	0.222562672767
7915	ACID	2.79922533305	0.108834748336
31244	ACID	6.33900295298	0.237486934744
6501	ACID	4.24468935113	0.16258061897
8125	ACID	8.83610287932	0.322213429535
31265	ACID	3.16779964222	0.122698003859
21057	ACID	6.37811974829	0.238852625322
807	ACID		
1068	ACID	8.3760572672	0.306978956551
356	ACID	6.71614973262	0.250603322412
875	ACID	4.91829810185	0.187056061587
14257	ACID	4.40671113307	0.168500804119
13204	ACID	4.73374164088	0.180386341666
526618	ACID	8.91316853128	0.324748911944
16324	ACID	6.42769883351	0.240581828423
6106	ACID	5.54347359013	0.209446903827
61918	ACID	8.63010724727	0.315412789451
8122	ACID	4.8785508248	0.185621929732
4133	ACID	4.11180841531	0.157709549235
14514	ACID	5.57852563484	0.21069304609
98330	ACID	4.43468822312	0.16952094507
11583	ACID	7.28511341169	0.270175385499
22310	ACID	7.62458506784	0.281729683731
1551246	ACID	7.02776698015	0.261354875715
6050	ACID	5.67150753536	0.213993902325
31272	ACID	4.58359720097	0.174940142719
61052	ACID	4.87643639062	0.185545602876
439570	ACID	6.1193512313	0.229795465455
8091	ACID	4.66268377439	0.177811102984
61325	ACID	3.99592061543	0.153449871991
220674	ACID	2.34899832668	0.0917528158117
15606	ACID	3.96776981617	0.152413513721
7792	ACID	6.46922175964	0.242028538316
7151	ACID	10.5299683184	0.376846639623
61527	WARM	6.39008822724	0.239270238069
520191	WARM	7.28101148707	0.270035208173
1110	WARM	3.82313379374	0.147078810948
12178	WARM	4.15572864334	0.159321113511
1549026	WARM	4.6061081244	0.175757832155
8078	WARM	6.7379411597	0.251357705959
7820	WARM	4.93978392237	0.187830770815
521238	WARM	5.5962326977	0.211322179745
7122	WARM	7.40058854702	0.274116057544
9589	WARM	7.97486532619	0.293555222259
24020	WARM	8.19606747107	0.300972490047
33032	WARM	4.46915574225	0.17077688847
8914	WARM	2.7665815903	0.107601674134
8082	WARM	6.11850670399	0.229765818445
6943	WARM	6.4070960151	0.239863488865
660	WARM	7.62335638493	0.281688030368
170833	WARM	6.53207526737	0.244215807775
11428	WARM	4.77666839253	0.181940111328
7144	WARM	4.91323279563	0.186873369223
15037	WARM	6.30608820116	0.236336828686
11529	WARM	4.84655821605	0.184466678025
14328	WARM	8.24765426885	0.302696650379
7409	WARM	4.96505419752	0.188741462627
6213	WARM	5.13204933859	0.194746801378
7059	WARM	7.49301488159	0.277262486457
261	WARM	5.71715358376	0.21561180531
17617	WARM	5.19939615821	0.197162358165
7335	WARM	5.34347195358	0.202317801136
8697	WARM	4.60929407022	0.175873526078
263	WARM	3.70375223963	0.142662977324
7654	WARM	5.36934883988	0.203241990809
957	WARM	2.79883768494	0.108820110443
7136	WARM	6.91782224787	0.257570384053
31249	WARM	4.29422405229	0.164392818007
1183	WARM	12.0748376065	0.424672822971
10430	WARM	4.52261133625	0.172722848131
7915	WARM	4.78595532663	0.18227606571
31244	WARM	7.8994270627	0.29101670334
6501	WARM	6.00267054122	0.225694000198
8125	WARM	5.21127693331	0.197588114422
31265	WARM	6.30789026666	0.23639981882
21057	WARM	7.26485061403	0.269482802784
807	WARM		
1068	WARM	4.36376786519	0.166933726615
356	WARM	3.46159826774	0.133670865683
875	WARM	9.69862097013	0.350319539316
14257	WARM	3.66057632245	0.141063125293
13204	WARM	6.04613636364	0.227223148575
526618	WARM	6.25646902617	0.234601399176
16324	WARM	5.63436849536	0.212676296478
6106	WARM	5.3927155456	0.204076069442
61918	WARM	5.80777409101	0.218818867684
8122	WARM	4.50983592557	0.172257988993
4133	WARM	4.93055194805	0.187497940917
14514	WARM	5.44383137557	0.205899135005
98330	WARM	8.64497177432	0.315904656181
11583	WARM	6.06546448711	0.227902635707
22310	WARM	7.16016059047	0.265899263746
1551246	WARM	4.41115872595	0.168663020516
6050	WARM	8.22326295051	0.301881696599
31272	WARM	6.91375942375	0.257430349202
61052	WARM	6.07827011239	0.228352657472
439570	WARM	7.90653650579	0.291256132425
8091	WARM	3.95356765328	0.151890427256
61325	WARM	5.45884541893	0.206434219434
220674	WARM	7.69655328798	0.284167358513
15606	WARM	4.98023572439	0.189288329827
7792	WARM	5.65976895359	0.2135775643
7151	WARM	6.10997714604	0.229466357552
61527	MUSKY	6.37906593617	0.23888564456
520191	MUSKY	2.63718694097	0.102705575654
1110	MUSKY	13.2780639625	0.460599765464
12178	MUSKY	4.7813014248	0.182107719666
1549026	MUSKY	5.32722531528	0.201737280787
8078	MUSKY	6.49129214714	0.24279693639
7820	MUSKY	9.92557382519	0.357616146704
521238	MUSKY	6.54885425731	0.244799173459
7122	MUSKY	2.63961645376	0.102797628141
9589	MUSKY	4.54929364125	0.173693316596
24020	MUSKY	8.56945724762	0.313404050897
33032	MUSKY	8.22229578306	0.301849372145
8914	MUSKY	5.32151812853	0.201533303064
8082	MUSKY	4.53491542698	0.173170433907
6943	MUSKY	8.11336595236	0.298203955264
660	MUSKY	5.67152527255	0.213994531335
170833	MUSKY	6.25779748707	0.234647887727
11428	MUSKY	5.67040737436	0.213954887058
7144	MUSKY	7.34165853138	0.272106361259
15037	MUSKY	11.9528262274	0.420965027167
11529	MUSKY	5.77034447866	0.217495028986
14328	MUSKY	8.70974028403	0.318045781035
7409	MUSKY	4.55838358071	0.174023798881
6213	MUSKY	5.60395675753	0.211596537765
7059	MUSKY	6.1006987263	0.229140539072
261	MUSKY	14.3621750818	0.49197817404
17617	MUSKY	1.98049440366	0.0776508329132
7335	MUSKY	7.10535605977	0.264019808496
8697	MUSKY	11.1510320345	0.396303075206
263	MUSKY	8.63630715682	0.31561796575
7654	MUSKY	7.43616092094	0.275327841141
957	MUSKY	7.71205360594	0.284691835909
7136	MUSKY	8.16987207926	0.300096159254
31249	MUSKY	3.660280947	0.141052175236
1183	MUSKY	10.6514403555	0.380676341562
10430	MUSKY	9.15592607747	0.332704650164
7915	MUSKY	4.60314162366	0.175650099823
31244	MUSKY	7.60468799933	0.281055008146
6501	MUSKY	6.63475663144	0.247782267034
8125	MUSKY	6.18653661464	0.232152170472
31265	MUSKY	4.30589995398	0.164819688394
21057	MUSKY	7.57294837618	0.279978116204
807	MUSKY		
1068	MUSKY	5.6130530773	0.211919577152
356	MUSKY	7.92439469627	0.29185737533
875	MUSKY	6.16773979007	0.231493185955
14257	MUSKY	5.43007689188	0.205408781655
13204	MUSKY	13.8314838737	0.476735376488
526618	MUSKY	14.5328701694	0.496833080631
16324	MUSKY	5.06829998776	0.192456933604
6106	MUSKY	12.5269894341	0.43830939165
61918	MUSKY	4.74857892914	0.180923556427
8122	MUSKY	7.7637406277	0.286439357694
4133	MUSKY	6.08328491902	0.228528854599
14514	MUSKY	4.19227212449	0.160660826753
98330	MUSKY	12.1988520409	0.428429285188
11583	MUSKY	6.60044557508	0.246591470287
22310	MUSKY	4.93330818887	0.18759731568
1551246	MUSKY	7.64809430595	0.282526433633
6050	MUSKY	10.0211857707	0.360677765129
31272	MUSKY	6.77081776299	0.252495121248
61052	MUSKY	9.9212038867	0.357476040843
439570	MUSKY	7.93658569534	0.292267670814
8091	MUSKY	5.2104093494	0.197557027741
61325	MUSKY	4.73572263451	0.180458077832
220674	MUSKY	8.57478857498	0.313580743357
15606	MUSKY	9.91831052912	0.357383267664
7792	MUSKY	8.27652819388	0.303660760178
7151	MUSKY	7.94777889054	0.292644279905
61527	SWEATY	4.68502725003	0.178621297868
520191	SWEATY	4.98704777366	0.189533652748
1110	SWEATY	7.94121834118	0.29242355415
12178	SWEATY	3.44920918368	0.13320954975
1549026	SWEATY	7.59945620447	0.280877554338
8078	SWEATY	7.33057733396	0.271728147739
7820	SWEATY	3.02353741265	0.117284785112
521238	SWEATY	4.2828857833	0.163978187079
7122	SWEATY	2.44430272624	0.0953822627226
9589	SWEATY	1.29382443433	0.0510833847065
24020	SWEATY	2.41119465293	0.0941222422555
33032	SWEATY	7.7891274741	0.287296896241
8914	SWEATY	2.22253700277	0.0869256118195
8082	SWEATY	7.81899588954	0.288305156893
6943	SWEATY	3.76422574639	0.144901271668
660	SWEATY	2.23396658882	0.0873624208649
170833	SWEATY	3.1056122449	0.12036655883
11428	SWEATY	4.45585808629	0.170292454937
7144	SWEATY	2.17628898871	0.0851570660435
15037	SWEATY	1.23867544567	0.048933291083
11529	SWEATY	7.02974503123	0.261422875168
14328	SWEATY	2.58423334167	0.100698028881
7409	SWEATY	3.92131278043	0.150701833649
6213	SWEATY	5.08008703481	0.19288056768
7059	SWEATY	3.24492488629	0.125585180444
261	SWEATY	6.06822336204	0.227999600573
17617	SWEATY	3.00137726296	0.116451784329
7335	SWEATY	2.39218943734	0.0933985493721
8697	SWEATY	6.66765346665	0.248923097565
263	SWEATY	7.11178435605	0.264240383551
7654	SWEATY	3.09458738725	0.119952907051
957	SWEATY	5.08397276496	0.193020198968
7136	SWEATY	3.356456472	0.129751938861
31249	SWEATY	2.92186877076	0.113459823985
1183	SWEATY	1.2683255095	0.0500895605407
10430	SWEATY	7.05231643356	0.262198590511
7915	SWEATY	1.77140022676	0.069600865565
31244	SWEATY	2.6638363254	0.103715043429
6501	SWEATY	6.46865928209	0.24200895012
8125	SWEATY	2.14352405993	0.0839030842389
31265	SWEATY	3.19121691065	0.123575130278
21057	SWEATY	3.46398011235	0.133759541206
807	SWEATY		
1068	SWEATY	4.31612940631	0.165193587032
356	SWEATY	2.16592476522	0.0847604985733
875	SWEATY	3.47907630109	0.13432146328
14257	SWEATY	3.57944780737	0.138052933653
13204	SWEATY	3.55416902871	0.137113914155
526618	SWEATY	3.56171680609	0.137394341601
16324	SWEATY	3.25610445629	0.126003291759
6106	SWEATY	13.9520267862	0.48021745087
61918	SWEATY	5.21884695852	0.19785933291
8122	SWEATY	1.95438219605	0.0766474439347
4133	SWEATY	2.02577887093	0.0793896428238
14514	SWEATY	7.9274669868	0.291960786341
98330	SWEATY	2.3869477088	0.0931989006061
11583	SWEATY	6.95200785024	0.25874814875
22310	SWEATY	3.74407590159	0.144155794321
1551246	SWEATY	3.56078112904	0.137359580262
6050	SWEATY	4.79823781291	0.182720278073
31272	SWEATY	3.35017679462	0.129517597963
61052	SWEATY	3.58187630784	0.13814311716
439570	SWEATY	0.677608582235	0.0269206819331
8091	SWEATY	3.53694044262	0.136473638627
61325	SWEATY	2.00725468975	0.0786785590344
220674	SWEATY	4.66123188406	0.177758442292
15606	SWEATY	6.80357598838	0.253627581043
7792	SWEATY	3.97251196104	0.152588137929
7151	SWEATY	2.95482502651	0.114700604686
61527	AMMONIA/URINOUS	5.313353002	0.201241432031
520191	AMMONIA/URINOUS	3.30909038734	0.127983583817
1110	AMMONIA/URINOUS	6.4383521887	0.240953135986
12178	AMMONIA/URINOUS	8.94367447393	0.325751253719
1549026	AMMONIA/URINOUS	2.66794728476	0.103870714305
8078	AMMONIA/URINOUS	5.44822120709	0.206055602555
7820	AMMONIA/URINOUS	3.32017539409	0.128397589905
521238	AMMONIA/URINOUS	3.33588056038	0.12898398277
7122	AMMONIA/URINOUS	4.27838952635	0.163813734278
9589	AMMONIA/URINOUS	8.06896587884	0.296715351012
24020	AMMONIA/URINOUS	3.22896199049	0.124988001405
33032	AMMONIA/URINOUS	1.65182712215	0.0649816717496
8914	AMMONIA/URINOUS	8.41644074835	0.308323039986
8082	AMMONIA/URINOUS	9.15963077336	0.332825696573
6943	AMMONIA/URINOUS	4.38433130699	0.167684307876
660	AMMONIA/URINOUS	3.91210652443	0.150362429994
170833	AMMONIA/URINOUS	7.59591836735	0.280757544357
11428	AMMONIA/URINOUS	8.44931597784	0.309416262916
7144	AMMONIA/URINOUS	5.90137889422	0.222124646627
15037	AMMONIA/URINOUS	7.25092948718	0.269006788116
11529	AMMONIA/URINOUS	2.17177697962	0.084984433085
14328	AMMONIA/URINOUS	1.64019778438	0.0645318118663
7409	AMMONIA/URINOUS	6.5722149625	0.245610994695
6213	AMMONIA/URINOUS	5.19274040282	0.196923794956
7059	AMMONIA/URINOUS	6.30333271042	0.236240507114
261	AMMONIA/URINOUS	7.05326308356	0.262231115292
17617	AMMONIA/URINOUS	4.7881576832	0.182355725728
7335	AMMONIA/URINOUS	1.46491083861	0.0577380480382
8697	AMMONIA/URINOUS	1.87178586846	0.0734700018036
263	AMMONIA/URINOUS	4.19740675376	0.160848980768
7654	AMMONIA/URINOUS	5.98125975199	0.224940202791
957	AMMONIA/URINOUS	7.23259923196	0.268379772618
7136	AMMONIA/URINOUS	2.38395481869	0.0930848965167
31249	AMMONIA/URINOUS	2.96533660021	0.115096175547
1183	AMMONIA/URINOUS	3.17513652686	0.122972864289
10430	AMMONIA/URINOUS	6.76659832686	0.252349191907
7915	AMMONIA/URINOUS	4.76829574782	0.181637172177
31244	AMMONIA/URINOUS	5.34268054586	0.202289527668
6501	AMMONIA/URINOUS	2.57413692572	0.100315004664
8125	AMMONIA/URINOUS	9.59022628096	0.34682007519
31265	AMMONIA/URINOUS	6.05279960497	0.227457430976
21057	AMMONIA/URINOUS	7.12982629249	0.264859282515
807	AMMONIA/URINOUS		
1068	AMMONIA/URINOUS	6.90693376286	0.257195056913
356	AMMONIA/URINOUS	5.98601704347	0.225107721721
875	AMMONIA/URINOUS	7.96389843588	0.293186466116
14257	AMMONIA/URINOUS	6.83342278855	0.254658644739
13204	AMMONIA/URINOUS	8.65315731569	0.316175440015
526618	AMMONIA/URINOUS	7.39890797105	0.274058783177
16324	AMMONIA/URINOUS	3.35672720999	0.129762041375
6106	AMMONIA/URINOUS	4.36392514698	0.166939468804
61918	AMMONIA/URINOUS	6.13484054928	0.230339114545
8122	AMMONIA/URINOUS	4.04439318035	0.155232880735
4133	AMMONIA/URINOUS	1.98993239661	0.078013363487
14514	AMMONIA/URINOUS	5.33445612949	0.2019956763
98330	AMMONIA/URINOUS	5.55337491456	0.209799007406
11583	AMMONIA/URINOUS	9.27426057379	0.336565659275
22310	AMMONIA/URINOUS	4.71601497164	0.17974427998
1551246	AMMONIA/URINOUS	5.67714803313	0.214193917409
6050	AMMONIA/URINOUS	2.47734808962	0.0966390221621
31272	AMMONIA/URINOUS	3.24286030146	0.125507954884
61052	AMMONIA/URINOUS	5.11005499626	0.193957135025
439570	AMMONIA/URINOUS	3.41014029208	0.131753988959
8091	AMMONIA/URINOUS	4.39691747146	0.168143545558
61325	AMMONIA/URINOUS	3.91703569797	0.150544160455
220674	AMMONIA/URINOUS	5.80403992427	0.218686845194
15606	AMMONIA/URINOUS	2.27633278938	0.0889806351879
7792	AMMONIA/URINOUS	6.90754044039	0.257215971641
7151	AMMONIA/URINOUS	2.5177523977	0.0981744650535
61527	DECAYED	1.19991545894	0.047420699514
520191	DECAYED	1.56121980676	0.0614738293565
1110	DECAYED	15.7385280128	0.530460614909
12178	DECAYED	2.5848854911	0.100722766443
1549026	DECAYED	2.97687436677	0.115530262272
8078	DECAYED	7.79972900336	0.287654851124
7820	DECAYED	7.19050618971	0.266938895883
521238	DECAYED	3.47703804118	0.134245604231
7122	DECAYED	2.55441382783	0.0995665411118
9589	DECAYED	1.96327025031	0.0769890379821
24020	DECAYED	1.1782992942	0.0465766160774
33032	DECAYED	6.60648406731	0.24680111
8914	DECAYED	2.33631040354	0.091269077621
8082	DECAYED	7.16642016391	0.26611377537
6943	DECAYED	2.55721569277	0.099672886871
660	DECAYED	5.1468459683	0.195277829363
170833	DECAYED	3.02200565413	0.117227218896
11428	DECAYED	4.47051401031	0.170826362206
7144	DECAYED	2.75345142142	0.107105458965
15037	DECAYED	1.21285165485	0.0479256625392
11529	DECAYED	2.67900983845	0.104289556052
14328	DECAYED	3.14981207565	0.122023956581
7409	DECAYED	7.04615718629	0.261986955014
6213	DECAYED	5.47162766987	0.206889623052
7059	DECAYED	3.54261626628	0.136684598647
261	DECAYED	4.09935343369	0.157252257918
17617	DECAYED	3.88433547332	0.149338194105
7335	DECAYED	2.75	0.106975
8697	DECAYED	2.19670006822	0.0859378062531
263	DECAYED	3.4811897525	0.134400117263
7654	DECAYED	6.36486246698	0.23838990899
957	DECAYED	6.3122565126	0.236552427592
7136	DECAYED	10.9593397359	0.390330738457
31249	DECAYED	2.62957707863	0.1024172129
1183	DECAYED	5.33799292213	0.202122049511
10430	DECAYED	13.7827652811	0.475324763725
7915	DECAYED	4.03861128278	0.155020298874
31244	DECAYED	7.72854875284	0.285249763783
6501	DECAYED	4.00081690936	0.153630061998
8125	DECAYED	3.53819367589	0.13652022124
31265	DECAYED	1.01993828561	0.0403814217816
21057	DECAYED	3.2194675252	0.124632712549
807	DECAYED		
1068	DECAYED	12.1157105751	0.425912245909
356	DECAYED	6.35522281376	0.238053369745
875	DECAYED	6.49603174602	0.242961898463
14257	DECAYED	5.43159768298	0.205463005963
13204	DECAYED	4.91032767516	0.186768579855
526618	DECAYED	10.7049226964	0.38235875988
16324	DECAYED	5.51269369624	0.208351831134
6106	DECAYED	2.81447688836	0.109410563472
61918	DECAYED	4.26077533578	0.163169330846
8122	DECAYED	2.57011377422	0.100162357044
4133	DECAYED	6.88071210917	0.256290804715
14514	DECAYED	0.787227424749	0.0312412061827
98330	DECAYED	10.3772375855	0.372014679458
11583	DECAYED	8.93027457361	0.32531106136
22310	DECAYED	3.81068567853	0.146618897005
1551246	DECAYED	3.52876743813	0.136169817672
6050	DECAYED	1.70456965395	0.0670205630759
31272	DECAYED	5.1094953187	0.193937035783
61052	DECAYED	4.36838285247	0.1671022066
439570	DECAYED	4.52406011333	0.17277555657
8091	DECAYED	4.37064766959	0.167184882363
61325	DECAYED	3.13109152752	0.121322167439
220674	DECAYED	2.55775533591	0.0996933684932
15606	DECAYED	3.62543956484	0.139760057778
7792	DECAYED	3.9857988702	0.153077317754
7151	DECAYED	4.18861438937	0.160526779374
61527	WOOD	5.65470788635	0.213398026942
520191	WOOD	6.7400658228	0.251431237994
1110	WOOD	1.70195551905	0.0669195597264
12178	WOOD	1.7922490592	0.0704050996918
1549026	WOOD	3.30769703044	0.12793153736
8078	WOOD	2.93622296892	0.114000356627
7820	WOOD	3.65433738404	0.140831822675
521238	WOOD	4.05443389206	0.155601982008
7122	WOOD	3.22388297872	0.124797950565
9589	WOOD	2.72592459417	0.10606471781
24020	WOOD	1.06982368046	0.0423351381355
33032	WOOD	3.8058757764	0.146441154886
8914	WOOD	4.68290100499	0.178544215471
8082	WOOD	3.0436825366	0.11804170011
6943	WOOD	3.69983371988	0.142517840973
660	WOOD	3.62717262561	0.139824352522
170833	WOOD	5.68834610106	0.214590931496
11428	WOOD	1.89200680272	0.0742483962123
7144	WOOD	3.98914503753	0.153200490249
15037	WOOD	2.43051630435	0.0948576883716
11529	WOOD	4.70731126405	0.179428938827
14328	WOOD	3.85478109884	0.148247509026
7409	WOOD	4.04535939777	0.155268402848
6213	WOOD	4.80931406539	0.183120761904
7059	WOOD	7.15840517242	0.265839101052
261	WOOD	8.35391720248	0.306241515049
17617	WOOD	2.28014946261	0.0891263458756
7335	WOOD	4.38636363636	0.167758471074
8697	WOOD	2.16740505922	0.0848171444924
263	WOOD	3.7441426464	0.144158264193
7654	WOOD	5.26087777471	0.199364377004
957	WOOD	3.22216829419	0.124733784361
7136	WOOD	3.36399818422	0.130033333855
31249	WOOD	2.2392319298	0.0875636133377
1183	WOOD	2.25027192792	0.087985387617
10430	WOOD	1.92306902524	0.0754434832191
7915	WOOD	2.99961112239	0.116385378141
31244	WOOD	4.03775510204	0.154988817576
6501	WOOD	1.58387467192	0.0623515232863
8125	WOOD	4.74941489737	0.180953819148
31265	WOOD	0.540226896468	0.0214923378189
21057	WOOD	6.23258069505	0.233765202954
807	WOOD		
1068	WOOD	4.68421907415	0.178591999632
356	WOOD	4.2797380499	0.163863058886
875	WOOD	3.77298609879	0.145225274311
14257	WOOD	1.71044455026	0.0672475337867
13204	WOOD	3.86202320285	0.148514838826
526618	WOOD	5.97699773784	0.22479010873
16324	WOOD	4.27889959519	0.163832391109
6106	WOOD	3.24434093067	0.125563337997
61918	WOOD	11.8497574382	0.417823596992
8122	WOOD	5.17947852985	0.196448342057
4133	WOOD	1.17029195011	0.0462638447051
14514	WOOD	5.97175614999	0.224605497394
98330	WOOD	4.70884353742	0.179484458513
11583	WOOD	0.825212862319	0.0327361239855
22310	WOOD	4.4150499859	0.168804932885
1551246	WOOD	4.04669551932	0.155317522922
6050	WOOD	4.33901874367	0.166029916284
31272	WOOD	1.33628952569	0.0527373131491
61052	WOOD	0.584326132152	0.0232364704746
439570	WOOD	3.25350220955	0.125905977731
8091	WOOD	3.67104735809	0.141451258841
61325	WOOD	3.84367877648	0.147837604444
220674	WOOD	3.69343603747	0.142280853594
15606	WOOD	1.72241775239	0.0677100209299
7792	WOOD	2.71206503727	0.105540482784
7151	WOOD	2.74939969133	0.106952308188
61527	GRASS	5.04504552506	0.191620827262
520191	GRASS	3.74371107017	0.144142293776
1110	GRASS	9.26883563046	0.336388899641
12178	GRASS	2.42463214801	0.0946337494991
1549026	GRASS	6.02509035406	0.226482928653
8078	GRASS	2.34086474501	0.0914427306987
7820	GRASS	3.26550807454	0.126354905788
521238	GRASS	1.67351584903	0.0658203718423
7122	GRASS	0.951023111621	0.0376791464813
9589	GRASS	1.87754090429	0.0736915722328
24020	GRASS	1.37394980165	0.0542028968429
33032	GRASS	1.70895944237	0.0671901607444
8914	GRASS	2.48166833232	0.096803262208
8082	GRASS	3.06214846235	0.118735237212
6943	GRASS	2.87501139818	0.111694179711
660	GRASS	1.65745335374	0.0651992735018
170833	GRASS	3.24686149907	0.125657616125
11428	GRASS	2.93224587912	0.113850608807
7144	GRASS	2.99281007037	0.116129637968
15037	GRASS	2.8205079858	0.109638213313
11529	GRASS	3.06962611591	0.11901600284
14328	GRASS	2.3913297699	0.0933658075686
7409	GRASS	3.12679554829	0.121161081771
6213	GRASS	4.28769285743	0.164153990281
7059	GRASS	1.54670265313	0.0609111904862
261	GRASS	1.05159683794	0.041621531154
17617	GRASS	7.17524590981	0.266416174846
7335	GRASS	7.51466479866	0.277998517132
8697	GRASS	2.14228113071	0.0838554978513
263	GRASS	1.80121251266	0.0707507539003
7654	GRASS	2.47652400222	0.0966076916355
957	GRASS	2.365315832	0.0923747456861
7136	GRASS	1.49226594715	0.0587998948233
31249	GRASS	4.64915848671	0.177320469615
1183	GRASS	1.91964026915	0.0753116032609
10430	GRASS	4.77796727347	0.181987102432
7915	GRASS	0.832854584684	0.0330367246837
31244	GRASS	2.44380952381	0.0953634989568
6501	GRASS	4.78796446279	0.182348737033
8125	GRASS	1.88103517376	0.0738260896204
31265	GRASS	2.91360896271	0.113148711634
21057	GRASS	2.45257048748	0.0956967787009
807	GRASS		
1068	GRASS	3.9927718073	0.15333398161
356	GRASS	0.971022727273	0.0384637550362
875	GRASS	2.80467625512	0.109040566646
14257	GRASS	1.90324166767	0.0746807351685
13204	GRASS	1.6618784677	0.0653704026916
526618	GRASS	3.06644709715	0.118896644766
16324	GRASS	5.85929631772	0.220639311373
6106	GRASS	2.54581591091	0.0992401649753
61918	GRASS	6.06935490105	0.228039368476
8122	GRASS	2.61798223452	0.101977756989
4133	GRASS	1.66827380952	0.0656176973795
14514	GRASS	3.10012887505	0.120160835385
98330	GRASS	4.29616472252	0.164463776371
11583	GRASS	0.516239935588	0.0205429959551
22310	GRASS	4.64429901637	0.177144155313
1551246	GRASS	3.4143387065	0.131910464739
6050	GRASS	2.7108476742	0.105494428923
31272	GRASS	1.23325767112	0.0487219370513
61052	GRASS	3.73407265962	0.143785586934
439570	GRASS	4.98898743834	0.18960349927
8091	GRASS	3.01470622816	0.116952867669
61325	GRASS	7.19550419186	0.267110055444
220674	GRASS	2.65082950176	0.103222421252
15606	GRASS	8.46571265743	0.309961189978
7792	GRASS	1.8180101934	0.0713983433108
7151	GRASS	2.1226967775	0.0831055344564
61527	FLOWER	3.20949749339	0.124259550071
520191	FLOWER	1.83095208507	0.0718971291877
1110	FLOWER	1.1798136646	0.0466357624706
12178	FLOWER	3.75092329974	0.144409161749
1549026	FLOWER	6.68203431373	0.249421539521
8078	FLOWER	9.28735538475	0.336992227373
7820	FLOWER	5.84349057645	0.220081070211
521238	FLOWER	7.28321649655	0.270110562848
7122	FLOWER	7.27738366623	0.269911221439
9589	FLOWER	9.33283833494	0.338472784843
24020	FLOWER	6.59516297268	0.246408049053
33032	FLOWER	2.91076923077	0.113041738225
8914	FLOWER	4.79441497927	0.182582033174
8082	FLOWER	7.34507485908	0.272222944489
6943	FLOWER	1.77168921917	0.0696120156909
660	FLOWER	7.10406556181	0.26397552347
170833	FLOWER	4.01978458049	0.15432791599
11428	FLOWER	3.32432808546	0.12855266053
7144	FLOWER	3.41375663453	0.131888771637
15037	FLOWER	10.1147325294	0.363666175519
11529	FLOWER	5.63004369199	0.21252279089
14328	FLOWER	9.62773329144	0.348032032325
7409	FLOWER	6.36219848415	0.238296911545
6213	FLOWER	1.73512605042	0.0682007770525
7059	FLOWER	5.93913965219	0.223456234164
261	FLOWER	1.84084110334	0.0722781657464
17617	FLOWER	6.75723464941	0.252025297934
7335	FLOWER	7.96122769594	0.293096649267
8697	FLOWER	7.00135210712	0.260446511754
263	FLOWER	7.63623949583	0.282124718378
7654	FLOWER	8.58345461829	0.313867907458
957	FLOWER	6.44605870816	0.241221679179
7136	FLOWER	10.2673372128	0.368526203135
31249	FLOWER	8.50066886477	0.311122206131
1183	FLOWER	9.75694745983	0.3521986889
10430	FLOWER	2.45337322917	0.0957273130861
7915	FLOWER	2.17856754775	0.0852442392861
31244	FLOWER	11.0379553211	0.392783629777
6501	FLOWER	6.30663167027	0.236355825601
8125	FLOWER	10.3049536889	0.369721319343
31265	FLOWER	5.63228872318	0.212602478423
21057	FLOWER	10.202413273	0.366460836283
807	FLOWER		
1068	FLOWER	2.21756702681	0.0867356396651
356	FLOWER	4.93814632573	0.187771737375
875	FLOWER	2.56225355717	0.0998640849701
14257	FLOWER	2.33276768725	0.091133985457
13204	FLOWER	3.11345884658	0.120660903468
526618	FLOWER	0.970706499506	0.0384513515369
16324	FLOWER	6.92967298549	0.257978772345
6106	FLOWER	1.91032673395	0.074953330066
61918	FLOWER	3.90485946317	0.150095207556
8122	FLOWER	0.965012671735	0.0382280070868
4133	FLOWER	16.0857954545	0.53993069202
14514	FLOWER	3.50160810778	0.135159820575
98330	FLOWER	2.82396615092	0.109768732108
11583	FLOWER	5.39747845805	0.20424602884
22310	FLOWER	9.49349138801	0.343689104027
1551246	FLOWER	7.65383501585	0.282720924454
6050	FLOWER	6.62197494053	0.247338776776
31272	FLOWER	5.65355739326	0.213357211251
61052	FLOWER	8.01665442617	0.294959477771
439570	FLOWER	8.95443758296	0.326104722347
8091	FLOWER	11.1583642554	0.396530933075
61325	FLOWER	4.36947557763	0.167142096376
220674	FLOWER	8.57411580858	0.313558447584
15606	FLOWER	8.41501980404	0.308275768841
7792	FLOWER	7.64672588923	0.282480068839
7151	FLOWER	10.1367934783	0.364369906322
61527	CHEMICAL	15.5578170499	0.525494413453
520191	CHEMICAL	14.744402653	0.502817142282
1110	CHEMICAL	11.9906230258	0.422114904814
12178	CHEMICAL	22.8794250474	0.705789765697
1549026	CHEMICAL	6.74984431292	0.251769613217
8078	CHEMICAL	31.9985231672	0.870378732735
7820	CHEMICAL	9.88806136754	0.356412951658
521238	CHEMICAL	14.6514630471	0.500192374116
7122	CHEMICAL	18.3821312356	0.600124149918
9589	CHEMICAL	7.12379162191	0.264652302047
24020	CHEMICAL	24.6077952181	0.742094374526
33032	CHEMICAL	9.29784313726	0.337333770688
8914	CHEMICAL	29.3885169708	0.830066706934
8082	CHEMICAL	26.2973675021	0.775274085068
6943	CHEMICAL	37.6113018345	0.938608063106
660	CHEMICAL	13.3529020076	0.462796083493
170833	CHEMICAL	28.0481618915	0.807246721462
11428	CHEMICAL	28.1905059524	0.809738387755
7144	CHEMICAL	14.9991932337	0.509977410282
15037	CHEMICAL	7.33082109646	0.271736468679
11529	CHEMICAL	13.362558852	0.46307916245
14328	CHEMICAL	6.36969849427	0.238558716208
7409	CHEMICAL	25.8238907267	0.766206296162
6213	CHEMICAL	7.36976300085	0.273065157359
7059	CHEMICAL	21.5129929508	0.675396171752
261	CHEMICAL	18.7588410167	0.609595994151
17617	CHEMICAL	11.2042215157	0.397955028718
7335	CHEMICAL	7.8614275564	0.289736284966
8697	CHEMICAL	18.5226363464	0.603670230968
263	CHEMICAL	20.9818285391	0.663178290027
7654	CHEMICAL	15.0234516063	0.510656424985
957	CHEMICAL	25.6019765813	0.761894581304
7136	CHEMICAL	12.0041661626	0.422526644401
31249	CHEMICAL	8.87316519516	0.323433383574
1183	CHEMICAL	15.937074836	0.535886851709
10430	CHEMICAL	14.1756074911	0.486645160548
7915	CHEMICAL	18.8733942513	0.612453765826
31244	CHEMICAL	13.7595563443	0.474652097454
6501	CHEMICAL	10.9343840051	0.389551058774
8125	CHEMICAL	30.6306244231	0.849930915904
31265	CHEMICAL	12.170355381	0.427567195201
21057	CHEMICAL	17.7303071639	0.583466769707
807	CHEMICAL		
1068	CHEMICAL	18.2575212406	0.596966016883
356	CHEMICAL	33.6842385798	0.893518371712
875	CHEMICAL	12.7559710248	0.445152922277
14257	CHEMICAL	28.7823209303	0.819924037958
13204	CHEMICAL	12.3165146322	0.431981972213
526618	CHEMICAL	10.1271522743	0.364062405697
16324	CHEMICAL	16.7006812404	0.556462148058
6106	CHEMICAL	13.9004234787	0.478728229995
61918	CHEMICAL	8.56803001814	0.313356745369
8122	CHEMICAL	23.5291013955	0.719716610828
4133	CHEMICAL	31.45953907	0.862500523401
14514	CHEMICAL	10.9638828659	0.390472623638
98330	CHEMICAL	11.5724779651	0.409330220103
11583	CHEMICAL	26.2900567175	0.775135435816
22310	CHEMICAL	20.1019655627	0.642443014715
1551246	CHEMICAL	11.0283839118	0.392485255789
6050	CHEMICAL	11.1321165731	0.395715055164
31272	CHEMICAL	16.9742422357	0.563719729637
61052	CHEMICAL	12.5107786917	0.43782331428
439570	CHEMICAL	22.5324422022	0.698213307449
8091	CHEMICAL	17.6687853954	0.581877024876
61325	CHEMICAL	14.1559776551	0.486082424855
220674	CHEMICAL	17.7692265668	0.58447089756
15606	CHEMICAL	16.4861273888	0.550728137039
7792	CHEMICAL	23.3123877864	0.715108541735
7151	CHEMICAL	10.8614410631	0.387269281736
