#oID	descriptor	value	sigma
520191	INTENSITY/STRENGTH	73.1459183673	0.785706585173
1110	INTENSITY/STRENGTH	13.8102040816	0.476119468555
12178	INTENSITY/STRENGTH	71.9918367347	0.806543646814
8078	INTENSITY/STRENGTH	33.8928571428	0.896223979592
7820	INTENSITY/STRENGTH	37.9591836735	0.942007496877
521238	INTENSITY/STRENGTH	39.9673469388	0.959738349021
7122	INTENSITY/STRENGTH	48.2540816327	0.998780707622
9589	INTENSITY/STRENGTH	74.0795918367	0.76806930279
24020	INTENSITY/STRENGTH	64.4693877551	0.916254727197
33032	INTENSITY/STRENGTH	9.35714285715	0.339263265306
8914	INTENSITY/STRENGTH	51.8714285714	0.998599102041
8082	INTENSITY/STRENGTH	29.0510204081	0.824456101624
6943	INTENSITY/STRENGTH	78.3020408163	0.679597794252
660	INTENSITY/STRENGTH	63.0469387755	0.931910955435
170833	INTENSITY/STRENGTH	42.4775510204	0.97736510454
11428	INTENSITY/STRENGTH	28.5918367347	0.816676218242
15037	INTENSITY/STRENGTH	36.506122449	0.927166107455
11529	INTENSITY/STRENGTH	61.7714285714	0.944573387755
14328	INTENSITY/STRENGTH	35.393877551	0.914664474802
7409	INTENSITY/STRENGTH	63.5510204082	0.926547938359
6213	INTENSITY/STRENGTH	34.0244897959	0.897913229488
7059	INTENSITY/STRENGTH	63.012244898	0.932272593086
261	INTENSITY/STRENGTH	57.1551020408	0.979521805914
17617	INTENSITY/STRENGTH	27.7142857143	0.80133877551
7335	INTENSITY/STRENGTH	57.6510204081	0.976584754686
8697	INTENSITY/STRENGTH	67.3897959184	0.879037999167
7654	INTENSITY/STRENGTH	40.6979591837	0.965388814661
957	INTENSITY/STRENGTH	68.6673469388	0.860612063307
7136	INTENSITY/STRENGTH	33.3775510204	0.889477675969
31249	INTENSITY/STRENGTH	42.0469387755	0.974699526864
1183	INTENSITY/STRENGTH	48.4969387755	0.999096322782
7915	INTENSITY/STRENGTH	29.3163265306	0.828874260725
31244	INTENSITY/STRENGTH	64.5418367347	0.915413993753
8125	INTENSITY/STRENGTH	56.0959183674	0.985135911703
31265	INTENSITY/STRENGTH	59.9	0.960796
21057	INTENSITY/STRENGTH	64.3285714286	0.917876816327
807	INTENSITY/STRENGTH	38.8428571428	0.950207265306
1068	INTENSITY/STRENGTH	29.0163265306	0.823874179092
356	INTENSITY/STRENGTH	52.9816326531	0.996443946689
875	INTENSITY/STRENGTH	12.6367346939	0.441594562266
14257	INTENSITY/STRENGTH	37.0326530612	0.932739165348
13204	INTENSITY/STRENGTH	54.1469387755	0.993121159517
16324	INTENSITY/STRENGTH	64.0244897959	0.921325474386
6106	INTENSITY/STRENGTH	49.2734693877	0.999788861308
61918	INTENSITY/STRENGTH	66.6306122449	0.889369094544
8122	INTENSITY/STRENGTH	40.8520408163	0.96652593711
4133	INTENSITY/STRENGTH	59.1275510204	0.966675124948
14514	INTENSITY/STRENGTH	61.6795918367	0.945434853811
98330	INTENSITY/STRENGTH	51.4632653061	0.999143541858
11583	INTENSITY/STRENGTH	68.0530612245	0.86963479217
22310	INTENSITY/STRENGTH	36.3428571429	0.925392979592
1551246	INTENSITY/STRENGTH	42.7734693877	0.979110902124
6050	INTENSITY/STRENGTH	11.9142857143	0.419791346939
31272	INTENSITY/STRENGTH	61.4857142857	0.947231346939
61052	INTENSITY/STRENGTH	41.9428571429	0.974032979592
439570	INTENSITY/STRENGTH	56.8959183674	0.980978523948
8091	INTENSITY/STRENGTH	50.8224489796	0.99972943107
61325	INTENSITY/STRENGTH	47.6428571428	0.99777755102
220674	INTENSITY/STRENGTH	31.5530612245	0.863884179925
15606	INTENSITY/STRENGTH	42.2857142857	0.976195918367
7792	INTENSITY/STRENGTH	38.8020408163	0.949842284048
7151	INTENSITY/STRENGTH	71.1142857143	0.82167477551
61527	VALENCE/PLEASANTNESS	43.8732772429	0.984985307303
520191	VALENCE/PLEASANTNESS	47.198552815	0.996860757468
1110	VALENCE/PLEASANTNESS	36.5178167419	0.927292293838
12178	VALENCE/PLEASANTNESS	36.7939409781	0.930240002044
1549026	VALENCE/PLEASANTNESS	51.0490600751	0.999559789184
8078	VALENCE/PLEASANTNESS	44.4933278333	0.987870624659
7820	VALENCE/PLEASANTNESS	48.348617948	0.998909174927
521238	VALENCE/PLEASANTNESS	49.7122961171	0.99996689059
7122	VALENCE/PLEASANTNESS	52.1714874961	0.998113856822
9589	VALENCE/PLEASANTNESS	49.7265306123	0.999970085798
24020	VALENCE/PLEASANTNESS	56.8800263161	0.981066095156
33032	VALENCE/PLEASANTNESS	38.7000483092	0.948924436714
8914	VALENCE/PLEASANTNESS	38.7925560187	0.949757279762
8082	VALENCE/PLEASANTNESS	39.8986138113	0.959184798827
6943	VALENCE/PLEASANTNESS	34.6327088571	0.905538545172
660	VALENCE/PLEASANTNESS	49.6424903982	0.999948874754
170833	VALENCE/PLEASANTNESS	47.4340589266	0.997366378563
11428	VALENCE/PLEASANTNESS	41.3512222222	0.97007945718
7144	VALENCE/PLEASANTNESS	44.1239765393	0.986188939316
15037	VALENCE/PLEASANTNESS	42.1384340105	0.975278312077
11529	VALENCE/PLEASANTNESS	51.4291968342	0.999182958564
14328	VALENCE/PLEASANTNESS	47.7159887702	0.997913317081
7409	VALENCE/PLEASANTNESS	41.1061085613	0.968359478031
6213	VALENCE/PLEASANTNESS	44.1741995364	0.986424019583
7059	VALENCE/PLEASANTNESS	46.6807682648	0.995593080275
261	VALENCE/PLEASANTNESS	38.5095795609	0.947188095253
17617	VALENCE/PLEASANTNESS	53.9365786561	0.993801339394
7335	VALENCE/PLEASANTNESS	51.1861746103	0.999437195918
8697	VALENCE/PLEASANTNESS	41.8808782286	0.973631944664
263	VALENCE/PLEASANTNESS	41.5150744534	0.971202415388
7654	VALENCE/PLEASANTNESS	53.651389026	0.994666943272
957	VALENCE/PLEASANTNESS	44.928928552	0.989713693748
7136	VALENCE/PLEASANTNESS	54.4012166625	0.992251716756
31249	VALENCE/PLEASANTNESS	60.1837382316	0.958516590252
1183	VALENCE/PLEASANTNESS	56.2111049899	0.984568869922
10430	VALENCE/PLEASANTNESS	31.9146126064	0.869167505129
7915	VALENCE/PLEASANTNESS	49.6216105922	0.999942728582
31244	VALENCE/PLEASANTNESS	54.2343007134	0.992828278987
6501	VALENCE/PLEASANTNESS	61.1871961741	0.949938656705
8125	VALENCE/PLEASANTNESS	40.1924957334	0.961525144024
31265	VALENCE/PLEASANTNESS	61.547779717	0.946659513443
21057	VALENCE/PLEASANTNESS	37.1312599929	0.933758212252
807	VALENCE/PLEASANTNESS		
1068	VALENCE/PLEASANTNESS	33.4799660315	0.890835391072
356	VALENCE/PLEASANTNESS	50.5120779861	0.999895110454
875	VALENCE/PLEASANTNESS	41.2433186353	0.969328212591
14257	VALENCE/PLEASANTNESS	35.448110231	0.91529700166
13204	VALENCE/PLEASANTNESS	45.9479672556	0.993432412255
526618	VALENCE/PLEASANTNESS	27.5046528005	0.797583741749
16324	VALENCE/PLEASANTNESS	50.7718064323	0.999761725932
6106	VALENCE/PLEASANTNESS	32.0571921936	0.871222259209
61918	VALENCE/PLEASANTNESS	42.8374025632	0.979478879184
8122	VALENCE/PLEASANTNESS	45.5898159481	0.992220110651
4133	VALENCE/PLEASANTNESS	53.3425049696	0.995531064211
14514	VALENCE/PLEASANTNESS	42.6709310772	0.97851389949
98330	VALENCE/PLEASANTNESS	30.5550355196	0.848757342543
11583	VALENCE/PLEASANTNESS	37.0861326334	0.933292811855
22310	VALENCE/PLEASANTNESS	49.6332641954	0.99994620194
1551246	VALENCE/PLEASANTNESS	48.7886912762	0.99941309247
6050	VALENCE/PLEASANTNESS	46.6907681126	0.995619593726
31272	VALENCE/PLEASANTNESS	43.6668819578	0.983956646346
61052	VALENCE/PLEASANTNESS	51.5049144218	0.999094093033
439570	VALENCE/PLEASANTNESS	42.7726397884	0.979106105749
8091	VALENCE/PLEASANTNESS	54.5479963013	0.991726291857
61325	VALENCE/PLEASANTNESS	58.2788740214	0.972584097975
220674	VALENCE/PLEASANTNESS	56.5798744217	0.982682101038
15606	VALENCE/PLEASANTNESS	48.5217091585	0.999125862475
7792	VALENCE/PLEASANTNESS	31.46477107	0.862578115405
7151	VALENCE/PLEASANTNESS	46.6017731812	0.995380821795
61527	BAKERY	6.72997806588	0.251082080728
520191	BAKERY	4.89504301258	0.186217142065
1110	BAKERY	1.56850238704	0.0617560155862
12178	BAKERY	0.51995993403	0.020690254028
1549026	BAKERY	2.09491378683	0.0820410859637
8078	BAKERY	1.19941209004	0.0474010478569
7820	BAKERY	2.88356541591	0.112016636833
521238	BAKERY	3.69836228708	0.142463338041
7122	BAKERY	1.91665780885	0.0751968814914
9589	BAKERY	8.77024345774	0.320042870186
24020	BAKERY	7.71884070604	0.284921427504
33032	BAKERY	4.58238095238	0.174895952018
8914	BAKERY	0.152410962919	0.00608714687613
8082	BAKERY	1.24026561753	0.0489953211804
6943	BAKERY	1.80467442828	0.0708842372145
660	BAKERY	4.22179969605	0.161742550773
170833	BAKERY	2.42692111143	0.0947208660246
11428	BAKERY	3.24229231343	0.125486708759
7144	BAKERY	2.97082000006	0.115302491413
15037	BAKERY	4.60829916303	0.175837398051
11529	BAKERY	2.22776335498	0.0871253623729
14328	BAKERY	13.0058763337	0.452573925664
7409	BAKERY	1.47834251407	0.0582595019273
6213	BAKERY	4.00003275496	0.153601205382
7059	BAKERY	0.830140976626	0.0329299854486
261	BAKERY	1.74075385098	0.0684180644514
17617	BAKERY	1.17883042056	0.0465973603581
7335	BAKERY	1.74429048413	0.0685545996481
8697	BAKERY	2.14372866577	0.0839109175937
263	BAKERY	4.46954674523	0.170791130566
7654	BAKERY	2.25943689232	0.0883354536646
957	BAKERY	0.280043050532	0.0111703523772
7136	BAKERY	6.23755332635	0.233939304454
31249	BAKERY	3.75071289863	0.144401377046
1183	BAKERY	24.8723639456	0.747440762526
10430	BAKERY	1.87284320579	0.0735107115623
7915	BAKERY	4.17707194159	0.160103705662
31244	BAKERY	4.13451530612	0.158542925518
6501	BAKERY	4.11868873889	0.157962110785
8125	BAKERY	1.45874137044	0.0574984842632
31265	BAKERY	4.87630504701	0.185540861516
21057	BAKERY	2.12418464868	0.0831625217787
807	BAKERY		
1068	BAKERY	2.37992886834	0.0929315301662
356	BAKERY	1.68807586737	0.0663831946412
875	BAKERY	7.98347066851	0.293844505174
14257	BAKERY	1.92695322309	0.075592869434
13204	BAKERY	15.8359909418	0.533128194029
526618	BAKERY	3.49150145086	0.134783825082
16324	BAKERY	2.70836128482	0.105400363053
6106	BAKERY	4.41107232939	0.168659869537
61918	BAKERY	10.0879104326	0.362810042547
8122	BAKERY	4.73345858903	0.180376091476
4133	BAKERY	6.74438436691	0.251580686481
14514	BAKERY	7.29205767882	0.270412665076
98330	BAKERY	8.90306445327	0.324416755467
11583	BAKERY	2.56959598036	0.100142709814
22310	BAKERY	4.71804124358	0.179817684473
1551246	BAKERY	2.76406674554	0.107506643832
6050	BAKERY	5.51451643907	0.20841670094
31272	BAKERY	2.60212278243	0.101376494107
61052	BAKERY	1.53921431969	0.0606209004988
439570	BAKERY	3.73411541154	0.143787169299
8091	BAKERY	1.48818521941	0.0586415306775
61325	BAKERY	15.7667470979	0.531233758296
220674	BAKERY	1.6523202563	0.0650007453604
15606	BAKERY	1.47209813752	0.05801709633
7792	BAKERY	1.63830289362	0.0644585011963
7151	BAKERY	2.47362456601	0.0964974552428
61527	SWEET	10.4859873986	0.375457123255
520191	SWEET	13.2535813925	0.459880287808
1110	SWEET	3.47311691213	0.134099660051
12178	SWEET	4.99789001155	0.189924038635
1549026	SWEET	19.1282582613	0.618774224808
8078	SWEET	6.43406426331	0.240803697355
7820	SWEET	17.5982321963	0.580050177277
521238	SWEET	30.2603953904	0.844139203943
7122	SWEET	24.6461894997	0.742873717245
9589	SWEET	9.83140206193	0.354593495876
24020	SWEET	33.4853052611	0.890905943073
33032	SWEET	12.4808762252	0.436926140468
8914	SWEET	8.94319399283	0.325735472196
8082	SWEET	5.44078279181	0.205790464717
6943	SWEET	4.76521269068	0.181525606832
660	SWEET	14.9444390998	0.50844305999
170833	SWEET	12.4367014322	0.435599440283
11428	SWEET	7.61271825397	0.281327338473
7144	SWEET	19.834624131	0.636020039473
15037	SWEET	5.17852581662	0.196414180811
11529	SWEET	25.516518302	0.760223649577
14328	SWEET	22.0359538215	0.687204848531
7409	SWEET	5.01667003766	0.1906000102
6213	SWEET	13.4359950217	0.465229415979
7059	SWEET	4.72100269683	0.179924961288
261	SWEET	11.8280253022	0.417160139068
17617	SWEET	21.4814911373	0.674677860898
7335	SWEET	25.8086509854	0.765911453142
8697	SWEET	16.1113183078	0.540622901265
263	SWEET	12.0335911119	0.423420718458
7654	SWEET	20.5223444369	0.652427129002
957	SWEET	10.0582982314	0.361864183932
7136	SWEET	17.5497484168	0.578792468875
31249	SWEET	35.5086455201	0.916000258136
1183	SWEET	35.3103076904	0.91368517594
10430	SWEET	8.17065456704	0.30012234426
7915	SWEET	9.63119514351	0.348143837784
31244	SWEET	21.6382226164	0.678243833456
6501	SWEET	22.0271334053	0.68700749379
8125	SWEET	9.73945608232	0.351635441381
31265	SWEET	42.7661254909	0.979068423835
21057	SWEET	7.58918870153	0.280529234002
807	SWEET		
1068	SWEET	3.77074387421	0.145142351222
356	SWEET	8.7290373211	0.318683055823
875	SWEET	6.51018356255	0.243454346495
14257	SWEET	6.38730339226	0.23917307784
13204	SWEET	31.0153314113	0.85583294343
526618	SWEET	3.98725063087	0.153130758197
16324	SWEET	27.259175782	0.793141965555
6106	SWEET	6.8537443993	0.255360251056
61918	SWEET	14.2082519615	0.487580308939
8122	SWEET	8.85758116448	0.322920548945
4133	SWEET	22.7842771876	0.70372177272
14514	SWEET	13.9771165702	0.480940747763
98330	SWEET	3.88526849501	0.149372615289
11583	SWEET	9.26317443644	0.336204417202
22310	SWEET	14.6209691688	0.499329670979
1551246	SWEET	13.0820285822	0.454825354558
6050	SWEET	9.08793129877	0.330481053834
31272	SWEET	21.057849546	0.66494077084
61052	SWEET	14.930029718	0.508038873767
439570	SWEET	17.3489572861	0.573563763878
8091	SWEET	30.1034886843	0.841651534985
61325	SWEET	20.4274624465	0.650186009059
220674	SWEET	24.6976926696	0.743917297504
15606	SWEET	21.0013901023	0.663632249601
7792	SWEET	7.40353955891	0.274216623156
7151	SWEET	19.7426650353	0.633797472333
61527	FRUIT	2.54737424795	0.0992993236944
520191	FRUIT	4.47258174546	0.170901674831
1110	FRUIT	0.91653020464	0.0363251971392
12178	FRUIT	2.4914775326	0.0971761171857
1549026	FRUIT	10.6171622578	0.379596836549
8078	FRUIT	1.03897334109	0.0411271474022
7820	FRUIT	8.61890388424	0.315041953703
521238	FRUIT	12.7982629017	0.446412302748
7122	FRUIT	2.31431745475	0.0904302720775
9589	FRUIT	0.667566591872	0.026524405613
24020	FRUIT	12.2371325176	0.429586335802
33032	FRUIT	0.988925597991	0.0391658343843
8914	FRUIT	2.49536085152	0.0973237037491
8082	FRUIT	0.744656126379	0.0295644399565
6943	FRUIT	1.15985269024	0.0458560043042
660	FRUIT	1.71004421256	0.0672320680187
170833	FRUIT	2.38052209929	0.0929541297854
11428	FRUIT	2.94899686629	0.114481241645
7144	FRUIT	1.18873686768	0.0469842365711
15037	FRUIT	2.21918271221	0.0867973997243
11529	FRUIT	16.4924024648	0.550896362967
14328	FRUIT	5.51849909762	0.208558430989
7409	FRUIT	1.68158204903	0.0661321946863
6213	FRUIT	1.11520869637	0.0441108716803
7059	FRUIT	0.554210992907	0.0220455797864
261	FRUIT	5.09855099006	0.193543950723
17617	FRUIT	5.55945152598	0.210015060531
7335	FRUIT	8.54425178762	0.312568376061
8697	FRUIT	3.35101991311	0.129549062741
263	FRUIT	4.47871152831	0.171124918351
7654	FRUIT	9.47554821685	0.34310752307
957	FRUIT	3.32444870366	0.128557164473
7136	FRUIT	7.18315921117	0.266687257946
31249	FRUIT	13.8843470346	0.478263844352
1183	FRUIT	6.80098051874	0.253537886343
10430	FRUIT	11.0018188226	0.391656745943
7915	FRUIT	5.24890573061	0.198935824677
31244	FRUIT	6.87930705602	0.256242336012
6501	FRUIT	7.21868953993	0.267903790128
8125	FRUIT	6.59131410612	0.246274395587
31265	FRUIT	24.4323937297	0.738519003843
21057	FRUIT	3.1516767239	0.122093842487
807	FRUIT		
1068	FRUIT	0.325586686591	0.0129810647874
356	FRUIT	4.74049051778	0.180630720571
875	FRUIT	1.85154212751	0.0726904018003
14257	FRUIT	3.14252062067	0.121750650486
13204	FRUIT	3.08688462204	0.119663842214
526618	FRUIT	0.522461263128	0.0207892642165
16324	FRUIT	11.4632350001	0.405967097337
6106	FRUIT	2.49102737992	0.0971590082336
61918	FRUIT	2.4734684776	0.0964915205801
8122	FRUIT	4.42696874153	0.169239528766
4133	FRUIT	13.537926009	0.468206864111
14514	FRUIT	4.58970627921	0.175162089677
98330	FRUIT	1.27644513041	0.0504060803479
11583	FRUIT	9.24333386327	0.335557666168
22310	FRUIT	7.45454559327	0.27595372373
1551246	FRUIT	13.8114084882	0.476154337758
6050	FRUIT	3.4583627014	0.133550399026
31272	FRUIT	20.8388353561	0.659850590643
61052	FRUIT	4.98492726662	0.189457290724
439570	FRUIT	4.03222786872	0.154785570115
8091	FRUIT	14.1705201873	0.486499350542
61325	FRUIT	3.04263272358	0.118002263387
220674	FRUIT	5.2824651704	0.200136831506
15606	FRUIT	12.9799455399	0.451806227108
7792	FRUIT	1.96073895267	0.0768917592106
7151	FRUIT	3.48948792875	0.134708906748
61527	FISH	0.614300917337	0.0244210904467
520191	FISH	1.6711921636	0.0657305332448
1110	FISH	2.61966059879	0.102041375291
12178	FISH	0.641785700381	0.0255066724612
1549026	FISH	1.27600313111	0.0503888516483
8078	FISH	1.66458446511	0.0654750420277
7820	FISH	1.24670940539	0.0492466624792
521238	FISH	0.804839099736	0.0319344575989
7122	FISH	0.87237312012	0.0345905108605
9589	FISH	1.32759353741	0.0523987396564
24020	FISH	1.77087266559	0.0695805106246
33032	FISH	0.907424947277	0.0359676298771
8914	FISH	0.354574412923	0.0141326873112
8082	FISH	1.93370093228	0.075852357573
6943	FISH	1.05856189592	0.0418942545218
660	FISH	0.938098300374	0.0371719206465
170833	FISH	0.171128936363	0.00683344340939
11428	FISH	0.152034037856	0.00607211577477
7144	FISH	1.27427830705	0.0503216182004
15037	FISH	0.801265158237	0.031793795988
11529	FISH	0.957215426694	0.0379221125185
14328	FISH	1.16492994112	0.0460543729377
7409	FISH	1.2200066366	0.0482048989867
6213	FISH	1.98427352056	0.0777960042607
7059	FISH	0.29289557349	0.0116815078128
261	FISH	3.66740044003	0.141316087206
17617	FISH	1.64733326294	0.064807847766
7335	FISH	0.466772057308	0.0185837318309
8697	FISH	1.13494008428	0.0448823677733
263	FISH	2.12159857688	0.0830634708668
7654	FISH	0.354407214048	0.0141260467726
957	FISH	0.73046040704	0.0290049873191
7136	FISH	0.299811999376	0.011956525081
31249	FISH	2.15744826958	0.084436097569
1183	FISH	0.843569229089	0.0334581255458
10430	FISH	1.23958092721	0.0489686127382
7915	FISH	1.25760461397	0.0496715568126
31244	FISH	1.21807169377	0.0481293882904
6501	FISH	0.0591789391863	0.00236575670872
8125	FISH	0.915969697497	0.0363031877052
31265	FISH	0.353547887508	0.0140919170568
21057	FISH	1.03860361512	0.0411126656172
807	FISH		
1068	FISH	8.05086412223	0.296107999643
356	FISH	0.694214281884	0.0275757978877
875	FISH	2.57022671491	0.10016664245
14257	FISH	0.780671982181	0.0309830997897
13204	FISH	0.5772841429	0.0229580629233
526618	FISH	5.05424026336	0.191951472678
16324	FISH	0.709923923678	0.0281953601562
6106	FISH	1.63183096539	0.0642080896959
61918	FISH	0.592635046797	0.0235649153524
8122	FISH	0.604045890483	0.0240158870442
4133	FISH	0.362638186345	0.0144529248721
14514	FISH	1.18122132587	0.0466907395066
98330	FISH	8.86301020408	0.323099228212
11583	FISH	0.903065302007	0.0357964013044
22310	FISH	0.768787930706	0.0305151032753
1551246	FISH	1.21362388234	0.0479558021227
6050	FISH	2.3419908444	0.09148566533
31272	FISH	1.07229399996	0.0424318342296
61052	FISH	0.763240038457	0.0302965873958
439570	FISH	0.763838033822	0.0303201419361
8091	FISH	0.654616174033	0.0260132380272
61325	FISH	1.03243842675	0.0408711654278
220674	FISH	0.76263753277	0.0302728549082
15606	FISH	0.436862770185	0.0173981711754
7792	FISH	0.542204638663	0.0215705911985
7151	FISH	0.403551784479	0.0160769297621
61527	GARLIC	2.28422829063	0.0892820520719
520191	GARLIC	3.01633623468	0.117014135675
1110	GARLIC	2.94226390994	0.114227789631
12178	GARLIC	1.19371754238	0.0471787170668
1549026	GARLIC	4.40184577328	0.168323332446
8078	GARLIC	9.5310655627	0.344906138204
7820	GARLIC	3.11786974012	0.120826344918
521238	GARLIC	1.57780406892	0.062116376485
7122	GARLIC	0.80344075913	0.0318794235438
9589	GARLIC	2.51820059584	0.0981914901372
24020	GARLIC	1.4198260393	0.0559866791791
33032	GARLIC	2.25458477391	0.0881501299553
8914	GARLIC	1.54880539352	0.0609926964821
8082	GARLIC	7.06163425306	0.262518698793
6943	GARLIC	1.96634048639	0.0771070214921
660	GARLIC	1.16969604962	0.0462405664455
170833	GARLIC	1.99405293362	0.078171618504
11428	GARLIC	1.03473612043	0.0409611732817
7144	GARLIC	2.35751071919	0.0920772860511
15037	GARLIC	3.44196847921	0.132939880364
11529	GARLIC	1.77573262247	0.06976801436
14328	GARLIC	1.7933412603	0.0704472212618
7409	GARLIC	1.76870748299	0.0694969688556
6213	GARLIC	5.27123058879	0.199734874784
7059	GARLIC	3.55289636089	0.137066625415
261	GARLIC	5.5144215741	0.208413324845
17617	GARLIC	2.28086443123	0.0891536402277
7335	GARLIC	1.42811413569	0.0563087614339
8697	GARLIC	1.84056557714	0.0722675504281
263	GARLIC	3.87542323734	0.149009367386
7654	GARLIC	1.34491485671	0.0530730758799
957	GARLIC	1.74303574358	0.068506160302
7136	GARLIC	2.30160928195	0.0899454091633
31249	GARLIC	1.82506015877	0.0716700685175
1183	GARLIC	2.29267173536	0.08960433194
10430	GARLIC	3.42864150826	0.132443427293
7915	GARLIC	3.00055756216	0.116420964213
31244	GARLIC	1.16048453863	0.0458806917993
6501	GARLIC	2.3961979625	0.0935512126299
8125	GARLIC	2.87818434824	0.111813795873
31265	GARLIC	1.2342525506	0.0487607502805
21057	GARLIC	1.69510439643	0.0666548242914
807	GARLIC		
1068	GARLIC	24.1873582767	0.733483010905
356	GARLIC	2.24734041079	0.0878734008629
875	GARLIC	4.0603232478	0.155818439961
14257	GARLIC	1.70969159622	0.0672184457072
13204	GARLIC	1.05502831953	0.0417558988793
526618	GARLIC	10.3468243027	0.371050262848
16324	GARLIC	1.69866384231	0.0667923701528
6106	GARLIC	2.51561060068	0.0980931053497
61918	GARLIC	1.62697191596	0.0640200615924
8122	GARLIC	4.93514520432	0.187663544898
4133	GARLIC	0.101872759281	0.00407075914762
14514	GARLIC	1.78451946247	0.070106974614
98330	GARLIC	30.6535714286	0.850286280612
11583	GARLIC	1.04233379164	0.0412587677724
22310	GARLIC	1.42918997405	0.0563505653692
1551246	GARLIC	4.60581922457	0.175747340691
6050	GARLIC	5.48450611707	0.207348321744
31272	GARLIC	0.947618467375	0.0375455463911
61052	GARLIC	1.6591600511	0.0652652772141
439570	GARLIC	1.04857091485	0.0415030362084
8091	GARLIC	2.45490833694	0.0957857035006
61325	GARLIC	2.84971208886	0.110740139959
220674	GARLIC	1.68972960964	0.0664471099241
15606	GARLIC	2.29723337419	0.0897784224973
7792	GARLIC	2.93477426635	0.113945810656
7151	GARLIC	2.06223322846	0.080788206783
61527	SPICES	6.14295960765	0.23062400321
520191	SPICES	7.10731118847	0.264086898607
1110	SPICES	4.68419365725	0.178591078203
12178	SPICES	4.41509778912	0.16880667617
1549026	SPICES	6.14360721295	0.230646724683
8078	SPICES	3.25105815304	0.125814574476
7820	SPICES	5.77096697248	0.21751705498
521238	SPICES	4.69506589711	0.178985178373
7122	SPICES	6.75543471697	0.251963029393
9589	SPICES	10.2052944862	0.366552565229
24020	SPICES	4.96984926953	0.188914210076
33032	SPICES	7.0645017818	0.262617197102
8914	SPICES	2.41570624037	0.0942939949589
8082	SPICES	3.30017481934	0.127650531238
6943	SPICES	12.7000215185	0.443484642112
660	SPICES	4.70618794538	0.179388235824
170833	SPICES	7.78056040392	0.287007568077
11428	SPICES	4.22007103564	0.161679241607
7144	SPICES	9.31265107108	0.337815854854
15037	SPICES	8.79089578159	0.320723891806
11529	SPICES	3.92970235725	0.151011070043
14328	SPICES	7.99560184657	0.294252214307
7409	SPICES	5.20663433925	0.197421757113
6213	SPICES	8.09143041319	0.297468718075
7059	SPICES	4.11930587058	0.157984762481
261	SPICES	4.65652309878	0.177587641004
17617	SPICES	4.0782990602	0.156478953118
7335	SPICES	6.33232324198	0.237253602623
8697	SPICES	3.79578643798	0.146068259646
263	SPICES	8.46037724042	0.309783896397
7654	SPICES	4.90702414	0.186649411236
957	SPICES	2.94523720914	0.114339719478
7136	SPICES	9.49986774733	0.343895715007
31249	SPICES	4.56121672534	0.174126789808
1183	SPICES	7.85030518359	0.289361290754
10430	SPICES	4.9061814672	0.186619012053
7915	SPICES	7.72197569444	0.285027464327
31244	SPICES	6.56483008625	0.245354405826
6501	SPICES	6.67994621136	0.2493491759
8125	SPICES	5.3270050693	0.201729409569
31265	SPICES	4.41793760102	0.168910234982
21057	SPICES	5.50144993551	0.207951616863
807	SPICES		
1068	SPICES	7.89043844811	0.290713930363
356	SPICES	3.63845415644	0.140242826798
875	SPICES	7.08686841403	0.263385254994
14257	SPICES	4.43099589649	0.169386346006
13204	SPICES	3.3736481362	0.130393324749
526618	SPICES	7.46970353358	0.276469552991
16324	SPICES	5.87855879702	0.221319370469
6106	SPICES	5.34326253555	0.202310319612
61918	SPICES	7.00359436116	0.260523640856
8122	SPICES	5.79647532239	0.21841936243
4133	SPICES	6.66574983181	0.248857104944
14514	SPICES	6.68835894949	0.249640699805
98330	SPICES	4.89267391693	0.186131653454
11583	SPICES	4.26532029793	0.16333562902
22310	SPICES	7.9394069776	0.292362605842
1551246	SPICES	6.64224644751	0.248042082753
6050	SPICES	4.78993790242	0.182420114053
31272	SPICES	2.94280807181	0.114248275133
61052	SPICES	4.88504301088	0.185856262348
439570	SPICES	7.52864436986	0.278473580375
8091	SPICES	3.30121807228	0.127689506587
61325	SPICES	6.88428283069	0.25641397319
220674	SPICES	5.71776171224	0.21563334889
15606	SPICES	3.43081561455	0.13252442627
7792	SPICES	5.61525153289	0.211997641404
7151	SPICES	8.31820098176	0.305051052241
61527	COLD	3.30270562771	0.127745079323
520191	COLD	2.29052441399	0.0895223757232
1110	COLD	3.88818969759	0.149480380254
12178	COLD	5.46088780416	0.206506993922
1549026	COLD	4.86498111579	0.185132028129
8078	COLD	6.13565249924	0.230367607333
7820	COLD	3.2379497087	0.125324261022
521238	COLD	3.2686056231	0.126470711836
7122	COLD	5.3911011498	0.204018457349
9589	COLD	2.8983469382	0.112573711538
24020	COLD	4.79913205023	0.182752614635
33032	COLD	6.8358846872	0.254743659705
8914	COLD	6.34951678774	0.237854126134
8082	COLD	4.12061483194	0.15803280664
6943	COLD	7.06487967191	0.262630176965
660	COLD	4.71852426247	0.179835182013
170833	COLD	12.1627646965	0.427337449834
11428	COLD	6.88530052265	0.256449075591
7144	COLD	5.25085927296	0.199005761677
15037	COLD	4.45885125153	0.170401508268
11529	COLD	4.34381013304	0.166204930733
14328	COLD	4.62196578064	0.176333604154
7409	COLD	6.8606505102	0.255598610239
6213	COLD	4.17938892223	0.160188640184
7059	COLD	5.42104454185	0.205086692104
261	COLD	2.10708450729	0.0825074582434
17617	COLD	3.6215313105	0.139615056807
7335	COLD	5.85261036316	0.220403195301
8697	COLD	4.81587782318	0.183358041244
263	COLD	3.49580238208	0.134943841565
7654	COLD	3.01820911473	0.117084530085
957	COLD	6.30692261133	0.236365995323
7136	COLD	3.68227531503	0.141867352003
31249	COLD	4.69637439308	0.179032602747
1183	COLD	2.99135062752	0.11607475367
10430	COLD	2.10615447663	0.0824718243936
7915	COLD	3.71607698999	0.143119388321
31244	COLD	5.50268979532	0.207995753819
6501	COLD	4.96995286158	0.188917941885
8125	COLD	6.09536010855	0.228953038401
31265	COLD	3.96312106072	0.152242311012
21057	COLD	4.52833717946	0.172931152134
807	COLD		
1068	COLD	4.74893485187	0.180936441184
356	COLD	6.00693385909	0.225844052609
875	COLD	3.05359365485	0.118413972511
14257	COLD	6.21010103778	0.232977899551
13204	COLD	4.5071400347	0.172159876871
526618	COLD	1.49355276245	0.0588498305564
16324	COLD	3.10420177493	0.120313643534
6106	COLD	3.12917362878	0.121250254112
61918	COLD	4.24073715382	0.16243594551
8122	COLD	5.5218877551	0.208679012452
4133	COLD	6.04503893037	0.227184558947
14514	COLD	3.56386050134	0.137473979384
98330	COLD	3.30748543916	0.127923633594
11583	COLD	3.12790821318	0.121202804611
22310	COLD	10.1748575925	0.36558321289
1551246	COLD	4.49197659698	0.17160792238
6050	COLD	3.56667375701	0.137578485605
31272	COLD	6.87176451765	0.255982121672
61052	COLD	3.38113201968	0.130672459293
439570	COLD	6.31597663926	0.236682441207
8091	COLD	6.81539115058	0.254035823409
61325	COLD	3.93682592598	0.151273597691
220674	COLD	4.36254684058	0.166889147649
15606	COLD	5.20815176631	0.197476132724
7792	COLD	7.43943644543	0.275439371967
7151	COLD	3.19396589829	0.123678068668
61527	SOUR	10.1577840663	0.365039131795
520191	SOUR	8.80187726365	0.3210858732
1110	SOUR	18.3883801618	0.600282196483
12178	SOUR	5.4861197595	0.207405786374
1549026	SOUR	8.91744423893	0.324889444855
8078	SOUR	4.47679420341	0.171055093601
7820	SOUR	13.514907062	0.467535197321
521238	SOUR	4.91083294319	0.186786805649
7122	SOUR	4.4738075567	0.170946320646
9589	SOUR	3.92994075126	0.151019856327
24020	SOUR	6.08462765572	0.228576028745
33032	SOUR	13.0711083999	0.454502786075
8914	SOUR	7.17634950587	0.266453983343
8082	SOUR	7.00934248417	0.260721346542
6943	SOUR	5.90440340366	0.222231344325
660	SOUR	6.53598315677	0.244351695941
170833	SOUR	6.19379439944	0.232406540353
11428	SOUR	7.22158572725	0.268002908924
7144	SOUR	5.19697781602	0.197075681273
15037	SOUR	6.34438976847	0.237675078125
11529	SOUR	6.92021091582	0.257652708985
14328	SOUR	4.15522216217	0.159302538
7409	SOUR	5.65228697341	0.213312139724
6213	SOUR	13.3684984198	0.463253236793
7059	SOUR	7.47150439821	0.27653082474
261	SOUR	11.4248129205	0.404781976711
17617	SOUR	6.57876814634	0.245838649724
7335	SOUR	8.82550802953	0.321864484389
8697	SOUR	12.3796516468	0.433883755914
263	SOUR	13.4942304001	0.466931514367
7654	SOUR	6.16635225728	0.231444530227
957	SOUR	7.95211010789	0.292789982248
7136	SOUR	3.73465567965	0.143807165968
31249	SOUR	6.78158174231	0.252867329321
1183	SOUR	5.34890380821	0.202511843549
10430	SOUR	13.7098844419	0.473211005112
7915	SOUR	8.26174495315	0.303167226258
31244	SOUR	6.35402084127	0.23801140131
6501	SOUR	8.89415345578	0.324123751953
8125	SOUR	7.36667284692	0.272959766343
31265	SOUR	8.04058070553	0.295762852988
21057	SOUR	8.75976058083	0.31969706106
807	SOUR		
1068	SOUR	16.2874457863	0.545385475355
356	SOUR	7.1278220107	0.264790541782
875	SOUR	14.3158595354	0.490656847721
14257	SOUR	8.93598652477	0.325498718922
13204	SOUR	4.61623489289	0.176125545881
526618	SOUR	13.346170068	0.462598700527
16324	SOUR	9.82478838819	0.354380948779
6106	SOUR	10.1135028265	0.36362693729
61918	SOUR	6.93620241018	0.258203734857
8122	SOUR	9.58963289664	0.346800892229
4133	SOUR	5.4836204216	0.207316779693
14514	SOUR	10.7538451843	0.383895732874
98330	SOUR	13.2933657249	0.461049200078
11583	SOUR	16.1255315713	0.54100815547
22310	SOUR	7.27458079189	0.269815421397
1551246	SOUR	13.4994253118	0.467083218974
6050	SOUR	17.3749746649	0.574243088755
31272	SOUR	8.33282760188	0.305538697738
61052	SOUR	6.33647176893	0.237398520966
439570	SOUR	4.8596821388	0.184940681356
8091	SOUR	7.15702924113	0.265791942622
61325	SOUR	3.77289885393	0.145222047852
220674	SOUR	7.34503016308	0.272221419285
15606	SOUR	9.65757077133	0.348995361572
7792	SOUR	7.5745697127	0.280033145975
7151	SOUR	6.85947851967	0.255558162562
61527	BURNT	6.72830102041	0.251024026968
520191	BURNT	9.60569196756	0.347319951432
1110	BURNT	5.3096472937	0.201108949995
12178	BURNT	3.15435441576	0.122194195918
1549026	BURNT	2.65592247862	0.10341532946
8078	BURNT	7.62999313761	0.281913007392
7820	BURNT	3.74820493677	0.144308581372
521238	BURNT	3.78704028033	0.145744941579
7122	BURNT	3.16380217655	0.122548229377
9589	BURNT	9.15792537997	0.332769976293
24020	BURNT	2.27554102047	0.0889504060444
33032	BURNT	3.68942462649	0.14213224343
8914	BURNT	2.9790966257	0.115613858346
8082	BURNT	6.71403607015	0.250530130665
6943	BURNT	8.74673620792	0.3192672906
660	BURNT	5.33202131278	0.201908671999
170833	BURNT	3.84620432901	0.147930858064
11428	BURNT	2.73815512051	0.106527207435
7144	BURNT	10.0056029979	0.360179283377
15037	BURNT	5.20251905206	0.197274280288
11529	BURNT	1.88354958798	0.0739228798992
14328	BURNT	6.07779047443	0.228335804157
7409	BURNT	7.46929274014	0.27645557599
6213	BURNT	3.76980985049	0.145107807496
7059	BURNT	10.37987846	0.372098387663
261	BURNT	3.43819076006	0.132799168121
17617	BURNT	3.95151231081	0.151814712615
7335	BURNT	1.36616267085	0.0538999466566
8697	BURNT	5.43243051288	0.205492700004
263	BURNT	2.08872828179	0.0818040169377
7654	BURNT	1.81873051608	0.0714261083671
957	BURNT	3.95738933254	0.15203120117
7136	BURNT	2.83355367848	0.11013053656
31249	BURNT	2.60335498277	0.101423216444
1183	BURNT	7.05187347115	0.262183371065
10430	BURNT	6.72925075495	0.251056903909
7915	BURNT	3.84568891439	0.147911827285
31244	BURNT	4.70523229447	0.179353607401
6501	BURNT	2.69209542254	0.104784865796
8125	BURNT	4.57705169911	0.174702307062
31265	BURNT	2.38001105095	0.092934660997
21057	BURNT	4.81277275032	0.183245797394
807	BURNT		
1068	BURNT	3.50490794967	0.135282566092
356	BURNT	3.83885343707	0.147659419198
875	BURNT	14.1268635875	0.485247233573
14257	BURNT	4.38021355715	0.167534033963
13204	BURNT	7.39218961693	0.273829797744
526618	BURNT	7.42820931811	0.275057055255
16324	BURNT	2.67988098934	0.104322534727
6106	BURNT	5.15418351649	0.195541097571
61918	BURNT	11.5636593134	0.40905908585
8122	BURNT	4.31849776299	0.165280141348
4133	BURNT	4.29761344448	0.164516745252
14514	BURNT	6.76044308947	0.252136287272
98330	BURNT	9.64825497502	0.348694669376
11583	BURNT	2.95938572989	0.114872243636
22310	BURNT	2.96783983612	0.115190364128
1551246	BURNT	4.94333124869	0.187958640414
6050	BURNT	4.70625031586	0.17939049582
31272	BURNT	1.85519617159	0.0728311457297
61052	BURNT	1.39475038279	0.0550118838596
439570	BURNT	7.45334716294	0.275912932945
8091	BURNT	3.5590332131	0.137294641559
61325	BURNT	6.26412799455	0.234869399969
220674	BURNT	4.19870455838	0.160896534348
15606	BURNT	3.33189293014	0.128835113006
7792	BURNT	4.47058331463	0.170828886516
7151	BURNT	9.07798402283	0.330155443346
61527	ACID	8.90829081632	0.324588574546
520191	ACID	7.95014375795	0.292723836009
1110	ACID	6.6252460765	0.24745228883
12178	ACID	5.5959836217	0.21131333179
1549026	ACID	5.22590873019	0.198112300385
8078	ACID	9.71131578946	0.350728769833
7820	ACID	6.88619806384	0.256480033044
521238	ACID	5.2876640684	0.200322806216
7122	ACID	6.22797803123	0.233604037106
9589	ACID	3.9681437697	0.152427284797
24020	ACID	6.41960316106	0.240299604544
33032	ACID	4.59628442681	0.17540104486
8914	ACID	10.5311204309	0.376883018223
8082	ACID	7.36401555024	0.272869132
6943	ACID	10.0270130199	0.360864124756
660	ACID	6.04789957277	0.227285147214
170833	ACID	9.70142253278	0.350409861647
11428	ACID	8.81423740196	0.321493183687
7144	ACID	5.31339246382	0.201242842763
15037	ACID	6.70436921713	0.250195342045
11529	ACID	3.05129411382	0.118327606245
14328	ACID	5.92120649093	0.222823985114
7409	ACID	9.82789680557	0.354480849975
6213	ACID	6.92992948145	0.257987610211
7059	ACID	10.481803297	0.375324851736
261	ACID	4.09875805759	0.157230395258
17617	ACID	5.21986549773	0.197895821584
7335	ACID	2.61706548446	0.101943006678
8697	ACID	5.94006752374	0.223488940075
263	ACID	4.21779820261	0.161595999433
7654	ACID	5.52363441548	0.208741161757
957	ACID	8.4263807409	0.30865367268
7136	ACID	2.91645290274	0.113255837096
31249	ACID	5.01211853063	0.190436208359
1183	ACID	3.76645899149	0.144983874326
10430	ACID	3.75589414005	0.144593069286
7915	ACID	7.43127423838	0.275161434813
31244	ACID	3.92840291726	0.150963176898
6501	ACID	4.25337881464	0.162898660049
8125	ACID	8.22759120901	0.302026345519
31265	ACID	3.59854431195	0.138761964012
21057	ACID	7.44188792404	0.275522838612
807	ACID		
1068	ACID	8.56617875444	0.313295382797
356	ACID	9.10519027282	0.331045814951
875	ACID	7.63760170215	0.282170884182
14257	ACID	12.3212750064	0.432125473143
13204	ACID	6.28867888107	0.235728162415
526618	ACID	7.67685972796	0.283500719005
16324	ACID	4.32157105071	0.16539245149
6106	ACID	6.14478902051	0.230688187978
61918	ACID	7.43970585407	0.275448544885
8122	ACID	8.88364414731	0.323778112558
4133	ACID	6.25957925152	0.234710237098
14514	ACID	6.43186777896	0.240727141908
98330	ACID	4.87795302083	0.185600350564
11583	ACID	7.12591392931	0.264725097441
22310	ACID	4.9996191819	0.18998629049
1551246	ACID	7.12877862575	0.264823351152
6050	ACID	9.26490455388	0.336260799598
31272	ACID	7.33028366182	0.271718123048
61052	ACID	4.56766654567	0.174361230758
439570	ACID	7.25894042069	0.269280730415
8091	ACID	5.14645132179	0.195263668389
61325	ACID	5.23213238168	0.198335211563
220674	ACID	3.88533537891	0.149375082754
15606	ACID	4.98650059939	0.189513948684
7792	ACID	11.1911344789	0.397548782785
7151	ACID	5.17801815679	0.196395977459
61527	WARM	7.33784784624	0.271976309444
520191	WARM	7.67893962417	0.283571139466
1110	WARM	5.65447651151	0.213389818613
12178	WARM	4.44839654641	0.170020569123
1549026	WARM	4.05271373281	0.155538753872
8078	WARM	6.07729902772	0.22831853572
7820	WARM	4.97778108718	0.189199921667
521238	WARM	6.62916630998	0.247588314013
7122	WARM	7.63686530278	0.28214592745
9589	WARM	8.92555944371	0.325156133195
24020	WARM	5.8702460367	0.221025926056
33032	WARM	5.10140527951	0.19364647685
8914	WARM	3.27213876041	0.126602793589
8082	WARM	6.14043703008	0.230535494435
6943	WARM	5.15697500501	0.195641243719
660	WARM	8.98115304222	0.326981677702
170833	WARM	5.95049804893	0.223856551145
11428	WARM	2.9559544694	0.114743112046
7144	WARM	5.49707335691	0.20779580808
15037	WARM	5.94985294181	0.223833817661
11529	WARM	6.11095716131	0.229500767482
14328	WARM	9.06964927508	0.329882555814
7409	WARM	5.38666989039	0.203860310612
6213	WARM	4.81259331172	0.183239310715
7059	WARM	6.19439239035	0.23242749678
261	WARM	4.91628827025	0.186983574667
17617	WARM	5.01885298542	0.190678565301
7335	WARM	4.56556360674	0.174284795851
8697	WARM	6.31148309142	0.236525396131
263	WARM	2.59404472279	0.101070161702
7654	WARM	3.55437275008	0.137121483745
957	WARM	2.59888551165	0.101253738105
7136	WARM	9.83314703465	0.354649569144
31249	WARM	5.3865430013	0.20385578185
1183	WARM	11.8222905957	0.416985001857
10430	WARM	9.08971402915	0.330539400713
7915	WARM	6.20285607643	0.232724073655
31244	WARM	7.49180431488	0.277221319838
6501	WARM	6.83090991882	0.254571864625
8125	WARM	5.41153410155	0.204747483529
31265	WARM	6.27805296933	0.235356539139
21057	WARM	5.78819902092	0.218126661675
807	WARM		
1068	WARM	3.8328256123	0.147436803622
356	WARM	3.36057871577	0.129905752909
875	WARM	7.96194894269	0.293120905321
14257	WARM	2.45474313739	0.0957794199472
13204	WARM	6.80262592145	0.253594749087
526618	WARM	7.9639310257	0.293187562075
16324	WARM	6.11086544874	0.229497547336
6106	WARM	5.84419729207	0.220106034887
61918	WARM	9.48581603549	0.343440359076
8122	WARM	6.20480347312	0.232792304469
4133	WARM	7.78127060882	0.287031555438
14514	WARM	5.61247680891	0.211899113984
98330	WARM	7.01076427815	0.26077024482
11583	WARM	5.62460184016	0.212329615262
22310	WARM	6.20312458405	0.23273348152
1551246	WARM	3.58632363112	0.13830825837
6050	WARM	7.43394529826	0.275252394852
31272	WARM	4.20255609962	0.161037652877
61052	WARM	4.56086439136	0.174113982056
439570	WARM	6.63462189554	0.247777592743
8091	WARM	4.73931345958	0.180588101556
61325	WARM	7.93140815595	0.292093432104
220674	WARM	6.19253048738	0.23236224596
15606	WARM	3.72453014235	0.143432355782
7792	WARM	5.43509887004	0.205587834911
7151	WARM	8.09267653408	0.297510495969
61527	MUSKY	9.73569869981	0.351514416323
520191	MUSKY	7.47686165278	0.276713082041
1110	MUSKY	10.9607143958	0.390373671807
12178	MUSKY	7.10363515108	0.2639607531
1549026	MUSKY	6.1410612849	0.230557397914
8078	MUSKY	10.2996997595	0.369554464326
7820	MUSKY	4.96832466931	0.188859286765
521238	MUSKY	7.71695283002	0.284857568808
7122	MUSKY	7.48369805531	0.276945627579
9589	MUSKY	6.71590136054	0.250594721988
24020	MUSKY	3.35417860761	0.129666938652
33032	MUSKY	15.1405246383	0.513926791002
8914	MUSKY	5.5037153052	0.208032259344
8082	MUSKY	9.14409872078	0.332318132265
6943	MUSKY	4.46961170438	0.17079349666
660	MUSKY	8.30403874537	0.304578726021
170833	MUSKY	4.52014750766	0.17263320691
11428	MUSKY	8.27483418632	0.303604215128
7144	MUSKY	8.78609256741	0.320565533655
15037	MUSKY	10.6065964072	0.37926390135
11529	MUSKY	5.51904215094	0.208577755532
14328	MUSKY	4.07676136931	0.156422461467
7409	MUSKY	8.2468626789	0.302670209538
6213	MUSKY	8.45496242773	0.309603941248
7059	MUSKY	9.34279431974	0.338796650509
261	MUSKY	13.3325767555	0.462200029044
17617	MUSKY	7.24982059105	0.268968864201
7335	MUSKY	6.46975470242	0.242047097733
8697	MUSKY	10.8933027427	0.38826649185
263	MUSKY	9.95111880995	0.35843484617
7654	MUSKY	6.02411983856	0.226448785611
957	MUSKY	6.2767660723	0.235311525961
7136	MUSKY	5.71636384171	0.21558382744
31249	MUSKY	7.55458983829	0.279354862482
1183	MUSKY	5.09293448424	0.193342186705
10430	MUSKY	10.257793775	0.368222817747
7915	MUSKY	9.3344980166	0.338526779375
31244	MUSKY	6.87062601262	0.255942839783
6501	MUSKY	7.19501403184	0.267093270506
8125	MUSKY	12.5509388627	0.439027127975
31265	MUSKY	4.58045945637	0.174826134722
21057	MUSKY	9.13637748666	0.332065742035
807	MUSKY		
1068	MUSKY	9.94674009683	0.358294548452
356	MUSKY	8.69861666645	0.317678293894
875	MUSKY	9.08421441654	0.330359396035
14257	MUSKY	7.55567021571	0.279391547665
13204	MUSKY	7.86009203865	0.289691262804
526618	MUSKY	11.1964210155	0.397712903197
16324	MUSKY	5.04717292665	0.191697335245
6106	MUSKY	10.2460888975	0.36785062082
61918	MUSKY	9.69677069922	0.350259883172
8122	MUSKY	9.57009081942	0.34616897746
4133	MUSKY	4.53753666167	0.173265770884
14514	MUSKY	9.63332563894	0.348212640411
98330	MUSKY	10.1279249726	0.364087053203
11583	MUSKY	12.0426869192	0.423696953475
22310	MUSKY	5.09708154464	0.193491165677
1551246	MUSKY	10.3858896276	0.372288903763
6050	MUSKY	8.21803687016	0.301707022807
31272	MUSKY	7.34469090825	0.272209842515
61052	MUSKY	6.54323423423	0.244603803672
439570	MUSKY	5.15124127663	0.195435536389
8091	MUSKY	4.8853658489	0.185867914165
61325	MUSKY	5.99978759191	0.225592523217
220674	MUSKY	7.6220195484	0.281642709138
15606	MUSKY	7.52567084717	0.278372545207
7792	MUSKY	11.9282315208	0.420216177945
7151	MUSKY	7.10749999999	0.2640933775
61527	SWEATY	2.49596208865	0.0973465528467
520191	SWEATY	3.40102669433	0.131414274743
1110	SWEATY	9.13503525473	0.332021862547
12178	SWEATY	5.25433174729	0.199130069047
1549026	SWEATY	2.96385643502	0.115040479414
8078	SWEATY	6.12146785641	0.22986976677
7820	SWEATY	5.6199938091	0.212166020198
521238	SWEATY	1.62543408446	0.0639605489933
7122	SWEATY	0.769302455818	0.0305353677253
9589	SWEATY	2.68060579172	0.104349972705
24020	SWEATY	0.619270528259	0.0246174227355
33032	SWEATY	11.519703154	0.407706701857
8914	SWEATY	2.97890425988	0.115606622159
8082	SWEATY	6.47393225213	0.242192570563
6943	SWEATY	2.37484263105	0.092737754233
660	SWEATY	2.85913146515	0.111095405512
170833	SWEATY	0.799551462862	0.0317263454978
11428	SWEATY	2.8963430923	0.112498202368
7144	SWEATY	3.04359437988	0.118038388495
15037	SWEATY	5.51453105342	0.208417221041
11529	SWEATY	2.05124644744	0.0803668131025
14328	SWEATY	1.2443574126	0.0491549263558
7409	SWEATY	4.42796805587	0.169275961793
6213	SWEATY	7.50616219819	0.27770949955
7059	SWEATY	2.29463966104	0.089679437972
261	SWEATY	6.00686846244	0.225841751008
17617	SWEATY	4.1139477626	0.157788084027
7335	SWEATY	1.18046483804	0.0466611946282
8697	SWEATY	7.00472721191	0.260562607151
263	SWEATY	4.74524339456	0.180802801833
7654	SWEATY	2.09231404	0.0819414503833
957	SWEATY	2.27407526737	0.0888944433662
7136	SWEATY	1.62893211753	0.0640959167637
31249	SWEATY	5.99054780689	0.225267247065
1183	SWEATY	1.32526847916	0.0523082045495
10430	SWEATY	8.05091309758	0.296109643221
7915	SWEATY	4.90200431223	0.186468313978
31244	SWEATY	1.99127312328	0.0780648574708
6501	SWEATY	2.68309901186	0.104444352352
8125	SWEATY	4.24611206399	0.162632695496
31265	SWEATY	1.99269177431	0.0781193427693
21057	SWEATY	3.138971066	0.121617586899
807	SWEATY		
1068	SWEATY	7.31470097174	0.271186098747
356	SWEATY	3.12304321081	0.121020368874
875	SWEATY	7.57958245865	0.280203270247
14257	SWEATY	3.73274795163	0.143736555157
13204	SWEATY	2.74851457514	0.106918850058
526618	SWEATY	5.8982789855	0.222015281424
16324	SWEATY	1.52426796501	0.0600413614688
6106	SWEATY	11.0833011625	0.394196220635
61918	SWEATY	1.62307764664	0.0638693534469
8122	SWEATY	6.00689711016	0.225842759249
4133	SWEATY	2.34485169213	0.0915947359019
14514	SWEATY	2.80916348471	0.109209979595
98330	SWEATY	6.51636644544	0.243669445157
11583	SWEATY	4.86107346365	0.184990924458
22310	SWEATY	0.902738039879	0.0357835472077
1551246	SWEATY	2.66023739692	0.103578750674
6050	SWEATY	5.20329989924	0.197302264033
31272	SWEATY	2.0502066157	0.0803269257613
61052	SWEATY	4.34641356884	0.166300018389
439570	SWEATY	1.23900000154	0.0489459516602
8091	SWEATY	1.96325263847	0.0769883611698
61325	SWEATY	2.32634536769	0.0908890615996
220674	SWEATY	2.8634125655	0.111256850012
15606	SWEATY	1.3933123308	0.0549559655316
7792	SWEATY	4.32556313441	0.165538326805
7151	SWEATY	3.53196428572	0.136288662743
61527	AMMONIA/URINOUS	6.50657761036	0.243328883535
520191	AMMONIA/URINOUS	7.08002120808	0.263150168201
1110	AMMONIA/URINOUS	6.31541223011	0.23666271655
12178	AMMONIA/URINOUS	6.86880622524	0.255880049426
1549026	AMMONIA/URINOUS	4.6193962002	0.176240319506
8078	AMMONIA/URINOUS	8.53477276262	0.312253972061
7820	AMMONIA/URINOUS	4.345315575	0.166259916021
521238	AMMONIA/URINOUS	3.13511094127	0.121472869405
7122	AMMONIA/URINOUS	5.86300109172	0.220770130948
9589	AMMONIA/URINOUS	3.85875689401	0.148394273854
24020	AMMONIA/URINOUS	3.1398081713	0.121648968711
33032	AMMONIA/URINOUS	3.89126973978	0.149593997516
8914	AMMONIA/URINOUS	10.9114458965	0.388833975239
8082	AMMONIA/URINOUS	9.10295462212	0.330972671744
6943	AMMONIA/URINOUS	6.55318905386	0.244949847444
660	AMMONIA/URINOUS	8.12479005518	0.298586716831
170833	AMMONIA/URINOUS	5.6478863107	0.213156004517
11428	AMMONIA/URINOUS	5.34370300435	0.202326055455
7144	AMMONIA/URINOUS	2.64943846415	0.103169728896
15037	AMMONIA/URINOUS	5.43866755123	0.205715060156
11529	AMMONIA/URINOUS	3.12963329213	0.121267489868
14328	AMMONIA/URINOUS	1.54750049396	0.0609421166468
7409	AMMONIA/URINOUS	8.17827193225	0.300377224571
6213	AMMONIA/URINOUS	6.56629184125	0.245405198232
7059	AMMONIA/URINOUS	5.95538286715	0.224028680648
261	AMMONIA/URINOUS	3.7271324771	0.143528692483
17617	AMMONIA/URINOUS	5.81907558169	0.219218367017
7335	AMMONIA/URINOUS	3.8027556926	0.146325847361
8697	AMMONIA/URINOUS	3.18319309886	0.123274636633
263	AMMONIA/URINOUS	7.4018805451	0.274160087563
7654	AMMONIA/URINOUS	3.72834385426	0.143573535012
957	AMMONIA/URINOUS	10.073146958	0.362338562465
7136	AMMONIA/URINOUS	3.61593177066	0.139407285799
31249	AMMONIA/URINOUS	4.55953016459	0.174065480455
1183	AMMONIA/URINOUS	2.57114080632	0.100201326235
10430	AMMONIA/URINOUS	6.87584015725	0.256122735143
7915	AMMONIA/URINOUS	4.48419166768	0.171324476742
31244	AMMONIA/URINOUS	2.12145209037	0.083057860026
6501	AMMONIA/URINOUS	2.3304064423	0.0910439400175
8125	AMMONIA/URINOUS	5.44290389606	0.205866074714
31265	AMMONIA/URINOUS	0.844882590327	0.0335097729765
21057	AMMONIA/URINOUS	5.67885309534	0.214254374822
807	AMMONIA/URINOUS		
1068	AMMONIA/URINOUS	7.43066837406	0.275140801968
356	AMMONIA/URINOUS	7.73216694233	0.285372115444
875	AMMONIA/URINOUS	6.83792517007	0.25481411855
14257	AMMONIA/URINOUS	11.7323556321	0.414234957812
13204	AMMONIA/URINOUS	7.94746933421	0.292633865841
526618	AMMONIA/URINOUS	7.45988759346	0.276135534575
16324	AMMONIA/URINOUS	5.19430835081	0.196979998335
6106	AMMONIA/URINOUS	6.59695284592	0.246470199096
61918	AMMONIA/URINOUS	4.76819582572	0.181633556456
8122	AMMONIA/URINOUS	5.26354328655	0.19945977629
4133	AMMONIA/URINOUS	4.67180184736	0.178141780894
14514	AMMONIA/URINOUS	9.10745093689	0.331119772448
98330	AMMONIA/URINOUS	9.90053171264	0.356813057228
11583	AMMONIA/URINOUS	6.90610149198	0.257166364552
22310	AMMONIA/URINOUS	5.43252072603	0.205495916466
1551246	AMMONIA/URINOUS	5.07214710298	0.192595213625
6050	AMMONIA/URINOUS	9.08856886698	0.330501921059
31272	AMMONIA/URINOUS	2.88880022382	0.11221394226
61052	AMMONIA/URINOUS	5.32197992431	0.201549808846
439570	AMMONIA/URINOUS	6.51812445944	0.24373059979
8091	AMMONIA/URINOUS	2.36345238863	0.0923037326677
61325	AMMONIA/URINOUS	5.06465871535	0.192326041453
220674	AMMONIA/URINOUS	3.77985293749	0.145479202208
15606	AMMONIA/URINOUS	3.381613944	0.130690432613
7792	AMMONIA/URINOUS	4.92624042059	0.187342478951
7151	AMMONIA/URINOUS	4.80656999229	0.183021553655
61527	DECAYED	4.18232056552	0.160296100496
520191	DECAYED	5.43819959677	0.205698377929
1110	DECAYED	8.42400703533	0.308574723601
12178	DECAYED	9.85838430499	0.355460275758
1549026	DECAYED	2.74028279999	0.10660765207
8078	DECAYED	8.14005184307	0.29909789612
7820	DECAYED	2.51024317405	0.0978891986449
521238	DECAYED	2.64418489182	0.102970710176
7122	DECAYED	2.48452682641	0.096911923636
9589	DECAYED	4.14042659468	0.158759810833
24020	DECAYED	2.55272142754	0.0995023024269
33032	DECAYED	5.43579412987	0.205612622066
8914	DECAYED	2.25818994758	0.0882878291674
8082	DECAYED	6.36865853659	0.238522416841
6943	DECAYED	2.71451080156	0.105633004506
660	DECAYED	3.26975848361	0.126513811128
170833	DECAYED	4.20642422389	0.161179367055
11428	DECAYED	5.06921287637	0.19248974738
7144	DECAYED	5.08180599163	0.192942338811
15037	DECAYED	2.69024331662	0.104714769024
11529	DECAYED	2.48218926562	0.0968230652045
14328	DECAYED	3.11793050361	0.120828623894
7409	DECAYED	1.98545800628	0.0778415028533
6213	DECAYED	4.04300070028	0.155181686146
7059	DECAYED	3.51533419261	0.13567033791
261	DECAYED	4.79482167344	0.182596740985
17617	DECAYED	2.94881736622	0.114474485105
7335	DECAYED	3.6373386642	0.140201453545
8697	DECAYED	5.03048700463	0.191097160384
263	DECAYED	5.16253832251	0.195840812128
7654	DECAYED	3.05986204659	0.118649379566
957	DECAYED	2.41850076257	0.0944003721274
7136	DECAYED	3.47115641147	0.134026685726
31249	DECAYED	1.54079606311	0.060682221521
1183	DECAYED	4.66480763458	0.177888133276
10430	DECAYED	7.50038476222	0.277513081856
7915	DECAYED	4.57566965412	0.174652085051
31244	DECAYED	3.05631179152	0.118516054954
6501	DECAYED	1.71475042328	0.0674138693254
8125	DECAYED	4.26200057383	0.163214163397
31265	DECAYED	2.3016897768	0.0899484807404
21057	DECAYED	8.04503784983	0.295912460391
807	DECAYED		
1068	DECAYED	10.6267709862	0.37989953481
356	DECAYED	4.2695909606	0.163491875635
875	DECAYED	8.57323299889	0.313529190334
14257	DECAYED	4.05792254138	0.155730207515
13204	DECAYED	4.18327627436	0.160331130819
526618	DECAYED	12.6328112245	0.441477281206
16324	DECAYED	9.49278167267	0.343666105353
6106	DECAYED	5.66377859472	0.213719788601
61918	DECAYED	8.03150136053	0.29545804878
8122	DECAYED	3.09711008386	0.120047567006
4133	DECAYED	2.90391265146	0.112783422583
14514	DECAYED	3.44163265306	0.132927371995
98330	DECAYED	15.5271557837	0.524649204655
11583	DECAYED	10.7153441663	0.38268632641
22310	DECAYED	3.40575283132	0.131590452314
1551246	DECAYED	3.52678126548	0.136095976181
6050	DECAYED	4.03257307271	0.154798264674
31272	DECAYED	7.01196795033	0.260811640199
61052	DECAYED	4.03952227424	0.155053794888
439570	DECAYED	3.71001654972	0.142894972869
8091	DECAYED	1.74333379378	0.0685176666645
61325	DECAYED	3.5249776258	0.136028918127
220674	DECAYED	2.90595959596	0.112860543369
15606	DECAYED	3.89925261823	0.149888436337
7792	DECAYED	5.76549837352	0.217323546343
7151	DECAYED	3.13617909861	0.121512916209
61527	WOOD	4.25061857036	0.162797639522
520191	WOOD	5.68442754498	0.214452015194
1110	WOOD	3.07905604851	0.11937000748
12178	WOOD	2.09315009871	0.0819734930141
1549026	WOOD	5.11139210729	0.194005152582
8078	WOOD	2.95406910569	0.114672154515
7820	WOOD	1.32284771141	0.0522139380293
521238	WOOD	4.88818614719	0.185969700364
7122	WOOD	2.06028923172	0.0807136525815
9589	WOOD	3.18327424237	0.123277675734
24020	WOOD	0.453880201862	0.0180728051794
33032	WOOD	4.95294115064	0.188304995609
8914	WOOD	2.1913642824	0.0857337403286
8082	WOOD	3.39681764652	0.131257357811
6943	WOOD	4.79633557303	0.182651488949
660	WOOD	2.77702964506	0.107996428343
170833	WOOD	7.21519649719	0.26778423569
11428	WOOD	1.56404311468	0.0615832322413
7144	WOOD	5.37784362193	0.203545264068
15037	WOOD	4.34781288938	0.166351124807
11529	WOOD	0.594224645517	0.0236277446489
14328	WOOD	5.72413807505	0.215859220321
7409	WOOD	2.09438773286	0.0820209253242
6213	WOOD	2.44255913569	0.0953159273751
7059	WOOD	4.51027557759	0.172273988789
261	WOOD	1.47521223549	0.0581379889635
17617	WOOD	3.16000007136	0.122405762674
7335	WOOD	5.755587996	0.216972802568
8697	WOOD	3.95275102618	0.151860344777
263	WOOD	3.87249568668	0.14890133833
7654	WOOD	2.09524844406	0.0820539113456
957	WOOD	2.73639318587	0.106460588368
7136	WOOD	3.30416582306	0.127799628208
31249	WOOD	1.56329534499	0.0615542568652
1183	WOOD	3.03827497526	0.11783855308
10430	WOOD	2.4272928482	0.0947350136995
7915	WOOD	1.92886324005	0.0756663242423
31244	WOOD	1.891059598	0.0742119413587
6501	WOOD	3.24271167076	0.125502395238
8125	WOOD	3.748456547	0.144317891286
31265	WOOD	0.897499397226	0.0355777738218
21057	WOOD	3.58246195846	0.138164864865
807	WOOD		
1068	WOOD	1.72124709009	0.0676648069856
356	WOOD	3.34042427533	0.129153597278
875	WOOD	4.31393659971	0.165113444394
14257	WOOD	4.18954467214	0.160560873062
13204	WOOD	2.73207706767	0.106297384665
526618	WOOD	5.22234020931	0.197984473468
16324	WOOD	0.841350625719	0.0333708766786
6106	WOOD	2.13100094872	0.0834235719316
61918	WOOD	13.6266285862	0.470791140798
8122	WOOD	4.42170412431	0.169047578027
4133	WOOD	1.64595466948	0.0647545200696
14514	WOOD	7.02826488444	0.261371992463
98330	WOOD	2.76060276301	0.107375739474
11583	WOOD	1.11578759791	0.044133511131
22310	WOOD	4.95737052582	0.188464612021
1551246	WOOD	4.70210197954	0.179240173971
6050	WOOD	4.68202751291	0.178512547864
31272	WOOD	0.908314474119	0.0360025648912
61052	WOOD	1.32226083468	0.0521910839013
439570	WOOD	4.30861706942	0.164919010357
8091	WOOD	2.41110824954	0.0941189527852
61325	WOOD	4.18536813437	0.160407802807
220674	WOOD	3.35140769944	0.129563534551
15606	WOOD	3.46080587958	0.133641364249
7792	WOOD	4.10017190909	0.15728231249
7151	WOOD	5.12442122992	0.19447297202
61527	GRASS	4.07634408426	0.156407130933
520191	GRASS	3.2936774497	0.127407773531
1110	GRASS	1.06184385102	0.042022749095
12178	GRASS	2.23066509088	0.0872362569363
1549026	GRASS	4.76676597998	0.181581816036
8078	GRASS	3.66976857927	0.141403862601
7820	GRASS	2.04164576918	0.0799985037884
521238	GRASS	4.36706500639	0.167054097548
7122	GRASS	1.97974835793	0.077622172893
9589	GRASS	1.37474911269	0.0542339904584
24020	GRASS	3.45829951642	0.133548046439
33032	GRASS	3.37857734399	0.130577179812
8914	GRASS	3.11664528481	0.12078042026
8082	GRASS	3.29839886166	0.127584180446
6943	GRASS	2.6344682734	0.102602561703
660	GRASS	1.24767214549	0.0492842115064
170833	GRASS	4.50604865658	0.172120156465
11428	GRASS	2.18430474629	0.0854637149618
7144	GRASS	3.22265306524	0.124751925498
15037	GRASS	4.90965045592	0.186744151197
11529	GRASS	1.51382583877	0.0596363660826
14328	GRASS	2.73521099538	0.10641588814
7409	GRASS	2.96301076356	0.115008657428
6213	GRASS	2.18229608138	0.0853868767804
7059	GRASS	1.34801762277	0.0531938443063
261	GRASS	4.64233057986	0.177072729909
17617	GRASS	3.07828637546	0.119341116215
7335	GRASS	7.46491474342	0.276306608886
8697	GRASS	2.9949093523	0.116208581281
263	GRASS	8.40024418865	0.307784126574
7654	GRASS	2.98130191426	0.115696812129
957	GRASS	4.11379418006	0.15778244618
7136	GRASS	3.55135761431	0.137009448211
31249	GRASS	2.01021232149	0.0787921114286
1183	GRASS	2.58822372515	0.100849388185
10430	GRASS	0.933845279512	0.0370049843781
7915	GRASS	1.68555811288	0.0662858820546
31244	GRASS	1.86713975797	0.0732911059686
6501	GRASS	3.40851212702	0.131693303113
8125	GRASS	5.27840552649	0.199991595099
31265	GRASS	1.50812710055	0.0594153050814
21057	GRASS	4.66281120198	0.177815724757
807	GRASS		
1068	GRASS	5.2788008903	0.200005740076
356	GRASS	7.88335424957	0.290475260293
875	GRASS	2.68392897765	0.104475769203
14257	GRASS	4.75571534874	0.181181882558
13204	GRASS	1.1439574398	0.0452348421424
526618	GRASS	3.06313493905	0.1187722793
16324	GRASS	1.15816857655	0.0457902012813
6106	GRASS	1.41909001282	0.0559580739269
61918	GRASS	7.31528724762	0.271206118899
8122	GRASS	2.7750938761	0.107923296636
4133	GRASS	2.39766816332	0.0936072014844
14514	GRASS	2.91706160954	0.113278765008
98330	GRASS	6.05955266825	0.227694835314
11583	GRASS	3.71945035277	0.14324428974
22310	GRASS	5.37209923242	0.203340189232
1551246	GRASS	5.59027305887	0.211110461206
6050	GRASS	4.62129572874	0.176309279465
31272	GRASS	4.45339017035	0.17020253321
61052	GRASS	2.52369687622	0.0984002566797
439570	GRASS	5.51286546377	0.208357944302
8091	GRASS	4.50187063589	0.171968089747
61325	GRASS	4.70103623189	0.179201552614
220674	GRASS	2.70292784756	0.105194786323
15606	GRASS	4.59241958513	0.175260656347
7792	GRASS	4.30989538443	0.164965736087
7151	GRASS	2.24623452304	0.0878311531087
61527	FLOWER	3.25789622538	0.126070293889
520191	FLOWER	2.85274145442	0.110854404655
1110	FLOWER	0.380012017414	0.0151427170432
12178	FLOWER	2.40749690785	0.0939814597696
1549026	FLOWER	10.2922467084	0.369317731415
8078	FLOWER	6.12902961527	0.230135183001
7820	FLOWER	3.47811214776	0.134285580265
521238	FLOWER	7.64657212357	0.282474858846
7122	FLOWER	10.8184393305	0.385922121401
9589	FLOWER	1.79114701683	0.0703625976189
24020	FLOWER	8.67190694423	0.31679548975
33032	FLOWER	1.88658785606	0.074039828747
8914	FLOWER	5.19902169667	0.197148937226
8082	FLOWER	4.76529291633	0.181528510022
6943	FLOWER	3.14517774941	0.121850252746
660	FLOWER	4.15921923229	0.159449127443
170833	FLOWER	7.93478975445	0.292207234799
11428	FLOWER	2.54317279942	0.0991398208218
7144	FLOWER	4.40215517696	0.168334618998
15037	FLOWER	1.22061894263	0.0482287934638
11529	FLOWER	7.04047868227	0.26179181126
14328	FLOWER	6.66295707499	0.248760284206
7409	FLOWER	6.43458771689	0.240821941041
6213	FLOWER	3.37361388004	0.130392046957
7059	FLOWER	2.01885566024	0.079123915139
261	FLOWER	3.02861365468	0.11747554592
17617	FLOWER	8.3978095619	0.307703100301
7335	FLOWER	11.370520123	0.403105313773
8697	FLOWER	4.99786539753	0.189923152488
263	FLOWER	5.01017800134	0.190366366611
7654	FLOWER	19.0867250405	0.617747772511
957	FLOWER	8.67132091649	0.316776114085
7136	FLOWER	11.5613946517	0.408989447553
31249	FLOWER	8.95865412976	0.326243171664
1183	FLOWER	6.58494026937	0.246053035434
10430	FLOWER	1.85683884547	0.0728944136195
7915	FLOWER	1.83189109349	0.0719333137484
31244	FLOWER	8.58602010728	0.313952907778
6501	FLOWER	14.2513454123	0.488813478066
8125	FLOWER	7.11055570925	0.264198227372
31265	FLOWER	7.92124161817	0.291751237218
21057	FLOWER	5.31808636866	0.201410637696
807	FLOWER		
1068	FLOWER	1.67745236306	0.0659725559502
356	FLOWER	6.92625459074	0.257860982567
875	FLOWER	4.22365987101	0.161810673758
14257	FLOWER	5.68872941085	0.21460451951
13204	FLOWER	2.52545409926	0.0984669966075
526618	FLOWER	2.54498985078	0.0992088046949
16324	FLOWER	8.12871214539	0.298718101358
6106	FLOWER	3.00322332805	0.116521192979
61918	FLOWER	2.44694262658	0.0954826937762
8122	FLOWER	1.56806995262	0.0617392607544
4133	FLOWER	4.60431986598	0.175692890068
14514	FLOWER	4.01841046278	0.154277369452
98330	FLOWER	3.469832245	0.133977395477
11583	FLOWER	4.49099456022	0.171572169553
22310	FLOWER	6.87445705555	0.256075018299
1551246	FLOWER	10.3630359408	0.371564432068
6050	FLOWER	8.73341552095	0.318827602173
31272	FLOWER	6.40157825833	0.239671048654
61052	FLOWER	16.1705110302	0.542226270417
439570	FLOWER	6.38099443342	0.238952941353
8091	FLOWER	8.44760706207	0.309359456453
61325	FLOWER	3.17851612542	0.123099459113
220674	FLOWER	9.93857249591	0.358032810534
15606	FLOWER	7.30882681279	0.27098549276
7792	FLOWER	7.92417137901	0.291849858343
7151	FLOWER	3.50461964724	0.135271842341
61527	CHEMICAL	16.0457293354	0.538843001453
520191	CHEMICAL	17.1726617706	0.568946345909
1110	CHEMICAL	13.6909304323	0.472660586852
12178	CHEMICAL	30.8742932652	0.853682936757
1549026	CHEMICAL	11.3337058788	0.401967079573
8078	CHEMICAL	18.7305256007	0.608887988317
7820	CHEMICAL	8.94997218184	0.325958086451
521238	CHEMICAL	16.3459278661	0.546961371522
7122	CHEMICAL	25.5477505003	0.760834997762
9589	CHEMICAL	11.4397014393	0.405241349964
24020	CHEMICAL	9.87164768514	0.355886136198
33032	CHEMICAL	9.51194875776	0.344287082642
8914	CHEMICAL	34.4170152348	0.902868234323
8082	CHEMICAL	13.8977505631	0.478651034238
6943	CHEMICAL	33.7751595258	0.894701820634
660	CHEMICAL	13.2660655596	0.460247224212
170833	CHEMICAL	23.8521889915	0.726516791785
11428	CHEMICAL	35.276978524	0.913293055447
7144	CHEMICAL	17.3499972458	0.57359092806
15037	CHEMICAL	15.1737534131	0.514853019467
11529	CHEMICAL	10.0466947693	0.361493360457
14328	CHEMICAL	12.9274216379	0.450249573433
7409	CHEMICAL	26.2124805284	0.773661566956
6213	CHEMICAL	8.15025119642	0.299439410031
7059	CHEMICAL	23.859221984	0.726663889887
261	CHEMICAL	18.6769361616	0.607546268709
17617	CHEMICAL	10.07716721	0.362466968807
7335	CHEMICAL	7.39683778734	0.273988227793
8697	CHEMICAL	10.3544751962	0.371292945212
263	CHEMICAL	19.2526128301	0.621839272889
7654	CHEMICAL	18.6422717425	0.606677151413
957	CHEMICAL	31.2345157312	0.859142640062
7136	CHEMICAL	11.2411514983	0.399100665129
31249	CHEMICAL	8.98234290926	0.327020722715
1183	CHEMICAL	5.33962541405	0.202180376737
10430	CHEMICAL	8.9208731807	0.325002135906
7915	CHEMICAL	16.8112691686	0.55940325832
31244	CHEMICAL	9.40251013172	0.340737526558
6501	CHEMICAL	15.4260244788	0.521856086663
8125	CHEMICAL	17.0271784924	0.565117216732
31265	CHEMICAL	9.65886358449	0.349037085082
21057	CHEMICAL	24.0432131766	0.730498087121
807	CHEMICAL		
1068	CHEMICAL	11.9606986961	0.421204622525
356	CHEMICAL	20.0240238029	0.640576340412
875	CHEMICAL	6.82130074426	0.254239972233
14257	CHEMICAL	32.6186838136	0.879155939052
13204	CHEMICAL	15.5554965027	0.525430471529
526618	CHEMICAL	13.6002733757	0.47002396067
16324	CHEMICAL	13.8532934634	0.477366242624
6106	CHEMICAL	7.96033670674	0.293066684076
61918	CHEMICAL	9.20898284777	0.334437167875
8122	CHEMICAL	14.0336493324	0.482568647861
4133	CHEMICAL	23.1291519804	0.711183010683
14514	CHEMICAL	14.1643357406	0.486322066836
98330	CHEMICAL	14.3462877245	0.49152512039
11583	CHEMICAL	28.2199859931	0.810252395943
22310	CHEMICAL	12.7759768217	0.445748839369
1551246	CHEMICAL	11.3208308514	0.401568749588
6050	CHEMICAL	11.5429709112	0.408422765466
31272	CHEMICAL	15.8104312167	0.532429354564
61052	CHEMICAL	14.8934498917	0.507012055798
439570	CHEMICAL	30.5064493515	0.848000593246
8091	CHEMICAL	16.8134610087	0.559461451912
61325	CHEMICAL	16.454831373	0.549888664715
220674	CHEMICAL	11.0584196794	0.393421328854
15606	CHEMICAL	8.87791125605	0.323589526934
7792	CHEMICAL	26.0350105121	0.770271711539
7151	CHEMICAL	17.8725560018	0.587130936858
