#oID	descriptor	value	sigma
520191	INTENSITY/STRENGTH	76.8448979592	0.711740581424
1110	INTENSITY/STRENGTH	12.4010204082	0.434526693461
12178	INTENSITY/STRENGTH	64.806122449	0.91231149521
8078	INTENSITY/STRENGTH	40.9387755102	0.967157684298
7820	INTENSITY/STRENGTH	31.2734693878	0.859726820491
521238	INTENSITY/STRENGTH	49.7	0.999964
7122	INTENSITY/STRENGTH	58.8795918367	0.968461139525
9589	INTENSITY/STRENGTH	73.8755102041	0.771984004998
24020	INTENSITY/STRENGTH	67.1653061225	0.882140906289
33032	INTENSITY/STRENGTH	12.3826530612	0.433974083715
8914	INTENSITY/STRENGTH	49.0693877551	0.99965358434
8082	INTENSITY/STRENGTH	32.1836734694	0.873031403582
6943	INTENSITY/STRENGTH	62.3530612245	0.938960751354
660	INTENSITY/STRENGTH	65.6285714286	0.902299102041
170833	INTENSITY/STRENGTH	48.5857142857	0.999199918367
11428	INTENSITY/STRENGTH	44.3551020408	0.987254050812
15037	INTENSITY/STRENGTH	59.993877551	0.960048964598
11529	INTENSITY/STRENGTH	59.2183673469	0.966008681383
14328	INTENSITY/STRENGTH	39.2693877551	0.95394158434
7409	INTENSITY/STRENGTH	66.0163265306	0.897390913786
6213	INTENSITY/STRENGTH	33.512244898	0.891261572678
7059	INTENSITY/STRENGTH	74.6959183673	0.756044646397
261	INTENSITY/STRENGTH	45.5897959184	0.992220039983
17617	INTENSITY/STRENGTH	49.3142857143	0.999811918367
7335	INTENSITY/STRENGTH	42.0612244898	0.974790337359
8697	INTENSITY/STRENGTH	71.0040816326	0.823531421908
7654	INTENSITY/STRENGTH	49.5836734694	0.999930668888
957	INTENSITY/STRENGTH	56.6857142857	0.982120489796
7136	INTENSITY/STRENGTH	42.2755102041	0.976132902957
31249	INTENSITY/STRENGTH	40.0224489796	0.960179390254
1183	INTENSITY/STRENGTH	47.206122449	0.996877699292
7915	INTENSITY/STRENGTH	51.8346938776	0.99865355935
31244	INTENSITY/STRENGTH	53.0795918367	0.996206445648
8125	INTENSITY/STRENGTH	54.8285714286	0.990673959184
31265	INTENSITY/STRENGTH	56.7857142857	0.981581632653
21057	INTENSITY/STRENGTH	64.7653061224	0.912794294044
807	INTENSITY/STRENGTH	30.1040816327	0.841660972928
1068	INTENSITY/STRENGTH	25.1836734694	0.75365997501
356	INTENSITY/STRENGTH	58.4285714286	0.971583673469
875	INTENSITY/STRENGTH	9.37755102042	0.33992665556
14257	INTENSITY/STRENGTH	25.0306122449	0.750611870054
13204	INTENSITY/STRENGTH	58.8204081633	0.968880159933
16324	INTENSITY/STRENGTH	61.0142857143	0.951474204082
6106	INTENSITY/STRENGTH	50.2775510204	0.999969186172
61918	INTENSITY/STRENGTH	66.1204081633	0.89605297626
8122	INTENSITY/STRENGTH	22.6857142857	0.701571918367
4133	INTENSITY/STRENGTH	62.6693877551	0.935794645564
14514	INTENSITY/STRENGTH	57.5142857143	0.977414204082
98330	INTENSITY/STRENGTH	45.3326530612	0.991286349021
11583	INTENSITY/STRENGTH	68.2306122449	0.86705791087
22310	INTENSITY/STRENGTH	38.2163265306	0.944458015827
1551246	INTENSITY/STRENGTH	61.9489795918	0.942888754686
6050	INTENSITY/STRENGTH	23.4265306123	0.71754028988
31272	INTENSITY/STRENGTH	56.7775510204	0.981625920866
61052	INTENSITY/STRENGTH	31.6836734694	0.86580487297
439570	INTENSITY/STRENGTH	51.8102040816	0.998689264473
8091	INTENSITY/STRENGTH	46.6091836735	0.995400945856
61325	INTENSITY/STRENGTH	47.8836734694	0.998208464806
220674	INTENSITY/STRENGTH	32.3591836735	0.875520639733
15606	INTENSITY/STRENGTH	40.006122449	0.960048964598
7792	INTENSITY/STRENGTH	52.0244897959	0.998360576426
7151	INTENSITY/STRENGTH	65.9357142857	0.898421204081
61527	VALENCE/PLEASANTNESS	48.8317422898	0.999454069569
520191	VALENCE/PLEASANTNESS	41.5679268716	0.971560057103
1110	VALENCE/PLEASANTNESS	36.2193204542	0.924037148503
12178	VALENCE/PLEASANTNESS	39.4471753445	0.955455156716
1549026	VALENCE/PLEASANTNESS	53.4632353153	0.99520240046
8078	VALENCE/PLEASANTNESS	35.9281596992	0.920793324219
7820	VALENCE/PLEASANTNESS	45.6413134988	0.992400740794
521238	VALENCE/PLEASANTNESS	49.3963635594	0.999854249219
7122	VALENCE/PLEASANTNESS	56.7089382938	0.981996058788
9589	VALENCE/PLEASANTNESS	46.5654773634	0.995281621703
24020	VALENCE/PLEASANTNESS	62.3449907118	0.93904048173
33032	VALENCE/PLEASANTNESS	45.082779457	0.990328376853
8914	VALENCE/PLEASANTNESS	40.1587379749	0.961259824701
8082	VALENCE/PLEASANTNESS	35.5283682166	0.916228749411
6943	VALENCE/PLEASANTNESS	35.897542738	0.92044827967
660	VALENCE/PLEASANTNESS	48.2749668655	0.998809704274
170833	VALENCE/PLEASANTNESS	51.0760982622	0.999536805012
11428	VALENCE/PLEASANTNESS	40.3232256655	0.962544015392
7144	VALENCE/PLEASANTNESS	49.6615531596	0.999954181494
15037	VALENCE/PLEASANTNESS	41.8586244821	0.973487201871
11529	VALENCE/PLEASANTNESS	53.2681766563	0.995727608537
14328	VALENCE/PLEASANTNESS	52.2202268689	0.99802823706
7409	VALENCE/PLEASANTNESS	40.2684825685	0.962119027392
6213	VALENCE/PLEASANTNESS	42.0742878212	0.974873234583
7059	VALENCE/PLEASANTNESS	43.4629949604	0.982907026045
261	VALENCE/PLEASANTNESS	43.5239738375	0.983224434057
17617	VALENCE/PLEASANTNESS	46.8518936658	0.996035770604
7335	VALENCE/PLEASANTNESS	56.6248908143	0.982444328679
8697	VALENCE/PLEASANTNESS	41.8497327889	0.973429257755
263	VALENCE/PLEASANTNESS	45.8492401472	0.993108477058
7654	VALENCE/PLEASANTNESS	48.3897227539	0.998962802876
957	VALENCE/PLEASANTNESS	49.2861206891	0.999796150532
7136	VALENCE/PLEASANTNESS	51.7379327305	0.99879183593
31249	VALENCE/PLEASANTNESS	55.2252388236	0.989078751694
1183	VALENCE/PLEASANTNESS	56.5326562607	0.982929760872
10430	VALENCE/PLEASANTNESS	30.558724202	0.848814718139
7915	VALENCE/PLEASANTNESS	41.5387586853	0.971362958166
31244	VALENCE/PLEASANTNESS	48.9508021673	0.999559673563
6501	VALENCE/PLEASANTNESS	57.8392058473	0.975418740673
8125	VALENCE/PLEASANTNESS	36.0370794291	0.922014739652
31265	VALENCE/PLEASANTNESS	60.4850048918	0.956025868967
21057	VALENCE/PLEASANTNESS	43.3173798782	0.982137035323
807	VALENCE/PLEASANTNESS		
1068	VALENCE/PLEASANTNESS	27.8011892654	0.802885120788
356	VALENCE/PLEASANTNESS	43.6003949808	0.983618022239
875	VALENCE/PLEASANTNESS	36.4250226598	0.926287996086
14257	VALENCE/PLEASANTNESS	36.9750810928	0.932140594985
13204	VALENCE/PLEASANTNESS	52.1149696194	0.998210761404
526618	VALENCE/PLEASANTNESS	25.7066595069	0.763933443075
16324	VALENCE/PLEASANTNESS	59.109471874	0.96680700887
6106	VALENCE/PLEASANTNESS	42.4406167823	0.977142290147
61918	VALENCE/PLEASANTNESS	44.9601985225	0.989840160427
8122	VALENCE/PLEASANTNESS	40.9262393885	0.967066747346
4133	VALENCE/PLEASANTNESS	54.9437714024	0.990223649728
14514	VALENCE/PLEASANTNESS	40.9683635208	0.967371817003
98330	VALENCE/PLEASANTNESS	26.4273542934	0.777732149757
11583	VALENCE/PLEASANTNESS	41.7966535734	0.973082042962
22310	VALENCE/PLEASANTNESS	56.0488570121	0.985364531539
1551246	VALENCE/PLEASANTNESS	51.6008965188	0.998974852134
6050	VALENCE/PLEASANTNESS	47.736194752	0.99795007432
31272	VALENCE/PLEASANTNESS	43.3180263157	0.982140491073
61052	VALENCE/PLEASANTNESS	46.2490522736	0.994372156462
439570	VALENCE/PLEASANTNESS	49.3330190804	0.999822054581
8091	VALENCE/PLEASANTNESS	50.8879153288	0.999684642548
61325	VALENCE/PLEASANTNESS	61.0658303742	0.951018959252
220674	VALENCE/PLEASANTNESS	52.5876213239	0.997321686354
15606	VALENCE/PLEASANTNESS	48.2790445876	0.998815324987
7792	VALENCE/PLEASANTNESS	38.1743468758	0.944061571275
7151	VALENCE/PLEASANTNESS	45.5769286665	0.992174575992
61527	BAKERY	5.86502704982	0.220841665075
520191	BAKERY	5.34855337749	0.202499325807
1110	BAKERY	2.01811385424	0.079095440758
12178	BAKERY	1.38931520168	0.0548005293752
1549026	BAKERY	1.68436864636	0.0662399067597
8078	BAKERY	1.10996142359	0.043905651199
7820	BAKERY	3.95986617978	0.152122431127
521238	BAKERY	2.91749433703	0.113295064199
7122	BAKERY	0.921515936189	0.0365209607993
9589	BAKERY	8.2729695268	0.303541971155
24020	BAKERY	3.37413040669	0.130411313867
33032	BAKERY	4.77705882353	0.18195423654
8914	BAKERY	0.360371086552	0.0143628965341
8082	BAKERY	1.4432248012	0.0568958329174
6943	BAKERY	0.897244874141	0.03556777562
660	BAKERY	2.55254178542	0.0994954835903
170833	BAKERY	1.27148098007	0.0502125736497
11428	BAKERY	3.09576257076	0.119997004473
7144	BAKERY	4.08049691529	0.156559694581
15037	BAKERY	4.20742519936	0.161216037251
11529	BAKERY	2.74296829519	0.10670918178
14328	BAKERY	7.24957312082	0.268960400659
7409	BAKERY	1.85855864397	0.0729606496655
6213	BAKERY	3.40775928069	0.131665241902
7059	BAKERY	0.776532421478	0.0308200958185
261	BAKERY	4.82347878884	0.183632772503
17617	BAKERY	1.95459786432	0.0766557334482
7335	BAKERY	3.39618757499	0.131233866982
8697	BAKERY	2.21031362379	0.0864583504254
263	BAKERY	3.45967387921	0.133599217828
7654	BAKERY	1.86845840571	0.0733418815027
957	BAKERY	0.466885462919	0.0185882257026
7136	BAKERY	5.6664675415	0.2138151599
31249	BAKERY	4.44248212082	0.169805025875
1183	BAKERY	26.9494764659	0.787469345922
10430	BAKERY	3.85190571696	0.148141357617
7915	BAKERY	4.34272035381	0.166165126124
31244	BAKERY	3.55962596535	0.137316663809
6501	BAKERY	3.67873480497	0.141736156293
8125	BAKERY	1.43109526945	0.0564245973097
31265	BAKERY	4.89312558205	0.186147952097
21057	BAKERY	2.56613054008	0.100011211224
807	BAKERY		
1068	BAKERY	1.89113387022	0.0742147998826
356	BAKERY	2.53067173043	0.0986651494542
875	BAKERY	7.63430400184	0.282059121037
14257	BAKERY	2.07209350394	0.0811663115621
13204	BAKERY	12.4344302721	0.435531188407
526618	BAKERY	4.35254651769	0.166523996232
16324	BAKERY	2.96840470803	0.115211617717
6106	BAKERY	4.28997759369	0.164237540646
61918	BAKERY	7.01982294539	0.261081752142
8122	BAKERY	4.56414816816	0.174233347326
4133	BAKERY	7.77471169033	0.286810010866
14514	BAKERY	8.48713020228	0.310672656463
98330	BAKERY	6.79589460015	0.25336211064
11583	BAKERY	1.68715998313	0.0663477958018
22310	BAKERY	4.40579175222	0.168467269703
1551246	BAKERY	3.8779529279	0.149102709552
6050	BAKERY	6.6509087373	0.248342514679
31272	BAKERY	2.13320892291	0.0835081247927
61052	BAKERY	1.01157634476	0.0400537391098
439570	BAKERY	4.76353897949	0.181465037736
8091	BAKERY	2.12629926699	0.0832435112504
61325	BAKERY	16.843266131	0.560252399657
220674	BAKERY	2.03113905782	0.0795953519637
15606	BAKERY	1.61555436275	0.0635781681506
7792	BAKERY	4.31873640766	0.165288862643
7151	BAKERY	3.30022912586	0.127652560121
61527	SWEET	15.5616581472	0.525600244171
520191	SWEET	15.9140209404	0.535258412619
1110	SWEET	5.85127490609	0.220356029033
12178	SWEET	8.38756275587	0.307362026641
1549026	SWEET	18.6931121885	0.607951510224
8078	SWEET	5.84132311115	0.220004502171
7820	SWEET	14.5836323138	0.498272359966
521238	SWEET	20.7913722868	0.658742426844
7122	SWEET	18.0333793462	0.59125406559
9589	SWEET	10.1564271213	0.364995880104
24020	SWEET	27.6655524022	0.8004689802
33032	SWEET	9.86514464732	0.355677354328
8914	SWEET	10.3587642329	0.371428970742
8082	SWEET	4.2363459328	0.162275186567
6943	SWEET	4.05946038794	0.155786728061
660	SWEET	12.1841119577	0.427983444628
170833	SWEET	11.0720827721	0.39384690412
11428	SWEET	6.38103351327	0.238954305052
7144	SWEET	15.7583468113	0.531003674762
15037	SWEET	6.08019691069	0.228420358639
11529	SWEET	25.7813623444	0.765383036043
14328	SWEET	20.0635594885	0.6415238118
7409	SWEET	4.6507580185	0.177378500681
6213	SWEET	7.96383716691	0.293184405708
7059	SWEET	7.15001222866	0.265551419198
261	SWEET	14.6687209632	0.50068028865
17617	SWEET	19.7185370065	0.63321319959
7335	SWEET	22.7238566289	0.70240480112
8697	SWEET	15.9275996312	0.535628613243
263	SWEET	12.0576937906	0.424152559803
7654	SWEET	17.6932817944	0.582510383514
957	SWEET	9.34128637896	0.338747602673
7136	SWEET	17.7728171672	0.584563474665
31249	SWEET	38.5298741672	0.947374485352
1183	SWEET	28.3867657821	0.813147242657
10430	SWEET	9.43186541684	0.341690582577
7915	SWEET	9.24702466758	0.335678000622
31244	SWEET	20.103456139	0.642478666066
6501	SWEET	23.176138276	0.712192176884
8125	SWEET	5.11502228146	0.194135510083
31265	SWEET	41.8542127578	0.973458460082
21057	SWEET	8.56016624284	0.313096071271
807	SWEET		
1068	SWEET	6.68759564677	0.249614251657
356	SWEET	11.8445936967	0.417665987933
875	SWEET	11.025334813	0.392390189424
14257	SWEET	5.92134440374	0.222828848331
13204	SWEET	21.5915256269	0.677183433517
526618	SWEET	3.3552868296	0.1297082933
16324	SWEET	25.8148036543	0.766030511088
6106	SWEET	5.38655122595	0.203856075394
61918	SWEET	9.97119199854	0.359077811993
8122	SWEET	4.06723797437	0.156072549079
4133	SWEET	15.7841562542	0.531710414705
14514	SWEET	18.5374381028	0.604042879546
98330	SWEET	6.59912392634	0.246545582416
11583	SWEET	11.0364747798	0.392737480967
22310	SWEET	15.1117093775	0.513122870976
1551246	SWEET	14.245057066	0.488633622313
6050	SWEET	14.8922540206	0.506978468897
31272	SWEET	28.9176302141	0.822213473685
61052	SWEET	11.5261568205	0.407905356399
439570	SWEET	18.479769804	0.602590035357
8091	SWEET	29.912724324	0.838600542367
61325	SWEET	26.1948265657	0.773325487105
220674	SWEET	25.4152027009	0.758235096704
15606	SWEET	25.394521272	0.757828166626
7792	SWEET	12.6538695039	0.442106614787
7151	SWEET	12.0461455218	0.423801972098
61527	FRUIT	2.17731617274	0.0851963646232
520191	FRUIT	4.00194231272	0.153671475599
1110	FRUIT	0.976128848678	0.0386640229354
12178	FRUIT	2.55787647534	0.0996979661883
1549026	FRUIT	11.2610897436	0.399718732858
8078	FRUIT	2.20555635516	0.0862764626719
7820	FRUIT	6.85293576243	0.255332339071
521238	FRUIT	15.4905865087	0.523640152193
7122	FRUIT	4.81790209276	0.18343121148
9589	FRUIT	0.815641590756	0.0323595551484
24020	FRUIT	12.6105277932	0.440810947239
33032	FRUIT	1.66375722708	0.065443053839
8914	FRUIT	3.76094395467	0.144779878415
8082	FRUIT	1.82337122092	0.0716049757931
6943	FRUIT	2.5418451472	0.0990894151871
660	FRUIT	2.63306952895	0.1025495591
170833	FRUIT	2.3521753416	0.0918739221288
11428	FRUIT	2.69075732368	0.104734222957
7144	FRUIT	2.15175664592	0.0842182431715
15037	FRUIT	1.05222773871	0.0416462362626
11529	FRUIT	19.570501409	0.6296182462
14328	FRUIT	5.82181917427	0.219315335572
7409	FRUIT	0.866810022015	0.0343718570349
6213	FRUIT	1.24535856009	0.0491939752264
7059	FRUIT	0.6671972848	0.0265098305053
261	FRUIT	2.23152053195	0.0872689477242
17617	FRUIT	6.08339667997	0.228532781133
7335	FRUIT	8.20159211671	0.301157239369
8697	FRUIT	4.05327882178	0.155559525188
263	FRUIT	3.29036131879	0.127283861708
7654	FRUIT	8.61650461684	0.314962523949
957	FRUIT	3.43348506226	0.132623874621
7136	FRUIT	6.21094490492	0.233007461552
31249	FRUIT	13.7581457847	0.474611201214
1183	FRUIT	4.76644470519	0.181570190157
10430	FRUIT	8.42037035325	0.308453759376
7915	FRUIT	3.72537559311	0.143463654401
31244	FRUIT	4.29404101947	0.164386125468
6501	FRUIT	6.3038266684	0.23625777447
8125	FRUIT	2.99654845232	0.116270217042
31265	FRUIT	28.3004540041	0.811651881428
21057	FRUIT	1.70962743427	0.0672159669851
807	FRUIT		
1068	FRUIT	0.490555468395	0.0195259608688
356	FRUIT	5.73132372543	0.216113720359
875	FRUIT	1.99306933377	0.0781338432032
14257	FRUIT	5.04444090827	0.1915990827
13204	FRUIT	3.37160548316	0.130317129913
526618	FRUIT	0.927858254498	0.0367699618038
16324	FRUIT	9.92738361862	0.35767416654
6106	FRUIT	8.50139530242	0.311146323262
61918	FRUIT	2.90862073974	0.112960799746
8122	FRUIT	3.2561947568	0.126006668554
4133	FRUIT	9.04780612245	0.329167126646
14514	FRUIT	5.0702613259	0.192527433071
98330	FRUIT	1.84474366762	0.0724285150251
11583	FRUIT	10.805212257	0.385507445513
22310	FRUIT	3.47527798109	0.134180096425
1551246	FRUIT	11.8311256542	0.41725481247
6050	FRUIT	5.58346192778	0.210868458272
31272	FRUIT	19.8589246746	0.636606231291
61052	FRUIT	4.87429395839	0.185468261699
439570	FRUIT	6.1976389005	0.232541264844
8091	FRUIT	18.4344013776	0.601445193444
61325	FRUIT	3.51394367473	0.13561862693
220674	FRUIT	6.33142984787	0.237222392347
15606	FRUIT	14.6675869863	0.500648236251
7792	FRUIT	3.75890494888	0.144704451389
7151	FRUIT	2.35738648977	0.0920725511661
61527	FISH	0.824817302153	0.0327205626534
520191	FISH	2.26732183268	0.0886365739899
1110	FISH	2.82616375717	0.109851669654
12178	FISH	0.446727239242	0.0177892634792
1549026	FISH	1.74925575568	0.0687462719477
8078	FISH	1.31526087172	0.0519184704047
7820	FISH	1.23556400531	0.0488119128478
521238	FISH	1.0995109267	0.0434968673568
7122	FISH	0.182879996776	0.00730182183376
9589	FISH	0.645363694918	0.0256479500772
24020	FISH	1.09499844699	0.0433203292402
33032	FISH	1.70914257157	0.0671972355308
8914	FISH	0.235529100613	0.00939897444161
8082	FISH	2.49455272324	0.0972929916141
6943	FISH	1.09766595598	0.043424690019
660	FISH	0.558321001523	0.0222081511246
170833	FISH	0.155367320753	0.00620503722839
11428	FISH	0.30502149609	0.0121636445984
7144	FISH	1.35677563679	0.0535346894201
15037	FISH	1.08637123746	0.0429827685121
11529	FISH	0.672439254339	0.0267167003532
14328	FISH	1.17142825426	0.0463082325085
7409	FISH	1.41277583723	0.0557126592627
6213	FISH	1.77036218473	0.0695608144831
7059	FISH	0.377778266479	0.0150540440917
261	FISH	2.50249681071	0.0975948763134
17617	FISH	0.921702913941	0.036528302053
7335	FISH	0.366507795971	0.014606580653
8697	FISH	1.03370289818	0.0409206992543
263	FISH	2.10148302239	0.0822928285381
7654	FISH	4.93355165454	0.18760609341
957	FISH	0.241797903212	0.00964852963809
7136	FISH	0.118849281138	0.00474832118485
31249	FISH	1.70175677123	0.0669118804057
1183	FISH	0.24185015301	0.00965060952181
10430	FISH	1.41784479539	0.05590967827
7915	FISH	1.49999280863	0.0590997209748
31244	FISH	1.07729429722	0.0426275466875
6501	FISH	0.383399321688	0.0152771748516
8125	FISH	1.56711824281	0.0617023858777
31265	FISH	0.168722627766	0.00673751818061
21057	FISH	0.572074037604	0.0227520540224
807	FISH		
1068	FISH	7.1840392923	0.266717403471
356	FISH	0.648530307783	0.0257729756873
875	FISH	1.67149308015	0.0657421675591
14257	FISH	0.97164888672	0.0384883148452
13204	FISH	0.711104039279	0.0282418939893
526618	FISH	5.12362740227	0.194444472988
16324	FISH	0.435247230559	0.0173341131617
6106	FISH	1.34191060652	0.0529561346304
61918	FISH	0.523656809004	0.0208365857787
8122	FISH	1.72604386892	0.0678500637818
4133	FISH	0.224571545224	0.00896268885738
14514	FISH	1.3570593077	0.0535457283221
98330	FISH	9.50454931973	0.344047389681
11583	FISH	1.14572453267	0.0453039074247
22310	FISH	0.353345068294	0.0140838616368
1551246	FISH	1.40179734743	0.0552858795759
6050	FISH	2.99852027144	0.11634436133
31272	FISH	0.492582519138	0.0196062457503
61052	FISH	0.311913902276	0.0124376399781
439570	FISH	0.304877012278	0.0121579004941
8091	FISH	1.00084903518	0.0396332818906
61325	FISH	1.38396217609	0.0545923465216
220674	FISH	1.01888456723	0.0403401323845
15606	FISH	0.352371360494	0.0140451881895
7792	FISH	0.573438533789	0.0228060086507
7151	FISH	1.43593901147	0.0566127921211
61527	GARLIC	2.82228495913	0.109705281409
520191	GARLIC	1.98732878064	0.0779133609528
1110	GARLIC	3.581002705	0.138110676051
12178	GARLIC	0.913397639596	0.0362021874846
1549026	GARLIC	3.96969481631	0.152484401879
8078	GARLIC	9.97720326012	0.359270296447
7820	GARLIC	3.93256767905	0.151116671742
521238	GARLIC	1.37613514794	0.0542879067392
7122	GARLIC	1.3950936971	0.0550252333144
9589	GARLIC	2.81469519646	0.109418804239
24020	GARLIC	0.838485743727	0.0332582064121
33032	GARLIC	2.49316212208	0.0972401419364
8914	GARLIC	1.77555187595	0.0697610412523
8082	GARLIC	11.3193697873	0.401523538539
6943	GARLIC	1.0973613962	0.0434127750345
660	GARLIC	1.63529779175	0.0643422321228
170833	GARLIC	0.64513388551	0.0256388763283
11428	GARLIC	2.30677572875	0.090142543445
7144	GARLIC	1.9133273262	0.0750687644651
15037	GARLIC	3.88071164345	0.149204496594
11529	GARLIC	1.08264388956	0.0428369084657
14328	GARLIC	1.42048399312	0.056012249815
7409	GARLIC	1.71421385622	0.0673931425908
6213	GARLIC	5.3735764724	0.203392929254
7059	GARLIC	1.68578275675	0.0662945648687
261	GARLIC	4.8054370373	0.182980591444
17617	GARLIC	2.27039487304	0.0887539177699
7335	GARLIC	1.78894842624	0.070277802461
8697	GARLIC	1.84062746312	0.0722699347415
263	GARLIC	4.19377304353	0.160715828805
7654	GARLIC	1.11328846829	0.0440357742461
957	GARLIC	1.41601464544	0.0558385468272
7136	GARLIC	1.54326001194	0.0607777398918
31249	GARLIC	2.06261817394	0.0808029694651
1183	GARLIC	1.23336226529	0.0487260176206
10430	GARLIC	3.33304247552	0.128878030163
7915	GARLIC	4.24188220214	0.162477862239
31244	GARLIC	1.67669933705	0.0659434452154
6501	GARLIC	1.57629069925	0.0620577510224
8125	GARLIC	1.77082789884	0.0695787833747
31265	GARLIC	1.47764292239	0.0582323454532
21057	GARLIC	2.99403830862	0.116175826187
807	GARLIC		
1068	GARLIC	23.6675570228	0.722640978741
356	GARLIC	2.58145815915	0.100592755875
875	GARLIC	4.26054668244	0.163160964084
14257	GARLIC	1.84962317359	0.07261648459
13204	GARLIC	0.867743821459	0.0344085611225
526618	GARLIC	8.83949516268	0.322325136615
16324	GARLIC	2.08735896082	0.0817515314601
6106	GARLIC	3.64134212709	0.140349936089
61918	GARLIC	2.64772766052	0.103104921715
8122	GARLIC	4.31211549257	0.165046883694
4133	GARLIC	0.297601294981	0.0118686251869
14514	GARLIC	1.79613561276	0.0705549832546
98330	GARLIC	32.7471797052	0.88093607675
11583	GARLIC	1.53374042575	0.0604086731527
22310	GARLIC	1.57342146279	0.0619465964717
1551246	GARLIC	3.39930415846	0.131350058834
6050	GARLIC	5.03907317488	0.191406023611
31272	GARLIC	0.348587640735	0.0138949002921
61052	GARLIC	2.0656099257	0.0809176992819
439570	GARLIC	1.22928250422	0.0485668459788
8091	GARLIC	2.44602797691	0.0954478979307
61325	GARLIC	3.12244234836	0.120997835447
220674	GARLIC	2.50433709382	0.097664802041
15606	GARLIC	1.98097073765	0.0776691314806
7792	GARLIC	4.15465090774	0.159281586643
7151	GARLIC	2.32012024867	0.0906516267594
61527	SPICES	6.59784240537	0.246501086452
520191	SPICES	9.28443811134	0.336897208036
1110	SPICES	5.41997629269	0.205048594502
12178	SPICES	5.04401046058	0.191583601813
1549026	SPICES	5.72896683695	0.21603024907
8078	SPICES	3.42920737946	0.132464509878
7820	SPICES	5.54376210213	0.209457164787
521238	SPICES	3.83097633577	0.147368501557
7122	SPICES	6.14607804648	0.230733411718
9589	SPICES	9.10966607712	0.33119223667
24020	SPICES	4.01635401771	0.15420172087
33032	SPICES	8.31873635742	0.305068904463
8914	SPICES	2.20121524878	0.0861104705227
8082	SPICES	2.55173689907	0.0994649314818
6943	SPICES	15.5684402806	0.525787078115
660	SPICES	5.14414971134	0.195181077952
170833	SPICES	7.79582594169	0.287523076822
11428	SPICES	6.26954970625	0.235059086842
7144	SPICES	9.74108840874	0.351688014995
15037	SPICES	7.84769161302	0.28927315906
11529	SPICES	3.53657960719	0.136460226161
14328	SPICES	8.41680095662	0.308335022928
7409	SPICES	5.21674607408	0.197784067123
6213	SPICES	6.28228230231	0.235504463722
7059	SPICES	4.56159120191	0.174140402359
261	SPICES	5.54189063377	0.209390604632
17617	SPICES	4.11973343698	0.158000456042
7335	SPICES	6.26468538965	0.234888902373
8697	SPICES	4.04758459662	0.155350207438
263	SPICES	6.13019094176	0.230175941277
7654	SPICES	5.89560209068	0.221920834023
957	SPICES	3.03191209865	0.117599487556
7136	SPICES	9.47808516505	0.343189767243
31249	SPICES	6.43512451894	0.240840649728
1183	SPICES	6.55269280242	0.244932598912
10430	SPICES	4.42154673601	0.169041839225
7915	SPICES	6.33507687207	0.237349795293
31244	SPICES	7.16509818154	0.266068474481
6501	SPICES	6.0365587108	0.226886332005
8125	SPICES	5.17775444425	0.196386521336
31265	SPICES	4.37190996018	0.167230959727
21057	SPICES	5.12055543494	0.194334182213
807	SPICES		
1068	SPICES	9.2446311064	0.335599962539
356	SPICES	2.08648868436	0.0817181733626
875	SPICES	7.03001755775	0.261432243565
14257	SPICES	4.62839389989	0.176566943959
13204	SPICES	3.52309739991	0.135959009881
526618	SPICES	7.12191315418	0.264587867377
16324	SPICES	4.45230027995	0.170162820085
6106	SPICES	4.80499596774	0.18296464421
61918	SPICES	7.09375970772	0.263621817592
8122	SPICES	4.97195800765	0.188990173734
4133	SPICES	7.17790454556	0.266507256356
14514	SPICES	8.15617778795	0.299637817075
98330	SPICES	7.42235247868	0.27485757262
11583	SPICES	3.76550473212	0.14494857893
22310	SPICES	8.41040754462	0.308122319758
1551246	SPICES	6.62609850652	0.247481867694
6050	SPICES	5.90233321722	0.222158313726
31272	SPICES	4.12040211225	0.158024999063
61052	SPICES	5.30119340392	0.200806675554
439570	SPICES	8.80622172307	0.321229052508
8091	SPICES	3.60094877857	0.1388512183
61325	SPICES	4.62978509599	0.176617439825
220674	SPICES	6.28878238911	0.235731781989
15606	SPICES	2.94150231081	0.114199118095
7792	SPICES	6.41424704716	0.240112855814
7151	SPICES	7.29498521764	0.270512684975
61527	COLD	4.10647353234	0.157513691345
520191	COLD	2.40204476158	0.0937738628485
1110	COLD	4.35500563269	0.166613795683
12178	COLD	5.55502940617	0.209857835566
1549026	COLD	4.66605310741	0.177933303656
8078	COLD	6.72096886593	0.250770185639
7820	COLD	3.35593583119	0.129732511126
521238	COLD	5.17453523933	0.196271083596
7122	COLD	5.5151791796	0.208440286631
9589	COLD	3.1618566451	0.122475330826
24020	COLD	4.1377168221	0.158660392684
33032	COLD	6.47563865546	0.24225198782
8914	COLD	6.77915427856	0.25278339805
8082	COLD	4.32441035624	0.165496204278
6943	COLD	6.38308325992	0.239025829636
660	COLD	3.61238651326	0.139275726002
170833	COLD	8.26892569376	0.303406974899
11428	COLD	6.55676978818	0.245074299505
7144	COLD	6.20194978073	0.232692318796
15037	COLD	4.02775324394	0.15462101128
11529	COLD	5.07463042775	0.192684467519
14328	COLD	4.92894165808	0.187439879976
7409	COLD	6.92890963203	0.257952469806
6213	COLD	3.94770567937	0.151674475123
7059	COLD	4.82391292147	0.183648462509
261	COLD	3.89674091467	0.149795800684
17617	COLD	3.98769211443	0.153147009218
7335	COLD	4.25841822252	0.163083078598
8697	COLD	4.41072812152	0.168647315836
263	COLD	4.79315771568	0.182536564272
7654	COLD	4.62720658689	0.176523847156
957	COLD	6.43137632127	0.240710012297
7136	COLD	4.50891789903	0.172224579713
31249	COLD	4.70101895773	0.179200926613
1183	COLD	1.78515600454	0.0701315273974
10430	COLD	2.68946413794	0.104685278578
7915	COLD	4.35465670648	0.166601054247
31244	COLD	6.09342782471	0.228885167926
6501	COLD	5.18688732542	0.196713972966
8125	COLD	4.64382839383	0.177127078893
31265	COLD	4.2040076507	0.161090833897
21057	COLD	5.38819122725	0.203914607209
807	COLD		
1068	COLD	4.21483810191	0.161487579986
356	COLD	5.86628880414	0.220886214432
875	COLD	3.43839007457	0.132806592461
14257	COLD	6.70477466412	0.250209385246
13204	COLD	5.08848836265	0.193182448979
526618	COLD	2.11502265683	0.0828115779376
16324	COLD	4.26467121262	0.163311880284
6106	COLD	2.89653195159	0.112505319125
61918	COLD	5.09465245072	0.193403904591
8122	COLD	4.27950539345	0.163854549173
4133	COLD	6.21551436532	0.233167527083
14514	COLD	4.39744269447	0.168162706878
98330	COLD	4.29721453932	0.164502160454
11583	COLD	4.01339255172	0.154092774159
22310	COLD	11.0532961062	0.393261702325
1551246	COLD	3.63425722556	0.14008715879
6050	COLD	4.12516694227	0.15819987677
31272	COLD	7.11658528111	0.264405096819
61052	COLD	3.09992522022	0.120153194261
439570	COLD	7.10844306052	0.264125737323
8091	COLD	6.07248591193	0.228149402417
61325	COLD	3.25424158014	0.125933627901
220674	COLD	6.02753746496	0.226569015442
15606	COLD	6.11338314097	0.229585944267
7792	COLD	5.45033224615	0.206130841208
7151	COLD	3.85935882019	0.148416492606
61527	SOUR	9.97998899987	0.35935948782
520191	SOUR	8.81773063989	0.321608276141
1110	SOUR	18.4706332243	0.602359612289
12178	SOUR	7.90127767192	0.291079031337
1549026	SOUR	8.45809829408	0.309708161062
8078	SOUR	4.59620686523	0.17539822759
7820	SOUR	17.1351776537	0.567961380858
521238	SOUR	6.85105365456	0.255267371712
7122	SOUR	5.23179362138	0.198323079056
9589	SOUR	3.93694805195	0.151278098093
24020	SOUR	5.67945345245	0.214275661491
33032	SOUR	11.7096051464	0.413538264782
8914	SOUR	6.50981520233	0.243441530506
8082	SOUR	8.18052730202	0.300452681305
6943	SOUR	5.39959682858	0.204321614779
660	SOUR	6.44251197167	0.241098094665
170833	SOUR	7.42981545971	0.275111755282
11428	SOUR	7.16689406822	0.266130014495
7144	SOUR	6.14655946184	0.230750301186
15037	SOUR	10.1476854433	0.364717209791
11529	SOUR	6.9860312203	0.259919395928
14328	SOUR	4.92370036025	0.187250884315
7409	SOUR	6.96026476226	0.259032476266
6213	SOUR	14.0400696779	0.482753364491
7059	SOUR	8.66275090498	0.316492734903
261	SOUR	14.7071438351	0.501765721489
17617	SOUR	6.84122964163	0.254928216461
7335	SOUR	5.27426152869	0.199843327278
8697	SOUR	12.3092530644	0.431763038174
263	SOUR	12.8145469097	0.446896831387
7654	SOUR	5.52889581009	0.208928356852
957	SOUR	5.16273026476	0.195847697076
7136	SOUR	4.14121746672	0.158788825826
31249	SOUR	9.49762208965	0.343822953443
1183	SOUR	4.50714197004	0.172159947306
10430	SOUR	15.557917813	0.525497189851
7915	SOUR	5.12424424533	0.194466618179
31244	SOUR	6.02033798248	0.22631573153
6501	SOUR	5.0501990224	0.19180615683
8125	SOUR	7.8587578734	0.289646284811
31265	SOUR	7.45093821744	0.275830936569
21057	SOUR	9.5947099354	0.346965013918
807	SOUR		
1068	SOUR	18.7170903228	0.608551824852
356	SOUR	9.76160635394	0.352348670714
875	SOUR	13.8657571724	0.477726598111
14257	SOUR	10.1046457354	0.36334428324
13204	SOUR	5.03344668393	0.191203633149
526618	SOUR	10.268449734	0.368561565383
16324	SOUR	12.0289281493	0.423279081003
6106	SOUR	6.3758115109	0.238772071467
61918	SOUR	8.37457914365	0.306929735413
8122	SOUR	10.3265652228	0.37040742919
4133	SOUR	5.51072909054	0.208281909578
14514	SOUR	7.91935878449	0.291687853957
98330	SOUR	11.4502161312	0.405565665466
11583	SOUR	17.0091195969	0.564640724092
22310	SOUR	4.95041077633	0.188213804312
1551246	SOUR	13.4799091166	0.466513184749
6050	SOUR	12.7118039879	0.443836175265
31272	SOUR	8.81591724824	0.321548531158
61052	SOUR	6.0377384333	0.226927823177
439570	SOUR	4.12157733087	0.158068133357
8091	SOUR	7.11539805355	0.264364366358
61325	SOUR	7.59291945573	0.280655807885
220674	SOUR	5.51000622126	0.208256181427
15606	SOUR	7.78193368665	0.287053950705
7792	SOUR	7.36890302901	0.27303582842
7151	SOUR	7.17160421191	0.266291405687
61527	BURNT	6.17438990461	0.231726359907
520191	BURNT	6.97244980959	0.259451969845
1110	BURNT	5.02850085034	0.191025705693
12178	BURNT	3.66608672294	0.141267392174
1549026	BURNT	3.0206170119	0.117175029623
8078	BURNT	7.3025257591	0.270770277379
7820	BURNT	3.76266238667	0.144843444172
521238	BURNT	3.69582710146	0.142369428873
7122	BURNT	5.00553121524	0.190199111511
9589	BURNT	6.63365189774	0.24774394091
24020	BURNT	2.64748154278	0.103095598304
33032	BURNT	4.2848085901	0.164048509743
8914	BURNT	3.5852056601	0.138266746554
8082	BURNT	8.27362973076	0.303564009662
6943	BURNT	7.15532745894	0.26573361394
660	BURNT	4.12316677357	0.158126469246
170833	BURNT	3.02843135707	0.117468695689
11428	BURNT	3.36881841373	0.130213161547
7144	BURNT	6.05885999448	0.227670486006
15037	BURNT	10.0504073941	0.36161202025
11529	BURNT	2.58162807685	0.100599201663
14328	BURNT	6.53845711967	0.244437716184
7409	BURNT	6.37693267214	0.238811198764
6213	BURNT	6.51810377484	0.243729880266
7059	BURNT	11.0225637868	0.392303786498
261	BURNT	3.36034289764	0.12989695415
17617	BURNT	4.08240961836	0.156629957418
7335	BURNT	2.51115744119	0.0979239329698
8697	BURNT	4.06280317399	0.155909579107
263	BURNT	2.57376182274	0.100300772942
7654	BURNT	1.29442509268	0.051106789179
957	BURNT	3.29195042448	0.12734324194
7136	BURNT	2.69582404815	0.104925975007
31249	BURNT	3.92888019889	0.150980768109
1183	BURNT	4.85909647609	0.184919531618
10430	BURNT	6.96358927003	0.259146940593
7915	BURNT	2.17073758646	0.0849446627908
31244	BURNT	5.80115586585	0.218584870882
6501	BURNT	2.7444311691	0.106764485787
8125	BURNT	3.00285323542	0.116507278395
31265	BURNT	1.78896797062	0.070278556265
21057	BURNT	4.35627155326	0.166660021392
807	BURNT		
1068	BURNT	3.8341442364	0.147485504646
356	BURNT	3.41120076268	0.13179351425
875	BURNT	20.1453223898	0.643479289917
14257	BURNT	4.27250749514	0.163598571687
13204	BURNT	5.07998453202	0.192876884143
526618	BURNT	8.90661064119	0.324533340402
16324	BURNT	2.50934797898	0.0978551882472
6106	BURNT	3.93001110282	0.151022449205
61918	BURNT	11.0486545327	0.393117074516
8122	BURNT	5.43316369364	0.205518840657
4133	BURNT	5.75862812181	0.217080405734
14514	BURNT	9.62856752443	0.348058975948
98330	BURNT	9.05649852504	0.329451874788
11583	BURNT	2.08122234746	0.0815162993147
22310	BURNT	2.94088465833	0.114175865304
1551246	BURNT	4.8430918983	0.184341460278
6050	BURNT	5.67997521777	0.214294161321
31272	BURNT	1.7711316962	0.0695905048538
61052	BURNT	2.18507460029	0.0854931636081
439570	BURNT	8.13244934789	0.298843280957
8091	BURNT	4.33121039758	0.1657446625
61325	BURNT	8.79862871002	0.32097880153
220674	BURNT	3.24974062917	0.125765299504
15606	BURNT	2.35391350047	0.0919401765116
7792	BURNT	3.1260265617	0.121132245642
7151	BURNT	9.44528667035	0.3421260907
61527	ACID	7.61668371389	0.281461800237
520191	ACID	7.66578662444	0.283125751149
1110	ACID	7.36809416704	0.27300824202
12178	ACID	6.31941723038	0.236802675563
1549026	ACID	3.71801530261	0.143191156988
8078	ACID	10.6849449027	0.38173057708
7820	ACID	8.03522709461	0.295583134
521238	ACID	6.14745627308	0.230781763472
7122	ACID	6.30735003487	0.23638093561
9589	ACID	7.79123188664	0.287367957741
24020	ACID	6.41291205872	0.24006630592
33032	ACID	5.39457915273	0.204142572415
8914	ACID	9.55338061466	0.345628392119
8082	ACID	5.79507497693	0.218369841482
6943	ACID	11.7219786239	0.413917231811
660	ACID	5.05395280088	0.19194113647
170833	ACID	10.4938726072	0.375706359369
11428	ACID	9.27476651446	0.336582143019
7144	ACID	5.79098820378	0.218225310401
15037	ACID	7.36020912812	0.272739293761
11529	ACID	3.36543358488	0.13008688611
14328	ACID	5.66512102209	0.213767402406
7409	ACID	11.6491674733	0.411685457804
6213	ACID	9.56975013435	0.34615795832
7059	ACID	10.3441632005	0.370965843094
261	ACID	5.15760262293	0.195663758991
17617	ACID	4.33974046229	0.16605627958
7335	ACID	3.03826255571	0.117838086485
8697	ACID	6.85855026335	0.255526125848
263	ACID	3.6929551857	0.142263040226
7654	ACID	7.16682966951	0.266127807776
957	ACID	8.33268648124	0.305533993652
7136	ACID	2.64904510922	0.103154828373
31249	ACID	4.34334248087	0.166187849672
1183	ACID	5.38077658686	0.203649960803
10430	ACID	5.9298958515	0.223130368136
7915	ACID	10.3421424888	0.37090173505
31244	ACID	5.13331723431	0.194792311041
6501	ACID	3.15836489255	0.122344488184
8125	ACID	8.78988398733	0.320690535289
31265	ACID	2.73375410448	0.106360799578
21057	ACID	7.08889834412	0.263454941871
807	ACID		
1068	ACID	9.20039899802	0.334157023232
356	ACID	9.11567342811	0.331388736305
875	ACID	5.77593147011	0.217692705065
14257	ACID	11.712389637	0.413623557077
13204	ACID	7.65464636409	0.28274841018
526618	ACID	7.28755324686	0.270258756944
16324	ACID	5.09944599986	0.193576100192
6106	ACID	5.10424397032	0.193748436209
61918	ACID	5.01227622889	0.190441883958
8122	ACID	9.211179463	0.33450884768
4133	ACID	4.05904318579	0.155771394798
14514	ACID	7.64528221208	0.282431152442
98330	ACID	7.3629292516	0.272832079198
11583	ACID	6.5697113736	0.245524011931
22310	ACID	6.60773335619	0.246844478205
1551246	ACID	6.55497237295	0.245011829794
6050	ACID	9.93561233212	0.357937936319
31272	ACID	5.3658807039	0.203118157865
61052	ACID	3.85167910302	0.148132991356
439570	ACID	5.2012489922	0.197228763257
8091	ACID	4.84033327444	0.184241800495
61325	ACID	6.03427056496	0.226805854098
220674	ACID	5.57679913337	0.210631689905
15606	ACID	4.18274762374	0.160311753876
7792	ACID	10.4385321514	0.373956104667
7151	ACID	4.91653616732	0.186992515539
61527	WARM	7.00578764271	0.260599081511
520191	WARM	6.10989836024	0.229463591221
1110	WARM	4.50535257581	0.1720948223
12178	WARM	4.91952709398	0.187100385028
1549026	WARM	5.11619945523	0.194177779463
8078	WARM	4.74081745456	0.180642558127
7820	WARM	4.39713110738	0.168151339505
521238	WARM	6.27551703879	0.23526783591
7122	WARM	8.01796611492	0.295003532349
9589	WARM	8.94049919095	0.325646957325
24020	WARM	6.41247754581	0.240051154522
33032	WARM	3.4852845486	0.13455249859
8914	WARM	3.1236242921	0.121042160197
8082	WARM	5.07798544657	0.192805043385
6943	WARM	6.11948196783	0.229800054891
660	WARM	8.91149219016	0.324693810384
170833	WARM	4.82539364447	0.183701976249
11428	WARM	3.51779380612	0.13576180294
7144	WARM	6.44655298342	0.241238901189
15037	WARM	5.86340744063	0.220784478899
11529	WARM	6.15017217933	0.230877040039
14328	WARM	9.82864555931	0.35450491296
7409	WARM	5.94220266855	0.22356419772
6213	WARM	6.19596281159	0.232482530399
7059	WARM	7.21737643283	0.267858848284
261	WARM	4.36325694046	0.166915073167
17617	WARM	5.32207184447	0.201553094292
7335	WARM	4.67510295088	0.178261482995
8697	WARM	7.70017589558	0.284289952294
263	WARM	2.86613533875	0.111359520838
7654	WARM	5.41336034258	0.204812625624
957	WARM	3.15194868697	0.122104035269
7136	WARM	10.025037063	0.360800935273
31249	WARM	5.58551295475	0.210941336203
1183	WARM	11.8121412288	0.41667497699
10430	WARM	9.04288378814	0.329005852643
7915	WARM	7.16627410007	0.266108770212
31244	WARM	7.88285665288	0.290458494511
6501	WARM	9.67746977199	0.349637422404
8125	WARM	5.00878028372	0.190316059377
31265	WARM	6.09453930162	0.228924208345
21057	WARM	5.61082473946	0.211840447876
807	WARM		
1068	WARM	4.14222957609	0.158825956699
356	WARM	4.02144884444	0.154389133454
875	WARM	7.0025629086	0.260488161428
14257	WARM	3.33597484547	0.128987502551
13204	WARM	5.86833883726	0.220958593207
526618	WARM	6.85565669387	0.255426256273
16324	WARM	6.28706854163	0.235671849326
6106	WARM	4.20242391304	0.161032809824
61918	WARM	8.92607046842	0.325172925134
8122	WARM	7.02037094548	0.261100594534
4133	WARM	6.94490573995	0.258503543303
14514	WARM	5.7035962976	0.215131447614
98330	WARM	5.82412437674	0.219396805167
11583	WARM	5.59100219354	0.21113636553
22310	WARM	6.37818961772	0.238855063589
1551246	WARM	3.67980893227	0.14177595978
6050	WARM	8.30869173097	0.304733925927
31272	WARM	4.19494389282	0.160758734007
61052	WARM	4.22785623437	0.161964342039
439570	WARM	4.38639238253	0.167759520048
8091	WARM	4.27029081429	0.163517479116
61325	WARM	7.65329570069	0.282702653995
220674	WARM	7.42335104206	0.274891585405
15606	WARM	3.22918371692	0.124996297686
7792	WARM	4.3740222999	0.167308063564
7151	WARM	7.949839478	0.292713600029
61527	MUSKY	11.2616980923	0.399737586122
520191	MUSKY	9.7102746312	0.350695211883
1110	MUSKY	12.6028296087	0.440580658688
12178	MUSKY	5.84577510187	0.220161769458
1549026	MUSKY	7.19986548258	0.267259394116
8078	MUSKY	9.65438970099	0.34889269184
7820	MUSKY	6.06940167795	0.228041012427
521238	MUSKY	7.00285635151	0.260498255229
7122	MUSKY	5.81881325963	0.219209095285
9589	MUSKY	5.24677643784	0.198859592318
24020	MUSKY	3.74402081454	0.144153755838
33032	MUSKY	12.7621722904	0.445337674987
8914	MUSKY	8.29650787739	0.304327497912
8082	MUSKY	8.84901976454	0.322638730264
6943	MUSKY	7.67209275923	0.283339307447
660	MUSKY	8.28945332717	0.304092118501
170833	MUSKY	5.74398282632	0.216561977569
11428	MUSKY	4.18885029444	0.160535425062
7144	MUSKY	7.04581053698	0.26197504303
15037	MUSKY	10.850150326	0.386915708202
11529	MUSKY	6.67044589744	0.249019896509
14328	MUSKY	4.0959626983	0.157127743762
7409	MUSKY	7.11044765661	0.264194519914
6213	MUSKY	10.5289138945	0.376813344661
7059	MUSKY	10.2629149131	0.368385627519
261	MUSKY	10.1142408369	0.363650486393
17617	MUSKY	8.00998436458	0.294735434775
7335	MUSKY	7.13165948273	0.264922152518
8697	MUSKY	13.0734133503	0.454570879361
263	MUSKY	9.91497792621	0.357276402138
7654	MUSKY	4.53390414128	0.173133650946
957	MUSKY	6.56133694067	0.245233020647
7136	MUSKY	7.47812954479	0.276756213196
31249	MUSKY	6.56555456901	0.245379580041
1183	MUSKY	4.50132146719	0.171948100707
10430	MUSKY	12.1521504234	0.42701611297
7915	MUSKY	7.74342205495	0.28575264815
31244	MUSKY	8.16530944339	0.299943466413
6501	MUSKY	7.8269028114	0.288571949408
8125	MUSKY	12.4512305073	0.436035963833
31265	MUSKY	3.85301805856	0.148182423078
21057	MUSKY	9.94949190009	0.358382720376
807	MUSKY		
1068	MUSKY	13.9173692616	0.4792175036
356	MUSKY	7.31897301641	0.271331974251
875	MUSKY	8.04724966708	0.295986695802
14257	MUSKY	5.3549695251	0.202728501558
13204	MUSKY	9.44144661237	0.342001498841
526618	MUSKY	9.28733260366	0.33699148539
16324	MUSKY	3.93422437798	0.151177726537
6106	MUSKY	9.49563859404	0.343758682838
61918	MUSKY	9.86864156417	0.355789628038
8122	MUSKY	9.58949974672	0.346796587712
4133	MUSKY	4.66700218168	0.177967723522
14514	MUSKY	10.2070927801	0.366609813994
98330	MUSKY	9.20188150423	0.334205410882
11583	MUSKY	8.8402534637	0.322350106027
22310	MUSKY	3.55698331982	0.137218480658
1551246	MUSKY	10.2685024282	0.368563240281
6050	MUSKY	7.6321996507	0.281987797425
31272	MUSKY	5.85014245718	0.22031603158
61052	MUSKY	7.12643869622	0.264743096452
439570	MUSKY	4.80268207301	0.182880980882
8091	MUSKY	5.10437116304	0.193753004533
61325	MUSKY	5.22026832589	0.197910252478
220674	MUSKY	7.46661637158	0.276364510847
15606	MUSKY	7.16345306608	0.266012098711
7792	MUSKY	8.69237516236	0.317472052109
7151	MUSKY	6.54790739023	0.244766259133
61527	SWEATY	3.62743792836	0.139834194765
520191	SWEATY	1.74774891081	0.0686881059302
1110	SWEATY	9.04661342798	0.329128051313
12178	SWEATY	4.8080455259	0.183074900324
1549026	SWEATY	4.12742846295	0.158282872231
8078	SWEATY	5.25326128194	0.199091749639
7820	SWEATY	6.34620334418	0.237738415013
521238	SWEATY	2.30678954837	0.0901430707266
7122	SWEATY	0.505491146813	0.0201174373527
9589	SWEATY	2.12670291575	0.0832589705131
24020	SWEATY	0.547490398283	0.0217797176368
33032	SWEATY	10.0913087844	0.362918546183
8914	SWEATY	2.89896140713	0.112596865389
8082	SWEATY	6.66452540882	0.248814656783
6943	SWEATY	1.68726580959	0.0663518860186
660	SWEATY	1.56933561456	0.0617882988739
170833	SWEATY	0.682395922724	0.0271095712308
11428	SWEATY	2.91973468391	0.113379447107
7144	SWEATY	2.66320098308	0.103690983533
15037	SWEATY	4.19605567269	0.160799473624
11529	SWEATY	1.64986704235	0.0649058571909
14328	SWEATY	1.43837611259	0.0567074741671
7409	SWEATY	2.54253759398	0.0991157047926
6213	SWEATY	6.73525051325	0.251264580739
7059	SWEATY	2.43641195068	0.0950820367499
261	SWEATY	5.02664929434	0.190959090522
17617	SWEATY	4.74636176987	0.180843290775
7335	SWEATY	2.63127509554	0.10248156037
8697	SWEATY	4.68883362233	0.178759280598
263	SWEATY	6.67198101708	0.249073108406
7654	SWEATY	3.07905366811	0.119369918128
957	SWEATY	3.25371194171	0.125913821108
7136	SWEATY	0.861095383021	0.0341472212174
31249	SWEATY	3.48223863647	0.13443915109
1183	SWEATY	0.638692636052	0.0253845341288
10430	SWEATY	8.1591470887	0.299737211062
7915	SWEATY	6.6993131403	0.250020206991
31244	SWEATY	2.81721039068	0.109513745873
6501	SWEATY	2.78692634029	0.108370270241
8125	SWEATY	2.52832545065	0.0985760461921
31265	SWEATY	1.51388297441	0.0596385823122
21057	SWEATY	3.45757725082	0.133521153855
807	SWEATY		
1068	SWEATY	7.23189736477	0.268355758793
356	SWEATY	2.25942421283	0.0883349694037
875	SWEATY	7.97129041248	0.293435028163
14257	SWEATY	3.59426347691	0.1386030471
13204	SWEATY	2.31838141409	0.0905852996109
526618	SWEATY	4.72955723481	0.180234804737
16324	SWEATY	4.25000333111	0.162775121919
6106	SWEATY	12.1335771526	0.426453608296
61918	SWEATY	3.34107632007	0.129177936412
8122	SWEATY	7.84428718095	0.289158350687
4133	SWEATY	2.74735604785	0.106875055813
14514	SWEATY	3.54342479063	0.136714647926
98330	SWEATY	5.41143160979	0.204743827565
11583	SWEATY	6.74769844505	0.25169536408
22310	SWEATY	1.41260049369	0.0557058436857
1551246	SWEATY	3.54984188788	0.136953124544
6050	SWEATY	6.45480113804	0.241526262429
31272	SWEATY	1.78765630513	0.070227966179
61052	SWEATY	4.65049187399	0.177368845092
439570	SWEATY	1.77872562649	0.0698834791178
8091	SWEATY	3.82940183847	0.147310346163
61325	SWEATY	3.0136826562	0.116914392987
220674	SWEATY	5.05997497364	0.192157660252
15606	SWEATY	1.46977727508	0.057926992908
7792	SWEATY	3.82283634079	0.147067822556
7151	SWEATY	2.96044525001	0.114912115569
61527	AMMONIA/URINOUS	5.35210890616	0.202626328349
520191	AMMONIA/URINOUS	6.18340627837	0.232042445854
1110	AMMONIA/URINOUS	5.21020124716	0.197549571072
12178	AMMONIA/URINOUS	8.20991168786	0.301435407545
1549026	AMMONIA/URINOUS	3.39339730317	0.131129834024
8078	AMMONIA/URINOUS	9.3644175711	0.339499776266
7820	AMMONIA/URINOUS	4.64243271222	0.177076435894
521238	AMMONIA/URINOUS	2.86444348958	0.111295724981
7122	AMMONIA/URINOUS	7.49704807577	0.277399631091
9589	AMMONIA/URINOUS	3.33453975199	0.128933927937
24020	AMMONIA/URINOUS	2.02883514173	0.0795069368564
33032	AMMONIA/URINOUS	1.37759920635	0.0543448564246
8914	AMMONIA/URINOUS	11.2690564292	0.399965604047
8082	AMMONIA/URINOUS	9.51669029837	0.344440654241
6943	AMMONIA/URINOUS	6.85733522867	0.255484190571
660	AMMONIA/URINOUS	5.56548878734	0.210229685317
170833	AMMONIA/URINOUS	6.54590399782	0.244696616253
11428	AMMONIA/URINOUS	7.42492794029	0.274945295644
7144	AMMONIA/URINOUS	3.10933825355	0.120506336392
15037	AMMONIA/URINOUS	5.85946528857	0.220645278156
11529	AMMONIA/URINOUS	2.91613455006	0.113243845717
14328	AMMONIA/URINOUS	1.23000769929	0.0485951403953
7409	AMMONIA/URINOUS	9.88128041731	0.356195335618
6213	AMMONIA/URINOUS	6.79650504241	0.25338320938
7059	AMMONIA/URINOUS	3.85433757453	0.148231135726
261	AMMONIA/URINOUS	6.03914654022	0.226977345235
17617	AMMONIA/URINOUS	5.07136680156	0.192567167568
7335	AMMONIA/URINOUS	4.24451028057	0.162574064214
8697	AMMONIA/URINOUS	2.14024761523	0.0837776406675
263	AMMONIA/URINOUS	6.01585122222	0.226157862518
7654	AMMONIA/URINOUS	3.16560015074	0.122615596304
957	AMMONIA/URINOUS	10.0046443865	0.36014861174
7136	AMMONIA/URINOUS	3.67253078551	0.141506238472
31249	AMMONIA/URINOUS	4.73252220092	0.180342181484
1183	AMMONIA/URINOUS	2.1487096565	0.0841016049848
10430	AMMONIA/URINOUS	6.33117070128	0.237213339072
7915	AMMONIA/URINOUS	5.62391288283	0.212305156868
31244	AMMONIA/URINOUS	2.30112315945	0.0899268592601
6501	AMMONIA/URINOUS	2.1957280869	0.0859006347433
8125	AMMONIA/URINOUS	6.60447794013	0.246731466061
31265	AMMONIA/URINOUS	1.15034631729	0.0454845340316
21057	AMMONIA/URINOUS	4.39877628324	0.168211358214
807	AMMONIA/URINOUS		
1068	AMMONIA/URINOUS	8.87902585527	0.323626194155
356	AMMONIA/URINOUS	6.74737065743	0.251684021982
875	AMMONIA/URINOUS	5.9478711264	0.223763976681
14257	AMMONIA/URINOUS	11.2823905119	0.400378686209
13204	AMMONIA/URINOUS	8.06224409778	0.296489851954
526618	AMMONIA/URINOUS	6.54067870546	0.244514957047
16324	AMMONIA/URINOUS	5.00661517572	0.190238128822
6106	AMMONIA/URINOUS	7.32327680414	0.271478918906
61918	AMMONIA/URINOUS	4.41246887593	0.168710802405
8122	AMMONIA/URINOUS	4.92823182211	0.187414285327
4133	AMMONIA/URINOUS	2.42005791998	0.0944596446648
14514	AMMONIA/URINOUS	9.45286150623	0.342371823987
98330	AMMONIA/URINOUS	8.87114310257	0.323366852124
11583	AMMONIA/URINOUS	7.79096755601	0.287359032057
22310	AMMONIA/URINOUS	4.99768385385	0.189916616593
1551246	AMMONIA/URINOUS	5.53237227008	0.209052033629
6050	AMMONIA/URINOUS	8.64791691963	0.316002089966
31272	AMMONIA/URINOUS	4.8787523085	0.185629202705
61052	AMMONIA/URINOUS	4.66433931274	0.17787114802
439570	AMMONIA/URINOUS	6.46060312281	0.241728367828
8091	AMMONIA/URINOUS	2.77584124858	0.107951532088
61325	AMMONIA/URINOUS	3.04160634298	0.117963706061
220674	AMMONIA/URINOUS	4.00596522695	0.153819506118
15606	AMMONIA/URINOUS	3.6434647283	0.140428655041
7792	AMMONIA/URINOUS	3.02534781511	0.117352820843
7151	AMMONIA/URINOUS	4.52953139513	0.172974593941
61527	DECAYED	2.38794270289	0.0932367999747
520191	DECAYED	2.9498708981	0.114514140598
1110	DECAYED	9.95577881713	0.358584139943
12178	DECAYED	9.33193006149	0.33844323499
1549026	DECAYED	6.2139899898	0.233114130955
8078	DECAYED	8.73100547538	0.318748036371
7820	DECAYED	2.1701311112	0.0849214568321
521238	DECAYED	1.80249751049	0.0708003015096
7122	DECAYED	2.42513778406	0.0946529940537
9589	DECAYED	2.63777245311	0.102727760719
24020	DECAYED	2.7551267045	0.107168778917
33032	DECAYED	4.35425401139	0.166586349257
8914	DECAYED	2.99215353162	0.116104948162
8082	DECAYED	6.38810760668	0.239201136749
6943	DECAYED	4.80609367861	0.183004332565
660	DECAYED	3.5435942808	0.136720947061
170833	DECAYED	5.3580261519	0.202837668378
11428	DECAYED	6.19649831448	0.232501296035
7144	DECAYED	3.64588179683	0.140518290242
15037	DECAYED	2.56862798347	0.100105979452
11529	DECAYED	4.76494086672	0.181515770084
14328	DECAYED	3.08306943302	0.119520650469
7409	DECAYED	3.72916895482	0.143604077755
6213	DECAYED	6.56998614663	0.245533558678
7059	DECAYED	3.49689509955	0.134984493847
261	DECAYED	5.15742067672	0.195657231854
17617	DECAYED	6.08120433192	0.228455754826
7335	DECAYED	2.76422075804	0.107512463762
8697	DECAYED	7.24109468723	0.268670406581
263	DECAYED	5.01484817427	0.190534446086
7654	DECAYED	3.50511416415	0.135290236444
957	DECAYED	2.06352176077	0.0808376216079
7136	DECAYED	1.04060062953	0.0411908853131
31249	DECAYED	3.52440867333	0.136007764334
1183	DECAYED	2.33720554984	0.0913032100806
10430	DECAYED	5.52056634342	0.208631992636
7915	DECAYED	3.30112053922	0.127685862843
31244	DECAYED	2.36040040141	0.0921874200345
6501	DECAYED	1.24039651692	0.049000427269
8125	DECAYED	3.59805680633	0.138743867141
31265	DECAYED	3.75954280632	0.144728047408
21057	DECAYED	5.14236982752	0.195117206123
807	DECAYED		
1068	DECAYED	11.0658291009	0.393652134559
356	DECAYED	4.09153905253	0.156965285374
875	DECAYED	5.09655884092	0.193472388829
14257	DECAYED	4.02207636123	0.154412215147
13204	DECAYED	3.71650578058	0.143135265136
526618	DECAYED	11.8831188997	0.418841350075
16324	DECAYED	5.69086236656	0.214680128872
6106	DECAYED	5.50655368586	0.208133294036
61918	DECAYED	7.69295867683	0.284045701792
8122	DECAYED	3.23308981122	0.125142444558
4133	DECAYED	3.72786022361	0.143555632206
14514	DECAYED	3.78861736668	0.145803246047
98330	DECAYED	11.6078772092	0.410417963047
11583	DECAYED	11.1810876991	0.397236819109
22310	DECAYED	2.4185267986	0.0944013631937
1551246	DECAYED	4.03626681784	0.154934092784
6050	DECAYED	5.09449014584	0.193398073895
31272	DECAYED	5.33765406953	0.202109942395
61052	DECAYED	4.39754913517	0.168166590048
439570	DECAYED	3.25998059694	0.126148234481
8091	DECAYED	1.07160669446	0.0424049314152
61325	DECAYED	3.78022612552	0.145493001197
220674	DECAYED	2.37060922852	0.0925764538952
15606	DECAYED	4.06008982085	0.155809861093
7792	DECAYED	3.33021484603	0.128772461473
7151	DECAYED	4.07089462623	0.156206911826
61527	WOOD	6.08626703537	0.228633622844
520191	WOOD	7.92667800857	0.291934230642
1110	WOOD	4.50717309967	0.172161080247
12178	WOOD	1.42375819107	0.0561394926882
1549026	WOOD	4.2240940838	0.161826575021
8078	WOOD	2.51706518632	0.0981483605919
7820	WOOD	1.65530527743	0.0651161968726
521238	WOOD	4.68241132253	0.178526462584
7122	WOOD	2.65800222894	0.103494098818
9589	WOOD	4.05723562178	0.155704960515
24020	WOOD	0.829755371284	0.0329148172609
33032	WOOD	4.97288279597	0.189023486518
8914	WOOD	3.15195243563	0.122104175763
8082	WOOD	2.59175213212	0.100983213639
6943	WOOD	4.6974829737	0.179072780433
660	WOOD	1.62882927547	0.0640919370954
170833	WOOD	5.64939102585	0.213209393449
11428	WOOD	1.8698266317	0.073394564615
7144	WOOD	6.12493831842	0.229991584975
15037	WOOD	3.32675531827	0.128643292352
11529	WOOD	1.27745827353	0.0504455710848
14328	WOOD	6.1478986671	0.230797283476
7409	WOOD	2.61231128899	0.101762783451
6213	WOOD	2.52574001685	0.0984778556211
7059	WOOD	5.79574047367	0.218393375891
261	WOOD	1.35611659267	0.0535090428218
17617	WOOD	2.35865116437	0.0921207524487
7335	WOOD	4.71398808141	0.179670849804
8697	WOOD	3.2495437261	0.125757935273
263	WOOD	2.87168192044	0.111568653997
7654	WOOD	2.9943149021	0.116186227391
957	WOOD	2.66070932091	0.1035966232
7136	WOOD	2.95889404983	0.114853740394
31249	WOOD	1.52321166159	0.0600003969572
1183	WOOD	2.63627612495	0.102671064275
10430	WOOD	2.55396339335	0.0995494441283
7915	WOOD	4.33394825344	0.165844687152
31244	WOOD	2.12716126992	0.0832765247697
6501	WOOD	2.54943059628	0.0993773853053
8125	WOOD	3.98258724395	0.152959089296
31265	WOOD	0.695149871428	0.0276127015196
21057	WOOD	2.68569162673	0.104542489264
807	WOOD		
1068	WOOD	3.79676880851	0.146104570986
356	WOOD	3.385356028	0.130829986945
875	WOOD	4.72652406077	0.180124950552
14257	WOOD	2.78958957687	0.108470859072
13204	WOOD	3.3219538772	0.128464004063
526618	WOOD	4.51639433554	0.172496646304
16324	WOOD	1.28934816438	0.0509089590995
6106	WOOD	3.70365888097	0.142659519596
61918	WOOD	12.3553726708	0.433152813299
8122	WOOD	4.54992543316	0.173716288748
4133	WOOD	1.0532898649	0.0416878267801
14514	WOOD	6.68474310254	0.249515407963
98330	WOOD	3.33290403349	0.128872861621
11583	WOOD	0.495220685112	0.0197107299937
22310	WOOD	2.07661553233	0.0813396884655
1551246	WOOD	5.98708230715	0.225145230465
6050	WOOD	3.96685289716	0.152379747123
31272	WOOD	1.09803377767	0.043439079836
61052	WOOD	1.33028287765	0.0525034540923
439570	WOOD	4.79024521877	0.182431229048
8091	WOOD	1.70708781581	0.0671178531082
61325	WOOD	4.79383196403	0.182560948601
220674	WOOD	3.79041362	0.145869650636
15606	WOOD	3.62055744646	0.139578923369
7792	WOOD	2.83297717638	0.110108783182
7151	WOOD	3.23873938583	0.125353802309
61527	GRASS	3.40645679462	0.131616692627
520191	GRASS	3.39583964206	0.131220894932
1110	GRASS	1.4188216156	0.0559476427133
12178	GRASS	2.48858682553	0.097066247266
1549026	GRASS	4.73220805382	0.180330804927
8078	GRASS	2.81827145752	0.109553796697
7820	GRASS	2.22516179204	0.0870259336812
521238	GRASS	2.90443472983	0.112803092753
7122	GRASS	2.43010259665	0.0948419444138
9589	GRASS	1.63697791395	0.0644072378816
24020	GRASS	2.67198162972	0.104023470857
33032	GRASS	3.32347258298	0.128520715315
8914	GRASS	3.53262037439	0.136313052292
8082	GRASS	1.90719928881	0.0748330079013
6943	GRASS	3.83539164569	0.147531574197
660	GRASS	1.23761637961	0.0488919774631
170833	GRASS	5.23816697546	0.198551321713
11428	GRASS	2.28148998122	0.0891775206352
7144	GRASS	3.10654452129	0.120401533306
15037	GRASS	3.50319444444	0.135218829252
11529	GRASS	3.12962018586	0.121266998431
14328	GRASS	2.91214602707	0.113093603289
7409	GRASS	2.26074897903	0.0883855647826
6213	GRASS	2.84742572561	0.110653895719
7059	GRASS	1.22619692599	0.048446453479
261	GRASS	5.18548929342	0.196663852052
17617	GRASS	2.3378125187	0.0913263537988
7335	GRASS	6.37952011997	0.238901494014
8697	GRASS	3.13563755288	0.12149261297
263	GRASS	5.90375745351	0.222208557312
7654	GRASS	2.82245238861	0.10971160055
957	GRASS	3.12031181298	0.120917934195
7136	GRASS	2.48588878111	0.0969636940316
31249	GRASS	2.20319140279	0.0861860351686
1183	GRASS	3.26293991417	0.126258885813
10430	GRASS	1.09485972171	0.0433149017444
7915	GRASS	1.53537805929	0.0604721680575
31244	GRASS	2.02089285714	0.0792021111096
6501	GRASS	3.47843430802	0.134297570227
8125	GRASS	5.51141518967	0.20830632863
31265	GRASS	0.889939799202	0.0352807948296
21057	GRASS	3.69867078113	0.142474765026
807	GRASS		
1068	GRASS	6.12780345906	0.230092148269
356	GRASS	8.21259108799	0.301524982568
875	GRASS	1.33698871466	0.052764533057
14257	GRASS	4.45320991065	0.170195965023
13204	GRASS	1.50486287811	0.0592886702115
526618	GRASS	3.44906919545	0.133204336492
16324	GRASS	0.766579373317	0.0304281173584
6106	GRASS	3.22472695817	0.124829532745
61918	GRASS	6.439957616	0.241009083002
8122	GRASS	3.76024098319	0.144753874427
4133	GRASS	2.87282394023	0.111611710653
14514	GRASS	2.09725004263	0.0821306186086
98330	GRASS	4.47059381025	0.170829268803
11583	GRASS	2.02358323718	0.07930537384
22310	GRASS	5.71676950273	0.21559819869
1551246	GRASS	5.02278988868	0.190820228241
6050	GRASS	3.84295062634	0.147810717247
31272	GRASS	2.34891404673	0.0917496029896
61052	GRASS	1.93565570442	0.0759275229744
439570	GRASS	4.91513164057	0.186941858005
8091	GRASS	4.65681914984	0.177598380156
61325	GRASS	3.97820709597	0.15279783116
220674	GRASS	3.73139776412	0.143686578855
15606	GRASS	4.08890419968	0.156868512966
7792	GRASS	4.20290000268	0.161050252734
7151	GRASS	1.74964208958	0.0687611846064
61527	FLOWER	3.28876779244	0.127224314261
520191	FLOWER	3.39448237586	0.131170290795
1110	FLOWER	3.39489206378	0.131185565701
12178	FLOWER	3.61398036863	0.139334873103
1549026	FLOWER	10.0228770242	0.360731855433
8078	FLOWER	6.06796721571	0.227990598176
7820	FLOWER	5.92506011335	0.222959869595
521238	FLOWER	8.6641288548	0.316538302667
7122	FLOWER	14.6117433562	0.499068516685
9589	FLOWER	1.72347814412	0.0677509749994
24020	FLOWER	5.62941733686	0.212500557653
33032	FLOWER	1.39964156315	0.0552020639238
8914	FLOWER	5.66363674161	0.213714757208
8082	FLOWER	6.16822327196	0.231510139545
6943	FLOWER	3.26717865165	0.126417363529
660	FLOWER	6.88428348628	0.256413995803
170833	FLOWER	7.92628517069	0.291921008185
11428	FLOWER	1.98133229344	0.0776830206748
7144	FLOWER	3.90093885889	0.149950624763
15037	FLOWER	2.20022894815	0.0860727549564
11529	FLOWER	5.79108194994	0.218228625937
14328	FLOWER	7.79266797198	0.287416449231
7409	FLOWER	4.40523258623	0.168446873794
6213	FLOWER	1.20029583776	0.0474355494711
7059	FLOWER	3.77113752291	0.14515690963
261	FLOWER	2.46928559975	0.0963324754407
17617	FLOWER	12.5301019337	0.438402695561
7335	FLOWER	9.05729136942	0.329477843997
8697	FLOWER	5.52051305473	0.208630096434
263	FLOWER	5.91644242245	0.222655980523
7654	FLOWER	22.2583797573	0.692161002524
957	FLOWER	5.12103143991	0.194351272393
7136	FLOWER	8.18082177068	0.30046253289
31249	FLOWER	11.4134509825	0.404431293969
1183	FLOWER	5.60442127198	0.211613035762
10430	FLOWER	2.18397708366	0.0854511809856
7915	FLOWER	3.31141174011	0.128070290519
31244	FLOWER	6.61055784407	0.246942523759
6501	FLOWER	9.0029210272	0.327695806279
8125	FLOWER	8.89444713108	0.324133409336
31265	FLOWER	11.5657720984	0.409124050243
21057	FLOWER	4.18201062413	0.160284739821
807	FLOWER		
1068	FLOWER	1.68140736891	0.0661254424602
356	FLOWER	6.35904699405	0.238186888293
875	FLOWER	4.03245546379	0.154793939725
14257	FLOWER	5.839895894	0.219954082139
13204	FLOWER	2.38553464679	0.0931450756513
526618	FLOWER	1.70216818714	0.0669277768708
16324	FLOWER	8.01815955032	0.295010028983
6106	FLOWER	6.26417403669	0.234871010923
61918	FLOWER	5.22335997446	0.198021003209
8122	FLOWER	3.74760377733	0.144286337465
4133	FLOWER	7.11108340868	0.264216333449
14514	FLOWER	4.07758825116	0.156452839668
98330	FLOWER	3.58594188625	0.138294083765
11583	FLOWER	3.96106690286	0.152166655711
22310	FLOWER	9.37680309906	0.339902349419
1551246	FLOWER	6.38447127112	0.23907426148
6050	FLOWER	10.5657523529	0.377976045003
31272	FLOWER	5.28873611223	0.200361152623
61052	FLOWER	22.5900634308	0.699478150909
439570	FLOWER	5.60158817344	0.211512410912
8091	FLOWER	8.66553355559	0.316584753502
61325	FLOWER	6.52875764722	0.244100435322
220674	FLOWER	9.09542397715	0.330726264156
15606	FLOWER	8.76318911912	0.31981017135
7792	FLOWER	8.22035146829	0.301784387427
7151	FLOWER	5.74574211455	0.216624263603
61527	CHEMICAL	11.4990505066	0.407070755243
520191	CHEMICAL	13.7708090233	0.47497828847
1110	CHEMICAL	10.2924505454	0.369324206526
12178	CHEMICAL	29.6661397987	0.834613651726
1549026	CHEMICAL	12.3581112464	0.433235284425
8078	CHEMICAL	17.6457687037	0.581281486889
7820	CHEMICAL	8.05938807056	0.296394028394
521238	CHEMICAL	13.7160454703	0.473389857474
7122	CHEMICAL	23.903341118	0.727585758078
9589	CHEMICAL	12.5179175176	0.438037397112
24020	CHEMICAL	11.3429640402	0.402253428321
33032	CHEMICAL	8.9841978293	0.327081588918
8914	CHEMICAL	35.124981593	0.911493530957
8082	CHEMICAL	13.5741973048	0.469264359205
6943	CHEMICAL	28.5362679114	0.815723281932
660	CHEMICAL	13.1593625923	0.457106974157
170833	CHEMICAL	24.8612814368	0.7472179316
11428	CHEMICAL	33.2006414522	0.887112620954
7144	CHEMICAL	16.3855637056	0.548027869044
15037	CHEMICAL	14.96622394	0.50905381399
11529	CHEMICAL	11.8598348314	0.418131120363
14328	CHEMICAL	10.0148939547	0.36047651782
7409	CHEMICAL	21.6655055827	0.678862570446
6213	CHEMICAL	12.4367873146	0.4356020211
7059	CHEMICAL	23.5870982897	0.720943449296
261	CHEMICAL	22.1208598789	0.689101418442
17617	CHEMICAL	11.2193113968	0.398423276585
7335	CHEMICAL	14.5810794266	0.498200026165
8697	CHEMICAL	13.3480129367	0.462652737724
263	CHEMICAL	19.4247078764	0.626060604623
7654	CHEMICAL	20.2158926813	0.645162780492
957	CHEMICAL	30.3297337641	0.845232250484
7136	CHEMICAL	8.3352980921	0.30562104597
31249	CHEMICAL	11.2180368566	0.398383733897
1183	CHEMICAL	5.47692883174	0.207078453498
10430	CHEMICAL	8.54150855338	0.312477394788
7915	CHEMICAL	14.0454768632	0.482908906401
31244	CHEMICAL	14.0424626373	0.482822202724
6501	CHEMICAL	20.0538051759	0.641290166223
8125	CHEMICAL	24.8083733971	0.746152779641
31265	CHEMICAL	10.8098541151	0.385652986208
21057	CHEMICAL	19.472434946	0.627227108749
807	CHEMICAL		
1068	CHEMICAL	15.5229857365	0.524534194991
356	CHEMICAL	31.5916567337	0.864453159276
875	CHEMICAL	8.95321054414	0.326064430147
14257	CHEMICAL	34.6237915244	0.905428885166
13204	CHEMICAL	21.588138864	0.677106458715
526618	CHEMICAL	13.8398393597	0.476977112987
16324	CHEMICAL	11.6332878902	0.411198160753
6106	CHEMICAL	8.48457859247	0.310587914142
61918	CHEMICAL	11.5959449657	0.41005142277
8122	CHEMICAL	14.2251470457	0.48806395844
4133	CHEMICAL	24.3829005645	0.737505686604
14514	CHEMICAL	13.0065795181	0.452594736419
98330	CHEMICAL	10.3103372694	0.369892268932
11583	CHEMICAL	30.6381462063	0.850047447069
22310	CHEMICAL	16.0663903763	0.539404055162
1551246	CHEMICAL	10.4654990078	0.37480929252
6050	CHEMICAL	14.0361950132	0.482641892348
31272	CHEMICAL	14.4933208066	0.495710293062
61052	CHEMICAL	16.6137883521	0.55414434872
439570	CHEMICAL	29.5896329194	0.833366766253
8091	CHEMICAL	15.588413776	0.52633709342
61325	CHEMICAL	12.393294799	0.434294289569
220674	CHEMICAL	8.97663116667	0.326833283826
15606	CHEMICAL	14.4791714092	0.49530829449
7792	CHEMICAL	22.1646719437	0.6900778048
7151	CHEMICAL	11.8584857249	0.41808995552
