#oID	descriptor	value	sigma
520191	INTENSITY/STRENGTH	77.9959183674	0.686491421907
1110	INTENSITY/STRENGTH	17.987755102	0.590086470637
12178	INTENSITY/STRENGTH	74.2020408163	0.76570448813
8078	INTENSITY/STRENGTH	57.4163265306	0.977999240317
7820	INTENSITY/STRENGTH	37.0285714286	0.932696816326
521238	INTENSITY/STRENGTH	54.0918367347	0.993302748855
7122	INTENSITY/STRENGTH	59.506122449	0.963853454394
9589	INTENSITY/STRENGTH	63.6775510204	0.925169839234
24020	INTENSITY/STRENGTH	61.2551020408	0.94932907122
33032	INTENSITY/STRENGTH	51.7102040816	0.9988300808
8914	INTENSITY/STRENGTH	63.0020408163	0.932378773844
8082	INTENSITY/STRENGTH	44.2285714286	0.986676244898
6943	INTENSITY/STRENGTH	67.4755102041	0.877842617243
660	INTENSITY/STRENGTH	43.4836734694	0.983014995419
170833	INTENSITY/STRENGTH	66.012244898	0.897443205331
11428	INTENSITY/STRENGTH	40.8326530612	0.966383900042
15037	INTENSITY/STRENGTH	29.6510204081	0.834367611828
11529	INTENSITY/STRENGTH	49.4836734694	0.999893362766
14328	INTENSITY/STRENGTH	33.2367346939	0.887597174511
7409	INTENSITY/STRENGTH	72.906122449	0.790123821741
6213	INTENSITY/STRENGTH	25.4081632653	0.758096626405
7059	INTENSITY/STRENGTH	39.2	0.953344
261	INTENSITY/STRENGTH	43.1571428571	0.981270122449
17617	INTENSITY/STRENGTH	53.7857142857	0.994267346939
7335	INTENSITY/STRENGTH	39.0979591837	0.952458202416
8697	INTENSITY/STRENGTH	71.4265306122	0.816361514369
7654	INTENSITY/STRENGTH	28.512244898	0.81531055227
957	INTENSITY/STRENGTH	58.0204081633	0.974269221158
7136	INTENSITY/STRENGTH	49.2306122449	0.999763216993
31249	INTENSITY/STRENGTH	55.5408163265	0.987719741774
1183	INTENSITY/STRENGTH	47.206122449	0.996877699292
7915	INTENSITY/STRENGTH	27.3571428572	0.794920408164
31244	INTENSITY/STRENGTH	59.0306122449	0.967379216993
8125	INTENSITY/STRENGTH	58.2387755102	0.972849031237
31265	INTENSITY/STRENGTH	58.1102040816	0.973689835902
21057	INTENSITY/STRENGTH	67.8204081632	0.872973221158
807	INTENSITY/STRENGTH	39.3734693878	0.954830738859
1068	INTENSITY/STRENGTH	19.2816326531	0.622552763015
356	INTENSITY/STRENGTH	42.6357142857	0.978306918367
875	INTENSITY/STRENGTH	46.6714285714	0.995568244898
14257	INTENSITY/STRENGTH	46.8734693878	0.996089922532
13204	INTENSITY/STRENGTH	47.5673469388	0.997632879633
16324	INTENSITY/STRENGTH	62.5734693878	0.936763147022
6106	INTENSITY/STRENGTH	38.0734693877	0.943103147022
61918	INTENSITY/STRENGTH	58.2326530612	0.972889369429
8122	INTENSITY/STRENGTH	22.1224489796	0.689136859642
4133	INTENSITY/STRENGTH	71.5734693877	0.81383416743
14514	INTENSITY/STRENGTH	44.4387755102	0.98762911287
98330	INTENSITY/STRENGTH	73.3632653061	0.781663133694
11583	INTENSITY/STRENGTH	64.4102040816	0.91693840733
22310	INTENSITY/STRENGTH	52.5653061224	0.997367681799
1551246	INTENSITY/STRENGTH	68.9285714286	0.856683673469
6050	INTENSITY/STRENGTH	38.181632653	0.944130477301
31272	INTENSITY/STRENGTH	54.5408163265	0.991752394836
61052	INTENSITY/STRENGTH	25.2734693878	0.755439473553
439570	INTENSITY/STRENGTH	54.1448979592	0.993127928363
8091	INTENSITY/STRENGTH	47.2306122449	0.996932196585
61325	INTENSITY/STRENGTH	50.3408163265	0.999953537693
220674	INTENSITY/STRENGTH	53.3979591837	0.995381549354
15606	INTENSITY/STRENGTH	32.9755102041	0.884066698876
7792	INTENSITY/STRENGTH	52.2469387755	0.997980506456
7151	INTENSITY/STRENGTH	45.2571428571	0.991002122449
61527	VALENCE/PLEASANTNESS	48.7355106074	0.99936042663
520191	VALENCE/PLEASANTNESS	22.9201530612	0.706672755909
1110	VALENCE/PLEASANTNESS	34.5130874741	0.904062216167
12178	VALENCE/PLEASANTNESS	51.1130526144	0.999504445551
1549026	VALENCE/PLEASANTNESS	52.2385854744	0.99799549403
8078	VALENCE/PLEASANTNESS	50.8584710547	0.999705210979
7820	VALENCE/PLEASANTNESS	55.3467358956	0.988564966105
521238	VALENCE/PLEASANTNESS	54.1298496649	0.993177736698
7122	VALENCE/PLEASANTNESS	55.0016306065	0.989993476511
9589	VALENCE/PLEASANTNESS	46.1693082668	0.994130320338
24020	VALENCE/PLEASANTNESS	72.8046895354	0.791978454077
33032	VALENCE/PLEASANTNESS	43.1643069685	0.981309320312
8914	VALENCE/PLEASANTNESS	40.9883059757	0.967515748325
8082	VALENCE/PLEASANTNESS	50.4477122175	0.999919821508
6943	VALENCE/PLEASANTNESS	45.4043612581	0.991552041821
660	VALENCE/PLEASANTNESS	42.7522156079	0.978987848562
170833	VALENCE/PLEASANTNESS	49.395562244	0.999853862
11428	VALENCE/PLEASANTNESS	42.14	0.97528816
7144	VALENCE/PLEASANTNESS	50.8191387918	0.999731604656
15037	VALENCE/PLEASANTNESS	40.664763051	0.965141340443
11529	VALENCE/PLEASANTNESS	62.3092145548	0.939393294818
14328	VALENCE/PLEASANTNESS	48.204020678	0.99870978331
7409	VALENCE/PLEASANTNESS	46.5735134426	0.995303675949
6213	VALENCE/PLEASANTNESS	30.7031732205	0.851052990497
7059	VALENCE/PLEASANTNESS	50.7477998952	0.999776318127
261	VALENCE/PLEASANTNESS	37.3536369126	0.936027800265
17617	VALENCE/PLEASANTNESS	40.6264145223	0.964854358117
7335	VALENCE/PLEASANTNESS	58.02403604	0.974245938251
8697	VALENCE/PLEASANTNESS	26.7376363633	0.783544975214
263	VALENCE/PLEASANTNESS	47.9570325815	0.998330513651
7654	VALENCE/PLEASANTNESS	43.1267060594	0.981103132162
957	VALENCE/PLEASANTNESS	43.4012350205	0.982582520298
7136	VALENCE/PLEASANTNESS	41.5380875488	0.971358415068
31249	VALENCE/PLEASANTNESS	50.7823201621	0.999755190066
1183	VALENCE/PLEASANTNESS	62.5647420032	0.936850903357
10430	VALENCE/PLEASANTNESS	39.8498934356	0.958790134693
7915	VALENCE/PLEASANTNESS	44.9601877981	0.989840117188
31244	VALENCE/PLEASANTNESS	50.8600222455	0.999704144695
6501	VALENCE/PLEASANTNESS	56.7698572774	0.981667612978
8125	VALENCE/PLEASANTNESS	38.9626257105	0.951270547518
31265	VALENCE/PLEASANTNESS	57.9431229919	0.974762718854
21057	VALENCE/PLEASANTNESS	49.2862467713	0.999796222531
807	VALENCE/PLEASANTNESS		
1068	VALENCE/PLEASANTNESS	23.7329933533	0.724017744728
356	VALENCE/PLEASANTNESS	36.6912179766	0.929150528421
875	VALENCE/PLEASANTNESS	30.6760551612	0.850634062347
14257	VALENCE/PLEASANTNESS	37.6974419941	0.939458826605
13204	VALENCE/PLEASANTNESS	50.0470923374	0.999999112925
526618	VALENCE/PLEASANTNESS	42.9981147589	0.980389441228
16324	VALENCE/PLEASANTNESS	52.385725794	0.997723324974
6106	VALENCE/PLEASANTNESS	51.1167082265	0.999501185095
61918	VALENCE/PLEASANTNESS	37.8289919395	0.940746625116
8122	VALENCE/PLEASANTNESS	51.586250983	0.998993523128
4133	VALENCE/PLEASANTNESS	41.6524331323	0.972127250956
14514	VALENCE/PLEASANTNESS	41.7447029687	0.97274002837
98330	VALENCE/PLEASANTNESS	27.5364505011	0.798155577564
11583	VALENCE/PLEASANTNESS	32.4159831909	0.876320941143
22310	VALENCE/PLEASANTNESS	46.5367729018	0.995202423227
1551246	VALENCE/PLEASANTNESS	53.817632432	0.994170273046
6050	VALENCE/PLEASANTNESS	37.8270621244	0.940727833391
31272	VALENCE/PLEASANTNESS	55.0006419585	0.989997432001
61052	VALENCE/PLEASANTNESS	47.6235385591	0.997740972408
439570	VALENCE/PLEASANTNESS	44.484262047	0.987830653934
8091	VALENCE/PLEASANTNESS	53.4233731572	0.995312206491
61325	VALENCE/PLEASANTNESS	49.1601131923	0.99971783606
220674	VALENCE/PLEASANTNESS	51.6475118649	0.998914281862
15606	VALENCE/PLEASANTNESS	47.3291205501	0.997146561186
7792	VALENCE/PLEASANTNESS	40.4023265444	0.963153865696
7151	VALENCE/PLEASANTNESS	37.3327994676	0.935816812269
61527	BAKERY	6.21431365099	0.233125468378
520191	BAKERY	4.45142607617	0.170130965402
1110	BAKERY	1.80806402813	0.0710149229132
12178	BAKERY	1.03948782411	0.04114729899
1549026	BAKERY	2.03920245289	0.0799047594579
8078	BAKERY	0.55	0.021879
7820	BAKERY	2.259242012	0.0883280106924
521238	BAKERY	0.790025596446	0.0313513676806
7122	BAKERY	3.19108793528	0.123570300527
9589	BAKERY	4.46827458255	0.170744792204
24020	BAKERY	5.44911356344	0.206087407087
33032	BAKERY	5.86376623377	0.220797147573
8914	BAKERY	1.62822705124	0.0640686327174
8082	BAKERY	1.29423913044	0.0510995432467
6943	BAKERY	1.59409190059	0.0627472244288
660	BAKERY	4.41677958193	0.168868006527
170833	BAKERY	2.1561315661	0.084385701312
11428	BAKERY	2.28784132534	0.0894199658417
7144	BAKERY	2.89730631305	0.112534498973
15037	BAKERY	2.96979374466	0.115263879832
11529	BAKERY	2.21130138778	0.0864961139801
14328	BAKERY	4.55973980373	0.174073101318
7409	BAKERY	2.04510921158	0.0801313797885
6213	BAKERY	1.221840612	0.0482764666876
7059	BAKERY	1.11290664508	0.044020841323
261	BAKERY	1.98930258714	0.0779891735721
17617	BAKERY	3.85787545691	0.14836173706
7335	BAKERY	3.58020081395	0.138080897411
8697	BAKERY	3.2574804052	0.126054744772
263	BAKERY	1.23784089887	0.0489007359186
7654	BAKERY	2.27243561015	0.088831838965
957	BAKERY	1.37180012907	0.0541192709253
7136	BAKERY	5.47216131134	0.206908632686
31249	BAKERY	4.43459477741	0.16951753876
1183	BAKERY	9.25529679309	0.335947664232
10430	BAKERY	1.77801811995	0.0698561854242
7915	BAKERY	1.74030893644	0.0684008873799
31244	BAKERY	2.77366242464	0.107869215687
6501	BAKERY	2.07503896047	0.0812792437439
8125	BAKERY	1.32281915723	0.0522128260799
31265	BAKERY	5.65310747642	0.213341249401
21057	BAKERY	2.88024898161	0.111891625586
807	BAKERY		
1068	BAKERY	1.23124131723	0.0486432706166
356	BAKERY	1.80710127897	0.070977805146
875	BAKERY	11.8595505862	0.418122447405
14257	BAKERY	2.84948312658	0.110731503428
13204	BAKERY	11.6863176575	0.412824698143
526618	BAKERY	3.93975664702	0.151381592906
16324	BAKERY	3.62369385343	0.13969529128
6106	BAKERY	3.57065706903	0.137726445999
61918	BAKERY	3.69920417288	0.14249452231
8122	BAKERY	3.72371428572	0.143402152196
4133	BAKERY	3.92639904968	0.150889318188
14514	BAKERY	6.09546063066	0.228956569106
98330	BAKERY	1.16073600498	0.0458905169697
11583	BAKERY	1.12571070234	0.0445215382595
22310	BAKERY	3.10767133707	0.120443805027
1551246	BAKERY	2.07399425355	0.0812391892764
6050	BAKERY	2.57417165844	0.100316322447
31272	BAKERY	1.18325768739	0.0467702679935
61052	BAKERY	1.6535610739	0.0650487372659
439570	BAKERY	4.74319859389	0.180728770595
8091	BAKERY	1.16850617374	0.0461940842785
61325	BAKERY	12.5053929657	0.437661777337
220674	BAKERY	2.39602652763	0.0935446838569
15606	BAKERY	3.81106167846	0.146632790692
7792	BAKERY	2.49824426855	0.0974332809719
7151	BAKERY	3.71521903821	0.143087620528
61527	SWEET	14.4339735991	0.49402310642
520191	SWEET	13.5772006092	0.469351873815
1110	SWEET	2.51919941381	0.0982294302777
12178	SWEET	9.30045168191	0.337418706681
1549026	SWEET	9.64799516608	0.348686282353
8078	SWEET	3.56194908002	0.137402970701
7820	SWEET	18.5134584574	0.603439080675
521238	SWEET	17.2513166673	0.571009495989
7122	SWEET	26.4724344406	0.778581463539
9589	SWEET	10.0277241195	0.360886864374
24020	SWEET	39.9300256219	0.95943824641
33032	SWEET	11.2419439515	0.399125236536
8914	SWEET	6.87354137764	0.256043426678
8082	SWEET	2.81688157895	0.109501334426
6943	SWEET	2.73655037128	0.106466531677
660	SWEET	7.494349711	0.277307877404
170833	SWEET	11.4853783462	0.406649567545
11428	SWEET	5.03123336291	0.191124010855
7144	SWEET	24.09492413	0.731570817667
15037	SWEET	4.98619941212	0.189503102654
11529	SWEET	29.5602428604	0.832886531229
14328	SWEET	18.5554642457	0.604496468479
7409	SWEET	3.61970092627	0.139547143133
6213	SWEET	7.53535521916	0.278701577455
7059	SWEET	3.48608921599	0.134582441431
261	SWEET	10.7058559339	0.382388096844
17617	SWEET	10.4540372671	0.374446732611
7335	SWEET	10.4583314843	0.374582580399
8697	SWEET	14.7007568295	0.501585372635
263	SWEET	9.61531784133	0.347630978777
7654	SWEET	16.7147727064	0.556837457605
957	SWEET	9.90535561235	0.356967796571
7136	SWEET	18.2485064282	0.596737062385
31249	SWEET	44.1364049278	0.986247301132
1183	SWEET	46.9503519732	0.996279858765
10430	SWEET	6.61007653062	0.246925816528
7915	SWEET	13.2128402964	0.458681952377
31244	SWEET	14.5756036111	0.498044856192
6501	SWEET	21.6479444618	0.678464378703
8125	SWEET	12.3534036317	0.433093512752
31265	SWEET	35.6543290426	0.917680689912
21057	SWEET	15.2977673602	0.518302019926
807	SWEET		
1068	SWEET	3.56152927149	0.137387374559
356	SWEET	9.18836146377	0.333764063995
875	SWEET	11.3509771328	0.402501212564
14257	SWEET	7.00803470835	0.260676368144
13204	SWEET	12.3274096712	0.432310375166
526618	SWEET	18.724274772	0.608731604585
16324	SWEET	30.5656334024	0.848922157981
6106	SWEET	13.682548971	0.472417100303
61918	SWEET	9.74890846326	0.35193985204
8122	SWEET	12.0945913794	0.425271998921
4133	SWEET	34.7047102699	0.906421644829
14514	SWEET	14.3002845167	0.490212125766
98330	SWEET	22.1565602554	0.689897145275
11583	SWEET	20.1761357741	0.644214849055
22310	SWEET	7.17090419184	0.266267420902
1551246	SWEET	15.7729162745	0.53140269586
6050	SWEET	22.3005776056	0.693096799607
31272	SWEET	17.2155357927	0.570071562657
61052	SWEET	17.0160458345	0.564823507043
439570	SWEET	13.4695920876	0.466211719102
8091	SWEET	18.5064407366	0.603262289969
61325	SWEET	21.8215189012	0.682389281186
220674	SWEET	8.85896249602	0.322966013238
15606	SWEET	17.4920448063	0.57729313965
7792	SWEET	21.0494932214	0.664747262905
7151	SWEET	19.3604847093	0.6244880411
61527	FRUIT	4.89593995433	0.186249506959
520191	FRUIT	2.59319380104	0.101037890406
1110	FRUIT	2.06033029182	0.0807152273081
12178	FRUIT	2.9084008956	0.112952517516
1549026	FRUIT	12.5487552188	0.438961705737
8078	FRUIT	1.61235290971	0.0634542436264
7820	FRUIT	12.0114791482	0.422748913398
521238	FRUIT	13.1824432893	0.457787007142
7122	FRUIT	4.6254701922	0.176460817888
9589	FRUIT	2.65011409594	0.103195321949
24020	FRUIT	16.6691817926	0.55562262305
33032	FRUIT	3.66344312692	0.141169398859
8914	FRUIT	12.1774540035	0.427782005738
8082	FRUIT	1.67426957638	0.0658495116095
6943	FRUIT	1.74034544516	0.0684022968991
660	FRUIT	2.99307841927	0.116139729401
170833	FRUIT	2.28985772632	0.0894969296902
11428	FRUIT	1.84909733124	0.0725962288735
7144	FRUIT	2.71413736614	0.105618877989
15037	FRUIT	0.355465372585	0.014168072651
11529	FRUIT	13.1148179295	0.455793337451
14328	FRUIT	4.50819702128	0.172198344698
7409	FRUIT	6.36685120857	0.238459330618
6213	FRUIT	0.453745836139	0.018067479332
7059	FRUIT	0.732360217714	0.0290798681132
261	FRUIT	6.63844882725	0.247910351957
17617	FRUIT	6.57742988556	0.245792161863
7335	FRUIT	2.61181683606	0.101744038568
8697	FRUIT	7.16314441784	0.266001521533
263	FRUIT	2.28333333333	0.0892478888889
7654	FRUIT	7.14338027702	0.265324058368
957	FRUIT	10.9992172838	0.391575579009
7136	FRUIT	5.3014140896	0.200814567044
31249	FRUIT	27.4060186878	0.795804803386
1183	FRUIT	8.94107419713	0.325665844766
10430	FRUIT	4.81207809694	0.183220685633
7915	FRUIT	5.45829931799	0.206414760142
31244	FRUIT	1.26323979592	0.049891281924
6501	FRUIT	8.21436448799	0.301584265943
8125	FRUIT	7.2973524496	0.270593556874
31265	FRUIT	26.3968253828	0.777156059196
21057	FRUIT	7.3155563155	0.271215306938
807	FRUIT		
1068	FRUIT	0.846803830228	0.0335853225184
356	FRUIT	3.8321918353	0.147413395707
875	FRUIT	3.01004324139	0.11677758553
14257	FRUIT	2.65757707927	0.103477996798
13204	FRUIT	2.7864408171	0.108351931713
526618	FRUIT	0.510617477574	0.0203204070196
16324	FRUIT	10.1575897779	0.365032939077
6106	FRUIT	3.68736931719	0.142056095695
61918	FRUIT	4.18948739641	0.160558773998
8122	FRUIT	4.80406339809	0.18293092587
4133	FRUIT	15.1707978723	0.51477067166
14514	FRUIT	8.95183628077	0.326019302112
98330	FRUIT	1.1921603357	0.0471179149215
11583	FRUIT	7.61151344399	0.281286482996
22310	FRUIT	1.77437077286	0.0697154742587
1551246	FRUIT	12.0889237425	0.4251001188
6050	FRUIT	4.16086800334	0.159509591117
31272	FRUIT	12.199376753	0.428445152857
61052	FRUIT	10.192753551	0.366153252059
439570	FRUIT	2.16488410662	0.0847206749867
8091	FRUIT	16.4834535252	0.55065644496
61325	FRUIT	1.92065375963	0.0753505860395
220674	FRUIT	5.50840586641	0.208199220581
15606	FRUIT	13.105174901	0.455508752365
7792	FRUIT	8.05705534266	0.296315757388
7151	FRUIT	3.13936708033	0.121632432947
61527	FISH	1.68899595334	0.0664187552013
520191	FISH	1.50176712953	0.0591685633765
1110	FISH	0.456961112205	0.018194919105
12178	FISH	1.40727679664	0.0554989006727
1549026	FISH	1.10800330702	0.0438290637494
8078	FISH	1.19206705759	0.0471142727556
7820	FISH	0.841644093016	0.0333824178089
521238	FISH	1.13078206073	0.0447198152016
7122	FISH	0.807529197695	0.0320403265458
9589	FISH	0.754362811908	0.0299468871755
24020	FISH	1.26355424443	0.0499035420456
33032	FISH	1.22435737414	0.0483746745737
8914	FISH	0.680305490795	0.0270270934075
8082	FISH	0.914951250762	0.036263195714
6943	FISH	0.364982031058	0.0145459964891
660	FISH	0.38143939394	0.0151993773531
170833	FISH	0.110003410312	0.00439529611236
11428	FISH	0.356314862889	0.014201810403
7144	FISH	2.27150379749	0.0887962600987
15037	FISH	2.46694233014	0.0962433714213
11529	FISH	0.760579653309	0.0301917935687
14328	FISH	3.62105263158	0.139597296399
7409	FISH	1.66394442116	0.0654502924318
6213	FISH	0.955302327611	0.0378470520896
7059	FISH	0.588340572168	0.0233951650352
261	FISH	1.77540334679	0.0697553110542
17617	FISH	0.742209325206	0.0294680231353
7335	FISH	1.60826972894	0.0632961765493
8697	FISH	0.495726910016	0.0197307783329
263	FISH	1.02630718954	0.0406309650027
7654	FISH	1.60484247968	0.0631634914332
957	FISH	0.868704596756	0.0344463247997
7136	FISH	0.168919639819	0.00674537205486
31249	FISH	1.38350431468	0.0545745389117
1183	FISH	2.23543725385	0.0874186182675
10430	FISH	0.519913419915	0.0206884128109
7915	FISH	1.80156991445	0.0707645349155
31244	FISH	0.721855797398	0.028665801579
6501	FISH	0.765247844998	0.0303756720942
8125	FISH	0.664973131865	0.0264220495681
31265	FISH	0.0679799422929	0.00271734918269
21057	FISH	1.33758710871	0.0527878286391
807	FISH		
1068	FISH	7.28200649351	0.270069212312
356	FISH	0.327477884956	0.0130562186922
875	FISH	1.3510017711	0.05330998853
14257	FISH	0.139393828921	0.00556798090104
13204	FISH	0.826098343687	0.0327709583581
526618	FISH	6.37544612048	0.238759319525
16324	FISH	0.494400443703	0.0196782450286
6106	FISH	0.59837353123	0.0237917208961
61918	FISH	0.786564547088	0.0312151083688
8122	FISH	0.177896092425	0.00710318488912
4133	FISH	0.69151829669	0.0274694528457
14514	FISH	1.66041666667	0.0653138732639
98330	FISH	8.6387773004	0.315699702718
11583	FISH	1.66813212508	0.0656122190887
22310	FISH	1.09212313493	0.0432078322206
1551246	FISH	3.48293785918	0.134465171915
6050	FISH	1.73491113369	0.068192478691
31272	FISH	0.747125110732	0.0296617260569
61052	FISH	0.650058126018	0.0258332948138
439570	FISH	1.3147885026	0.0519000725815
8091	FISH	0.299678619162	0.0119512218566
61325	FISH	0.866005963559	0.0343402520108
220674	FISH	0.337564780979	0.0134570112466
15606	FISH	0.602512348003	0.0239552854683
7792	FISH	0.383348637179	0.0152751630161
7151	FISH	1.06831523439	0.0422760903998
61527	GARLIC	3.86087992505	0.148472639484
520191	GARLIC	3.14199930826	0.121731108469
1110	GARLIC	3.55045531138	0.136975919288
12178	GARLIC	1.65677071721	0.0651728730045
1549026	GARLIC	3.36444588406	0.13005003692
8078	GARLIC	5.10754692462	0.19386706275
7820	GARLIC	3.27538879659	0.126724283156
521238	GARLIC	1.75901147314	0.0691228103807
7122	GARLIC	0.717344929894	0.0284879636964
9589	GARLIC	4.46653196358	0.170681315431
24020	GARLIC	1.52473725341	0.0600595606596
33032	GARLIC	1.5935050788	0.0627244997777
8914	GARLIC	2.10972470222	0.0826086127613
8082	GARLIC	4.81618504202	0.183369146337
6943	GARLIC	1.45272380229	0.0572647895132
660	GARLIC	3.02777777778	0.117444135802
170833	GARLIC	0.593824939075	0.0236119463397
11428	GARLIC	3.49695669935	0.134986785511
7144	GARLIC	1.24496754598	0.0491787241631
15037	GARLIC	2.26836879433	0.0886765529782
11529	GARLIC	1.16281044101	0.0459715663918
14328	GARLIC	3.04738475177	0.118180768541
7409	GARLIC	2.45571940174	0.0958165529577
6213	GARLIC	5.77529132883	0.21767005718
7059	GARLIC	0.117021276596	0.00467537347217
261	GARLIC	4.70625780419	0.17939076716
17617	GARLIC	3.78127432995	0.145531758975
7335	GARLIC	1.38860128607	0.05477276603
8697	GARLIC	2.11408237551	0.0827755573042
263	GARLIC	2.23167224932	0.0872747455615
7654	GARLIC	2.18317859548	0.0854206363074
957	GARLIC	1.84011529321	0.0722502020116
7136	GARLIC	4.00283091081	0.153704174312
31249	GARLIC	0.874220202918	0.0346631037314
1183	GARLIC	1.19673031739	0.0472963473145
10430	GARLIC	4.22620462505	0.161903862789
7915	GARLIC	3.68465846131	0.141955655262
31244	GARLIC	2.53425966261	0.0988013976894
6501	GARLIC	3.86141838251	0.14849251453
8125	GARLIC	5.40904707628	0.204658766942
31265	GARLIC	1.09077446535	0.0431550630402
21057	GARLIC	2.61974347218	0.102044516543
807	GARLIC		
1068	GARLIC	8.51673809524	0.311655592696
356	GARLIC	1.26890333309	0.0501120870561
875	GARLIC	1.54597576465	0.06088301416
14257	GARLIC	1.74004566826	0.0683907231593
13204	GARLIC	1.53286166594	0.0603746006829
526618	GARLIC	7.9276211584	0.291965975443
16324	GARLIC	2.2669138756	0.0886209956162
6106	GARLIC	2.19132324828	0.0857321708999
61918	GARLIC	2.75711637653	0.107243978776
8122	GARLIC	5.72833333333	0.216007812222
4133	GARLIC	2.55925029414	0.0997501069386
14514	GARLIC	1.90537008281	0.0747626292516
98330	GARLIC	27.6244451054	0.799733817263
11583	GARLIC	1.67257081186	0.0657838352261
22310	GARLIC	2.60734216414	0.101574393301
1551246	GARLIC	4.72753282562	0.180161486378
6050	GARLIC	5.50937726869	0.208233795592
31272	GARLIC	0.78367158149	0.0311012068006
61052	GARLIC	0.7077426666	0.0281093467911
439570	GARLIC	1.52588135113	0.0601039284862
8091	GARLIC	2.04553481587	0.0801477075617
61325	GARLIC	3.09929694727	0.120129621264
220674	GARLIC	1.66508844921	0.065494530151
15606	GARLIC	1.97338067037	0.0773775343065
7792	GARLIC	2.77039788472	0.107745873613
7151	GARLIC	2.93139356661	0.113818515368
61527	SPICES	7.4850630888	0.276992055775
520191	SPICES	7.70627169784	0.284496218521
1110	SPICES	5.65454952101	0.213392408726
12178	SPICES	5.98491125568	0.225068785132
1549026	SPICES	3.97551247693	0.152698619296
8078	SPICES	3.95653398105	0.151999694785
7820	SPICES	3.05645861231	0.118521568793
521238	SPICES	5.40401785714	0.204479350686
7122	SPICES	4.46032324059	0.170455136259
9589	SPICES	7.24215468796	0.268706665709
24020	SPICES	5.55975135061	0.210025719992
33032	SPICES	9.29128881987	0.337120333621
8914	SPICES	2.71460807541	0.105636684215
8082	SPICES	3.78910716693	0.145821353428
6943	SPICES	11.5961242089	0.410056929688
660	SPICES	5.71363464378	0.215487137414
170833	SPICES	6.1049534314	0.229289954696
11428	SPICES	6.84292694095	0.25498681799
7144	SPICES	11.1342420549	0.395781143743
15037	SPICES	5.01650745614	0.190594159423
11529	SPICES	3.23126330192	0.125074107066
14328	SPICES	7.62553676028	0.281761946058
7409	SPICES	6.50459183674	0.243259787485
6213	SPICES	5.31556101713	0.201320365114
7059	SPICES	7.42387730734	0.274909510584
261	SPICES	4.15577254242	0.159322723527
17617	SPICES	3.66393104152	0.14118748539
7335	SPICES	7.34295398481	0.272150570103
8697	SPICES	4.99216746996	0.189718004379
263	SPICES	9.45206448619	0.342345970227
7654	SPICES	5.47216168321	0.206908645934
957	SPICES	4.83751645254	0.18414003193
7136	SPICES	2.90204653909	0.112713111918
31249	SPICES	4.09363117449	0.157042120503
1183	SPICES	10.8726434887	0.387619988976
10430	SPICES	4.73037218158	0.180264318873
7915	SPICES	4.93219704633	0.187557254772
31244	SPICES	7.91487348493	0.291536850484
6501	SPICES	6.26140888333	0.234774258852
8125	SPICES	3.90073058916	0.149942943915
31265	SPICES	3.32478626437	0.128569769093
21057	SPICES	7.16232674262	0.265973499957
807	SPICES		
1068	SPICES	6.94656828005	0.258560806854
356	SPICES	5.20557370554	0.19738374918
875	SPICES	6.25543892025	0.234565350376
14257	SPICES	3.77966853935	0.145472383867
13204	SPICES	4.59543210984	0.175370085883
526618	SPICES	8.74079940502	0.319071346505
16324	SPICES	3.10384871136	0.120300397725
6106	SPICES	4.51616166273	0.172488180044
61918	SPICES	6.3965935559	0.239497178588
8122	SPICES	6.0342664892	0.226805710743
4133	SPICES	8.2696025036	0.303429569917
14514	SPICES	6.2141653399	0.233120273247
98330	SPICES	16.5945153061	0.553629436946
11583	SPICES	3.13082309408	0.121312102465
22310	SPICES	7.17165420502	0.266293118586
1551246	SPICES	7.64035190878	0.282264085435
6050	SPICES	6.20959627329	0.232960216581
31272	SPICES	3.77763975155	0.145397365225
61052	SPICES	6.60005446582	0.246577891052
439570	SPICES	8.45855311201	0.309723276181
8091	SPICES	2.6576943022	0.103482436486
61325	SPICES	5.29647691194	0.200638009406
220674	SPICES	6.27859010666	0.235375326776
15606	SPICES	2.80257505225	0.108961231321
7792	SPICES	3.48878870634	0.134682889599
7151	SPICES	5.85036929144	0.220324043319
61527	COLD	4.2957570604	0.164448870927
520191	COLD	1.89132905719	0.0742223120467
1110	COLD	2.97819893915	0.115580089997
12178	COLD	8.09357361885	0.297540571184
1549026	COLD	4.97686403509	0.189166891154
8078	COLD	9.58946929824	0.346795603361
7820	COLD	5.20545090839	0.197379348672
521238	COLD	4.26443986569	0.16330341568
7122	COLD	3.67437862764	0.141574721786
9589	COLD	4.99795918367	0.189926528946
24020	COLD	4.10650097564	0.15751469892
33032	COLD	6.718125	0.250671718594
8914	COLD	5.50375315888	0.208033606822
8082	COLD	7.04258391514	0.261864161325
6943	COLD	5.73702146068	0.216315492331
660	COLD	7.59311753031	0.280662527681
170833	COLD	7.49736069003	0.277410260675
11428	COLD	7.13315758517	0.264973528553
7144	COLD	7.76534197386	0.286493464566
15037	COLD	4.00044025187	0.153616201191
11529	COLD	4.46022532741	0.170451569108
14328	COLD	2.35129367448	0.0918403142019
7409	COLD	6.88347160404	0.256385991632
6213	COLD	7.73176353875	0.285358474582
7059	COLD	5.34884108978	0.20250960319
261	COLD	3.7498439765	0.144369227121
17617	COLD	4.57548513446	0.174645379692
7335	COLD	4.76570374801	0.181543377035
8697	COLD	3.37790779355	0.130552207317
263	COLD	4.86927177177	0.185286947836
7654	COLD	4.69026264933	0.178811080485
957	COLD	5.7128805679	0.215460420963
7136	COLD	5.2639036643	0.199472673857
31249	COLD	3.89027848012	0.149557432544
1183	COLD	3.89683132344	0.149799135192
10430	COLD	2.11801092226	0.0829260487836
7915	COLD	2.67745890023	0.104230841544
31244	COLD	4.96037311266	0.18857280394
6501	COLD	3.86198445797	0.148513408737
8125	COLD	3.80749420426	0.146500963324
31265	COLD	3.96969616806	0.152484451656
21057	COLD	8.36963983223	0.306765244921
807	COLD		
1068	COLD	3.24117477235	0.125444905332
356	COLD	6.24849335558	0.234322266537
875	COLD	1.73608695652	0.0682378790926
14257	COLD	7.95435727033	0.292865570979
13204	COLD	2.28898137318	0.0894634806366
526618	COLD	1.62759975795	0.0640443579292
16324	COLD	6.26770078157	0.234994402028
6106	COLD	2.28937741925	0.0894785971829
61918	COLD	6.1069647318	0.229360581978
8122	COLD	4.21471992178	0.161483251264
4133	COLD	3.87402476239	0.148957763352
14514	COLD	4.64408562193	0.177136412372
98330	COLD	3.67005908751	0.141414630018
11583	COLD	2.58640480896	0.100780396424
22310	COLD	10.1060229849	0.363388239169
1551246	COLD	5.5915153158	0.211154595221
6050	COLD	4.3452530461	0.16625763223
31272	COLD	3.60523508533	0.139010315405
61052	COLD	6.02871738804	0.226610522184
439570	COLD	4.49291071009	0.171641929744
8091	COLD	7.47109363652	0.27651684941
61325	COLD	3.00877100547	0.116729759034
220674	COLD	5.11878243801	0.194270524061
15606	COLD	6.66909104067	0.248972931503
7792	COLD	6.1457565054	0.230722131006
7151	COLD	3.56510616785	0.137520253919
61527	SOUR	8.62718159574	0.315315958915
520191	SOUR	5.90601154921	0.222288073001
1110	SOUR	17.1254645173	0.56770596672
12178	SOUR	6.90517817632	0.257134532794
1549026	SOUR	10.2325079705	0.367418631075
8078	SOUR	5.06425438597	0.192311506444
7820	SOUR	11.1551665563	0.396431565894
521238	SOUR	4.55610986746	0.173941139849
7122	SOUR	5.26734386951	0.199595790204
9589	SOUR	3.783631857	0.145618926268
24020	SOUR	7.69471462879	0.284105131864
33032	SOUR	10.5173996997	0.37644970941
8914	SOUR	6.8668041736	0.255810967121
8082	SOUR	6.87761250954	0.256183878849
6943	SOUR	7.57944146243	0.280198485344
660	SOUR	4.62252907933	0.176354053138
170833	SOUR	6.30105486586	0.236160877665
11428	SOUR	6.45793754494	0.241635518864
7144	SOUR	7.35382154083	0.272521385131
15037	SOUR	9.04047708271	0.328926992955
11529	SOUR	7.41109552164	0.274474086133
14328	SOUR	5.78761365743	0.218105957558
7409	SOUR	6.14652529384	0.230749102479
6213	SOUR	17.449319664	0.576181283866
7059	SOUR	5.57249413226	0.210478688949
261	SOUR	15.1118415083	0.513126558825
17617	SOUR	7.72385005721	0.285090858406
7335	SOUR	7.98532743852	0.293906915821
8697	SOUR	13.6896191467	0.472622496915
263	SOUR	9.31783020832	0.337984424416
7654	SOUR	7.06197169758	0.2625302902
957	SOUR	6.60581632653	0.246777929325
7136	SOUR	8.81820380176	0.321623864755
31249	SOUR	11.1639047289	0.396703081637
1183	SOUR	7.36501357654	0.272903173069
10430	SOUR	15.7096592288	0.529669011918
7915	SOUR	10.4400547175	0.3740042917
31244	SOUR	8.16379484425	0.299892775266
6501	SOUR	5.05061603881	0.191821152604
8125	SOUR	9.68100044089	0.349751309821
31265	SOUR	9.02266422463	0.328343181101
21057	SOUR	6.8529218644	0.255331859344
807	SOUR		
1068	SOUR	19.1648843686	0.619678257598
356	SOUR	12.2379884128	0.429612192354
875	SOUR	12.4485122487	0.435954307065
14257	SOUR	6.5713604121	0.245581305418
13204	SOUR	8.59989298436	0.314412455637
526618	SOUR	9.55294005848	0.345614136835
16324	SOUR	12.7038480638	0.4435988203
6106	SOUR	10.335548413	0.370692512122
61918	SOUR	7.51794987428	0.278110166846
8122	SOUR	7.77801161989	0.286921478892
4133	SOUR	9.20025038117	0.334152172416
14514	SOUR	4.85832229701	0.184891573664
98330	SOUR	12.2297730748	0.429363983208
11583	SOUR	17.1882811988	0.569356443724
22310	SOUR	9.07679163293	0.330116406778
1551246	SOUR	8.82328310554	0.321791194317
6050	SOUR	9.43698333207	0.341856671519
31272	SOUR	6.74280970031	0.25152619495
61052	SOUR	5.66840785255	0.213883975069
439570	SOUR	5.29363207035	0.200536266615
8091	SOUR	8.08291403337	0.297183161626
61325	SOUR	4.54511897417	0.173541516371
220674	SOUR	7.50130234611	0.277544279089
15606	SOUR	11.5638112102	0.409063756525
7792	SOUR	7.36626321923	0.272945795243
7151	SOUR	6.12556559498	0.230013602256
61527	BURNT	4.22157897008	0.161734467203
520191	BURNT	9.95927286243	0.358696068118
1110	BURNT	4.5745296471	0.174610657287
12178	BURNT	3.01679563492	0.117031403036
1549026	BURNT	3.28006917747	0.126899225575
8078	BURNT	4.70933247754	0.179502174148
7820	BURNT	2.46420612961	0.0961393204448
521238	BURNT	4.03864360063	0.155021487172
7122	BURNT	4.35183780294	0.166498115212
9589	BURNT	6.8270021645	0.254436903158
24020	BURNT	2.39760511228	0.0936048003814
33032	BURNT	2.51840074819	0.0981990929961
8914	BURNT	1.40818686402	0.055534278463
8082	BURNT	5.01922563984	0.190691975184
6943	BURNT	7.70649380099	0.284503733358
660	BURNT	5.44870731836	0.206072928158
170833	BURNT	4.05620162459	0.155666956336
11428	BURNT	2.45057082975	0.0956207142333
7144	BURNT	6.95744511591	0.25893538762
15037	BURNT	3.94737541528	0.151662307544
11529	BURNT	4.38315762885	0.167641476834
14328	BURNT	5.11190092963	0.194023424739
7409	BURNT	6.1384498947	0.230465768944
6213	BURNT	8.04523020513	0.295918916584
7059	BURNT	10.314196	0.37001478435
261	BURNT	3.4199550734	0.132119765854
17617	BURNT	3.49018070322	0.134734683592
7335	BURNT	4.19039636453	0.160592085904
8697	BURNT	3.50654107998	0.135343311061
263	BURNT	2.31697387336	0.0905316077626
7654	BURNT	6.08179050268	0.22847634982
957	BURNT	2.05039409635	0.0803341174738
7136	BURNT	6.57139925667	0.245582654991
31249	BURNT	4.30883461948	0.164926962468
1183	BURNT	10.6408104054	0.380341677783
10430	BURNT	5.76934653209	0.217459717521
7915	BURNT	6.97149758453	0.259419191953
31244	BURNT	4.6692754311	0.178050164023
6501	BURNT	2.97289246937	0.115380462921
8125	BURNT	5.5198802868	0.20860758012
31265	BURNT	1.33725042667	0.0527747215852
21057	BURNT	4.42890954059	0.169310285736
807	BURNT		
1068	BURNT	3.99016019931	0.153237856606
356	BURNT	3.65116456578	0.140714181557
875	BURNT	5.69478692626	0.214819237796
14257	BURNT	1.14834181314	0.0454061969576
13204	BURNT	4.61107723577	0.175938276121
526618	BURNT	10.454818515	0.374471448527
16324	BURNT	3.67271576691	0.141513094234
6106	BURNT	2.95721124093	0.114790410308
61918	BURNT	12.5364758947	0.438593744645
8122	BURNT	9.17901607019	0.333458908401
4133	BURNT	3.6636334137	0.141176452632
14514	BURNT	6.1840731457	0.232065821559
98330	BURNT	14.0281462585	0.48241029536
11583	BURNT	4.58217272414	0.174888386216
22310	BURNT	5.54572873412	0.209527106488
1551246	BURNT	3.94199347725	0.15146401406
6050	BURNT	4.83639333765	0.184099453299
31272	BURNT	1.58434530317	0.0623697521108
61052	BURNT	3.79007930863	0.145857291879
439570	BURNT	3.35000785404	0.129511293113
8091	BURNT	3.76881136088	0.145070878806
61325	BURNT	3.29950280234	0.127625424597
220674	BURNT	3.286704609	0.127147213485
15606	BURNT	1.28583364377	0.0507719984869
7792	BURNT	3.83659108	0.147575870754
7151	BURNT	8.3436669826	0.305899967817
61527	ACID	5.05961318976	0.192144653338
520191	ACID	4.54074298129	0.173382380523
1110	ACID	8.39755358182	0.307694580809
12178	ACID	5.16407569233	0.195895956591
1549026	ACID	10.6577785324	0.380875843998
8078	ACID	5.01604253257	0.190577428228
7820	ACID	9.11400109282	0.331334037345
521238	ACID	5.69138208979	0.214698551555
7122	ACID	4.22222959693	0.16175829477
9589	ACID	6.12901927436	0.230134820068
24020	ACID	4.19990802895	0.160940630177
33032	ACID	5.14855898881	0.195339295688
8914	ACID	9.94785556145	0.358330290349
8082	ACID	6.13851145722	0.230467929124
6943	ACID	7.70557318386	0.284472584118
660	ACID	5.25429122003	0.199128618311
170833	ACID	7.07028802017	0.262815931731
11428	ACID	7.34353918504	0.272170540297
7144	ACID	9.12091453648	0.331560148667
15037	ACID	6.00604397243	0.225812733218
11529	ACID	4.16432720082	0.159636439618
14328	ACID	7.53692988058	0.278755070413
7409	ACID	8.41587665699	0.308304274317
6213	ACID	6.90007953181	0.256958742254
7059	ACID	11.7457997107	0.41464646409
261	ACID	5.52951390098	0.208950346447
17617	ACID	3.76626785898	0.144976804925
7335	ACID	3.44553729305	0.133072800827
8697	ACID	5.68831966824	0.21458999447
263	ACID	5.24977933067	0.198967100019
7654	ACID	4.81833040739	0.18344669313
957	ACID	7.69160969942	0.28400004407
7136	ACID	3.24494414433	0.125585900773
31249	ACID	10.9188076372	0.389064161401
1183	ACID	5.17303806628	0.196217393517
10430	ACID	5.78294489239	0.217940815044
7915	ACID	10.1657434114	0.365292800813
31244	ACID	7.22191515876	0.268014182926
6501	ACID	5.64411229852	0.213022090485
8125	ACID	5.73970070902	0.216410362669
31265	ACID	5.9253646659	0.222970608066
21057	ACID	6.7394848073	0.251411130105
807	ACID		
1068	ACID	10.0571819728	0.361828515218
356	ACID	7.98550057817	0.293912735333
875	ACID	4.40939855072	0.168598823797
14257	ACID	9.42651214929	0.341516833451
13204	ACID	3.82515469898	0.147153464571
526618	ACID	6.00309522383	0.225708948047
16324	ACID	5.47210979656	0.206906797612
6106	ACID	5.48373739293	0.207320945399
61918	ACID	4.2876219722	0.164151398017
8122	ACID	5.95426953137	0.223989450994
4133	ACID	3.8919863856	0.149620432214
14514	ACID	3.04542644279	0.118107208824
98330	ACID	5.18477917083	0.196638392813
11583	ACID	5.68756749076	0.214563330046
22310	ACID	5.14757034675	0.19530382168
1551246	ACID	8.02168887548	0.295128558053
6050	ACID	6.01150021174	0.226004754551
31272	ACID	5.79316131078	0.218302165242
61052	ACID	5.17670764701	0.196348985055
439570	ACID	4.85580018239	0.184800489131
8091	ACID	5.812907628	0.219000347083
61325	ACID	3.07802949785	0.119331473678
220674	ACID	4.9944180555	0.189799037535
15606	ACID	4.44893586833	0.170040222589
7792	ACID	7.5950615045	0.280728476477
7151	ACID	5.97003288949	0.224544798499
61527	WARM	6.77716647946	0.252714664982
520191	WARM	6.04169012247	0.227066797085
1110	WARM	5.39263768007	0.204073290744
12178	WARM	6.135408166	0.230359033295
1549026	WARM	5.85088170087	0.220342141364
8078	WARM	7.00523850719	0.260580193671
7820	WARM	5.10428886693	0.193750048742
521238	WARM	6.1113180244	0.229513437778
7122	WARM	7.01495146362	0.26091424093
9589	WARM	8.50117251971	0.311138927104
24020	WARM	8.55683382069	0.312985590814
33032	WARM	3.41951219512	0.132103262344
8914	WARM	2.91244312711	0.113104795097
8082	WARM	6.71313324403	0.25049886658
6943	WARM	7.63624348727	0.282124853652
660	WARM	6.65556651552	0.248504034364
170833	WARM	6.83020196006	0.254547414876
11428	WARM	4.57793815237	0.174734519004
7144	WARM	5.78864559316	0.218142456605
15037	WARM	5.908686606	0.222382433277
11529	WARM	5.46756644518	0.206744944674
14328	WARM	11.5952684437	0.410030637635
7409	WARM	5.1165717447	0.19419114722
6213	WARM	7.5503030303	0.279209290872
7059	WARM	8.02285948372	0.295167869631
261	WARM	5.15688890409	0.195638154896
17617	WARM	5.84260607762	0.220049824793
7335	WARM	4.79975702679	0.182775214065
8697	WARM	4.28967972736	0.164226648229
263	WARM	2.55574660634	0.0996171279671
7654	WARM	6.45495859567	0.241531747638
957	WARM	2.92908893437	0.113731732581
7136	WARM	12.1639320382	0.427372784475
31249	WARM	7.98236496981	0.293807338588
1183	WARM	11.2536550152	0.399488300128
10430	WARM	3.50891414141	0.135431574276
7915	WARM	4.93718045785	0.187736917965
31244	WARM	7.0125034282	0.260830055396
6501	WARM	4.31593888911	0.165186624167
8125	WARM	4.79022487198	0.182430493149
31265	WARM	6.64841690886	0.248256097397
21057	WARM	6.34829965996	0.237811622969
807	WARM		
1068	WARM	6.04603015221	0.227219413848
356	WARM	3.49806554373	0.13502803673
875	WARM	7.85083185448	0.289379049856
14257	WARM	3.46506631059	0.133799978609
13204	WARM	5.03574363733	0.191286259901
526618	WARM	6.79935771768	0.253481802558
16324	WARM	5.71234787879	0.215441547836
6106	WARM	5.02054923457	0.190739603536
61918	WARM	7.72397113564	0.285094953384
8122	WARM	4.40618529174	0.168481624139
4133	WARM	5.85587672207	0.220518552009
14514	WARM	7.25719711767	0.269221120705
98330	WARM	9.11883733345	0.331492215612
11583	WARM	5.7026038346	0.215096277186
22310	WARM	4.9732228741	0.189035736662
1551246	WARM	4.6819521706	0.178509816373
6050	WARM	5.77960612193	0.217822706107
31272	WARM	4.289875983	0.16423382494
61052	WARM	7.35156074981	0.272444251809
439570	WARM	6.39508091458	0.239444412622
8091	WARM	4.2695311706	0.163489688257
61325	WARM	7.71363697291	0.284745400777
220674	WARM	8.71901727509	0.318352186106
15606	WARM	5.69036438053	0.214662476508
7792	WARM	5.61093881548	0.211844498863
7151	WARM	6.31849785661	0.236770548199
61527	MUSKY	5.10411482157	0.193743797618
520191	MUSKY	9.01106235822	0.327962796399
1110	MUSKY	19.8984652573	0.637559042454
12178	MUSKY	8.16002191262	0.299766493459
1549026	MUSKY	6.6337349323	0.247746821631
8078	MUSKY	5.53701848326	0.209217309857
7820	MUSKY	6.09171674326	0.228825064578
521238	MUSKY	6.00529018466	0.225786203306
7122	MUSKY	4.97494041633	0.189097603795
9589	MUSKY	6.50351605758	0.243222353859
24020	MUSKY	2.25756549959	0.0882639791896
33032	MUSKY	9.90113792145	0.356832504002
8914	MUSKY	6.0520892224	0.227432455313
8082	MUSKY	4.08096580857	0.15657691957
6943	MUSKY	7.60928636993	0.281210959173
660	MUSKY	7.44163265305	0.275514147505
170833	MUSKY	7.01923860684	0.261061660026
11428	MUSKY	10.1384571833	0.364422961709
7144	MUSKY	9.01850924911	0.328206966334
15037	MUSKY	14.2399954335	0.488488829361
11529	MUSKY	4.31597196312	0.16518783293
14328	MUSKY	9.09745336466	0.330792671498
7409	MUSKY	11.1061232893	0.394906541764
6213	MUSKY	6.55192816457	0.244906021513
7059	MUSKY	8.88819484088	0.323927790623
261	MUSKY	13.2949178205	0.46109477688
17617	MUSKY	5.0657922152	0.192366788301
7335	MUSKY	6.69281226903	0.249794996334
8697	MUSKY	10.0944983916	0.363020376552
263	MUSKY	9.85652255889	0.355400487574
7654	MUSKY	8.89968141112	0.324305524757
957	MUSKY	6.13035596598	0.230181732931
7136	MUSKY	5.91801587477	0.222711470233
31249	MUSKY	4.08879965168	0.156864673031
1183	MUSKY	7.38999256425	0.27375490653
10430	MUSKY	9.81333783407	0.354012873584
7915	MUSKY	8.66716035345	0.316638546701
31244	MUSKY	6.2910648546	0.235811595382
6501	MUSKY	8.12325298964	0.298535223932
8125	MUSKY	7.58994752099	0.280554979491
31265	MUSKY	2.77804632986	0.10803483663
21057	MUSKY	8.58852181628	0.314035789856
807	MUSKY		
1068	MUSKY	6.86325893108	0.255688627981
356	MUSKY	7.62011381727	0.281578098856
875	MUSKY	5.68191381319	0.214362894695
14257	MUSKY	8.15181123224	0.299491638743
13204	MUSKY	4.29812573759	0.164535475561
526618	MUSKY	11.3356194178	0.402026269678
16324	MUSKY	4.83810619474	0.184161339169
6106	MUSKY	16.2341199937	0.543946138959
61918	MUSKY	8.68224491411	0.317137245865
8122	MUSKY	7.89768862292	0.290958150683
4133	MUSKY	3.19022899858	0.123538135518
14514	MUSKY	7.45814772702	0.276076322073
98330	MUSKY	11.7794414243	0.415675560866
11583	MUSKY	10.4318622884	0.373744991214
22310	MUSKY	6.81126117317	0.253893135419
1551246	MUSKY	7.61672606032	0.281463236062
6050	MUSKY	9.33338786886	0.33849066311
31272	MUSKY	5.80439070207	0.218699247514
61052	MUSKY	9.97437611777	0.359179773135
439570	MUSKY	4.52327302097	0.17274692131
8091	MUSKY	8.3447791529	0.305937030472
61325	MUSKY	6.65823271353	0.248596483394
220674	MUSKY	7.4075936325	0.27435476793
15606	MUSKY	8.84756708943	0.322590906217
7792	MUSKY	7.18453041343	0.266734225632
7151	MUSKY	5.15180144071	0.195455634394
61527	SWEATY	4.31957805003	0.165319620189
520191	SWEATY	6.13262185725	0.230261253952
1110	SWEATY	7.87820082874	0.290301613831
12178	SWEATY	2.8886040639	0.112206549181
1549026	SWEATY	4.3563220574	0.166661865549
8078	SWEATY	5.64621576808	0.213096729723
7820	SWEATY	2.210033218	0.0864476299901
521238	SWEATY	2.46695955314	0.0962440263508
7122	SWEATY	1.40151393228	0.0552748607704
9589	SWEATY	1.29382443433	0.0510833847065
24020	SWEATY	2.17656103888	0.0851674743728
33032	SWEATY	5.96137151449	0.224239680446
8914	SWEATY	3.49324820677	0.134848815057
8082	SWEATY	8.87793132656	0.323590187207
6943	SWEATY	4.57475296086	0.174618772573
660	SWEATY	2.47698552357	0.0966252380294
170833	SWEATY	2.69777221754	0.104999698727
11428	SWEATY	5.10415843215	0.193745363966
7144	SWEATY	2.70377134417	0.105226701974
15037	SWEATY	3.63892956309	0.140260459177
11529	SWEATY	2.63069231241	0.102459475679
14328	SWEATY	2.06776411948	0.0810003053978
7409	SWEATY	2.16332630878	0.0846610600641
6213	SWEATY	7.74852973798	0.285925304279
7059	SWEATY	3.87278066994	0.14891185475
261	SWEATY	6.38025163662	0.238927021086
17617	SWEATY	4.79635050336	0.182652028874
7335	SWEATY	1.1030884103	0.0436368147955
8697	SWEATY	5.5334466243	0.209090252354
263	SWEATY	7.08947724763	0.263474814847
7654	SWEATY	3.53651845523	0.136457953095
957	SWEATY	5.4437176333	0.205895080663
7136	SWEATY	2.50980333337	0.0978724882259
31249	SWEATY	3.96288936966	0.152233777924
1183	SWEATY	0.780766637575	0.0309868268861
10430	SWEATY	8.46643720861	0.309985264742
7915	SWEATY	2.39163031155	0.093377254243
31244	SWEATY	3.73141406603	0.143687182268
6501	SWEATY	2.7134065982	0.105591233781
8125	SWEATY	2.37222773885	0.0926381237759
31265	SWEATY	4.01160729012	0.154027094385
21057	SWEATY	5.1205534524	0.194334111032
807	SWEATY		
1068	SWEATY	6.66412997529	0.248800947681
356	SWEATY	4.62044740629	0.176278482558
875	SWEATY	5.9015556	0.2221308806
14257	SWEATY	2.91250473808	0.113107115983
13204	SWEATY	2.404541162	0.0938689191999
526618	SWEATY	4.9803496896	0.189292434372
16324	SWEATY	2.57593945109	0.100383392421
6106	SWEATY	9.68706712585	0.349946977234
61918	SWEATY	3.07990452188	0.11940185613
8122	SWEATY	5.31283577845	0.201222941535
4133	SWEATY	1.56929498715	0.0617867247832
14514	SWEATY	4.31762630663	0.165248293496
98330	SWEATY	3.01518045461	0.116970692915
11583	SWEATY	3.28745760099	0.127175353048
22310	SWEATY	2.21171123765	0.0865117828664
1551246	SWEATY	2.18765106738	0.085591715818
6050	SWEATY	2.23489429559	0.0873978708187
31272	SWEATY	2.2230901072	0.0869467524382
61052	SWEATY	2.97283186165	0.115378182755
439570	SWEATY	1.17195379108	0.046328761368
8091	SWEATY	2.17252272865	0.0850129671433
61325	SWEATY	1.81646041395	0.071338605184
220674	SWEATY	2.87732505589	0.111781402445
15606	SWEATY	2.46907210365	0.0963243573249
7792	SWEATY	4.58732608745	0.175075619245
7151	SWEATY	2.87126759059	0.111553032593
61527	AMMONIA/URINOUS	3.46565429503	0.133821867924
520191	AMMONIA/URINOUS	2.89853771209	0.112580900136
1110	AMMONIA/URINOUS	7.84304926664	0.289116601946
12178	AMMONIA/URINOUS	9.23784863945	0.335378806584
1549026	AMMONIA/URINOUS	3.2338691464	0.125171601993
8078	AMMONIA/URINOUS	5.96965902244	0.22453162936
7820	AMMONIA/URINOUS	3.91579296567	0.150498344807
521238	AMMONIA/URINOUS	1.82368608775	0.0716171111312
7122	AMMONIA/URINOUS	6.28316434235	0.235535312033
9589	AMMONIA/URINOUS	6.1404615193	0.230536353704
24020	AMMONIA/URINOUS	2.10062594875	0.0822599861995
33032	AMMONIA/URINOUS	2.62738249845	0.102334044421
8914	AMMONIA/URINOUS	11.2744907399	0.400133973017
8082	AMMONIA/URINOUS	9.37265350877	0.339767486832
6943	AMMONIA/URINOUS	7.70652442796	0.284504769615
660	AMMONIA/URINOUS	3.68516080045	0.141974267968
170833	AMMONIA/URINOUS	8.62043649981	0.315092689813
11428	AMMONIA/URINOUS	7.47034662304	0.276491433454
7144	AMMONIA/URINOUS	3.28658713444	0.127142823381
15037	AMMONIA/URINOUS	6.94701540609	0.258576207023
11529	AMMONIA/URINOUS	3.38362391507	0.130765392283
14328	AMMONIA/URINOUS	2.96905210893	0.115235976187
7409	AMMONIA/URINOUS	10.5869687065	0.378645185703
6213	AMMONIA/URINOUS	5.85247996978	0.220398590073
7059	AMMONIA/URINOUS	7.09308869379	0.263598784864
261	AMMONIA/URINOUS	7.89751154838	0.290952186473
17617	AMMONIA/URINOUS	5.52192328915	0.208680276842
7335	AMMONIA/URINOUS	3.0764399093	0.119271803366
8697	AMMONIA/URINOUS	1.98437508137	0.0777999054692
263	AMMONIA/URINOUS	7.61530591425	0.281415082903
7654	AMMONIA/URINOUS	1.15601287976	0.0457059688792
957	AMMONIA/URINOUS	9.99427679276	0.359816844266
7136	AMMONIA/URINOUS	10.2480055096	0.367911573614
31249	AMMONIA/URINOUS	1.90293221099	0.0746688280399
1183	AMMONIA/URINOUS	1.50950544523	0.0594687751336
10430	AMMONIA/URINOUS	7.26699544081	0.269556128538
7915	AMMONIA/URINOUS	6.10959704895	0.229453011518
31244	AMMONIA/URINOUS	4.16686709314	0.159729571177
6501	AMMONIA/URINOUS	3.31624785085	0.128250914111
8125	AMMONIA/URINOUS	7.50806502759	0.27777418492
31265	AMMONIA/URINOUS	3.39617354453	0.131233343883
21057	AMMONIA/URINOUS	4.21108052328	0.161349941262
807	AMMONIA/URINOUS		
1068	AMMONIA/URINOUS	5.85429402964	0.220462657752
356	AMMONIA/URINOUS	8.09349068184	0.297537790707
875	AMMONIA/URINOUS	7.71317102928	0.28472963824
14257	AMMONIA/URINOUS	5.72895410164	0.216029798026
13204	AMMONIA/URINOUS	10.4376075809	0.373926842431
526618	AMMONIA/URINOUS	5.07598103597	0.192733008048
16324	AMMONIA/URINOUS	3.13089704828	0.1213148754
6106	AMMONIA/URINOUS	3.59826241564	0.138751499661
61918	AMMONIA/URINOUS	5.09156259242	0.193292899844
8122	AMMONIA/URINOUS	5.63830333329	0.21281594754
4133	AMMONIA/URINOUS	3.8177449944	0.146879729039
14514	AMMONIA/URINOUS	4.64623926287	0.1772145548
98330	AMMONIA/URINOUS	6.0142773199	0.226102480124
11583	AMMONIA/URINOUS	6.90371667442	0.257084145408
22310	AMMONIA/URINOUS	5.78992427779	0.218187681854
1551246	AMMONIA/URINOUS	4.9547845805	0.188371427124
6050	AMMONIA/URINOUS	6.23573540519	0.23387565779
31272	AMMONIA/URINOUS	2.42879623469	0.0947922289277
61052	AMMONIA/URINOUS	4.41065556397	0.168644669557
439570	AMMONIA/URINOUS	3.53516701466	0.136407718258
8091	AMMONIA/URINOUS	2.27204358902	0.0888168707325
61325	AMMONIA/URINOUS	3.98623653981	0.153093428892
220674	AMMONIA/URINOUS	5.1428747499	0.195135325719
15606	AMMONIA/URINOUS	3.26556818182	0.126357153053
7792	AMMONIA/URINOUS	3.67939342211	0.141760562502
7151	AMMONIA/URINOUS	4.78491915899	0.182238585817
61527	DECAYED	4.14923185926	0.159082824362
520191	DECAYED	5.22983147726	0.198252804178
1110	DECAYED	17.3709216712	0.574137298964
12178	DECAYED	4.81641467776	0.183377446971
1549026	DECAYED	3.37281708363	0.130362325313
8078	DECAYED	4.21996288441	0.161675280678
7820	DECAYED	4.89335411492	0.186156198799
521238	DECAYED	3.5719608178	0.137774871078
7122	DECAYED	3.14383630608	0.121799969556
9589	DECAYED	1.96327025031	0.0769890379821
24020	DECAYED	1.65003270539	0.0649122650441
33032	DECAYED	8.34654712306	0.305995945372
8914	DECAYED	2.66076963663	0.103598907441
8082	DECAYED	4.99912955108	0.189968663536
6943	DECAYED	5.04704690387	0.191692803175
660	DECAYED	3.05223732004	0.118363031738
170833	DECAYED	2.62965448877	0.102420146459
11428	DECAYED	5.35703282828	0.202802192842
7144	DECAYED	5.59823380143	0.211393263379
15037	DECAYED	2.52094801782	0.0982958491494
11529	DECAYED	2.19837279235	0.0860017745203
14328	DECAYED	4.26909132569	0.163473596729
7409	DECAYED	3.35722517731	0.129780622736
6213	DECAYED	5.09126738215	0.193282293864
7059	DECAYED	3.54261626628	0.136684598647
261	DECAYED	7.11534576131	0.264362572331
17617	DECAYED	5.78770483705	0.21810918257
7335	DECAYED	2.61096205962	0.101711633234
8697	DECAYED	5.23495291689	0.198436223859
263	DECAYED	2.8458202962	0.110593334585
7654	DECAYED	3.48786202928	0.134648408557
957	DECAYED	4.10206068753	0.157351666748
7136	DECAYED	3.23965358592	0.125388001294
31249	DECAYED	3.16023145654	0.122414433118
1183	DECAYED	0.811614126142	0.0322010780498
10430	DECAYED	9.48972847545	0.343567160403
7915	DECAYED	3.25044048062	0.125791473898
31244	DECAYED	2.99746427592	0.116304654202
6501	DECAYED	3.43772839116	0.13278194505
8125	DECAYED	8.59324557779	0.314192275288
31265	DECAYED	5.60835414587	0.211752711345
21057	DECAYED	2.19636746384	0.085925086539
807	DECAYED		
1068	DECAYED	14.9024737168	0.507265459519
356	DECAYED	6.91674282479	0.25753318047
875	DECAYED	8.00943762915	0.294717068712
14257	DECAYED	2.36870283253	0.0925038120579
13204	DECAYED	5.15295803782	0.195497130897
526618	DECAYED	13.4890276307	0.466779558659
16324	DECAYED	5.02640991691	0.190950478015
6106	DECAYED	3.28247306171	0.126989070708
61918	DECAYED	1.92626811594	0.0755665210958
8122	DECAYED	2.85122675073	0.110797272436
4133	DECAYED	1.5605286737	0.0614470470513
14514	DECAYED	2.47282932444	0.0964672190306
98330	DECAYED	13.0797760168	0.454758824412
11583	DECAYED	10.6663777105	0.381146463036
22310	DECAYED	2.95835627404	0.114833502224
1551246	DECAYED	2.26228977305	0.0884444089149
6050	DECAYED	2.38050235018	0.0929533774313
31272	DECAYED	4.49867899782	0.171851914823
61052	DECAYED	5.45760571536	0.206390044557
439570	DECAYED	5.24551960622	0.198814593873
8091	DECAYED	3.70947900529	0.142875066415
61325	DECAYED	3.42752369527	0.132401780338
220674	DECAYED	3.3270325452	0.128653643585
15606	DECAYED	3.34877334908	0.129465220786
7792	DECAYED	4.7460719978	0.180832800149
7151	DECAYED	6.66470860313	0.248821007819
61527	WOOD	6.80752715497	0.253764115813
520191	WOOD	5.91724297024	0.222684213062
1110	WOOD	2.98713665901	0.115916272193
12178	WOOD	1.91475384132	0.0751236407437
1549026	WOOD	3.17613198286	0.123010153565
8078	WOOD	2.93622296892	0.114000356627
7820	WOOD	5.97963627987	0.224883031179
521238	WOOD	3.65011241845	0.140675168471
7122	WOOD	2.02556966758	0.0793816137121
9589	WOOD	4.28581545709	0.164085332631
24020	WOOD	1.60526310764	0.0631797764479
33032	WOOD	2.46470692491	0.0961583649061
8914	WOOD	3.73002234523	0.143635667131
8082	WOOD	3.0436825366	0.11804170011
6943	WOOD	4.07087656543	0.156206248213
660	WOOD	3.73911896055	0.143972354182
170833	WOOD	1.30480192719	0.0515110738598
11428	WOOD	1.21520011249	0.0480173199744
7144	WOOD	7.15102944337	0.265586288895
15037	WOOD	2.85682951146	0.111008590515
11529	WOOD	1.14002378069	0.0450810895393
14328	WOOD	5.31163928981	0.201180166814
7409	WOOD	2.92213403372	0.113469814424
6213	WOOD	5.30517297951	0.200948975043
7059	WOOD	6.67911422527	0.249320342277
261	WOOD	2.45020399246	0.0956067598564
17617	WOOD	1.82335418731	0.0716043192954
7335	WOOD	4.154743083	0.159284967286
8697	WOOD	4.81604621414	0.183364128111
263	WOOD	3.27141560303	0.126575760102
7654	WOOD	3.42016709855	0.132127666749
957	WOOD	2.80175364555	0.108930216426
7136	WOOD	1.26116578354	0.0498104156882
31249	WOOD	1.89227813264	0.074258838693
1183	WOOD	4.44151180609	0.169769661394
10430	WOOD	1.49020364034	0.0587198628578
7915	WOOD	3.03902031288	0.11786655473
31244	WOOD	4.03775510204	0.154988817576
6501	WOOD	1.50151160484	0.0591586493537
8125	WOOD	2.30870340506	0.0902160916373
31265	WOOD	1.10732321084	0.0438024625564
21057	WOOD	5.95536504602	0.224028052708
807	WOOD		
1068	WOOD	6.28045514218	0.23544055897
356	WOOD	4.34674854131	0.1663122525
875	WOOD	5.80533419567	0.218732605778
14257	WOOD	2.97181656789	0.11533998523
13204	WOOD	3.46423450507	0.13376901192
526618	WOOD	6.07866881682	0.228366666839
16324	WOOD	2.02528284363	0.0793706055066
6106	WOOD	4.68967635539	0.178789828488
61918	WOOD	11.8424134872	0.417599436606
8122	WOOD	4.66510244328	0.177898825409
4133	WOOD	2.48390680661	0.0968883550548
14514	WOOD	4.75668947587	0.181217141127
98330	WOOD	4.99523561361	0.18982847301
11583	WOOD	1.25921728375	0.049734440083
22310	WOOD	5.00767776092	0.190276375814
1551246	WOOD	4.41999396135	0.168985219807
6050	WOOD	3.38426113725	0.130789156112
31272	WOOD	0.691758072532	0.0274789112089
61052	WOOD	1.17275264395	0.0463599662524
439570	WOOD	4.96121489759	0.188603134599
8091	WOOD	3.54158700233	0.136646344695
61325	WOOD	3.98731708353	0.153133204331
220674	WOOD	3.629719027	0.139918816994
15606	WOOD	1.13252184388	0.0447878314643
7792	WOOD	3.17838638716	0.123094599476
7151	WOOD	3.7269929241	0.143523526461
61527	GRASS	3.41902929167	0.132085267148
520191	GRASS	3.16721636216	0.122676150692
1110	GRASS	2.25651438077	0.0882238323707
12178	GRASS	3.50921822743	0.13544288407
1549026	GRASS	4.61564061693	0.176103969355
8078	GRASS	2.07583073141	0.081309599966
7820	GRASS	5.20121196952	0.1972274364
521238	GRASS	2.28163058676	0.0891828882165
7122	GRASS	2.45950926561	0.0959606962934
9589	GRASS	1.05860412019	0.0418959077343
24020	GRASS	2.02385077639	0.0793156422694
33032	GRASS	2.11756506951	0.0829089700508
8914	GRASS	5.53011214106	0.208971629525
8082	GRASS	1.92198188406	0.0754016696173
6943	GRASS	2.68033861583	0.104339858595
660	GRASS	2.57827561876	0.100472022684
170833	GRASS	4.63387832406	0.176766001633
11428	GRASS	2.47911397114	0.0967061564126
7144	GRASS	6.27681294138	0.235313165375
15037	GRASS	2.90784558695	0.112931597095
11529	GRASS	8.06932485215	0.296727392658
14328	GRASS	1.85146665373	0.0726874946411
7409	GRASS	1.73954925866	0.0683715576969
6213	GRASS	5.97688193554	0.224786030353
7059	GRASS	1.54670265313	0.0609111904862
261	GRASS	1.08586052673	0.0429627838356
17617	GRASS	2.84703151206	0.11063902511
7335	GRASS	3.72023359713	0.143273288678
8697	GRASS	2.68516741411	0.104522646948
263	GRASS	5.86378677224	0.220797872765
7654	GRASS	0.836485692882	0.0331795443895
957	GRASS	5.87288694016	0.221119157202
7136	GRASS	1.99959905145	0.0783846035114
31249	GRASS	4.66686173713	0.177962630096
1183	GRASS	3.39886213707	0.131333579952
10430	GRASS	2.10595836853	0.0824643104812
7915	GRASS	0.386122448979	0.0153852617409
31244	GRASS	2.44380952381	0.0953634989568
6501	GRASS	3.51574633554	0.135685664503
8125	GRASS	9.80182902311	0.353642820045
31265	GRASS	3.17264756218	0.122879625466
21057	GRASS	2.65165816326	0.103253810125
807	GRASS		
1068	GRASS	6.03612604043	0.226871114587
356	GRASS	0.987190763544	0.0390978123003
875	GRASS	2.50365623881	0.0976389317276
14257	GRASS	2.9323934361	0.113856164938
13204	GRASS	1.60116418199	0.0630210765845
526618	GRASS	3.5155829353	0.135679588062
16324	GRASS	4.44752328056	0.16998874589
6106	GRASS	3.13367359836	0.121418979846
61918	GRASS	6.49827747466	0.243040054931
8122	GRASS	4.3656775032	0.167003444103
4133	GRASS	2.87570093305	0.11172017498
14514	GRASS	2.62049426637	0.102072974575
98330	GRASS	4.69593817786	0.179016792966
11583	GRASS	2.72059615354	0.105863188769
22310	GRASS	5.93957173778	0.22347146454
1551246	GRASS	4.38808582722	0.167821314198
6050	GRASS	1.60007806873	0.062979022819
31272	GRASS	5.2158296029	0.197751232737
61052	GRASS	2.98234218342	0.115735941377
439570	GRASS	3.58425097181	0.138231296861
8091	GRASS	2.97605269042	0.11549935177
61325	GRASS	1.3103029927	0.051725362135
220674	GRASS	3.35118738405	0.129555312609
15606	GRASS	7.46827268991	0.276420868808
7792	GRASS	2.29032663765	0.089514827063
7151	GRASS	3.32693399704	0.128649963953
61527	FLOWER	4.37740285508	0.167431451901
520191	FLOWER	4.91860465398	0.187067117462
1110	FLOWER	2.95542192107	0.11472306935
12178	FLOWER	4.9141785868	0.186907482999
1549026	FLOWER	7.12888243731	0.26482691157
8078	FLOWER	10.1056684547	0.36337692422
7820	FLOWER	4.23474239529	0.16221647855
521238	FLOWER	9.62656844068	0.34799440965
7122	FLOWER	11.8501187793	0.41783462514
9589	FLOWER	1.73232981136	0.0680928058242
24020	FLOWER	9.31361027688	0.337847076519
33032	FLOWER	4.41925055433	0.168958111988
8914	FLOWER	4.7792875445	0.182034866007
8082	FLOWER	8.59999507185	0.31441583678
6943	FLOWER	3.42009545496	0.13212499703
660	FLOWER	2.5485905046	0.0993454947598
170833	FLOWER	7.24930720876	0.268951306348
11428	FLOWER	2.79060187125	0.108509091328
7144	FLOWER	7.80829860651	0.287944133409
15037	FLOWER	1.41643406084	0.0558548482542
11529	FLOWER	9.04082802865	0.328938492568
14328	FLOWER	9.92480676785	0.357591554962
7409	FLOWER	3.48103916399	0.134394513095
6213	FLOWER	1.87509221325	0.0735973002065
7059	FLOWER	2.1268796371	0.0832657386878
261	FLOWER	2.68930694859	0.104679329198
17617	FLOWER	4.80216891562	0.182862426107
7335	FLOWER	12.2747525048	0.430722280571
8697	FLOWER	4.73267288086	0.180347638195
263	FLOWER	5.94873653308	0.223794474787
7654	FLOWER	17.4454381654	0.576080201504
957	FLOWER	6.97736021889	0.259620986506
7136	FLOWER	9.46942259454	0.342908918072
31249	FLOWER	10.3890059065	0.37238765877
1183	FLOWER	13.7087001914	0.47317662328
10430	FLOWER	2.1239198334	0.0831523791526
7915	FLOWER	3.29202168441	0.127345904668
31244	FLOWER	6.91040550393	0.257314738466
6501	FLOWER	11.0953602702	0.394571602998
8125	FLOWER	9.3931592459	0.340433793589
31265	FLOWER	4.62398295365	0.176406830804
21057	FLOWER	1.71820942828	0.0675474796755
807	FLOWER		
1068	FLOWER	2.43701910949	0.0951051395237
356	FLOWER	8.78864673341	0.320649744775
875	FLOWER	3.04651824366	0.118148220383
14257	FLOWER	5.21225065988	0.197623003619
13204	FLOWER	0.781081780538	0.0309992357224
526618	FLOWER	1.69651793144	0.066709448021
16324	FLOWER	6.12736284907	0.230076683769
6106	FLOWER	3.6673533233	0.141314340773
61918	FLOWER	2.37130346662	0.0926029066124
8122	FLOWER	2.50857603861	0.0978258600477
4133	FLOWER	18.7879637624	0.610323517562
14514	FLOWER	2.62923550052	0.102404268294
98330	FLOWER	7.19837647232	0.267208409358
11583	FLOWER	5.27492836758	0.19986718699
22310	FLOWER	5.33149003461	0.201889686989
1551246	FLOWER	8.36965505388	0.306765751867
6050	FLOWER	8.27159923705	0.303496227907
31272	FLOWER	3.73345948579	0.143762891539
61052	FLOWER	15.7821985447	0.531656825426
439570	FLOWER	4.51311429231	0.172377291446
8091	FLOWER	7.11198160772	0.264247151353
61325	FLOWER	2.23215171095	0.0872930679337
220674	FLOWER	6.75465582003	0.251936082702
15606	FLOWER	9.31105396542	0.337763868238
7792	FLOWER	4.48480570092	0.171346835167
7151	FLOWER	3.2690590346	0.126487662595
61527	CHEMICAL	10.5655595962	0.377969964015
520191	CHEMICAL	14.2810906454	0.489663805807
1110	CHEMICAL	10.2539446306	0.368100433029
12178	CHEMICAL	24.3534325889	0.736901432012
1549026	CHEMICAL	12.5126460761	0.437879318315
8078	CHEMICAL	37.1633888889	0.934088566073
7820	CHEMICAL	7.93781179138	0.292308929241
521238	CHEMICAL	13.5413427318	0.468306524079
7122	CHEMICAL	15.2240014663	0.516251970393
9589	CHEMICAL	6.45201134214	0.241429073542
24020	CHEMICAL	25.4907807837	0.759719269363
33032	CHEMICAL	8.32488395358	0.305273881007
8914	CHEMICAL	29.3033585012	0.828659612268
8082	CHEMICAL	30.1379702096	0.842199909042
6943	CHEMICAL	36.2000514452	0.923824567954
660	CHEMICAL	15.4631008614	0.522881039155
170833	CHEMICAL	28.9594560464	0.822918204054
11428	CHEMICAL	24.0872547096	0.731411852606
7144	CHEMICAL	13.9455276341	0.480030008966
15037	CHEMICAL	6.27675050789	0.23531098154
11529	CHEMICAL	15.5386610689	0.524966447631
14328	CHEMICAL	8.88970796261	0.32397755544
7409	CHEMICAL	29.6240165631	0.833927719592
6213	CHEMICAL	11.3584946279	0.402733625033
7059	CHEMICAL	20.6239942466	0.654820114391
261	CHEMICAL	19.5321928502	0.628685090993
17617	CHEMICAL	13.2387443805	0.459444034112
7335	CHEMICAL	8.12646829494	0.298642937018
8697	CHEMICAL	21.3034788088	0.67060386861
263	CHEMICAL	13.7037104072	0.473031744719
7654	CHEMICAL	16.8264742068	0.559806874578
957	CHEMICAL	25.7373221837	0.764528986074
7136	CHEMICAL	11.0687736526	0.393743846036
31249	CHEMICAL	14.9029529537	0.507278915452
1183	CHEMICAL	18.3592871905	0.599546117161
10430	CHEMICAL	11.0236652177	0.392338130776
7915	CHEMICAL	17.4188944616	0.575388624758
31244	CHEMICAL	10.7196311733	0.382821049935
6501	CHEMICAL	12.1596045615	0.427241789224
8125	CHEMICAL	27.9100167374	0.804813055783
31265	CHEMICAL	20.8127481807	0.659241732494
21057	CHEMICAL	22.491791628	0.697319388866
807	CHEMICAL		
1068	CHEMICAL	16.2610308015	0.54467278297
356	CHEMICAL	28.6019805242	0.816849905006
875	CHEMICAL	10.8760714286	0.387727285255
14257	CHEMICAL	31.0703829488	0.856667839319
13204	CHEMICAL	11.9433810578	0.420677501877
526618	CHEMICAL	13.7178551888	0.47344238716
16324	CHEMICAL	15.4900742181	0.523626009012
6106	CHEMICAL	21.3554853398	0.671796711952
61918	CHEMICAL	13.6927605115	0.472713744291
8122	CHEMICAL	16.1843326478	0.54260025661
4133	CHEMICAL	33.3214515513	0.888730408658
14514	CHEMICAL	12.0510993516	0.423952375833
98330	CHEMICAL	11.8076863789	0.416538872107
11583	CHEMICAL	18.744949377	0.609248724222
22310	CHEMICAL	17.581675159	0.5796208858
1551246	CHEMICAL	18.2960646949	0.597944194468
6050	CHEMICAL	9.57445487173	0.346310120433
31272	CHEMICAL	16.038397658	0.538643826546
61052	CHEMICAL	10.8712700975	0.387576998486
439570	CHEMICAL	20.4508341829	0.650738719805
8091	CHEMICAL	18.2121208261	0.595812295049
61325	CHEMICAL	10.0755232955	0.362414463949
220674	CHEMICAL	20.5688163944	0.653522172628
15606	CHEMICAL	14.898288675	0.507147944823
7792	CHEMICAL	29.400192585	0.830259173786
7151	CHEMICAL	15.1754961203	0.514901571813
