#oID	descriptor	value	sigma
2879	INTENSITY/STRENGTH	60.6204081633	0.954882772178
16255	INTENSITY/STRENGTH	17.6714285714	0.581945387755
15606	INTENSITY/STRENGTH	39.3591836735	0.954709211162
11527	INTENSITY/STRENGTH	49.4408163265	0.999874925448
7151	INTENSITY/STRENGTH	75.0806122449	0.748385155768
5367698	INTENSITY/STRENGTH	32.7551020408	0.881045397751
641423	INTENSITY/STRENGTH	45.5857142857	0.992205632653
6943	INTENSITY/STRENGTH	69.4418367347	0.848805993753
61204	INTENSITY/STRENGTH	55.2918367347	0.988798585589
6137	INTENSITY/STRENGTH	50.3897959184	0.999939223657
660	INTENSITY/STRENGTH	66.5081632653	0.890992218242
8193	INTENSITY/STRENGTH	19.8387755102	0.636120214911
10882	INTENSITY/STRENGTH	60.0030612245	0.959975506456
11124	INTENSITY/STRENGTH	42.6510204082	0.978396999584
8363	INTENSITY/STRENGTH	8.23265306122	0.302195491878
8375	INTENSITY/STRENGTH	48.5489795918	0.99915781591
8785	INTENSITY/STRENGTH	55.7632653061	0.986713909204
31404	INTENSITY/STRENGTH	20.5765306123	0.653703779675
5780	INTENSITY/STRENGTH	16.0428571429	0.538764979592
6997	INTENSITY/STRENGTH	67.893877551	0.871923658475
24197	INTENSITY/STRENGTH	35.8591836735	0.920014925448
12580	INTENSITY/STRENGTH	61.0285714286	0.951348244898
7997	INTENSITY/STRENGTH	65.2326530612	0.907186512286
7601	INTENSITY/STRENGTH	28.9071428571	0.82203655102
650	INTENSITY/STRENGTH	27.4040816327	0.795769789255
6569	INTENSITY/STRENGTH	43.8081632653	0.98466446314
22386	INTENSITY/STRENGTH	60.5265306122	0.955676861308
14104	INTENSITY/STRENGTH	47.8173469388	0.998094410246
14296	INTENSITY/STRENGTH	61.7489795918	0.94478459142
244	INTENSITY/STRENGTH	66.7918367347	0.88721368763
24473	INTENSITY/STRENGTH	54.5775510204	0.991618410662
11525	INTENSITY/STRENGTH	59.7785714286	0.961751816326
61027	INTENSITY/STRENGTH	29.2448979592	0.82769029571
228769	INTENSITY/STRENGTH	21.8806122449	0.683720012911
62902	INTENSITY/STRENGTH	59.4316326531	0.964417722199
326	INTENSITY/STRENGTH	60.1795918367	0.958550364015
8180	INTENSITY/STRENGTH	26.4	0.777216
5280450	INTENSITY/STRENGTH	18.1	0.592956
8163	INTENSITY/STRENGTH	30.9020408163	0.854107182008
9256	INTENSITY/STRENGTH	38.4591836735	0.946723823407
24834	INTENSITY/STRENGTH	64.7357142857	0.913143489796
2682	INTENSITY/STRENGTH	12.7306122449	0.444397094544
520191	INTENSITY/STRENGTH	64.8	0.912384
16324	INTENSITY/STRENGTH	67.4734693878	0.877871147022
10400	INTENSITY/STRENGTH	52.0336734694	0.998345668888
8294	INTENSITY/STRENGTH	46.1714285714	0.994136816327
8918	INTENSITY/STRENGTH	23.1918367347	0.712528952937
14286	INTENSITY/STRENGTH	76.2081632653	0.725252871303
31272	INTENSITY/STRENGTH	70.4693877551	0.832401665973
7463	INTENSITY/STRENGTH	62.0795918367	0.941633384423
11980	INTENSITY/STRENGTH	66.4020408163	0.892389222824
6584	INTENSITY/STRENGTH	25.787755102	0.7655068788
61024	INTENSITY/STRENGTH	24.7040816326	0.744046605581
8186	INTENSITY/STRENGTH	44.3163265306	0.987078342357
31249	INTENSITY/STRENGTH	53.7693877551	0.994316686381
4133	INTENSITY/STRENGTH	53.1479591837	0.996036141191
519539	INTENSITY/STRENGTH	69.9387755102	0.840978092461
6998	INTENSITY/STRENGTH	51.9693877551	0.998448604748
1060	INTENSITY/STRENGTH	13.4040816327	0.46429550354
2879	VALENCE/PLEASANTNESS	44.4270225095	0.987576768756
16255	VALENCE/PLEASANTNESS	53.2106382979	0.995876720688
15606	VALENCE/PLEASANTNESS	56.670798244	0.982200180315
11527	VALENCE/PLEASANTNESS	40.2695141466	0.962127058023
10430	VALENCE/PLEASANTNESS	28.7222107947	0.818902274614
7151	VALENCE/PLEASANTNESS	40.0599027288	0.960477786495
5367698	VALENCE/PLEASANTNESS	48.3602504768	0.9989244886
641423	VALENCE/PLEASANTNESS	51.4365009757	0.999174585979
6943	VALENCE/PLEASANTNESS	44.3357607274	0.987166557385
61204	VALENCE/PLEASANTNESS	59.8144768252	0.961470417859
6137	VALENCE/PLEASANTNESS	30.2794480026	0.844439931567
660	VALENCE/PLEASANTNESS	54.097741815	0.993283404807
8193	VALENCE/PLEASANTNESS	39.5205116625	0.956072129674
10882	VALENCE/PLEASANTNESS	55.8464255629	0.986327723255
11124	VALENCE/PLEASANTNESS	39.1652820435	0.953043554722
8363	VALENCE/PLEASANTNESS	54.3916694874	0.992285295645
10448	VALENCE/PLEASANTNESS	29.7470059076	0.835926492118
8375	VALENCE/PLEASANTNESS	43.2689761543	0.981877327195
8785	VALENCE/PLEASANTNESS	52.2307331081	0.99800953192
31404	VALENCE/PLEASANTNESS	49.8579746444	0.999991931519
5780	VALENCE/PLEASANTNESS	52.6328465148	0.997227247692
7991	VALENCE/PLEASANTNESS	27.3255954622	0.794348551542
61653	VALENCE/PLEASANTNESS	28.9485673618	0.822734873551
6997	VALENCE/PLEASANTNESS	40.3631794047	0.962852675526
24197	VALENCE/PLEASANTNESS	56.1066018666	0.985083765457
12580	VALENCE/PLEASANTNESS	39.1739385835	0.953118557683
7997	VALENCE/PLEASANTNESS	43.0205784192	0.980515069759
7601	VALENCE/PLEASANTNESS	43.5808700715	0.983517908384
650	VALENCE/PLEASANTNESS	52.1900219746	0.9980815215
6569	VALENCE/PLEASANTNESS	40.1507710506	0.961197075641
22386	VALENCE/PLEASANTNESS	36.8925348132	0.93127774255
14104	VALENCE/PLEASANTNESS	54.4320951993	0.992142612858
14296	VALENCE/PLEASANTNESS	38.5108280027	0.947199570726
244	VALENCE/PLEASANTNESS	41.0573939292	0.968011918665
24473	VALENCE/PLEASANTNESS	61.0672219775	0.95100663908
11525	VALENCE/PLEASANTNESS	44.852630558	0.989401835131
61027	VALENCE/PLEASANTNESS	42.1752045257	0.975509030314
15380	VALENCE/PLEASANTNESS	21.9728146259	0.685790752002
228769	VALENCE/PLEASANTNESS	48.1744007432	0.998666874941
62902	VALENCE/PLEASANTNESS	59.4124136966	0.964562587362
326	VALENCE/PLEASANTNESS	46.6480366482	0.995505736675
8180	VALENCE/PLEASANTNESS	35.0710277081	0.910850314523
5280450	VALENCE/PLEASANTNESS	45.0086747103	0.990034668741
8163	VALENCE/PLEASANTNESS	43.5278519307	0.983244519748
9256	VALENCE/PLEASANTNESS	31.3817327922	0.861344050471
101010	VALENCE/PLEASANTNESS	35.5371350932	0.916330215475
27458	VALENCE/PLEASANTNESS	37.0913166557	0.933346357727
24834	VALENCE/PLEASANTNESS	63.2517565671	0.929756379155
2682	VALENCE/PLEASANTNESS	38.4911184978	0.947018258627
520191	VALENCE/PLEASANTNESS	42.6716073958	0.978517864735
16324	VALENCE/PLEASANTNESS	55.1306154685	0.989470713966
10400	VALENCE/PLEASANTNESS	43.116126755	0.981044915659
8294	VALENCE/PLEASANTNESS	45.739997773	0.99274095241
8918	VALENCE/PLEASANTNESS	48.0458344852	0.998472494856
14286	VALENCE/PLEASANTNESS	46.6594919753	0.995536402455
31272	VALENCE/PLEASANTNESS	56.370308041	0.983767670185
10285	VALENCE/PLEASANTNESS	33.2636847371	0.887958300569
7463	VALENCE/PLEASANTNESS	47.4316361803	0.997361402916
11980	VALENCE/PLEASANTNESS	45.616334984	0.992313392411
6584	VALENCE/PLEASANTNESS	38.6050160981	0.94806173675
61024	VALENCE/PLEASANTNESS	48.9539287277	0.999562293957
62725	VALENCE/PLEASANTNESS	30.9396552749	0.854681303584
61527	VALENCE/PLEASANTNESS	35.6738986633	0.917905128196
8186	VALENCE/PLEASANTNESS	39.2877251341	0.954098866879
31249	VALENCE/PLEASANTNESS	56.3490490574	0.983875830427
4133	VALENCE/PLEASANTNESS	48.5327997184	0.999138929333
519539	VALENCE/PLEASANTNESS	25.5509039485	0.760896680906
6998	VALENCE/PLEASANTNESS	53.2848620979	0.995683872399
1060	VALENCE/PLEASANTNESS	43.1380728729	0.981165582441
2879	BAKERY	2.48591794108	0.0969648024391
16255	BAKERY	1.47466653252	0.0581168047479
15606	BAKERY	2.73521076847	0.10641587956
11527	BAKERY	0.823359649078	0.0326632175184
10430	BAKERY	2.25813004352	0.0882855412232
7151	BAKERY	3.31039337474	0.128032253271
5367698	BAKERY	1.36156510748	0.0537210604824
641423	BAKERY	4.13339610069	0.158501858698
6943	BAKERY	2.6149279518	0.101861978795
61204	BAKERY	2.70413558627	0.105240483743
6137	BAKERY	4.78517344527	0.18224778385
660	BAKERY	6.38585662311	0.239122599
8193	BAKERY	3.29577490056	0.127486143144
10882	BAKERY	6.83753488533	0.25480064209
11124	BAKERY	0.697648552808	0.027711256711
8363	BAKERY	1.54382111936	0.0607994913149
10448	BAKERY	2.74514760422	0.106791570021
8375	BAKERY	4.83987113042	0.184225104193
8785	BAKERY	1.62008972461	0.0637537126981
31404	BAKERY	5.61977378117	0.212158208306
5780	BAKERY	7.10072276098	0.263860804948
7991	BAKERY	2.50534356591	0.0977030440832
61653	BAKERY	2.69745400433	0.104987656931
6997	BAKERY	2.23658193327	0.087462357833
24197	BAKERY	12.699551282	0.443470610176
12580	BAKERY	3.25149430377	0.125830886068
7997	BAKERY	3.41588097441	0.131967941844
7601	BAKERY	1.39451388889	0.055002687961
650	BAKERY	6.49326232703	0.242865510822
6569	BAKERY	2.44294082126	0.0953304489078
22386	BAKERY	2.73975177305	0.106587575011
14104	BAKERY	2.38779333966	0.0932311107732
14296	BAKERY	6.81780698632	0.254119282612
244	BAKERY	3.14032162113	0.121668216891
24473	BAKERY	1.6607163726	0.0653254633557
11525	BAKERY	1.46382971075	0.057696069461
61027	BAKERY	4.85639198723	0.184821862236
15380	BAKERY	2.1021658696	0.0823189942466
228769	BAKERY	1.92684440586	0.0755886844888
62902	BAKERY	4.25289233547	0.162880856132
326	BAKERY	4.40887174087	0.168579609624
8180	BAKERY	2.23931820081	0.0875669096304
5280450	BAKERY	4.01332242992	0.154090194426
8163	BAKERY	2.03454719722	0.0797261349698
9256	BAKERY	3.5749463916	0.137885758983
101010	BAKERY	2.27223686923	0.0888242506132
27458	BAKERY	8.54711744093	0.312663411018
24834	BAKERY	7.84325957127	0.28912369457
2682	BAKERY	3.65875337627	0.140995544544
520191	BAKERY	3.74413581366	0.14415801135
16324	BAKERY	2.72711098315	0.1061095856
10400	BAKERY	1.24189284352	0.049058794607
8294	BAKERY	2.2822478245	0.0892064509269
8918	BAKERY	1.11107270591	0.0439491152132
14286	BAKERY	4.68535093347	0.178633031991
31272	BAKERY	3.88022891963	0.149186686198
10285	BAKERY	5.82629432407	0.219473490743
7463	BAKERY	2.0949697181	0.082043229476
11980	BAKERY	3.4372665549	0.132764741648
6584	BAKERY	3.96890106066	0.152455172175
61024	BAKERY	1.74072570207	0.068416977695
62725	BAKERY	3.84194653595	0.147773640164
61527	BAKERY	2.80429374232	0.109026124336
8186	BAKERY	0.901340224031	0.0357286432814
31249	BAKERY	5.5425219027	0.209413056491
4133	BAKERY	2.11262166857	0.082719598617
519539	BAKERY	4.39230918535	0.167975415422
6998	BAKERY	5.52421568627	0.208761843872
1060	BAKERY	5.11958533758	0.194299351892
2879	SWEET	4.76621762167	0.1815619727
16255	SWEET	18.1644717458	0.59459965631
15606	SWEET	23.2397928099	0.713556524457
11527	SWEET	9.59720596491	0.347045693663
10430	SWEET	9.06973230448	0.329885274549
7151	SWEET	9.69905506577	0.350333534963
5367698	SWEET	12.4305426673	0.435414350289
641423	SWEET	15.968185506	0.536734240899
6943	SWEET	6.58364130021	0.246007918901
61204	SWEET	22.3555834211	0.694314492804
6137	SWEET	4.38457239442	0.167693105744
660	SWEET	16.8990301216	0.561730317243
8193	SWEET	9.89364198246	0.356592018628
10882	SWEET	38.6608814257	0.948569755983
11124	SWEET	11.297470631	0.400845688178
8363	SWEET	18.9043191533	0.613223453073
10448	SWEET	3.69262118306	0.142250666842
8375	SWEET	17.2016045654	0.569706102765
8785	SWEET	18.6781479384	0.607576633372
31404	SWEET	7.77806633797	0.286923327136
5780	SWEET	19.2202663151	0.621043197714
7991	SWEET	10.3767430588	0.371999003749
61653	SWEET	3.64766832958	0.140584539486
6997	SWEET	10.1552242297	0.364957537525
24197	SWEET	33.8155775076	0.895225787435
12580	SWEET	8.8295548723	0.321997779195
7997	SWEET	17.3021264424	0.572339625924
7601	SWEET	11.8275762548	0.417146426168
650	SWEET	9.60098315854	0.347167775297
6569	SWEET	16.7408386752	0.557531275188
22386	SWEET	10.7834942857	0.384826271823
14104	SWEET	19.995089607	0.639882140924
14296	SWEET	7.07278005443	0.262901515098
244	SWEET	10.6558392253	0.380814805173
24473	SWEET	19.1475226758	0.619249857183
11525	SWEET	4.96682942761	0.188805419279
61027	SWEET	10.6231720634	0.37978616866
15380	SWEET	1.71539883027	0.0674389159519
228769	SWEET	11.7905347973	0.416014707571
62902	SWEET	34.8941321167	0.908725102197
326	SWEET	26.2122200189	0.773656609428
8180	SWEET	3.02731090162	0.117426591547
5280450	SWEET	6.54185917483	0.244555998408
8163	SWEET	12.0417900211	0.42366971808
9256	SWEET	5.28213434002	0.200124996326
101010	SWEET	7.42631617198	0.274992578125
27458	SWEET	4.84046717172	0.184246637893
24834	SWEET	23.0621661247	0.709741242443
2682	SWEET	8.49501901019	0.310934621214
520191	SWEET	17.1828648125	0.569214255233
16324	SWEET	15.3219906437	0.518974266834
10400	SWEET	12.9513094278	0.450957810755
8294	SWEET	13.1240776017	0.456066538911
8918	SWEET	16.6103138553	0.554051543664
14286	SWEET	8.60001707229	0.314416565434
31272	SWEET	15.096162528	0.512688851892
10285	SWEET	12.6949744898	0.443334028673
7463	SWEET	2.80074569238	0.108892157122
11980	SWEET	15.2413552248	0.516734645356
6584	SWEET	6.3692447434	0.238542878295
61024	SWEET	18.5405569922	0.604121378256
62725	SWEET	6.15500523721	0.2310465737
61527	SWEET	17.2569334282	0.57115663659
8186	SWEET	7.57619856182	0.280088428614
31249	SWEET	30.7115984794	0.851183026712
4133	SWEET	17.5961403105	0.57999595089
519539	SWEET	4.33833741724	0.166005028071
6998	SWEET	23.1618984773	0.711886522664
1060	SWEET	13.8327038986	0.476770677086
2879	FRUIT	1.15241859296	0.0455655162729
16255	FRUIT	9.83726038055	0.354781738504
15606	FRUIT	14.9864919369	0.509621701246
11527	FRUIT	3.35834982739	0.12982258767
10430	FRUIT	3.74290118611	0.144112323729
7151	FRUIT	2.91437130287	0.113177428078
5367698	FRUIT	9.82346736216	0.35433849008
641423	FRUIT	7.96751422091	0.293308055692
6943	FRUIT	2.18696375369	0.0855654259637
61204	FRUIT	15.8411201965	0.533268372227
6137	FRUIT	1.82339923432	0.0716060554657
660	FRUIT	1.75158717728	0.0688362640355
8193	FRUIT	2.3386251212	0.0913573378649
10882	FRUIT	28.0763895232	0.807742121464
11124	FRUIT	4.34231898569	0.166150465758
8363	FRUIT	2.87292300937	0.111615445728
10448	FRUIT	1.92267288515	0.0754282469966
8375	FRUIT	9.69779385889	0.350292872064
8785	FRUIT	11.7603439593	0.415091482356
31404	FRUIT	3.12019267052	0.1209134659
5780	FRUIT	1.66043334593	0.0653145182787
7991	FRUIT	3.46632610729	0.133846877619
61653	FRUIT	0.911383021475	0.0361230732543
6997	FRUIT	5.21234003424	0.197626205917
24197	FRUIT	10.8918765847	0.388221873174
12580	FRUIT	2.92934979179	0.11374155559
7997	FRUIT	10.0561157299	0.361794443768
7601	FRUIT	1.8187679815	0.0714275524718
650	FRUIT	2.62013356067	0.102059302477
6569	FRUIT	2.9444777692	0.114311131035
22386	FRUIT	2.45259144415	0.0956975758493
14104	FRUIT	0.633308353606	0.0251719023559
14296	FRUIT	0.164685762345	0.00657658193369
244	FRUIT	1.75903925113	0.0691238824106
24473	FRUIT	3.99603607997	0.153454121458
11525	FRUIT	1.50477280166	0.0592851755924
61027	FRUIT	8.62310766888	0.315181112408
15380	FRUIT	3.05987302635	0.118649791879
228769	FRUIT	7.90329892639	0.291147103488
62902	FRUIT	17.0388085637	0.565423943639
326	FRUIT	8.14007939941	0.299098818925
8180	FRUIT	1.23387855823	0.0487461598108
5280450	FRUIT	2.52916264499	0.0986078403255
8163	FRUIT	6.61700315797	0.247166234002
9256	FRUIT	0.943467351395	0.0373826417986
101010	FRUIT	5.68784575296	0.214573194395
27458	FRUIT	0.37414178858	0.014909678712
24834	FRUIT	6.94328126918	0.258447588854
2682	FRUIT	3.61155038272	0.139244696842
520191	FRUIT	4.77200031852	0.181771217925
16324	FRUIT	14.7551136179	0.503119193566
10400	FRUIT	1.88176766556	0.0738542868037
8294	FRUIT	11.8784228224	0.418698141398
8918	FRUIT	10.4577170507	0.374563143661
14286	FRUIT	0.831584629689	0.032986771989
31272	FRUIT	10.5093351006	0.376194954322
10285	FRUIT	4.30384848669	0.164744694749
7463	FRUIT	2.39397632463	0.0934666039282
11980	FRUIT	7.79081188764	0.287353775558
6584	FRUIT	4.24273101705	0.162508934089
61024	FRUIT	9.81943847888	0.354208990339
62725	FRUIT	2.54958623616	0.099383293456
61527	FRUIT	2.49907218816	0.0974647428059
8186	FRUIT	1.82289809202	0.0715867406993
31249	FRUIT	19.7342615505	0.633594030442
4133	FRUIT	8.8908048433	0.324013629427
519539	FRUIT	1.10151396989	0.0435752255853
6998	FRUIT	3.26433566257	0.126311071576
1060	FRUIT	4.90449540069	0.186558185973
2879	FISH	4.87337098721	0.185434941577
16255	FISH	1.25681065695	0.0496405970672
15606	FISH	0.496672992941	0.0197682460929
11527	FISH	0.198898516077	0.0079401163952
10430	FISH	0.985959176829	0.0390495208738
7151	FISH	0.649969455679	0.0258297941098
5367698	FISH	0.722383098467	0.0286865890023
641423	FISH	0.639845797079	0.0254300708256
6943	FISH	2.25925626692	0.0883285551248
61204	FISH	0.67874138557	0.0269653794754
6137	FISH	5.69477125851	0.214818682466
660	FISH	0.905369385598	0.0358868979342
8193	FISH	0.467304392527	0.018604826343
10882	FISH	0.71483155621	0.0283888685869
11124	FISH	1.43916062802	0.0567379517955
8363	FISH	1.31310824122	0.0518346283475
10448	FISH	9.51440281195	0.344366568131
8375	FISH	1.77551138451	0.0697594791099
8785	FISH	1.0139395738	0.0401463535684
31404	FISH	0.135746633166	0.00542249446729
5780	FISH	1.38677008576	0.0547015509222
7991	FISH	2.65179214488	0.103258885164
61653	FISH	2.73664949414	0.106470279584
6997	FISH	1.10312435371	0.0436382208127
24197	FISH	0.796260256714	0.03159679811
12580	FISH	1.68420059477	0.0662334111336
7997	FISH	1.70214181401	0.0669267578582
7601	FISH	0.548992346939	0.0218391368388
650	FISH	0.627826086956	0.0249553772401
6569	FISH	0.545277503294	0.0216921691095
22386	FISH	0.655557390875	0.0260503934379
14104	FISH	0.522649264824	0.0207967056914
14296	FISH	1.14033924401	0.045093420324
244	FISH	0.579659123401	0.0230519630563
24473	FISH	0.64790013681	0.0257480956375
11525	FISH	0.635405674591	0.0252547308351
61027	FISH	2.8048902307	0.109048645546
15380	FISH	9.65599489794	0.34894450093
228769	FISH	1.09714912523	0.043404470528
62902	FISH	0.448094196703	0.0178434525045
326	FISH	1.14678402622	0.0453453156077
8180	FISH	0.856695285465	0.0339742406937
5280450	FISH	1.17939348855	0.0466193519417
8163	FISH	1.05177790055	0.0416286213211
9256	FISH	3.00660792852	0.116648440647
101010	FISH	6.14625107703	0.23073948216
27458	FISH	1.28485413769	0.0507338254457
24834	FISH	0.144163725948	0.00575823576595
2682	FISH	3.39483914926	0.131183592831
520191	FISH	0.944501443781	0.0374232245603
16324	FISH	1.12905348998	0.0446522348858
10400	FISH	0.0659697654407	0.00263704981365
8294	FISH	0.575893476752	0.0229030777515
8918	FISH	0.256389236048	0.0102292752658
14286	FISH	0.260654216118	0.0103989923966
31272	FISH	1.08798476479	0.0430459062523
10285	FISH	0.311214539007	0.0124098397646
7463	FISH	2.26530521931	0.0885595656777
11980	FISH	2.07634555399	0.0813293378158
6584	FISH	1.44212561691	0.0568531341585
61024	FISH	0.552136459375	0.0219635165071
62725	FISH	2.07581999973	0.0813091885205
61527	FISH	1.03873254396	0.0411177156392
8186	FISH	1.50780672158	0.0594028764192
31249	FISH	0.95116217883	0.037684603357
4133	FISH	1.41949549006	0.0559738326237
519539	FISH	1.29972950255	0.0513134613901
6998	FISH	1.02537805994	0.0405945623311
1060	FISH	0.462585034014	0.0184178073951
2879	GARLIC	1.06508767844	0.0421497424326
16255	GARLIC	2.41662912158	0.0943291263387
15606	GARLIC	1.9737481379	0.0773916528311
11527	GARLIC	2.34870873094	0.0917417761566
10430	GARLIC	2.8242688943	0.109780157857
7151	GARLIC	2.01789785383	0.0790871494538
5367698	GARLIC	1.27795679372	0.0504650023221
641423	GARLIC	2.13298252635	0.0834994552708
6943	GARLIC	1.25783634325	0.0496805928236
61204	GARLIC	0.639562484801	0.0254188833233
6137	GARLIC	5.87835739067	0.221312261382
660	GARLIC	1.06267113559	0.0420551374467
8193	GARLIC	1.896754328	0.0744311023278
10882	GARLIC	1.60871376812	0.0633133667295
11124	GARLIC	5.70107321028	0.215042034111
8363	GARLIC	0.693933982684	0.0275647415584
10448	GARLIC	6.86074489796	0.255601867696
8375	GARLIC	1.88459955466	0.0739632959939
8785	GARLIC	1.42519960948	0.0561955068085
31404	GARLIC	3.37077387901	0.130286108543
5780	GARLIC	3.63115068352	0.139971925226
7991	GARLIC	2.88012514709	0.111886957539
61653	GARLIC	10.3986644977	0.372693690573
6997	GARLIC	0.937084970279	0.0371321475146
24197	GARLIC	2.32007055744	0.0906497313411
12580	GARLIC	1.58598378887	0.0624332137235
7997	GARLIC	1.09253028501	0.0432237624309
7601	GARLIC	3.06815729483	0.118960856119
650	GARLIC	7.8779775994	0.290294091553
6569	GARLIC	5.87432156024	0.221169800892
22386	GARLIC	0.730186635174	0.0289941963981
14104	GARLIC	2.57124918466	0.100205438439
14296	GARLIC	2.28767074653	0.0894134548833
244	GARLIC	1.61005430486	0.0633652622487
24473	GARLIC	0.722543056021	0.0286928948537
11525	GARLIC	1.11181014793	0.0439779571953
61027	GARLIC	3.19968632603	0.123892256007
15380	GARLIC	22.3743158627	0.694728630378
228769	GARLIC	2.92532827757	0.11359011289
62902	GARLIC	0.708298345411	0.028131259198
326	GARLIC	1.71357306012	0.0673683893518
8180	GARLIC	2.87113189818	0.111547916576
5280450	GARLIC	2.34161708363	0.0914714151187
8163	GARLIC	2.40975047806	0.0940672601759
9256	GARLIC	11.2202760892	0.398453205359
101010	GARLIC	6.56692907801	0.245427340114
27458	GARLIC	2.33829839866	0.091344880186
24834	GARLIC	0.637429207205	0.0253346418905
2682	GARLIC	2.89083140611	0.112290493757
520191	GARLIC	6.68910421315	0.249666522456
16324	GARLIC	3.10639039604	0.120395751325
10400	GARLIC	0.795089934308	0.0315507301709
8294	GARLIC	1.21822117271	0.048135221778
8918	GARLIC	2.47581432904	0.0965807105247
14286	GARLIC	1.87186731341	0.0734731376407
31272	GARLIC	0.564234872668	0.0224420505101
10285	GARLIC	0.910610993749	0.0360927547972
7463	GARLIC	1.76514378479	0.069359458359
11980	GARLIC	2.06653684909	0.0809532441441
6584	GARLIC	10.1196870872	0.363824256789
61024	GARLIC	2.45922378717	0.0959498388327
62725	GARLIC	6.88760207332	0.256528458005
61527	GARLIC	2.77696969615	0.107994163569
8186	GARLIC	1.79078715353	0.0703487186894
31249	GARLIC	1.16358114748	0.0460016774645
4133	GARLIC	1.20043316607	0.0474409107282
519539	GARLIC	4.42874607142	0.169304326151
6998	GARLIC	1.38275742923	0.0545454899259
1060	GARLIC	7.16029353099	0.26590381986
2879	SPICES	7.07119712996	0.262847153658
16255	SPICES	5.23907365392	0.198583789056
15606	SPICES	4.66398974015	0.177858469487
11527	SPICES	4.78547235271	0.182258595853
10430	SPICES	5.26814513073	0.199624463982
7151	SPICES	5.57870327032	0.210699358741
5367698	SPICES	4.62637774259	0.176493761297
641423	SPICES	5.15095378653	0.195425221497
6943	SPICES	12.8057529039	0.446635193183
61204	SPICES	5.52239722008	0.208697140381
6137	SPICES	5.66986507936	0.213935655167
660	SPICES	7.00418470181	0.260543946737
8193	SPICES	3.43609550291	0.132721119194
10882	SPICES	4.99300543388	0.18974817605
11124	SPICES	3.13122998352	0.121327358857
8363	SPICES	5.72801728048	0.215996618433
10448	SPICES	9.64683618152	0.348648867936
8375	SPICES	6.34798338665	0.237800578235
8785	SPICES	5.44187641928	0.205829449186
31404	SPICES	5.39154610028	0.204034336271
5780	SPICES	9.95900651927	0.35868753643
7991	SPICES	5.14113956412	0.195073056158
61653	SPICES	10.6301653817	0.380006448851
6997	SPICES	6.47067210116	0.24207904507
24197	SPICES	5.80105471558	0.218581294298
12580	SPICES	11.9288836656	0.420236040421
7997	SPICES	2.6927440176	0.104809412566
7601	SPICES	4.7764206008	0.18193114653
650	SPICES	4.28664390935	0.164115629972
6569	SPICES	4.22015285322	0.161682238087
22386	SPICES	2.71860687741	0.105787945755
14104	SPICES	15.8382047778	0.533188698879
14296	SPICES	7.15397294112	0.265687186108
244	SPICES	6.5975412088	0.246490628351
24473	SPICES	9.68169650664	0.349773761367
11525	SPICES	7.2361391869	0.268500883343
61027	SPICES	4.72177908067	0.179953084152
15380	SPICES	12.1674861111	0.427480357139
228769	SPICES	5.1572886808	0.195652496617
62902	SPICES	5.44159034125	0.205819251473
326	SPICES	11.8060827692	0.416489874626
8180	SPICES	2.88307704914	0.111998228657
5280450	SPICES	4.52877183457	0.172946963651
8163	SPICES	3.86904577062	0.148774024755
9256	SPICES	12.1374055668	0.426569577115
101010	SPICES	8.15971685782	0.299756282633
27458	SPICES	5.48636666652	0.207414578981
24834	SPICES	5.70413016423	0.215150366197
2682	SPICES	4.84597606691	0.18444564906
520191	SPICES	8.76601686006	0.319903453766
16324	SPICES	4.24887606635	0.162733863523
10400	SPICES	2.48603558221	0.0969692741221
8294	SPICES	3.07395304139	0.119178446735
8918	SPICES	3.67727675935	0.141682124628
14286	SPICES	4.53690582564	0.173242827237
31272	SPICES	4.06119516262	0.155850484045
10285	SPICES	6.11469853215	0.22963212603
7463	SPICES	22.7962937232	0.703983345922
11980	SPICES	5.72626695912	0.21593462505
6584	SPICES	5.85139734957	0.220360353606
61024	SPICES	4.25744040382	0.163047296636
62725	SPICES	9.34571976594	0.33889179946
61527	SPICES	8.26432092134	0.303253236737
8186	SPICES	2.8257052105	0.109834364445
31249	SPICES	4.99050495261	0.189658142232
4133	SPICES	7.29203690943	0.270411955462
519539	SPICES	10.1711219168	0.365464188253
6998	SPICES	4.96024839978	0.188568310316
1060	SPICES	5.73038833389	0.216080593173
2879	COLD	4.64302830917	0.177098047615
16255	COLD	3.503974393	0.135247841101
15606	COLD	3.58104422802	0.138112218016
11527	COLD	6.25226581384	0.234454301431
10430	COLD	1.78901891134	0.0702805209875
7151	COLD	3.5566071326	0.137204503586
5367698	COLD	5.11201203228	0.194027414484
641423	COLD	2.78918772831	0.108455681859
6943	COLD	5.74245724945	0.216507963873
61204	COLD	4.24625142013	0.162637796356
6137	COLD	4.89893611864	0.186357614708
660	COLD	3.30054681556	0.12766442891
8193	COLD	7.41405333579	0.274574858685
10882	COLD	3.94104409221	0.151429032274
11124	COLD	3.59335144927	0.138569188116
8363	COLD	4.39422507759	0.16804531749
10448	COLD	2.44685619907	0.0954794058592
8375	COLD	3.70211469862	0.142602326648
8785	COLD	6.34866034457	0.237824218515
31404	COLD	6.67312069262	0.249112611794
5780	COLD	5.66557949522	0.213783663402
7991	COLD	2.0239516133	0.0793195124789
61653	COLD	2.80975256648	0.109232218865
6997	COLD	6.0779416412	0.22834111581
24197	COLD	3.22100812691	0.124690367735
12580	COLD	4.75846363076	0.18128135478
7997	COLD	4.27944898201	0.163852485844
7601	COLD	3.89738593242	0.149819590454
650	COLD	4.60623389597	0.175762399557
6569	COLD	5.33057452957	0.201856971257
22386	COLD	3.50726234209	0.135370138029
14104	COLD	3.88998597545	0.149546642662
14296	COLD	6.48342415384	0.24252305065
244	COLD	2.63566222422	0.102647802825
24473	COLD	14.0250914463	0.482322381822
11525	COLD	10.7708504042	0.384429528796
61027	COLD	4.70072068922	0.179190117569
15380	COLD	3.06306055756	0.118769486311
228769	COLD	3.76681070331	0.144996882983
62902	COLD	3.55228145236	0.137043776688
326	COLD	5.99088045434	0.225278958726
8180	COLD	4.06305796696	0.155918942661
5280450	COLD	5.09293053866	0.193342044958
8163	COLD	6.32487387614	0.236993343226
9256	COLD	1.36928451171	0.0540214044388
101010	COLD	6.60514154235	0.246754503776
27458	COLD	3.91014703173	0.150290181345
24834	COLD	6.61810098133	0.247204335014
2682	COLD	6.65193415601	0.248378075034
520191	COLD	3.72157907673	0.143323102739
16324	COLD	3.09701883702	0.12004414321
10400	COLD	9.39845664265	0.3406058708
8294	COLD	5.11155964695	0.194011169068
8918	COLD	4.9364289629	0.187709826154
14286	COLD	5.09920498036	0.193567442642
31272	COLD	6.3247615935	0.236989420054
10285	COLD	4.52371968122	0.172763171347
7463	COLD	7.64530303913	0.282431858141
11980	COLD	5.25857518016	0.199281962036
6584	COLD	5.46008659233	0.206478445455
61024	COLD	3.04504411969	0.118092847311
62725	COLD	1.97672971362	0.0775062044007
61527	COLD	3.52326319212	0.135965174276
8186	COLD	5.05924984144	0.192131590074
31249	COLD	4.82392031595	0.183648729752
4133	COLD	4.80571264224	0.18299055609
519539	COLD	2.63189463285	0.102505037571
6998	COLD	4.35183145215	0.166497883291
1060	COLD	2.31650287494	0.0905136407699
2879	SOUR	6.3670733831	0.238467085938
16255	SOUR	5.56082281295	0.210063812375
15606	SOUR	7.76284722545	0.2864091702
11527	SOUR	6.48819158758	0.242689011473
10430	SOUR	5.10125361568	0.193641029247
7151	SOUR	11.5931517956	0.409965604402
5367698	SOUR	5.00694857464	0.190250129374
641423	SOUR	7.96503140564	0.293224566108
6943	SOUR	4.2534605921	0.16290165288
61204	SOUR	4.82164390321	0.183566456157
6137	SOUR	12.4569405713	0.436207475492
660	SOUR	4.13454156668	0.158543889081
8193	SOUR	10.3562995181	0.37135080484
10882	SOUR	10.992160537	0.39135538417
11124	SOUR	15.2553674067	0.517124202384
8363	SOUR	4.37903544433	0.167491037204
10448	SOUR	16.7830949434	0.558654887383
8375	SOUR	4.72775601315	0.180169569758
8785	SOUR	7.8003149942	0.287674634164
31404	SOUR	4.32149910261	0.165389822307
5780	SOUR	12.0805725624	0.424846809121
7991	SOUR	18.9895617806	0.615341088577
61653	SOUR	10.7996170497	0.38533199062
6997	SOUR	6.62810332357	0.247551431476
24197	SOUR	8.44899130601	0.309405470605
12580	SOUR	6.30466398607	0.236287044252
7997	SOUR	7.13845179378	0.265155074146
7601	SOUR	8.15675255965	0.299657057458
650	SOUR	13.3705594654	0.463313634449
6569	SOUR	16.5920496341	0.553563540941
22386	SOUR	5.93229944227	0.223215107022
14104	SOUR	4.08951507586	0.156890949612
14296	SOUR	5.99322988908	0.225361673762
244	SOUR	6.32008960386	0.236826171114
24473	SOUR	5.12757430446	0.194586164879
11525	SOUR	5.01274735977	0.190458839954
61027	SOUR	9.41819015353	0.341246683834
15380	SOUR	14.3493136367	0.491611424729
228769	SOUR	5.5850058096	0.210923316427
62902	SOUR	8.58016538609	0.313758920222
326	SOUR	3.68899845722	0.142116454442
8180	SOUR	10.6231382979	0.379785104997
5280450	SOUR	9.74511169968	0.351817587171
8163	SOUR	8.61664469993	0.314967161643
9256	SOUR	13.6083853774	0.470260154063
101010	SOUR	13.0628343082	0.454258316264
27458	SOUR	6.15996705847	0.231220604674
24834	SOUR	3.96341803495	0.15225324839
2682	SOUR	7.37720904354	0.273319076433
520191	SOUR	7.65957192667	0.282915260227
16324	SOUR	8.2967470322	0.304335476762
10400	SOUR	6.0757993873	0.228265840214
8294	SOUR	10.0811698916	0.362594801111
8918	SOUR	7.0521418137	0.262192590884
14286	SOUR	4.42276431048	0.169086234761
31272	SOUR	6.72564008186	0.25093190947
10285	SOUR	5.97759251682	0.224811055754
7463	SOUR	6.26506503589	0.234902185474
11980	SOUR	6.91944555359	0.257626331436
6584	SOUR	18.5880874038	0.605316698818
61024	SOUR	6.75732815819	0.252028532793
62725	SOUR	11.4107029257	0.404346460524
61527	SOUR	8.90772552501	0.324569991389
8186	SOUR	10.6188782824	0.379650900905
31249	SOUR	15.2045791717	0.515711475752
4133	SOUR	8.2966876931	0.304333497053
519539	SOUR	9.84761401121	0.355114359763
6998	SOUR	5.79806618777	0.218475618904
1060	SOUR	11.4680437117	0.406115337838
2879	BURNT	9.15669045386	0.332729626127
16255	BURNT	0.695469092729	0.0276252928056
15606	BURNT	1.37090696466	0.054084524224
11527	BURNT	5.30482981416	0.200936704823
10430	BURNT	4.42471807226	0.169157470883
7151	BURNT	8.88449886613	0.323806226604
5367698	BURNT	3.76346810482	0.144873247322
641423	BURNT	3.06554045894	0.118862603035
6943	BURNT	4.85461567203	0.184757709552
61204	BURNT	3.34509160595	0.129327809097
6137	BURNT	6.96481833218	0.259189255527
660	BURNT	4.7867026236	0.182303096141
8193	BURNT	6.88233376615	0.256346743418
10882	BURNT	1.18406208827	0.0468016823194
11124	BURNT	6.4745890999	0.242215442391
8363	BURNT	3.02902180421	0.117490882932
10448	BURNT	6.77742091837	0.252723463013
8375	BURNT	7.06458218218	0.262619958724
8785	BURNT	4.6879722674	0.178728057104
31404	BURNT	6.59026893976	0.246238099711
5780	BURNT	9.13896626411	0.332150368814
7991	BURNT	4.03233092163	0.1547893598
61653	BURNT	9.94482830521	0.3582332882
6997	BURNT	9.11722979437	0.331439640125
24197	BURNT	3.54340621066	0.136713957397
12580	BURNT	6.96314791388	0.259131745007
7997	BURNT	3.76339975846	0.144870719241
7601	BURNT	2.99911948096	0.116366892174
650	BURNT	8.42216861627	0.30851357497
6569	BURNT	4.32415677716	0.165486938353
22386	BURNT	3.23230010129	0.125112898474
14104	BURNT	7.2060034077	0.267469542263
14296	BURNT	8.48428703642	0.31057823085
244	BURNT	7.81946146736	0.288320867639
24473	BURNT	3.38099989662	0.130667531745
11525	BURNT	8.43837359314	0.309052484167
61027	BURNT	5.32168757191	0.201539359431
15380	BURNT	6.09208520762	0.228838007434
228769	BURNT	2.88148677186	0.111938284468
62902	BURNT	4.01926186649	0.154308688279
326	BURNT	5.79454684989	0.218351164717
8180	BURNT	8.54534161491	0.31260451927
5280450	BURNT	5.89682467884	0.221963970636
8163	BURNT	4.46465634069	0.170612991131
9256	BURNT	8.52938455031	0.31207522169
101010	BURNT	10.0119169331	0.360381285054
27458	BURNT	13.0654037883	0.454334241072
24834	BURNT	3.56030783704	0.137341996724
2682	BURNT	8.26891198423	0.303406517208
520191	BURNT	9.15862692668	0.332792898194
16324	BURNT	2.28210129684	0.0892008573419
10400	BURNT	2.43822904749	0.0951511775445
8294	BURNT	2.31846824667	0.0905886118624
8918	BURNT	2.35696894614	0.0920566368005
14286	BURNT	10.1545395081	0.364935711276
31272	BURNT	3.31448983583	0.128185256284
10285	BURNT	6.2627873731	0.234822492652
7463	BURNT	4.63464225406	0.176793726633
11980	BURNT	5.49347006556	0.207667517278
6584	BURNT	4.08165819769	0.156602354451
61024	BURNT	2.42126771757	0.0945056937589
62725	BURNT	28.326876294	0.81211028353
61527	BURNT	12.340427028	0.432702625427
8186	BURNT	5.8089343927	0.218859888196
31249	BURNT	4.99301863088	0.189748651216
4133	BURNT	5.37607148007	0.203482001379
519539	BURNT	16.4836738301	0.550662352029
6998	BURNT	2.67211903668	0.104028673409
1060	BURNT	5.79913295463	0.218513340975
2879	ACID	7.45706307923	0.276039407262
16255	ACID	4.29471959773	0.16441093734
15606	ACID	5.1413803598	0.19508169759
11527	ACID	8.728344419	0.318660178241
10430	ACID	4.4685059904	0.170753221302
7151	ACID	7.76475889603	0.286473763556
5367698	ACID	5.0366541058	0.191319010399
641423	ACID	4.50793055145	0.172188646915
6943	ACID	9.53649117007	0.345081781268
61204	ACID	3.0954890495	0.119986740998
6137	ACID	6.9641805555	0.259167297896
660	ACID	3.06116025998	0.118698129544
8193	ACID	9.17843612902	0.333439969251
10882	ACID	2.92063704038	0.113413433327
11124	ACID	8.56310501473	0.313193493592
8363	ACID	5.42140518296	0.205099553655
10448	ACID	4.92600319883	0.187333924947
8375	ACID	5.74083134196	0.21645039588
8785	ACID	5.10954712322	0.193938896207
31404	ACID	11.3392591547	0.402138846918
5780	ACID	8.99254997397	0.327355616945
7991	ACID	5.91167379696	0.222487797046
61653	ACID	6.78262118765	0.252903267436
6997	ACID	6.89001307741	0.256611611014
24197	ACID	6.79815416212	0.25344020648
12580	ACID	8.90850754337	0.324595699075
7997	ACID	10.398165384	0.372677878017
7601	ACID	4.59772871015	0.175453504689
650	ACID	6.16953150109	0.231556012466
6569	ACID	7.75406728707	0.286112467686
22386	ACID	9.62896465172	0.348071801963
14104	ACID	7.87518416312	0.290199956284
14296	ACID	7.36443015039	0.27288327344
244	ACID	6.74680669459	0.251664507554
24473	ACID	5.06270841497	0.192255930001
11525	ACID	11.1901405775	0.397517924642
61027	ACID	3.97794829533	0.152788302757
15380	ACID	5.54973691526	0.209669644679
228769	ACID	5.98380801646	0.225029937307
62902	ACID	4.73193517077	0.180320922646
326	ACID	7.77363872208	0.286773765291
8180	ACID	11.6500440509	0.411712351482
5280450	ACID	8.12100253723	0.298459828605
8163	ACID	8.23791618219	0.302371342078
9256	ACID	4.40471034358	0.168427824459
101010	ACID	6.34318211109	0.237632900726
27458	ACID	6.68184323093	0.249414917652
24834	ACID	6.01759772109	0.22621931591
2682	ACID	8.94736663038	0.325872517368
520191	ACID	6.7219529228	0.250804256473
16324	ACID	5.56975476396	0.210381323306
10400	ACID	10.3365755024	0.370725102849
8294	ACID	4.45436718179	0.170238132476
8918	ACID	5.3603917927	0.20292215164
14286	ACID	6.17385074321	0.231707456529
31272	ACID	9.83762875786	0.354793574484
10285	ACID	11.8732556568	0.418540546317
7463	ACID	8.17642792185	0.30031552745
11980	ACID	6.99649433315	0.260279400145
6584	ACID	6.28545362352	0.23561537404
61024	ACID	5.5995057608	0.211438444526
62725	ACID	6.93222491124	0.258066699562
61527	ACID	9.34437945799	0.338848207338
8186	ACID	8.83233342683	0.322089291568
31249	ACID	6.55281636529	0.244936893685
4133	ACID	4.35069223862	0.166456280363
519539	ACID	8.23453337135	0.302258318917
6998	ACID	2.98551779171	0.115855385074
1060	ACID	5.31740705614	0.201386355125
2879	WARM	4.46782386491	0.170728374561
16255	WARM	5.34074690025	0.202220445029
15606	WARM	6.37701418084	0.238814043288
11527	WARM	3.32208658775	0.128468959791
10430	WARM	7.82653070705	0.288559395119
7151	WARM	6.51253434474	0.243536132353
5367698	WARM	5.88873586259	0.22167855048
641423	WARM	7.37625002555	0.273286375246
6943	WARM	5.02724857872	0.19098065184
61204	WARM	6.64070999075	0.247988787958
6137	WARM	5.58486211598	0.210918210698
660	WARM	6.25595699944	0.234583480786
8193	WARM	4.32696798189	0.165589658509
10882	WARM	5.96833941872	0.224485146582
11124	WARM	4.90869353249	0.186709632421
8363	WARM	7.30373401843	0.270811548492
10448	WARM	5.16056289084	0.195769951893
8375	WARM	6.64077440551	0.247991022338
8785	WARM	5.4276543756	0.205322402216
31404	WARM	6.7844925692	0.252967966999
5780	WARM	5.6058560738	0.211663994024
7991	WARM	4.68196223446	0.178510181233
61653	WARM	5.33330161447	0.201954422134
6997	WARM	5.1506890007	0.195415721155
24197	WARM	6.37692950831	0.238811088351
12580	WARM	5.46716751754	0.206730732436
7997	WARM	3.86463541522	0.148611253852
7601	WARM	7.45648810524	0.276019838264
650	WARM	5.47743007093	0.207096306764
6569	WARM	3.9103838487	0.15029891321
22386	WARM	4.16684947883	0.159728925322
14104	WARM	6.70419835497	0.250189423966
14296	WARM	6.46289301591	0.241808126182
244	WARM	4.95990986187	0.18855611214
24473	WARM	5.41921155319	0.205021320584
11525	WARM	3.43388871021	0.132638911739
61027	WARM	6.14585838302	0.230725705215
15380	WARM	7.24750719668	0.268889743641
228769	WARM	4.33833252712	0.166004849438
62902	WARM	5.00293758041	0.190105749443
326	WARM	3.51682257924	0.135725686748
8180	WARM	7.1289260385	0.264828406955
5280450	WARM	8.97264881345	0.326702581846
8163	WARM	2.95592463743	0.114741989312
9256	WARM	4.96625112468	0.188784584894
101010	WARM	7.80524988309	0.287841225029
27458	WARM	7.91777954744	0.291634688713
24834	WARM	5.72618028488	0.215931555133
2682	WARM	6.1651632981	0.231402836527
520191	WARM	6.28961656519	0.235760951993
16324	WARM	8.31150376773	0.304827712757
10400	WARM	3.3347797619	0.128942888052
8294	WARM	5.67784168962	0.214218513084
8918	WARM	4.66902380082	0.178041038732
14286	WARM	7.82561865326	0.288528623208
31272	WARM	6.08439855932	0.228567980041
10285	WARM	4.83495969583	0.184047653729
7463	WARM	4.97189544424	0.188987920046
11980	WARM	5.90876070366	0.222385046925
6584	WARM	2.66402713695	0.103722269243
61024	WARM	5.01860178712	0.190669525926
62725	WARM	6.12543808025	0.23000912654
61527	WARM	7.58295592097	0.280317748639
8186	WARM	4.20677450728	0.161192199589
31249	WARM	6.14208890752	0.230593453842
4133	WARM	7.74534955554	0.285817806327
519539	WARM	6.45185698883	0.241423696111
6998	WARM	15.0561683432	0.511571451658
1060	WARM	6.34188829001	0.237587712767
2879	MUSKY	7.18461030984	0.266736962272
16255	MUSKY	10.0579077237	0.361851705837
15606	MUSKY	7.90824212133	0.291313567473
11527	MUSKY	11.1043672041	0.394851899764
10430	MUSKY	14.5545051674	0.49744675843
7151	MUSKY	6.65313895903	0.248419855158
5367698	MUSKY	6.42965806133	0.240650121339
641423	MUSKY	7.9431242965	0.292487682424
6943	MUSKY	6.3016117208	0.23618034472
61204	MUSKY	6.05679508631	0.227597896766
6137	MUSKY	10.355378026	0.371321579414
660	MUSKY	6.58717604801	0.246130686605
8193	MUSKY	8.41707138804	0.308344019221
10882	MUSKY	4.94855112611	0.188146781745
11124	MUSKY	8.07305766632	0.296852602619
8363	MUSKY	6.39777661262	0.239538446271
10448	MUSKY	11.2171399624	0.398355906921
8375	MUSKY	6.38752244197	0.2391807205
8785	MUSKY	8.16883631994	0.300061498069
31404	MUSKY	5.55950313098	0.210016895214
5780	MUSKY	3.6266964039	0.139806685434
7991	MUSKY	20.6997071713	0.656597136061
61653	MUSKY	12.5116626662	0.437849825577
6997	MUSKY	7.91303898848	0.291475085126
24197	MUSKY	4.36042175138	0.166811558915
12580	MUSKY	6.99501145239	0.260228384008
7997	MUSKY	5.39169358779	0.204039599614
7601	MUSKY	9.224699096	0.334949934475
650	MUSKY	5.57020652376	0.210397380663
6569	MUSKY	7.63011559548	0.281917158219
22386	MUSKY	5.4858898697	0.207397599723
14104	MUSKY	5.7056969098	0.215205885501
14296	MUSKY	6.55759867954	0.245103107005
244	MUSKY	11.0257008413	0.392401602035
24473	MUSKY	2.65405457638	0.103344580777
11525	MUSKY	8.79147630183	0.320743029847
61027	MUSKY	11.7868346433	0.415901597368
15380	MUSKY	11.5867988391	0.409770390629
228769	MUSKY	9.21960374098	0.334783712383
62902	MUSKY	5.64104966086	0.212913409924
326	MUSKY	4.66480959855	0.177888204506
8180	MUSKY	12.8264709654	0.447251495646
5280450	MUSKY	12.2264781838	0.429264419839
8163	MUSKY	7.1767627119	0.266468139267
9256	MUSKY	9.46975062345	0.34291955419
101010	MUSKY	8.99816079889	0.32753967285
27458	MUSKY	8.96752030424	0.326534244007
24834	MUSKY	3.14367046558	0.121793753025
2682	MUSKY	10.186516251	0.365954604707
520191	MUSKY	11.1678504535	0.396825664641
16324	MUSKY	4.72050806833	0.179907044164
10400	MUSKY	5.10618547329	0.193818166897
8294	MUSKY	6.98442287785	0.259864049939
8918	MUSKY	5.25161605136	0.199032853594
14286	MUSKY	8.91234426639	0.324721818527
31272	MUSKY	3.54278997241	0.136691054581
10285	MUSKY	8.74730949478	0.319286210432
7463	MUSKY	5.85911901917	0.220633050494
11980	MUSKY	5.49550675866	0.207740032533
6584	MUSKY	9.33674663644	0.338599930356
61024	MUSKY	8.29756853994	0.304362884127
62725	MUSKY	11.7648161596	0.415228286677
61527	MUSKY	9.81931318055	0.354204962687
8186	MUSKY	10.3568086758	0.371366952654
31249	MUSKY	4.05838138169	0.155747071492
4133	MUSKY	5.55815286628	0.209968889337
519539	MUSKY	14.2302813517	0.488210891128
6998	MUSKY	6.99361990296	0.260180508379
1060	MUSKY	9.98803198686	0.359616966286
2879	SWEATY	6.997519857	0.26031468062
16255	SWEATY	3.35131880982	0.129560217287
15606	SWEATY	1.4685732302	0.0578802462751
11527	SWEATY	2.62482917357	0.102237275667
10430	SWEATY	11.1707908637	0.39691700714
7151	SWEATY	3.05871195108	0.118606190523
5367698	SWEATY	5.1123798829	0.194040624089
641423	SWEATY	3.82407718308	0.147113660802
6943	SWEATY	3.05623110857	0.118513024907
61204	SWEATY	1.92072535883	0.0753533399915
6137	SWEATY	3.36706020274	0.130147570346
660	SWEATY	1.76254188928	0.0692590540066
8193	SWEATY	5.98703283997	0.225143488708
10882	SWEATY	2.98546868246	0.115853537997
11124	SWEATY	4.69914258275	0.179132926905
8363	SWEATY	2.50696176164	0.097764527556
10448	SWEATY	7.40830092494	0.27437886796
8375	SWEATY	2.51566506481	0.0980951743051
8785	SWEATY	3.10366644079	0.120293559481
31404	SWEATY	0.719415165891	0.0285695833633
5780	SWEATY	5.12370450133	0.194447240926
7991	SWEATY	19.5078614929	0.628091795705
61653	SWEATY	4.20051678299	0.160962934822
6997	SWEATY	3.34731135168	0.129410656753
24197	SWEATY	6.17069298095	0.231596738492
12580	SWEATY	2.50954138305	0.0978625361408
7997	SWEATY	2.1426072404	0.0838679833013
7601	SWEATY	7.47598845599	0.276683376882
650	SWEATY	5.22500741134	0.198080015474
6569	SWEATY	3.04169566736	0.117967061681
22386	SWEATY	3.6667271546	0.141291130974
14104	SWEATY	1.42813757418	0.0563096721948
14296	SWEATY	2.27151089159	0.0887965309714
244	SWEATY	4.54265506712	0.173451916661
24473	SWEATY	1.69791484404	0.0667634278347
11525	SWEATY	6.74337738132	0.25154583985
61027	SWEATY	3.59070910822	0.138471087569
15380	SWEATY	7.94754916624	0.29263655155
228769	SWEATY	2.20383761124	0.0862107443629
62902	SWEATY	2.33904542911	0.0913733637565
326	SWEATY	1.92339205096	0.0754559072456
8180	SWEATY	6.67054373523	0.24902328792
5280450	SWEATY	7.35992115397	0.272729470402
8163	SWEATY	4.4677312566	0.170725001232
9256	SWEATY	5.96742539833	0.224452949579
101010	SWEATY	4.04131456134	0.1551196931
27458	SWEATY	3.69372980278	0.142291736169
24834	SWEATY	4.18293878888	0.160318760791
2682	SWEATY	6.73499726679	0.251255815398
520191	SWEATY	2.12113836582	0.0830458434462
16324	SWEATY	1.47535384062	0.0581434860429
10400	SWEATY	2.47309140209	0.0964771836502
8294	SWEATY	1.75180726731	0.0688447592115
8918	SWEATY	1.2479068275	0.0492933645198
14286	SWEATY	3.64521874182	0.140493701803
31272	SWEATY	2.48171884107	0.0968051822803
10285	SWEATY	3.03689039718	0.117786534574
7463	SWEATY	1.63187535186	0.0642098072088
11980	SWEATY	2.36279770406	0.0922787829661
6584	SWEATY	3.47431943376	0.134144419139
61024	SWEATY	1.74214200594	0.0684716567302
62725	SWEATY	4.82361332956	0.183637634961
61527	SWEATY	1.53346492034	0.0603979909488
8186	SWEATY	2.30425564968	0.0900463883475
31249	SWEATY	4.6218524708	0.176329490727
4133	SWEATY	1.75482371795	0.0689611862056
519539	SWEATY	4.83384216822	0.184007274686
6998	SWEATY	1.6798929857	0.0660669032506
1060	SWEATY	5.00909766916	0.190327482983
2879	AMMONIA/URINOUS	7.27283739913	0.269755830432
16255	AMMONIA/URINOUS	3.1604149158	0.122421307656
15606	AMMONIA/URINOUS	2.37206794024	0.0926320350844
11527	AMMONIA/URINOUS	7.61681518794	0.281466258075
10430	AMMONIA/URINOUS	3.46904833487	0.133948214855
7151	AMMONIA/URINOUS	4.42266161969	0.169082490467
5367698	AMMONIA/URINOUS	3.62057322331	0.139579508746
641423	AMMONIA/URINOUS	3.86921609555	0.148780310544
6943	AMMONIA/URINOUS	5.46926534778	0.206805468533
61204	AMMONIA/URINOUS	3.85287530624	0.148177153
6137	AMMONIA/URINOUS	7.79603476294	0.287530127308
660	AMMONIA/URINOUS	2.19711234977	0.0859535729199
8193	AMMONIA/URINOUS	7.87486723306	0.290189275747
10882	AMMONIA/URINOUS	3.65957839303	0.141026130115
11124	AMMONIA/URINOUS	5.87476634132	0.221185501827
8363	AMMONIA/URINOUS	5.14113043893	0.195072728681
10448	AMMONIA/URINOUS	10.0782940385	0.362502957248
8375	AMMONIA/URINOUS	3.74970318097	0.144364017661
8785	AMMONIA/URINOUS	6.82891740695	0.254503051098
31404	AMMONIA/URINOUS	7.38089107405	0.273444621743
5780	AMMONIA/URINOUS	8.8000092033	0.321024303341
7991	AMMONIA/URINOUS	7.36032911622	0.272743386769
61653	AMMONIA/URINOUS	8.26217874029	0.303181710597
6997	AMMONIA/URINOUS	6.12726387404	0.230073209929
24197	AMMONIA/URINOUS	1.76174160102	0.0692281706534
12580	AMMONIA/URINOUS	10.0819274282	0.36261899286
7997	AMMONIA/URINOUS	5.5195514458	0.208595878567
7601	AMMONIA/URINOUS	8.48182200125	0.310496358266
650	AMMONIA/URINOUS	5.24717085358	0.198873713356
6569	AMMONIA/URINOUS	4.04802360476	0.155366346148
22386	AMMONIA/URINOUS	8.5638980251	0.31321978125
14104	AMMONIA/URINOUS	6.04518330314	0.227189635658
14296	AMMONIA/URINOUS	6.40106752248	0.239653234728
244	AMMONIA/URINOUS	6.96423937372	0.259169322927
24473	AMMONIA/URINOUS	2.44937157474	0.0955750945453
11525	AMMONIA/URINOUS	8.00503086897	0.294569027073
61027	AMMONIA/URINOUS	1.3708676706	0.0540829955558
15380	AMMONIA/URINOUS	8.68883762713	0.317355145361
228769	AMMONIA/URINOUS	3.13067059652	0.121306384507
62902	AMMONIA/URINOUS	2.20522816767	0.086263914198
326	AMMONIA/URINOUS	5.99575271254	0.225450488266
8180	AMMONIA/URINOUS	6.90500675447	0.257128622867
5280450	AMMONIA/URINOUS	7.89219145898	0.290772983949
8163	AMMONIA/URINOUS	4.94010711885	0.187842421416
9256	AMMONIA/URINOUS	6.35959774743	0.238206116494
101010	AMMONIA/URINOUS	6.05397968474	0.22749891938
27458	AMMONIA/URINOUS	5.25306109335	0.199084583394
24834	AMMONIA/URINOUS	4.35347956776	0.166558068972
2682	AMMONIA/URINOUS	7.6167072858	0.281462599481
520191	AMMONIA/URINOUS	7.78324594443	0.287098270805
16324	AMMONIA/URINOUS	2.73183495415	0.106288229279
10400	AMMONIA/URINOUS	7.93201363921	0.292113809419
8294	AMMONIA/URINOUS	2.95657093026	0.114766312544
8918	AMMONIA/URINOUS	2.87358145627	0.111640270097
14286	AMMONIA/URINOUS	6.60022186862	0.246583703259
31272	AMMONIA/URINOUS	2.7992650965	0.108836249828
10285	AMMONIA/URINOUS	10.5519614512	0.377540901862
7463	AMMONIA/URINOUS	5.06843075929	0.192461634227
11980	AMMONIA/URINOUS	5.07669643608	0.192758718762
6584	AMMONIA/URINOUS	6.30098731884	0.236158516277
61024	AMMONIA/URINOUS	3.31779434026	0.128308669897
62725	AMMONIA/URINOUS	8.33937735933	0.305757008477
61527	AMMONIA/URINOUS	5.2438549537	0.198754992238
8186	AMMONIA/URINOUS	5.06364041482	0.192289434893
31249	AMMONIA/URINOUS	4.46779272836	0.170727240389
4133	AMMONIA/URINOUS	3.25758957355	0.12605882701
519539	AMMONIA/URINOUS	6.89897034901	0.25692049721
6998	AMMONIA/URINOUS	2.95503300921	0.114708432334
1060	AMMONIA/URINOUS	3.57203541878	0.137777641938
2879	DECAYED	3.97288717615	0.15260195404
16255	DECAYED	3.29678665818	0.127523945419
15606	DECAYED	3.13318430834	0.121400634769
11527	DECAYED	3.85701552254	0.148329993405
10430	DECAYED	5.80089765394	0.218575740721
7151	DECAYED	4.77352080793	0.181826231956
5367698	DECAYED	4.43196576249	0.169421702292
641423	DECAYED	5.29044482579	0.20042227045
6943	DECAYED	4.04816923601	0.155371699775
61204	DECAYED	2.36629105268	0.0924119087687
6137	DECAYED	9.50814292112	0.344163804121
660	DECAYED	2.68914193026	0.104673083482
8193	DECAYED	4.2252483863	0.161868845882
10882	DECAYED	3.01396206901	0.116924895819
11124	DECAYED	4.67121964617	0.178120668654
8363	DECAYED	1.35930964721	0.0536332968016
10448	DECAYED	13.8492653061	0.477249752437
8375	DECAYED	4.48123100304	0.1712166676
8785	DECAYED	3.53436478426	0.136377897599
31404	DECAYED	1.33506423099	0.0526896106394
5780	DECAYED	4.64446259767	0.177150090778
7991	DECAYED	10.7050364247	0.382362335047
61653	DECAYED	5.9750965244	0.224723149586
6997	DECAYED	5.00712787378	0.190256583133
24197	DECAYED	2.94536650675	0.114344586726
12580	DECAYED	3.39567386105	0.131214714054
7997	DECAYED	8.66460523366	0.316554055804
7601	DECAYED	3.31861517837	0.128339324454
650	DECAYED	4.25300201099	0.162884869997
6569	DECAYED	8.66754477744	0.31665125811
22386	DECAYED	4.01677762526	0.154217304014
14104	DECAYED	2.35855210266	0.0921169768979
14296	DECAYED	4.40854788252	0.168567797528
244	DECAYED	4.11407790444	0.157792861376
24473	DECAYED	1.70895146218	0.067189852447
11525	DECAYED	3.33893419073	0.129097975017
61027	DECAYED	2.02506665896	0.0793623083692
15380	DECAYED	18.3185034014	0.598513109308
228769	DECAYED	3.64309348445	0.140414887323
62902	DECAYED	2.22082779237	0.0868602812615
326	DECAYED	4.27412241015	0.163657647455
8180	DECAYED	2.82443336805	0.109786365182
5280450	DECAYED	3.99069272919	0.153257457784
8163	DECAYED	3.86405370102	0.148589783639
9256	DECAYED	6.88608378088	0.2564760913
101010	DECAYED	7.47656369765	0.276702946016
27458	DECAYED	5.80087300845	0.218574869274
24834	DECAYED	2.29935310409	0.0898593142848
2682	DECAYED	7.01976715617	0.261079833876
520191	DECAYED	5.19386673679	0.1969641688
16324	DECAYED	6.89287806705	0.256710415463
10400	DECAYED	3.95219047307	0.151839695109
8294	DECAYED	3.65343834186	0.140798488987
8918	DECAYED	4.13164600913	0.158437640867
14286	DECAYED	5.53711621085	0.209220786061
31272	DECAYED	4.02839781766	0.154644717115
10285	DECAYED	2.08772682232	0.0817656315788
7463	DECAYED	4.61535935982	0.176093757585
11980	DECAYED	6.85428675421	0.255378971405
6584	DECAYED	6.74258719883	0.2515184951
61024	DECAYED	4.75931367145	0.181312120209
62725	DECAYED	5.75405465528	0.216918528221
61527	DECAYED	3.9950606033	0.153418220442
8186	DECAYED	3.38019816184	0.130637630628
31249	DECAYED	3.10500252634	0.120343684778
4133	DECAYED	4.84088333891	0.184261672956
519539	DECAYED	6.88266534392	0.256358180862
6998	DECAYED	5.5235212935	0.208737136748
1060	DECAYED	6.19190524538	0.232340333588
2879	WOOD	2.39407759203	0.0934704606745
16255	WOOD	4.53089135506	0.173024063614
15606	WOOD	3.80800193234	0.146519725807
11527	WOOD	3.31457310804	0.128188366366
10430	WOOD	1.96330613721	0.0769904170929
7151	WOOD	4.12933435526	0.158352813323
5367698	WOOD	3.75212960235	0.144453793473
641423	WOOD	2.30901587551	0.090228013295
6943	WOOD	3.51041287531	0.13548731559
61204	WOOD	4.40884653768	0.16857869039
6137	WOOD	3.96516552909	0.152317606094
660	WOOD	3.08089557785	0.119439056089
8193	WOOD	2.88747779099	0.112164100442
10882	WOOD	0.583548377913	0.0232057236328
11124	WOOD	3.05541330591	0.118482312048
8363	WOOD	0.779026475455	0.0309183061184
10448	WOOD	3.4271638743	0.132388374083
8375	WOOD	2.463160473	0.0960995551137
8785	WOOD	1.67018781426	0.0656917016363
31404	WOOD	5.2498510993	0.198969669346
5780	WOOD	3.78286657711	0.145590631268
7991	WOOD	2.89026457509	0.112269131278
61653	WOOD	7.57274804751	0.279971316704
6997	WOOD	1.4947859777	0.0588976850604
24197	WOOD	1.45646763538	0.0574101862262
12580	WOOD	1.59002508806	0.06258973161
7997	WOOD	1.60926992931	0.0633348972901
7601	WOOD	2.90428882529	0.112797595579
650	WOOD	2.11213968614	0.0827011338242
6569	WOOD	5.27381780296	0.199827450431
22386	WOOD	1.34942946189	0.0532487945264
14104	WOOD	5.36711544725	0.2031622466
14296	WOOD	4.3745480277	0.167327252929
244	WOOD	2.23499909538	0.0874018754328
24473	WOOD	3.58467517435	0.138247048532
11525	WOOD	3.55721513605	0.137227093632
61027	WOOD	7.47647277747	0.276699853022
15380	WOOD	2.7976939675	0.108776922086
228769	WOOD	4.68373579481	0.178574479394
62902	WOOD	1.78066869513	0.0699584354045
326	WOOD	2.97907776314	0.115613148798
8180	WOOD	6.11429119361	0.229617825024
5280450	WOOD	6.36216548831	0.238295759652
8163	WOOD	3.01484441013	0.116958061678
9256	WOOD	3.59543466488	0.138646526424
101010	WOOD	2.37578583861	0.0927736902041
27458	WOOD	7.6968001331	0.284175712408
24834	WOOD	1.41007782737	0.0556077853033
2682	WOOD	4.37448508153	0.16732495537
520191	WOOD	7.87061309996	0.290045903771
16324	WOOD	1.16055539528	0.0458834602809
10400	WOOD	1.04771859903	0.0414696582562
8294	WOOD	3.66838042947	0.141352411189
8918	WOOD	4.29012302245	0.164242858679
14286	WOOD	5.85498193338	0.220486951959
31272	WOOD	0.831214092194	0.0329721969409
10285	WOOD	2.14335470086	0.0838966002848
7463	WOOD	3.16237777444	0.122494857702
11980	WOOD	2.91295743385	0.11312416895
6584	WOOD	1.60378486767	0.0631225443461
61024	WOOD	4.51605733418	0.172484383829
62725	WOOD	4.16410442487	0.15962827073
61527	WOOD	8.40723598858	0.308016792756
8186	WOOD	5.52722673464	0.208868975235
31249	WOOD	1.21086498751	0.0478481218933
4133	WOOD	2.41255234541	0.0941739302886
519539	WOOD	4.1536109579	0.15924344472
6998	WOOD	1.14555944471	0.0452974552118
1060	WOOD	3.1497097394	0.122020120999
2879	GRASS	2.6163317905	0.101915194805
16255	GRASS	2.24054454559	0.0876137658794
15606	GRASS	2.01299720281	0.0788990250171
11527	GRASS	2.33446708295	0.0911987886934
10430	GRASS	0.583423396526	0.0232007827172
7151	GRASS	2.58975125014	0.10090732539
5367698	GRASS	7.72738095238	0.285210271542
641423	GRASS	2.60740073848	0.101576614095
6943	GRASS	3.5191275921	0.13581140008
61204	GRASS	0.761311548529	0.0302206238316
6137	GRASS	3.22765117756	0.124938954253
660	GRASS	1.46727319386	0.0578297715044
8193	GRASS	2.45230026577	0.0956864999935
10882	GRASS	1.83993020871	0.0722430710792
11124	GRASS	3.58838795564	0.138384906978
8363	GRASS	3.38276645553	0.130733414664
10448	GRASS	4.13354549938	0.158507340617
8375	GRASS	2.36138736059	0.0922250343168
8785	GRASS	3.40537786024	0.131576475061
31404	GRASS	5.31669644717	0.201360953442
5780	GRASS	2.83185356057	0.110066384588
7991	GRASS	1.13682966795	0.0449562340405
61653	GRASS	1.73098820204	0.0680410000193
6997	GRASS	4.15410149637	0.159261436158
24197	GRASS	1.06772646679	0.0422530427486
12580	GRASS	2.88716136083	0.112152174144
7997	GRASS	6.26566720629	0.234923254036
7601	GRASS	2.32147692125	0.0907033748116
650	GRASS	1.73535735124	0.0682097079949
6569	GRASS	0.537243795726	0.0213742994706
22386	GRASS	1.68794007952	0.0663779464961
14104	GRASS	3.79171631747	0.145917807646
14296	GRASS	3.74409531839	0.144156512834
244	GRASS	4.31653616196	0.165208452703
24473	GRASS	6.00768763344	0.225870581057
11525	GRASS	7.68387676698	0.283738285811
61027	GRASS	5.10694685008	0.193845511551
15380	GRASS	3.28306253165	0.127011101431
228769	GRASS	1.41682558222	0.0558700653967
62902	GRASS	3.01160760441	0.116836392031
326	GRASS	3.46015385618	0.133617088364
8180	GRASS	1.39303596954	0.0549452190968
5280450	GRASS	6.75465736392	0.251936136115
8163	GRASS	1.09941697685	0.0434931919985
9256	GRASS	3.49730914285	0.134999897218
101010	GRASS	4.39044591857	0.167907430597
27458	GRASS	7.95274405179	0.29281130689
24834	GRASS	2.41200981223	0.0941532759555
2682	GRASS	3.41857356217	0.132068284407
520191	GRASS	3.68345826617	0.141911184727
16324	GRASS	1.07199677374	0.0424202001165
10400	GRASS	0.934084181313	0.0370143619494
8294	GRASS	3.57298580302	0.137812941101
8918	GRASS	1.47597106087	0.0581674462057
14286	GRASS	1.27302430088	0.0502727356871
31272	GRASS	6.7991319676	0.253474000499
10285	GRASS	1.67088675214	0.0657187250702
7463	GRASS	3.85504115313	0.148257109208
11980	GRASS	3.32128016444	0.128438845805
6584	GRASS	3.03358972937	0.117662522516
61024	GRASS	2.83307728339	0.110112560578
62725	GRASS	5.22394325912	0.198041897095
61527	GRASS	3.14778491589	0.121947976685
8186	GRASS	0.843843780118	0.0334689222746
31249	GRASS	2.24109562566	0.0876348211851
4133	GRASS	2.72091881434	0.105875392896
519539	GRASS	3.46483890735	0.133791512832
6998	GRASS	2.07531216018	0.0812897181823
1060	GRASS	2.0953003732	0.0820559014665
2879	FLOWER	7.77901378636	0.286955329259
16255	FLOWER	8.54341343958	0.312540572303
15606	FLOWER	8.33092324158	0.30547521684
11527	FLOWER	3.48308717501	0.134470728493
10430	FLOWER	2.55184677988	0.0994691023999
7151	FLOWER	4.15375430423	0.159248702241
5367698	FLOWER	8.06505650479	0.296584205621
641423	FLOWER	8.69513525289	0.317563259289
6943	FLOWER	3.72003728679	0.143266020505
61204	FLOWER	11.860062116	0.418138055283
6137	FLOWER	1.61384874689	0.0635121467646
660	FLOWER	5.64542414504	0.213068640291
8193	FLOWER	6.61523790492	0.247104967181
10882	FLOWER	7.99111836622	0.294101545552
11124	FLOWER	4.90846399152	0.186701352158
8363	FLOWER	16.7824339667	0.55863732273
10448	FLOWER	1.56623591293	0.0616681985431
8375	FLOWER	11.6769889772	0.412538730458
8785	FLOWER	17.8686075583	0.587029447903
31404	FLOWER	16.1233063002	0.540947849588
5780	FLOWER	3.80952579435	0.146576037063
7991	FLOWER	3.34454667117	0.129307469872
61653	FLOWER	1.45840415343	0.0574853890672
6997	FLOWER	2.9165368112	0.113258997659
24197	FLOWER	8.83879509802	0.322302084407
12580	FLOWER	7.13318146557	0.264974347494
7997	FLOWER	5.67414729917	0.214087512938
7601	FLOWER	16.6375510978	0.554778801299
650	FLOWER	3.67806021839	0.141711157948
6569	FLOWER	5.12127942068	0.194360175665
22386	FLOWER	2.77938026083	0.10808522858
14104	FLOWER	7.37176914448	0.273133573651
14296	FLOWER	2.21375018092	0.0865897312916
244	FLOWER	4.32574825968	0.165545091185
24473	FLOWER	8.21027684765	0.30144761554
11525	FLOWER	4.36589447869	0.167011365308
61027	FLOWER	6.63311835529	0.247725430565
15380	FLOWER	1.54945402299	0.0610178378118
228769	FLOWER	7.91875054486	0.291667377718
62902	FLOWER	8.2452590071	0.302616641846
326	FLOWER	10.4816881519	0.375321211471
8180	FLOWER	3.70358189067	0.142656668098
5280450	FLOWER	7.1627216569	0.265987033662
8163	FLOWER	6.95389977357	0.258813302118
9256	FLOWER	2.53184487184	0.0987096994914
101010	FLOWER	7.90769825832	0.291295253635
27458	FLOWER	1.61241653969	0.0634567067486
24834	FLOWER	7.89756656303	0.290954039474
2682	FLOWER	3.46236116361	0.133699268614
520191	FLOWER	3.06853123997	0.118974896011
16324	FLOWER	7.81802418982	0.2882723667
10400	FLOWER	4.69256712259	0.178894610424
8294	FLOWER	11.4675983895	0.406101610449
8918	FLOWER	8.68958985689	0.317380005523
14286	FLOWER	4.79547590368	0.18262040049
31272	FLOWER	5.96683142003	0.224432025923
10285	FLOWER	4.51437779964	0.172423269219
7463	FLOWER	5.30801747117	0.201050679057
11980	FLOWER	3.9667445873	0.152375758443
6584	FLOWER	5.88285152039	0.221470884011
61024	FLOWER	8.01048770289	0.29475234282
62725	FLOWER	1.40456724632	0.0553935661931
61527	FLOWER	3.38183006632	0.130698492814
8186	FLOWER	3.99285314285	0.153336975226
31249	FLOWER	9.18732134812	0.333730104503
4133	FLOWER	9.73285916675	0.351422947646
519539	FLOWER	1.53373227376	0.0604083570755
6998	FLOWER	7.61184218326	0.281297630761
1060	FLOWER	5.32856381683	0.201785115733
2879	CHEMICAL	18.3807938736	0.600090321573
16255	CHEMICAL	15.3242975062	0.519038262625
15606	CHEMICAL	17.7581530008	0.584185320832
11527	CHEMICAL	29.463386947	0.831299009724
10430	CHEMICAL	10.9614640867	0.3903970855
7151	CHEMICAL	13.2500641385	0.459776885671
5367698	CHEMICAL	9.03508793968	0.328750391956
641423	CHEMICAL	10.1150972146	0.36367781192
6943	CHEMICAL	23.1770477691	0.712211693447
61204	CHEMICAL	7.98029908025	0.293737893846
6137	CHEMICAL	10.6102925894	0.379380380042
660	CHEMICAL	11.9243848827	0.420099013376
8193	CHEMICAL	27.7747026927	0.802414463842
10882	CHEMICAL	10.3170850817	0.370106505436
11124	CHEMICAL	15.1042824905	0.512915559799
8363	CHEMICAL	10.0445578231	0.36142505618
10448	CHEMICAL	7.09096091522	0.263525745928
8375	CHEMICAL	24.6860001841	0.743680565328
8785	CHEMICAL	18.4637935063	0.602187071995
31404	CHEMICAL	17.9726023064	0.589698318791
5780	CHEMICAL	14.6575676006	0.500364988838
7991	CHEMICAL	11.9010189501	0.419387057183
61653	CHEMICAL	14.8814067513	0.506673763293
6997	CHEMICAL	27.8415243397	0.803600782564
24197	CHEMICAL	13.529349893	0.46795667231
12580	CHEMICAL	13.4214804888	0.464804764149
7997	CHEMICAL	18.4965642176	0.603013413562
7601	CHEMICAL	11.4352635528	0.405104441102
650	CHEMICAL	13.0590839002	0.454147487084
6569	CHEMICAL	19.116882044	0.618493210126
22386	CHEMICAL	39.4759828862	0.955698025516
14104	CHEMICAL	21.077130102	0.665387038746
14296	CHEMICAL	19.0775505768	0.617520848669
244	CHEMICAL	16.9734569597	0.563698981923
24473	CHEMICAL	26.3072665878	0.775461753383
11525	CHEMICAL	33.5466068852	0.891714342004
61027	CHEMICAL	10.6698113775	0.381254505168
15380	CHEMICAL	11.4115547458	0.404372757145
228769	CHEMICAL	22.6195644455	0.700124699538
62902	CHEMICAL	15.3083890214	0.518596851083
326	CHEMICAL	17.51877437	0.57798799263
8180	CHEMICAL	21.8006201158	0.681917989658
5280450	CHEMICAL	20.4126517056	0.649835528363
8163	CHEMICAL	21.3610207986	0.67192354812
9256	CHEMICAL	9.28300945995	0.336850672544
101010	CHEMICAL	10.4868421971	0.375484144177
27458	CHEMICAL	17.2969945692	0.572205374318
24834	CHEMICAL	23.7930585631	0.725278488209
2682	CHEMICAL	19.7732142935	0.634536570341
520191	CHEMICAL	16.8324015914	0.559964166323
16324	CHEMICAL	12.7079689481	0.44372176801
10400	CHEMICAL	36.4018588436	0.926036222836
8294	CHEMICAL	17.4418096264	0.575985695838
8918	CHEMICAL	21.1722327348	0.667583933801
14286	CHEMICAL	22.7324631218	0.702592573038
31272	CHEMICAL	19.0500098521	0.616839243938
10285	CHEMICAL	28.3281097971	0.812131670014
7463	CHEMICAL	23.3612606834	0.71615102705
11980	CHEMICAL	14.9585271176	0.508838071293
6584	CHEMICAL	9.33991827577	0.338703101672
61024	CHEMICAL	24.6590440018	0.74313437964
62725	CHEMICAL	14.6715629252	0.50076061354
61527	CHEMICAL	21.1446027276	0.666946419301
8186	CHEMICAL	29.5056846641	0.831993215566
31249	CHEMICAL	11.9584460778	0.421136070075
4133	CHEMICAL	18.0740879259	0.592294455294
519539	CHEMICAL	11.4804643319	0.406498148765
6998	CHEMICAL	10.7716330593	0.384454090867
1060	CHEMICAL	6.46016875523	0.241713238071
