#oID	descriptor	value	sigma
2879	INTENSITY/STRENGTH	59.0653061224	0.967128089963
16255	INTENSITY/STRENGTH	23.7551020408	0.724482132445
15606	INTENSITY/STRENGTH	42.0224489796	0.974543471887
11527	INTENSITY/STRENGTH	60.1102040816	0.959113509371
7151	INTENSITY/STRENGTH	73.6510204082	0.776251693461
5367698	INTENSITY/STRENGTH	30.706122449	0.851098515618
641423	INTENSITY/STRENGTH	43.6959183674	0.984103421908
6943	INTENSITY/STRENGTH	57.5673469388	0.977094104123
61204	INTENSITY/STRENGTH	45.3510204082	0.991354795502
6137	INTENSITY/STRENGTH	38.7979591837	0.94980571262
660	INTENSITY/STRENGTH	59.4510204082	0.964271285298
8193	INTENSITY/STRENGTH	16.7397959184	0.557503529779
10882	INTENSITY/STRENGTH	67.8612244898	0.87239066389
11124	INTENSITY/STRENGTH	38.1408163265	0.94374390504
8363	INTENSITY/STRENGTH	35.1163265306	0.911390505623
8375	INTENSITY/STRENGTH	52.8489795919	0.996753326114
8785	INTENSITY/STRENGTH	58.6081632653	0.970359810079
31404	INTENSITY/STRENGTH	38.3367346939	0.94558729696
5780	INTENSITY/STRENGTH	45.2469387755	0.990963363599
6997	INTENSITY/STRENGTH	47.706122449	0.997895250312
24197	INTENSITY/STRENGTH	49.4959183674	0.999898360683
12580	INTENSITY/STRENGTH	53.6367346939	0.994709664307
7997	INTENSITY/STRENGTH	76.9673469388	0.709104879633
7601	INTENSITY/STRENGTH	54.6918367347	0.991194667222
650	INTENSITY/STRENGTH	11.2081632653	0.3980773611
6569	INTENSITY/STRENGTH	57.4755102041	0.977646698875
22386	INTENSITY/STRENGTH	45.1673469388	0.990658185756
14104	INTENSITY/STRENGTH	49.2367346939	0.999766970429
14296	INTENSITY/STRENGTH	61.912244898	0.943239368596
244	INTENSITY/STRENGTH	64.093877551	0.920545046231
24473	INTENSITY/STRENGTH	27.2489795918	0.792956428155
11525	INTENSITY/STRENGTH	64.9428571429	0.910684408163
61027	INTENSITY/STRENGTH	32.1540816327	0.87260927905
228769	INTENSITY/STRENGTH	26.8714285714	0.78602767347
62902	INTENSITY/STRENGTH	46.7	0.995644
326	INTENSITY/STRENGTH	42.9836734694	0.980308464806
8180	INTENSITY/STRENGTH	36.3979591837	0.925993794252
5280450	INTENSITY/STRENGTH	15.5040816327	0.524012646397
8163	INTENSITY/STRENGTH	39.5755102041	0.956532004998
9256	INTENSITY/STRENGTH	47.7326530612	0.997943655144
24834	INTENSITY/STRENGTH	63.2673469388	0.929591002082
2682	INTENSITY/STRENGTH	22.4816326531	0.697095783424
520191	INTENSITY/STRENGTH	73.0306122449	0.78783635985
16324	INTENSITY/STRENGTH	61.5040816327	0.947062442316
10400	INTENSITY/STRENGTH	61.85	0.943831
8294	INTENSITY/STRENGTH	46.5653061225	0.995281151187
8918	INTENSITY/STRENGTH	33.7285714286	0.894096244898
14286	INTENSITY/STRENGTH	77.8265306122	0.690273677635
31272	INTENSITY/STRENGTH	67.3918367347	0.879009605997
7463	INTENSITY/STRENGTH	50.9285714286	0.999655102041
11980	INTENSITY/STRENGTH	52.306122449	0.9978727197
6584	INTENSITY/STRENGTH	51.156122449	0.999465352353
61024	INTENSITY/STRENGTH	48.9938775511	0.999595087047
8186	INTENSITY/STRENGTH	21.9918367347	0.686217116202
31249	INTENSITY/STRENGTH	51.6653061224	0.998890702207
4133	INTENSITY/STRENGTH	56.0469387755	0.985373812578
519539	INTENSITY/STRENGTH	62.2979591837	0.939504079967
6998	INTENSITY/STRENGTH	41.9612244898	0.974151235319
1060	INTENSITY/STRENGTH	54.4397959184	0.992115284881
2879	VALENCE/PLEASANTNESS	52.774599666	0.996920638677
16255	VALENCE/PLEASANTNESS	42.2027813455	0.975681352502
15606	VALENCE/PLEASANTNESS	48.6715264414	0.999294063202
11527	VALENCE/PLEASANTNESS	51.4890889218	0.999113045673
10430	VALENCE/PLEASANTNESS	33.9971165459	0.897563088462
7151	VALENCE/PLEASANTNESS	45.5210836316	0.991975723266
5367698	VALENCE/PLEASANTNESS	41.5462116121	0.971413384757
641423	VALENCE/PLEASANTNESS	45.1286515964	0.990507985892
6943	VALENCE/PLEASANTNESS	39.8100439644	0.958465918397
61204	VALENCE/PLEASANTNESS	52.6758078704	0.997136020896
6137	VALENCE/PLEASANTNESS	25.4460408723	0.758841236461
660	VALENCE/PLEASANTNESS	50.10597691	0.999995507558
8193	VALENCE/PLEASANTNESS	42.3442730497	0.976555937945
10882	VALENCE/PLEASANTNESS	45.190107334	0.990745973017
11124	VALENCE/PLEASANTNESS	31.9605232024	0.869830910748
8363	VALENCE/PLEASANTNESS	52.2351575218	0.998001628341
10448	VALENCE/PLEASANTNESS	35.485467032	0.915731333088
8375	VALENCE/PLEASANTNESS	46.6281742614	0.995452316475
8785	VALENCE/PLEASANTNESS	56.3624061173	0.983807915359
31404	VALENCE/PLEASANTNESS	45.2754873506	0.99107159209
5780	VALENCE/PLEASANTNESS	47.9948342937	0.998391724196
7991	VALENCE/PLEASANTNESS	25.5846547315	0.761556366167
61653	VALENCE/PLEASANTNESS	34.3388890154	0.901891841091
6997	VALENCE/PLEASANTNESS	43.8832888962	0.985034338109
24197	VALENCE/PLEASANTNESS	51.0644031949	0.999546818335
12580	VALENCE/PLEASANTNESS	56.6053641737	0.982547665653
7997	VALENCE/PLEASANTNESS	44.8748584274	0.989493169544
7601	VALENCE/PLEASANTNESS	47.6720781809	0.997832312002
650	VALENCE/PLEASANTNESS	38.0603469076	0.942977873613
6569	VALENCE/PLEASANTNESS	36.9469886219	0.931847557585
22386	VALENCE/PLEASANTNESS	42.3262242365	0.976445266212
14104	VALENCE/PLEASANTNESS	52.9747970214	0.996460233073
14296	VALENCE/PLEASANTNESS	45.4636752732	0.991768703189
244	VALENCE/PLEASANTNESS	48.5634633813	0.999174545017
24473	VALENCE/PLEASANTNESS	46.5034895968	0.995109766
11525	VALENCE/PLEASANTNESS	36.8148010041	0.930460210976
61027	VALENCE/PLEASANTNESS	39.0178277675	0.951756757222
15380	VALENCE/PLEASANTNESS	26.9911801062	0.788237682838
228769	VALENCE/PLEASANTNESS	48.7544727342	0.999379464732
62902	VALENCE/PLEASANTNESS	64.6463127805	0.914194208775
326	VALENCE/PLEASANTNESS	50.0670056018	0.9999982041
8180	VALENCE/PLEASANTNESS	33.7525811305	0.894408552031
5280450	VALENCE/PLEASANTNESS	40.7281203355	0.965612898995
8163	VALENCE/PLEASANTNESS	55.3620014791	0.988499576055
9256	VALENCE/PLEASANTNESS	45.302887538	0.991174853808
101010	VALENCE/PLEASANTNESS	28.8530226757	0.821122140019
27458	VALENCE/PLEASANTNESS	35.0014727577	0.910017672225
24834	VALENCE/PLEASANTNESS	67.5685652443	0.876538206103
2682	VALENCE/PLEASANTNESS	43.5030553332	0.983115883998
520191	VALENCE/PLEASANTNESS	30.8332438239	0.853054183074
16324	VALENCE/PLEASANTNESS	49.797699257	0.999983629764
10400	VALENCE/PLEASANTNESS	44.8580865385	0.989424290382
8294	VALENCE/PLEASANTNESS	63.559562625	0.926455304567
8918	VALENCE/PLEASANTNESS	47.7694650396	0.998009885516
14286	VALENCE/PLEASANTNESS	39.7641969831	0.95809133464
31272	VALENCE/PLEASANTNESS	54.3073891801	0.992578559381
10285	VALENCE/PLEASANTNESS	42.8467307692	0.979532295725
7463	VALENCE/PLEASANTNESS	45.5159412023	0.99195728668
11980	VALENCE/PLEASANTNESS	58.4319699607	0.971560753033
6584	VALENCE/PLEASANTNESS	40.8417150225	0.966450326509
61024	VALENCE/PLEASANTNESS	40.0395027098	0.960315397493
62725	VALENCE/PLEASANTNESS	26.8965855163	0.786492895677
61527	VALENCE/PLEASANTNESS	32.6945024117	0.880207901288
8186	VALENCE/PLEASANTNESS	36.5111967721	0.927220874992
31249	VALENCE/PLEASANTNESS	51.3352059949	0.99928688998
4133	VALENCE/PLEASANTNESS	56.8905614345	0.981008065247
519539	VALENCE/PLEASANTNESS	25.6227891157	0.7623006358
6998	VALENCE/PLEASANTNESS	52.2179479878	0.998032282689
1060	VALENCE/PLEASANTNESS	36.481394503	0.926898922167
2879	BAKERY	4.23259829919	0.162137976623
16255	BAKERY	2.14588288483	0.0839933900511
15606	BAKERY	3.42927624334	0.132467075512
11527	BAKERY	0.747411408255	0.0296730068049
10430	BAKERY	4.46803306872	0.170735994948
7151	BAKERY	4.63751150927	0.176897855171
5367698	BAKERY	1.50010216405	0.0591039639611
641423	BAKERY	2.79050735851	0.108505521813
6943	BAKERY	1.98014502911	0.0776374114299
61204	BAKERY	3.07432563271	0.11919243407
6137	BAKERY	5.21279678187	0.197642571159
660	BAKERY	7.73108877963	0.285335657698
8193	BAKERY	0.912810155204	0.0361791172564
10882	BAKERY	4.34977598458	0.166422818937
11124	BAKERY	3.39496528805	0.131188295799
8363	BAKERY	1.69831730769	0.0667789796367
10448	BAKERY	1.09530740283	0.0433324167905
8375	BAKERY	5.0111930747	0.190402900575
8785	BAKERY	1.5472338866	0.0609317823842
31404	BAKERY	7.3983688273	0.27404040857
5780	BAKERY	5.76775789525	0.217403503355
7991	BAKERY	3.71229086501	0.142979193214
61653	BAKERY	7.96775787732	0.293316248856
6997	BAKERY	5.25213741179	0.199051517515
24197	BAKERY	9.76206100326	0.352363306118
12580	BAKERY	3.0553505454	0.118479955034
7997	BAKERY	2.69275688768	0.104809899645
7601	BAKERY	1.80468863518	0.0708847849794
650	BAKERY	4.8967665577	0.18627933322
6569	BAKERY	3.36377974724	0.130025184215
22386	BAKERY	5.94186013069	0.223552124503
14104	BAKERY	2.54537679506	0.099223494591
14296	BAKERY	2.44681120208	0.0954776940598
244	BAKERY	5.16531336458	0.195940349721
24473	BAKERY	1.23329781161	0.0487235030676
11525	BAKERY	2.0982319038	0.0821682453032
61027	BAKERY	2.64230676328	0.102899556519
15380	BAKERY	1.91823223474	0.075257443427
228769	BAKERY	3.10205794023	0.120233212224
62902	BAKERY	5.23676480161	0.19850110983
326	BAKERY	4.73500015358	0.180431915561
8180	BAKERY	0.957731533607	0.0379423614681
5280450	BAKERY	1.33731221966	0.0527771271971
8163	BAKERY	3.12577797336	0.121122923759
9256	BAKERY	2.45834937521	0.0959165823481
101010	BAKERY	3.42219830786	0.132203355811
27458	BAKERY	2.82273280934	0.109722184168
24834	BAKERY	18.8353511617	0.611505865115
2682	BAKERY	3.1124122678	0.120621646662
520191	BAKERY	3.51558736235	0.135679752693
16324	BAKERY	1.0575	0.0418526775
10400	BAKERY	0.325486111111	0.012977067961
8294	BAKERY	1.2740978319	0.050314583162
8918	BAKERY	1.79932864725	0.0706781124578
14286	BAKERY	6.00998154581	0.22595131056
31272	BAKERY	2.03828798186	0.0798696721155
10285	BAKERY	13.1097705803	0.455644389344
7463	BAKERY	1.30051097423	0.0513439074515
11980	BAKERY	3.89322617875	0.149666163118
6584	BAKERY	8.01896558053	0.295037099629
61024	BAKERY	2.0548286954	0.0805042194291
62725	BAKERY	13.0170197427	0.452903668515
61527	BAKERY	5.0300405841	0.191081100053
8186	BAKERY	2.95246872562	0.114611920394
31249	BAKERY	2.64109017636	0.102853464127
4133	BAKERY	4.03143283669	0.154756333181
519539	BAKERY	11.7854296066	0.41585864386
6998	BAKERY	5.04919883452	0.191770189833
1060	BAKERY	5.37697342995	0.203514199891
2879	SWEET	3.67024568372	0.141421545997
16255	SWEET	17.662650408	0.581718328545
15606	SWEET	23.1707852927	0.712077295276
11527	SWEET	7.36913188649	0.273043633555
10430	SWEET	6.48296853663	0.242507189046
7151	SWEET	11.2687941256	0.399957476606
5367698	SWEET	8.19436155829	0.300915437793
641423	SWEET	9.76279549842	0.352386949559
6943	SWEET	5.5101983203	0.2082630186
61204	SWEET	17.8854954731	0.587463439596
6137	SWEET	7.83046988201	0.288692291851
660	SWEET	16.5939473651	0.553614258941
8193	SWEET	8.53065495866	0.312117368737
10882	SWEET	33.5520205718	0.891785589091
11124	SWEET	12.5774214792	0.439820246743
8363	SWEET	12.510899452	0.437826936042
10448	SWEET	6.80459624683	0.25366283784
8375	SWEET	24.6229088012	0.742401296915
8785	SWEET	26.4325090582	0.777829348283
31404	SWEET	6.4152385931	0.240147429241
5780	SWEET	10.1909829433	0.366096864392
7991	SWEET	11.4758871714	0.406357092307
61653	SWEET	5.21497014922	0.197720440506
6997	SWEET	9.16512254548	0.33300511331
24197	SWEET	37.9730986095	0.942141457177
12580	SWEET	5.85238748967	0.220395323855
7997	SWEET	18.7664001223	0.609784895473
7601	SWEET	14.7222155226	0.502191168946
650	SWEET	7.85642188659	0.289567529519
6569	SWEET	15.2105899149	0.515878778373
22386	SWEET	4.86046099291	0.184968807291
14104	SWEET	19.9731152093	0.639354475906
14296	SWEET	5.91681224644	0.222669022994
244	SWEET	6.09166088861	0.228823102592
24473	SWEET	12.358795475	0.433255888763
11525	SWEET	7.57018021096	0.279884157068
61027	SWEET	8.04215015363	0.295815534508
15380	SWEET	6.01219932297	0.226029356639
228769	SWEET	16.2192956268	0.543545604819
62902	SWEET	24.6208830255	0.742360168637
326	SWEET	25.8024033744	0.765790527017
8180	SWEET	8.28651640019	0.303994114387
5280450	SWEET	10.0918286979	0.362935145328
8163	SWEET	21.6455525511	0.678410123946
9256	SWEET	4.29988292244	0.164599719639
101010	SWEET	15.4628146669	0.522873131706
27458	SWEET	6.40215643276	0.239691214514
24834	SWEET	36.3598907452	0.925578967807
2682	SWEET	1.97795866239	0.0775534183076
520191	SWEET	6.82258935985	0.254284484165
16324	SWEET	15.1204957593	0.51336807357
10400	SWEET	6.23266173469	0.233768040468
8294	SWEET	17.6849186743	0.582294207566
8918	SWEET	16.9367244021	0.562727922696
14286	SWEET	7.85171304886	0.289408762834
31272	SWEET	21.3245314178	0.671087000637
10285	SWEET	7.34116685247	0.272089581796
7463	SWEET	9.96569320161	0.358901711669
11980	SWEET	24.8586423054	0.747164853309
6584	SWEET	13.1207118685	0.455967242766
61024	SWEET	14.6175863857	0.49923392273
62725	SWEET	8.61897273435	0.315044232976
61527	SWEET	8.63301761002	0.315509107179
8186	SWEET	6.43496724653	0.240835168476
31249	SWEET	35.3143053016	0.91373214849
4133	SWEET	26.1321467223	0.772130231966
519539	SWEET	8.18897289388	0.300735204932
6998	SWEET	16.9690620941	0.563582856424
1060	SWEET	13.0049943128	0.452547821683
2879	FRUIT	1.24279542921	0.0490940009768
16255	FRUIT	17.565310559	0.579196368347
15606	FRUIT	13.2374264529	0.459405274477
11527	FRUIT	3.98918372	0.153201914099
10430	FRUIT	2.70777703355	0.105378258757
7151	FRUIT	7.25441069949	0.269125838141
5367698	FRUIT	4.10039564392	0.157290527982
641423	FRUIT	5.48029847719	0.207198470528
6943	FRUIT	3.07055539936	0.11905089179
61204	FRUIT	14.2048364525	0.487482506642
6137	FRUIT	1.84411081099	0.0724041345663
660	FRUIT	3.86069386858	0.148465771885
8193	FRUIT	6.96457839485	0.259180994907
10882	FRUIT	26.0229697082	0.770040807355
11124	FRUIT	4.15153467909	0.159167291087
8363	FRUIT	3.13675556586	0.121534528443
10448	FRUIT	2.69139015842	0.104758173943
8375	FRUIT	8.77710422872	0.320269145692
8785	FRUIT	12.2834176765	0.430983767133
31404	FRUIT	0.714314697135	0.0283684896908
5780	FRUIT	0.618581713853	0.0245902112194
7991	FRUIT	7.54117864537	0.27889939567
61653	FRUIT	2.87959454459	0.111866955887
6997	FRUIT	0.551276693715	0.0219295053514
24197	FRUIT	13.2763926484	0.460550665235
12580	FRUIT	4.99934068621	0.18997626453
7997	FRUIT	3.94099478346	0.151427215385
7601	FRUIT	3.30092295074	0.127678481099
650	FRUIT	4.09495111075	0.15709059459
6569	FRUIT	1.36420454545	0.0538237602014
22386	FRUIT	2.68201392588	0.104403277556
14104	FRUIT	1.06742439678	0.0422412179339
14296	FRUIT	2.1496058375	0.0841359113973
244	FRUIT	1.18289186103	0.0467559811791
24473	FRUIT	4.82653543687	0.183743239745
11525	FRUIT	1.80263605442	0.0708056434789
61027	FRUIT	1.44216894131	0.0568548171503
15380	FRUIT	7.86798892774	0.289957457203
228769	FRUIT	9.15245837945	0.332591337423
62902	FRUIT	15.2792131146	0.517786783223
326	FRUIT	5.96255234718	0.22428128169
8180	FRUIT	1.77891910752	0.0698909430245
5280450	FRUIT	2.56883058454	0.100113667153
8163	FRUIT	12.0380214272	0.423555273135
9256	FRUIT	0.521063074706	0.0207339202971
101010	FRUIT	3.34350229418	0.129268488731
27458	FRUIT	7.09200243598	0.263561498018
24834	FRUIT	7.96089814645	0.293085566139
2682	FRUIT	2.28648248853	0.089368098673
520191	FRUIT	5.19443437847	0.196984515734
16324	FRUIT	13.5271557971	0.467892654301
10400	FRUIT	1.40922922212	0.0555747980847
8294	FRUIT	14.0777091718	0.483835608662
8918	FRUIT	13.671280597	0.472089658617
14286	FRUIT	7.09327861579	0.263605304023
31272	FRUIT	7.39029042834	0.273765060088
10285	FRUIT	2.22378018476	0.0869731280665
7463	FRUIT	1.33727959425	0.0527758570847
11980	FRUIT	10.8549903101	0.38706728655
6584	FRUIT	4.96783197203	0.18884153708
61024	FRUIT	10.6861410305	0.38176819717
62725	FRUIT	0.769748197615	0.0305529229895
61527	FRUIT	0.938733831041	0.0371968647594
8186	FRUIT	4.03663278504	0.154947549705
31249	FRUIT	15.7064820706	0.52958185121
4133	FRUIT	13.662515528	0.471834888897
519539	FRUIT	1.05188216039	0.041632703984
6998	FRUIT	8.31472545219	0.304935154349
1060	FRUIT	5.93974894015	0.223477710617
2879	FISH	2.90501613055	0.112824997735
16255	FISH	0.470832242072	0.0187446164828
15606	FISH	1.53176104662	0.0603319251031
11527	FISH	1.2685446519	0.0500981038626
10430	FISH	1.53817297196	0.0605805284416
7151	FISH	1.18126934236	0.0466926147907
5367698	FISH	1.34308798861	0.0530019654063
641423	FISH	0.817502136655	0.0324327615688
6943	FISH	0.0869300911855	0.00347418091112
61204	FISH	0.800509068723	0.0317640368413
6137	FISH	3.82706481481	0.147224022554
660	FISH	1.03956162579	0.0411501896822
8193	FISH	0.00881587172574	0.000352603781192
10882	FISH	0.283341539827	0.0113015486218
11124	FISH	1.49557111235	0.0589281513131
8363	FISH	0.928767253203	0.0368056466839
10448	FISH	5.82584886058	0.219457748445
8375	FISH	3.01828932054	0.117087544652
8785	FISH	1.48133458285	0.0583756424555
31404	FISH	0.235866745574	0.0094124165743
5780	FISH	1.30018606184	0.0513312489553
7991	FISH	2.66713395766	0.103839916887
61653	FISH	3.11792405922	0.120828382193
6997	FISH	0.451327702681	0.0179716294292
24197	FISH	0.886277103016	0.0351368892793
12580	FISH	0.583294672773	0.0231956938408
7997	FISH	2.07430919945	0.0812512645161
7601	FISH	0.839375124262	0.0332931847308
650	FISH	0.376104278529	0.0149875893698
6569	FISH	1.09539333639	0.043335778831
22386	FISH	0.37824656136	0.0150726342699
14104	FISH	0.690978063663	0.0274481422728
14296	FISH	2.7058131558	0.105303956298
244	FISH	1.36953422442	0.0540311193801
24473	FISH	0.0916672263075	0.00366332790015
11525	FISH	0.761268939394	0.0302189454165
61027	FISH	1.41513409296	0.055804321918
15380	FISH	8.53767006802	0.312350078645
228769	FISH	0.254699746421	0.0101620410725
62902	FISH	0.781637249625	0.031021107269
326	FISH	1.7664178696	0.069408621948
8180	FISH	0.619523322801	0.0246274092531
5280450	FISH	1.32479189598	0.052289646412
8163	FISH	0.706036162419	0.0280420516717
9256	FISH	2.33483675758	0.0912128852294
101010	FISH	3.97876811594	0.152818486349
27458	FISH	0.30849596412	0.0123017706608
24834	FISH	0.500694587261	0.0199275054625
2682	FISH	1.26318948758	0.0498893204305
520191	FISH	2.44267708266	0.0953204147745
16324	FISH	1.08600472094	0.0429684263361
10400	FISH	0.235606060606	0.00940203833794
8294	FISH	1.2003282303	0.0474368140678
8918	FISH	0.362224131095	0.0144364827154
14286	FISH	0.391434240363	0.0155960813087
31272	FISH	0.794956520609	0.0315454784765
10285	FISH	0.360227272728	0.0143571854339
7463	FISH	2.91432901076	0.113175834997
11980	FISH	1.37516156463	0.0542500348535
6584	FISH	0.436298664341	0.0173758039638
61024	FISH	0.507993313784	0.0202165096686
62725	FISH	4.73888317836	0.180572521623
61527	FISH	1.46034018795	0.057560570132
8186	FISH	0.81636547654	0.0323880380251
31249	FISH	0.69205923708	0.0274907910881
4133	FISH	1.05524876131	0.0417645304729
519539	FISH	4.08091646839	0.156575107047
6998	FISH	0.658007679064	0.0261471175203
1060	FISH	0.415671430459	0.0165577441231
2879	GARLIC	1.03981846858	0.0411602497642
16255	GARLIC	2.07108252205	0.0811275477566
15606	GARLIC	3.04594627319	0.118126735448
11527	GARLIC	2.38172196893	0.0929998389422
10430	GARLIC	2.83731410962	0.110272423842
7151	GARLIC	1.51850698651	0.0598179340733
5367698	GARLIC	2.32735816902	0.0909276883421
641423	GARLIC	1.96539572215	0.0770707167483
6943	GARLIC	2.09428561391	0.0820170116635
61204	GARLIC	0.374015954825	0.0149046830192
6137	GARLIC	5.99385131712	0.22538355124
660	GARLIC	4.37382212541	0.167300757022
8193	GARLIC	1.83990201423	0.0722419848004
10882	GARLIC	1.31117742273	0.0517594224156
11124	GARLIC	4.30541341608	0.16480190277
8363	GARLIC	1.36516638269	0.0538611836066
10448	GARLIC	4.55979787234	0.174075212239
8375	GARLIC	1.04768646197	0.0414683997099
8785	GARLIC	2.10362078721	0.0823747433217
31404	GARLIC	3.20808754885	0.124206771666
5780	GARLIC	1.57232874731	0.0619042628167
7991	GARLIC	2.56718147302	0.100051090635
61653	GARLIC	7.35921804203	0.272705485605
6997	GARLIC	0.685354631926	0.0272263008884
24197	GARLIC	2.43932754882	0.0951929743965
12580	GARLIC	1.49673182651	0.0589731905964
7997	GARLIC	1.27022477508	0.0501636026115
7601	GARLIC	2.25428571429	0.0881387069388
650	GARLIC	1.73245375409	0.0680975917595
6569	GARLIC	1.37279139116	0.0541578331651
22386	GARLIC	1.51088468269	0.059522278298
14104	GARLIC	2.69701472223	0.104971033525
14296	GARLIC	2.32342221208	0.0907775721728
244	GARLIC	1.32088003806	0.0521373118923
24473	GARLIC	0.651972124419	0.0259088579164
11525	GARLIC	0.62190859431	0.0247216356525
61027	GARLIC	2.62850148075	0.102376451216
15380	GARLIC	10.0454472789	0.361453486743
228769	GARLIC	1.34836067314	0.0532071963238
62902	GARLIC	1.94632936508	0.0763378954042
326	GARLIC	1.49899287571	0.059060923172
8180	GARLIC	2.07928853195	0.0814421649584
5280450	GARLIC	2.65250076608	0.103285726517
8163	GARLIC	2.18167742691	0.0853632105184
9256	GARLIC	16.8373898296	0.560096514674
101010	GARLIC	24.4834346504	0.739561957105
27458	GARLIC	2.47339051295	0.096488556266
24834	GARLIC	1.89686296037	0.0744352827786
2682	GARLIC	1.55566093949	0.0612584051962
520191	GARLIC	8.227308583	0.302016900712
16324	GARLIC	1.20369240835	0.0475681461685
10400	GARLIC	0.572850854492	0.0227827709391
8294	GARLIC	1.65206316487	0.0649908015147
8918	GARLIC	1.70076325566	0.0668734919656
14286	GARLIC	2.64758659025	0.103099577709
31272	GARLIC	2.99559611032	0.11623440599
10285	GARLIC	1.6316553288	0.0642012935071
7463	GARLIC	2.00399314302	0.0785533303138
11980	GARLIC	2.59289653388	0.101026616381
6584	GARLIC	5.10969308448	0.193944138012
61024	GARLIC	1.99272672954	0.078120685254
62725	GARLIC	7.16392984139	0.266028437346
61527	GARLIC	2.89782198722	0.112553930581
8186	GARLIC	1.51902338306	0.0598379625072
31249	GARLIC	2.55242467707	0.0994910383899
4133	GARLIC	1.75364985888	0.0689158792242
519539	GARLIC	6.94500840271	0.258507079423
6998	GARLIC	1.41015167695	0.0556106559772
1060	GARLIC	3.66645634366	0.141281092898
2879	SPICES	7.51655371949	0.278062716853
16255	SPICES	5.86685185923	0.220906094074
15606	SPICES	5.4632273583	0.206590353065
11527	SPICES	5.30964285714	0.201108791378
10430	SPICES	4.37952401977	0.167508868535
7151	SPICES	5.40331101853	0.204454132756
5367698	SPICES	5.72021907242	0.215720400402
641423	SPICES	4.43428452186	0.169506229186
6943	SPICES	20.0436468606	0.641046762636
61204	SPICES	4.44383731825	0.169854416685
6137	SPICES	7.59187559101	0.280620393645
660	SPICES	11.6769506179	0.412537554423
8193	SPICES	1.92582355792	0.0755494237662
10882	SPICES	4.61744503541	0.176169481955
11124	SPICES	2.90527073193	0.112834590067
8363	SPICES	5.05142341094	0.191850185047
10448	SPICES	11.6101978704	0.410489236982
8375	SPICES	4.3634508547	0.166922152844
8785	SPICES	6.44529120622	0.241194936756
31404	SPICES	6.31623620807	0.236691512388
5780	SPICES	2.25685558219	0.0882368644402
7991	SPICES	5.41680511912	0.204935493685
61653	SPICES	9.90220728162	0.356866807646
6997	SPICES	3.94696709495	0.151647264098
24197	SPICES	5.71089166679	0.21538995322
12580	SPICES	4.03470860725	0.154876794872
7997	SPICES	3.20269463117	0.124004884087
7601	SPICES	5.91734487734	0.222687806935
650	SPICES	6.75133195307	0.251821084867
6569	SPICES	6.22303743961	0.233431019595
22386	SPICES	3.44729892394	0.133138409009
14104	SPICES	16.5290457358	0.551878088258
14296	SPICES	8.56247750354	0.313172691742
244	SPICES	4.32413860203	0.165486274221
24473	SPICES	8.41006086644	0.308110785147
11525	SPICES	6.70419158692	0.250189189543
61027	SPICES	3.13092570769	0.121315949993
15380	SPICES	12.3800028345	0.433894325306
228769	SPICES	5.34310536533	0.202304704635
62902	SPICES	4.24919307372	0.162745466238
326	SPICES	5.49536870623	0.207735117362
8180	SPICES	3.08732919255	0.119680527085
5280450	SPICES	5.56506646213	0.210214672594
8163	SPICES	2.62124719142	0.102101512921
9256	SPICES	11.8262773194	0.417106758683
101010	SPICES	5.39269741488	0.204075422432
27458	SPICES	6.06012801036	0.227715059814
24834	SPICES	6.69252922639	0.249785190077
2682	SPICES	2.77939607108	0.108085825835
520191	SPICES	5.45754048218	0.206387720041
16324	SPICES	2.60853314197	0.101619547618
10400	SPICES	2.73057433217	0.106240558813
8294	SPICES	3.79779827325	0.14614262224
8918	SPICES	5.49960036593	0.207885772963
14286	SPICES	5.17087215894	0.196139718804
31272	SPICES	3.12613552885	0.121136331816
10285	SPICES	7.44276220888	0.275552604636
7463	SPICES	16.4891140672	0.550808209599
11980	SPICES	5.43060103088	0.205427470212
6584	SPICES	4.86382563156	0.185090305353
61024	SPICES	5.30310341824	0.200874974384
62725	SPICES	9.15066479886	0.33253272545
61527	SPICES	8.17252144773	0.300184815184
8186	SPICES	2.63737884474	0.102712846921
31249	SPICES	4.53906383533	0.173321313213
4133	SPICES	4.77451635068	0.181862251474
519539	SPICES	7.37937364891	0.273392883776
6998	SPICES	5.83070040991	0.219629189488
1060	SPICES	5.44957164582	0.206103733384
2879	COLD	6.19979828899	0.23261693203
16255	COLD	2.9234937002	0.113521021842
15606	COLD	4.88612571645	0.185895338851
11527	COLD	6.05509594055	0.227538162882
10430	COLD	1.9027832192	0.0746630951762
7151	COLD	3.84611711656	0.147927637913
5367698	COLD	5.4488165716	0.206076822052
641423	COLD	3.62866311742	0.139879646289
6943	COLD	5.5552856307	0.209866945852
61204	COLD	4.04473898341	0.155245593959
6137	COLD	2.73269967595	0.10632092803
660	COLD	4.83783635349	0.184151589906
8193	COLD	7.82576650471	0.288533611634
10882	COLD	3.73516901596	0.143826165607
11124	COLD	2.83053749221	0.11001672269
8363	COLD	4.1775869784	0.160122585951
10448	COLD	2.91669129946	0.113264816724
8375	COLD	4.66624278162	0.177940182586
8785	COLD	6.39459949229	0.239427618625
31404	COLD	4.77378195947	0.1818356807
5780	COLD	8.49357492511	0.310886671001
7991	COLD	3.50051997848	0.135119343091
61653	COLD	2.87934837093	0.111857676021
6997	COLD	6.40474908081	0.239781638917
24197	COLD	2.66607183481	0.103799697781
12580	COLD	4.9028837962	0.18650004404
7997	COLD	2.21601994406	0.0866765000053
7601	COLD	3.50825743595	0.135407149343
650	COLD	3.53027734062	0.136225950384
6569	COLD	6.65409615977	0.248453048109
22386	COLD	4.35022031453	0.166439045867
14104	COLD	6.37507568749	0.238746391491
14296	COLD	4.67168617021	0.178137586139
244	COLD	3.49228477553	0.13481296984
24473	COLD	13.1087240435	0.45561350332
11525	COLD	7.93326097711	0.292155787192
61027	COLD	5.69545188674	0.214842806592
15380	COLD	2.75422108843	0.107134550016
228769	COLD	3.35285026305	0.129617368568
62902	COLD	3.67330377532	0.141534886762
326	COLD	5.19403979507	0.196970372046
8180	COLD	5.43880917222	0.205720108804
5280450	COLD	7.63878623189	0.282211027237
8163	COLD	4.89489610648	0.186211841102
9256	COLD	1.32861130324	0.0524383689315
101010	COLD	2.53066313513	0.0986648230436
27458	COLD	6.70016664733	0.250049772652
24834	COLD	6.93565628147	0.258184920037
2682	COLD	7.49699877421	0.27739795472
520191	COLD	2.87614381408	0.111736871268
16324	COLD	5.50618780167	0.208120270424
10400	COLD	8.31509825007	0.30494758644
8294	COLD	6.10156372965	0.229170917207
8918	COLD	4.89519444586	0.186222606369
14286	COLD	3.05440031543	0.118444268102
31272	COLD	3.74462101299	0.144175965907
10285	COLD	5.78504965238	0.218015266303
7463	COLD	5.89359323946	0.22184995307
11980	COLD	3.25310169308	0.125890999473
6584	COLD	3.987241967	0.153130439279
61024	COLD	3.81620700001	0.146822905654
62725	COLD	2.35489819411	0.0919777095625
61527	COLD	4.97211044563	0.188995664912
8186	COLD	4.29270785321	0.164337377843
31249	COLD	3.40224851643	0.13145982267
4133	COLD	3.40644728704	0.131616338234
519539	COLD	2.46489858962	0.096165653562
6998	COLD	4.01055913518	0.153988531577
1060	COLD	3.14463073529	0.121829748427
2879	SOUR	3.81910068992	0.146929815565
16255	SOUR	6.06934311137	0.228038954133
15606	SOUR	9.18699154441	0.333719336322
11527	SOUR	3.69292250233	0.14226182945
10430	SOUR	11.9406536683	0.420594462721
7151	SOUR	4.43740888038	0.169620116186
5367698	SOUR	7.95856490818	0.293007094168
641423	SOUR	10.6652968181	0.381112450236
6943	SOUR	5.78761838888	0.218106124909
61204	SOUR	5.22529588176	0.19809034845
6137	SOUR	15.2861822344	0.517980342456
660	SOUR	7.62330860552	0.281686410583
8193	SOUR	5.8189299708	0.21921322043
10882	SOUR	8.58212836209	0.313823963594
11124	SOUR	8.9775214804	0.326862502443
8363	SOUR	7.39928528732	0.274071642387
10448	SOUR	14.5664148704	0.497784417945
8375	SOUR	5.77933489975	0.217813111237
8785	SOUR	8.42496299295	0.308606519145
31404	SOUR	4.65931020123	0.177688739429
5780	SOUR	9.32749696835	0.338298998856
7991	SOUR	21.2837180796	0.670150061068
61653	SOUR	10.343518026	0.370945374979
6997	SOUR	8.28556294982	0.303962296635
24197	SOUR	6.67420265631	0.249150113813
12580	SOUR	7.5374639118	0.278773211583
7997	SOUR	11.8110350945	0.41664118378
7601	SOUR	7.11145546871	0.264229099195
650	SOUR	8.06169550762	0.296471446522
6569	SOUR	8.59820353419	0.314356499761
22386	SOUR	6.78296504971	0.252915156042
14104	SOUR	7.2939024518	0.270475692881
14296	SOUR	5.28821569238	0.200342537612
244	SOUR	4.11811260674	0.157940963693
24473	SOUR	2.84176319176	0.110440280455
11525	SOUR	6.38918510562	0.239238729699
61027	SOUR	8.85306897666	0.322772026944
15380	SOUR	17.6904130163	0.582436235577
228769	SOUR	8.64415004036	0.315877469646
62902	SOUR	5.03886578319	0.191398563975
326	SOUR	3.39355780997	0.131135818555
8180	SOUR	13.1788120568	0.45768004738
5280450	SOUR	11.6317589865	0.411151232611
8163	SOUR	10.4751333191	0.375113965544
9256	SOUR	6.77548576647	0.25265654771
101010	SOUR	11.1460510993	0.39614826193
27458	SOUR	6.252320059	0.234456199912
24834	SOUR	4.22487206806	0.161855065126
2682	SOUR	10.2437360048	0.367775789257
520191	SOUR	9.62478395666	0.347936771781
16324	SOUR	11.1982554097	0.397769846698
10400	SOUR	7.42775	0.275041411975
8294	SOUR	13.2511544651	0.459808940741
8918	SOUR	5.04837677288	0.191740627699
14286	SOUR	4.29744897959	0.164510732091
31272	SOUR	4.5672826087	0.174347276177
10285	SOUR	5.55288461539	0.209781573595
7463	SOUR	8.42871397719	0.308731271364
11980	SOUR	7.62949772105	0.281896214652
6584	SOUR	14.9761582118	0.509332202558
61024	SOUR	6.22341023366	0.233444075372
62725	SOUR	14.1080605892	0.484707474134
61527	SOUR	9.2799250055	0.336750196977
8186	SOUR	9.91301971743	0.35721360473
31249	SOUR	6.60538686703	0.246763020416
4133	SOUR	4.86264537154	0.185047686858
519539	SOUR	12.069163966	0.424500671103
6998	SOUR	5.56423186125	0.210185003968
1060	SOUR	12.7096640744	0.443772338622
2879	BURNT	8.28099486119	0.303809844091
16255	BURNT	0.91217150426	0.0361540374291
15606	BURNT	1.63460173983	0.064315300454
11527	BURNT	3.7731347173	0.145230770454
10430	BURNT	3.86187497156	0.148509367544
7151	BURNT	8.49059056253	0.310787571261
5367698	BURNT	3.36756231353	0.130166302167
641423	BURNT	4.13113840057	0.158419014229
6943	BURNT	8.71764097232	0.318306733244
61204	BURNT	2.84449513616	0.110543344414
6137	BURNT	10.2051613166	0.366548325665
660	BURNT	3.41850167603	0.132065605558
8193	BURNT	6.60355941469	0.24669957781
10882	BURNT	3.24659440209	0.125647625999
11124	BURNT	5.12922531881	0.194645431804
8363	BURNT	7.3016134752	0.270739115271
10448	BURNT	12.4881850332	0.437145495158
8375	BURNT	4.97421262122	0.189071388368
8785	BURNT	3.12999883714	0.121281196397
31404	BURNT	8.30253411395	0.304528535473
5780	BURNT	10.1017174625	0.363250820222
7991	BURNT	2.77717497035	0.108001918488
61653	BURNT	10.6448652089	0.38046934623
6997	BURNT	5.84207515002	0.220031069178
24197	BURNT	5.04513955937	0.191624209105
12580	BURNT	6.94027078352	0.258343887921
7997	BURNT	3.37335364863	0.13038234001
7601	BURNT	4.06470552812	0.155979488713
650	BURNT	12.9383687888	0.450574196786
6569	BURNT	3.60118686869	0.138860056002
22386	BURNT	2.5587261119	0.0997302127498
14104	BURNT	8.14768306984	0.299353427031
14296	BURNT	8.55214330675	0.312830070214
244	BURNT	6.19318855747	0.232385308495
24473	BURNT	1.98232919436	0.0777213161606
11525	BURNT	3.27610893368	0.126751201449
61027	BURNT	2.98520747356	0.115843713478
15380	BURNT	4.52482725121	0.172803465387
228769	BURNT	3.9043462843	0.150076283409
62902	BURNT	2.63648574171	0.102679006842
326	BURNT	3.9973717481	0.153503277567
8180	BURNT	7.27684469238	0.269892800225
5280450	BURNT	7.75905652581	0.286281077764
8163	BURNT	4.56520139598	0.174271630325
9256	BURNT	7.50836523184	0.277784389892
101010	BURNT	5.9340766271	0.223277758918
27458	BURNT	11.6124546769	0.410558545627
24834	BURNT	4.62608069893	0.176482978904
2682	BURNT	8.61711718163	0.314982803857
520191	BURNT	12.4390190268	0.435669083334
16324	BURNT	3.43389775414	0.132639248651
10400	BURNT	3.3592537163	0.12985631444
8294	BURNT	3.52194695666	0.13591623412
8918	BURNT	2.89514542499	0.112453070187
14286	BURNT	8.14922106432	0.299404920991
31272	BURNT	2.71382377564	0.105607015231
10285	BURNT	7.48022444344	0.276827474648
7463	BURNT	5.57596439686	0.210602024292
11980	BURNT	8.7984543241	0.320973053567
6584	BURNT	6.17342368839	0.231692483521
61024	BURNT	3.4735209464	0.13411469875
62725	BURNT	28.9051445578	0.82200282955
61527	BURNT	3.21685206195	0.124534827602
8186	BURNT	5.55590420492	0.209888939583
31249	BURNT	2.37414611971	0.0927112168693
4133	BURNT	6.20317719641	0.232735324924
519539	BURNT	11.9578879497	0.421119084302
6998	BURNT	3.93604061937	0.151244658472
1060	BURNT	4.88894771242	0.185997184603
2879	ACID	8.47705314009	0.310337953628
16255	ACID	6.2329527335	0.233778229429
15606	ACID	3.8610730397	0.148479767581
11527	ACID	7.60691591784	0.281130568801
10430	ACID	5.08149429074	0.192931137939
7151	ACID	7.23292420996	0.268390891347
5367698	ACID	8.06620611845	0.29662277228
641423	ACID	4.78853859571	0.182369503075
6943	ACID	6.57921370676	0.245854127071
61204	ACID	3.39728271793	0.131274696771
6137	ACID	5.03845164449	0.19138366779
660	ACID	4.12022342679	0.158018440637
8193	ACID	10.3599845822	0.37146767107
10882	ACID	6.57084044527	0.245563240148
11124	ACID	7.18815018315	0.266858206104
8363	ACID	3.00338932806	0.11652743414
10448	ACID	4.13330595682	0.15849855102
8375	ACID	7.79557823128	0.287514713267
8785	ACID	5.63789793941	0.212801560306
31404	ACID	8.78187107532	0.32042633918
5780	ACID	8.9334667019	0.32541593715
7991	ACID	8.57564931621	0.31360926817
61653	ACID	5.70577314524	0.215208586936
6997	ACID	6.82134375256	0.254241457866
24197	ACID	3.60253468862	0.138910085072
12580	ACID	7.13994676604	0.265206334713
7997	ACID	10.5044025161	0.376039111756
7601	ACID	5.31853052032	0.201426514054
650	ACID	6.50234486688	0.243181599168
6569	ACID	10.4609390831	0.374665064723
22386	ACID	9.84937800309	0.355171021304
14104	ACID	6.14419529428	0.230667357445
14296	ACID	5.29253198448	0.200496921457
244	ACID	7.20626273697	0.267478420425
24473	ACID	4.03485768587	0.154882276817
11525	ACID	11.7996884899	0.416294480212
61027	ACID	5.43108839151	0.205444847214
15380	ACID	4.02983139808	0.154697439484
228769	ACID	5.52350892576	0.208736696689
62902	ACID	4.5375442258	0.173266045992
326	ACID	7.01182978752	0.260806888713
8180	ACID	10.057326456	0.361833132064
5280450	ACID	7.7901321647	0.287330822931
8163	ACID	6.6071152924	0.246823022701
9256	ACID	5.39603234911	0.204194427919
101010	ACID	6.01459645387	0.226113709954
27458	ACID	6.2092552137	0.232948268424
24834	ACID	6.01345960008	0.226073705458
2682	ACID	10.8809836571	0.387881024146
520191	ACID	7.60321533716	0.281005060101
16324	ACID	6.90770470664	0.25722163454
10400	ACID	14.8980797101	0.507142076785
8294	ACID	5.57581483047	0.210596708809
8918	ACID	4.35669369913	0.16667543597
14286	ACID	5.16787076387	0.196032075262
31272	ACID	2.85455090752	0.110922651947
10285	ACID	9.80838603423	0.353853666731
7463	ACID	5.59040756019	0.211115239732
11980	ACID	8.02350100395	0.295189412814
6584	ACID	8.62915503819	0.315381274858
61024	ACID	4.99646174119	0.189872617675
62725	ACID	6.92183392368	0.257708643
61527	ACID	9.32639012125	0.338262983773
8186	ACID	9.35585557742	0.339221409663
31249	ACID	3.70391601008	0.142669042879
4133	ACID	4.22387838444	0.161818675935
519539	ACID	6.7643049804	0.252269870469
6998	ACID	3.93828376311	0.151327318925
1060	ACID	7.78605907671	0.28719327669
2879	WARM	4.74171858449	0.180675185326
16255	WARM	7.02192291652	0.261153956082
15606	WARM	6.87746593505	0.256178822327
11527	WARM	4.59548129808	0.175371872579
10430	WARM	4.03055476101	0.154724041768
7151	WARM	6.49446973201	0.242907534441
5367698	WARM	5.42495072088	0.205225992706
641423	WARM	9.18088852859	0.333520055474
6943	WARM	6.94532258866	0.258517901202
61204	WARM	5.29816359854	0.200698328935
6137	WARM	7.06657057131	0.262688254997
660	WARM	6.00358651707	0.225726240256
8193	WARM	4.40732317225	0.168523127872
10882	WARM	6.29264363886	0.235866799968
11124	WARM	4.83053450983	0.183887754933
8363	WARM	8.46566271371	0.309959530475
10448	WARM	5.63870128099	0.212830070385
8375	WARM	6.62111258229	0.247308850561
8785	WARM	6.42002755361	0.240314400629
31404	WARM	7.64877175828	0.282549386567
5780	WARM	5.36168891886	0.202968473529
7991	WARM	5.72832049949	0.216007357682
61653	WARM	5.57069838586	0.210414863232
6997	WARM	5.51060499101	0.208277492694
24197	WARM	6.04796226218	0.227287351477
12580	WARM	5.55935002981	0.210011452091
7997	WARM	4.88112414553	0.185714816652
7601	WARM	6.96625714079	0.259238790211
650	WARM	6.3734320457	0.238689027411
6569	WARM	4.92947072221	0.187458956248
22386	WARM	5.14879803728	0.195347873
14104	WARM	6.90884786539	0.257261043085
14296	WARM	5.16255236944	0.195841315991
244	WARM	6.2264623861	0.233550961906
24473	WARM	4.47535348442	0.171002623852
11525	WARM	6.00773026315	0.22587208136
61027	WARM	6.53382097705	0.244276512458
15380	WARM	5.49413076611	0.207691041494
228769	WARM	7.99656313027	0.294284516452
62902	WARM	5.2934826742	0.200530923439
326	WARM	6.07846959436	0.228359666731
8180	WARM	6.6184294049	0.247215733081
5280450	WARM	6.68214443145	0.249425355577
8163	WARM	3.93354396084	0.151152651197
9256	WARM	4.00780712536	0.153887277833
101010	WARM	6.0909029942	0.228796480054
27458	WARM	7.79075993451	0.287352021238
24834	WARM	6.14612926708	0.230735208696
2682	WARM	4.9127824596	0.186857125786
520191	WARM	7.3192841809	0.271342598868
16324	WARM	6.10120061285	0.229158164947
10400	WARM	6.00123168499	0.225643354705
8294	WARM	6.06044673822	0.227726263662
8918	WARM	4.86732075116	0.185216505529
14286	WARM	6.34860560155	0.237822306828
31272	WARM	5.54907325822	0.209646044719
10285	WARM	5.66480983592	0.213756365246
7463	WARM	5.41827424677	0.204987891545
11980	WARM	5.01791893154	0.1906449531
6584	WARM	4.60087661942	0.17556783851
61024	WARM	7.11193562782	0.264245573763
62725	WARM	5.29454521	0.200568924808
61527	WARM	6.75637890549	0.251995693854
8186	WARM	6.07070983071	0.228086986089
31249	WARM	5.73591954715	0.216276472665
4133	WARM	5.54761089807	0.209594041252
519539	WARM	4.35741078227	0.166701619801
6998	WARM	15.2593300065	0.51723433936
1060	WARM	7.32499702051	0.27153764828
2879	MUSKY	9.76988970044	0.352615290114
16255	MUSKY	7.42036842254	0.274789989891
15606	MUSKY	5.74952075004	0.216758034459
11527	MUSKY	9.55424952544	0.34565650742
10430	MUSKY	13.0992891317	0.455335014967
7151	MUSKY	3.69738584828	0.142427169087
5367698	MUSKY	8.62881375418	0.315369979446
641423	MUSKY	8.3596477803	0.306432426808
6943	MUSKY	8.29218447529	0.304183249663
61204	MUSKY	4.74973991825	0.180965585013
6137	MUSKY	11.4533363428	0.405661888361
660	MUSKY	7.3893600548	0.273733345384
8193	MUSKY	7.93139901667	0.292093124522
10882	MUSKY	4.61627034031	0.176126832871
11124	MUSKY	5.64224702431	0.212955900379
8363	MUSKY	8.24446533183	0.30259012983
10448	MUSKY	9.43181291121	0.341688878532
8375	MUSKY	10.02097937	0.360671163787
8785	MUSKY	3.06650362156	0.118898767078
31404	MUSKY	5.64721074378	0.213132034077
5780	MUSKY	8.53501304008	0.312261942565
7991	MUSKY	20.4988500908	0.651872861613
61653	MUSKY	7.33731884057	0.271958254516
6997	MUSKY	5.87112019843	0.221056786983
24197	MUSKY	4.60379596976	0.175673863858
12580	MUSKY	7.48948084152	0.277142304351
7997	MUSKY	4.91520264311	0.186944418915
7601	MUSKY	8.28034272806	0.303788078845
650	MUSKY	11.1676476836	0.396819365429
6569	MUSKY	5.49873750055	0.207855054382
22386	MUSKY	4.6422606383	0.177070191998
14104	MUSKY	8.87918752697	0.323631512623
14296	MUSKY	7.7632189511	0.286421730651
244	MUSKY	7.92479299576	0.29187078222
24473	MUSKY	4.10885880749	0.15760126402
11525	MUSKY	4.68915376871	0.178770885522
61027	MUSKY	10.0490238485	0.361567801817
15380	MUSKY	12.0034779207	0.42250572395
228769	MUSKY	8.62890157833	0.315372886154
62902	MUSKY	3.22040005162	0.124667611468
326	MUSKY	6.53714705928	0.244392165701
8180	MUSKY	12.834233497	0.447482320097
5280450	MUSKY	9.12485904672	0.33168914082
8163	MUSKY	6.66768752685	0.248924278292
9256	MUSKY	11.5128374754	0.407495328322
101010	MUSKY	11.6950540487	0.413092446267
27458	MUSKY	7.40608692132	0.274303427458
24834	MUSKY	5.57617074949	0.210609357888
2682	MUSKY	9.58702934822	0.346716721239
520191	MUSKY	7.44704264916	0.275698328279
16324	MUSKY	7.65955915539	0.282914827634
10400	MUSKY	6.47903003466	0.24237006931
8294	MUSKY	9.23023362508	0.335130459894
8918	MUSKY	6.28455145629	0.235583823449
14286	MUSKY	10.0991804693	0.363169840311
31272	MUSKY	4.10946841977	0.157623644514
10285	MUSKY	10.4933756138	0.375690651842
7463	MUSKY	7.64735885592	0.282501515248
11980	MUSKY	3.83667558654	0.147578991639
6584	MUSKY	9.73159828155	0.351382329217
61024	MUSKY	6.59487143127	0.246397925573
62725	MUSKY	16.4336572381	0.549320253436
61527	MUSKY	9.2348353067	0.335280539011
8186	MUSKY	12.1565421323	0.427149078647
31249	MUSKY	4.45749261228	0.170352008336
4133	MUSKY	3.27420755536	0.126680128168
519539	MUSKY	15.4243556622	0.52180992745
6998	MUSKY	6.98269099365	0.259804450341
1060	MUSKY	10.6508955826	0.380659192619
2879	SWEATY	5.31577769649	0.201328110852
16255	SWEATY	2.92116780045	0.113433423491
15606	SWEATY	3.44716454223	0.133133404337
11527	SWEATY	6.05787545786	0.227635876289
10430	SWEATY	10.1020779772	0.363262327306
7151	SWEATY	3.16310854777	0.122522239637
5367698	SWEATY	5.15517210145	0.1955765643
641423	SWEATY	4.82440410114	0.183666214073
6943	SWEATY	5.00836149275	0.190300985773
61204	SWEATY	1.20833035318	0.0477491892303
6137	SWEATY	7.58014228282	0.280222268502
660	SWEATY	1.73942291584	0.0683666798014
8193	SWEATY	2.34881815652	0.091745947568
10882	SWEATY	1.78025221442	0.0699423693979
11124	SWEATY	3.29781775075	0.127562469263
8363	SWEATY	1.97215955233	0.0773306167734
10448	SWEATY	8.93342825149	0.32541467393
8375	SWEATY	3.34836145997	0.129449848612
8785	SWEATY	2.83014185259	0.110001792941
31404	SWEATY	1.10962260945	0.0438923994439
5780	SWEATY	5.60525268007	0.21164256416
7991	SWEATY	17.0179640207	0.564874121065
61653	SWEATY	3.92176170912	0.150718382403
6997	SWEATY	1.84042454864	0.0722621169378
24197	SWEATY	2.10068826835	0.0822623742537
12580	SWEATY	1.66588818097	0.0655254538661
7997	SWEATY	1.95063969981	0.0765035898971
7601	SWEATY	9.9825	0.3594398775
650	SWEATY	4.8520754861	0.184665964835
6569	SWEATY	2.31133921094	0.0903166528584
22386	SWEATY	2.80908333333	0.109206953664
14104	SWEATY	1.54914223054	0.0610057525615
14296	SWEATY	3.3193030398	0.128365012524
244	SWEATY	0.477891156463	0.0190242942755
24473	SWEATY	0.562500575665	0.0223734602676
11525	SWEATY	3.90151943184	0.149972035723
61027	SWEATY	5.92096963423	0.222815632805
15380	SWEATY	2.18431676749	0.0854641748033
228769	SWEATY	1.22704297971	0.0484794653987
62902	SWEATY	2.4846074263	0.096914987427
326	SWEATY	1.82855366518	0.0718047032046
8180	SWEATY	6.84523556231	0.255066522531
5280450	SWEATY	5.72900785764	0.216031701893
8163	SWEATY	2.81637132514	0.109482074029
9256	SWEATY	3.09995812947	0.120154429017
101010	SWEATY	2.09713461826	0.0821261952877
27458	SWEATY	2.00495114463	0.0785901141482
24834	SWEATY	1.220073191	0.0482074962035
2682	SWEATY	6.22924204706	0.23364829929
520191	SWEATY	2.73269738317	0.106320841332
16324	SWEATY	3.17123193016	0.122826592424
10400	SWEATY	3.87532743042	0.14900583214
8294	SWEATY	2.70603279551	0.105312266424
8918	SWEATY	2.80695374604	0.109126554109
14286	SWEATY	2.68998930676	0.104705155282
31272	SWEATY	3.3094562167	0.127997248488
10285	SWEATY	5.03494292831	0.191257457016
7463	SWEATY	4.25256351611	0.162868822061
11980	SWEATY	7.83463057828	0.288832648612
6584	SWEATY	6.05433185763	0.227511300608
61024	SWEATY	3.6083801098	0.139127041585
62725	SWEATY	4.84334812582	0.184350716606
61527	SWEATY	2.50347495705	0.0976320435378
8186	SWEATY	3.86380887543	0.148580747407
31249	SWEATY	2.76456320777	0.107525404419
4133	SWEATY	2.75941473479	0.10733084152
519539	SWEATY	4.38539546716	0.167723141325
6998	SWEATY	1.92479950835	0.0755100390752
1060	SWEATY	6.1379965053	0.230449859772
2879	AMMONIA/URINOUS	3.57910568806	0.138040228512
16255	AMMONIA/URINOUS	3.48430436965	0.13451602401
15606	AMMONIA/URINOUS	4.14272648353	0.158844186254
11527	AMMONIA/URINOUS	7.31646312781	0.271246272032
10430	AMMONIA/URINOUS	6.12146345718	0.229869612344
7151	AMMONIA/URINOUS	1.75158849345	0.068836314838
5367698	AMMONIA/URINOUS	7.75109755498	0.286012096877
641423	AMMONIA/URINOUS	4.35506710396	0.166616040366
6943	AMMONIA/URINOUS	3.78694453035	0.145741401664
61204	AMMONIA/URINOUS	2.18101557117	0.0853378912783
6137	AMMONIA/URINOUS	7.48165541217	0.276876149404
660	AMMONIA/URINOUS	3.60404068682	0.138965983764
8193	AMMONIA/URINOUS	8.23769433377	0.302363930176
10882	AMMONIA/URINOUS	4.59357246714	0.175302535481
11124	AMMONIA/URINOUS	4.98816986856	0.189574059287
8363	AMMONIA/URINOUS	2.63042115507	0.102449200022
10448	AMMONIA/URINOUS	8.04140521434	0.295790529445
8375	AMMONIA/URINOUS	4.14528936998	0.158938205215
8785	AMMONIA/URINOUS	4.26003715729	0.163142319659
31404	AMMONIA/URINOUS	4.60223978716	0.175617347063
5780	AMMONIA/URINOUS	5.23484126983	0.198432225545
7991	AMMONIA/URINOUS	7.88646896259	0.290580201424
61653	AMMONIA/URINOUS	6.63915257482	0.247934764228
6997	AMMONIA/URINOUS	7.87012588657	0.290029482875
24197	AMMONIA/URINOUS	2.09408564765	0.082009348026
12580	AMMONIA/URINOUS	3.62172197747	0.139622131066
7997	AMMONIA/URINOUS	5.40368424137	0.204467448303
7601	AMMONIA/URINOUS	10.3649482402	0.371625068798
650	AMMONIA/URINOUS	7.96665288896	0.293279092257
6569	AMMONIA/URINOUS	6.63670961974	0.247850018959
22386	AMMONIA/URINOUS	9.4566066277	0.342493301544
14104	AMMONIA/URINOUS	5.31487060884	0.201295684518
14296	AMMONIA/URINOUS	5.84741235895	0.22021960184
244	AMMONIA/URINOUS	3.91265179476	0.150382534164
24473	AMMONIA/URINOUS	7.33215410003	0.271781970503
11525	AMMONIA/URINOUS	8.52383422204	0.311891068944
61027	AMMONIA/URINOUS	2.49042802289	0.0971362282207
15380	AMMONIA/URINOUS	10.7312303736	0.383185492812
228769	AMMONIA/URINOUS	3.35659666324	0.129757170066
62902	AMMONIA/URINOUS	1.63189398152	0.0642105280739
326	AMMONIA/URINOUS	6.82463804213	0.254355247923
8180	AMMONIA/URINOUS	7.08567154255	0.263344165218
5280450	AMMONIA/URINOUS	5.05655212814	0.192034597356
8163	AMMONIA/URINOUS	9.36108534246	0.339391446183
9256	AMMONIA/URINOUS	5.05759923671	0.192072245453
101010	AMMONIA/URINOUS	5.82358423108	0.219377715925
27458	AMMONIA/URINOUS	7.32661347516	0.271592833001
24834	AMMONIA/URINOUS	4.81157971709	0.183202668934
2682	AMMONIA/URINOUS	5.76688305917	0.21737254628
520191	AMMONIA/URINOUS	6.99262091785	0.260146137794
16324	AMMONIA/URINOUS	3.60898810384	0.1391496061
10400	AMMONIA/URINOUS	4.12554406691	0.158213717137
8294	AMMONIA/URINOUS	3.32183772977	0.12845966683
8918	AMMONIA/URINOUS	5.08480623746	0.19305014771
14286	AMMONIA/URINOUS	4.28718364882	0.164135368497
31272	AMMONIA/URINOUS	3.54586486599	0.13680533158
10285	AMMONIA/URINOUS	10.7348771713	0.3833000517
7463	AMMONIA/URINOUS	9.47180563171	0.342986184499
11980	AMMONIA/URINOUS	4.56953871437	0.17442927495
6584	AMMONIA/URINOUS	5.94021380621	0.223494096223
61024	AMMONIA/URINOUS	2.21658154594	0.0866979683377
62725	AMMONIA/URINOUS	7.70288328114	0.284381566908
61527	AMMONIA/URINOUS	6.01816080626	0.226239128454
8186	AMMONIA/URINOUS	7.41274861307	0.274530407723
31249	AMMONIA/URINOUS	3.45707767069	0.133502552419
4133	AMMONIA/URINOUS	3.40571851318	0.131589173091
519539	AMMONIA/URINOUS	7.08856634538	0.263443544682
6998	AMMONIA/URINOUS	1.70604065476	0.067077396304
1060	AMMONIA/URINOUS	2.91982966464	0.113383024477
2879	DECAYED	2.96334946799	0.115021402692
16255	DECAYED	3.86816837172	0.148741644248
15606	DECAYED	1.8889366457	0.0741302331674
11527	DECAYED	3.98570988357	0.153074042032
10430	DECAYED	8.06935059956	0.296728256343
7151	DECAYED	4.58743862762	0.17507970784
5367698	DECAYED	3.59253706624	0.138538953621
641423	DECAYED	4.93930661897	0.187813564808
6943	DECAYED	3.34859477699	0.129458556287
61204	DECAYED	2.51447657277	0.0980500259369
6137	DECAYED	6.75325234024	0.251887526741
660	DECAYED	4.09517571048	0.157098842779
8193	DECAYED	4.17466506599	0.160015471274
10882	DECAYED	4.0851145807	0.156729318773
11124	DECAYED	2.30896867612	0.090226212506
8363	DECAYED	1.74219304453	0.0684736271394
10448	DECAYED	15.1552176871	0.514336458226
8375	DECAYED	4.24076388888	0.162436924211
8785	DECAYED	2.27990389936	0.0891169712582
31404	DECAYED	1.88059974092	0.0738093274826
5780	DECAYED	2.57091128592	0.100192617501
7991	DECAYED	12.4645273146	0.436435316115
61653	DECAYED	5.20976634214	0.19753398755
6997	DECAYED	4.56716052585	0.174342838926
24197	DECAYED	1.96977354796	0.0772389387865
12580	DECAYED	2.94276702484	0.114246729889
7997	DECAYED	7.45158755537	0.275853039377
7601	DECAYED	2.42430175404	0.0946211745638
650	DECAYED	3.7687604978	0.145068997636
6569	DECAYED	6.55899875137	0.245151764207
22386	DECAYED	2.23936655283	0.0875687570901
14104	DECAYED	1.5976265621	0.0628840982314
14296	DECAYED	3.08650808709	0.119649710615
244	DECAYED	1.3462585034	0.0531253753529
24473	DECAYED	2.02520197226	0.079367501679
11525	DECAYED	4.82002476429	0.18350793508
61027	DECAYED	3.68012013316	0.141787491648
15380	DECAYED	17.7683843537	0.584449181133
228769	DECAYED	4.7642566582	0.181491009726
62902	DECAYED	2.79179382031	0.108554107718
326	DECAYED	5.35215404839	0.202627940752
8180	DECAYED	3.83335876273	0.147456494748
5280450	DECAYED	2.04928233705	0.0802914702431
8163	DECAYED	2.30812086398	0.09019386579
9256	DECAYED	7.61418868236	0.281377199578
101010	DECAYED	11.9115599017	0.419708292353
27458	DECAYED	9.14491829343	0.3323449195
24834	DECAYED	1.98204828323	0.0777105251705
2682	DECAYED	5.40524651634	0.204523184693
520191	DECAYED	5.33300391517	0.201943784303
16324	DECAYED	7.41354166666	0.274557426649
10400	DECAYED	6.12255434783	0.229907905216
8294	DECAYED	6.43498444201	0.240835767773
8918	DECAYED	4.03760457311	0.154983282649
14286	DECAYED	7.24717724043	0.268878458436
31272	DECAYED	5.29941412272	0.200743048891
10285	DECAYED	1.38960761461	0.0548119008553
7463	DECAYED	3.57097831789	0.137738378257
11980	DECAYED	2.90340316978	0.112764226805
6584	DECAYED	1.75144891469	0.0688309272673
61024	DECAYED	2.6760564888	0.10417774822
62725	DECAYED	4.23219156364	0.162123084373
61527	DECAYED	6.54902328484	0.244805049
8186	DECAYED	2.83102936531	0.110035283706
31249	DECAYED	2.73301326181	0.106332785877
4133	DECAYED	1.53540763592	0.0604733147935
519539	DECAYED	6.43783086934	0.240934968253
6998	DECAYED	5.04013742539	0.191444302909
1060	DECAYED	3.92408411033	0.150803989971
2879	WOOD	4.45103744159	0.170116803941
16255	WOOD	3.23165876862	0.125088903386
15606	WOOD	1.31123807704	0.0517617849637
11527	WOOD	3.66314742724	0.14115843746
10430	WOOD	1.16624017894	0.0461055606956
7151	WOOD	3.28893873015	0.127230702018
5367698	WOOD	3.19262820458	0.123627978242
641423	WOOD	2.92463158902	0.113563875588
6943	WOOD	4.61482835408	0.176074477868
61204	WOOD	3.30917026154	0.127986567334
6137	WOOD	3.20005527317	0.123906069426
660	WOOD	3.17679273971	0.123034904744
8193	WOOD	3.55961121242	0.137316115703
10882	WOOD	3.3309608132	0.128800312552
11124	WOOD	2.6554481312	0.103397363337
8363	WOOD	1.36460030506	0.0538391586052
10448	WOOD	3.37585742994	0.130475731843
8375	WOOD	3.73734825788	0.143906821515
8785	WOOD	1.58605304236	0.0624358959931
31404	WOOD	2.92336887696	0.113516320842
5780	WOOD	2.97125299704	0.115318782132
7991	WOOD	2.37690484754	0.09281632324
61653	WOOD	3.89489930215	0.149727875857
6997	WOOD	2.34157982342	0.0914699945089
24197	WOOD	3.64333671041	0.140423907462
12580	WOOD	1.5311967482	0.0603100445354
7997	WOOD	2.53544820448	0.0988465291403
7601	WOOD	3.23210418221	0.12510556831
650	WOOD	3.37249739949	0.130350400496
6569	WOOD	3.90744047619	0.150190382618
22386	WOOD	1.85227465986	0.0727186178283
14104	WOOD	6.35596187943	0.238079174612
14296	WOOD	4.69977435318	0.179155822539
244	WOOD	2.41477664059	0.094258607134
24473	WOOD	3.7918378637	0.145922300794
11525	WOOD	3.93380576789	0.151162299588
61027	WOOD	1.7316927835	0.0680682073813
15380	WOOD	1.12791666667	0.0446077882639
228769	WOOD	3.47655832323	0.134227749819
62902	WOOD	2.90329516914	0.11276015763
326	WOOD	3.78377511113	0.145624222809
8180	WOOD	7.13079499902	0.264892505034
5280450	WOOD	5.6365248227	0.212752828077
8163	WOOD	1.33421826036	0.0526566750678
9256	WOOD	5.19914418868	0.19715332743
101010	WOOD	4.88798753782	0.185962532645
27458	WOOD	10.4334608844	0.373795592964
24834	WOOD	2.16356827084	0.0846703197685
2682	WOOD	2.75878622556	0.107307088447
520191	WOOD	4.59573393576	0.175381049267
16324	WOOD	1.5940126398	0.0627441550736
10400	WOOD	0.833999112689	0.0330817426996
8294	WOOD	2.88777130312	0.112175162885
8918	WOOD	2.19361295111	0.0858197429325
14286	WOOD	6.15134905312	0.230918324055
31272	WOOD	1.77182786158	0.0696173648748
10285	WOOD	1.76777777778	0.0694610958026
7463	WOOD	8.60104392821	0.314450574466
11980	WOOD	1.53083835397	0.0602961477324
6584	WOOD	4.5806020245	0.174831315017
61024	WOOD	1.34862794659	0.0532175989284
62725	WOOD	4.64118902881	0.177031306912
61527	WOOD	3.79028013804	0.145864716112
8186	WOOD	6.6251449589	0.247448780065
31249	WOOD	2.62539695337	0.10225879447
4133	WOOD	0.924892518858	0.0366535302857
519539	WOOD	3.93327118369	0.151142598466
6998	WOOD	1.98348993015	0.0777659042849
1060	WOOD	2.99797210798	0.116323749615
2879	GRASS	2.17491222632	0.0851043917759
16255	GRASS	4.43143781525	0.169402456166
15606	GRASS	4.02161693835	0.154395316414
11527	GRASS	2.86406972055	0.111281630676
10430	GRASS	1.81902264402	0.0714373684091
7151	GRASS	3.33916021635	0.129106412274
5367698	GRASS	5.94689915459	0.223729722362
641423	GRASS	1.44548394673	0.056983588333
6943	GRASS	3.76149176293	0.144800142404
61204	GRASS	2.09914438332	0.0822032124759
6137	GRASS	2.59233543519	0.101005336204
660	GRASS	2.03387634708	0.0797003926853
8193	GRASS	2.84467151986	0.110549998372
10882	GRASS	2.22839563601	0.0871495265962
11124	GRASS	1.83131460526	0.0719110989369
8363	GRASS	2.98531340076	0.11584769759
10448	GRASS	5.49242683963	0.20763037255
8375	GRASS	3.34421057828	0.129294925374
8785	GRASS	2.59812193769	0.101224782466
31404	GRASS	3.07516711032	0.11922402331
5780	GRASS	4.23755853569	0.16231958049
7991	GRASS	3.56453332647	0.137498973925
61653	GRASS	3.78243915431	0.14557482779
6997	GRASS	1.98616464621	0.0778686458479
24197	GRASS	1.99047311478	0.0780341313028
12580	GRASS	3.12625329531	0.121140747946
7997	GRASS	10.9367857143	0.389626115867
7601	GRASS	1.65361523997	0.0650508322539
650	GRASS	5.18018540399	0.196473687832
6569	GRASS	2.86110474629	0.111169821704
22386	GRASS	1.7064618083	0.0670936675707
14104	GRASS	2.66315651146	0.103689299417
14296	GRASS	3.17994313664	0.123152910125
244	GRASS	4.00563847842	0.153807483289
24473	GRASS	2.16517832716	0.0847319342111
11525	GRASS	0.546146616541	0.0217265542109
61027	GRASS	2.50124415033	0.0975472770933
15380	GRASS	3.77587503086	0.145332108335
228769	GRASS	3.83905254092	0.147666771872
62902	GRASS	1.72774041635	0.0679155818755
326	GRASS	1.56014707502	0.0614322594424
8180	GRASS	3.19393839604	0.12367703885
5280450	GRASS	2.1003916915	0.0822510095568
8163	GRASS	2.0787741942	0.0814224469078
9256	GRASS	2.09635446114	0.082096297635
101010	GRASS	6.52411445536	0.243938950444
27458	GRASS	1.88256254115	0.0738848849573
24834	GRASS	2.0567329932	0.0805772594858
2682	GRASS	2.07037073149	0.0811002552734
520191	GRASS	5.1290760446	0.194640073356
16324	GRASS	4.46053762129	0.170462946503
10400	GRASS	1.01947648625	0.0403633265275
8294	GRASS	2.37674985433	0.0928104182253
8918	GRASS	4.01505362451	0.154153882737
14286	GRASS	1.46356132192	0.0576856481796
31272	GRASS	9.76087070875	0.352324989553
10285	GRASS	2.72516384582	0.106035946638
7463	GRASS	2.96064136113	0.114919495537
11980	GRASS	4.27123415275	0.163551989635
6584	GRASS	2.40339729875	0.0938253645197
61024	GRASS	1.69063593325	0.0664821373863
62725	GRASS	2.20449752056	0.0862359770952
61527	GRASS	3.65752221527	0.140949901109
8186	GRASS	2.0990756263	0.0822005776581
31249	GRASS	4.29816047824	0.164536745731
4133	GRASS	2.38459392302	0.0931092416496
519539	GRASS	1.84911646744	0.0725969660134
6998	GRASS	2.16833703083	0.0848528070416
1060	GRASS	4.16522919321	0.159669514036
2879	FLOWER	3.25560586674	0.125984646846
16255	FLOWER	9.41060412606	0.341000377035
15606	FLOWER	8.58230221931	0.313829724219
11527	FLOWER	4.30400150417	0.164750288587
10430	FLOWER	2.22457244081	0.0870034086148
7151	FLOWER	6.55376918699	0.244970011257
5367698	FLOWER	6.78470681751	0.25297537406
641423	FLOWER	6.43109767683	0.240700300142
6943	FLOWER	4.9172250894	0.187017362544
61204	FLOWER	9.1310758365	0.331892415087
6137	FLOWER	4.2500446762	0.162776635148
660	FLOWER	7.59060405162	0.280577254117
8193	FLOWER	6.21831448583	0.233265605415
10882	FLOWER	8.55710365917	0.312994537153
11124	FLOWER	3.67536802102	0.141611388805
8363	FLOWER	13.4143918232	0.464597309732
10448	FLOWER	3.49832184417	0.135037571477
8375	FLOWER	13.0375944624	0.453512230751
8785	FLOWER	21.227281746	0.668852273711
31404	FLOWER	5.85612000781	0.220527143694
5780	FLOWER	6.94015057243	0.25833974691
7991	FLOWER	4.05040313408	0.155453819144
61653	FLOWER	2.38515151074	0.093130481338
6997	FLOWER	7.3542400082	0.272535661889
24197	FLOWER	9.3913552179	0.340375187585
12580	FLOWER	5.52246017692	0.208699380515
7997	FLOWER	8.94078822235	0.325656451279
7601	FLOWER	14.8406145935	0.505527047135
650	FLOWER	3.15365297875	0.122167908306
6569	FLOWER	3.43136203512	0.132544783238
22386	FLOWER	3.33912529551	0.129105108725
14104	FLOWER	5.45657868821	0.206353447136
14296	FLOWER	3.98701703669	0.153122159527
244	FLOWER	9.53153371108	0.344921294489
24473	FLOWER	4.05675888572	0.155687438366
11525	FLOWER	4.83859263856	0.184178914054
61027	FLOWER	4.9441865186	0.187989468612
15380	FLOWER	3.18991666666	0.12352643933
228769	FLOWER	8.00542883331	0.29458239701
62902	FLOWER	7.98555570432	0.29391458821
326	FLOWER	6.92589984662	0.257848758391
8180	FLOWER	4.26407294833	0.16328999069
5280450	FLOWER	5.21160347559	0.197599814709
8163	FLOWER	5.08002656202	0.192878394533
9256	FLOWER	2.10069836445	0.0822627611307
101010	FLOWER	7.03064434049	0.261453789683
27458	FLOWER	1.0031385559	0.039723027451
24834	FLOWER	7.17829339059	0.266520577223
2682	FLOWER	3.24192271265	0.125472883356
520191	FLOWER	2.87061745878	0.111528520513
16324	FLOWER	7.92691071483	0.291942063201
10400	FLOWER	6.29625	0.235992894375
8294	FLOWER	10.3876138001	0.372343543821
8918	FLOWER	5.36299989081	0.203015288501
14286	FLOWER	6.62697867253	0.247512408371
31272	FLOWER	6.2569866474	0.234619513134
10285	FLOWER	4.33040450876	0.165715219067
7463	FLOWER	4.41049818798	0.168638929813
11980	FLOWER	8.44209562727	0.309176233659
6584	FLOWER	3.84430755054	0.147860821804
61024	FLOWER	7.50770567774	0.277761969292
62725	FLOWER	1.16926193922	0.0462236081759
61527	FLOWER	3.64662067922	0.140545690217
8186	FLOWER	1.76969567796	0.0695350980014
31249	FLOWER	10.3004678574	0.369578859064
4133	FLOWER	15.8996668158	0.534866910689
519539	FLOWER	0.509910953246	0.0202924344578
6998	FLOWER	5.51043602336	0.208271478868
1060	FLOWER	5.11479470934	0.194127338406
2879	CHEMICAL	15.7637062716	0.531150476697
16255	CHEMICAL	16.1700599318	0.542214061992
15606	CHEMICAL	12.1158377056	0.4259160989
11527	CHEMICAL	40.2277925532	0.961801584647
10430	CHEMICAL	21.7284817287	0.680288501855
7151	CHEMICAL	13.3038817433	0.461357961957
5367698	CHEMICAL	12.9411746455	0.450657385339
641423	CHEMICAL	16.5369000378	0.552088376368
6943	CHEMICAL	16.8312233058	0.559932901043
61204	CHEMICAL	8.16195321792	0.299831136584
6137	CHEMICAL	5.58220977011	0.210823964438
660	CHEMICAL	12.5953977734	0.440358292909
8193	CHEMICAL	37.0114135941	0.932518649271
10882	CHEMICAL	12.1742883315	0.427686214707
11124	CHEMICAL	14.8467050827	0.505698342584
8363	CHEMICAL	14.7995483334	0.504371280987
10448	CHEMICAL	12.6760255155	0.442768371472
8375	CHEMICAL	16.1532592622	0.541759256571
8785	CHEMICAL	20.4763682746	0.651342067897
31404	CHEMICAL	29.8882486239	0.838206982635
5780	CHEMICAL	15.5742344302	0.525946665973
7991	CHEMICAL	24.5211387	0.740331050741
61653	CHEMICAL	13.6698312284	0.472047534809
6997	CHEMICAL	19.9693450812	0.63926390606
24197	CHEMICAL	13.8693256117	0.477829747298
12580	CHEMICAL	12.6258168417	0.441268173299
7997	CHEMICAL	11.1711712406	0.39692882287
7601	CHEMICAL	11.7336706569	0.414275215441
650	CHEMICAL	16.4096334644	0.548674910402
6569	CHEMICAL	29.9914709655	0.83986350635
22386	CHEMICAL	33.8600620567	0.895800961275
14104	CHEMICAL	13.0065809813	0.452594779722
14296	CHEMICAL	16.1618083774	0.541990715085
244	CHEMICAL	22.9888484662	0.708159077126
24473	CHEMICAL	35.0582100039	0.910697164685
11525	CHEMICAL	39.2933954452	0.954147447562
61027	CHEMICAL	8.46517133438	0.309943203087
15380	CHEMICAL	10.5104967657	0.376231653723
228769	CHEMICAL	16.3406070384	0.546818106182
62902	CHEMICAL	15.3384239283	0.519430057691
326	CHEMICAL	17.9226106957	0.588416438168
8180	CHEMICAL	24.6979065055	0.743921625919
5280450	CHEMICAL	16.8888871096	0.561461681263
8163	CHEMICAL	24.7464728211	0.74490374601
9256	CHEMICAL	9.77034344256	0.352629893308
101010	CHEMICAL	11.6250602908	0.410945600926
27458	CHEMICAL	16.3683801258	0.547565657855
24834	CHEMICAL	17.3868787945	0.574553730094
2682	CHEMICAL	37.2861302916	0.935343006815
520191	CHEMICAL	12.2006301408	0.428483055298
16324	CHEMICAL	11.0672926253	0.39369771859
10400	CHEMICAL	42.2915059524	0.976231647807
8294	CHEMICAL	7.95274871516	0.292811463756
8918	CHEMICAL	15.5638831117	0.525661541462
14286	CHEMICAL	14.2403038977	0.488497653868
31272	CHEMICAL	15.2686238407	0.517492604031
10285	CHEMICAL	26.2019444445	0.77346102071
7463	CHEMICAL	37.3279157566	0.935767312371
11980	CHEMICAL	18.5369846776	0.60403146673
6584	CHEMICAL	10.6979818594	0.382140548031
61024	CHEMICAL	16.8858958692	0.561382443045
62725	CHEMICAL	9.98779800361	0.35960947656
61527	CHEMICAL	12.726662984	0.444279339075
8186	CHEMICAL	27.9211482571	0.805009722286
31249	CHEMICAL	11.3035935575	0.401035251375
4133	CHEMICAL	15.3077109751	0.518578032886
519539	CHEMICAL	12.4349296752	0.435546196598
6998	CHEMICAL	16.498252976	0.551053178535
1060	CHEMICAL	14.3551380538	0.491777526733
