#oID	descriptor	value	sigma
2879	INTENSITY/STRENGTH	48.1387755102	0.998614337359
16255	INTENSITY/STRENGTH	20.6928571429	0.656436551021
15606	INTENSITY/STRENGTH	48.2612244898	0.99879066389
11527	INTENSITY/STRENGTH	54.9612244898	0.990154500625
7151	INTENSITY/STRENGTH	75.4081632653	0.741770095793
5367698	INTENSITY/STRENGTH	23.9530612245	0.72862279217
641423	INTENSITY/STRENGTH	46.3540816327	0.994682911703
6943	INTENSITY/STRENGTH	60.9448979592	0.952083683465
61204	INTENSITY/STRENGTH	52.0489795918	0.998320673053
6137	INTENSITY/STRENGTH	45.6244897959	0.992341964182
660	INTENSITY/STRENGTH	47.5244897959	0.997548739692
8193	INTENSITY/STRENGTH	22.3306122449	0.693761992503
10882	INTENSITY/STRENGTH	63.8857142857	0.92287477551
11124	INTENSITY/STRENGTH	48.993877551	0.999595087047
8363	INTENSITY/STRENGTH	25.2142857143	0.754267346939
8375	INTENSITY/STRENGTH	57.5326530612	0.977303655144
8785	INTENSITY/STRENGTH	57.8816326531	0.975151946689
31404	INTENSITY/STRENGTH	34.7714285715	0.907236244898
5780	INTENSITY/STRENGTH	31.6530612245	0.865355935027
6997	INTENSITY/STRENGTH	76.1204081633	0.727089710954
24197	INTENSITY/STRENGTH	35.1632653061	0.91194852145
12580	INTENSITY/STRENGTH	54.3530612245	0.99242034319
7997	INTENSITY/STRENGTH	74.6367346939	0.75721252145
7601	INTENSITY/STRENGTH	19.8244897959	0.635775433569
650	INTENSITY/STRENGTH	24.4020408163	0.737897794253
6569	INTENSITY/STRENGTH	55.512244898	0.987846062474
22386	INTENSITY/STRENGTH	49.5836734694	0.999930668888
14104	INTENSITY/STRENGTH	65.2673469388	0.90676324698
14296	INTENSITY/STRENGTH	77.893877551	0.688772638068
244	INTENSITY/STRENGTH	67.5530612245	0.87675601666
24473	INTENSITY/STRENGTH	33.4897959184	0.890965264473
11525	INTENSITY/STRENGTH	64.4632653061	0.916325582674
61027	INTENSITY/STRENGTH	13.7448979592	0.474227030404
228769	INTENSITY/STRENGTH	19.3224489796	0.623555145356
62902	INTENSITY/STRENGTH	68.1285714286	0.868541959184
326	INTENSITY/STRENGTH	67.8408163265	0.872682109121
8180	INTENSITY/STRENGTH	26.8928571429	0.786423979592
5280450	INTENSITY/STRENGTH	13.6591836735	0.471738027489
8163	INTENSITY/STRENGTH	39.587755102	0.956634062474
9256	INTENSITY/STRENGTH	32.9142857143	0.883231346939
24834	INTENSITY/STRENGTH	60.0275510204	0.959779288213
2682	INTENSITY/STRENGTH	23.987755102	0.729345246148
520191	INTENSITY/STRENGTH	77.7142857143	0.692767346939
16324	INTENSITY/STRENGTH	56.687755102	0.982109572678
10400	INTENSITY/STRENGTH	48.0551020408	0.998486948771
8294	INTENSITY/STRENGTH	49.7959183673	0.999983340275
8918	INTENSITY/STRENGTH	42.0734693878	0.974868044981
14286	INTENSITY/STRENGTH	78.3265306122	0.679043065389
31272	INTENSITY/STRENGTH	65.9408163265	0.898356149938
7463	INTENSITY/STRENGTH	54.887755102	0.990443940025
11980	INTENSITY/STRENGTH	65.8693877551	0.899265012911
6584	INTENSITY/STRENGTH	32.1744897959	0.872900474386
61024	INTENSITY/STRENGTH	38.6153061225	0.948155498126
8186	INTENSITY/STRENGTH	46.5448979592	0.995224907955
31249	INTENSITY/STRENGTH	40.8857142857	0.966771918367
4133	INTENSITY/STRENGTH	44.4285714286	0.987583673469
519539	INTENSITY/STRENGTH	66.787755102	0.887268511453
6998	INTENSITY/STRENGTH	51.5102040817	0.999087713453
1060	INTENSITY/STRENGTH	26.6469387755	0.781853812578
2879	VALENCE/PLEASANTNESS	39.0964445032	0.952444991011
16255	VALENCE/PLEASANTNESS	48.0544110407	0.998485873441
15606	VALENCE/PLEASANTNESS	45.5223544943	0.99198027629
11527	VALENCE/PLEASANTNESS	49.3564655924	0.999834345387
10430	VALENCE/PLEASANTNESS	34.0585206059	0.898347693891
7151	VALENCE/PLEASANTNESS	41.7876661259	0.973023028936
5367698	VALENCE/PLEASANTNESS	46.9327854582	0.996236877982
641423	VALENCE/PLEASANTNESS	40.8707264024	0.966662545432
6943	VALENCE/PLEASANTNESS	47.7038817711	0.997891136431
61204	VALENCE/PLEASANTNESS	57.6585052008	0.976538919236
6137	VALENCE/PLEASANTNESS	26.6033385833	0.781038493821
660	VALENCE/PLEASANTNESS	47.794591995	0.998054470213
8193	VALENCE/PLEASANTNESS	40.7286596773	0.965616899448
10882	VALENCE/PLEASANTNESS	59.1399437249	0.966584571482
11124	VALENCE/PLEASANTNESS	39.3118367564	0.954305266592
8363	VALENCE/PLEASANTNESS	57.0570576708	0.980079174813
10448	VALENCE/PLEASANTNESS	32.0291667729	0.87081966125
8375	VALENCE/PLEASANTNESS	53.2685816303	0.99572654965
8785	VALENCE/PLEASANTNESS	47.0609243009	0.996544733614
31404	VALENCE/PLEASANTNESS	48.2053121982	0.998711638278
5780	VALENCE/PLEASANTNESS	42.0475904425	0.974703672892
7991	VALENCE/PLEASANTNESS	19.7789661432	0.634675645051
61653	VALENCE/PLEASANTNESS	31.4405796712	0.862219166824
6997	VALENCE/PLEASANTNESS	40.8465737616	0.966485915239
24197	VALENCE/PLEASANTNESS	53.30297637	0.99563613884
12580	VALENCE/PLEASANTNESS	47.2722997086	0.997023860448
7997	VALENCE/PLEASANTNESS	49.4648718216	0.999885455133
7601	VALENCE/PLEASANTNESS	42.1040525959	0.975061605837
650	VALENCE/PLEASANTNESS	40.6393865767	0.964951566536
6569	VALENCE/PLEASANTNESS	42.5458985261	0.977774548487
22386	VALENCE/PLEASANTNESS	40.1398758865	0.961111180987
14104	VALENCE/PLEASANTNESS	51.556997422	0.999030303611
14296	VALENCE/PLEASANTNESS	40.2457415927	0.96194177717
244	VALENCE/PLEASANTNESS	38.4145298837	0.946310752874
24473	VALENCE/PLEASANTNESS	49.796457157	0.999983428124
11525	VALENCE/PLEASANTNESS	42.3025503464	0.976299707532
61027	VALENCE/PLEASANTNESS	35.1774658624	0.912116992695
15380	VALENCE/PLEASANTNESS	27.4672636641	0.796910317287
228769	VALENCE/PLEASANTNESS	44.1243948417	0.98619090561
62902	VALENCE/PLEASANTNESS	61.539089012	0.946739769909
326	VALENCE/PLEASANTNESS	46.7838010198	0.995862425648
8180	VALENCE/PLEASANTNESS	32.1125593587	0.872015786921
5280450	VALENCE/PLEASANTNESS	32.2567359367	0.874070632153
8163	VALENCE/PLEASANTNESS	50.885844522	0.999686111793
9256	VALENCE/PLEASANTNESS	33.2893289279	0.888301388928
101010	VALENCE/PLEASANTNESS	38.1092828541	0.943444338302
27458	VALENCE/PLEASANTNESS	38.6342623147	0.948328002747
24834	VALENCE/PLEASANTNESS	60.6054790319	0.955009525801
2682	VALENCE/PLEASANTNESS	38.2370171417	0.94465289371
520191	VALENCE/PLEASANTNESS	36.526063215	0.927381211006
16324	VALENCE/PLEASANTNESS	51.4787319942	0.999125340676
10400	VALENCE/PLEASANTNESS	44.3696902042	0.987319844641
8294	VALENCE/PLEASANTNESS	57.7614853844	0.975903737851
8918	VALENCE/PLEASANTNESS	51.5086589528	0.999089579266
14286	VALENCE/PLEASANTNESS	43.2440923154	0.981743084543
31272	VALENCE/PLEASANTNESS	55.3091571415	0.988725140179
10285	VALENCE/PLEASANTNESS	39.8119609557	0.958481544173
7463	VALENCE/PLEASANTNESS	38.2445437064	0.944723698932
11980	VALENCE/PLEASANTNESS	43.7506747092	0.984378373364
6584	VALENCE/PLEASANTNESS	41.4133333333	0.970507662222
61024	VALENCE/PLEASANTNESS	48.9806764393	0.999584391791
62725	VALENCE/PLEASANTNESS	28.6355507467	0.817424123241
61527	VALENCE/PLEASANTNESS	43.3003544184	0.982045899632
8186	VALENCE/PLEASANTNESS	39.4722138612	0.955666287606
31249	VALENCE/PLEASANTNESS	56.7827791452	0.981597562827
4133	VALENCE/PLEASANTNESS	54.5996057514	0.991537450773
519539	VALENCE/PLEASANTNESS	24.8253011637	0.746493815401
6998	VALENCE/PLEASANTNESS	51.5782410876	0.999003662028
1060	VALENCE/PLEASANTNESS	35.7476139818	0.918747797115
2879	BAKERY	5.09123199007	0.193281022332
16255	BAKERY	2.65282444005	0.103297986598
15606	BAKERY	2.1465642491	0.0840194747338
11527	BAKERY	0.979003344616	0.0387767547651
10430	BAKERY	1.87690888321	0.0736672405459
7151	BAKERY	4.07246843588	0.156264737771
5367698	BAKERY	1.5885360366	0.0625320627681
641423	BAKERY	0.982190523298	0.0389017416423
6943	BAKERY	2.38581819046	0.0931558762433
61204	BAKERY	2.95859973777	0.114842664547
6137	BAKERY	2.75679736309	0.107231921843
660	BAKERY	6.52273383671	0.243890930787
8193	BAKERY	3.05617959043	0.118511090142
10882	BAKERY	6.60590794953	0.246781110046
11124	BAKERY	1.05683993625	0.0418268331897
8363	BAKERY	1.65900196463	0.0652591635779
10448	BAKERY	2.69089865251	0.104739571877
8375	BAKERY	3.0826057745	0.119503247636
8785	BAKERY	1.00012230277	0.0396047942625
31404	BAKERY	3.14257829667	0.121752812526
5780	BAKERY	10.3785008978	0.372054723557
7991	BAKERY	1.03682393633	0.0410429559031
61653	BAKERY	9.01375284594	0.328051017691
6997	BAKERY	2.87744000864	0.111785735944
24197	BAKERY	9.42182517495	0.341364691147
12580	BAKERY	2.074670753	0.0812651266268
7997	BAKERY	2.84755352147	0.110658716436
7601	BAKERY	2.18886700025	0.0856382245121
650	BAKERY	6.62973573507	0.247608071036
6569	BAKERY	1.72573769897	0.0678382397164
22386	BAKERY	3.82573533204	0.147174912949
14104	BAKERY	3.48775737579	0.134644514427
14296	BAKERY	8.15061262793	0.299451510633
244	BAKERY	3.03010103122	0.117531436345
24473	BAKERY	1.10871422772	0.0438568702132
11525	BAKERY	0.73397808631	0.0291436339199
61027	BAKERY	4.37145422884	0.167214324324
15380	BAKERY	1.98617431973	0.0778690174178
228769	BAKERY	2.37349395843	0.0926863689091
62902	BAKERY	5.24650175222	0.198849757834
326	BAKERY	3.47680818794	0.134237049447
8180	BAKERY	0.625987603732	0.0248827599573
5280450	BAKERY	4.93725898401	0.18773974885
8163	BAKERY	2.65028788751	0.103201905146
9256	BAKERY	4.76578424751	0.181546290103
101010	BAKERY	1.38060090526	0.0544616126667
27458	BAKERY	9.29224811546	0.337151574603
24834	BAKERY	20.5327709116	0.65267296394
2682	BAKERY	4.01901132404	0.154299472153
520191	BAKERY	1.20204659902	0.0475038975503
16324	BAKERY	2.14535473174	0.0839731704995
10400	BAKERY	0.957325247438	0.0379264212458
8294	BAKERY	2.27916024385	0.089088581187
8918	BAKERY	2.33673635977	0.0912853196648
14286	BAKERY	3.91484356854	0.150463342675
31272	BAKERY	3.32795594803	0.128688121604
10285	BAKERY	2.78980700976	0.10847907113
7463	BAKERY	2.03289738773	0.0796628267937
11980	BAKERY	3.85304352983	0.148183363416
6584	BAKERY	1.60005076445	0.0629779655986
61024	BAKERY	2.13382355793	0.0835316611265
62725	BAKERY	8.10974748596	0.298082697724
61527	BAKERY	5.95521341728	0.224022709953
8186	BAKERY	1.73560321355	0.0682192011361
31249	BAKERY	3.09977827477	0.12014768085
4133	BAKERY	3.95257592989	0.151853894603
519539	BAKERY	6.1470300937	0.230766812159
6998	BAKERY	3.31171718411	0.128081699082
1060	BAKERY	6.81788487702	0.254121973402
2879	SWEET	4.16616653856	0.159703884092
16255	SWEET	15.4339497401	0.522075267773
15606	SWEET	20.493099225	0.651737122661
11527	SWEET	5.885625392	0.221568781178
10430	SWEET	7.8435733435	0.289134276622
7151	SWEET	11.0037144646	0.391715885775
5367698	SWEET	9.83766607357	0.354794773433
641423	SWEET	12.9685572101	0.451468897959
6943	SWEET	5.74204452014	0.216493350697
61204	SWEET	16.6817740403	0.555958327561
6137	SWEET	2.07236281179	0.0811766374222
660	SWEET	6.69598428891	0.249904889317
8193	SWEET	8.16988045329	0.300096439483
10882	SWEET	43.7536062535	0.984393026065
11124	SWEET	14.8275420076	0.50515927951
8363	SWEET	6.84906594558	0.255198756092
10448	SWEET	4.16315968662	0.159593628034
8375	SWEET	11.3391642429	0.402135911426
8785	SWEET	24.730836189	0.744587744118
31404	SWEET	8.01284483613	0.294831520498
5780	SWEET	20.8236465725	0.65949616027
7991	SWEET	22.1418071754	0.689568437019
61653	SWEET	5.54471102326	0.209490912798
6997	SWEET	6.50939256138	0.243426825848
24197	SWEET	28.7727305413	0.81976121253
12580	SWEET	8.60756204282	0.314666431984
7997	SWEET	21.023252637	0.664139244903
7601	SWEET	15.5860436324	0.526271842853
650	SWEET	8.18699604591	0.300669080134
6569	SWEET	10.2775896803	0.368852047359
22386	SWEET	5.05842198581	0.192101826238
14104	SWEET	20.5483414101	0.653039922523
14296	SWEET	8.2847659716	0.303935699982
244	SWEET	11.0717328877	0.393836007854
24473	SWEET	17.1195875444	0.567551390699
11525	SWEET	7.16202920923	0.265963303412
61027	SWEET	10.8644703777	0.387364128473
15380	SWEET	3.52704188315	0.136105665548
228769	SWEET	11.2149875626	0.398289124091
62902	SWEET	28.1222593289	0.808545785251
326	SWEET	21.0961652461	0.665827334607
8180	SWEET	2.31312056738	0.0903846119914
5280450	SWEET	3.62352571395	0.139689053118
8163	SWEET	14.2565515272	0.488962356509
9256	SWEET	4.44662116258	0.169955870598
101010	SWEET	10.5952734481	0.378907010148
27458	SWEET	6.01785157696	0.226228248037
24834	SWEET	42.733916709	0.978881613443
2682	SWEET	13.4081341532	0.46441414154
520191	SWEET	12.9019962981	0.449495248532
16324	SWEET	16.2954564395	0.545601497352
10400	SWEET	6.39705914985	0.239513419687
8294	SWEET	20.9814714754	0.663170000906
8918	SWEET	16.787296125	0.558766520524
14286	SWEET	9.69869810877	0.350322026349
31272	SWEET	32.4442576112	0.876718363671
10285	SWEET	5.81981684982	0.219244566726
7463	SWEET	6.03241327148	0.226740526908
11980	SWEET	27.3736487625	0.795219291871
6584	SWEET	12.3390727085	0.432661822218
61024	SWEET	13.3682106145	0.463244802568
62725	SWEET	4.98535610258	0.189472733915
61527	SWEET	6.33746610718	0.237433253623
8186	SWEET	12.7991750037	0.446439447837
31249	SWEET	38.8876523704	0.950606292064
4133	SWEET	18.7612951475	0.609657327655
519539	SWEET	4.81509397163	0.183329706883
6998	SWEET	17.0337651195	0.565290943122
1060	SWEET	9.86160835058	0.355563806319
2879	FRUIT	1.22675744703	0.0484683243475
16255	FRUIT	8.23721783621	0.302348010376
15606	FRUIT	10.8777217614	0.387778938167
11527	FRUIT	3.39041856636	0.131018767432
10430	FRUIT	3.72745062908	0.143540469886
7151	FRUIT	2.0883998436	0.0817914281814
5367698	FRUIT	7.13922266698	0.265181506564
641423	FRUIT	5.66682910348	0.213827983304
6943	FRUIT	0.442188389918	0.0176093233678
61204	FRUIT	11.2069064207	0.398038356219
6137	FRUIT	1.58921063248	0.0625581891254
660	FRUIT	1.78396632616	0.0700856387053
8193	FRUIT	8.39473780065	0.307600862929
10882	FRUIT	24.2428315237	0.734627308833
11124	FRUIT	7.77960425273	0.286975273177
8363	FRUIT	2.20355521574	0.0861999463942
10448	FRUIT	4.04157758646	0.155129363704
8375	FRUIT	8.46105180534	0.309806313152
8785	FRUIT	10.126519861	0.364042232641
31404	FRUIT	3.21750922643	0.124559422808
5780	FRUIT	2.87071467049	0.111532185732
7991	FRUIT	2.95739477621	0.114797317503
61653	FRUIT	2.50797680666	0.0978030932015
6997	FRUIT	0.352798144646	0.0140621391735
24197	FRUIT	16.1067251383	0.540498367661
12580	FRUIT	1.61592771912	0.0635926198076
7997	FRUIT	6.2370700268	0.233922384064
7601	FRUIT	1.49346078646	0.0588462614102
650	FRUIT	1.28844451596	0.05087374493
6569	FRUIT	4.36328919537	0.166916250774
22386	FRUIT	2.70169902486	0.105148289946
14104	FRUIT	0.272817275088	0.0108829192973
14296	FRUIT	1.81289941516	0.0712013348905
244	FRUIT	1.60327494565	0.0631028016053
24473	FRUIT	5.15024429891	0.195399765421
11525	FRUIT	2.16917362297	0.0848848192363
61027	FRUIT	2.07452852655	0.0812596736191
15380	FRUIT	2.30477422674	0.090066175375
228769	FRUIT	2.78176751654	0.108175408455
62902	FRUIT	22.0966520591	0.688561269475
326	FRUIT	6.3254709711	0.237014205642
8180	FRUIT	1.06055426341	0.0419722603982
5280450	FRUIT	1.5755564007	0.0620293048392
8163	FRUIT	4.08915296402	0.156877649776
9256	FRUIT	0.198818836045	0.00793694186999
101010	FRUIT	3.03700296737	0.117790763885
27458	FRUIT	0.563119269447	0.0223979294532
24834	FRUIT	5.40420715581	0.204486104239
2682	FRUIT	7.75030166882	0.28598519637
520191	FRUIT	4.83303797241	0.183978216479
16324	FRUIT	19.0021086762	0.615652293392
10400	FRUIT	1.32356334497	0.0522418058274
8294	FRUIT	9.82240169878	0.354304237898
8918	FRUIT	8.07928414689	0.297061432945
14286	FRUIT	3.17081310653	0.122810901958
31272	FRUIT	14.8126083215	0.504738986745
10285	FRUIT	1.39858648492	0.0551610417346
7463	FRUIT	0.515018102585	0.020494626645
11980	FRUIT	7.48988104515	0.277155914578
6584	FRUIT	6.35102144146	0.237906668318
61024	FRUIT	2.72404129019	0.105993491227
62725	FRUIT	0.010740592175	0.000429577542871
61527	FRUIT	4.0391629774	0.155040584073
8186	FRUIT	2.45424422393	0.0957604430729
31249	FRUIT	13.1967126022	0.458207214687
4133	FRUIT	11.5538329196	0.408756894729
519539	FRUIT	1.07483831994	0.0425314218321
6998	FRUIT	5.39833076843	0.204276440703
1060	FRUIT	1.58173269308	0.0622685563982
2879	FISH	1.92343112675	0.0754574101502
16255	FISH	0.603611339121	0.0239987149053
15606	FISH	1.44439591651	0.0569413248348
11527	FISH	0.2447960818	0.00976787322335
10430	FISH	1.03000616062	0.0407758813484
7151	FISH	2.01348738046	0.0789178426459
5367698	FISH	1.21273254063	0.0479210135393
641423	FISH	0.458324110653	0.0182489400299
6943	FISH	0.796015087838	0.0315871475055
61204	FISH	0.75557841745	0.0299947772
6137	FISH	4.17714081996	0.160106230627
660	FISH	0.583464749536	0.0232024175359
8193	FISH	0.106662535754	0.00426195067155
10882	FISH	0.801927585213	0.0318198682678
11124	FISH	0.930050756311	0.0368560324887
8363	FISH	1.4956947524	0.0589329489791
10448	FISH	8.39384306701	0.307571082107
8375	FISH	1.0965680979	0.0433817392785
8785	FISH	0.954865380486	0.0378299080615
31404	FISH	0.412768260109	0.0164425793498
5780	FISH	2.63914154846	0.102779634693
7991	FISH	3.02339203423	0.117279321612
61653	FISH	2.84202680993	0.110450225842
6997	FISH	1.02903753067	0.0407379339309
24197	FISH	1.18195758409	0.0467194938714
12580	FISH	2.04304651103	0.0800522448226
7997	FISH	2.48303967946	0.0968553927584
7601	FISH	0.254447418198	0.0101519993325
650	FISH	0.475375167026	0.0189246140613
6569	FISH	0.749683129372	0.0297625152571
22386	FISH	0.821717125851	0.0325985974201
14104	FISH	0.246086047583	0.00981921856621
14296	FISH	2.62619590389	0.102289074185
244	FISH	0.412634200472	0.0164372612255
24473	FISH	0.101865906256	0.0040704855851
11525	FISH	0.622434105644	0.0247423945394
61027	FISH	0.943225761539	0.0373731605267
15380	FISH	7.0459840117	0.261981004191
228769	FISH	0.598476212834	0.0237957790024
62902	FISH	0.403272928973	0.0160658655368
326	FISH	1.21486097726	0.0480040842127
8180	FISH	0.46939545694	0.0186876854396
5280450	FISH	2.07334253931	0.0812142018584
8163	FISH	0.97386581399	0.0385752667101
9256	FISH	3.94648169336	0.151629380632
101010	FISH	6.22835034014	0.233617074422
27458	FISH	0.83947235573	0.0332970086948
24834	FISH	0.311511011991	0.0124216248354
2682	FISH	0.828684670086	0.0328726994905
520191	FISH	1.41030846563	0.0556167506378
16324	FISH	0.234864116267	0.00937250018943
10400	FISH	0.433605442177	0.0172690122153
8294	FISH	1.02118623394	0.0404303208279
8918	FISH	0.617777890335	0.0245584558047
14286	FISH	0.359375440388	0.0143233573327
31272	FISH	0.935313753269	0.037062625404
10285	FISH	0.0561936936936	0.00224648465526
7463	FISH	1.73072953531	0.0680310115227
11980	FISH	2.2518537066	0.0880458102176
6584	FISH	0.209893522626	0.00837811878872
61024	FISH	0.695645888598	0.027632266263
62725	FISH	3.35326514555	0.129632850968
61527	FISH	4.74125796063	0.180658507606
8186	FISH	0.511945008963	0.0203729652816
31249	FISH	0.726593754523	0.0288525747873
4133	FISH	1.35422718186	0.0534355147704
519539	FISH	3.40316891424	0.131494133106
6998	FISH	1.05660160576	0.041817501449
1060	FISH	0.37525429727	0.0149538455757
2879	GARLIC	2.21409492017	0.0866029102805
16255	GARLIC	2.57890734431	0.100495988536
15606	GARLIC	2.10583091776	0.0824594271688
11527	GARLIC	2.31200316065	0.0903419829801
10430	GARLIC	2.74915609099	0.106943099955
7151	GARLIC	2.06499506269	0.080894120664
5367698	GARLIC	1.67770215254	0.0659822122965
641423	GARLIC	3.40149565594	0.131431757159
6943	GARLIC	2.63948372739	0.102792599357
61204	GARLIC	0.472072742757	0.0187937686405
6137	GARLIC	8.28659883273	0.303996865223
660	GARLIC	1.54780268725	0.0609538302267
8193	GARLIC	2.2191984824	0.0867980025344
10882	GARLIC	0.994591572771	0.0393879779522
11124	GARLIC	5.05859644583	0.192108098632
8363	GARLIC	1.6405148423	0.0645440781129
10448	GARLIC	16.76	0.55804096
8375	GARLIC	1.19074374134	0.0470626013906
8785	GARLIC	1.20793136606	0.0477336153683
31404	GARLIC	2.66794827062	0.103870751635
5780	GARLIC	2.57594802699	0.100383717785
7991	GARLIC	2.16179163303	0.0846023280952
61653	GARLIC	10.3013147627	0.369605756172
6997	GARLIC	1.26953965534	0.0501368938392
24197	GARLIC	2.24161365254	0.0876546133948
12580	GARLIC	0.76517990081	0.0303729959202
7997	GARLIC	2.09498202116	0.0820437009789
7601	GARLIC	1.21132842383	0.047866210333
650	GARLIC	5.19584251979	0.197034988995
6569	GARLIC	2.21320527869	0.0865689001055
22386	GARLIC	1.93399601968	0.0758637045454
14104	GARLIC	2.58250195571	0.100632351688
14296	GARLIC	3.96529326419	0.152322310299
244	GARLIC	1.46987610973	0.0579308300782
24473	GARLIC	0.110482854653	0.00441443160163
11525	GARLIC	0.616879145214	0.0245229498566
61027	GARLIC	2.64681329815	0.103070283672
15380	GARLIC	16.9131622346	0.562104466674
228769	GARLIC	3.56016598045	0.137336726494
62902	GARLIC	1.24120094191	0.0490318057653
326	GARLIC	1.37084441352	0.0540820907785
8180	GARLIC	2.64588715806	0.103035198781
5280450	GARLIC	2.74452305729	0.106767959567
8163	GARLIC	1.82148256619	0.0715321831522
9256	GARLIC	14.6121113699	0.49907893532
101010	GARLIC	12.1271353307	0.426258448697
27458	GARLIC	1.76631823461	0.0694047773421
24834	GARLIC	1.95042407763	0.076495301472
2682	GARLIC	2.56835570113	0.100095647642
520191	GARLIC	4.68491050363	0.178617065574
16324	GARLIC	2.51510968647	0.0980740767649
10400	GARLIC	0.710281430526	0.0282094573368
8294	GARLIC	2.80884018175	0.109197774003
8918	GARLIC	2.27897450018	0.089081490098
14286	GARLIC	1.79898495923	0.0706648596159
31272	GARLIC	1.51459916801	0.0596663624646
10285	GARLIC	2.95750942637	0.114801632252
7463	GARLIC	1.63186459308	0.064209390903
11980	GARLIC	2.47309851989	0.0964774542799
6584	GARLIC	9.26327696566	0.336207758569
61024	GARLIC	1.0345619883	0.0409543521291
62725	GARLIC	9.00470693596	0.327754378637
61527	GARLIC	2.33720303886	0.0913031143363
8186	GARLIC	1.7913917019	0.0703720343842
31249	GARLIC	1.21244533972	0.0479098041081
4133	GARLIC	1.47552158854	0.0581499979583
519539	GARLIC	6.80138156423	0.253551746096
6998	GARLIC	1.8142931802	0.0712550633105
1060	GARLIC	5.22389271773	0.198040086659
2879	SPICES	5.91851854912	0.222729197238
16255	SPICES	6.87436330617	0.256071783901
15606	SPICES	3.17422309052	0.122938646729
11527	SPICES	5.41090073375	0.20472489065
10430	SPICES	5.37802885667	0.203551876513
7151	SPICES	4.92920012252	0.187449199362
5367698	SPICES	4.51299324856	0.172372886718
641423	SPICES	5.87238297474	0.221101366269
6943	SPICES	9.46218677106	0.342674279446
61204	SPICES	4.49203079135	0.171609895402
6137	SPICES	7.21995238095	0.267947010285
660	SPICES	14.5705217832	0.497900829314
8193	SPICES	1.87378104113	0.0735468194891
10882	SPICES	4.71628233555	0.179753965795
11124	SPICES	3.30824459538	0.127951990894
8363	SPICES	8.21060597158	0.301458618695
10448	SPICES	11.2983631174	0.400873321042
8375	SPICES	7.18004198018	0.266580478072
8785	SPICES	8.10429243437	0.29789987503
31404	SPICES	8.12762082034	0.298681544734
5780	SPICES	6.99616666667	0.260268127456
7991	SPICES	4.21001864189	0.16131104289
61653	SPICES	10.3671908414	0.37169617528
6997	SPICES	6.37619696302	0.238785523436
24197	SPICES	6.01343903723	0.226072981867
12580	SPICES	4.40614020774	0.168479979698
7997	SPICES	2.99378043136	0.116166128746
7601	SPICES	4.38476190476	0.167700021406
650	SPICES	4.41593806343	0.168837318945
6569	SPICES	5.35552579365	0.202748369135
22386	SPICES	2.99389382381	0.116170392861
14104	SPICES	15.5370093036	0.524920908903
14296	SPICES	6.40770678256	0.239884788818
244	SPICES	5.41281363173	0.204793124705
24473	SPICES	9.42468395692	0.341457491202
11525	SPICES	8.96256086645	0.326371435744
61027	SPICES	5.09219478821	0.193315612424
15380	SPICES	12.2548871576	0.430122582605
228769	SPICES	7.26028420933	0.269326677653
62902	SPICES	4.8713771116	0.185362958479
326	SPICES	14.3301754883	0.491065447721
8180	SPICES	3.3337407729	0.1289040999
5280450	SPICES	6.1457751272	0.230722784322
8163	SPICES	3.33281224997	0.128869435001
9256	SPICES	12.6998220712	0.443478690592
101010	SPICES	7.24086238537	0.268662460181
27458	SPICES	4.77442471109	0.181858935915
24834	SPICES	4.59807699555	0.175466154999
2682	SPICES	3.104358948	0.120319540129
520191	SPICES	10.3459083761	0.371021206993
16324	SPICES	3.99861667679	0.153549092941
10400	SPICES	1.15562947547	0.0456909872251
8294	SPICES	3.89897793866	0.14987830596
8918	SPICES	4.27911075131	0.163840114524
14286	SPICES	5.14671694765	0.19527319977
31272	SPICES	3.05125860332	0.118326272507
10285	SPICES	8.52891155751	0.312059529358
7463	SPICES	15.6266052843	0.527387894287
11980	SPICES	5.87708845131	0.221267470587
6584	SPICES	5.09181645594	0.193302020309
61024	SPICES	4.99611893991	0.189860275812
62725	SPICES	9.61411853849	0.347592231431
61527	SPICES	8.13703370898	0.298996821327
8186	SPICES	3.08535720464	0.119606516554
31249	SPICES	4.08896217933	0.156870642491
4133	SPICES	3.9641025641	0.152278458909
519539	SPICES	7.39061623462	0.273776166054
6998	SPICES	6.36111358986	0.238259037153
1060	SPICES	5.11062576855	0.193977632444
2879	COLD	4.13299016691	0.158486963589
16255	COLD	2.34848228732	0.0917331438712
15606	COLD	4.71615447373	0.179749333741
11527	COLD	5.5068587079	0.208144151185
10430	COLD	2.18766223763	0.0855921430788
7151	COLD	4.89859798482	0.186345414506
5367698	COLD	7.470651126	0.276501793742
641423	COLD	4.09991569815	0.157272904433
6943	COLD	4.6879491454	0.17872721894
61204	COLD	4.997235202	0.189900464214
6137	COLD	3.9710647344	0.152534847326
660	COLD	3.54917271804	0.136928257929
8193	COLD	6.51099830433	0.243482692605
10882	COLD	5.01206361398	0.190434231891
11124	COLD	5.12120735909	0.194357588438
8363	COLD	2.98951481174	0.116005712946
10448	COLD	1.95144485638	0.0765345394442
8375	COLD	3.49328470464	0.134850172975
8785	COLD	6.0493292794	0.227335417284
31404	COLD	4.99540145366	0.189834443873
5780	COLD	5.48903846702	0.207509721364
7991	COLD	3.64463907668	0.140472205467
61653	COLD	2.80855162441	0.109186880086
6997	COLD	4.51109684691	0.172303875971
24197	COLD	2.1942307969	0.0858433723601
12580	COLD	6.09805436584	0.229047667814
7997	COLD	4.12181545795	0.15807687325
7601	COLD	4.12332080431	0.15813212239
650	COLD	3.3355100462	0.128970150941
6569	COLD	4.06402581519	0.155954510277
22386	COLD	3.61649852783	0.139428316472
14104	COLD	4.30043150835	0.164619775871
14296	COLD	4.49886638311	0.171858735831
244	COLD	3.5453124463	0.136784801715
24473	COLD	14.2885022314	0.489875570848
11525	COLD	8.45844338065	0.309719629457
61027	COLD	4.76413554193	0.181486626693
15380	COLD	1.74639659518	0.0686359033801
228769	COLD	2.78353234789	0.108242072983
62902	COLD	2.63561466433	0.10264600071
326	COLD	4.25666410871	0.163018888615
8180	COLD	4.56242819211	0.174170827281
5280450	COLD	5.84451259115	0.220117172675
8163	COLD	6.22700225479	0.233569867359
9256	COLD	0.993205208543	0.0393336257072
101010	COLD	4.48066974818	0.17119622937
27458	COLD	5.77339700182	0.217603034897
24834	COLD	6.46104461677	0.241743745655
2682	COLD	5.98431037961	0.225047626896
520191	COLD	2.03690821256	0.0798167304759
16324	COLD	4.1157526924	0.157854339606
10400	COLD	8.29534201754	0.304288601026
8294	COLD	4.2150676575	0.161495988157
8918	COLD	4.04612934294	0.155296708654
14286	COLD	2.42377864304	0.0946012645572
31272	COLD	4.56957769627	0.174430691722
10285	COLD	5.43878908693	0.205719392784
7463	COLD	4.51955949998	0.17261181277
11980	COLD	4.94001849704	0.187839226781
6584	COLD	3.55769752198	0.137245016216
61024	COLD	4.10642014815	0.157511731353
62725	COLD	1.26653524062	0.0500197650186
61527	COLD	2.45142496957	0.0956532050303
8186	COLD	8.681181233	0.31710208628
31249	COLD	2.32766155824	0.0909392589979
4133	COLD	3.99998114352	0.153599306081
519539	COLD	1.93934880543	0.0760695227017
6998	COLD	2.22078927692	0.0868588090719
1060	COLD	1.76255620364	0.0692596063974
2879	SOUR	4.15384916748	0.159252181537
16255	SOUR	6.90630695663	0.257173447954
15606	SOUR	7.27013214052	0.269663357085
11527	SOUR	6.04072377626	0.227032813554
10430	SOUR	9.56307839201	0.345942148348
7151	SOUR	9.73060315169	0.351350270989
5367698	SOUR	6.69150011824	0.249749535197
641423	SOUR	5.99338764612	0.225367227654
6943	SOUR	5.33632158537	0.20206233219
61204	SOUR	4.88751273644	0.185945397158
6137	SOUR	20.7012489507	0.656633274779
660	SOUR	5.25365174424	0.19910572711
8193	SOUR	5.68946836082	0.214630714341
10882	SOUR	9.44559666035	0.342136147906
11124	SOUR	15.1296475322	0.513623407509
8363	SOUR	9.11231635342	0.331278930407
10448	SOUR	15.1212269766	0.513388476953
8375	SOUR	6.42597057591	0.240521583899
8785	SOUR	6.39235349161	0.2393492664
31404	SOUR	12.6399996146	0.44169214848
5780	SOUR	10.4070362465	0.372958888486
7991	SOUR	18.9052313422	0.613246144847
61653	SOUR	9.45133574979	0.34232233101
6997	SOUR	10.2856191299	0.369107180841
24197	SOUR	11.1512106119	0.396308625232
12580	SOUR	8.22431753762	0.301916941921
7997	SOUR	6.63380630894	0.2477492979
7601	SOUR	6.1663016263	0.231442754753
650	SOUR	11.2914864965	0.400660392939
6569	SOUR	14.974773166	0.50929339409
22386	SOUR	7.68548799542	0.283792829526
14104	SOUR	4.40199082132	0.168328623577
14296	SOUR	5.63088759178	0.212552745643
244	SOUR	7.22854193635	0.268240950044
24473	SOUR	4.01053443781	0.153987622922
11525	SOUR	6.71383792899	0.250523269265
61027	SOUR	5.59350244692	0.211225190027
15380	SOUR	19.1192847695	0.61855257074
228769	SOUR	7.28979249131	0.270335269826
62902	SOUR	6.73494073986	0.251253858886
326	SOUR	4.05502726462	0.155623792138
8180	SOUR	10.621314874	0.379727663098
5280450	SOUR	16.3478118581	0.547012093304
8163	SOUR	7.88255086353	0.290448191295
9256	SOUR	10.4667261119	0.374848102277
101010	SOUR	13.6625079245	0.471834667864
27458	SOUR	4.96071201142	0.188585014993
24834	SOUR	3.58067653303	0.138098563547
2682	SOUR	7.84722000907	0.289257255615
520191	SOUR	9.47777333439	0.343179658424
16324	SOUR	12.8359171753	0.44753237912
10400	SOUR	7.39757789855	0.274013452436
8294	SOUR	13.6763520408	0.472237039575
8918	SOUR	7.67374309671	0.283395190623
14286	SOUR	7.45021472516	0.275806309226
31272	SOUR	3.58765946732	0.138357858511
10285	SOUR	5.91380697099	0.222563033684
7463	SOUR	8.26549118806	0.303292309691
11980	SOUR	9.28998015873	0.337077713809
6584	SOUR	17.1958860891	0.569556044208
61024	SOUR	5.70816295191	0.215293268362
62725	SOUR	10.4831125276	0.375366241798
61527	SOUR	7.83870404545	0.288970049373
8186	SOUR	7.35454478223	0.272546059708
31249	SOUR	5.87141624907	0.221067238455
4133	SOUR	7.42296149701	0.274878316926
519539	SOUR	7.93869389014	0.292338611333
6998	SOUR	6.03879568106	0.226965005932
1060	SOUR	13.0905996686	0.455078466871
2879	BURNT	7.53997661497	0.278858565657
16255	BURNT	0.968404490209	0.0383610567057
15606	BURNT	2.92988669369	0.113761773332
11527	BURNT	5.23060454742	0.198280492324
10430	BURNT	5.06078781157	0.192186883153
7151	BURNT	4.88665397033	0.185914404003
5367698	BURNT	5.0025761082	0.190092737241
641423	BURNT	5.7723787341	0.217567006864
6943	BURNT	4.82793054442	0.18379365644
61204	BURNT	5.63883689344	0.212834883133
6137	BURNT	6.79809565897	0.253438184523
660	BURNT	6.45588308179	0.241563952725
8193	BURNT	6.64641579434	0.248186694609
10882	BURNT	1.21863715044	0.048151455416
11124	BURNT	4.88972032384	0.186025067015
8363	BURNT	4.72442660374	0.180048981456
10448	BURNT	8.65727250687	0.316311553372
8375	BURNT	7.62057254878	0.281593651563
8785	BURNT	3.70329044079	0.142645873596
31404	BURNT	3.99981424717	0.153593164282
5780	BURNT	11.3886084313	0.403664176452
7991	BURNT	5.99208274122	0.225321287418
61653	BURNT	8.24561385611	0.302628495099
6997	BURNT	9.47913058836	0.34322365685
24197	BURNT	4.04701971228	0.155329441071
12580	BURNT	8.05411831076	0.296217203725
7997	BURNT	3.33938109896	0.129114657509
7601	BURNT	5.45019816664	0.206126062643
650	BURNT	13.836201375	0.476871867604
6569	BURNT	3.92389397698	0.150796981502
22386	BURNT	3.31806288828	0.128318698999
14104	BURNT	7.94978820153	0.292711875082
14296	BURNT	8.22989550754	0.302103348276
244	BURNT	4.26262988215	0.163237189881
24473	BURNT	4.08717717525	0.156805080105
11525	BURNT	4.75067104415	0.180999291618
61027	BURNT	5.19099951598	0.196861390249
15380	BURNT	7.03369013706	0.261558486705
228769	BURNT	6.69322303969	0.249809227724
62902	BURNT	2.45544385106	0.0958060722399
326	BURNT	3.79324210787	0.145974210039
8180	BURNT	6.77355708973	0.25258985333
5280450	BURNT	7.88259243716	0.290449592074
8163	BURNT	6.04500356533	0.227183315371
9256	BURNT	9.81958840385	0.354213809586
101010	BURNT	9.75772644928	0.352223767787
27458	BURNT	12.5719897959	0.439657620865
24834	BURNT	4.28963402067	0.164224976814
2682	BURNT	10.2896082588	0.369233915104
520191	BURNT	9.17066558113	0.333186180365
16324	BURNT	1.8770273386	0.0736718008921
10400	BURNT	4.78205588259	0.182135011918
8294	BURNT	4.08446369658	0.156705410388
8918	BURNT	3.310290084	0.128028395184
14286	BURNT	6.76643830693	0.252343657333
31272	BURNT	1.88512925677	0.0739836853449
10285	BURNT	9.05629615405	0.32944524615
7463	BURNT	9.04040696344	0.328924695312
11980	BURNT	4.87036214213	0.185326314727
6584	BURNT	4.59955170956	0.175519718011
61024	BURNT	6.08206748089	0.228486081299
62725	BURNT	26.7777878172	0.784291544534
61527	BURNT	6.41489117849	0.240135315607
8186	BURNT	4.9276106443	0.187391887107
31249	BURNT	1.67802389795	0.0659946502372
4133	BURNT	4.23234577922	0.162128730851
519539	BURNT	14.2977876278	0.490140812691
6998	BURNT	5.24712908436	0.198872217923
1060	BURNT	8.94764782976	0.325881752516
2879	ACID	7.42874910343	0.27507543884
16255	ACID	5.81221496527	0.21897586149
15606	ACID	5.11893143807	0.194275873896
11527	ACID	11.4496777622	0.405549062144
10430	ACID	5.5458197304	0.209530342623
7151	ACID	5.3832501234	0.203738252179
5367698	ACID	2.81363011406	0.109378598795
641423	ACID	4.96781217467	0.188840823866
6943	ACID	7.40100231582	0.274130158521
61204	ACID	4.30129679099	0.164651410006
6137	ACID	5.506341109	0.208125727396
660	ACID	5.20527441523	0.197373023914
8193	ACID	10.8796291209	0.387838632913
10882	ACID	4.38024608171	0.167535220974
11124	ACID	7.61851368551	0.28152384711
8363	ACID	6.92383202229	0.257777500942
10448	ACID	5.88801997016	0.221653287139
8375	ACID	6.02755449969	0.226569614689
8785	ACID	7.21515377425	0.267782773376
31404	ACID	8.49923519208	0.311074608143
5780	ACID	9.48923214537	0.343551075131
7991	ACID	4.95883728509	0.188517464516
61653	ACID	6.86972177631	0.255911640139
6997	ACID	4.7971789907	0.18268198912
24197	ACID	5.70083029454	0.215033425363
12580	ACID	4.49536689589	0.171731346424
7997	ACID	8.46250168347	0.309854493442
7601	ACID	6.33184664468	0.237236953015
650	ACID	7.99523700198	0.294239954192
6569	ACID	9.50443845168	0.344043797955
22386	ACID	11.6737708131	0.412440062525
14104	ACID	8.43108722992	0.308810196445
14296	ACID	6.77874583876	0.252769275492
244	ACID	3.748907394	0.144334573101
24473	ACID	6.44011716071	0.241014642811
11525	ACID	12.232235266	0.429438378798
61027	ACID	4.02131302153	0.154384137495
15380	ACID	5.1499968515	0.195390887032
228769	ACID	5.78365404692	0.217965900223
62902	ACID	3.47559310407	0.134191825193
326	ACID	7.47546170596	0.276665457151
8180	ACID	10.3275169673	0.370437636008
5280450	ACID	9.39265185035	0.340417310501
8163	ACID	8.80446293624	0.321171090411
9256	ACID	6.55733387177	0.245093903868
101010	ACID	7.43756291204	0.275375579653
27458	ACID	6.70867544461	0.250344487296
24834	ACID	4.20145404362	0.160997275313
2682	ACID	11.799701024	0.416294863259
520191	ACID	7.16253327919	0.265980577977
16324	ACID	5.70853015052	0.215306279429
10400	ACID	18.29125	0.597822069374
8294	ACID	2.08957926817	0.0818366341195
8918	ACID	6.79602489098	0.253366613912
14286	ACID	5.58754941832	0.211013693332
31272	ACID	3.26543450466	0.126352155185
10285	ACID	7.35856354407	0.27268315879
7463	ACID	7.58398105188	0.280352534637
11980	ACID	6.63491916351	0.247787905618
6584	ACID	7.75151158907	0.286026090796
61024	ACID	6.05604095745	0.227571385467
62725	ACID	4.72789177842	0.180174486869
61527	ACID	8.02609027394	0.295276360923
8186	ACID	8.62104123414	0.315112708581
31249	ACID	6.56071545208	0.245211423186
4133	ACID	3.74292801549	0.144113316568
519539	ACID	4.37152029784	0.167216736028
6998	ACID	5.01076669367	0.190387554604
1060	ACID	3.98857066327	0.153179348156
2879	WARM	5.22311614169	0.198012268776
16255	WARM	5.72475777427	0.215881170341
15606	WARM	6.2020407593	0.23269550654
11527	WARM	3.50775245098	0.135388367136
10430	WARM	4.20142427861	0.160996184757
7151	WARM	4.84293715564	0.184335870108
5367698	WARM	7.4609682114	0.276172309795
641423	WARM	7.045476345	0.261963559029
6943	WARM	7.79052831034	0.287344199872
61204	WARM	6.4711519296	0.242095754266
6137	WARM	6.10704949171	0.229363558271
660	WARM	7.92020567026	0.291716363667
8193	WARM	2.55748557332	0.0996831299497
10882	WARM	5.90361307917	0.222203464211
11124	WARM	3.146475964	0.121898914163
8363	WARM	9.81058248299	0.353924287857
10448	WARM	5.49913538801	0.207869219514
8375	WARM	7.43715695344	0.275361756717
8785	WARM	5.50269163815	0.20799581942
31404	WARM	6.7958866501	0.25336183586
5780	WARM	7.63953105887	0.282236268435
7991	WARM	5.09148147752	0.193289985646
61653	WARM	4.1822620752	0.160293956582
6997	WARM	5.19579768406	0.197033381933
24197	WARM	6.57885803337	0.245841772126
12580	WARM	6.15804177594	0.231153079632
7997	WARM	2.96938024821	0.115248322305
7601	WARM	8.44424334665	0.309247635587
650	WARM	5.97338034959	0.224662704863
6569	WARM	4.9649223703	0.188736713155
22386	WARM	3.85277041661	0.148173280711
14104	WARM	6.95871361085	0.258979066387
14296	WARM	6.07246664279	0.228148725261
244	WARM	6.0271518835	0.226555451409
24473	WARM	5.18730524529	0.196728955529
11525	WARM	7.3963209168	0.27397061143
61027	WARM	7.48442038162	0.276970195885
15380	WARM	5.9604933065	0.224208740077
228769	WARM	6.1501089192	0.230874820881
62902	WARM	4.71644827952	0.179759977431
326	WARM	6.38785137831	0.23919219704
8180	WARM	6.52543124694	0.243984748694
5280450	WARM	5.40937605863	0.204670502608
8163	WARM	2.56454433184	0.0999510182217
9256	WARM	4.89361841571	0.186165736149
101010	WARM	6.7738864044	0.252601241368
27458	WARM	7.9705770906	0.293411043961
24834	WARM	4.94050242682	0.187856671381
2682	WARM	3.36112000786	0.129925949231
520191	WARM	6.32464099681	0.236985206377
16324	WARM	7.3386241779	0.272002805186
10400	WARM	4.40065192298	0.16827978198
8294	WARM	6.71199465585	0.25045943733
8918	WARM	4.10932071958	0.157618222073
14286	WARM	6.24879967135	0.234332987921
31272	WARM	5.07995109931	0.192875682704
10285	WARM	4.3150085506	0.165152622507
7463	WARM	4.45797568187	0.170369608403
11980	WARM	5.48091666847	0.207220487728
6584	WARM	4.20945645849	0.161290448869
61024	WARM	5.73782529667	0.216343956213
62725	WARM	8.29788668383	0.304373497986
61527	WARM	7.27260883248	0.269748017607
8186	WARM	5.9946601713	0.225412026624
31249	WARM	6.37489283984	0.238740010106
4133	WARM	6.95414322859	0.258821685926
519539	WARM	8.56676108951	0.313314685355
6998	WARM	15.0857808656	0.512398920893
1060	WARM	6.11084366924	0.22949678263
2879	MUSKY	6.67747684181	0.249263594883
16255	MUSKY	5.28693632747	0.200296774806
15606	MUSKY	6.17154545814	0.231626628989
11527	MUSKY	7.67303941372	0.283371363011
10430	MUSKY	14.4875892525	0.495547473161
7151	MUSKY	6.49564993169	0.242948610054
5367698	MUSKY	9.98944118452	0.359662073309
641423	MUSKY	12.3939721459	0.434314667614
6943	MUSKY	6.61638041796	0.247144620784
61204	MUSKY	3.97731251092	0.152764894513
6137	MUSKY	14.9248964329	0.507894843904
660	MUSKY	9.70457133927	0.350511371619
8193	MUSKY	7.05588263576	0.262321113522
10882	MUSKY	5.18154605367	0.196522474344
11124	MUSKY	7.44371621337	0.275585084109
8363	MUSKY	10.8535141008	0.387021056698
10448	MUSKY	10.0127340195	0.360407423761
8375	MUSKY	6.27289530928	0.235176126147
8785	MUSKY	4.27584329652	0.163720597502
31404	MUSKY	7.30235908254	0.270764584034
5780	MUSKY	4.08840318289	0.156850111081
7991	MUSKY	22.695200631	0.701779172567
61653	MUSKY	8.80621499182	0.32122883068
6997	MUSKY	4.8706231003	0.185335736258
24197	MUSKY	5.30427432833	0.200916842673
12580	MUSKY	6.68479362899	0.249517158815
7997	MUSKY	4.88898813823	0.185998643523
7601	MUSKY	14.6555641507	0.500308341798
650	MUSKY	7.85056736992	0.289370131585
6569	MUSKY	6.2129585222	0.233077999448
22386	MUSKY	9.03292104211	0.328679376663
14104	MUSKY	5.04486631967	0.191614382313
14296	MUSKY	10.3501336336	0.371155238851
244	MUSKY	9.20254977103	0.334227221926
24473	MUSKY	5.34358769629	0.202321936065
11525	MUSKY	3.23612647691	0.125256053246
61027	MUSKY	10.1394468833	0.364454522091
15380	MUSKY	14.109237411	0.484741264311
228769	MUSKY	5.43460493963	0.205570225245
62902	MUSKY	3.98226390564	0.1529471859
326	MUSKY	6.73658111153	0.251310634432
8180	MUSKY	11.5906788247	0.409889618741
5280450	MUSKY	10.8674187819	0.387456434883
8163	MUSKY	7.6857231178	0.283800788775
9256	MUSKY	10.8361791525	0.38647805465
101010	MUSKY	9.8690941986	0.355804159824
27458	MUSKY	12.8529568631	0.448038874475
24834	MUSKY	4.96868823521	0.188872384297
2682	MUSKY	9.00043330913	0.327614212464
520191	MUSKY	10.8954929786	0.388335012244
16324	MUSKY	4.8405408893	0.184249301132
10400	MUSKY	8.32093258557	0.305142135785
8294	MUSKY	8.07908715034	0.29705482634
8918	MUSKY	6.48040373496	0.242417896371
14286	MUSKY	7.85713986945	0.289591736007
31272	MUSKY	4.07738105285	0.156445227614
10285	MUSKY	10.2910955273	0.36928116223
7463	MUSKY	4.16467030083	0.159649020547
11980	MUSKY	5.38400136382	0.203765066279
6584	MUSKY	7.59238863219	0.280637799231
61024	MUSKY	5.34307591446	0.202303652487
62725	MUSKY	14.6888337288	0.501248614627
61527	MUSKY	7.0260383585	0.261295448334
8186	MUSKY	12.8201390572	0.447063176109
31249	MUSKY	4.41254223764	0.168713477906
4133	MUSKY	2.45428112632	0.0957618467141
519539	MUSKY	12.7295412263	0.444365161119
6998	MUSKY	4.57577904789	0.174656060357
1060	MUSKY	11.121096447	0.395372343406
2879	SWEATY	8.46841877094	0.310051104246
16255	SWEATY	3.66795772214	0.141336743345
15606	SWEATY	5.1280934439	0.194604800808
11527	SWEATY	2.73922978	0.106567839285
10430	SWEATY	10.1987016317	0.366342659279
7151	SWEATY	2.89527998637	0.112458140975
5367698	SWEATY	4.60228387162	0.175618948131
641423	SWEATY	3.70261630111	0.142620905055
6943	SWEATY	3.88803874087	0.149474811535
61204	SWEATY	1.80343794371	0.0708365623817
6137	SWEATY	8.24684203419	0.302669519953
660	SWEATY	3.37236871799	0.130345600412
8193	SWEATY	3.36316885165	0.130002392176
10882	SWEATY	3.65998118891	0.141041062635
11124	SWEATY	2.72648152674	0.106085780463
8363	SWEATY	3.16655222008	0.122651267618
10448	SWEATY	10.6001843786	0.379061811601
8375	SWEATY	3.50672785835	0.135350258225
8785	SWEATY	2.4427605133	0.0953235889617
31404	SWEATY	0.989053529213	0.039170850415
5780	SWEATY	5.07311285249	0.192629924494
7991	SWEATY	20.1911896008	0.644573929034
61653	SWEATY	8.24719298475	0.302681242539
6997	SWEATY	4.00766865783	0.153882183085
24197	SWEATY	1.90606239784	0.0747892663679
12580	SWEATY	3.0594139556	0.118632552723
7997	SWEATY	1.27234806708	0.0502463748416
7601	SWEATY	6.18629463033	0.232143688712
650	SWEATY	4.01234993213	0.154054416494
6569	SWEATY	2.55968095572	0.0997664515906
22386	SWEATY	3.39991312057	0.131372761132
14104	SWEATY	1.72757838534	0.0679093245826
14296	SWEATY	3.1300621345	0.121283569794
244	SWEATY	5.81504461944	0.219075887207
24473	SWEATY	2.27201325375	0.0888157124599
11525	SWEATY	1.8258713087	0.0717013299335
61027	SWEATY	5.56395877519	0.210175296107
15380	SWEATY	8.52231917767	0.31184079744
228769	SWEATY	5.07209889903	0.192593481064
62902	SWEATY	5.27591400427	0.199902452739
326	SWEATY	2.12768188414	0.0832964632856
8180	SWEATY	6.7009448923	0.250076730712
5280450	SWEATY	5.22850072683	0.198205141133
8163	SWEATY	3.79563024312	0.146062486148
9256	SWEATY	4.19379606993	0.160716672607
101010	SWEATY	4.54089400922	0.173387873008
27458	SWEATY	4.28010000215	0.163876297675
24834	SWEATY	2.06919970026	0.0810553530505
2682	SWEATY	3.33128042044	0.128812245122
520191	SWEATY	2.79620746236	0.108720788025
16324	SWEATY	2.31228663082	0.0903527974475
10400	SWEATY	2.58576647287	0.100756183614
8294	SWEATY	3.0175747087	0.117060685499
8918	SWEATY	2.09535232729	0.0820578925414
14286	SWEATY	3.70143124251	0.142577012403
31272	SWEATY	1.77337546864	0.0696770745243
10285	SWEATY	4.70044196348	0.179180016678
7463	SWEATY	2.55645219374	0.0996439086219
11980	SWEATY	3.06093796648	0.118689782165
6584	SWEATY	3.26775197857	0.126438797945
61024	SWEATY	2.28091419724	0.0891555400596
62725	SWEATY	4.73708066691	0.180507253379
61527	SWEATY	2.32406652823	0.0908021470383
8186	SWEATY	2.65575467862	0.10340897398
31249	SWEATY	2.25311610234	0.0880940312253
4133	SWEATY	3.06794317142	0.118952816736
519539	SWEATY	7.97879177757	0.293687223811
6998	SWEATY	3.39326654468	0.13112495865
1060	SWEATY	4.09197879316	0.156981435549
2879	AMMONIA/URINOUS	5.08490273811	0.193053615182
16255	AMMONIA/URINOUS	1.85642823153	0.0728785989495
15606	AMMONIA/URINOUS	5.3832449383	0.203738067106
11527	AMMONIA/URINOUS	8.10404321658	0.297891522081
10430	AMMONIA/URINOUS	7.5290811799	0.278488421831
7151	AMMONIA/URINOUS	3.69979403073	0.142516370881
5367698	AMMONIA/URINOUS	6.78102766263	0.252848172041
641423	AMMONIA/URINOUS	2.75078666547	0.107004735707
6943	AMMONIA/URINOUS	6.25939762757	0.234703881639
61204	AMMONIA/URINOUS	1.8853348532	0.0739915991246
6137	AMMONIA/URINOUS	5.52347256598	0.208735402964
660	AMMONIA/URINOUS	3.35763914299	0.129796069474
8193	AMMONIA/URINOUS	8.07000932694	0.296750352863
10882	AMMONIA/URINOUS	3.35742917767	0.129788234833
11124	AMMONIA/URINOUS	4.88429205691	0.185829158718
8363	AMMONIA/URINOUS	6.39373998261	0.239397634918
10448	AMMONIA/URINOUS	6.05321310935	0.227471968795
8375	AMMONIA/URINOUS	3.35945584939	0.129863856534
8785	AMMONIA/URINOUS	5.70563903565	0.215203834704
31404	AMMONIA/URINOUS	4.89332682485	0.186155214028
5780	AMMONIA/URINOUS	4.63081535347	0.176654833804
7991	AMMONIA/URINOUS	6.36064399303	0.238242642919
61653	AMMONIA/URINOUS	9.41223617696	0.341053371138
6997	AMMONIA/URINOUS	3.58277401156	0.138176452615
24197	AMMONIA/URINOUS	3.9260247421	0.150875521574
12580	AMMONIA/URINOUS	3.57552260154	0.137907159312
7997	AMMONIA/URINOUS	3.02409286434	0.117305659513
7601	AMMONIA/URINOUS	8.87555684301	0.323512070011
650	AMMONIA/URINOUS	5.91079919911	0.222456949096
6569	AMMONIA/URINOUS	4.85456155773	0.184755755142
22386	AMMONIA/URINOUS	7.49951907262	0.277483648377
14104	AMMONIA/URINOUS	4.88062832581	0.185696919891
14296	AMMONIA/URINOUS	5.35931370007	0.202883650669
244	AMMONIA/URINOUS	5.39696054553	0.204227548569
24473	AMMONIA/URINOUS	2.96408649361	0.115049136248
11525	AMMONIA/URINOUS	6.69625717658	0.249914342993
61027	AMMONIA/URINOUS	1.89560944409	0.0743870436978
15380	AMMONIA/URINOUS	8.64644150483	0.315953279915
228769	AMMONIA/URINOUS	2.8700262091	0.111506228187
62902	AMMONIA/URINOUS	2.08291353383	0.0815811298376
326	AMMONIA/URINOUS	6.32737715299	0.237080805465
8180	AMMONIA/URINOUS	6.84068417481	0.254909383001
5280450	AMMONIA/URINOUS	8.70763548574	0.317976253129
8163	AMMONIA/URINOUS	7.97014857101	0.293396635543
9256	AMMONIA/URINOUS	5.85228526028	0.220391713304
101010	AMMONIA/URINOUS	5.83969366351	0.219946937707
27458	AMMONIA/URINOUS	7.22241832372	0.268031402372
24834	AMMONIA/URINOUS	3.48359351806	0.134489571203
2682	AMMONIA/URINOUS	8.01106382901	0.294771695691
520191	AMMONIA/URINOUS	6.51705900411	0.243693536939
16324	AMMONIA/URINOUS	2.54415830565	0.0991772356324
10400	AMMONIA/URINOUS	7.13758233363	0.265125260717
8294	AMMONIA/URINOUS	2.13009306569	0.0833888040401
8918	AMMONIA/URINOUS	4.87204343593	0.185387014541
14286	AMMONIA/URINOUS	3.80572358803	0.14643553071
31272	AMMONIA/URINOUS	3.18970463345	0.123518499079
10285	AMMONIA/URINOUS	8.63956035478	0.315725612942
7463	AMMONIA/URINOUS	7.31606288322	0.271232604884
11980	AMMONIA/URINOUS	3.8085637721	0.146540487682
6584	AMMONIA/URINOUS	4.34875362486	0.166385481758
61024	AMMONIA/URINOUS	3.71337848518	0.143019467498
62725	AMMONIA/URINOUS	6.60706404102	0.246821243544
61527	AMMONIA/URINOUS	7.60531887131	0.281076404799
8186	AMMONIA/URINOUS	8.45165570559	0.309494034557
31249	AMMONIA/URINOUS	1.72842917047	0.06794217986
4133	AMMONIA/URINOUS	2.54581811052	0.0992402484801
519539	AMMONIA/URINOUS	7.9293797768	0.292025165614
6998	AMMONIA/URINOUS	3.88251028847	0.149270857083
1060	AMMONIA/URINOUS	3.47174173457	0.134048473114
2879	DECAYED	5.5735046943	0.210514605941
16255	DECAYED	2.47775644437	0.0966545469757
15606	DECAYED	4.29886071325	0.164562347157
11527	DECAYED	3.76253453278	0.144838714867
10430	DECAYED	7.31312242027	0.271132192997
7151	DECAYED	3.95184303752	0.151826896144
5367698	DECAYED	4.82312592902	0.18362001967
641423	DECAYED	3.56962069765	0.137687951136
6943	DECAYED	3.79476923764	0.146030660079
61204	DECAYED	2.33695404921	0.0912936202772
6137	DECAYED	7.64627785559	0.282464888205
660	DECAYED	2.12399301826	0.0831551821938
8193	DECAYED	3.58982090739	0.138438110637
10882	DECAYED	2.99725195095	0.116296670335
11124	DECAYED	3.52539779169	0.136044539832
8363	DECAYED	0.728119202226	0.02891270506
10448	DECAYED	12.7293390893	0.444359134112
8375	DECAYED	5.37848651516	0.203568213729
8785	DECAYED	2.00982725528	0.0787773279728
31404	DECAYED	3.39111098701	0.13104458599
5780	DECAYED	5.0113952	0.19041017526
7991	DECAYED	11.4412530174	0.405289212452
61653	DECAYED	5.12391184569	0.194454684786
6997	DECAYED	3.51854685588	0.135789805444
24197	DECAYED	2.14129104998	0.0838175910551
12580	DECAYED	4.0869683588	0.156797410206
7997	DECAYED	9.04707147115	0.329143057964
7601	DECAYED	2.53690193472	0.0989017288181
650	DECAYED	4.98416860755	0.189429969619
6569	DECAYED	5.27527400668	0.199879553929
22386	DECAYED	3.07425774966	0.119189885702
14104	DECAYED	2.01515106068	0.0789817089083
14296	DECAYED	2.28934055663	0.0894771901917
244	DECAYED	3.97889382021	0.152823114395
24473	DECAYED	2.3320274237	0.0911057561861
11525	DECAYED	2.43860083108	0.0951653236379
61027	DECAYED	4.33714011407	0.165961290815
15380	DECAYED	18.1817176871	0.595038764262
228769	DECAYED	2.33758602965	0.0913177178075
62902	DECAYED	3.56018972874	0.137337608788
326	DECAYED	3.24174169631	0.125466112162
8180	DECAYED	3.41619352273	0.131979589635
5280450	DECAYED	4.83202102952	0.183941470289
8163	DECAYED	4.58006297445	0.174811728238
9256	DECAYED	10.304142253	0.369695551093
101010	DECAYED	13.1363575865	0.456428747205
27458	DECAYED	9.16154529996	0.332888247085
24834	DECAYED	2.69434546452	0.104870019588
2682	DECAYED	3.32679375358	0.128644727472
520191	DECAYED	6.28350784562	0.235547325486
16324	DECAYED	6.20438362664	0.232777594591
10400	DECAYED	5.16701871351	0.196001515586
8294	DECAYED	3.59240452305	0.138534032819
8918	DECAYED	4.05179674743	0.155505047144
14286	DECAYED	6.55856427603	0.245136664896
31272	DECAYED	3.87842711573	0.149120205872
10285	DECAYED	3.53844082504	0.136529407613
7463	DECAYED	3.63696349537	0.140187538428
11980	DECAYED	6.79893248065	0.253467106075
6584	DECAYED	3.64723751909	0.140568564155
61024	DECAYED	2.39811703574	0.0936242953026
62725	DECAYED	6.6994611961	0.250025335717
61527	DECAYED	5.7029409104	0.215108222405
8186	DECAYED	2.99700676128	0.11628745064
31249	DECAYED	4.15165870576	0.159171840227
4133	DECAYED	1.77460284281	0.0697244276125
519539	DECAYED	5.72092130408	0.215745275936
6998	DECAYED	3.34564324177	0.12934839819
1060	DECAYED	8.09473213816	0.297579410171
2879	WOOD	3.71998517786	0.143264091225
16255	WOOD	3.11889193613	0.120864682682
15606	WOOD	1.67803002716	0.0659948871776
11527	WOOD	2.9102298731	0.113021419758
10430	WOOD	1.86710176211	0.0732896428883
7151	WOOD	3.17631596151	0.123017045225
5367698	WOOD	3.17829719502	0.123091258577
641423	WOOD	1.988002442	0.0779392361963
6943	WOOD	4.55880379301	0.174039074911
61204	WOOD	3.78775294669	0.145771288914
6137	WOOD	3.90558468476	0.150121950698
660	WOOD	3.15161289656	0.122091450323
8193	WOOD	3.76628596504	0.144977474613
10882	WOOD	1.30523166822	0.0515278148457
11124	WOOD	2.82915230904	0.109964451247
8363	WOOD	2.05481521881	0.0805037025191
10448	WOOD	3.48893346842	0.134688276038
8375	WOOD	3.23501766384	0.12521457084
8785	WOOD	1.60164503646	0.0630396947294
31404	WOOD	4.276529121	0.163745684311
5780	WOOD	2.10890804055	0.0825773243727
7991	WOOD	1.93047521014	0.0757283145907
61653	WOOD	9.97877478406	0.359320612886
6997	WOOD	3.23324210647	0.125148142451
24197	WOOD	1.51548312735	0.0597006494502
12580	WOOD	1.91893784787	0.075284584929
7997	WOOD	2.36614590878	0.0924063777665
7601	WOOD	3.2773140175	0.126796245832
650	WOOD	2.83189589766	0.110067982156
6569	WOOD	4.12369097701	0.158145708171
22386	WOOD	1.30360821533	0.0514645708614
14104	WOOD	5.83100168259	0.219639835054
14296	WOOD	4.46132399628	0.170491595131
244	WOOD	1.04942897215	0.041536638419
24473	WOOD	3.45272108843	0.133340330372
11525	WOOD	6.53157894736	0.244198548476
61027	WOOD	3.00382940179	0.116543979642
15380	WOOD	1.29050312265	0.0509539655824
228769	WOOD	2.03640388575	0.0797973791156
62902	WOOD	2.85117932643	0.110795483637
326	WOOD	3.81452722585	0.146760841851
8180	WOOD	6.98176643126	0.25977263225
5280450	WOOD	6.52953206908	0.244127367147
8163	WOOD	2.22180245791	0.0868975358516
9256	WOOD	3.25655999752	0.126020326694
101010	WOOD	4.99144049067	0.189691828358
27458	WOOD	10.5388605442	0.377127389141
24834	WOOD	2.86262569539	0.111227177467
2682	WOOD	2.27285992797	0.0888480402178
520191	WOOD	7.78039663288	0.287002036609
16324	WOOD	1.92404072314	0.075480855844
10400	WOOD	1.39604004846	0.0550620308117
8294	WOOD	1.83930566539	0.0722190084834
8918	WOOD	1.99010840494	0.0780201236123
14286	WOOD	6.24209243136	0.234098210086
31272	WOOD	0.845602565137	0.0335380851262
10285	WOOD	2.73995225259	0.106595154765
7463	WOOD	4.19210712584	0.160654780172
11980	WOOD	1.58432832251	0.0623690944069
6584	WOOD	3.95648783748	0.151997995096
61024	WOOD	2.10858980979	0.0825651319972
62725	WOOD	3.56067512348	0.137355642005
61527	WOOD	8.35270661456	0.306201181467
8186	WOOD	4.75622933725	0.181200486487
31249	WOOD	0.892262491511	0.0353720467189
4133	WOOD	2.13188220941	0.0834573196743
519539	WOOD	3.92792087107	0.150945409895
6998	WOOD	2.80672227839	0.109117815157
1060	WOOD	3.52396270768	0.135991183041
2879	GRASS	1.78358289828	0.0700708487491
16255	GRASS	4.67767651397	0.178354797531
15606	GRASS	0.876855975484	0.0347666884587
11527	GRASS	2.02254471545	0.0792655137674
10430	GRASS	1.07808987725	0.0426586839768
7151	GRASS	2.96057968518	0.114917174578
5367698	GRASS	6.85257575758	0.255319912498
641423	GRASS	1.79850916888	0.0706465126632
6943	GRASS	3.8290294432	0.147296591137
61204	GRASS	2.48933086648	0.0970945273941
6137	GRASS	1.71526399878	0.067433707717
660	GRASS	1.98976525632	0.0780069439425
8193	GRASS	2.73539840079	0.106422974267
10882	GRASS	1.98051555097	0.0776516452999
11124	GRASS	2.1168068262	0.0828799245923
8363	GRASS	1.80203877683	0.0707826135717
10448	GRASS	5.65814827465	0.213520074227
8375	GRASS	2.52764068341	0.0985500403668
8785	GRASS	3.19222598052	0.123612916536
31404	GRASS	4.67971467717	0.178428695303
5780	GRASS	4.23971430772	0.162398501344
7991	GRASS	2.44512433354	0.0954135201392
61653	GRASS	2.12058745061	0.08302474157
6997	GRASS	1.94349045354	0.0762287560842
24197	GRASS	1.76917447495	0.069514987669
12580	GRASS	1.70004843369	0.0668458714768
7997	GRASS	7.12611067978	0.264731845823
7601	GRASS	3.38321853742	0.130750274428
650	GRASS	3.45346829311	0.133368154424
6569	GRASS	1.0181916716	0.0403129811518
22386	GRASS	2.40791245861	0.0939972813812
14104	GRASS	3.76005798596	0.144747105015
14296	GRASS	1.72333093464	0.0677452895815
244	GRASS	2.14557165719	0.0839814751933
24473	GRASS	3.72308673469	0.143378919454
11525	GRASS	0.725610902256	0.0288138316176
61027	GRASS	2.46893570215	0.0963191706856
15380	GRASS	2.77591666667	0.107954381331
228769	GRASS	2.70439561991	0.105250322529
62902	GRASS	2.19463956579	0.0858590055022
326	GRASS	4.07627641482	0.156404644829
8180	GRASS	2.06041411807	0.0807184421877
5280450	GRASS	2.63298400365	0.102546318241
8163	GRASS	1.73250800847	0.0680996867392
9256	GRASS	2.41747330683	0.0943612613977
101010	GRASS	4.9711038961	0.188959406266
27458	GRASS	3.88704288844	0.149438074571
24834	GRASS	2.8295176413	0.109978237619
2682	GRASS	2.96372557277	0.115035555202
520191	GRASS	3.81099820178	0.146630445154
16324	GRASS	2.3373045826	0.0913069862192
10400	GRASS	0.883115942029	0.0350126801743
8294	GRASS	3.03206466282	0.117605220065
8918	GRASS	4.09078517836	0.156937597784
14286	GRASS	1.85915224785	0.0729835110819
31272	GRASS	7.57114487902	0.279916901249
10285	GRASS	1.33346964338	0.0526275292194
7463	GRASS	4.25009444204	0.162778456575
11980	GRASS	3.31580902815	0.128234525322
6584	GRASS	2.40750327692	0.0939817022655
61024	GRASS	4.87730384022	0.185576916509
62725	GRASS	6.52974370439	0.244134727038
61527	GRASS	3.07024600538	0.119039276002
8186	GRASS	1.53001218884	0.0602641126343
31249	GRASS	2.34213206885	0.0914910497028
4133	GRASS	3.1446710812	0.121831260764
519539	GRASS	5.31260990532	0.20121486661
6998	GRASS	1.80941900016	0.0710671611592
1060	GRASS	2.75357296538	0.107110052985
2879	FLOWER	6.02066551639	0.226327255352
16255	FLOWER	10.8985249268	0.38842985884
15606	FLOWER	9.21918445865	0.334770033513
11527	FLOWER	6.43936260059	0.240988347743
10430	FLOWER	2.05432385222	0.0804848554928
7151	FLOWER	5.69509296799	0.214830085154
5367698	FLOWER	8.7858669704	0.320558095447
641423	FLOWER	8.18805143667	0.300704382935
6943	FLOWER	4.78315558867	0.182174792593
61204	FLOWER	8.87982229971	0.323652394359
6137	FLOWER	2.0768531746	0.0813487993406
660	FLOWER	10.663756883	0.381063990975
8193	FLOWER	5.12454365997	0.19447736731
10882	FLOWER	5.9477594718	0.223760041778
11124	FLOWER	6.20528451365	0.232809158188
8363	FLOWER	14.0819443348	0.483957310893
10448	FLOWER	2.29455485809	0.0896762015247
8375	FLOWER	12.1693224015	0.427535932976
8785	FLOWER	15.4890311386	0.523597211298
31404	FLOWER	5.30744566983	0.201030234978
5780	FLOWER	5.35796383895	0.202835442958
7991	FLOWER	2.72131082102	0.105890219807
61653	FLOWER	0.971542474529	0.0384841410692
6997	FLOWER	4.88185970011	0.185741366352
24197	FLOWER	10.2860304751	0.369120249831
12580	FLOWER	4.33695563273	0.165954551645
7997	FLOWER	5.99203896907	0.22531974636
7601	FLOWER	14.883122862	0.50672197603
650	FLOWER	3.26150518009	0.126205240788
6569	FLOWER	3.61815211033	0.139489674536
22386	FLOWER	4.04578100475	0.155283902614
14104	FLOWER	2.82817518137	0.109927577312
14296	FLOWER	1.74471407518	0.0685709521257
244	FLOWER	8.73178102652	0.318773641103
24473	FLOWER	6.74345453246	0.251548509686
11525	FLOWER	3.67285318911	0.141518187345
61027	FLOWER	5.17430579349	0.196262855562
15380	FLOWER	0.529086438923	0.021051484573
228769	FLOWER	10.8541360556	0.387040534418
62902	FLOWER	4.80902374099	0.183110265903
326	FLOWER	4.83039175954	0.183882596561
8180	FLOWER	3.66555217832	0.141247578024
5280450	FLOWER	2.38155121897	0.0929933342753
8163	FLOWER	4.615024852	0.176081612326
9256	FLOWER	2.04255697819	0.0800334635239
101010	FLOWER	5.65526574537	0.213417817554
27458	FLOWER	1.92494470068	0.075515623187
24834	FLOWER	6.91862275429	0.257597973845
2682	FLOWER	4.76973622937	0.181689295696
520191	FLOWER	2.61408091268	0.1018298689
16324	FLOWER	5.9975995611	0.225515502246
10400	FLOWER	6.16425518381	0.231370990564
8294	FLOWER	17.1250607369	0.567695347379
8918	FLOWER	7.1917534349	0.266981610409
14286	FLOWER	5.76635245672	0.217353770007
31272	FLOWER	6.88332351062	0.256380883404
10285	FLOWER	2.30912527776	0.090232187291
7463	FLOWER	4.80900420828	0.183109559741
11980	FLOWER	3.88445968443	0.149342776561
6584	FLOWER	4.67757246377	0.178351024889
61024	FLOWER	10.3367326514	0.370730089292
62725	FLOWER	0.792181321744	0.0314362323711
61527	FLOWER	4.13172840875	0.158440664493
8186	FLOWER	3.00491131305	0.116584655722
31249	FLOWER	7.55420502245	0.27934179549
4133	FLOWER	15.2967192331	0.518272921607
519539	FLOWER	0.850110400633	0.033715340948
6998	FLOWER	9.50303808734	0.343998430338
1060	FLOWER	3.98327816134	0.15298452449
2879	CHEMICAL	13.4334245194	0.46515422305
16255	CHEMICAL	15.9868507463	0.537242271139
15606	CHEMICAL	14.900664129	0.507214648567
11527	CHEMICAL	36.9294715744	0.93166451467
10430	CHEMICAL	24.3783199252	0.737411804058
7151	CHEMICAL	16.2328388603	0.543911531426
5367698	CHEMICAL	14.2552972308	0.488926489576
641423	CHEMICAL	13.6445968629	0.471313865095
6943	CHEMICAL	17.6722691892	0.581967128248
61204	CHEMICAL	8.98332736104	0.327053026251
6137	CHEMICAL	17.9003633542	0.587845330884
660	CHEMICAL	13.9961859515	0.481490149584
8193	CHEMICAL	39.5067249183	0.955956471223
10882	CHEMICAL	11.1420204795	0.396022971034
11124	CHEMICAL	13.3667150422	0.463200973281
8363	CHEMICAL	11.8297101449	0.417211588952
10448	CHEMICAL	13.8815489657	0.478182997954
8375	CHEMICAL	15.5343343458	0.524847156405
8785	CHEMICAL	17.0722093051	0.566304239981
31404	CHEMICAL	28.5356919885	0.815713392635
5780	CHEMICAL	9.39872821351	0.340614691728
7991	CHEMICAL	16.1684928902	0.542171650672
61653	CHEMICAL	11.5252762088	0.407878251676
6997	CHEMICAL	21.4769471875	0.674574183303
24197	CHEMICAL	9.71711818248	0.35091577299
12580	CHEMICAL	17.2150463882	0.570058726668
7997	CHEMICAL	19.0566700307	0.617004132164
7601	CHEMICAL	10.7629736197	0.384182304332
650	CHEMICAL	15.1541603749	0.514306984329
6569	CHEMICAL	25.1523728491	0.753038169989
22386	CHEMICAL	41.4320478723	0.970636078535
14104	CHEMICAL	19.2784356659	0.622474193947
14296	CHEMICAL	10.9906604371	0.391308570747
244	CHEMICAL	23.5708484698	0.720599979758
24473	CHEMICAL	29.3736742916	0.829821875109
11525	CHEMICAL	37.2277632189	0.934747987043
61027	CHEMICAL	11.0575032421	0.393392778506
15380	CHEMICAL	10.0640783277	0.362048864073
228769	CHEMICAL	13.6806991776	0.472363355107
62902	CHEMICAL	16.3258242174	0.546419954144
326	CHEMICAL	24.280542736	0.735403807218
8180	CHEMICAL	18.6312310031	0.606400132646
5280450	CHEMICAL	21.9897251641	0.686169801446
8163	CHEMICAL	18.8431266796	0.611699697958
9256	CHEMICAL	9.38251976785	0.340088119836
101010	CHEMICAL	12.3063936104	0.431676814939
27458	CHEMICAL	21.5568606988	0.676395130677
24834	CHEMICAL	17.4572234629	0.576387078101
2682	CHEMICAL	38.7271888662	0.949169491657
520191	CHEMICAL	17.0780419989	0.566457872551
16324	CHEMICAL	10.6653224673	0.381113257358
10400	CHEMICAL	38.6956461353	0.94888463348
8294	CHEMICAL	7.72203267441	0.285029391527
8918	CHEMICAL	18.0407767212	0.591443218966
14286	CHEMICAL	12.57314852	0.439692315319
31272	CHEMICAL	13.2546005857	0.459910248755
10285	CHEMICAL	34.1564540816	0.899592821093
7463	CHEMICAL	34.6474993915	0.905720290026
11980	CHEMICAL	18.0405664359	0.591437842506
6584	CHEMICAL	11.9039355932	0.419475950684
61024	CHEMICAL	13.7544386604	0.474503713271
62725	CHEMICAL	20.5333104111	0.65268568187
61527	CHEMICAL	23.0547950489	0.709582372057
8186	CHEMICAL	28.0032825983	0.806457769419
31249	CHEMICAL	9.63266602393	0.348191339066
4133	CHEMICAL	13.0045236465	0.452533891752
519539	CHEMICAL	9.24292314138	0.335544274376
6998	CHEMICAL	15.7876123629	0.531805012868
1060	CHEMICAL	12.3947720237	0.434338731542
