#oID	descriptor	value	sigma
10895	INTENSITY/STRENGTH	45.5673469388	0.992140634736
62444	INTENSITY/STRENGTH	60.9204081633	0.952297874219
5541	INTENSITY/STRENGTH	59.101055982	0.966868312005
24020	INTENSITY/STRENGTH	56.8224489796	0.981381675968
14328	INTENSITY/STRENGTH	33.6897959184	0.893590897126
8048	INTENSITY/STRENGTH	56.487755102	0.983163613494
2345	INTENSITY/STRENGTH	60.9979591837	0.951617957518
887	INTENSITY/STRENGTH	25.5142857143	0.760179918367
8125	INTENSITY/STRENGTH	62.1302286328	0.941143021326
61386	INTENSITY/STRENGTH	23.2326530612	0.713403655144
7136	INTENSITY/STRENGTH	50.228979196	0.999979027411
61204	INTENSITY/STRENGTH	44.0673469388	0.985921451062
5363491	INTENSITY/STRENGTH	48.6273433267	0.999246325463
520108	INTENSITY/STRENGTH	41.3571428571	0.970120408163
6374	INTENSITY/STRENGTH	10.9	0.388475999999
8892	INTENSITY/STRENGTH	41.8897959184	0.973689835902
11525	INTENSITY/STRENGTH	48.3428571429	0.99890155102
6050	INTENSITY/STRENGTH	51.3183673469	0.999304763015
33032	INTENSITY/STRENGTH	35.4897959184	0.915781591004
89440	INTENSITY/STRENGTH	54.8473347726	0.990601338241
18827	INTENSITY/STRENGTH	58.2775510204	0.972592859642
6054	INTENSITY/STRENGTH	57.6571428571	0.976547265306
5367706	INTENSITY/STRENGTH	55.5081632653	0.987864054977
6569	INTENSITY/STRENGTH	36.6163265306	0.928350913786
2758	INTENSITY/STRENGTH	45.2	0.990784
104721	INTENSITY/STRENGTH	26.7591836735	0.783945782591
11419	INTENSITY/STRENGTH	50.2357142857	0.99997777551
7122	INTENSITY/STRENGTH	64.7004055005	0.913559231248
240	INTENSITY/STRENGTH	58.5571428571	0.970710122449
650	INTENSITY/STRENGTH	24.557920311	0.741080232439
643820	INTENSITY/STRENGTH	64.5337142857	0.915508459625
2214	INTENSITY/STRENGTH	61.9020408163	0.943336569762
5610	INTENSITY/STRENGTH	41.5262244617	0.97127805125
7194	INTENSITY/STRENGTH	36.9739795918	0.932129116931
12748	INTENSITY/STRENGTH	57.0285714286	0.980239673469
8467	INTENSITY/STRENGTH	58.6904236987	0.969790614375
31260	INTENSITY/STRENGTH	43.0020408163	0.980411426906
126	INTENSITY/STRENGTH	24.4734693877	0.73935849396
6386	INTENSITY/STRENGTH	9.88775510208	0.3564031237
9261	INTENSITY/STRENGTH	16.6142857143	0.554157632653
7768	INTENSITY/STRENGTH	32.4285714286	0.876497959184
325	INTENSITY/STRENGTH	57.0571428572	0.980078693877
61252	INTENSITY/STRENGTH	33.493877551	0.89101916868
6137	INTENSITY/STRENGTH	52.6571428571	0.997175836735
8914	INTENSITY/STRENGTH	59.0688786929	0.967102175701
1549778	INTENSITY/STRENGTH	51.0612244898	0.999549521033
638024	INTENSITY/STRENGTH	56.4367346939	0.983427378592
8785	INTENSITY/STRENGTH	35.1269598912	0.911517071169
31210	INTENSITY/STRENGTH	71.5571428571	0.814115836735
7803	INTENSITY/STRENGTH	50.7571428572	0.999770693878
7915	INTENSITY/STRENGTH	18.4897959184	0.602842815494
1551246	INTENSITY/STRENGTH	55.2775510204	0.988858982091
244	INTENSITY/STRENGTH	78.0816326531	0.684568763015
165675	INTENSITY/STRENGTH	55.3377551021	0.988603348188
638014	INTENSITY/STRENGTH	57.9755102041	0.974556494794
356	INTENSITY/STRENGTH	51.7007655855	0.998842958569
7921	INTENSITY/STRENGTH	50.6693877551	0.999820768013
93375	INTENSITY/STRENGTH	36.293877551	0.924856882965
14296	INTENSITY/STRENGTH	47.2285714286	0.996927673469
2346	INTENSITY/STRENGTH	72.0530612245	0.805464996252
7410	INTENSITY/STRENGTH	43.6229650674	0.983733370187
7695	INTENSITY/STRENGTH	52.3310776092	0.997826430872
6287	INTENSITY/STRENGTH	20.6448979592	0.65531119367
10895	VALENCE/PLEASANTNESS	59.9153658537	0.960674207995
62444	VALENCE/PLEASANTNESS	43.0312333077	0.980574516315
5541	VALENCE/PLEASANTNESS	51.973021163	0.998442874996
24020	VALENCE/PLEASANTNESS	41.5163763066	0.971211251612
14328	VALENCE/PLEASANTNESS	27.5369337096	0.798164261134
8048	VALENCE/PLEASANTNESS	62.7813929295	0.934654397913
9609	VALENCE/PLEASANTNESS	31.6938204721	0.865953516437
2345	VALENCE/PLEASANTNESS	56.7238899861	0.981915721382
887	VALENCE/PLEASANTNESS	41.5763888889	0.971617110339
8125	VALENCE/PLEASANTNESS	41.1627099442	0.968760921788
61386	VALENCE/PLEASANTNESS	55.2	0.989184
7136	VALENCE/PLEASANTNESS	44.622505004	0.988433019027
61204	VALENCE/PLEASANTNESS	48.2139270559	0.998723977375
5363491	VALENCE/PLEASANTNESS	43.2387227768	0.981714052125
520108	VALENCE/PLEASANTNESS	40.8636155607	0.966610591751
6374	VALENCE/PLEASANTNESS	24.6297435898	0.742540035872
8892	VALENCE/PLEASANTNESS	40.5523809524	0.964296997733
11525	VALENCE/PLEASANTNESS	31.6662912913	0.865550049994
6050	VALENCE/PLEASANTNESS	51.1903368586	0.999433239265
33032	VALENCE/PLEASANTNESS	39.751377551	0.95798629516
89440	VALENCE/PLEASANTNESS	38.9372346352	0.951046088994
18827	VALENCE/PLEASANTNESS	36.1239130435	0.92298168431
6054	VALENCE/PLEASANTNESS	31.2087690345	0.858755855521
5367706	VALENCE/PLEASANTNESS	47.7066819411	0.997896276912
6569	VALENCE/PLEASANTNESS	39.1269614718	0.952710813266
2758	VALENCE/PLEASANTNESS	47.2380344225	0.99694861846
104721	VALENCE/PLEASANTNESS	44.479743083	0.987810705428
11419	VALENCE/PLEASANTNESS	31.6662912913	0.865550049994
7122	VALENCE/PLEASANTNESS	37.6309060893	0.938802206332
7969	VALENCE/PLEASANTNESS	33.7004484473	0.893729847672
240	VALENCE/PLEASANTNESS	33.970035461	0.897216094751
650	VALENCE/PLEASANTNESS	26.7333333334	0.783464888889
643820	VALENCE/PLEASANTNESS	49.6096820004	0.999939060744
2214	VALENCE/PLEASANTNESS	27.8994897959	0.804626979487
5610	VALENCE/PLEASANTNESS	47.1700207443	0.996796486965
7194	VALENCE/PLEASANTNESS	50.1552267388	0.999990361864
12748	VALENCE/PLEASANTNESS	41.9350013843	0.973982318931
8467	VALENCE/PLEASANTNESS	57.0531914894	0.980100995926
31260	VALENCE/PLEASANTNESS	18.7102336587	0.608380208922
126	VALENCE/PLEASANTNESS	33.6276595745	0.892778587596
6386	VALENCE/PLEASANTNESS	49.7537231285	0.999975739081
9261	VALENCE/PLEASANTNESS	39.4778327497	0.955713598543
7768	VALENCE/PLEASANTNESS	42.0338478897	0.974616168222
7894	VALENCE/PLEASANTNESS	18.7102336587	0.608380208922
325	VALENCE/PLEASANTNESS	49.7060450733	0.9999654362
61252	VALENCE/PLEASANTNESS	39.9293561864	0.959432853272
61199	VALENCE/PLEASANTNESS	46.3369431723	0.994632805871
6137	VALENCE/PLEASANTNESS	50.2545334829	0.999974085082
8914	VALENCE/PLEASANTNESS	37.7511489362	0.939986259047
1549778	VALENCE/PLEASANTNESS	35.3112244898	0.913695949604
638024	VALENCE/PLEASANTNESS	60.9583333333	0.951965972222
8785	VALENCE/PLEASANTNESS	40.652173913	0.965047258979
31210	VALENCE/PLEASANTNESS	58.2934358619	0.972487568642
7803	VALENCE/PLEASANTNESS	56.0192528736	0.985507437937
7915	VALENCE/PLEASANTNESS	43.3355295485	0.98223393344
1551246	VALENCE/PLEASANTNESS	45.7980507246	0.992937448915
244	VALENCE/PLEASANTNESS	33.5919458352	0.89231030341
61130	VALENCE/PLEASANTNESS	47.0451368097	0.996507513411
165675	VALENCE/PLEASANTNESS	47.1534351542	0.996758827432
638014	VALENCE/PLEASANTNESS	30.11273305	0.841798645304
356	VALENCE/PLEASANTNESS	41.5962825475	0.971751013191
7921	VALENCE/PLEASANTNESS	54.5654931877	0.991662508781
93375	VALENCE/PLEASANTNESS	41.2585283955	0.969434669675
14296	VALENCE/PLEASANTNESS	34.3785172952	0.902387711241
2346	VALENCE/PLEASANTNESS	44.5996799896	0.988334617514
7410	VALENCE/PLEASANTNESS	36.3308994994	0.925262276602
7695	VALENCE/PLEASANTNESS	47.8333333334	0.998122222222
6287	VALENCE/PLEASANTNESS	41.8369579946	0.973345898087
7916	VALENCE/PLEASANTNESS	43.3350727507	0.982231497905
10895	BAKERY	6.09767784774	0.229034443856
62444	BAKERY	1.56590245657	0.0616552780615
5541	BAKERY	0.775520741211	0.0307802566804
24020	BAKERY	6.20163192937	0.23268118174
14328	BAKERY	6.40556963586	0.239810256491
8048	BAKERY	1.90258091749	0.0746553110407
9609	BAKERY	2.11578662499	0.0828408437828
2345	BAKERY	1.28196882146	0.0506213752349
887	BAKERY	4.11376422475	0.157781346551
8125	BAKERY	1.20453940766	0.0476012102327
61386	BAKERY	3.32796126288	0.128688320048
7136	BAKERY	9.32148109759	0.338103239963
61204	BAKERY	2.68785195618	0.104624258992
5363491	BAKERY	2.00525810694	0.0786019002475
520108	BAKERY	6.52431504801	0.243945927182
6374	BAKERY	1.01120772947	0.0400392927499
8892	BAKERY	1.83490369143	0.0720493990344
11525	BAKERY	2.6295994619	0.102418061144
6050	BAKERY	2.20406627855	0.0862194878778
33032	BAKERY	6.29	0.23577436
89440	BAKERY	1.45842632545	0.0574862500791
18827	BAKERY	1.89946672455	0.0745354794469
6054	BAKERY	1.85932292015	0.0729900841176
5367706	BAKERY	1.6887984301	0.0664111211488
6569	BAKERY	5.19882084652	0.197141738583
2758	BAKERY	2.75289014019	0.107084243958
104721	BAKERY	3.74638031265	0.144241066327
11419	BAKERY	2.72510451241	0.106033702655
7122	BAKERY	4.14539038557	0.158941910843
7969	BAKERY	2.11446843972	0.0827903468757
240	BAKERY	4.49104181219	0.171573889864
650	BAKERY	4.70972124323	0.179516260054
643820	BAKERY	4.01506852741	0.154154430985
2214	BAKERY	8.71984042553	0.318379370203
5610	BAKERY	1.70020176895	0.066851796336
7194	BAKERY	3.83335196549	0.147456243703
12748	BAKERY	3.21870834566	0.124604300461
8467	BAKERY	12.016592456	0.422904300537
31260	BAKERY	1.67066559417	0.0657101743559
126	BAKERY	6.04961156051	0.227345342407
6386	BAKERY	5.36263883837	0.203002395411
9261	BAKERY	5.11928385979	0.194288527497
7768	BAKERY	2.32891478561	0.090987053793
7894	BAKERY	2.24489795919	0.0877800916286
325	BAKERY	1.34865814327	0.0532187742157
61252	BAKERY	1.70857712766	0.0671753907859
61199	BAKERY	8.66367514381	0.316523298953
6137	BAKERY	5.27132183908	0.199738139991
8914	BAKERY	0.153389718515	0.00612617737829
1549778	BAKERY	1.80401880402	0.0708589586227
638024	BAKERY	6.48044350422	0.242419280964
8785	BAKERY	2.85979798396	0.111120541555
31210	BAKERY	1.94713757017	0.0763689649199
7803	BAKERY	2.52953130634	0.0986218408017
7915	BAKERY	0.991319989534	0.0392597134527
1551246	BAKERY	2.07935560688	0.0814447363792
244	BAKERY	2.17341474019	0.0850470969544
61130	BAKERY	2.31384727804	0.0904123354313
165675	BAKERY	1.27223153446	0.0502418321475
638014	BAKERY	2.0180082889	0.0790913885744
356	BAKERY	1.82262155713	0.0715760825491
7921	BAKERY	7.15264990548	0.265641835951
93375	BAKERY	0.450728325729	0.0179478706197
14296	BAKERY	1.3001655712	0.051330450643
2346	BAKERY	3.87091637719	0.148843057648
7410	BAKERY	4.80705980571	0.183039262638
7695	BAKERY	2.83231575335	0.110083825123
6287	BAKERY	5.27255555556	0.199782285388
7916	BAKERY	2.40520249745	0.0938941002765
10895	SWEET	17.8481685029	0.586503892552
62444	SWEET	10.2176311175	0.366945250438
5541	SWEET	15.4182303185	0.521640482279
24020	SWEET	16.0689605548	0.539473824868
14328	SWEET	15.4584006454	0.522751165611
8048	SWEET	24.5804127184	0.741537832973
9609	SWEET	3.69719700867	0.142420174058
2345	SWEET	12.8255769339	0.44722490788
887	SWEET	5.49854556439	0.207848221246
8125	SWEET	14.9089795919	0.507448114686
61386	SWEET	7.00065677619	0.260422592928
7136	SWEET	13.7283759555	0.47374771567
61204	SWEET	25.0533308686	0.751065479698
5363491	SWEET	16.6060957046	0.553938862365
520108	SWEET	12.2416949258	0.429724159171
6374	SWEET	3.25401709403	0.125925232862
8892	SWEET	24.0790491741	0.731241723313
11525	SWEET	18.7930899648	0.610451506423
6050	SWEET	18.350947672	0.599334994697
33032	SWEET	9.79528985506	0.353432512865
89440	SWEET	26.9893074124	0.788203210655
18827	SWEET	13.7857495155	0.47541122474
6054	SWEET	7.46546586955	0.276325362522
5367706	SWEET	13.6854586484	0.472501634571
6569	SWEET	7.34039608855	0.272063277647
2758	SWEET	10.1064358108	0.363401414513
104721	SWEET	25.0562820037	0.751124373009
11419	SWEET	11.7203745972	0.413868111608
7122	SWEET	21.2362953515	0.669059717957
7969	SWEET	6.07602040816	0.228273606726
240	SWEET	3.18360489687	0.123290059819
650	SWEET	8.66580273135	0.316593654463
643820	SWEET	14.0758571429	0.483782383993
2214	SWEET	19.8182215229	0.635624099184
5610	SWEET	6.09420656631	0.228912521183
7194	SWEET	20.3815542741	0.649099069113
12748	SWEET	5.91395138678	0.222568127069
8467	SWEET	5.85145259869	0.220362304942
31260	SWEET	4.62986111112	0.176620198881
126	SWEET	5.80319581387	0.218656999893
6386	SWEET	5.28342424464	0.200171141086
9261	SWEET	6.43782922439	0.240934910927
7768	SWEET	11.9432092387	0.420672270781
7894	SWEET	4.15207452351	0.159187091801
325	SWEET	4.17650986636	0.160083100789
61252	SWEET	7.09020254234	0.263499712857
61199	SWEET	9.30659281234	0.337618644584
6137	SWEET	10.5113987793	0.376260149452
8914	SWEET	8.11818417701	0.298365401348
1549778	SWEET	11.9814549139	0.421836091814
638024	SWEET	14.6708608008	0.500740769377
8785	SWEET	16.3081485965	0.545943659603
31210	SWEET	8.66279565829	0.316494214885
7803	SWEET	26.3027103591	0.775375385471
7915	SWEET	11.0285692482	0.392491034063
1551246	SWEET	14.099607526	0.484464728085
244	SWEET	3.02538532566	0.117354230479
61130	SWEET	12.499375278	0.437481258185
165675	SWEET	6.81482088581	0.25401612195
638014	SWEET	20.7928534683	0.65877703659
356	SWEET	12.9007369614	0.449457872798
7921	SWEET	12.9088179236	0.449697684869
93375	SWEET	11.1488641517	0.396235697319
14296	SWEET	5.83887240863	0.219917923943
2346	SWEET	22.246123222	0.691888929516
7410	SWEET	5.60269914417	0.211551870687
7695	SWEET	16.1766510774	0.542392427065
6287	SWEET	8.44956517141	0.309424546222
7916	SWEET	9.05451680672	0.329386962428
10895	FRUIT	2.89070221585	0.112285624914
62444	FRUIT	1.51384408602	0.0596370738742
5541	FRUIT	8.88747650417	0.323904164722
24020	FRUIT	5.21923986986	0.197873408867
14328	FRUIT	9.4515823555	0.342330330611
8048	FRUIT	23.4967296445	0.719030664184
9609	FRUIT	3.49497819729	0.134913178852
2345	FRUIT	1.50397520298	0.0592542315549
887	FRUIT	2.63942383017	0.102790329945
8125	FRUIT	4.38676427092	0.16777309053
61386	FRUIT	4.42011824035	0.168989751511
7136	FRUIT	5.84355586184	0.22008337643
61204	FRUIT	11.8039934512	0.416426033489
5363491	FRUIT	4.13346756404	0.158504480921
520108	FRUIT	2.16328122738	0.0846593348279
6374	FRUIT	1.30786324786	0.0516303274045
8892	FRUIT	12.1674554978	0.427479430595
11525	FRUIT	3.39978316327	0.131367916308
6050	FRUIT	8.75321071634	0.319480949516
33032	FRUIT	2.29711037785	0.0897737286787
89440	FRUIT	4.66417087342	0.177865038962
18827	FRUIT	9.09702928416	0.330778794648
6054	FRUIT	1.19613152805	0.0472729688689
5367706	FRUIT	4.32778679458	0.165619576368
6569	FRUIT	4.81467406067	0.183314527903
2758	FRUIT	1.60185090703	0.0630476657499
104721	FRUIT	9.83032953603	0.354559029926
11419	FRUIT	3.07066995948	0.119055192779
7122	FRUIT	4.16359024039	0.15960941614
7969	FRUIT	2.5593722141	0.0997547341119
240	FRUIT	1.42869651943	0.0563313912792
650	FRUIT	1.94152101867	0.0761530392003
643820	FRUIT	9.6003219697	0.347146406019
2214	FRUIT	6.97181635233	0.259430164793
5610	FRUIT	1.6359811061	0.0643686705723
7194	FRUIT	6.67526801913	0.249187039514
12748	FRUIT	1.7483522697	0.0687113965246
8467	FRUIT	3.88526876339	0.14937262519
31260	FRUIT	1.62464596273	0.0639300487077
126	FRUIT	3.21539756722	0.124480390083
6386	FRUIT	0.70719746993	0.0280878474926
9261	FRUIT	2.75841773513	0.107293162044
7768	FRUIT	4.46401321892	0.170589563149
7894	FRUIT	1.77579761905	0.0697705218884
325	FRUIT	2.13029059134	0.0833963684523
61252	FRUIT	2.07910978688	0.0814353124728
61199	FRUIT	1.55836992672	0.0613633903375
6137	FRUIT	6.29357565012	0.235899388219
8914	FRUIT	3.54861172826	0.136907411051
1549778	FRUIT	6.82547898887	0.254384294184
638024	FRUIT	1.92485882622	0.0755123204483
8785	FRUIT	5.80235332855	0.218627211482
31210	FRUIT	6.27559632018	0.235270609138
7803	FRUIT	11.8042844832	0.416434926465
7915	FRUIT	1.71000835971	0.0672306829524
1551246	FRUIT	11.6174497016	0.410711933038
244	FRUIT	1.45958901194	0.057531400444
61130	FRUIT	1.83469676864	0.0720414258525
165675	FRUIT	2.04811822588	0.0802468137284
638014	FRUIT	5.93748228414	0.223397813016
356	FRUIT	4.84398351648	0.184373670136
7921	FRUIT	1.38880256648	0.0547805936318
93375	FRUIT	1.45552308802	0.057373504537
14296	FRUIT	1.27000181795	0.0501549108709
2346	FRUIT	8.89291666667	0.324083079931
7410	FRUIT	0.434278448342	0.0172956988254
7695	FRUIT	6.66581718304	0.248859439834
6287	FRUIT	1.73610152322	0.0682384415291
7916	FRUIT	3.13537414966	0.121482737563
10895	FISH	0.829123547152	0.0328899635435
62444	FISH	3.48401851852	0.134505386726
5541	FISH	0.508510638298	0.0202369923042
24020	FISH	1.9757103407	0.0774670410877
14328	FISH	2.72245614035	0.105933538639
8048	FISH	0.232295902572	0.00927025154832
9609	FISH	3.66226851852	0.14112585646
2345	FISH	0.0150641025641	0.000602473331689
887	FISH	0.610183631821	0.024258415647
8125	FISH	0.693496088958	0.0275474688282
61386	FISH	0.381030938431	0.0151831637068
7136	FISH	0.0953104646115	0.00380878495059
61204	FISH	0.277155018653	0.0110554747844
5363491	FISH	0.543119207623	0.0216067769154
520108	FISH	3.69806007989	0.142452143854
6374	FISH	2.80181405896	0.10893249755
8892	FISH	1.40839409218	0.0555423341197
11525	FISH	1.0244615786	0.0405586545335
6050	FISH	2.41749408983	0.0943620525235
33032	FISH	1.22797187025	0.0485157088444
89440	FISH	0.075	0.00299775
18827	FISH	2.12010869565	0.0830064034736
6054	FISH	0.696148030164	0.0276520723746
5367706	FISH	0.0	0.0
6569	FISH	0.776269982855	0.0308097612797
2758	FISH	0.537293823326	0.021376279072
104721	FISH	0.0765957446808	0.00306148302399
11419	FISH	2.11703841671	0.0828887960052
7122	FISH	0.358718430661	0.0142972656614
7969	FISH	5.04394247547	0.191581156741
240	FISH	0.14783810807	0.00590478188031
650	FISH	0.282419976427	0.0112648946399
643820	FISH	1.17274763095	0.0463597704356
2214	FISH	0.375992015255	0.014983132612
5610	FISH	1.56283249532	0.0615363216493
7194	FISH	1.52496971057	0.0600685753756
12748	FISH	3.42878439995	0.132448751013
8467	FISH	1.30612496926	0.0515626137962
31260	FISH	0.678920807454	0.0269724589131
126	FISH	2.21983826372	0.0868224577821
6386	FISH	0.833035714286	0.0330438491709
9261	FISH	0.746926859328	0.0296539144799
7768	FISH	0.606876159555	0.024127726913
7894	FISH	0.480654761905	0.0191337788761
325	FISH	0.120848181141	0.00482808553249
61252	FISH	8.54477416369	0.312585700344
61199	FISH	1.13185080324	0.0447615976331
6137	FISH	4.77243478261	0.181786937803
8914	FISH	0.946200607903	0.03748990608
1549778	FISH	0.416417923583	0.0165873553885
638024	FISH	0.424413336102	0.0169044827721
8785	FISH	1.30126599153	0.0513733223891
31210	FISH	0.154986643688	0.00618985740364
7803	FISH	0.349641288691	0.0139367519353
7915	FISH	2.38242753623	0.0930267170631
1551246	FISH	0.464352972393	0.0184878694225
244	FISH	2.71123215841	0.10550897441
61130	FISH	0.406655149483	0.0162000586151
165675	FISH	0.404700285912	0.0161224985079
638014	FISH	1.12523448914	0.0445029185033
356	FISH	0.57296122469	0.0227871351616
7921	FISH	0.649563016012	0.0258137477958
93375	FISH	1.5378804237	0.0605691864691
14296	FISH	3.4861203243	0.134583599006
2346	FISH	5.72958492875	0.216052139768
7410	FISH	1.42166944366	0.0560583201434
7695	FISH	1.00001794939	0.039600703616
6287	FISH	2.39375	0.093457984375
7916	FISH	0.00180756919601	7.23014609178e-05
10895	GARLIC	2.07181561199	0.0811556565077
62444	GARLIC	8.702	0.3177900784
5541	GARLIC	3.25309839292	0.125890876055
24020	GARLIC	1.20637530945	0.0476728758231
14328	GARLIC	2.02625719651	0.0794080005698
8048	GARLIC	1.47441650357	0.0581070985325
9609	GARLIC	10.6235217391	0.379797183908
2345	GARLIC	1.1991792689	0.0473919583884
887	GARLIC	3.33016067538	0.128770438966
8125	GARLIC	2.18188458884	0.0853711354101
61386	GARLIC	2.11334886868	0.0827474573709
7136	GARLIC	1.70250741041	0.0669408838233
61204	GARLIC	0.624261304044	0.0248145712915
5363491	GARLIC	2.35761254096	0.0920811668812
520108	GARLIC	4.82684564672	0.18375445031
6374	GARLIC	3.79275204051	0.145956094404
8892	GARLIC	4.18683629482	0.160461612529
11525	GARLIC	0.313551933152	0.0125027514002
6050	GARLIC	4.34948244885	0.166412098925
33032	GARLIC	4.49365190274	0.17166891314
89440	GARLIC	5.06352968287	0.192285454175
18827	GARLIC	4.6152579365	0.176090075132
6054	GARLIC	3.90465973178	0.150087842223
5367706	GARLIC	1.23335597617	0.0487257722614
6569	GARLIC	3.90521845153	0.150108445599
2758	GARLIC	2.40578779637	0.0939163858863
104721	GARLIC	2.10628278771	0.0824767406358
11419	GARLIC	0.962229064797	0.0381188086826
7122	GARLIC	1.06425570161	0.0421171719849
7969	GARLIC	5.92480959775	0.222951036402
240	GARLIC	3.2918996719	0.127341345496
650	GARLIC	5.06948592071	0.192499561828
643820	GARLIC	3.17201852417	0.12285606036
2214	GARLIC	1.70052264111	0.0668641947432
5610	GARLIC	1.52225412171	0.059963261824
7194	GARLIC	3.26465116279	0.126322867626
12748	GARLIC	3.28014728356	0.126902144862
8467	GARLIC	1.84243551703	0.0723395932276
31260	GARLIC	3.1508302005	0.122062115639
126	GARLIC	1.88262862552	0.0738874288043
6386	GARLIC	6.99841231922	0.260345382773
9261	GARLIC	2.87457306831	0.111677654602
7768	GARLIC	1.08479084321	0.0429209252592
7894	GARLIC	1.9265411649	0.0755770222519
325	GARLIC	4.66381587042	0.177852163427
61252	GARLIC	6.959675728	0.259012194624
61199	GARLIC	3.61505102041	0.139374603264
6137	GARLIC	4.23744680851	0.162315490158
8914	GARLIC	1.6349817818	0.0643300051013
1549778	GARLIC	0.873913043478	0.0346510321361
638024	GARLIC	3.52058708547	0.135865670048
8785	GARLIC	1.24413780664	0.0491463607128
31210	GARLIC	1.99878673613	0.0783534100785
7803	GARLIC	0.686950985339	0.0272892787511
7915	GARLIC	6.07213862289	0.228137197933
1551246	GARLIC	0.715166495841	0.0284020745869
244	GARLIC	1.38445659647	0.0546115758318
61130	GARLIC	3.19689740761	0.12378783509
165675	GARLIC	0.598458285635	0.0237950704975
638014	GARLIC	4.13561894274	0.158583420094
356	GARLIC	3.91561215958	0.15049167895
7921	GARLIC	2.55188395831	0.0994705136376
93375	GARLIC	1.78406878835	0.0700895909575
14296	GARLIC	3.68129409025	0.141830993139
2346	GARLIC	3.95340844671	0.15188456253
7410	GARLIC	2.18170289855	0.085364184927
7695	GARLIC	1.54359042553	0.0607905484606
6287	GARLIC	2.24764226343	0.0878849322393
7916	GARLIC	6.07213862289	0.228137197933
10895	SPICES	6.27743116458	0.235334789773
62444	SPICES	5.04063012211	0.191462024073
5541	SPICES	6.20746456917	0.232885536216
24020	SPICES	4.34556241101	0.166268931373
14328	SPICES	8.0398980195	0.295739936714
8048	SPICES	5.74693525395	0.216666504233
9609	SPICES	7.4709188603	0.276510902965
2345	SPICES	6.16822900702	0.231510340647
887	SPICES	7.84545751634	0.289197819197
8125	SPICES	3.71964839382	0.143251622083
61386	SPICES	5.15567906915	0.195594752101
7136	SPICES	5.50734096831	0.208161316916
61204	SPICES	5.6630105869	0.213692547913
5363491	SPICES	7.8100177305	0.28800215844
520108	SPICES	5.48032578803	0.207199443224
6374	SPICES	7.68998667333	0.283945108919
8892	SPICES	3.46953868832	0.133966468049
11525	SPICES	10.5915652252	0.37879010744
6050	SPICES	6.69271827348	0.249791739784
33032	SPICES	9.09332769785	0.330657664466
89440	SPICES	8.42459781908	0.308594373398
18827	SPICES	7.1336670707	0.264991000478
6054	SPICES	6.69306299014	0.24980368273
5367706	SPICES	5.18610412865	0.196685894733
6569	SPICES	6.33042643892	0.237187337997
2758	SPICES	6.25527772153	0.234559709112
104721	SPICES	3.72485982916	0.143444560868
11419	SPICES	7.9069805466	0.291271085318
7122	SPICES	4.92805249462	0.187407819229
7969	SPICES	6.07972220925	0.228403679513
240	SPICES	5.16374386447	0.1958840543
650	SPICES	9.63226454944	0.348178373837
643820	SPICES	7.72992424242	0.285296278179
2214	SPICES	12.8102981426	0.446770430304
5610	SPICES	7.22324997731	0.268059862998
7194	SPICES	3.55265151515	0.137057527491
12748	SPICES	4.86624845304	0.185177788519
8467	SPICES	8.75330386413	0.31948402315
31260	SPICES	2.18538995727	0.0855052265845
126	SPICES	10.605771156	0.379237893514
6386	SPICES	6.39518342674	0.239447988645
9261	SPICES	11.3857027832	0.403574420181
7768	SPICES	4.15924961684	0.159450241724
7894	SPICES	5.72593542119	0.215922882269
325	SPICES	18.9466836735	0.61427661805
61252	SPICES	4.1150373628	0.157828081513
61199	SPICES	4.21897727273	0.161639183218
6137	SPICES	6.81449538712	0.254004876532
8914	SPICES	2.82038645245	0.109633626202
1549778	SPICES	1.33673469388	0.0527546438984
638024	SPICES	9.63298749277	0.348201720496
8785	SPICES	4.23304205454	0.162154224168
31210	SPICES	6.6706436897	0.249026752694
7803	SPICES	2.73668940211	0.106471788531
7915	SPICES	5.3675670456	0.203178371428
1551246	SPICES	6.10666881582	0.229350191022
244	SPICES	4.8894365051	0.186014824469
61130	SPICES	7.3002106226	0.27069119485
165675	SPICES	12.5405882808	0.438716989459
638014	SPICES	10.4330789655	0.373783503939
356	SPICES	4.80697743785	0.183036284679
7921	SPICES	9.77721658042	0.352851077593
93375	SPICES	13.2704724566	0.460376722576
14296	SPICES	6.87262799858	0.2560119137
2346	SPICES	6.59567089865	0.246425686105
7410	SPICES	5.11595135991	0.194168871069
7695	SPICES	6.43690749601	0.240902788596
6287	SPICES	4.0050393847	0.153785439199
7916	SPICES	8.54209794915	0.312496943017
10895	COLD	6.2818734076	0.2354901629
62444	COLD	2.40670170002	0.0939511827717
5541	COLD	7.04889491875	0.26208102892
24020	COLD	4.24984214704	0.162769222572
14328	COLD	5.45657500607	0.206353315924
8048	COLD	4.10310066539	0.157389852588
9609	COLD	5.29374153117	0.200540181487
2345	COLD	2.4653668417	0.0961834602024
887	COLD	4.0308531746	0.154735016058
8125	COLD	5.79337427194	0.218309696696
61386	COLD	6.26756377551	0.234989608748
7136	COLD	4.2517647769	0.162839589589
61204	COLD	3.55335104334	0.137083520279
5363491	COLD	5.3175944598	0.201393054057
520108	COLD	1.85012216227	0.0726357056848
6374	COLD	7.95098412698	0.292752105644
8892	COLD	4.19215899664	0.160656681044
11525	COLD	4.66327817145	0.177832661536
6050	COLD	5.13541501976	0.19486760582
33032	COLD	4.08883235759	0.156865874284
89440	COLD	11.9358413005	0.420447929
18827	COLD	4.70425170068	0.179318074402
6054	COLD	3.47260312635	0.134080536065
5367706	COLD	6.35874420223	0.238176316957
6569	COLD	4.56115133621	0.174124412843
2758	COLD	10.3326892682	0.370601783724
104721	COLD	6.04547187978	0.227199783091
11419	COLD	6.3235440282	0.236946877497
7122	COLD	4.45984967105	0.170437883207
7969	COLD	2.26134161381	0.0884081981947
240	COLD	4.51433036469	0.172421543131
650	COLD	3.86611884393	0.148666003791
643820	COLD	3.63923395445	0.140271748668
2214	COLD	6.11881579034	0.229776668943
5610	COLD	2.3120908936	0.090345330024
7194	COLD	2.99917936554	0.116369143875
12748	COLD	2.42672384752	0.0947133584479
8467	COLD	3.57725844832	0.13797162673
31260	COLD	6.17381657982	0.231706258728
126	COLD	5.96289415664	0.224293323576
6386	COLD	5.64224856665	0.212955955111
9261	COLD	5.47015508516	0.206837164744
7768	COLD	10.3165002418	0.370087938776
7894	COLD	6.12024489547	0.229826836786
325	COLD	6.27514648924	0.235254874185
61252	COLD	4.79443797676	0.182582864865
61199	COLD	2.86814057908	0.111435131011
6137	COLD	1.14814887493	0.0453986566618
8914	COLD	4.12841607565	0.158319115309
1549778	COLD	5.68501196526	0.214472734192
638024	COLD	4.58324469416	0.174927334996
8785	COLD	6.5916831307	0.24628721063
31210	COLD	4.46459394539	0.170610718177
7803	COLD	5.13717795677	0.194930879327
7915	COLD	3.62028606282	0.139568854042
1551246	COLD	6.90066055967	0.256978775923
244	COLD	5.27838417884	0.199990831338
61130	COLD	10.274292414	0.368747262715
165675	COLD	6.42593511619	0.240520347801
638014	COLD	8.19353250868	0.300887710359
356	COLD	4.19613575865	0.160802408224
7921	COLD	2.40097137253	0.0937329894885
93375	COLD	8.07059990991	0.296770163234
14296	COLD	4.70215226516	0.179241996237
2346	COLD	2.60568009119	0.101511376152
7410	COLD	1.11265306122	0.0440109237151
7695	COLD	4.72983747045	0.180244953819
6287	COLD	3.37115243663	0.130300229965
7916	COLD	5.03348656005	0.191205067622
10895	SOUR	7.7492238142	0.285948764679
62444	SOUR	17.0304528536	0.565203584384
5541	SOUR	6.10916769329	0.22943793577
24020	SOUR	6.76221532091	0.252197590418
14328	SOUR	4.56867541569	0.174397898606
8048	SOUR	11.209285461	0.398112186221
9609	SOUR	10.1683470958	0.365375770767
2345	SOUR	6.06847955487	0.228008604552
887	SOUR	15.0024044244	0.510067321572
8125	SOUR	7.65741632059	0.282842242941
61386	SOUR	6.17418716547	0.231719251757
7136	SOUR	9.25543967485	0.335952321564
61204	SOUR	3.30040288736	0.127659051807
5363491	SOUR	11.6225924767	0.410869836716
520108	SOUR	10.4175460974	0.373291737219
6374	SOUR	13.0916385836	0.455109143023
8892	SOUR	11.8636928289	0.418248830141
11525	SOUR	4.48428011448	0.171327697321
6050	SOUR	6.68688082704	0.249589483004
33032	SOUR	11.0792599706	0.394070398225
89440	SOUR	8.55822055139	0.313031566453
18827	SOUR	5.79898302938	0.218508039505
6054	SOUR	3.88403680447	0.149327175419
5367706	SOUR	9.44008339664	0.341957266052
6569	SOUR	5.75389720536	0.216912954995
2758	SOUR	4.27704893629	0.16376469841
104721	SOUR	4.66927741703	0.178050236042
11419	SOUR	4.38691245753	0.167778497937
7122	SOUR	10.514617585	0.376361830216
7969	SOUR	13.2306266394	0.459205273067
240	SOUR	3.72884872389	0.143592223833
650	SOUR	5.29188124195	0.200473646846
643820	SOUR	6.35036347518	0.2378836925
2214	SOUR	5.53475907029	0.209136939625
5610	SOUR	8.11807712548	0.298361814533
7194	SOUR	4.367861904	0.167083189115
12748	SOUR	14.0471637123	0.482957425149
8467	SOUR	10.5355701615	0.37702351101
31260	SOUR	8.28241869918	0.303857364164
126	SOUR	9.21382345975	0.334595121291
6386	SOUR	2.76305871055	0.107468551047
9261	SOUR	13.4217960641	0.464813998729
7768	SOUR	11.1194396723	0.395320811441
7894	SOUR	7.26149149762	0.269367956397
325	SOUR	4.79368335987	0.182555574333
61252	SOUR	8.55792743638	0.313021848653
61199	SOUR	4.72354318503	0.180016983313
6137	SOUR	13.3821181183	0.4636522906
8914	SOUR	5.74864808819	0.216727141591
1549778	SOUR	9.24544584222	0.33562652616
638024	SOUR	4.86600238636	0.185168903765
8785	SOUR	11.9157885011	0.419837133802
31210	SOUR	10.0778625412	0.362489176289
7803	SOUR	8.40862610312	0.308063046948
7915	SOUR	12.1403013613	0.426657287595
1551246	SOUR	11.1293900227	0.395630271996
244	SOUR	4.62135933806	0.17631158867
61130	SOUR	15.0071561458	0.510200351599
165675	SOUR	3.90401614624	0.150064109022
638014	SOUR	11.8698214286	0.418435792844
356	SOUR	3.8867166491	0.14942603944
7921	SOUR	14.2331693263	0.488293529422
93375	SOUR	12.3013674455	0.431525241409
14296	SOUR	6.73252289186	0.251170169879
2346	SOUR	4.93720238095	0.187737708298
7410	SOUR	3.31709385468	0.128282509531
7695	SOUR	10.5872167325	0.378653006045
6287	SOUR	6.4053745115	0.239803451407
7916	SOUR	10.3740069386	0.371912269559
10895	BURNT	2.9061965812	0.11286947182
62444	BURNT	7.77421895142	0.286793365935
5541	BURNT	1.9943308178	0.0781822905475
24020	BURNT	2.44515217579	0.0954145793665
14328	BURNT	4.69889601897	0.17912399124
8048	BURNT	1.88816649883	0.0741005908623
9609	BURNT	3.60561804837	0.13902452933
2345	BURNT	3.51298913253	0.135583128243
887	BURNT	1.72511333736	0.0678141270837
8125	BURNT	6.16723451063	0.231475467822
61386	BURNT	7.48888985383	0.277122205656
7136	BURNT	5.52489485962	0.208786009101
61204	BURNT	4.30888357711	0.164928752012
5363491	BURNT	2.41464470813	0.0942535846985
520108	BURNT	5.25956016889	0.199317217488
6374	BURNT	10.3046859903	0.36971281827
8892	BURNT	1.78473362162	0.0701152352247
11525	BURNT	2.95007887919	0.11452196901
6050	BURNT	4.40297860171	0.168364655842
33032	BURNT	5.11137371572	0.194004492124
89440	BURNT	3.98486754791	0.153043034167
18827	BURNT	4.31552659803	0.165171555994
6054	BURNT	3.64244240898	0.140390741678
5367706	BURNT	3.91201343814	0.15035899787
6569	BURNT	2.25306547619	0.0880920974316
2758	BURNT	3.34494165263	0.129322212241
104721	BURNT	4.97883280972	0.18923780193
11419	BURNT	3.82018377429	0.146969829344
7122	BURNT	4.6965018416	0.179037221845
7969	BURNT	4.32722525742	0.165599058925
240	BURNT	2.24923108393	0.0879456271695
650	BURNT	10.2047149758	0.366534115938
643820	BURNT	2.76653461404	0.107599899053
2214	BURNT	7.52824676628	0.278460070902
5610	BURNT	3.85202729184	0.148145845971
7194	BURNT	2.76057295668	0.107374613048
12748	BURNT	4.77487231684	0.181875130417
8467	BURNT	10.164451182	0.365251620148
31260	BURNT	6.20210459184	0.232697743126
126	BURNT	11.013107434	0.39200888322
6386	BURNT	4.8701282692	0.185317871025
9261	BURNT	5.76567525181	0.217329805629
7768	BURNT	4.39389289312	0.168033197822
7894	BURNT	15.605212896	0.526799448028
325	BURNT	3.5790791679	0.13803924364
61252	BURNT	7.75461842967	0.286131094391
61199	BURNT	5.61445393375	0.21196932016
6137	BURNT	8.66228996983	0.316477491785
8914	BURNT	2.03537095282	0.0797577441466
1549778	BURNT	1.37655237384	0.0543041363785
638024	BURNT	1.86219976627	0.073100875463
8785	BURNT	5.06880608626	0.192475125394
31210	BURNT	6.9756656203	0.259562660474
7803	BURNT	1.14456327985	0.0452585211536
7915	BURNT	3.91646934609	0.150523280988
1551246	BURNT	3.27523506808	0.126718536823
244	BURNT	5.25068780243	0.198999623138
61130	BURNT	5.62580105474	0.212372187186
165675	BURNT	8.6621086487	0.316471495451
638014	BURNT	6.32419861462	0.236969749338
356	BURNT	3.42997994069	0.13249329267
7921	BURNT	5.39726238815	0.204238319011
93375	BURNT	3.32248556173	0.128483858346
14296	BURNT	4.54786663503	0.173641429029
2346	BURNT	3.21397800798	0.124427258465
7410	BURNT	4.39734787355	0.168159247614
7695	BURNT	5.3901660401	0.203985085628
6287	BURNT	3.59271815638	0.138545676755
7916	BURNT	3.79385805604	0.145996978662
10895	ACID	9.1795923757	0.333477728554
62444	ACID	7.0854851165	0.263337764925
5541	ACID	2.81567648663	0.109455845834
24020	ACID	6.56452429558	0.245343780132
14328	ACID	5.55374078639	0.209812016767
8048	ACID	5.33319220886	0.2019505127
9609	ACID	8.92285785506	0.325067357282
2345	ACID	2.82099276548	0.109656510546
887	ACID	7.78811292861	0.287262635949
8125	ACID	10.0414426774	0.361325478679
61386	ACID	2.7873254282	0.108385343911
7136	ACID	3.56530846957	0.137527768989
61204	ACID	4.21158915892	0.161368573059
5363491	ACID	6.3234217345	0.236942604407
520108	ACID	8.77971267454	0.320355165123
6374	ACID	6.23308076731	0.233782712352
8892	ACID	6.15076715602	0.230897911598
11525	ACID	4.69374636479	0.178937352617
6050	ACID	2.94423399116	0.114301954129
33032	ACID	8.45246376812	0.309520893224
89440	ACID	7.79658156161	0.287548588846
18827	ACID	5.23036278938	0.198271833612
6054	ACID	4.88835034013	0.185975625986
5367706	ACID	4.41367287763	0.168754711797
6569	ACID	9.6935941043	0.350157457509
2758	ACID	8.88339603917	0.323769951491
104721	ACID	7.04838576495	0.262063533841
11419	ACID	5.64373018899	0.213008531381
7122	ACID	5.45218488785	0.206196867493
7969	ACID	7.92108781186	0.291746059625
240	ACID	4.57519905511	0.174634983647
650	ACID	7.60034423266	0.280907676324
643820	ACID	5.53907768905	0.209290554904
2214	ACID	5.86960422017	0.221003267326
5610	ACID	5.05910181174	0.192126268013
7194	ACID	3.80268900927	0.14632338289
12748	ACID	3.82180217832	0.147029618377
8467	ACID	2.94316953732	0.114261882723
31260	ACID	8.6374331121	0.315655224178
126	ACID	14.4204568815	0.49363844459
6386	ACID	4.05258741612	0.155534110739
9261	ACID	6.20650043169	0.232851758224
7768	ACID	3.95840494093	0.152068609767
7894	ACID	10.2863044353	0.369128953839
325	ACID	6.75667783687	0.252006035318
61252	ACID	3.87917110752	0.149147656908
61199	ACID	9.70459343718	0.350512083975
6137	ACID	5.16192744026	0.195818899651
8914	ACID	7.64082879916	0.282280246071
1549778	ACID	8.1546018786	0.299585062425
638024	ACID	6.44300033079	0.241115111926
8785	ACID	5.76982034146	0.217476482949
31210	ACID	5.36090006393	0.202940302759
7803	ACID	8.93379749132	0.325426804607
7915	ACID	7.06531531545	0.262645140415
1551246	ACID	5.19884727247	0.197142685714
244	ACID	13.0755096734	0.454632805648
61130	ACID	4.57441107672	0.174606348389
165675	ACID	7.44260681348	0.275547314067
638014	ACID	6.85143404846	0.25528050253
356	ACID	6.64825780312	0.248250579398
7921	ACID	5.73119255865	0.216109075088
93375	ACID	4.24683344305	0.162659100005
14296	ACID	8.45910780362	0.309741710211
2346	ACID	4.84497854471	0.184409614949
7410	ACID	5.21405257477	0.19768756529
7695	ACID	3.88523293171	0.149371303295
6287	ACID	6.05785441399	0.227635136519
7916	ACID	10.1083185917	0.363461501768
10895	WARM	7.4164516018	0.274656562327
62444	WARM	9.72582838259	0.351196440213
5541	WARM	2.70532050623	0.105285316633
24020	WARM	9.91598038234	0.357308548516
14328	WARM	6.85262684177	0.255321675818
8048	WARM	5.88844953932	0.221668446382
9609	WARM	6.24462306474	0.234186795701
2345	WARM	3.81275480809	0.146695352633
887	WARM	3.34656873612	0.129382940522
8125	WARM	4.47233636698	0.170892737648
61386	WARM	7.42329545455	0.27488969202
7136	WARM	9.58746937897	0.346730947522
61204	WARM	4.55755674945	0.173993740568
5363491	WARM	4.20062144633	0.160966769639
520108	WARM	6.38625716874	0.239136574499
6374	WARM	4.90384057971	0.186534562216
8892	WARM	4.61564363715	0.176104079012
11525	WARM	8.77202136698	0.320101511134
6050	WARM	6.07759345737	0.228328881402
33032	WARM	3.78770123866	0.145769377277
89440	WARM	5.97248824729	0.224631283546
18827	WARM	5.78281258456	0.217936134827
6054	WARM	8.15554011675	0.299616470832
5367706	WARM	5.85813588597	0.220598333015
6569	WARM	4.01639843612	0.154203354886
2758	WARM	4.8032852705	0.182902791064
104721	WARM	7.04381147068	0.261906346813
11419	WARM	10.7378837719	0.383394491717
7122	WARM	6.44220941814	0.241087551851
7969	WARM	5.93489911816	0.223306753709
240	WARM	7.28654981315	0.270224469254
650	WARM	6.52177147892	0.243857457868
643820	WARM	4.59198593074	0.175244903314
2214	WARM	6.22306160004	0.233431865731
5610	WARM	4.00790816327	0.153890995393
7194	WARM	9.19710748661	0.334049585016
12748	WARM	4.92829760159	0.187416657164
8467	WARM	13.9356501182	0.479745067041
31260	WARM	2.91047205577	0.113030543196
126	WARM	7.20349724996	0.267383740946
6386	WARM	5.28910119582	0.200374211249
9261	WARM	2.82872931097	0.109948488633
7768	WARM	4.17735995156	0.160114263597
7894	WARM	4.17866093778	0.160161954618
325	WARM	7.69368033341	0.284070126507
61252	WARM	8.99964466091	0.327588344827
61199	WARM	10.1994899954	0.36636776135
6137	WARM	5.3782992493	0.203561528846
8914	WARM	4.03291299479	0.154810764902
1549778	WARM	4.37910354733	0.167493522742
638024	WARM	5.65583294075	0.213437939129
8785	WARM	4.59261759	0.175267849069
31210	WARM	4.8034102019	0.182907308249
7803	WARM	4.44504543311	0.169898445763
7915	WARM	5.09738193421	0.193501956335
1551246	WARM	8.05816727883	0.296353067196
244	WARM	6.34066474416	0.237544978007
61130	WARM	6.63803045426	0.247895838846
165675	WARM	4.2504850804	0.162792753848
638014	WARM	5.59517666311	0.211284665768
356	WARM	4.13155482728	0.158434294975
7921	WARM	8.08998984066	0.297420419377
93375	WARM	6.50597891639	0.243308051991
14296	WARM	9.21057978023	0.334489279254
2346	WARM	6.64157085193	0.248018648725
7410	WARM	8.64345632329	0.315854518047
7695	WARM	7.71604552765	0.284826877672
6287	WARM	7.14442997056	0.265360046981
7916	WARM	6.77312975649	0.25257507558
10895	MUSKY	6.39514457176	0.239446633233
62444	MUSKY	13.8591843814	0.47753657857
5541	MUSKY	3.92187381422	0.150722514883
24020	MUSKY	5.30884920635	0.201080416296
14328	MUSKY	10.7862118943	0.384911528962
8048	MUSKY	7.9271497853	0.291950109925
9609	MUSKY	9.89020081714	0.356481603804
2345	MUSKY	5.76109157281	0.217167592468
887	MUSKY	6.19937272356	0.232602020076
8125	MUSKY	9.2930166228	0.337176601731
61386	MUSKY	6.87164907252	0.25597813851
7136	MUSKY	7.51016135059	0.277845444619
61204	MUSKY	4.98156924392	0.189336356904
5363491	MUSKY	11.2654377904	0.399853476172
520108	MUSKY	13.4911236425	0.466840778844
6374	MUSKY	8.75851495728	0.319655964588
8892	MUSKY	22.5387329932	0.698351525752
11525	MUSKY	3.10817197266	0.120462585702
6050	MUSKY	5.1575	0.1956600775
33032	MUSKY	11.7092312627	0.413526811802
89440	MUSKY	7.86341024997	0.289803121695
18827	MUSKY	7.05912065181	0.262432352322
6054	MUSKY	9.09804724933	0.330812104473
5367706	MUSKY	6.2032173443	0.232736731604
6569	MUSKY	10.426267446	0.373567876698
2758	MUSKY	8.49512269686	0.31093806402
104721	MUSKY	9.29954081633	0.337389048895
11419	MUSKY	3.75951322473	0.144726953114
7122	MUSKY	9.83545493198	0.354723727791
7969	MUSKY	12.0759345604	0.424706104215
240	MUSKY	6.17137894833	0.231620790684
650	MUSKY	10.0539847881	0.361726347477
643820	MUSKY	8.2050976801	0.301274456028
2214	MUSKY	1.88129437229	0.0738360674857
5610	MUSKY	5.8368925907	0.219847977582
7194	MUSKY	11.4541223404	0.405686126181
12748	MUSKY	14.7375776398	0.502624627715
8467	MUSKY	5.39458189152	0.204142670147
31260	MUSKY	5.80115186126	0.218584729283
126	MUSKY	8.64444424546	0.315887203293
6386	MUSKY	6.13833192331	0.230461629412
9261	MUSKY	9.1828016576	0.333582527791
7768	MUSKY	5.92552333319	0.222976202619
7894	MUSKY	6.89525288376	0.256792310418
325	MUSKY	11.4354366104	0.405109780226
61252	MUSKY	10.425332304	0.3735382707
61199	MUSKY	9.34531202746	0.338878538342
6137	MUSKY	10.6413833642	0.380359718605
8914	MUSKY	7.54030611072	0.278869757932
1549778	MUSKY	4.86348587674	0.18507803712
638024	MUSKY	6.53542615123	0.244332328058
8785	MUSKY	3.67255678684	0.141507202133
31210	MUSKY	10.221691962	0.367074483855
7803	MUSKY	3.64223484849	0.140383044063
7915	MUSKY	11.2572754294	0.39960051714
1551246	MUSKY	8.80363625712	0.321143845746
244	MUSKY	9.32519757551	0.338224179092
61130	MUSKY	13.915002588	0.47914918471
165675	MUSKY	3.90948978525	0.150265947258
638014	MUSKY	5.04779253675	0.191719617672
356	MUSKY	3.81438860923	0.146755720184
7921	MUSKY	7.47198966616	0.276547334818
93375	MUSKY	8.21803762522	0.301707048045
14296	MUSKY	5.45735996526	0.206381287494
2346	MUSKY	14.1842824877	0.486893751631
7410	MUSKY	7.40875610443	0.274394377371
7695	MUSKY	6.75001447877	0.251775500965
6287	MUSKY	10.4698606667	0.374947233715
7916	MUSKY	10.0748958641	0.362394423896
10895	SWEATY	1.91942522006	0.0753033315321
62444	SWEATY	5.91564028016	0.222627691237
5541	SWEATY	4.43664727659	0.169592355441
24020	SWEATY	2.3818046505	0.0930029886627
14328	SWEATY	1.01235020623	0.040084067073
8048	SWEATY	2.22361235398	0.0869667133988
9609	SWEATY	5.50292012321	0.208003952975
2345	SWEATY	2.63805622471	0.10273851273
887	SWEATY	4.87215212635	0.185390938517
8125	SWEATY	1.88081833061	0.0738177421871
61386	SWEATY	2.80474673931	0.109043227864
7136	SWEATY	3.47917109663	0.134324991257
61204	SWEATY	3.59783153826	0.138735504819
5363491	SWEATY	7.13691210568	0.265102278465
520108	SWEATY	3.2511790448	0.12581909572
6374	SWEATY	5.99061594203	0.225269645935
8892	SWEATY	8.2572675737	0.303017715834
11525	SWEATY	4.50867425918	0.172215712937
6050	SWEATY	4.95390816999	0.188339844337
33032	SWEATY	6.57309404464	0.245641535658
89440	SWEATY	3.09800724638	0.120081230296
18827	SWEATY	1.94858767448	0.0764247094091
6054	SWEATY	3.56035834267	0.137343873095
5367706	SWEATY	2.54730928799	0.0992968576763
6569	SWEATY	1.09405137055	0.0432832754614
2758	SWEATY	3.5622490912	0.137414116213
104721	SWEATY	1.48443812975	0.0584961025657
11419	SWEATY	4.50408834587	0.172048809104
7122	SWEATY	3.29458443569	0.127441662786
7969	SWEATY	3.96327617302	0.152248023711
240	SWEATY	6.90248550708	0.257041697813
650	SWEATY	6.92312395288	0.257753100008
643820	SWEATY	1.50093253968	0.0591361821918
2214	SWEATY	5.91910946196	0.222750035749
5610	SWEATY	2.17284533258	0.0850253105674
7194	SWEATY	4.24696711756	0.162663992823
12748	SWEATY	7.36148162259	0.272782700232
8467	SWEATY	3.68428808911	0.141941932075
31260	SWEATY	5.01086675824	0.190391156062
126	SWEATY	1.65333813753	0.0650401147023
6386	SWEATY	4.76578631452	0.181546364903
9261	SWEATY	4.07449734804	0.156339282466
7768	SWEATY	3.14967532468	0.122018831127
7894	SWEATY	3.64761904762	0.140582712018
325	SWEATY	0.0605496453901	0.00242051931178
61252	SWEATY	3.98095238095	0.152898902494
61199	SWEATY	6.03907385105	0.226974788851
6137	SWEATY	4.63922302123	0.176959964753
8914	SWEATY	2.01034291424	0.0787971251163
1549778	SWEATY	2.42172619048	0.0945231445225
638024	SWEATY	4.0972461566	0.157174875837
8785	SWEATY	4.97232823128	0.189003510036
31210	SWEATY	2.73421431004	0.106378201244
7803	SWEATY	2.58441561469	0.10070494296
7915	SWEATY	1.78059279914	0.0699555076789
1551246	SWEATY	3.24288982237	0.125509059135
244	SWEATY	1.86954977597	0.0733839044929
61130	SWEATY	8.01485727926	0.294899116288
165675	SWEATY	0.650065132437	0.0258335714269
638014	SWEATY	2.7694109462	0.107708583052
356	SWEATY	3.03824595518	0.117837462814
7921	SWEATY	2.30653225325	0.0901332537161
93375	SWEATY	7.53060779686	0.278540290358
14296	SWEATY	2.55018768769	0.0994061246106
2346	SWEATY	3.64645112524	0.140539402686
7410	SWEATY	3.35619193914	0.129742067833
7695	SWEATY	2.17274779034	0.0850215784294
6287	SWEATY	13.855711237	0.477436155926
7916	SWEATY	4.90854885058	0.186704413296
10895	AMMONIA/URINOUS	2.75974214439	0.107343215094
62444	AMMONIA/URINOUS	9.95609086611	0.358594136511
5541	AMMONIA/URINOUS	2.87989976842	0.111878461666
24020	AMMONIA/URINOUS	3.50761322923	0.135383188943
14328	AMMONIA/URINOUS	2.18916966852	0.0856498012059
8048	AMMONIA/URINOUS	3.28096928283	0.126932867539
9609	AMMONIA/URINOUS	6.98932064383	0.260032584528
2345	AMMONIA/URINOUS	9.05664142352	0.329456555391
887	AMMONIA/URINOUS	3.10787684179	0.120451514286
8125	AMMONIA/URINOUS	6.04441923593	0.227162767877
61386	AMMONIA/URINOUS	2.50530442455	0.0977015568781
7136	AMMONIA/URINOUS	5.62588037342	0.212375002946
61204	AMMONIA/URINOUS	2.41434168861	0.0942420492286
5363491	AMMONIA/URINOUS	3.30165085275	0.127705674769
520108	AMMONIA/URINOUS	6.71629222658	0.250608256554
6374	AMMONIA/URINOUS	12.28861678	0.431140630255
8892	AMMONIA/URINOUS	4.61325815938	0.176017466037
11525	AMMONIA/URINOUS	6.54417207282	0.244636407665
6050	AMMONIA/URINOUS	4.45037761152	0.170092760107
33032	AMMONIA/URINOUS	3.11233214987	0.12061864143
89440	AMMONIA/URINOUS	3.56000732295	0.137330832062
18827	AMMONIA/URINOUS	8.18132822352	0.30047947634
6054	AMMONIA/URINOUS	6.91937640627	0.25762394831
5367706	AMMONIA/URINOUS	5.67066717701	0.213964100587
6569	AMMONIA/URINOUS	7.34885731202	0.272352010964
2758	AMMONIA/URINOUS	10.0499004407	0.361595818082
104721	AMMONIA/URINOUS	3.43978879984	0.132858693199
11419	AMMONIA/URINOUS	9.52117922649	0.344586027514
7122	AMMONIA/URINOUS	5.54482031943	0.209494799827
7969	AMMONIA/URINOUS	6.42151275176	0.240366179662
240	AMMONIA/URINOUS	6.13302006305	0.230275228485
650	AMMONIA/URINOUS	4.88344508752	0.185798589132
643820	AMMONIA/URINOUS	3.81524865959	0.14678749745
2214	AMMONIA/URINOUS	3.71623468312	0.143125227237
5610	AMMONIA/URINOUS	6.09185780835	0.228830019711
7194	AMMONIA/URINOUS	9.54504110253	0.345358520242
12748	AMMONIA/URINOUS	11.3402107809	0.402168279015
8467	AMMONIA/URINOUS	1.73764326182	0.0682979688308
31260	AMMONIA/URINOUS	9.92401040126	0.357566023073
126	AMMONIA/URINOUS	7.62249129784	0.281658702479
6386	AMMONIA/URINOUS	6.72049405994	0.250753746234
9261	AMMONIA/URINOUS	6.24222431903	0.234102826982
7768	AMMONIA/URINOUS	5.33677108292	0.20207839308
7894	AMMONIA/URINOUS	7.68319952176	0.283715358914
325	AMMONIA/URINOUS	3.57605985763	0.137927112663
61252	AMMONIA/URINOUS	5.61759098735	0.212080708093
61199	AMMONIA/URINOUS	3.45517928101	0.133431865695
6137	AMMONIA/URINOUS	3.75120777849	0.144419687221
8914	AMMONIA/URINOUS	7.16716732751	0.2661393781
1549778	AMMONIA/URINOUS	3.11824988251	0.120840602368
638024	AMMONIA/URINOUS	5.77036095353	0.217495611928
8785	AMMONIA/URINOUS	6.12102072991	0.229854071286
31210	AMMONIA/URINOUS	8.12476178155	0.298585769659
7803	AMMONIA/URINOUS	4.88159533639	0.185731824244
7915	AMMONIA/URINOUS	3.95505805336	0.151945328452
1551246	AMMONIA/URINOUS	7.88699774805	0.290598016531
244	AMMONIA/URINOUS	7.08654346531	0.263374099298
61130	AMMONIA/URINOUS	8.31622972832	0.304985318375
165675	AMMONIA/URINOUS	6.15737082999	0.231129546985
638014	AMMONIA/URINOUS	4.81340886271	0.183268792557
356	AMMONIA/URINOUS	6.8350259633	0.254714006564
7921	AMMONIA/URINOUS	5.12259981261	0.194407580968
93375	AMMONIA/URINOUS	6.22988439356	0.23367079192
14296	AMMONIA/URINOUS	4.60340599422	0.17565970107
2346	AMMONIA/URINOUS	9.89343535186	0.35658538885
7410	AMMONIA/URINOUS	5.27427489115	0.199843805395
7695	AMMONIA/URINOUS	3.90953479733	0.150267606961
6287	AMMONIA/URINOUS	4.80634902121	0.183013564483
7916	AMMONIA/URINOUS	5.18253214177	0.196557829911
10895	DECAYED	1.31942307692	0.0520805721746
62444	DECAYED	18.1282608696	0.593676897921
5541	DECAYED	3.99207734619	0.153308421232
24020	DECAYED	3.25671657031	0.126026181685
14328	DECAYED	4.44584571722	0.169927611032
8048	DECAYED	1.65043478261	0.0649278173157
9609	DECAYED	12.4931428571	0.437294266906
2345	DECAYED	4.28331906381	0.163994033671
887	DECAYED	6.19421555744	0.232421299749
8125	DECAYED	6.27498764625	0.235249317866
61386	DECAYED	1.86282575657	0.0731249823432
7136	DECAYED	2.45427622658	0.0957616603447
61204	DECAYED	2.27252830272	0.0888353781541
5363491	DECAYED	4.96967938828	0.188908090242
520108	DECAYED	3.07817919489	0.119337092933
6374	DECAYED	13.7270591787	0.473709505671
8892	DECAYED	5.92809260946	0.223066791584
11525	DECAYED	1.55234449761	0.0611298705286
6050	DECAYED	1.41535085618	0.0558127470286
33032	DECAYED	4.62018796992	0.176269064046
89440	DECAYED	1.96930073411	0.0772207712117
18827	DECAYED	4.30622784261	0.164831674411
6054	DECAYED	4.67194537242	0.178146985472
5367706	DECAYED	6.62151385769	0.247322776001
6569	DECAYED	5.21476175214	0.197712974033
2758	DECAYED	4.05069885057	0.155464689552
104721	DECAYED	2.52908579389	0.0986049217745
11419	DECAYED	1.57924925951	0.062172359091
7122	DECAYED	2.92757845275	0.113674851871
7969	DECAYED	4.77159328709	0.181756490485
240	DECAYED	2.67003546099	0.103949782694
650	DECAYED	7.92823984785	0.29198679908
643820	DECAYED	3.33259630633	0.128861372997
2214	DECAYED	3.74743109284	0.144279947795
5610	DECAYED	5.30418445181	0.200913628993
7194	DECAYED	1.7193902439	0.0675930886317
12748	DECAYED	2.80973966712	0.109231731886
8467	DECAYED	1.36151485285	0.053719105036
31260	DECAYED	3.91557167862	0.150490186516
126	DECAYED	5.35876233185	0.202863959782
6386	DECAYED	2.13236323589	0.0834757402478
9261	DECAYED	3.66010061608	0.141045490035
7768	DECAYED	2.15674242424	0.0844090818159
7894	DECAYED	11.1224248565	0.395413660385
325	DECAYED	3.08911564626	0.11974757166
61252	DECAYED	11.1219426407	0.395398662387
61199	DECAYED	8.48907234262	0.31073715401
6137	DECAYED	9.15150845979	0.332560295556
8914	DECAYED	2.55316793286	0.099519250717
1549778	DECAYED	4.74449404762	0.180775672398
638024	DECAYED	3.14647576325	0.121898906639
8785	DECAYED	4.09016984923	0.156914998211
31210	DECAYED	3.90362826558	0.150049805169
7803	DECAYED	3.43470127181	0.132669181742
7915	DECAYED	4.38357465037	0.167656695329
1551246	DECAYED	2.11895075999	0.0829620494702
244	DECAYED	3.94317014039	0.151507369313
61130	DECAYED	4.21171404398	0.161373147684
165675	DECAYED	3.41011325807	0.13175298135
638014	DECAYED	3.57849257885	0.138017459499
356	DECAYED	3.20212213225	0.12398345083
7921	DECAYED	3.5346182266	0.136387318661
93375	DECAYED	3.79716279188	0.146119133568
14296	DECAYED	5.57612873411	0.210607864701
2346	DECAYED	2.23065154318	0.0872357392045
7410	DECAYED	9.00507918219	0.327766586857
7695	DECAYED	2.45213491296	0.0956802102657
6287	DECAYED	5.09503278429	0.193417567742
7916	DECAYED	2.46339962121	0.096108649771
10895	WOOD	3.90574249546	0.150127770042
62444	WOOD	0.696788298248	0.0276773263569
5541	WOOD	5.14527114344	0.195221319682
24020	WOOD	2.82764117999	0.109907425342
14328	WOOD	2.64717440527	0.103083963278
8048	WOOD	3.40629215034	0.131610555528
9609	WOOD	2.08910856009	0.0818185925734
2345	WOOD	3.79900362319	0.146187173516
887	WOOD	2.68701594827	0.104592616048
8125	WOOD	3.28150997231	0.126953075813
61386	WOOD	3.21407773386	0.124430991083
7136	WOOD	2.64081981661	0.102843220943
61204	WOOD	2.7571525489	0.107245345885
5363491	WOOD	2.05753155405	0.0806078877238
520108	WOOD	2.48883132902	0.097075540607
6374	WOOD	3.9367716142	0.151271596271
8892	WOOD	4.12372313053	0.158146888238
11525	WOOD	3.49657382925	0.134972541753
6050	WOOD	6.79102096273	0.253193652223
33032	WOOD	4.12113608664	0.158051938408
89440	WOOD	5.29772186147	0.20068253169
18827	WOOD	2.49118069301	0.0971648352224
6054	WOOD	2.57570507545	0.100374500364
5367706	WOOD	3.26262784042	0.126247217447
6569	WOOD	1.04434003367	0.0413373429045
2758	WOOD	3.34869645155	0.129462350892
104721	WOOD	5.14247276613	0.195120900185
11419	WOOD	4.93400396545	0.187622400566
7122	WOOD	2.23987486149	0.0875881787017
7969	WOOD	3.22786596987	0.124946991307
240	WOOD	4.26330523514	0.163261900794
650	WOOD	3.70332783398	0.142647258541
643820	WOOD	5.3642393321	0.203059547839
2214	WOOD	3.87597304948	0.149029655147
5610	WOOD	8.59219458383	0.314157460247
7194	WOOD	2.93822463768	0.114075719899
12748	WOOD	3.7016770737	0.142586117685
8467	WOOD	2.99127264258	0.116071820894
31260	WOOD	5.23614324343	0.198478851311
126	WOOD	3.31075059102	0.12804559585
6386	WOOD	5.8481406329	0.220245325771
9261	WOOD	3.95617491677	0.151986468682
7768	WOOD	5.03477252561	0.19125132727
7894	WOOD	8.40201298701	0.307842990587
325	WOOD	4.37591836735	0.167377270071
61252	WOOD	2.61055323768	0.101696134225
61199	WOOD	4.8775181931	0.185584654234
6137	WOOD	5.10888180157	0.193915002758
8914	WOOD	4.87649442756	0.185547697941
1549778	WOOD	3.84279859768	0.147805103482
638024	WOOD	2.09180515815	0.0819219467982
8785	WOOD	3.18658386622	0.123401627954
31210	WOOD	2.02623251087	0.0794070531596
7803	WOOD	1.078898453	0.0426903293712
7915	WOOD	2.67547785499	0.104155841499
1551246	WOOD	4.38408102767	0.167675174524
244	WOOD	4.21001290831	0.161310832857
61130	WOOD	3.32285759099	0.128497750612
165675	WOOD	5.37084192196	0.203295299698
638014	WOOD	6.33956418918	0.237506537924
356	WOOD	4.24079854355	0.162438192827
7921	WOOD	3.40791159281	0.131670919143
93375	WOOD	3.94028003515	0.151400878704
14296	WOOD	4.75972490348	0.181327003676
2346	WOOD	2.94701831148	0.114406765688
7410	WOOD	3.89392487892	0.149691934772
7695	WOOD	2.06447851967	0.0808743121635
6287	WOOD	7.14465983551	0.265367927754
7916	WOOD	6.40106073608	0.239652998024
10895	GRASS	2.38088860544	0.092968091997
62444	GRASS	0.689350138761	0.0273839241049
5541	GRASS	3.3852826087	0.130827249012
24020	GRASS	1.30890557394	0.0516709294369
14328	GRASS	2.7331813996	0.106339143759
8048	GRASS	4.94435862552	0.187995672134
9609	GRASS	1.14173316763	0.0451479048546
2345	GRASS	1.04283886959	0.0412785496205
887	GRASS	2.22865617345	0.0871594836022
8125	GRASS	5.95402407117	0.223980801791
61386	GRASS	2.3774031155	0.0928353063906
7136	GRASS	2.16673236466	0.0847914029305
61204	GRASS	2.70487966285	0.105268636918
5363491	GRASS	4.09076912417	0.156937008156
520108	GRASS	6.86229057331	0.255655210168
6374	GRASS	2.21948717949	0.0868090378435
8892	GRASS	2.08502080163	0.0816619073678
11525	GRASS	2.69799498747	0.105008128718
6050	GRASS	2.66161076133	0.103630761715
33032	GRASS	9.31255952383	0.337812874999
89440	GRASS	6.1350118218	0.230345124851
18827	GRASS	3.1303968254	0.121296119302
6054	GRASS	2.95838750782	0.114834677654
5367706	GRASS	3.93015685453	0.151027821021
6569	GRASS	5.14328231293	0.195149951337
2758	GRASS	7.49924697151	0.277474396804
104721	GRASS	2.64328669615	0.102936682023
11419	GRASS	2.75870927318	0.107304180186
7122	GRASS	0.955289327621	0.0378465420251
7969	GRASS	2.09318744734	0.0819749244179
240	GRASS	2.12380715071	0.0831480633032
650	GRASS	3.21449631527	0.124446657986
643820	GRASS	6.99254227053	0.260143431859
2214	GRASS	1.43222836734	0.056468623455
5610	GRASS	1.85584465431	0.0728561224201
7194	GRASS	0.292380952381	0.0116610434467
12748	GRASS	3.42649913923	0.132363607029
8467	GRASS	4.03174990056	0.154767993118
31260	GRASS	2.87943143166	0.111860807119
126	GRASS	0.651063829788	0.0258729995473
6386	GRASS	1.79885457985	0.0706598320744
9261	GRASS	2.46558120812	0.0961916120473
7768	GRASS	1.45761707582	0.0574548240168
7894	GRASS	1.36457142857	0.0538380350695
325	GRASS	2.09409109838	0.0820095569241
61252	GRASS	1.92312047101	0.0754454619022
61199	GRASS	2.46616471295	0.0962138011614
6137	GRASS	3.67124916061	0.141458738265
8914	GRASS	3.43206589607	0.132571005317
1549778	GRASS	3.64400940129	0.140448854245
638024	GRASS	2.07895879516	0.0814295239378
8785	GRASS	5.38865370048	0.203931112538
31210	GRASS	7.92888223176	0.292008419892
7803	GRASS	6.6757293533	0.249203029172
7915	GRASS	1.79378324057	0.0704642662971
1551246	GRASS	2.78993005187	0.108483718197
244	GRASS	5.31683021644	0.201365735237
61130	GRASS	5.79725258073	0.218446848235
165675	GRASS	5.59437229437	0.211256091228
638014	GRASS	3.72033360313	0.143276991278
356	GRASS	2.38822331172	0.0932474882341
7921	GRASS	1.20454347331	0.0476013689407
93375	GRASS	1.35832025118	0.0535947964852
14296	GRASS	3.18139146568	0.123207157964
2346	GRASS	4.94986137949	0.188194004109
7410	GRASS	1.79075415112	0.0703474458729
7695	GRASS	3.30251886414	0.127738102226
6287	GRASS	2.28930272109	0.089475746064
7916	GRASS	4.64212322695	0.177065205856
10895	FLOWER	8.24928411102	0.302751089103
62444	FLOWER	2.56125512033	0.0998261936966
5541	FLOWER	3.60289035088	0.138923286483
24020	FLOWER	8.66743311036	0.316647565725
14328	FLOWER	9.61761332717	0.347705138642
8048	FLOWER	4.89419032927	0.186186373579
9609	FLOWER	3.30131107545	0.127692981091
2345	FLOWER	11.129113195	0.395621663599
887	FLOWER	4.95798011512	0.188486577876
8125	FLOWER	10.3521182201	0.371218188147
61386	FLOWER	11.559640104	0.408935492425
7136	FLOWER	11.5634257852	0.409051905052
61204	FLOWER	4.80541808215	0.182979906108
5363491	FLOWER	4.76384225575	0.181476013015
520108	FLOWER	3.04603035895	0.118129893979
6374	FLOWER	2.07417624521	0.08124616697
8892	FLOWER	5.17031384308	0.196119695629
11525	FLOWER	2.02111343713	0.079210577675
6050	FLOWER	12.2701630884	0.43058376265
33032	FLOWER	4.08395963705	0.156686894955
89440	FLOWER	5.44373302251	0.205895629212
18827	FLOWER	6.28893022093	0.235736951508
6054	FLOWER	8.48209446013	0.310505407833
5367706	FLOWER	6.05419690098	0.227506555993
6569	FLOWER	2.83441932624	0.110163199883
2758	FLOWER	2.60234969663	0.101385098288
104721	FLOWER	1.14643747601	0.0453317714857
11419	FLOWER	2.02111343713	0.079210577675
7122	FLOWER	6.58337590262	0.245998700795
7969	FLOWER	2.34741865277	0.0916925963784
240	FLOWER	4.21114334453	0.161352242474
650	FLOWER	5.02408190409	0.190866716572
643820	FLOWER	11.9519032613	0.420936933824
2214	FLOWER	5.01201038309	0.190432316091
5610	FLOWER	5.10113390223	0.193636729254
7194	FLOWER	18.1708530405	0.594762161533
12748	FLOWER	1.91378628695	0.0750864202971
8467	FLOWER	8.61142859667	0.314794462877
31260	FLOWER	1.09076325566	0.0431546244343
126	FLOWER	2.80685707678	0.109122904411
6386	FLOWER	5.44725432329	0.206021141066
9261	FLOWER	2.91791486792	0.113310903846
7768	FLOWER	2.96390212444	0.115042198656
7894	FLOWER	0.945548570814	0.0374643179926
325	FLOWER	8.78579787235	0.320555817192
61252	FLOWER	1.59584795322	0.0628152258527
61199	FLOWER	2.54643201946	0.0992635543666
6137	FLOWER	2.8825702477	0.111979125415
8914	FLOWER	4.06224207379	0.155888958685
1549778	FLOWER	2.77066951897	0.107756136925
638024	FLOWER	3.5544590165	0.1371246891
8785	FLOWER	14.6573351412	0.50035841627
31210	FLOWER	11.2637322288	0.399800623663
7803	FLOWER	8.69939706652	0.317704078932
7915	FLOWER	1.6748015873	0.0658700793494
1551246	FLOWER	8.70811370924	0.31799205062
244	FLOWER	8.0301077634	0.295411258259
61130	FLOWER	3.71378473994	0.14303451076
165675	FLOWER	4.52185430074	0.172695305503
638014	FLOWER	3.08164876978	0.119467327135
356	FLOWER	10.1592973249	0.365087364141
7921	FLOWER	2.91593289229	0.113236249839
93375	FLOWER	3.75425120012	0.144532287175
14296	FLOWER	4.30594929806	0.164821492179
2346	FLOWER	8.24717972204	0.302680799534
7410	FLOWER	8.30350058654	0.304560774665
7695	FLOWER	11.6589605433	0.411985877352
6287	FLOWER	2.7360267281	0.106446732221
7916	FLOWER	4.54480797101	0.173530207043
10895	CHEMICAL	21.4793753865	0.674629588662
62444	CHEMICAL	9.48870182909	0.343533888203
5541	CHEMICAL	11.2642365558	0.399816252158
24020	CHEMICAL	25.66024224	0.763030476874
14328	CHEMICAL	9.20283939596	0.334236674659
8048	CHEMICAL	13.839876827	0.476978196846
9609	CHEMICAL	22.1050523991	0.688748759337
2345	CHEMICAL	10.0639073227	0.362043400667
887	CHEMICAL	17.0563935739	0.565887518256
8125	CHEMICAL	30.2456777201	0.843906700505
61386	CHEMICAL	16.1910717257	0.542782547576
7136	CHEMICAL	12.8554584443	0.448113213045
61204	CHEMICAL	11.2833135105	0.400407274911
5363491	CHEMICAL	8.03220372489	0.295481630324
520108	CHEMICAL	16.2103727876	0.543304437138
6374	CHEMICAL	13.7305089763	0.473809608353
8892	CHEMICAL	19.6062181545	0.630487210052
11525	CHEMICAL	11.9201461606	0.419969892627
6050	CHEMICAL	13.5583951094	0.468803773199
33032	CHEMICAL	7.02882352941	0.261391197093
89440	CHEMICAL	26.2696743483	0.774748657785
18827	CHEMICAL	19.5157225871	0.628283532246
6054	CHEMICAL	15.8768205306	0.534243449161
5367706	CHEMICAL	17.5622972949	0.579118177285
6569	CHEMICAL	9.82424242423	0.354363401285
2758	CHEMICAL	21.9602038931	0.685507933713
104721	CHEMICAL	11.8346467564	0.417362324717
11419	CHEMICAL	15.3480148281	0.519695969458
7122	CHEMICAL	17.2242803031	0.570300879339
7969	CHEMICAL	21.0831983881	0.665527433814
240	CHEMICAL	31.6242781574	0.864933138706
650	CHEMICAL	12.7809510547	0.445896958242
643820	CHEMICAL	18.4571863825	0.602020363636
2214	CHEMICAL	17.2959046174	0.572176858082
5610	CHEMICAL	13.1990772905	0.458276835091
7194	CHEMICAL	11.6566543904	0.411915138984
12748	CHEMICAL	9.66762552084	0.349319827549
8467	CHEMICAL	12.4185048487	0.435052488878
31260	CHEMICAL	23.5406088436	0.719960247852
126	CHEMICAL	13.7572439694	0.474585054122
6386	CHEMICAL	20.283362436	0.646768580756
9261	CHEMICAL	10.1289443336	0.364119568017
7768	CHEMICAL	16.4636344366	0.550124873918
7894	CHEMICAL	28.0902036748	0.807984329995
325	CHEMICAL	17.2458817815	0.570867095891
61252	CHEMICAL	15.4731462585	0.523158548285
61199	CHEMICAL	15.2465168306	0.516878163038
6137	CHEMICAL	5.40436879433	0.204491870947
8914	CHEMICAL	28.2173154194	0.810205860985
1549778	CHEMICAL	15.0141950561	0.510397380972
638024	CHEMICAL	10.8827435813	0.387936100109
8785	CHEMICAL	13.3248480243	0.461973291024
31210	CHEMICAL	22.5616190487	0.698854100309
7803	CHEMICAL	20.4989029703	0.651874109617
7915	CHEMICAL	24.354460198	0.736922515307
1551246	CHEMICAL	8.45644137022	0.30965309455
244	CHEMICAL	14.7257690033	0.502291451035
61130	CHEMICAL	12.5130014994	0.437889977367
165675	CHEMICAL	20.4903183648	0.651671475916
638014	CHEMICAL	18.7572475866	0.609556168654
356	CHEMICAL	33.7134577545	0.893899416674
7921	CHEMICAL	15.2664103813	0.51743110088
93375	CHEMICAL	17.2058258383	0.56981685642
14296	CHEMICAL	14.7048932753	0.501702176517
2346	CHEMICAL	9.08299868334	0.330319601301
7410	CHEMICAL	28.4407002366	0.814078637485
7695	CHEMICAL	10.7853238293	0.384883669132
6287	CHEMICAL	15.5389868858	0.524975430057
7916	CHEMICAL	23.5632324071	0.720438927696
