#oID	descriptor	value	sigma
10895	INTENSITY/STRENGTH	56.3489795919	0.983876183257
62444	INTENSITY/STRENGTH	78.9346938776	0.665113396085
5541	INTENSITY/STRENGTH	39.1918367347	0.953273442732
24020	INTENSITY/STRENGTH	60.7183673469	0.954046640567
14328	INTENSITY/STRENGTH	66.1877551021	0.895182633902
8048	INTENSITY/STRENGTH	24.2469387755	0.734711935027
2345	INTENSITY/STRENGTH	39.7448979592	0.957933152853
887	INTENSITY/STRENGTH	10.6163265306	0.379570505622
8125	INTENSITY/STRENGTH	64.2183673469	0.919135211995
61386	INTENSITY/STRENGTH	10.3714285714	0.371830530612
7136	INTENSITY/STRENGTH	58.0836734694	0.973861689296
61204	INTENSITY/STRENGTH	60.812244898	0.953238144107
5363491	INTENSITY/STRENGTH	44.5673469388	0.988194512287
520108	INTENSITY/STRENGTH	75.3081632653	0.743798748854
6374	INTENSITY/STRENGTH	11.4795918367	0.406471261973
8892	INTENSITY/STRENGTH	65.5020408163	0.903874692212
11525	INTENSITY/STRENGTH	56.2836734694	0.984206179092
6050	INTENSITY/STRENGTH	7.98979591837	0.294057101208
33032	INTENSITY/STRENGTH	13.7530612245	0.474463771762
89440	INTENSITY/STRENGTH	53.4857142857	0.995139918367
18827	INTENSITY/STRENGTH	55.8591836735	0.986267986672
6054	INTENSITY/STRENGTH	64.8632653061	0.911633337776
5367706	INTENSITY/STRENGTH	43.8663265306	0.984951219908
6569	INTENSITY/STRENGTH	38.3857142857	0.946043346939
2758	INTENSITY/STRENGTH	46.6591836735	0.995535578509
104721	INTENSITY/STRENGTH	52.8428571429	0.996767265306
11419	INTENSITY/STRENGTH	46.8795918367	0.996105221158
7122	INTENSITY/STRENGTH	31.6448979592	0.865236091629
240	INTENSITY/STRENGTH	73.8040816326	0.77334627905
650	INTENSITY/STRENGTH	21.8510204082	0.683053979175
643820	INTENSITY/STRENGTH	64.9959183674	0.910048972928
2214	INTENSITY/STRENGTH	67.7224489796	0.874365920866
5610	INTENSITY/STRENGTH	35.2420068027	0.912880654716
7194	INTENSITY/STRENGTH	34.4137755102	0.902827842462
12748	INTENSITY/STRENGTH	74.5877551021	0.758176919616
8467	INTENSITY/STRENGTH	50.9489795918	0.999639775094
31260	INTENSITY/STRENGTH	38.1081632653	0.94343368763
126	INTENSITY/STRENGTH	45.7612244898	0.99281311287
6386	INTENSITY/STRENGTH	8.82040816327	0.321696486464
9261	INTENSITY/STRENGTH	21.6795918367	0.679181792586
7768	INTENSITY/STRENGTH	56.2581632653	0.984334157018
325	INTENSITY/STRENGTH	41.4857142857	0.97100277551
61252	INTENSITY/STRENGTH	58.1234693878	0.973603698042
6137	INTENSITY/STRENGTH	63.2091836735	0.930206986672
8914	INTENSITY/STRENGTH	56.1775510204	0.984735145356
1549778	INTENSITY/STRENGTH	36.1591836735	0.923372721366
638024	INTENSITY/STRENGTH	37.7204081633	0.939684649729
8785	INTENSITY/STRENGTH	54.0653061224	0.993389314452
31210	INTENSITY/STRENGTH	37.2897959184	0.935380284881
7803	INTENSITY/STRENGTH	59.0448979592	0.967275928363
7915	INTENSITY/STRENGTH	48.8244897959	0.999447270304
1551246	INTENSITY/STRENGTH	64.1428571429	0.919991836735
244	INTENSITY/STRENGTH	62.5489795919	0.937009244481
165675	INTENSITY/STRENGTH	32.6051020408	0.878967009996
638014	INTENSITY/STRENGTH	41.806122449	0.973144148272
356	INTENSITY/STRENGTH	64.9204081633	0.910952568096
7921	INTENSITY/STRENGTH	61.1918367347	0.949897116202
93375	INTENSITY/STRENGTH	62.8714285714	0.933730530612
14296	INTENSITY/STRENGTH	41.7836734694	0.972996791337
2346	INTENSITY/STRENGTH	61.9265306123	0.943103147022
7410	INTENSITY/STRENGTH	73.5755102041	0.777678127447
7695	INTENSITY/STRENGTH	63.6020408163	0.925993794252
6287	INTENSITY/STRENGTH	42.8673469388	0.979650104123
10895	VALENCE/PLEASANTNESS	59.2243617021	0.965964460475
62444	VALENCE/PLEASANTNESS	29.7436756877	0.835872530142
5541	VALENCE/PLEASANTNESS	49.5460121321	0.999917558006
24020	VALENCE/PLEASANTNESS	51.1743930855	0.999448320352
14328	VALENCE/PLEASANTNESS	45.9411788937	0.993410388491
8048	VALENCE/PLEASANTNESS	64.4799053134	0.916132936846
9609	VALENCE/PLEASANTNESS	25.7870865109	0.765493928148
2345	VALENCE/PLEASANTNESS	51.3927124096	0.999224140858
887	VALENCE/PLEASANTNESS	48.7043734269	0.999328540713
8125	VALENCE/PLEASANTNESS	34.1476923852	0.899481737315
61386	VALENCE/PLEASANTNESS	37.5876602762	0.938373529033
7136	VALENCE/PLEASANTNESS	52.1522383975	0.998147147952
61204	VALENCE/PLEASANTNESS	40.112006905	0.960891037021
5363491	VALENCE/PLEASANTNESS	51.3602991473	0.999259834492
520108	VALENCE/PLEASANTNESS	37.0566527927	0.932987905229
6374	VALENCE/PLEASANTNESS	33.4726762821	0.890739028289
8892	VALENCE/PLEASANTNESS	42.788488473	0.979197640598
11525	VALENCE/PLEASANTNESS	41.8817035908	0.973637305365
6050	VALENCE/PLEASANTNESS	43.9189431024	0.985208298803
33032	VALENCE/PLEASANTNESS	31.9868781426	0.87021097638
89440	VALENCE/PLEASANTNESS	42.0421758967	0.974669214216
18827	VALENCE/PLEASANTNESS	35.9676364825	0.921237109646
6054	VALENCE/PLEASANTNESS	38.252038127	0.944794156732
5367706	VALENCE/PLEASANTNESS	49.8199127856	0.999987027438
6569	VALENCE/PLEASANTNESS	49.2619675615	0.999782123248
2758	VALENCE/PLEASANTNESS	47.7737006712	0.998017436519
104721	VALENCE/PLEASANTNESS	37.2579585751	0.93505615213
11419	VALENCE/PLEASANTNESS	43.6772105012	0.984008933182
7122	VALENCE/PLEASANTNESS	34.904394056	0.908849072473
7969	VALENCE/PLEASANTNESS	23.5398979256	0.719945199285
240	VALENCE/PLEASANTNESS	40.0724870072	0.960577794311
650	VALENCE/PLEASANTNESS	31.5039851518	0.863158973893
643820	VALENCE/PLEASANTNESS	55.5940475413	0.987482652842
2214	VALENCE/PLEASANTNESS	41.2480833092	0.969361581695
5610	VALENCE/PLEASANTNESS	41.0523717149	0.967975979229
7194	VALENCE/PLEASANTNESS	51.4088568979	0.999206048896
12748	VALENCE/PLEASANTNESS	31.5360769651	0.863633418464
8467	VALENCE/PLEASANTNESS	46.5531773634	0.995247765485
31260	VALENCE/PLEASANTNESS	36.6274771342	0.928470252881
126	VALENCE/PLEASANTNESS	34.1837097034	0.899937984502
6386	VALENCE/PLEASANTNESS	49.7961748866	0.999983382129
9261	VALENCE/PLEASANTNESS	37.6792963285	0.939280104415
7768	VALENCE/PLEASANTNESS	38.1588058422	0.943914448367
7894	VALENCE/PLEASANTNESS	44.1423213436	0.986275040303
325	VALENCE/PLEASANTNESS	48.4898014641	0.999087720153
61252	VALENCE/PLEASANTNESS	27.2515437095	0.79300309456
61199	VALENCE/PLEASANTNESS	43.6444209744	0.9838426461
6137	VALENCE/PLEASANTNESS	28.3716978458	0.81288661837
8914	VALENCE/PLEASANTNESS	39.5554066349	0.956364187776
1549778	VALENCE/PLEASANTNESS	51.9703408552	0.998447102766
638024	VALENCE/PLEASANTNESS	39.8175106623	0.958526764355
8785	VALENCE/PLEASANTNESS	53.6588345045	0.994645172028
31210	VALENCE/PLEASANTNESS	40.0665488853	0.960530619581
7803	VALENCE/PLEASANTNESS	49.4490621585	0.999878586998
7915	VALENCE/PLEASANTNESS	50.7424261901	0.999779521341
1551246	VALENCE/PLEASANTNESS	54.2458067454	0.992789250032
244	VALENCE/PLEASANTNESS	45.1818158142	0.990714040461
61130	VALENCE/PLEASANTNESS	46.987308593	0.996369476194
165675	VALENCE/PLEASANTNESS	49.4024782951	0.999857187125
638014	VALENCE/PLEASANTNESS	35.9813287017	0.921390742012
356	VALENCE/PLEASANTNESS	33.5317188239	0.891518286042
7921	VALENCE/PLEASANTNESS	62.7320353592	0.935158110245
93375	VALENCE/PLEASANTNESS	39.7324750831	0.957831172832
14296	VALENCE/PLEASANTNESS	47.2574146006	0.996991290131
2346	VALENCE/PLEASANTNESS	23.1748927832	0.712165449123
7410	VALENCE/PLEASANTNESS	31.9844948618	0.870176629846
7695	VALENCE/PLEASANTNESS	45.9853054087	0.993552890936
6287	VALENCE/PLEASANTNESS	31.1908333333	0.858486099722
7916	VALENCE/PLEASANTNESS	38.7191358898	0.949096841971
10895	BAKERY	5.33284245516	0.201938014746
62444	BAKERY	1.4410175029	0.0568100875385
5541	BAKERY	5.52012032085	0.208616121492
24020	BAKERY	5.33844310451	0.202138134269
14328	BAKERY	7.27053519778	0.269677135086
8048	BAKERY	2.12793454882	0.0833061397751
9609	BAKERY	4.20427902196	0.16110077604
2345	BAKERY	0.978649187585	0.0387628658104
887	BAKERY	4.80824028155	0.18308194142
8125	BAKERY	1.04485885364	0.0413576621361
61386	BAKERY	2.87069862036	0.111531580587
7136	BAKERY	10.8544413271	0.387050094474
61204	BAKERY	6.11371048049	0.229597436884
5363491	BAKERY	3.02239839949	0.117241979146
520108	BAKERY	7.64872677584	0.282547862517
6374	BAKERY	0.704516908213	0.0279821386989
8892	BAKERY	2.21582891572	0.0866691975153
11525	BAKERY	2.97424677447	0.115431413429
6050	BAKERY	5.42055085741	0.205069085657
33032	BAKERY	4.99	0.18963996
89440	BAKERY	1.40256730352	0.0553158141243
18827	BAKERY	0.828132463862	0.0328509772034
6054	BAKERY	3.36615172636	0.130113678077
5367706	BAKERY	0.617321291083	0.0245404174127
6569	BAKERY	4.55062985059	0.173741901209
2758	BAKERY	1.39703839869	0.0551008494328
104721	BAKERY	3.29963679637	0.12763043066
11419	BAKERY	2.45094062625	0.0956347810687
7122	BAKERY	4.66666884473	0.177955634547
7969	BAKERY	2.14583569381	0.0839915834225
240	BAKERY	1.7502162035	0.0687833454365
650	BAKERY	3.6929708079	0.142263618961
643820	BAKERY	2.68466500237	0.104503629625
2214	BAKERY	9.74385800346	0.351777212622
5610	BAKERY	2.69316036723	0.104825169584
7194	BAKERY	2.36512384441	0.0923674294566
12748	BAKERY	6.59855442178	0.246525808688
8467	BAKERY	13.8039608925	0.475938701172
31260	BAKERY	1.34707446808	0.0531571348744
126	BAKERY	4.30430789133	0.164761489084
6386	BAKERY	0.964522356934	0.0382087729265
9261	BAKERY	5.65933751222	0.213562260058
7768	BAKERY	2.76457207388	0.107525739455
7894	BAKERY	2.39794372295	0.0936176952785
325	BAKERY	1.59022615342	0.0625975184494
61252	BAKERY	2.77082595356	0.107762047556
61199	BAKERY	6.78265162631	0.252904319819
6137	BAKERY	5.694415804	0.214806083621
8914	BAKERY	0.399338480999	0.015909750751
1549778	BAKERY	3.77170428498	0.145177870114
638024	BAKERY	6.23244980968	0.233760620135
8785	BAKERY	2.2726620241	0.0888404838935
31210	BAKERY	2.43038643488	0.0948527461059
7803	BAKERY	2.00386014089	0.07854822345
7915	BAKERY	3.05789199815	0.118575398537
1551246	BAKERY	2.83888922257	0.110331852095
244	BAKERY	1.64526754309	0.0647279396084
61130	BAKERY	2.20271931181	0.0861679835256
165675	BAKERY	0.996556122451	0.039464995256
638014	BAKERY	2.01510949041	0.0789801131133
356	BAKERY	1.36602711229	0.0538946724632
7921	BAKERY	6.32191038802	0.236889795139
93375	BAKERY	3.43345559904	0.132622777021
14296	BAKERY	5.51186110346	0.208322199009
2346	BAKERY	2.44680979546	0.0954776405482
7410	BAKERY	5.00166845686	0.190060063333
7695	BAKERY	4.81564504916	0.183349627071
6287	BAKERY	6.15808333333	0.231154537197
7916	BAKERY	5.05531529949	0.191990126869
10895	SWEET	17.5759546405	0.57947251301
62444	SWEET	11.2899571996	0.400613034557
5541	SWEET	12.5012712687	0.437538137416
24020	SWEET	32.5801192142	0.878619101364
14328	SWEET	16.7159438792	0.55686864326
8048	SWEET	31.0350860921	0.856132816186
9609	SWEET	4.72533809439	0.180081995733
2345	SWEET	13.6858373373	0.472512636042
887	SWEET	10.3411858905	0.370871385372
8125	SWEET	14.1503885797	0.485922144405
61386	SWEET	12.348891519	0.432957612061
7136	SWEET	18.8117527362	0.610917293046
61204	SWEET	16.4191667461	0.548931055188
5363491	SWEET	17.7463745036	0.583881456935
520108	SWEET	11.1387620838	0.395921675047
6374	SWEET	6.08118589745	0.22845510713
8892	SWEET	21.3504029598	0.671680235773
11525	SWEET	15.7750314346	0.531460610679
6050	SWEET	9.24331965788	0.335557202996
33032	SWEET	10.7640339614	0.384215587607
89440	SWEET	8.59978595542	0.314408910825
18827	SWEET	8.66719834006	0.316639802776
6054	SWEET	4.37481246893	0.167336905102
5367706	SWEET	13.58712779	0.469641094968
6569	SWEET	4.84259850863	0.184323636219
2758	SWEET	10.2533596524	0.368081832432
104721	SWEET	12.6897288519	0.443177466741
11419	SWEET	17.0615745415	0.566024051325
7122	SWEET	23.4332828203	0.717683815318
7969	SWEET	4.00275044669	0.153701213412
240	SWEET	5.140775357	0.195059985772
650	SWEET	11.5593057197	0.408925209299
643820	SWEET	15.0800606061	0.51223913309
2214	SWEET	6.99025894531	0.260064869764
5610	SWEET	2.9051236533	0.112829048756
7194	SWEET	13.2162208179	0.458781435633
12748	SWEET	7.97235187858	0.293470717353
8467	SWEET	6.20535478222	0.2328116201
31260	SWEET	3.11209109062	0.120609599242
126	SWEET	5.51739737803	0.20851922559
6386	SWEET	9.49124799113	0.343616404274
9261	SWEET	14.9808066509	0.509462438872
7768	SWEET	8.36314885365	0.306549050647
7894	SWEET	3.62465024472	0.13973077403
325	SWEET	6.07022146022	0.228069822978
61252	SWEET	8.31654407759	0.304995800946
61199	SWEET	11.770138572	0.41539107808
6137	SWEET	5.23115951508	0.198300368654
8914	SWEET	4.8905194709	0.186053906558
1549778	SWEET	15.963263907	0.536600238456
638024	SWEET	20.1045131763	0.642503947029
8785	SWEET	15.6678036153	0.528520116561
31210	SWEET	18.1536198678	0.594323228991
7803	SWEET	23.7330230821	0.724018369438
7915	SWEET	15.3788246147	0.520549685977
1551246	SWEET	17.7073800725	0.582874679286
244	SWEET	7.7511945316	0.286015374597
61130	SWEET	4.97073738361	0.18894620329
165675	SWEET	4.9330406438	0.187587669755
638014	SWEET	21.9843268246	0.686048822611
356	SWEET	7.47018959712	0.276486090838
7921	SWEET	13.0189086024	0.452959551616
93375	SWEET	15.6439476525	0.527864666839
14296	SWEET	5.3427114995	0.202290633513
2346	SWEET	20.7701314598	0.658245914049
7410	SWEET	6.78885628299	0.253118823467
7695	SWEET	13.8355037879	0.476851685489
6287	SWEET	3.29133904398	0.127320396678
7916	SWEET	22.8652154606	0.7054813872
10895	FRUIT	3.6823120915	0.141868714724
62444	FRUIT	2.31078231335	0.0902954065739
5541	FRUIT	8.64980713043	0.31606461986
24020	FRUIT	7.26565441884	0.2695102831
14328	FRUIT	2.43414259321	0.0949956836627
8048	FRUIT	23.1485604213	0.71160007702
9609	FRUIT	1.67199254961	0.0657614783499
2345	FRUIT	6.41258983432	0.240055070019
887	FRUIT	0.993685113535	0.0393524404994
8125	FRUIT	7.28122000543	0.27004233431
61386	FRUIT	9.47736640547	0.343166466625
7136	FRUIT	7.13639898933	0.265084683359
61204	FRUIT	12.1449705014	0.426798696663
5363491	FRUIT	7.88497422575	0.290529841614
520108	FRUIT	2.09063405797	0.0818770620131
6374	FRUIT	1.30786324786	0.0516303274045
8892	FRUIT	10.9852792618	0.391140626288
11525	FRUIT	1.83885281385	0.0722015606857
6050	FRUIT	8.19006474524	0.300771725597
33032	FRUIT	4.23613636364	0.162267514029
89440	FRUIT	2.69280679222	0.104811788321
18827	FRUIT	12.3398256866	0.432684508272
6054	FRUIT	2.08724670719	0.0817472287611
5367706	FRUIT	5.77786567624	0.21776113434
6569	FRUIT	1.69951145191	0.0668251224062
2758	FRUIT	1.47692315896	0.0582044055515
104721	FRUIT	5.22542269078	0.198094890712
11419	FRUIT	1.06625905797	0.0421955989674
7122	FRUIT	2.4699414601	0.0963574140777
7969	FRUIT	2.5593722141	0.0997547341119
240	FRUIT	1.35749763226	0.0535627853618
650	FRUIT	0.705053361924	0.0280032943797
643820	FRUIT	9.41746482684	0.341223135568
2214	FRUIT	9.3234604681	0.338167652684
5610	FRUIT	2.09734444481	0.0821342363044
7194	FRUIT	6.14705327537	0.230767625427
12748	FRUIT	1.97179410597	0.0773165754401
8467	FRUIT	11.6308810964	0.411124285826
31260	FRUIT	1.90849689441	0.074882931618
126	FRUIT	3.44800761548	0.133164802013
6386	FRUIT	0.366109647824	0.0145907714033
9261	FRUIT	2.75841773513	0.107293162044
7768	FRUIT	5.34289857658	0.202297316983
7894	FRUIT	1.82891575092	0.0718186569071
325	FRUIT	1.5490113085	0.0610006779265
61252	FRUIT	1.91649527187	0.0751906292239
61199	FRUIT	3.05802796376	0.118580504539
6137	FRUIT	5.96991769986	0.224540741057
8914	FRUIT	1.79606129686	0.0705521174016
1549778	FRUIT	7.4473220133	0.275707838464
638024	FRUIT	3.22445436507	0.124819332222
8785	FRUIT	5.93644320606	0.223361185067
31210	FRUIT	7.29278395759	0.270437479163
7803	FRUIT	14.619904323	0.499299531956
7915	FRUIT	1.68791520979	0.0663769852894
1551246	FRUIT	9.78475821228	0.353093731182
244	FRUIT	1.55631568952	0.0612837801705
61130	FRUIT	2.21968679138	0.0868166678746
165675	FRUIT	0.785043701233	0.0311552306042
638014	FRUIT	4.78514013562	0.182246578978
356	FRUIT	4.89881627183	0.186353290527
7921	FRUIT	1.07046201814	0.0423601251527
93375	FRUIT	1.60514303642	0.0631751277899
14296	FRUIT	0.877550976853	0.0347940007873
2346	FRUIT	4.51309088807	0.172376439777
7410	FRUIT	0.434269621827	0.0172953488313
7695	FRUIT	5.54173971395	0.209385236935
6287	FRUIT	5.87437414966	0.221171657326
7916	FRUIT	3.63136054422	0.139979710008
10895	FISH	1.31073750684	0.051742287149
62444	FISH	6.59529024943	0.246412468587
5541	FISH	2.0581710985	0.0806324166319
24020	FISH	0.572232705055	0.0227583280947
14328	FISH	2.81863238453	0.109567419974
8048	FISH	0.559800052383	0.0222666516559
9609	FISH	5.42204398962	0.205122335175
2345	FISH	0.925260837474	0.036667990452
887	FISH	0.465871319458	0.0185480383438
8125	FISH	0.282418478537	0.0112648350627
61386	FISH	0.1607364685	0.00641912425509
7136	FISH	0.707630962994	0.0281049418879
61204	FISH	0.62676776775	0.0249135755761
5363491	FISH	0.807928549162	0.0320560425503
520108	FISH	2.95403273088	0.114670785485
6374	FISH	2.48029272315	0.0967509681289
8892	FISH	2.60693067264	0.101558791893
11525	FISH	0.395131705917	0.0157428166107
6050	FISH	0.374588748337	0.0149274232413
33032	FISH	1.77499390244	0.069739514756
89440	FISH	0.220581923785	0.00880381439737
18827	FISH	0.236774125023	0.00944854020642
6054	FISH	0.69674721157	0.0276757057921
5367706	FISH	0.48539291709	0.01932147417
6569	FISH	0.995270833332	0.0394146077206
2758	FISH	0.171689431467	0.00685578635433
104721	FISH	1.16835577515	0.0461882089192
11419	FISH	0.731317360291	0.0290387643791
7122	FISH	0.250564013206	0.00999744759836
7969	FISH	7.87857136483	0.290314099893
240	FISH	1.60063464552	0.0630005733133
650	FISH	0.712397254151	0.0282928862269
643820	FISH	0.531188375713	0.0211346705923
2214	FISH	0.630382505034	0.0250563473603
5610	FISH	1.07183769747	0.0424139734791
7194	FISH	1.12425133097	0.0444644768166
12748	FISH	3.44156008632	0.132924669122
8467	FISH	0.737223127713	0.0292715259325
31260	FISH	0.89541062802	0.0354957210437
126	FISH	0.467794083908	0.0186242308343
6386	FISH	0.823338459305	0.0326623838848
9261	FISH	0.801053400753	0.0317854614098
7768	FISH	0.381850059645	0.0152156785986
7894	FISH	1.30217357268	0.0514086805019
325	FISH	1.14087080839	0.0451141978551
61252	FISH	4.8645188588	0.185115336861
61199	FISH	1.82016100915	0.0714812459265
6137	FISH	3.96042084827	0.152142860613
8914	FISH	0.794568487769	0.0315302038781
1549778	FISH	0.473761574415	0.0188606829648
638024	FISH	1.33963431677	0.0528675246298
8785	FISH	1.44672040155	0.0570316160938
31210	FISH	0.0859673592232	0.00343573821419
7803	FISH	0.141110827625	0.00563646819873
7915	FISH	0.808814328788	0.0320909009041
1551246	FISH	0.527398973468	0.0209846990679
244	FISH	1.04508323559	0.041366449836
61130	FISH	2.18786526357	0.0855999087783
165675	FISH	0.664822620423	0.0264161091703
638014	FISH	1.07063374884	0.0423668473039
356	FISH	0.37808639342	0.0150662760084
7921	FISH	1.43651987111	0.0566353591082
93375	FISH	1.72468546366	0.0677976025669
14296	FISH	2.09154092488	0.0819118196191
2346	FISH	6.95145126613	0.258728980763
7410	FISH	1.58268984132	0.0623056307994
7695	FISH	1.18015019444	0.0466489059852
6287	FISH	0.804471529324	0.0319199913964
7916	FISH	0.820699546485	0.0325585627612
10895	GARLIC	0.903880139012	0.0358284058382
62444	GARLIC	20.6476972789	0.655376929988
5541	GARLIC	2.60529779744	0.101496881252
24020	GARLIC	0.944464529786	0.0374217758922
14328	GARLIC	1.77158666098	0.0696080587203
8048	GARLIC	1.22492858604	0.0483969634252
9609	GARLIC	15.8040631785	0.532255161959
2345	GARLIC	1.89945068467	0.0745348622253
887	GARLIC	5.00599562124	0.190215827986
8125	GARLIC	2.03669980043	0.0798087335862
61386	GARLIC	2.53311691875	0.0987580042205
7136	GARLIC	2.05690735691	0.0805839471266
61204	GARLIC	0.969608950639	0.0384083014187
5363491	GARLIC	2.60754826255	0.101582207325
520108	GARLIC	4.59882422831	0.175493295419
6374	GARLIC	5.2652173913	0.199519689981
8892	GARLIC	3.3766746036	0.130506211592
11525	GARLIC	0.962709118716	0.0381376412097
6050	GARLIC	2.85432121426	0.110913988733
33032	GARLIC	2.86707068371	0.111394789626
89440	GARLIC	1.93811480016	0.0760220764151
18827	GARLIC	4.33551365487	0.165901874734
6054	GARLIC	4.03506997562	0.154890083141
5367706	GARLIC	2.60479916415	0.101477975092
6569	GARLIC	5.23498263889	0.198437288264
2758	GARLIC	2.25334438713	0.0881027511144
104721	GARLIC	2.45205578624	0.0956772004179
11419	GARLIC	0.595007494397	0.0236586862085
7122	GARLIC	0.639057871375	0.0253989568698
7969	GARLIC	8.08190617701	0.297149364099
240	GARLIC	2.70734098545	0.105361761333
650	GARLIC	3.09800392553	0.120081105692
643820	GARLIC	2.75088970201	0.107008630419
2214	GARLIC	1.39163296717	0.0548906617606
5610	GARLIC	2.11643773956	0.0828657861003
7194	GARLIC	4.25652173913	0.163013678639
12748	GARLIC	3.51579987895	0.135687655642
8467	GARLIC	2.10868993342	0.0825689680426
31260	GARLIC	1.59114633891	0.0626331548876
126	GARLIC	1.42583864842	0.0562203395965
6386	GARLIC	4.54884647624	0.173677057344
9261	GARLIC	6.34712509712	0.237770605086
7768	GARLIC	1.53375577569	0.0604092683157
7894	GARLIC	3.61059912337	0.139209394523
325	GARLIC	4.52208627105	0.172703745145
61252	GARLIC	6.11630982159	0.22968869453
61199	GARLIC	2.91728899302	0.113287329693
6137	GARLIC	7.93163120567	0.292100938794
8914	GARLIC	1.29242859031	0.051028994948
1549778	GARLIC	0.587541965281	0.0233635963869
638024	GARLIC	1.96425025316	0.0770266985035
8785	GARLIC	1.0554217726	0.0417713048569
31210	GARLIC	1.38604237315	0.054673249542
7803	GARLIC	0.915766424558	0.0362952057246
7915	GARLIC	5.79296334565	0.218295164097
1551246	GARLIC	1.58712117779	0.0624772656586
244	GARLIC	2.33793199554	0.0913309094152
61130	GARLIC	4.10102324425	0.15731357311
165675	GARLIC	1.00342139567	0.0397341140277
638014	GARLIC	3.52130186571	0.135892247897
356	GARLIC	3.70461900436	0.142695079387
7921	GARLIC	1.35023406908	0.0532801099467
93375	GARLIC	1.4217890338	0.0560629677292
14296	GARLIC	4.89853850599	0.186343268442
2346	GARLIC	3.63925882366	0.140272671032
7410	GARLIC	1.84185745436	0.0723173226216
7695	GARLIC	2.56887076639	0.10011519185
6287	GARLIC	5.08386820042	0.193016441665
7916	GARLIC	6.18818042423	0.232209786184
10895	SPICES	5.64185398683	0.21294195291
62444	SPICES	12.7851530612	0.446022066929
5541	SPICES	6.57879285158	0.24583950791
24020	SPICES	4.38372106617	0.167662038492
14328	SPICES	6.72122420474	0.250779026266
8048	SPICES	5.90164743157	0.2221341203
9609	SPICES	10.045858485	0.361466630321
2345	SPICES	7.35045059768	0.272406374312
887	SPICES	7.03571018275	0.2616279202
8125	SPICES	3.62744078791	0.139834300848
61386	SPICES	4.60333333333	0.175657062222
7136	SPICES	5.5546479254	0.209844271586
61204	SPICES	4.54654922324	0.173593524994
5363491	SPICES	6.96279761905	0.259119684488
520108	SPICES	5.40539224901	0.204528383814
6374	SPICES	7.35505566945	0.272563489218
8892	SPICES	4.91125524312	0.1868020385
11525	SPICES	10.1661990321	0.365307320179
6050	SPICES	4.5490967608	0.173686157896
33032	SPICES	8.96109477124	0.32632330305
89440	SPICES	9.97541615132	0.359213075096
18827	SPICES	7.39533618369	0.27393704844
6054	SPICES	3.86162201901	0.148500030913
5367706	SPICES	4.42301384883	0.16909533335
6569	SPICES	5.14228769841	0.195114258827
2758	SPICES	5.84276350001	0.220055385874
104721	SPICES	3.36408162279	0.130036446846
11419	SPICES	7.46610016837	0.276346946045
7122	SPICES	5.8635167897	0.220788339931
7969	SPICES	8.50092916751	0.311130848016
240	SPICES	4.21898598788	0.161639502409
650	SPICES	5.44038920697	0.205776434389
643820	SPICES	6.99476140401	0.260219781321
2214	SPICES	10.5984412965	0.379006868695
5610	SPICES	6.53435802709	0.244295187153
7194	SPICES	5.27610507246	0.199909289004
12748	SPICES	6.94430231423	0.258482758717
8467	SPICES	8.99022202321	0.327279244118
31260	SPICES	2.45101495727	0.0956376085624
126	SPICES	11.9907697388	0.422119365979
6386	SPICES	5.59193766809	0.21116959997
9261	SPICES	11.1734268708	0.396998887616
7768	SPICES	3.12535933991	0.121107225195
7894	SPICES	5.40787618509	0.20461699747
325	SPICES	17.082516464	0.566575711064
61252	SPICES	6.96113052104	0.259062285589
61199	SPICES	6.64514909736	0.248142761284
6137	SPICES	9.63785374149	0.348358859763
8914	SPICES	3.80080270821	0.146253667838
1549778	SPICES	4.59526704299	0.175364090041
638024	SPICES	10.2700526515	0.368612513474
8785	SPICES	3.97670265015	0.152742440419
31210	SPICES	6.14779606355	0.230793683966
7803	SPICES	2.10818746471	0.0825497168339
7915	SPICES	4.36455360439	0.166962412909
1551246	SPICES	5.94550395257	0.223680551203
244	SPICES	5.54301614921	0.209430634756
61130	SPICES	7.09832135253	0.263778387692
165675	SPICES	12.3704428482	0.433606571423
638014	SPICES	10.6004161106	0.379069115737
356	SPICES	4.3341298806	0.165851322495
7921	SPICES	8.39741289878	0.307689898594
93375	SPICES	12.4296713608	0.435388162378
14296	SPICES	5.76916085346	0.217453147357
2346	SPICES	9.5266890024	0.344764438757
7410	SPICES	6.1350761776	0.230347383222
7695	SPICES	6.41671711956	0.240198981345
6287	SPICES	3.63267108431	0.14002832369
7916	SPICES	5.48303921568	0.207296081011
10895	COLD	5.1757216846	0.196313629401
62444	COLD	2.25784322567	0.0882745866141
5541	COLD	5.20994339355	0.197540331677
24020	COLD	4.46301509688	0.170553202373
14328	COLD	5.55398118316	0.209820564533
8048	COLD	3.75969365464	0.144733627635
9609	COLD	5.06736251973	0.192423235627
2345	COLD	2.62194370021	0.102127912502
887	COLD	5.48108893558	0.207226623055
8125	COLD	5.47081774377	0.206860771036
61386	COLD	5.54973429952	0.209669551663
7136	COLD	5.18385977491	0.19660543013
61204	COLD	3.7558285689	0.14459064346
5363491	COLD	5.35726110954	0.202810345743
520108	COLD	1.99032920741	0.0780286041547
6374	COLD	7.95098412698	0.292752105644
8892	COLD	4.63404948202	0.17677221344
11525	COLD	4.12879295571	0.15833294572
6050	COLD	4.35644487692	0.166666350291
33032	COLD	3.37921146177	0.13060083043
89440	COLD	12.1509977325	0.426981210941
18827	COLD	4.89814218076	0.186328968501
6054	COLD	3.77710623194	0.145377636683
5367706	COLD	5.48981126597	0.207537239545
6569	COLD	2.61593848805	0.101900285853
2758	COLD	9.44696969699	0.342180693297
104721	COLD	5.55933827123	0.210011034044
11419	COLD	8.50672452236	0.311323236055
7122	COLD	5.37639784163	0.203493652164
7969	COLD	2.98682610994	0.115904592313
240	COLD	4.13444073657	0.158540189381
650	COLD	1.85914514101	0.0729832373784
643820	COLD	3.70471014493	0.142698454894
2214	COLD	5.99668768235	0.22548340203
5610	COLD	4.74864480482	0.1809259412
7194	COLD	2.14831521739	0.0840865053863
12748	COLD	2.20284889057	0.0861729383289
8467	COLD	4.96285358434	0.188662177094
31260	COLD	5.29232432334	0.200489494236
126	COLD	7.63283996299	0.282009500159
6386	COLD	5.66637364412	0.213811829655
9261	COLD	5.47015508516	0.206837164744
7768	COLD	9.51793716537	0.344481035461
7894	COLD	4.44764702075	0.169993255222
325	COLD	5.1863121561	0.196693352732
61252	COLD	2.17342099883	0.085047336418
61199	COLD	3.25687403639	0.12603207006
6137	COLD	2.09723131478	0.0821299009162
8914	COLD	3.31990543735	0.128387508649
1549778	COLD	4.66435797639	0.177871824923
638024	COLD	5.42420679556	0.205199464078
8785	COLD	6.16633635027	0.231443972417
31210	COLD	4.33549971076	0.165901365334
7803	COLD	4.76039238903	0.181351161282
7915	COLD	3.30192755116	0.127716011825
1551246	COLD	5.5502357138	0.209687381961
244	COLD	3.48604117792	0.134580653879
61130	COLD	8.87204287777	0.323396457181
165675	COLD	5.78675466746	0.218075574866
638014	COLD	10.7106408472	0.382538502946
356	COLD	4.25278705421	0.162877003077
7921	COLD	2.02298880078	0.0792825585561
93375	COLD	7.92344081901	0.291825266995
14296	COLD	3.84278823007	0.14780472065
2346	COLD	4.7037337571	0.179299305781
7410	COLD	1.24348639456	0.0491209524169
7695	COLD	5.80840841655	0.218841293329
6287	COLD	2.11717465247	0.0828940146952
7916	COLD	5.01919592835	0.190690906027
10895	SOUR	4.22806650669	0.161972041714
62444	SOUR	19.6423568006	0.63136539975
5541	SOUR	5.01002156019	0.190360735994
24020	SOUR	7.82944142674	0.288657595848
14328	SOUR	6.09693811637	0.229008462897
8048	SOUR	6.87654389262	0.256147013342
9609	SOUR	15.181876356	0.515079306365
2345	SOUR	9.42515124045	0.341472659256
887	SOUR	11.0684059862	0.393732395018
8125	SOUR	9.38101633593	0.340039266439
61386	SOUR	5.71722101872	0.215614194278
7136	SOUR	8.61129657775	0.31479009161
61204	SOUR	6.03437715868	0.22680960327
5363491	SOUR	7.25879835743	0.26927587286
520108	SOUR	12.8367590233	0.447557408044
6374	SOUR	13.9440654032	0.47998783214
8892	SOUR	9.99295162159	0.359774432019
11525	SOUR	3.10915135397	0.120499325302
6050	SOUR	4.8794626052	0.185654842082
33032	SOUR	9.92651176198	0.357646216175
89440	SOUR	9.4043917337	0.340798635796
18827	SOUR	9.72057280173	0.351027097832
6054	SOUR	4.55442879139	0.173880023009
5367706	SOUR	7.25791244704	0.269245580646
6569	SOUR	6.11831831545	0.229759205014
2758	SOUR	5.22653378697	0.198134689308
104721	SOUR	4.21407823129	0.161459747116
11419	SOUR	4.61494344315	0.176078656532
7122	SOUR	6.32452047238	0.236980995213
7969	SOUR	12.5456439394	0.438868484834
240	SOUR	5.57545057749	0.210583763443
650	SOUR	6.53826735308	0.244431118131
643820	SOUR	5.89360159943	0.221850248052
2214	SOUR	5.37412659462	0.203412569123
5610	SOUR	6.71724272902	0.250641169209
7194	SOUR	5.35065159758	0.202574274896
12748	SOUR	11.6179541439	0.41072742236
8467	SOUR	8.54370828745	0.312550350977
31260	SOUR	7.04817863304	0.262056416504
126	SOUR	4.95391060461	0.188339932073
6386	SOUR	6.29519085686	0.235955863105
9261	SOUR	12.0522416447	0.423987054324
7768	SOUR	9.62365762679	0.347900390624
7894	SOUR	4.99219506252	0.189718997884
325	SOUR	4.7623233909	0.181421046004
61252	SOUR	7.78524878027	0.287165911782
61199	SOUR	7.22211807965	0.268021127363
6137	SOUR	13.3460688939	0.462595733787
8914	SOUR	4.92866093204	0.187429757848
1549778	SOUR	10.7370959138	0.383369745088
638024	SOUR	4.84423100294	0.184382610514
8785	SOUR	9.499072302	0.34386994224
31210	SOUR	13.3905689689	0.463899823831
7803	SOUR	7.46260378538	0.276227969312
7915	SOUR	9.57697480452	0.346391613618
1551246	SOUR	7.22634180109	0.268165665713
244	SOUR	5.46438868332	0.20663172986
61130	SOUR	11.3767006893	0.403296300142
165675	SOUR	5.17508725444	0.196290878941
638014	SOUR	10.7485063268	0.383728097769
356	SOUR	4.73048014043	0.180268228674
7921	SOUR	8.85921749221	0.322974405859
93375	SOUR	9.95092596041	0.358428667428
14296	SOUR	7.59541979023	0.280740630893
2346	SOUR	7.84833040923	0.289294700284
7410	SOUR	4.34113357945	0.166107166876
7695	SOUR	5.83664744633	0.219839316488
6287	SOUR	8.83886375503	0.322304345209
7916	SOUR	12.0191669625	0.42298252871
10895	BURNT	2.37287239601	0.0926626864775
62444	BURNT	3.27328811693	0.126645758639
5541	BURNT	4.34328420671	0.166185721188
24020	BURNT	1.57274943585	0.0619205611187
14328	BURNT	6.74520051465	0.251608928593
8048	BURNT	2.34560430611	0.0916234284199
9609	BURNT	2.8171296066	0.109510696576
2345	BURNT	3.9095930589	0.150269755202
887	BURNT	2.72462089995	0.106015412379
8125	BURNT	3.85380409013	0.148211441219
61386	BURNT	4.55692620762	0.17397081772
7136	BURNT	5.53545472488	0.209161685391
61204	BURNT	3.81425949346	0.146750949545
5363491	BURNT	2.87357612957	0.111640069274
520108	BURNT	7.34065459671	0.272072099905
6374	BURNT	10.3046859903	0.36971281827
8892	BURNT	3.38975710755	0.130994103003
11525	BURNT	4.25649336757	0.163012640387
6050	BURNT	4.12940779289	0.158355508228
33032	BURNT	4.70856391544	0.179474326959
89440	BURNT	2.01609329015	0.0790178787443
18827	BURNT	3.89494944388	0.149729725287
6054	BURNT	4.90762059704	0.186670927912
5367706	BURNT	4.43727698065	0.169615308425
6569	BURNT	2.93551609391	0.113973741861
2758	BURNT	4.88848123589	0.185980349918
104721	BURNT	10.0566511387	0.361811552698
11419	BURNT	4.09709487133	0.157169320299
7122	BURNT	2.02234358354	0.0792577939136
7969	BURNT	13.2721671186	0.460426516734
240	BURNT	3.57141843972	0.13775472572
650	BURNT	6.20189690034	0.232690465949
643820	BURNT	4.02144636838	0.154389042378
2214	BURNT	9.26317623743	0.336204475895
5610	BURNT	3.60572880864	0.139028640249
7194	BURNT	2.97506621604	0.115462241046
12748	BURNT	9.0895244729	0.330533196859
8467	BURNT	10.1983642482	0.366331916593
31260	BURNT	2.96823798154	0.115205344575
126	BURNT	13.1738442079	0.45753369983
6386	BURNT	4.31532540517	0.165164202866
9261	BURNT	8.00654617165	0.294619934227
7768	BURNT	8.55434124639	0.312902948192
7894	BURNT	2.43566507684	0.095053617327
325	BURNT	10.238688667	0.367615248431
61252	BURNT	14.6551043637	0.500295340983
61199	BURNT	5.93069543034	0.223158557899
6137	BURNT	11.2310154147	0.398786333689
8914	BURNT	2.89063049013	0.112282921753
1549778	BURNT	1.64434686006	0.0646923237639
638024	BURNT	5.11130628014	0.19400207045
8785	BURNT	6.75768369175	0.252040832119
31210	BURNT	5.98705654102	0.225144323231
7803	BURNT	1.16994206773	0.0462501769326
7915	BURNT	4.894505469	0.186197745246
1551246	BURNT	1.5442684243	0.0608168309854
244	BURNT	5.97950821974	0.22487852137
61130	BURNT	3.70287257865	0.142630397013
165675	BURNT	9.61551488026	0.347637344645
638014	BURNT	4.37749686052	0.167434882915
356	BURNT	4.51418989547	0.172416431654
7921	BURNT	4.93120261926	0.187521401062
93375	BURNT	3.61780159335	0.139476668386
14296	BURNT	9.20873156154	0.334428967673
2346	BURNT	10.6366838583	0.380211736932
7410	BURNT	4.10953087157	0.157625937269
7695	BURNT	5.26342658825	0.19945559975
6287	BURNT	2.53444585843	0.0988084680136
7916	BURNT	2.96714248218	0.115164125483
10895	ACID	5.82313861443	0.219361967248
62444	ACID	6.75062287808	0.251796551426
5541	ACID	5.09261279056	0.193330629608
24020	ACID	7.76763085569	0.286570798583
14328	ACID	3.80342017658	0.146350405047
8048	ACID	4.1067023694	0.157522093036
9609	ACID	11.3356168283	0.402026189581
2345	ACID	5.11580860298	0.194163745054
887	ACID	4.38156029956	0.167583183719
8125	ACID	8.8532115876	0.322776721338
61386	ACID	4.4924966989	0.17162685732
7136	ACID	3.30916544692	0.127986387495
61204	ACID	5.82462093043	0.219414353624
5363491	ACID	5.9007095214	0.222101031714
520108	ACID	8.01394942325	0.294868622787
6374	ACID	7.14539930036	0.26539327955
8892	ACID	5.66998750189	0.213939996767
11525	ACID	7.5885457349	0.280507418848
6050	ACID	8.47402957754	0.310237512189
33032	ACID	3.97964018448	0.15285059298
89440	ACID	4.28275879867	0.163973542776
18827	ACID	5.17139556577	0.196158489792
6054	ACID	6.72088488404	0.250767277912
5367706	ACID	7.01350490872	0.260864495907
6569	ACID	10.0197372595	0.360631436482
2758	ACID	9.56724514049	0.346076933788
104721	ACID	6.31007174226	0.236476067533
11419	ACID	4.37063275071	0.167184337772
7122	ACID	6.3003202807	0.236135196972
7969	ACID	10.4964635368	0.375788242761
240	ACID	8.15025322459	0.299439477933
650	ACID	6.72174891033	0.250797193048
643820	ACID	3.2603774008	0.126163071714
2214	ACID	5.23495875802	0.198436433041
5610	ACID	3.755903398	0.144593411786
7194	ACID	3.1647947995	0.122585421531
12748	ACID	3.77479092585	0.14529201842
8467	ACID	3.97560827817	0.152702146654
31260	ACID	9.30034194528	0.337415133692
126	ACID	9.38248574637	0.340087014342
6386	ACID	5.709743455	0.215349270071
9261	ACID	3.94280622517	0.151493960635
7768	ACID	5.01207699205	0.190434713372
7894	ACID	7.93507511338	0.292216837713
325	ACID	5.77669991131	0.217719891706
61252	ACID	3.7024765541	0.14261572911
61199	ACID	8.51899975299	0.311730647403
6137	ACID	3.39556990123	0.131210838067
8914	ACID	10.0307015478	0.360982072496
1549778	ACID	5.99788500625	0.225525550431
638024	ACID	6.72049165455	0.250753662951
8785	ACID	4.38136767682	0.167576153985
31210	ACID	5.18139965026	0.196517225076
7803	ACID	9.57210867548	0.346234241221
7915	ACID	11.5039199148	0.407220727229
1551246	ACID	6.3636127132	0.238346281823
244	ACID	10.2342420743	0.367473798639
61130	ACID	6.59505998524	0.246404472926
165675	ACID	7.03672717379	0.261662875224
638014	ACID	3.10639780591	0.120396029305
356	ACID	7.3789094723	0.273377056892
7921	ACID	5.62644437394	0.212395024441
93375	ACID	5.55716813876	0.209933878461
14296	ACID	6.96020190056	0.259030311824
2346	ACID	3.26213595583	0.126228825836
7410	ACID	9.07674269383	0.330114804581
7695	ACID	3.36204739307	0.129960550653
6287	ACID	4.76727552778	0.181600254728
7916	ACID	5.64469379372	0.213042724539
10895	WARM	6.42733818133	0.240569256814
62444	WARM	8.51136724625	0.31147734089
5541	WARM	4.51737327602	0.172532266515
24020	WARM	7.9945835669	0.294217996113
14328	WARM	6.9401034882	0.258338124957
8048	WARM	4.31577968304	0.165180805613
9609	WARM	5.473038332	0.206939873847
2345	WARM	6.29704562259	0.236020711474
887	WARM	5.63675186573	0.212760885991
8125	WARM	3.99031448735	0.153243535611
61386	WARM	6.05971765642	0.227700635026
7136	WARM	6.55493756497	0.245010620007
61204	WARM	5.416267482	0.204916317905
5363491	WARM	4.84214385253	0.184307211266
520108	WARM	6.93323138448	0.258101376407
6374	WARM	4.86554347826	0.185152333795
8892	WARM	4.38270812575	0.167625072824
11525	WARM	9.89333561175	0.356582188659
6050	WARM	3.68899854081	0.142116457539
33032	WARM	3.02720950449	0.117422781226
89440	WARM	6.56969702466	0.245523513388
18827	WARM	5.77516011724	0.217665414938
6054	WARM	5.67430373488	0.214093060245
5367706	WARM	4.23846965823	0.162352936312
6569	WARM	4.51118379047	0.172307039942
2758	WARM	8.31779608813	0.30503755082
104721	WARM	6.35528669197	0.238055600104
11419	WARM	9.92793479232	0.357691835997
7122	WARM	7.36448979701	0.272885307892
7969	WARM	6.10782105969	0.229390651149
240	WARM	6.84054964539	0.254904738035
650	WARM	7.12540533057	0.264707652773
643820	WARM	6.86490421565	0.25574540467
2214	WARM	8.9567838886	0.326181764493
5610	WARM	4.87138886503	0.185363382811
7194	WARM	6.2766351652	0.235306947009
12748	WARM	4.2276299993	0.161956057808
8467	WARM	13.1114420804	0.455693717844
31260	WARM	4.72928527699	0.180224955387
126	WARM	8.20132526415	0.301148316131
6386	WARM	9.00403084326	0.32773220516
9261	WARM	1.86435965691	0.0731840515041
7768	WARM	4.92530212843	0.187308644715
7894	WARM	3.42842687075	0.132435430507
325	WARM	6.39470505002	0.23943130093
61252	WARM	6.60805964508	0.246855804894
61199	WARM	7.7133333443	0.28473512926
6137	WARM	5.30762504976	0.201036648523
8914	WARM	3.15861434344	0.122353835909
1549778	WARM	5.34874245558	0.202506079881
638024	WARM	5.61533105935	0.212000465212
8785	WARM	6.16629285841	0.23144244729
31210	WARM	4.41251011877	0.168712306532
7803	WARM	3.7495627313	0.144358820982
7915	WARM	3.46313713891	0.133728158019
1551246	WARM	5.56751802315	0.210301818151
244	WARM	6.76875273573	0.25242370399
61130	WARM	6.3869645453	0.239161255371
165675	WARM	5.78306389364	0.217945024546
638014	WARM	6.12660043746	0.23004992433
356	WARM	3.60618236658	0.139045474159
7921	WARM	7.39702100748	0.273994472385
93375	WARM	9.57696033281	0.346391145626
14296	WARM	7.11755799671	0.264438467134
2346	WARM	6.26468427369	0.234888863328
7410	WARM	8.99663080449	0.327489485847
7695	WARM	8.20406425314	0.301239902018
6287	WARM	6.84483964851	0.255052854015
7916	WARM	5.39565542529	0.204180978024
10895	MUSKY	2.87000388558	0.111505386502
62444	MUSKY	14.8100793035	0.504667792548
5541	MUSKY	5.89639179538	0.221948697333
24020	MUSKY	6.44656727352	0.241239399096
14328	MUSKY	3.28106345252	0.126936387149
8048	MUSKY	9.89030434891	0.356484925911
9609	MUSKY	6.88397667433	0.256403413032
2345	MUSKY	6.02151948525	0.226357300646
887	MUSKY	6.69224914045	0.249775486195
8125	MUSKY	6.20694618781	0.232867375121
61386	MUSKY	7.82952849808	0.288660533322
7136	MUSKY	10.4593869922	0.374615969188
61204	MUSKY	6.14986812654	0.230866373872
5363491	MUSKY	10.5815989052	0.378475862052
520108	MUSKY	13.2956235346	0.461115499315
6374	MUSKY	11.3733114395	0.403191572341
8892	MUSKY	15.127299016	0.513557890432
11525	MUSKY	8.15062130372	0.299451801094
6050	MUSKY	9.48366199083	0.343370541731
33032	MUSKY	12.2078554353	0.428701523681
89440	MUSKY	10.393373043	0.372526040436
18827	MUSKY	2.8963490378	0.112498426412
6054	MUSKY	10.6448397769	0.380468545524
5367706	MUSKY	8.32153446913	0.305162204397
6569	MUSKY	7.40945315416	0.274418127749
2758	MUSKY	2.56282828283	0.0998858957903
104721	MUSKY	4.16128972345	0.159525056073
11419	MUSKY	3.53109944616	0.136256512527
7122	MUSKY	2.94130151428	0.114191558732
7969	MUSKY	11.0880452606	0.394343911345
240	MUSKY	8.5602191445	0.313097825059
650	MUSKY	8.31788071564	0.305040372786
643820	MUSKY	6.45210630257	0.241432381807
2214	MUSKY	2.93845591389	0.114084427293
5610	MUSKY	6.95844481822	0.258969811014
7194	MUSKY	7.49643181437	0.277378676596
12748	MUSKY	12.1366273311	0.426546004056
8467	MUSKY	3.9411757135	0.151433882138
31260	MUSKY	6.74788327675	0.251701759583
126	MUSKY	3.70084750499	0.142555391298
6386	MUSKY	6.07751709379	0.228326198141
9261	MUSKY	10.9914641943	0.39133365372
7768	MUSKY	3.68537825059	0.141982324884
7894	MUSKY	7.34765892978	0.272311120492
325	MUSKY	6.19073960765	0.23229948155
61252	MUSKY	8.71623035046	0.318260145409
61199	MUSKY	11.3304166667	0.401865329931
6137	MUSKY	11.6827644643	0.412715784359
8914	MUSKY	6.88093344478	0.256298439762
1549778	MUSKY	4.15710159833	0.159371466454
638024	MUSKY	8.46990925741	0.310100625165
8785	MUSKY	5.30706327815	0.201016562871
31210	MUSKY	11.4389166652	0.405217140818
7803	MUSKY	7.56330920483	0.279650909742
7915	MUSKY	10.498075897	0.375839196865
1551246	MUSKY	6.39304696773	0.239373458896
244	MUSKY	12.6817338142	0.442938803555
61130	MUSKY	14.5597982398	0.497596839678
165675	MUSKY	4.41984555555	0.168979808328
638014	MUSKY	3.7266957821	0.143512526703
356	MUSKY	3.77731346822	0.145385299914
7921	MUSKY	10.7670360779	0.384309816756
93375	MUSKY	9.055608005	0.329422705664
14296	MUSKY	6.94360822359	0.258458850878
2346	MUSKY	8.88786551181	0.32391695913
7410	MUSKY	9.8701595312	0.355838361579
7695	MUSKY	4.67483927563	0.178251922124
6287	MUSKY	16.4876702881	0.550769502912
7916	MUSKY	12.1379199995	0.426585159213
10895	SWEATY	3.70988585553	0.142890132997
62444	SWEATY	6.40548396546	0.239807268686
5541	SWEATY	3.70766559214	0.142807910028
24020	SWEATY	2.33806620209	0.0913360266575
14328	SWEATY	0.88867730871	0.0352311934048
8048	SWEATY	3.87850826328	0.149123199992
9609	SWEATY	8.35424274973	0.306252361221
2345	SWEATY	0.377866299156	0.0150575387902
887	SWEATY	2.78015542684	0.108114511395
8125	SWEATY	3.48747491728	0.134634004172
61386	SWEATY	5.05048291429	0.191816365505
7136	SWEATY	2.03681139332	0.0798130154721
61204	SWEATY	3.31060836604	0.12804028354
5363491	SWEATY	7.39780232558	0.274021101324
520108	SWEATY	4.68668098819	0.178681248053
6374	SWEATY	7.45412393162	0.27593937183
8892	SWEATY	6.02606456618	0.226517200985
11525	SWEATY	3.95289194625	0.151865535955
6050	SWEATY	4.81744973705	0.183414860695
33032	SWEATY	5.61607622215	0.212026924033
89440	SWEATY	1.09447793864	0.0432999647625
18827	SWEATY	2.19263706357	0.0857824196257
6054	SWEATY	4.89187363219	0.186102774234
5367706	SWEATY	2.21715962457	0.0867200662625
6569	SWEATY	2.10913795702	0.082586133112
2758	SWEATY	3.48257421223	0.134451639232
104721	SWEATY	1.91260204082	0.0750408630061
11419	SWEATY	3.94898630505	0.151721655067
7122	SWEATY	1.40500613447	0.0554106284837
7969	SWEATY	5.75153247571	0.216829248701
240	SWEATY	6.25407801419	0.234517723844
650	SWEATY	3.97157112482	0.152553494113
643820	SWEATY	1.52267941574	0.0599797555882
2214	SWEATY	5.15793135436	0.195675551832
5610	SWEATY	3.71753512234	0.143173377939
7194	SWEATY	1.30658163265	0.051580403081
12748	SWEATY	7.98164848117	0.293783254256
8467	SWEATY	2.41730698692	0.0943549302493
31260	SWEATY	9.21944340166	0.334778481412
126	SWEATY	1.31766212761	0.0520119917112
6386	SWEATY	2.14705943432	0.0840384316871
9261	SWEATY	3.82246612323	0.147054146024
7768	SWEATY	1.84319753385	0.0723689504945
7894	SWEATY	3.53624629338	0.136447836596
325	SWEATY	0.723621552229	0.0287354108288
61252	SWEATY	6.03187213669	0.226721492878
61199	SWEATY	5.24823498965	0.198911811384
6137	SWEATY	3.98941141022	0.153210295049
8914	SWEATY	1.81912094258	0.0714411573016
1549778	SWEATY	1.22018004365	0.0482116660104
638024	SWEATY	6.07619872668	0.228279872681
8785	SWEATY	3.25027548545	0.125785303126
31210	SWEATY	2.81431079596	0.109404293736
7803	SWEATY	3.98198051891	0.152936753215
7915	SWEATY	0.578217120182	0.022994950792
1551246	SWEATY	3.56135945808	0.137381065847
244	SWEATY	1.2186526632	0.0481520608024
61130	SWEATY	7.51095988697	0.277872588109
165675	SWEATY	0.600521059489	0.0238765921624
638014	SWEATY	2.56582750504	0.0999997118872
356	SWEATY	4.17264111599	0.159941271086
7921	SWEATY	2.76174243989	0.107418809074
93375	SWEATY	6.8916288678	0.256667335331
14296	SWEATY	2.71159119646	0.105522557132
2346	SWEATY	4.27328818185	0.16362713052
7410	SWEATY	3.35619193914	0.129742067833
7695	SWEATY	3.66098203244	0.141078165521
6287	SWEATY	10.278423495	0.368878543982
7916	SWEATY	4.65088292547	0.177383032224
10895	AMMONIA/URINOUS	5.04734285977	0.191703446413
62444	AMMONIA/URINOUS	10.957213024	0.390264314057
5541	AMMONIA/URINOUS	2.78238378545	0.108198687606
24020	AMMONIA/URINOUS	3.94395429919	0.151536261762
14328	AMMONIA/URINOUS	1.95817770275	0.0767933241437
8048	AMMONIA/URINOUS	3.92413248921	0.150805773251
9609	AMMONIA/URINOUS	9.09965473778	0.330864702973
2345	AMMONIA/URINOUS	5.16885357474	0.196067324079
887	AMMONIA/URINOUS	5.35997928093	0.20290742008
8125	AMMONIA/URINOUS	6.60315501098	0.246685537999
61386	AMMONIA/URINOUS	3.22201794284	0.124728157864
7136	AMMONIA/URINOUS	9.61531963895	0.347631036854
61204	AMMONIA/URINOUS	3.56522469407	0.137524656915
5363491	AMMONIA/URINOUS	3.39657425098	0.131248283382
520108	AMMONIA/URINOUS	5.08546667523	0.193073878487
6374	AMMONIA/URINOUS	13.6164719681	0.47049555518
8892	AMMONIA/URINOUS	5.69312822937	0.214760445561
11525	AMMONIA/URINOUS	8.03200422105	0.295474932119
6050	AMMONIA/URINOUS	6.14908377961	0.230838858653
33032	AMMONIA/URINOUS	5.25907186279	0.199299739768
89440	AMMONIA/URINOUS	6.57160160162	0.24558968502
18827	AMMONIA/URINOUS	6.62120780551	0.247312155099
6054	AMMONIA/URINOUS	4.42704273784	0.169242226552
5367706	AMMONIA/URINOUS	2.89404641463	0.112411654725
6569	AMMONIA/URINOUS	5.81035153899	0.218909987557
2758	AMMONIA/URINOUS	9.30430040196	0.337544013691
104721	AMMONIA/URINOUS	2.00655444402	0.078651673466
11419	AMMONIA/URINOUS	10.8772790404	0.387765081887
7122	AMMONIA/URINOUS	6.24939197443	0.234353718957
7969	AMMONIA/URINOUS	5.28866907175	0.20035875465
240	AMMONIA/URINOUS	6.88855977923	0.256561488836
650	AMMONIA/URINOUS	5.7968370764	0.21843215502
643820	AMMONIA/URINOUS	4.85522728618	0.184779798647
2214	AMMONIA/URINOUS	2.8311038961	0.110038096136
5610	AMMONIA/URINOUS	7.70860774699	0.284575256521
7194	AMMONIA/URINOUS	3.49786070931	0.135020416556
12748	AMMONIA/URINOUS	12.6775070664	0.442812608489
8467	AMMONIA/URINOUS	4.7692917654	0.181673213039
31260	AMMONIA/URINOUS	11.2998946318	0.400920737795
126	AMMONIA/URINOUS	8.14232418819	0.299173990253
6386	AMMONIA/URINOUS	6.10506303119	0.229293803402
9261	AMMONIA/URINOUS	7.496044686	0.277365513066
7768	AMMONIA/URINOUS	8.30406502125	0.304579602499
7894	AMMONIA/URINOUS	9.14810488785	0.332449066298
325	AMMONIA/URINOUS	5.95292599245	0.223942108549
61252	AMMONIA/URINOUS	5.2886416595	0.200357774139
61199	AMMONIA/URINOUS	3.71496163582	0.143078089451
6137	AMMONIA/URINOUS	2.33221851403	0.0911130432823
8914	AMMONIA/URINOUS	9.60586154414	0.347325431363
1549778	AMMONIA/URINOUS	2.99096471593	0.116060240664
638024	AMMONIA/URINOUS	4.92881125966	0.187435178213
8785	AMMONIA/URINOUS	5.07084999969	0.1925485921
31210	AMMONIA/URINOUS	11.3419813195	0.402223036678
7803	AMMONIA/URINOUS	2.68168625627	0.10439087378
7915	AMMONIA/URINOUS	5.29022015517	0.200414234491
1551246	AMMONIA/URINOUS	5.52116751882	0.208653384444
244	AMMONIA/URINOUS	5.69056890398	0.214669726379
61130	AMMONIA/URINOUS	7.2182554697	0.267888933978
165675	AMMONIA/URINOUS	6.20831729178	0.232915410233
638014	AMMONIA/URINOUS	4.52695869837	0.172881005912
356	AMMONIA/URINOUS	5.97947220284	0.224877252984
7921	AMMONIA/URINOUS	4.55259887078	0.17381349224
93375	AMMONIA/URINOUS	6.7366448113	0.251312839127
14296	AMMONIA/URINOUS	6.46157309958	0.241762153215
2346	AMMONIA/URINOUS	8.72709142862	0.318618807224
7410	AMMONIA/URINOUS	9.27002105005	0.336427525895
7695	AMMONIA/URINOUS	5.08478675792	0.193049447768
6287	AMMONIA/URINOUS	4.70106017881	0.17920242043
7916	AMMONIA/URINOUS	5.97879227053	0.224853308016
10895	DECAYED	2.22187299212	0.0869002318475
62444	DECAYED	17.2611309524	0.571266581393
5541	DECAYED	1.787821366	0.0702343325455
24020	DECAYED	3.59705636067	0.138706728642
14328	DECAYED	5.63089532048	0.212553019975
8048	DECAYED	4.22211871454	0.161754234006
9609	DECAYED	10.561294949	0.37783541756
2345	DECAYED	2.91691691199	0.113273314771
887	DECAYED	5.48781238299	0.207466061419
8125	DECAYED	5.18984768362	0.196820099753
61386	DECAYED	3.07200467407	0.119105301876
7136	DECAYED	3.48195422469	0.134428566899
61204	DECAYED	2.10203346484	0.0823139207188
5363491	DECAYED	3.74889895192	0.144334260736
520108	DECAYED	7.42116717454	0.274817198089
6374	DECAYED	12.3817800453	0.433947810977
8892	DECAYED	7.60788518736	0.281163440685
11525	DECAYED	3.26588193292	0.126368883397
6050	DECAYED	1.59861829354	0.0629224995621
33032	DECAYED	3.87439666239	0.148971486697
89440	DECAYED	2.0756002401	0.0813007630614
18827	DECAYED	3.7626768457	0.14484397901
6054	DECAYED	4.50241050321	0.171987739992
5367706	DECAYED	3.63514088209	0.14011993559
6569	DECAYED	4.83361013959	0.183998890791
2758	DECAYED	3.18993596681	0.123527162083
104721	DECAYED	4.80208483456	0.182859385879
11419	DECAYED	2.75474301289	0.107154276889
7122	DECAYED	1.47340539189	0.058067846296
7969	DECAYED	11.9049596334	0.419507159785
240	DECAYED	1.20120926094	0.0474712089624
650	DECAYED	5.55420405983	0.209828489298
643820	DECAYED	3.93174171843	0.151086231561
2214	DECAYED	5.25211441041	0.199050694104
5610	DECAYED	3.33862039393	0.129086261303
7194	DECAYED	2.96265209368	0.114995160776
12748	DECAYED	5.48714729371	0.207442377579
8467	DECAYED	1.71835864426	0.0675532431983
31260	DECAYED	7.72909384499	0.285268197134
126	DECAYED	2.57788248291	0.100457108078
6386	DECAYED	3.42925536881	0.132466297799
9261	DECAYED	2.24199959838	0.0876693590556
7768	DECAYED	2.42157579263	0.0945174199774
7894	DECAYED	2.60086230643	0.101328698362
325	DECAYED	3.46732241709	0.133883966786
61252	DECAYED	10.0129449628	0.360414171782
61199	DECAYED	7.6167990018	0.281465709258
6137	DECAYED	10.4683748751	0.374900245995
8914	DECAYED	2.60322849214	0.101418420252
1549778	DECAYED	5.73055515912	0.216086501392
638024	DECAYED	1.37363662132	0.0541907138257
8785	DECAYED	2.41896452416	0.0944180252187
31210	DECAYED	4.88772796721	0.185953164816
7803	DECAYED	4.17113186098	0.159885938039
7915	DECAYED	3.55591220546	0.137178683573
1551246	DECAYED	3.64839677131	0.140611551252
244	DECAYED	8.18414731179	0.300573785583
61130	DECAYED	2.13785714286	0.0836861124489
165675	DECAYED	2.65358708238	0.103326873534
638014	DECAYED	2.49363022869	0.0972579324605
356	DECAYED	3.03978547964	0.117895300881
7921	DECAYED	2.34728495584	0.0916874995679
93375	DECAYED	1.92090778588	0.0753603567463
14296	DECAYED	3.06614512471	0.118885306618
2346	DECAYED	10.5465362473	0.377369679167
7410	DECAYED	6.19732093561	0.232530122713
7695	DECAYED	3.60683637284	0.139069747466
6287	DECAYED	4.44808475057	0.170009206843
7916	DECAYED	4.17474200206	0.160018291769
10895	WOOD	1.35783730159	0.0535760032085
62444	WOOD	1.78828595857	0.0702522516749
5541	WOOD	2.87212912254	0.111585514623
24020	WOOD	0.94551520963	0.0374630087805
14328	WOOD	2.65700789993	0.103456439605
8048	WOOD	2.84974037706	0.110741206996
9609	WOOD	2.19763948279	0.0859737315931
2345	WOOD	1.93986466549	0.0760893566514
887	WOOD	1.47919169919	0.0582924647346
8125	WOOD	3.75260723576	0.144471465004
61386	WOOD	5.40572275551	0.204540174816
7136	WOOD	1.54140758151	0.0607059283273
61204	WOOD	3.45443665298	0.133404213084
5363491	WOOD	1.77640905742	0.069794110641
520108	WOOD	4.56580635842	0.174293619256
6374	WOOD	2.75328804348	0.107099283719
8892	WOOD	3.72987596876	0.143630248853
11525	WOOD	7.26497158073	0.269486938402
6050	WOOD	3.81464985994	0.146765372976
33032	WOOD	3.90992755723	0.150282088888
89440	WOOD	7.04531882474	0.261958146053
18827	WOOD	2.84796595416	0.110674274136
6054	WOOD	3.47790261547	0.134277781978
5367706	WOOD	2.77304217355	0.107845781783
6569	WOOD	2.82880527211	0.109951355177
2758	WOOD	5.00017604862	0.190006337738
104721	WOOD	5.41393428839	0.204833097744
11419	WOOD	8.10286288455	0.297851960612
7122	WOOD	1.53412396874	0.0604235442089
7969	WOOD	3.75081498498	0.144405154178
240	WOOD	5.37843742438	0.203566461324
650	WOOD	2.14665404009	0.0840229121764
643820	WOOD	5.28323135198	0.200164240672
2214	WOOD	3.76869795352	0.145066684435
5610	WOOD	7.59752390138	0.280812008282
7194	WOOD	2.70386054422	0.105230077032
12748	WOOD	5.48386016655	0.207325317731
8467	WOOD	2.11953072506	0.0829842648048
31260	WOOD	4.15245323129	0.159200982116
126	WOOD	4.24288699523	0.162514643787
6386	WOOD	4.21591961492	0.161527193317
9261	WOOD	4.16853305969	0.15979065524
7768	WOOD	3.02562713602	0.117363317614
7894	WOOD	7.68804112554	0.283879254482
325	WOOD	4.35128970461	0.166478099347
61252	WOOD	3.11803010566	0.12083235953
61199	WOOD	5.07608550988	0.192736762754
6137	WOOD	4.06443483335	0.155969541128
8914	WOOD	2.6029707509	0.101408647344
1549778	WOOD	4.14055298325	0.158764447727
638024	WOOD	4.99662757103	0.189878588008
8785	WOOD	2.60339598397	0.101424771099
31210	WOOD	3.03675656515	0.117781506432
7803	WOOD	0.438783240569	0.0174743173299
7915	WOOD	2.18351596023	0.0854335416297
1551246	WOOD	4.87473102878	0.18548404011
244	WOOD	3.79203214883	0.145929482826
61130	WOOD	3.31296768707	0.128128405525
165675	WOOD	4.42774914061	0.169267980643
638014	WOOD	7.90394351588	0.291168811394
356	WOOD	5.1484335592	0.195334795122
7921	WOOD	5.38772527303	0.203897977474
93375	WOOD	3.7633157411	0.144867611497
14296	WOOD	6.18859405401	0.232224283614
2346	WOOD	3.16202092008	0.122481486284
7410	WOOD	4.54041381751	0.173370409647
7695	WOOD	2.33525413712	0.0912288007307
6287	WOOD	5.28552617058	0.200246332063
7916	WOOD	4.94172943252	0.187900901387
10895	GRASS	1.70544937688	0.0670545520442
62444	GRASS	2.11177982901	0.0826873475421
5541	GRASS	2.31976665813	0.0906381393861
24020	GRASS	1.82966587617	0.0718475641594
14328	GRASS	2.74096799448	0.106633557561
8048	GRASS	6.09823628439	0.229054057063
9609	GRASS	0.474444444444	0.0188877387654
2345	GRASS	2.27713000626	0.0890110718241
887	GRASS	3.41296520284	0.131859275523
8125	GRASS	4.75195493639	0.181045767169
61386	GRASS	3.82729744835	0.147232615631
7136	GRASS	2.86496033774	0.111315214415
61204	GRASS	3.3426273043	0.129235829254
5363491	GRASS	4.89359225865	0.186164792269
520108	GRASS	5.38155926522	0.203677898559
6374	GRASS	3.63099027409	0.139965974816
8892	GRASS	2.44369040156	0.0953589669509
11525	GRASS	2.63728070175	0.10270912827
6050	GRASS	1.93536727097	0.0759164322492
33032	GRASS	0.951920163612	0.0377143457453
89440	GRASS	6.4160868893	0.240177007184
18827	GRASS	3.94219336219	0.151471379086
6054	GRASS	2.44269902438	0.0953212495655
5367706	GRASS	4.47931103387	0.17114675042
6569	GRASS	2.09861101884	0.0821827734703
2758	GRASS	8.35072665429	0.30613521191
104721	GRASS	2.9618263198	0.114964086732
11419	GRASS	2.34680451128	0.0916691838854
7122	GRASS	0.611275217498	0.0243015457433
7969	GRASS	2.66269174336	0.103671698806
240	GRASS	2.82620463079	0.109853212186
650	GRASS	2.34509614003	0.0916040552387
643820	GRASS	7.86534090909	0.289868201317
2214	GRASS	2.66447417948	0.103739198118
5610	GRASS	1.99343357425	0.0781478320039
7194	GRASS	0.588292682927	0.0233932720048
12748	GRASS	5.89307517367	0.221831672946
8467	GRASS	1.49352763628	0.0588488555309
31260	GRASS	3.06930970867	0.119004123512
126	GRASS	0.594912118409	0.0236549165649
6386	GRASS	2.01558826606	0.0789984922191
9261	GRASS	1.8210106383	0.0715139936339
7768	GRASS	4.79632172435	0.18265098814
7894	GRASS	1.78541666667	0.0701415815974
325	GRASS	2.43627013795	0.0950766406438
61252	GRASS	2.51647282674	0.0981258588743
61199	GRASS	1.12935400108	0.0446639838594
6137	GRASS	3.5638952929	0.137475271853
8914	GRASS	3.16989398673	0.122776468315
1549778	GRASS	2.2955	0.0897122719
638024	GRASS	5.49049767276	0.207561681033
8785	GRASS	4.1859617347	0.16042955913
31210	GRASS	3.99562938237	0.15343915363
7803	GRASS	5.09725477327	0.193497388441
7915	GRASS	2.26567126499	0.0885735440871
1551246	GRASS	3.85051759835	0.148090109624
244	GRASS	2.56767169634	0.100069692678
61130	GRASS	6.53254209915	0.244232041455
165675	GRASS	4.34261956298	0.166161444652
638014	GRASS	6.41595735505	0.240172490689
356	GRASS	2.73798942566	0.106520942588
7921	GRASS	2.29414675122	0.0896606263225
93375	GRASS	3.14743970316	0.121935037452
14296	GRASS	3.20336325322	0.124029915676
2346	GRASS	7.97107164661	0.293427672586
7410	GRASS	1.93932841034	0.0760687385405
7695	GRASS	4.35825085034	0.166732293824
6287	GRASS	2.07679255813	0.0813464753933
7916	GRASS	3.54951490399	0.136940973738
10895	FLOWER	7.79777515961	0.287588887408
62444	FLOWER	3.26957764801	0.126507050722
5541	FLOWER	6.46446775447	0.241862972839
24020	FLOWER	8.69688345014	0.317621025307
14328	FLOWER	9.29211990904	0.3371473994
8048	FLOWER	6.13936043836	0.230497718897
9609	FLOWER	2.05805583306	0.0806279957975
2345	FLOWER	14.4931684793	0.495705966145
887	FLOWER	2.19699134031	0.0859489452325
8125	FLOWER	10.6118818449	0.379430459281
61386	FLOWER	6.70279635259	0.250140862526
7136	FLOWER	9.14118457157	0.332222880714
61204	FLOWER	7.95507561766	0.292889733473
5363491	FLOWER	6.06840370977	0.228005938957
520108	FLOWER	1.87357334131	0.0735388228262
6374	FLOWER	2.60885265701	0.101631661406
8892	FLOWER	3.16739065342	0.122682680716
11525	FLOWER	1.99114579928	0.0780599673336
6050	FLOWER	8.48361070661	0.310555768016
33032	FLOWER	3.33454710145	0.128934202309
89440	FLOWER	6.86420989067	0.255721444658
18827	FLOWER	6.70706583621	0.250288740596
6054	FLOWER	9.15660904255	0.332726966039
5367706	FLOWER	7.66180624817	0.282990939933
6569	FLOWER	2.20923917985	0.0864172720925
2758	FLOWER	6.44214473534	0.241085297897
104721	FLOWER	2.34854447098	0.0917355143862
11419	FLOWER	2.34821172249	0.091722829582
7122	FLOWER	13.1626453993	0.457203722409
7969	FLOWER	3.21790904489	0.124574386347
240	FLOWER	3.04282781491	0.118009592152
650	FLOWER	4.17699312408	0.16010081634
643820	FLOWER	11.4854856588	0.406652874024
2214	FLOWER	7.25747903812	0.269230760729
5610	FLOWER	6.05022458629	0.227366896434
7194	FLOWER	14.6857886217	0.50116258989
12748	FLOWER	2.65901455055	0.10353243867
8467	FLOWER	4.14090086104	0.158777210465
31260	FLOWER	1.77222222222	0.0696325802468
126	FLOWER	3.60067338508	0.138840995873
6386	FLOWER	11.6596173265	0.412006022579
9261	FLOWER	3.07533286156	0.119230245579
7768	FLOWER	2.21617918313	0.0866825872567
7894	FLOWER	1.38827561328	0.0547601008596
325	FLOWER	4.60382657519	0.175674975354
61252	FLOWER	1.75155783309	0.0688351313866
61199	FLOWER	1.65865550401	0.0652457649279
6137	FLOWER	1.83621019136	0.0720997405078
8914	FLOWER	6.38902902851	0.23923328437
1549778	FLOWER	7.56493200328	0.279706001646
638024	FLOWER	7.0126301192	0.260834412292
8785	FLOWER	16.3573800118	0.547269648133
31210	FLOWER	10.2843542992	0.369066994629
7803	FLOWER	8.16989416284	0.300096898261
7915	FLOWER	2.87921865716	0.111852786256
1551246	FLOWER	11.3671818249	0.403002143939
244	FLOWER	7.51104812322	0.277875587365
61130	FLOWER	7.01016685499	0.260749698466
165675	FLOWER	4.75361527945	0.181105867888
638014	FLOWER	4.88867981743	0.185987516554
356	FLOWER	9.03994137129	0.328909438853
7921	FLOWER	1.55661656992	0.0612954407385
93375	FLOWER	4.56876406268	0.174401120483
14296	FLOWER	3.29826349242	0.127579122871
2346	FLOWER	6.73265462923	0.251174729827
7410	FLOWER	6.41761157718	0.240230167745
7695	FLOWER	9.46790925722	0.342859848008
6287	FLOWER	2.94523675727	0.114339702468
7916	FLOWER	5.11140633446	0.194005663492
10895	CHEMICAL	22.0949612798	0.688523525611
62444	CHEMICAL	19.3143075038	0.623355310412
5541	CHEMICAL	6.1694754961	0.231554048685
24020	CHEMICAL	25.7108672411	0.764015211928
14328	CHEMICAL	8.61454119065	0.314897519656
8048	CHEMICAL	15.6101483703	0.526935241956
9609	CHEMICAL	25.1526155683	0.753042994762
2345	CHEMICAL	12.9469202898	0.450827713597
887	CHEMICAL	10.4900350288	0.375585067188
8125	CHEMICAL	31.8980569693	0.868927863406
61386	CHEMICAL	12.0599536929	0.424221154487
7136	CHEMICAL	9.67935707962	0.349698301795
61204	CHEMICAL	12.004484378	0.422536317048
5363491	CHEMICAL	9.46886786437	0.342890931122
520108	CHEMICAL	12.4395909808	0.435686269724
6374	CHEMICAL	18.1872106974	0.595178574715
8892	CHEMICAL	21.6439010222	0.678372660304
11525	CHEMICAL	20.4914325481	0.651697778774
6050	CHEMICAL	12.1341167106	0.426469953085
33032	CHEMICAL	9.40052420968	0.340673026221
89440	CHEMICAL	22.2107081391	0.691102103147
18827	CHEMICAL	22.1235323284	0.689161020061
6054	CHEMICAL	16.2638260085	0.544748225766
5367706	CHEMICAL	16.6371095389	0.554767016031
6569	CHEMICAL	15.5173133118	0.524377727507
2758	CHEMICAL	32.4580050505	0.876911365277
104721	CHEMICAL	11.2195822952	0.398431681057
11419	CHEMICAL	20.6034678753	0.654337559616
7122	CHEMICAL	26.0178128423	0.769941879653
7969	CHEMICAL	25.5154866263	0.760203441942
240	CHEMICAL	24.8790797054	0.747575745421
650	CHEMICAL	16.8961738299	0.561654677161
643820	CHEMICAL	24.0978571429	0.731631598164
2214	CHEMICAL	22.1408396783	0.689546874467
5610	CHEMICAL	14.3097009336	0.490481021019
7194	CHEMICAL	11.6756475225	0.412497602873
12748	CHEMICAL	10.7166715758	0.382728043168
8467	CHEMICAL	13.5553758308	0.468715747665
31260	CHEMICAL	32.2771994862	0.874360936779
126	CHEMICAL	13.6863761823	0.47252829009
6386	CHEMICAL	13.7967204426	0.475729019716
9261	CHEMICAL	9.96025477954	0.358727521072
7768	CHEMICAL	25.1041374005	0.752078410171
7894	CHEMICAL	23.1295634921	0.71119185675
325	CHEMICAL	18.7998580179	0.610620456119
61252	CHEMICAL	19.3386981745	0.623953828145
61199	CHEMICAL	18.3304685052	0.598816309959
6137	CHEMICAL	8.25966031957	0.303097617345
8914	CHEMICAL	30.716331586	0.851256052999
1549778	CHEMICAL	20.0523271704	0.641254756836
638024	CHEMICAL	12.3458047478	0.432864631963
8785	CHEMICAL	11.452415875	0.405633503251
31210	CHEMICAL	26.3358963248	0.776004078899
7803	CHEMICAL	16.6639676202	0.555483578069
7915	CHEMICAL	19.7937547937	0.635033100214
1551246	CHEMICAL	10.9276149777	0.389339491466
244	CHEMICAL	23.2228853122	0.713194451598
61130	CHEMICAL	15.3920901925	0.520917031504
165675	CHEMICAL	23.5501660811	0.720162514265
638014	CHEMICAL	14.0562880161	0.483219827527
356	CHEMICAL	27.9917680423	0.806255090439
7921	CHEMICAL	23.3942749586	0.716854158009
93375	CHEMICAL	14.2497217626	0.488767042379
14296	CHEMICAL	15.4403726302	0.522252862424
2346	CHEMICAL	12.11598372	0.425920524199
7410	CHEMICAL	19.6332406681	0.63114397107
7695	CHEMICAL	9.84173412854	0.354925472879
6287	CHEMICAL	11.4206661587	0.404654000144
7916	CHEMICAL	20.9275852624	0.661917880529
