#oID	descriptor	value	sigma
10895	INTENSITY/STRENGTH	55.4551020408	0.98809674469
62444	INTENSITY/STRENGTH	78.4755102041	0.675658127447
5541	INTENSITY/STRENGTH	19.8816326531	0.637153579342
24020	INTENSITY/STRENGTH	66.7908163265	0.887227394835
14328	INTENSITY/STRENGTH	48.2653061225	0.998796334861
8048	INTENSITY/STRENGTH	33.2265306123	0.887460289879
2345	INTENSITY/STRENGTH	41.6346938776	0.972008661391
887	INTENSITY/STRENGTH	27.1714285714	0.791542530612
8125	INTENSITY/STRENGTH	64.1816326531	0.919552518117
61386	INTENSITY/STRENGTH	11.3285714286	0.401808244898
7136	INTENSITY/STRENGTH	44.9979591837	0.989991835069
61204	INTENSITY/STRENGTH	40.0755102041	0.960601800916
5363491	INTENSITY/STRENGTH	57.5428571429	0.977242122449
520108	INTENSITY/STRENGTH	68.7448979592	0.8594515202
6374	INTENSITY/STRENGTH	18.4367346939	0.601504113286
8892	INTENSITY/STRENGTH	47.9510204082	0.998320673053
11525	INTENSITY/STRENGTH	50.4663265306	0.999913015827
6050	INTENSITY/STRENGTH	19.7795918367	0.634690772178
33032	INTENSITY/STRENGTH	9.08367346939	0.330341689296
89440	INTENSITY/STRENGTH	37.9408163265	0.941830435652
18827	INTENSITY/STRENGTH	64.2204081633	0.919111996668
6054	INTENSITY/STRENGTH	69.4857142857	0.84812277551
5367706	INTENSITY/STRENGTH	49.0918367347	0.999670095793
6569	INTENSITY/STRENGTH	40.5816326531	0.964517742607
2758	INTENSITY/STRENGTH	43.4581632653	0.982881748855
104721	INTENSITY/STRENGTH	74.2224489796	0.765309186172
11419	INTENSITY/STRENGTH	54.8346938775	0.990650294044
7122	INTENSITY/STRENGTH	48.1244897959	0.99859298459
240	INTENSITY/STRENGTH	69.8775510204	0.841953186172
650	INTENSITY/STRENGTH	11.9387755102	0.420537276135
643820	INTENSITY/STRENGTH	63.3510204082	0.928700101624
2214	INTENSITY/STRENGTH	46.8244897959	0.995966453978
5610	INTENSITY/STRENGTH	53.5632653061	0.994921256143
7194	INTENSITY/STRENGTH	12.8653061224	0.448405804248
12748	INTENSITY/STRENGTH	59.0367346939	0.967334970429
8467	INTENSITY/STRENGTH	45.5591836735	0.992111660142
31260	INTENSITY/STRENGTH	61.1163265306	0.950570913786
126	INTENSITY/STRENGTH	66.5591836735	0.890317374427
6386	INTENSITY/STRENGTH	23.3673469388	0.716280716369
9261	INTENSITY/STRENGTH	30.4775510204	0.847549594336
7768	INTENSITY/STRENGTH	48.7183673469	0.999342967097
325	INTENSITY/STRENGTH	67.8326530612	0.872798593919
61252	INTENSITY/STRENGTH	43.55	0.983359
6137	INTENSITY/STRENGTH	48.3448979592	0.998904254894
8914	INTENSITY/STRENGTH	54.8448979592	0.990610785506
1549778	INTENSITY/STRENGTH	30.9867346939	0.85539829696
638024	INTENSITY/STRENGTH	25.5510204082	0.760898958767
8785	INTENSITY/STRENGTH	52.2693877551	0.997939951687
31210	INTENSITY/STRENGTH	39.5877551021	0.956634062474
7803	INTENSITY/STRENGTH	69.6530612245	0.845502873803
7915	INTENSITY/STRENGTH	27.4836734694	0.797206015827
1551246	INTENSITY/STRENGTH	61.0979591837	0.950734120783
244	INTENSITY/STRENGTH	71.2224489796	0.819843063723
165675	INTENSITY/STRENGTH	34.9918367347	0.909902014161
638014	INTENSITY/STRENGTH	48.9326530612	0.999544308205
356	INTENSITY/STRENGTH	47.618367347	0.997731130362
7921	INTENSITY/STRENGTH	35.8612244898	0.920038010829
93375	INTENSITY/STRENGTH	65.2571428571	0.906887836735
14296	INTENSITY/STRENGTH	59.6602040816	0.96267218284
2346	INTENSITY/STRENGTH	68.0285714286	0.869988244898
7410	INTENSITY/STRENGTH	75.7979591837	0.733786120783
7695	INTENSITY/STRENGTH	41.0734693878	0.968126820491
6287	INTENSITY/STRENGTH	27.5775510204	0.798893512703
10895	VALENCE/PLEASANTNESS	54.2703631337	0.992705599483
62444	VALENCE/PLEASANTNESS	29.5770321111	0.833160953044
5541	VALENCE/PLEASANTNESS	47.0085474086	0.996420484557
24020	VALENCE/PLEASANTNESS	54.5313054355	0.99178690842
14328	VALENCE/PLEASANTNESS	43.9571056251	0.985393371029
8048	VALENCE/PLEASANTNESS	52.0286613889	0.998353813188
9609	VALENCE/PLEASANTNESS	33.5929958899	0.892324086452
2345	VALENCE/PLEASANTNESS	42.7944663775	0.979232114086
887	VALENCE/PLEASANTNESS	41.8965778035	0.973733819482
8125	VALENCE/PLEASANTNESS	35.4742354749	0.915600865985
61386	VALENCE/PLEASANTNESS	41.6056538208	0.97181398089
7136	VALENCE/PLEASANTNESS	52.6630947858	0.997163170465
61204	VALENCE/PLEASANTNESS	54.7006072168	0.991161716717
5363491	VALENCE/PLEASANTNESS	44.8865558902	0.989541075735
520108	VALENCE/PLEASANTNESS	40.5933134063	0.964605698931
6374	VALENCE/PLEASANTNESS	28.4900146159	0.814928211511
8892	VALENCE/PLEASANTNESS	39.7902864565	0.958304699744
11525	VALENCE/PLEASANTNESS	38.4197426408	0.946359055798
6050	VALENCE/PLEASANTNESS	44.4153254606	0.987524564115
33032	VALENCE/PLEASANTNESS	39.0966608714	0.952446878339
89440	VALENCE/PLEASANTNESS	49.1788545604	0.999730288067
18827	VALENCE/PLEASANTNESS	40.7061336833	0.965449619555
6054	VALENCE/PLEASANTNESS	38.7121873769	0.949034114475
5367706	VALENCE/PLEASANTNESS	41.9386316419	0.974005736078
6569	VALENCE/PLEASANTNESS	46.1842217918	0.994175934666
2758	VALENCE/PLEASANTNESS	45.8594803851	0.993142438927
104721	VALENCE/PLEASANTNESS	54.2599738566	0.992741049097
11419	VALENCE/PLEASANTNESS	36.4069696979	0.926091810883
7122	VALENCE/PLEASANTNESS	52.3810851217	0.997732173457
7969	VALENCE/PLEASANTNESS	26.4375221184	0.777923854432
240	VALENCE/PLEASANTNESS	46.4831124861	0.995052600886
650	VALENCE/PLEASANTNESS	38.8925204959	0.950649559627
643820	VALENCE/PLEASANTNESS	52.4836025781	0.997532687294
2214	VALENCE/PLEASANTNESS	56.1882812559	0.984682070039
5610	VALENCE/PLEASANTNESS	38.9732117734	0.951363976562
7194	VALENCE/PLEASANTNESS	41.2727251245	0.969533869299
12748	VALENCE/PLEASANTNESS	37.4776202697	0.937276002356
8467	VALENCE/PLEASANTNESS	64.6527557316	0.914118699788
31260	VALENCE/PLEASANTNESS	34.3607366251	0.902165376437
126	VALENCE/PLEASANTNESS	51.0886630965	0.999525925065
6386	VALENCE/PLEASANTNESS	49.0295727677	0.999623308395
9261	VALENCE/PLEASANTNESS	45.5512106943	0.992083309485
7768	VALENCE/PLEASANTNESS	36.5112302909	0.927221236694
7894	VALENCE/PLEASANTNESS	43.9650934975	0.985431961402
325	VALENCE/PLEASANTNESS	39.7991837941	0.958377339493
61252	VALENCE/PLEASANTNESS	37.5772603968	0.938270216301
61199	VALENCE/PLEASANTNESS	46.8297322765	0.995979761025
6137	VALENCE/PLEASANTNESS	38.7240384828	0.949141076746
8914	VALENCE/PLEASANTNESS	40.5097553915	0.963974102909
1549778	VALENCE/PLEASANTNESS	49.0074155384	0.999605910435
638024	VALENCE/PLEASANTNESS	60.6893585657	0.954295045381
8785	VALENCE/PLEASANTNESS	57.5914642482	0.976947868227
31210	VALENCE/PLEASANTNESS	45.1480289606	0.990583350813
7803	VALENCE/PLEASANTNESS	50.7289656027	0.99978744366
7915	VALENCE/PLEASANTNESS	31.3836496265	0.861372599509
1551246	VALENCE/PLEASANTNESS	55.8395855217	0.986359696374
244	VALENCE/PLEASANTNESS	39.3553029264	0.954676169684
61130	VALENCE/PLEASANTNESS	40.3051757454	0.962404153069
165675	VALENCE/PLEASANTNESS	49.2493044318	0.999774582466
638014	VALENCE/PLEASANTNESS	53.2983025772	0.995648480044
356	VALENCE/PLEASANTNESS	43.9904998609	0.985554363231
7921	VALENCE/PLEASANTNESS	50.1045999937	0.999995623537
93375	VALENCE/PLEASANTNESS	50.7941968194	0.999747700565
14296	VALENCE/PLEASANTNESS	41.8836190734	0.973649744262
2346	VALENCE/PLEASANTNESS	37.1903117066	0.934364754331
7410	VALENCE/PLEASANTNESS	46.7506360522	0.995776653574
7695	VALENCE/PLEASANTNESS	48.4016764184	0.998978144691
6287	VALENCE/PLEASANTNESS	30.9337765968	0.854591650056
7916	VALENCE/PLEASANTNESS	34.7763790158	0.907296545652
10895	BAKERY	3.1620014245	0.122480755777
62444	BAKERY	1.33518157201	0.0526941789484
5541	BAKERY	3.26425827423	0.126308178137
24020	BAKERY	5.5929850015	0.211206807569
14328	BAKERY	9.04007206006	0.328913721262
8048	BAKERY	5.49938636096	0.2078781543
9609	BAKERY	1.33498296304	0.0526864467171
2345	BAKERY	2.08758363633	0.0817601432776
887	BAKERY	7.34034051182	0.272061380941
8125	BAKERY	0.692718292693	0.0275167882545
61386	BAKERY	3.14321276862	0.121776596141
7136	BAKERY	10.3122094953	0.369951713943
61204	BAKERY	2.23051645754	0.0872305768345
5363491	BAKERY	2.21864185682	0.0867767255973
520108	BAKERY	10.0550196973	0.361759419448
6374	BAKERY	0.870792620078	0.0345283928883
8892	BAKERY	2.07340638254	0.0812166496907
11525	BAKERY	1.60451350539	0.0631507547801
6050	BAKERY	3.0062422149	0.116634691694
33032	BAKERY	3.89910138304	0.149882858684
89440	BAKERY	1.54475919913	0.060835855572
18827	BAKERY	0.909022995609	0.0360303907017
6054	BAKERY	3.47524188859	0.13417875307
5367706	BAKERY	1.32695392823	0.052373834438
6569	BAKERY	2.82755758808	0.109904270757
2758	BAKERY	2.17602247938	0.0851468696427
104721	BAKERY	6.20941279739	0.23295378898
11419	BAKERY	1.25159596166	0.049437241486
7122	BAKERY	4.12879732328	0.158333105996
7969	BAKERY	3.07378815701	0.119172256827
240	BAKERY	4.2025196512	0.16103631748
650	BAKERY	7.55200815833	0.279267195444
643820	BAKERY	1.90335693896	0.0746851705034
2214	BAKERY	5.42399260432	0.205191825864
5610	BAKERY	1.3423159685	0.0529719138762
7194	BAKERY	2.21390890614	0.0865957991875
12748	BAKERY	8.97949959731	0.326927418685
8467	BAKERY	17.6951684339	0.582559142994
31260	BAKERY	1.46722493345	0.0578278977359
126	BAKERY	3.87161979237	0.148869015768
6386	BAKERY	1.5474401272	0.0609397767091
9261	BAKERY	10.6691828941	0.381234730313
7768	BAKERY	2.8201497556	0.109624692366
7894	BAKERY	1.73191296377	0.0680767095451
325	BAKERY	2.1703696785	0.0849305853233
61252	BAKERY	3.93157669783	0.151080149781
61199	BAKERY	10.5946563472	0.378887556641
6137	BAKERY	3.09178042454	0.119847574504
8914	BAKERY	0.235190018972	0.00938547502088
1549778	BAKERY	1.89884223065	0.0745114484991
638024	BAKERY	2.31306507855	0.0903824951191
8785	BAKERY	1.2522473139	0.0494626432219
31210	BAKERY	2.48817204767	0.0970504818512
7803	BAKERY	1.8641531507	0.0731760992402
7915	BAKERY	2.8751224426	0.11169836608
1551246	BAKERY	2.44173762314	0.0952846718776
244	BAKERY	4.99098377464	0.18967538337
61130	BAKERY	0.983598568127	0.0389569562678
165675	BAKERY	3.14593552795	0.12187865698
638014	BAKERY	1.46994821386	0.0579336294538
356	BAKERY	1.15713535069	0.0457498291398
7921	BAKERY	6.59487824665	0.246398162231
93375	BAKERY	0.82779726054	0.0328377910998
14296	BAKERY	4.13168044337	0.15843890442
2346	BAKERY	2.52387494508	0.0984070199079
7410	BAKERY	4.09207940869	0.156985130793
7695	BAKERY	2.54081605712	0.0990503437905
6287	BAKERY	3.17680025183	0.123035186137
7916	BAKERY	4.66705471314	0.177969628647
10895	SWEET	20.1713114732	0.644099736307
62444	SWEET	10.5536926427	0.377595534348
5541	SWEET	14.5084391528	0.496139643451
24020	SWEET	24.2767084058	0.735324907825
14328	SWEET	28.314703949	0.811899174072
8048	SWEET	27.378272597	0.795302979721
9609	SWEET	4.0212045944	0.15438014922
2345	SWEET	16.1264725229	0.541033654503
887	SWEET	5.89627970428	0.221944742431
8125	SWEET	9.31198465525	0.337794162922
61386	SWEET	8.4587478058	0.309729746455
7136	SWEET	25.6290180428	0.762422095378
61204	SWEET	18.7512000014	0.609404999458
5363491	SWEET	18.6450750348	0.606747472169
520108	SWEET	6.94839315516	0.258623659231
6374	SWEET	2.51673007246	0.0981356307955
8892	SWEET	19.2654646494	0.622155334714
11525	SWEET	10.5615538761	0.377843586933
6050	SWEET	15.9990788598	0.537574944647
33032	SWEET	7.07580745341	0.263005477689
89440	SWEET	10.3923899991	0.372494892008
18827	SWEET	6.42701983484	0.24055815981
6054	SWEET	9.12944073254	0.331838954066
5367706	SWEET	14.3346399963	0.491192838321
6569	SWEET	15.3190229961	0.518891933623
2758	SWEET	5.67725449154	0.214197692237
104721	SWEET	13.1483848472	0.456783384251
11419	SWEET	14.1021138969	0.484536709333
7122	SWEET	21.8976016715	0.684102083275
7969	SWEET	1.59743295035	0.0628766012016
240	SWEET	11.4545408425	0.405699031336
650	SWEET	11.7659152593	0.415261905616
643820	SWEET	15.4335592404	0.522064469285
2214	SWEET	32.882456699	0.882795884535
5610	SWEET	5.93507731471	0.223313035496
7194	SWEET	18.8084424708	0.610834695562
12748	SWEET	10.4239497973	0.373494500142
8467	SWEET	32.2845887515	0.874465681719
31260	SWEET	4.02732932114	0.154605420261
126	SWEET	8.82903176071	0.321980549696
6386	SWEET	6.87940899228	0.256245852458
9261	SWEET	6.93173657809	0.258049874328
7768	SWEET	8.46905126075	0.310072118727
7894	SWEET	6.82469889461	0.254357349783
325	SWEET	14.2114562742	0.487672055195
61252	SWEET	6.71357678075	0.250514225954
61199	SWEET	17.5138895433	0.577861050958
6137	SWEET	4.85913186378	0.184920809563
8914	SWEET	7.97381361426	0.293519863148
1549778	SWEET	12.8667080697	0.448447452168
638024	SWEET	19.2626778178	0.622086810027
8785	SWEET	26.1336236874	0.772158432682
31210	SWEET	13.1387229101	0.45649850052
7803	SWEET	28.2024668088	0.809947018711
7915	SWEET	9.29389442041	0.337205187417
1551246	SWEET	12.1538142287	0.427066489024
244	SWEET	11.632252907	0.411166393202
61130	SWEET	7.44911742507	0.275768956838
165675	SWEET	9.26378022788	0.336224159471
638014	SWEET	17.8866332718	0.587492670951
356	SWEET	6.97943930175	0.259692542883
7921	SWEET	18.6293909852	0.606353956017
93375	SWEET	17.2118150407	0.56997397083
14296	SWEET	6.27842097782	0.235369411123
2346	SWEET	7.3155753813	0.271215957988
7410	SWEET	8.3225519155	0.305196128465
7695	SWEET	19.6693861825	0.632021546181
6287	SWEET	2.44957336383	0.0955827706872
7916	SWEET	8.26102789272	0.303143282971
10895	FRUIT	7.39947074504	0.274077962879
62444	FRUIT	4.43142505302	0.169401990921
5541	FRUIT	4.85531790966	0.184783071585
24020	FRUIT	14.9747615673	0.509293069094
14328	FRUIT	4.85653865739	0.184827159203
8048	FRUIT	19.2748947983	0.622387164137
9609	FRUIT	1.08804176585	0.0430481366805
2345	FRUIT	1.99830277989	0.0783348255954
887	FRUIT	2.59661080931	0.101167477295
8125	FRUIT	9.53457114261	0.345019626955
61386	FRUIT	7.69644277861	0.284163618567
7136	FRUIT	7.61763440888	0.28149403476
61204	FRUIT	18.4817336103	0.602639553515
5363491	FRUIT	10.6936643944	0.382004792504
520108	FRUIT	1.38475248245	0.054623083523
6374	FRUIT	0.683643380429	0.0271587879085
8892	FRUIT	10.1331188926	0.364252716307
11525	FRUIT	1.53891115494	0.0606091471806
6050	FRUIT	9.41422425629	0.341117922912
33032	FRUIT	4.71310983162	0.179639031551
89440	FRUIT	2.11614312392	0.0828545002683
18827	FRUIT	6.23900287794	0.233990052353
6054	FRUIT	1.68329593716	0.0661984434015
5367706	FRUIT	11.7177031718	0.413786299823
6569	FRUIT	3.42311434435	0.132237489048
2758	FRUIT	4.33200723063	0.165773774567
104721	FRUIT	3.14533871697	0.121856286421
11419	FRUIT	4.81280094006	0.183246816447
7122	FRUIT	2.9678532443	0.11519086862
7969	FRUIT	2.3254623254	0.0908553830051
240	FRUIT	3.93608844025	0.151246420726
650	FRUIT	0.965037434093	0.038228978464
643820	FRUIT	10.0812137236	0.362596200888
2214	FRUIT	4.92554865179	0.187317534263
5610	FRUIT	2.49868667286	0.0974500928789
7194	FRUIT	3.25154056235	0.125832616083
12748	FRUIT	3.04153724601	0.117961110313
8467	FRUIT	5.9398180795	0.223480147653
31260	FRUIT	1.58078330886	0.0622317820065
126	FRUIT	4.03718054	0.154967690915
6386	FRUIT	2.49211298417	0.0972002685166
9261	FRUIT	3.35617220801	0.129741331565
7768	FRUIT	3.48802128889	0.134654334551
7894	FRUIT	1.47899509188	0.0582848330824
325	FRUIT	3.18103377145	0.123193760516
61252	FRUIT	3.81184196928	0.146661623092
61199	FRUIT	5.10183904174	0.193662057026
6137	FRUIT	5.1935060337	0.196951239379
8914	FRUIT	2.6512679555	0.103239029511
1549778	FRUIT	10.4805958822	0.375286679271
638024	FRUIT	2.03441713025	0.0797211439861
8785	FRUIT	9.46349563558	0.342716725565
31210	FRUIT	4.30611063935	0.164827390039
7803	FRUIT	19.0442771333	0.616697288721
7915	FRUIT	2.61615950858	0.101908664114
1551246	FRUIT	11.8560155205	0.418014579211
244	FRUIT	1.32771294688	0.0524033892075
61130	FRUIT	2.34452652338	0.0915823390875
165675	FRUIT	3.03395633804	0.117676297097
638014	FRUIT	4.79077436584	0.182450367024
356	FRUIT	4.63807476167	0.176918295469
7921	FRUIT	6.66429103194	0.248806531294
93375	FRUIT	4.54636442227	0.173586805107
14296	FRUIT	1.98449107015	0.0778043608831
2346	FRUIT	3.20219974334	0.123986356455
7410	FRUIT	2.05263367552	0.0804200250184
7695	FRUIT	5.36432479422	0.20306259957
6287	FRUIT	2.89048954376	0.112277609829
7916	FRUIT	4.70617334489	0.179387706775
10895	FISH	0.295927368251	0.0118020655271
62444	FISH	5.57603318932	0.210604469122
5541	FISH	3.51066418496	0.13549666219
24020	FISH	0.0677197266438	0.0027069546812
14328	FISH	1.39386760023	0.0549775572545
8048	FISH	0.142291885526	0.00568357662875
9609	FISH	8.1284934184	0.298710774635
2345	FISH	1.43042392691	0.056398512032
887	FISH	2.15673685378	0.0844088686086
8125	FISH	1.34436567845	0.0530516995072
61386	FISH	4.56	0.17408256
7136	FISH	0.650254629629	0.0258410527518
61204	FISH	0.721962673448	0.0286700148972
5363491	FISH	0.680256778014	0.0270251714069
520108	FISH	5.24360510393	0.198746046363
6374	FISH	2.652069161	0.103269378106
8892	FISH	0.428225211016	0.0170556577081
11525	FISH	0.258793289977	0.0103249420123
6050	FISH	3.65643147536	0.140909462561
33032	FISH	1.29383270678	0.0510837070419
89440	FISH	2.82825853353	0.109930722808
18827	FISH	0.154381959599	0.0061657448682
6054	FISH	1.23567314069	0.0488161703833
5367706	FISH	0.553733824921	0.0220267045373
6569	FISH	0.555763531428	0.022106992016
2758	FISH	0.527383342363	0.0209840804186
104721	FISH	0.445352627638	0.0177347695203
11419	FISH	0.105892159111	0.00423120110469
7122	FISH	0.886815071495	0.0351580264714
7969	FISH	6.03822863516	0.226945063386
240	FISH	1.70246097077	0.0669390894881
650	FISH	1.36792515578	0.0539685185385
643820	FISH	0.526286601598	0.0209406730291
2214	FISH	0.220938289325	0.00881800608192
5610	FISH	1.1683367349	0.0461874651055
7194	FISH	1.00348221757	0.0397364980783
12748	FISH	3.22435485064	0.124815608344
8467	FISH	0.416586065043	0.0165940250219
31260	FISH	1.62432202808	0.0639175123027
126	FISH	0.633291771262	0.0251712474634
6386	FISH	1.37770327284	0.0543489043904
9261	FISH	1.74255447106	0.0684875804087
7768	FISH	1.26691830434	0.0500346993777
7894	FISH	2.04895251425	0.0802788180079
325	FISH	0.117111192604	0.00467896169159
61252	FISH	9.13917125339	0.332157069656
61199	FISH	1.15129974644	0.0455217934151
6137	FISH	3.79405429713	0.146004232681
8914	FISH	0.659997366951	0.0262256560683
1549778	FISH	0.499349367407	0.01987423478
638024	FISH	0.701888427309	0.0278784781466
8785	FISH	0.320593718774	0.0127826366179
31210	FISH	0.300502437032	0.0119839767954
7803	FISH	0.828950420039	0.032883153282
7915	FISH	0.914060559006	0.036228219678
1551246	FISH	0.794430500586	0.0315247720954
244	FISH	1.2350936072	0.0487935618005
61130	FISH	0.728722970579	0.028936503956
165675	FISH	0.430276505024	0.0171370050527
638014	FISH	2.32046954135	0.0906649500972
356	FISH	1.27018661326	0.0501621149176
7921	FISH	2.24956040367	0.0879582073428
93375	FISH	0.958196586446	0.0379606071785
14296	FISH	1.20179068878	0.0474939072075
2346	FISH	7.53660949557	0.278744186747
7410	FISH	0.323113402974	0.0128827752105
7695	FISH	0.14160010208	0.00565598384766
6287	FISH	1.04571244161	0.0413910918603
7916	FISH	0.963239779985	0.0381584588499
10895	GARLIC	0.491766474176	0.019573925261
62444	GARLIC	6.77534497379	0.252651679146
5541	GARLIC	4.88616095783	0.185896610751
24020	GARLIC	0.279785899274	0.0111601239112
14328	GARLIC	1.3453196037	0.0530888302134
8048	GARLIC	1.44427054818	0.0569364549608
9609	GARLIC	17.5502001134	0.578804194927
2345	GARLIC	3.06403853325	0.118806208477
887	GARLIC	8.03012469091	0.295411826616
8125	GARLIC	1.74454802532	0.0685645418876
61386	GARLIC	2.79620226219	0.108720591651
7136	GARLIC	2.85583201816	0.11097097012
61204	GARLIC	0.870717312055	0.0345254330272
5363491	GARLIC	1.78579285667	0.0701560918162
520108	GARLIC	4.06863017934	0.156123706559
6374	GARLIC	6.0341733215	0.22680243379
8892	GARLIC	2.73842080901	0.10653725295
11525	GARLIC	1.71734432475	0.0675140643782
6050	GARLIC	3.99533888321	0.153428462212
33032	GARLIC	2.99904761905	0.116364190113
89440	GARLIC	3.19705871728	0.123793874915
18827	GARLIC	1.16844891535	0.0461918474669
6054	GARLIC	2.35152600798	0.0918491704926
5367706	GARLIC	1.93128112639	0.0757593063398
6569	GARLIC	3.41534215156	0.131947861257
2758	GARLIC	0.656339157945	0.0260812538817
104721	GARLIC	1.27633293373	0.0504017070461
11419	GARLIC	1.35139827136	0.0533254199393
7122	GARLIC	3.25234693877	0.125862773307
7969	GARLIC	10.041303616	0.361321033317
240	GARLIC	3.53437996632	0.136378461954
650	GARLIC	3.12795852932	0.121204691348
643820	GARLIC	2.41373307543	0.0942188800735
2214	GARLIC	1.42912161061	0.0563479089934
5610	GARLIC	1.86011568289	0.0730206151739
7194	GARLIC	3.63182795699	0.139997048556
12748	GARLIC	9.60524858879	0.347305623371
8467	GARLIC	1.37925947455	0.0544094363028
31260	GARLIC	2.97226406142	0.115356820996
126	GARLIC	1.71962357619	0.0676021009502
6386	GARLIC	2.677591879	0.104235875852
9261	GARLIC	6.87508133688	0.25609655612
7768	GARLIC	0.977649260721	0.038723651198
7894	GARLIC	1.19709425234	0.047310556234
325	GARLIC	2.11300861861	0.0827344225754
61252	GARLIC	9.87447776536	0.355976986159
61199	GARLIC	2.20659248282	0.0863160791585
6137	GARLIC	9.24232080638	0.3355246347
8914	GARLIC	1.60995587305	0.0633614517569
1549778	GARLIC	4.01516277468	0.154157898144
638024	GARLIC	4.12094929795	0.158045082672
8785	GARLIC	1.50717805336	0.0593784878606
31210	GARLIC	1.09709565369	0.0434023785983
7803	GARLIC	0.589920511046	0.0234576179581
7915	GARLIC	3.7047692084	0.142700642381
1551246	GARLIC	3.46922963603	0.133954963734
244	GARLIC	2.55575141277	0.0996173103974
61130	GARLIC	5.98780612245	0.225170716034
165675	GARLIC	1.58748733012	0.0624914467953
638014	GARLIC	6.25673795049	0.234610810107
356	GARLIC	3.92519706234	0.150845013702
7921	GARLIC	5.00217932597	0.190078453835
93375	GARLIC	1.88336066794	0.0739156077552
14296	GARLIC	3.54470544237	0.136762243025
2346	GARLIC	5.82351801925	0.219375375922
7410	GARLIC	1.72219387755	0.0677013744013
7695	GARLIC	1.30400325288	0.0514799603218
6287	GARLIC	1.92406351174	0.0754817323109
7916	GARLIC	3.97829633437	0.152801116685
10895	SPICES	4.97201796542	0.188992333558
62444	SPICES	9.51817371585	0.34448869628
5541	SPICES	6.51934635642	0.243773103491
24020	SPICES	4.34871601427	0.166384108182
14328	SPICES	13.1074448348	0.455575749353
8048	SPICES	5.08377960223	0.193013258072
9609	SPICES	8.61063041883	0.314768034269
2345	SPICES	5.04168246315	0.191499873702
887	SPICES	7.43440184616	0.275267941522
8125	SPICES	3.37221179342	0.130339746785
61386	SPICES	5.81077881507	0.218925092428
7136	SPICES	9.69507592732	0.350205238198
61204	SPICES	4.65456374862	0.177516564469
5363491	SPICES	6.12455842206	0.229978250536
520108	SPICES	6.60720691209	0.246826203212
6374	SPICES	7.04872289891	0.262075118154
8892	SPICES	3.6482059208	0.140604474256
11525	SPICES	11.0379494701	0.392783447403
6050	SPICES	5.2400906282	0.198620205211
33032	SPICES	9.04503501948	0.329076337378
89440	SPICES	8.61905263258	0.31504687799
18827	SPICES	6.37108279904	0.238607033549
6054	SPICES	3.19470601409	0.123705781957
5367706	SPICES	4.4512836586	0.17012577586
6569	SPICES	3.30840548725	0.127958000743
2758	SPICES	7.4803586663	0.276832040341
104721	SPICES	6.72692732072	0.250976472358
11419	SPICES	6.74100624861	0.251463783847
7122	SPICES	4.95184571176	0.188265518089
7969	SPICES	8.15181049293	0.299491613992
240	SPICES	7.49808487705	0.277434884353
650	SPICES	4.74865101483	0.180926166009
643820	SPICES	6.87412853989	0.256063684322
2214	SPICES	8.94736554922	0.32587248186
5610	SPICES	9.70314718148	0.350465461169
7194	SPICES	5.18889305386	0.196785877704
12748	SPICES	6.49894676999	0.243063347152
8467	SPICES	10.4965835658	0.375792036012
31260	SPICES	4.88035419937	0.18568702513
126	SPICES	6.8527130557	0.255324651738
6386	SPICES	4.56520675901	0.174271825259
9261	SPICES	9.75622165534	0.352175321818
7768	SPICES	3.69146672723	0.14220789845
7894	SPICES	5.29879445718	0.200720889207
325	SPICES	24.6411606337	0.742771706398
61252	SPICES	5.9283211629	0.223074849792
61199	SPICES	5.45472118522	0.206287254125
6137	SPICES	10.1349625793	0.364311516579
8914	SPICES	1.94473776424	0.0762767085811
1549778	SPICES	6.39859977857	0.239567159492
638024	SPICES	10.886047632	0.388039492061
8785	SPICES	8.05133829001	0.296123912296
31210	SPICES	6.50725715561	0.243352527949
7803	SPICES	2.56543502819	0.0999848183739
7915	SPICES	4.85425277975	0.18474460317
1551246	SPICES	6.36423296269	0.238367934026
244	SPICES	4.1646656535	0.159648850138
61130	SPICES	7.73265420389	0.285388591741
165675	SPICES	11.3103553279	0.401244558058
638014	SPICES	7.68640088373	0.283823731931
356	SPICES	4.6367735877	0.176871075786
7921	SPICES	7.32860551538	0.271660837095
93375	SPICES	10.5880010041	0.378677734058
14296	SPICES	6.30743890731	0.236384042064
2346	SPICES	9.18820568005	0.333758977754
7410	SPICES	5.40462982026	0.204501183413
7695	SPICES	6.26374981826	0.234856168016
6287	SPICES	5.58146136214	0.210797370111
7916	SPICES	6.03093072719	0.226688378913
10895	COLD	3.94504897287	0.151576594355
62444	COLD	2.36760623596	0.0924620257228
5541	COLD	3.22276195758	0.124756000449
24020	COLD	5.62511746612	0.212347920042
14328	COLD	4.4244225234	0.16914669507
8048	COLD	3.48170944396	0.134419457498
9609	COLD	4.16688319347	0.159730161519
2345	COLD	3.38747729343	0.130909090772
887	COLD	6.15819159915	0.231158334457
8125	COLD	5.81191673654	0.218965319001
61386	COLD	5.07373693959	0.192652354971
7136	COLD	3.3406463616	0.129161887219
61204	COLD	2.9231295362	0.113507306934
5363491	COLD	6.13741008105	0.230429282241
520108	COLD	1.42244377363	0.0560884124297
6374	COLD	4.48805311683	0.171465076362
8892	COLD	3.27059628237	0.126545131278
11525	COLD	7.46631292761	0.276354185611
6050	COLD	6.46407649559	0.241849345847
33032	COLD	5.26901360544	0.199655542468
89440	COLD	6.46850186077	0.242003467902
18827	COLD	3.24539050349	0.125602596332
6054	COLD	6.13776300236	0.230441666225
5367706	COLD	7.07255144338	0.262893664168
6569	COLD	2.49056515385	0.0971414402396
2758	COLD	9.28293137008	0.336848128875
104721	COLD	5.21648470703	0.197774703202
11419	COLD	9.4213132987	0.341348074239
7122	COLD	4.25601880263	0.162995273686
7969	COLD	2.65428287387	0.103353227925
240	COLD	3.6332675083	0.140050447217
650	COLD	2.81593792665	0.109465714503
643820	COLD	4.19898208135	0.160906703046
2214	COLD	6.14826383834	0.230810094243
5610	COLD	4.38681409173	0.167774908519
7194	COLD	2.49502589672	0.0973109741787
12748	COLD	3.44877866957	0.133193517058
8467	COLD	3.50314423688	0.135216961657
31260	COLD	6.20682624113	0.23286317285
126	COLD	8.12891952525	0.298725047951
6386	COLD	4.97437206706	0.189077131698
9261	COLD	5.25306927168	0.199084876158
7768	COLD	9.26944234941	0.336408669389
7894	COLD	4.4816694092	0.171232632091
325	COLD	5.51531753678	0.208445210459
61252	COLD	3.31430173649	0.128178231059
61199	COLD	3.96973829425	0.15248600292
6137	COLD	3.73488695575	0.143815726001
8914	COLD	5.94162127348	0.223543705596
1549778	COLD	2.20386959825	0.0862119674477
638024	COLD	5.8066249227	0.218778239711
8785	COLD	6.84231433444	0.254965667197
31210	COLD	3.9381706323	0.15132315012
7803	COLD	5.01397263451	0.190502936748
7915	COLD	3.46865166418	0.13393344882
1551246	COLD	5.18048092881	0.196484284091
244	COLD	3.86020769787	0.148447826526
61130	COLD	5.22703643578	0.198152693471
165675	COLD	4.8372358995	0.184129895521
638014	COLD	6.44480932357	0.241178146056
356	COLD	5.58681137853	0.21098747059
7921	COLD	2.94931129908	0.114493077108
93375	COLD	4.84386255345	0.184369300363
14296	COLD	5.62751586831	0.212433060793
2346	COLD	1.99266280821	0.0781182303013
7410	COLD	3.52489503396	0.136025847358
7695	COLD	5.66542320774	0.21377812026
6287	COLD	1.57706895204	0.0620878994897
7916	COLD	3.56437446199	0.137493072358
10895	SOUR	5.90444905177	0.222232954629
62444	SOUR	16.609506622	0.554029980789
5541	SOUR	10.4694458088	0.374934114134
24020	SOUR	7.37374215002	0.273200856683
14328	SOUR	3.36978257938	0.130249129322
8048	SOUR	7.26970958749	0.269648912505
9609	SOUR	16.5067361455	0.55128051055
2345	SOUR	8.73157394516	0.318766804382
887	SOUR	13.6749805444	0.47219718462
8125	SOUR	12.1787306833	0.42782063491
61386	SOUR	6.97383456914	0.259499635327
7136	SOUR	8.16018279711	0.299771878571
61204	SOUR	4.46355184891	0.170572755913
5363491	SOUR	8.77120395467	0.320074550661
520108	SOUR	9.53564827247	0.345054495708
6374	SOUR	13.1371742543	0.456452831216
8892	SOUR	15.748695175	0.530739247113
11525	SOUR	4.64356028818	0.177117350667
6050	SOUR	12.5743927583	0.439729569035
33032	SOUR	10.9670675263	0.390572073001
89440	SOUR	5.70780893978	0.215280724434
18827	SOUR	10.1276641279	0.364078732839
6054	SOUR	8.64006234085	0.315742222733
5367706	SOUR	8.55257829965	0.312844493757
6569	SOUR	12.8457457983	0.447824557887
2758	SOUR	6.0510713372	0.227396667757
104721	SOUR	6.51377686582	0.24357935901
11419	SOUR	3.96162647785	0.152187265374
7122	SOUR	4.92529607997	0.187308426609
7969	SOUR	11.9208097428	0.419990107743
240	SOUR	13.5732987972	0.469238175793
650	SOUR	10.2896797688	0.369236186854
643820	SOUR	8.08804029415	0.297355053446
2214	SOUR	4.62782606778	0.176546333066
5610	SOUR	5.58293410581	0.210849702941
7194	SOUR	8.10105246394	0.297791278148
12748	SOUR	12.899012873	0.44940670168
8467	SOUR	4.57987182503	0.174804782628
31260	SOUR	9.62292555785	0.347876743797
126	SOUR	4.82560365336	0.183709565887
6386	SOUR	5.30155652096	0.20081966022
9261	SOUR	11.9004262574	0.419368992254
7768	SOUR	6.52500206959	0.24396982198
7894	SOUR	8.06359712509	0.296535245565
325	SOUR	4.34962759372	0.166417399667
61252	SOUR	14.6152660962	0.499168242622
61199	SOUR	6.06398187924	0.227850524677
6137	SOUR	16.3195819851	0.546251776936
8914	SOUR	7.45843915843	0.276086240465
1549778	SOUR	10.9414789806	0.389772774312
638024	SOUR	6.53324964603	0.244256645466
8785	SOUR	5.4983043027	0.207839632026
31210	SOUR	8.67258807999	0.316818009597
7803	SOUR	12.6818242835	0.442941504476
7915	SOUR	7.73232447445	0.285377442267
1551246	SOUR	9.65459868398	0.34889943706
244	SOUR	8.24024394835	0.302449109803
61130	SOUR	5.42581537005	0.20525682583
165675	SOUR	4.74996245839	0.180973640993
638014	SOUR	9.54524207127	0.345365024371
356	SOUR	6.62478286995	0.247436215568
7921	SOUR	9.26860068185	0.336381243834
93375	SOUR	8.56832387531	0.3133664854
14296	SOUR	5.65045212489	0.213247041309
2346	SOUR	10.3212767581	0.370239568759
7410	SOUR	3.99659515088	0.153474696915
7695	SOUR	8.8389583742	0.322307460912
6287	SOUR	11.2795967753	0.400292149648
7916	SOUR	13.953542504	0.480261160794
10895	BURNT	2.47747865232	0.0966439859038
62444	BURNT	4.50380199787	0.17203838694
5541	BURNT	2.93553221732	0.113974348933
24020	BURNT	2.33755721299	0.0913166190299
14328	BURNT	7.32573693227	0.27156290865
8048	BURNT	2.33849981626	0.0913525600942
9609	BURNT	3.73220318533	0.143716391166
2345	BURNT	2.98113520667	0.115690541419
887	BURNT	4.12682433257	0.158260701674
8125	BURNT	5.01639261718	0.190590026731
61386	BURNT	6.16481600978	0.231390657818
7136	BURNT	4.0659859893	0.156026542746
61204	BURNT	4.47517711709	0.170996200592
5363491	BURNT	3.80142225159	0.146276565609
520108	BURNT	9.08550809309	0.3304017408
6374	BURNT	10.4155555556	0.37322870321
8892	BURNT	3.28258837183	0.126993380306
11525	BURNT	3.01955734141	0.117135203041
6050	BURNT	6.21972917805	0.233315154703
33032	BURNT	5.17578070984	0.196315746011
89440	BURNT	4.69429705215	0.178957312161
18827	BURNT	3.65157797223	0.140729510214
6054	BURNT	5.0896968136	0.193225867082
5367706	BURNT	2.29783188546	0.0898012628687
6569	BURNT	4.12063016162	0.158033369293
2758	BURNT	3.24995146822	0.125773184911
104721	BURNT	6.87929348053	0.256241867705
11419	BURNT	3.68451140331	0.14195020642
7122	BURNT	3.58823744732	0.138379318702
7969	BURNT	12.8935796745	0.449245428252
240	BURNT	5.93244703604	0.223220310308
650	BURNT	15.4111309524	0.521444055202
643820	BURNT	2.4184157754	0.094397137071
2214	BURNT	13.2475539152	0.459703082713
5610	BURNT	4.98631330568	0.189507204074
7194	BURNT	3.70630765924	0.142757619784
12748	BURNT	9.95595381585	0.358589746081
8467	BURNT	13.4048789438	0.464318845953
31260	BURNT	3.79201805049	0.145928961661
126	BURNT	12.4866381525	0.437099073159
6386	BURNT	5.47369015498	0.206963092634
9261	BURNT	11.3712877207	0.403129035058
7768	BURNT	5.73908436405	0.216388538827
7894	BURNT	3.65256862703	0.140766242051
325	BURNT	7.18442519839	0.266730621763
61252	BURNT	12.7733905153	0.445671818508
61199	BURNT	7.93428359716	0.292190201406
6137	BURNT	7.59247607462	0.280640765807
8914	BURNT	3.48642530956	0.134594947807
1549778	BURNT	2.52849099451	0.0985823330968
638024	BURNT	2.70189138083	0.10515556842
8785	BURNT	6.14032992037	0.230531736202
31210	BURNT	4.60535810188	0.175730594777
7803	BURNT	1.20133924613	0.0474762834516
7915	BURNT	5.91525967549	0.222614268208
1551246	BURNT	4.0287416158	0.154657361029
244	BURNT	8.52555478547	0.311948157659
61130	BURNT	3.32820426225	0.128697393046
165675	BURNT	5.23726243807	0.198518930385
638014	BURNT	2.81928596677	0.109592089326
356	BURNT	4.72486375918	0.18006481535
7921	BURNT	4.79549957321	0.182621256466
93375	BURNT	3.13589613916	0.121502307728
14296	BURNT	4.58153826158	0.174865333326
2346	BURNT	13.1412216513	0.456572183458
7410	BURNT	5.68594017477	0.214505640722
7695	BURNT	2.19529051917	0.0858839005815
6287	BURNT	3.78849618437	0.145798766039
7916	BURNT	5.25375835657	0.199109543515
10895	ACID	7.20137567109	0.267311102221
62444	ACID	5.93548932006	0.223327559415
5541	ACID	5.69534942717	0.214839175048
24020	ACID	7.77609894868	0.286856872003
14328	ACID	2.85423420092	0.110910706887
8048	ACID	4.29466441623	0.16440891967
9609	ACID	6.83130489743	0.254585505257
2345	ACID	7.89045699304	0.290714555098
887	ACID	7.22717914857	0.268194318565
8125	ACID	8.20367962896	0.301227041376
61386	ACID	5.71429336859	0.215510475263
7136	ACID	2.77382331125	0.107875294145
61204	ACID	6.65955070156	0.248642181844
5363491	ACID	6.04932709407	0.227335340446
520108	ACID	5.84012384678	0.219962135253
6374	ACID	10.7727827297	0.384490170091
8892	ACID	7.39885441608	0.274056957975
11525	ACID	7.90825146253	0.291313882023
6050	ACID	5.84956605701	0.220295673058
33032	ACID	5.54907896236	0.209646247562
89440	ACID	7.20248747249	0.267349168583
18827	ACID	7.26991420892	0.269655907315
6054	ACID	6.27444846131	0.235230457055
5367706	ACID	3.65568148068	0.140881656392
6569	ACID	8.51281035236	0.311525238056
2758	ACID	6.93202452359	0.258059795345
104721	ACID	6.34829833382	0.237811576659
11419	ACID	4.81815524789	0.183440361918
7122	ACID	5.17164851056	0.196167561096
7969	ACID	8.88493970678	0.323820726834
240	ACID	10.8397595423	0.386590226917
650	ACID	4.18524107545	0.160403145874
643820	ACID	4.64680809495	0.177235193609
2214	ACID	5.75770877746	0.217047866952
5610	ACID	4.41653501932	0.168859088142
7194	ACID	6.17967606783	0.231911684192
12748	ACID	4.31804623203	0.165263639976
8467	ACID	3.58384533311	0.138216234376
31260	ACID	9.17333145682	0.333273254266
126	ACID	10.236566755	0.367547750628
6386	ACID	6.55099266029	0.244873504477
9261	ACID	6.120492751	0.229835537434
7768	ACID	5.05602876346	0.192015779796
7894	ACID	9.48569667584	0.343436490463
325	ACID	9.11395327428	0.331332473257
61252	ACID	6.4793456336	0.242381057408
61199	ACID	5.2445733498	0.198780714143
6137	ACID	6.08462779974	0.228576033805
8914	ACID	11.8073388838	0.416528254744
1549778	ACID	6.90617124379	0.257168769252
638024	ACID	6.37400467842	0.238709012881
8785	ACID	4.98780778218	0.189561020698
31210	ACID	5.01164907256	0.190419312332
7803	ACID	7.99784271459	0.294327513349
7915	ACID	5.0540107122	0.191943218776
1551246	ACID	3.99729928734	0.153500610857
244	ACID	7.87602411188	0.290228262151
61130	ACID	7.61319311027	0.281343440677
165675	ACID	10.5018720553	0.375959155546
638014	ACID	6.74125064783	0.251472241794
356	ACID	8.03116976766	0.295446915572
7921	ACID	5.61669335173	0.212048836386
93375	ACID	6.10800354925	0.229397059027
14296	ACID	5.38503780907	0.203802059481
2346	ACID	5.28939628058	0.200384766018
7410	ACID	8.21580498866	0.301632418902
7695	ACID	3.58564470516	0.138283049026
6287	ACID	8.08490055955	0.297249775559
7916	ACID	6.37694629694	0.238811674248
10895	WARM	4.52072807545	0.172654330085
62444	WARM	5.79538768116	0.218380899896
5541	WARM	6.18310145348	0.232031760706
24020	WARM	5.57985306276	0.21074021843
14328	WARM	7.22750738374	0.268205550157
8048	WARM	4.89699040584	0.18628741022
9609	WARM	2.54142184066	0.0990733436375
2345	WARM	6.04617070905	0.227224356265
887	WARM	4.207649088	0.161224239181
8125	WARM	4.42487811142	0.169163305936
61386	WARM	7.80311184594	0.287769052045
7136	WARM	8.00498850719	0.294567603888
61204	WARM	5.9523787227	0.223922823925
5363491	WARM	4.58516515376	0.174997110355
520108	WARM	7.85158181618	0.289404337841
6374	WARM	4.57061433569	0.174468367265
8892	WARM	4.81070720929	0.18317112683
11525	WARM	4.74492388418	0.180791234301
6050	WARM	8.79412687387	0.320830407965
33032	WARM	3.29441060469	0.127435167695
89440	WARM	10.0985546252	0.3631498628
18827	WARM	6.83025961391	0.254549405999
6054	WARM	5.98600158762	0.225107177502
5367706	WARM	4.50542379654	0.172097414427
6569	WARM	4.3811118867	0.167566818923
2758	WARM	6.05225059204	0.22743812879
104721	WARM	7.86639256767	0.289903649895
11419	WARM	8.35672757381	0.306335144655
7122	WARM	9.75214537363	0.35204407919
7969	WARM	6.77329713489	0.252580863765
240	WARM	7.38814169285	0.273691812645
650	WARM	6.71813461708	0.25067205159
643820	WARM	2.82571248197	0.109834638866
2214	WARM	9.57430684973	0.346305333328
5610	WARM	5.41717430435	0.204948661196
7194	WARM	5.71426515904	0.215509475838
12748	WARM	5.12618058917	0.194536132594
8467	WARM	12.0288329232	0.423276188331
31260	WARM	3.53688538987	0.136471592291
126	WARM	7.87048547318	0.290041602294
6386	WARM	8.17669960721	0.300324617702
9261	WARM	2.35080161343	0.0918215572469
7768	WARM	5.56912878788	0.210359073333
7894	WARM	3.15702278633	0.122294194304
325	WARM	4.7340160243	0.180396277885
61252	WARM	9.31580160047	0.337918400235
61199	WARM	6.41105934603	0.240001701066
6137	WARM	9.16657878238	0.333052684666
8914	WARM	2.29141661144	0.0895564284227
1549778	WARM	6.06860069488	0.228012862038
638024	WARM	5.97145377616	0.224594846966
8785	WARM	6.89653276875	0.256836445058
31210	WARM	9.28903653553	0.337046981518
7803	WARM	4.30407763118	0.164753071545
7915	WARM	3.96205559377	0.15220306994
1551246	WARM	6.59854087109	0.246525338193
244	WARM	6.14778241678	0.230793205214
61130	WARM	8.4304861111	0.308790206016
165675	WARM	4.87714322494	0.185571118583
638014	WARM	5.44689841776	0.206008455761
356	WARM	2.16288115246	0.0846440241465
7921	WARM	6.96435268409	0.25917322404
93375	WARM	9.89165959781	0.356528412073
14296	WARM	4.25748607113	0.163048967787
2346	WARM	7.28237559961	0.270081826235
7410	WARM	6.09288051586	0.228865943442
7695	WARM	4.42793243833	0.169274663262
6287	WARM	7.57001576322	0.279878575067
7916	WARM	3.5784813704	0.138017043249
10895	MUSKY	4.66935084092	0.178052898726
62444	MUSKY	15.9479482587	0.536183108883
5541	MUSKY	6.32675576484	0.23705909519
24020	MUSKY	1.95253534901	0.0765764562446
14328	MUSKY	3.26840653848	0.126463269019
8048	MUSKY	8.02115788383	0.295110725834
9609	MUSKY	13.1764093137	0.457609267588
2345	MUSKY	9.88082521131	0.35618072571
887	MUSKY	6.28232877859	0.235506089191
8125	MUSKY	7.81227174478	0.288078233866
61386	MUSKY	7.73923330293	0.28561103927
7136	MUSKY	6.36696797367	0.238463406476
61204	MUSKY	6.05293202816	0.227462086671
5363491	MUSKY	6.85141672375	0.255279904501
520108	MUSKY	11.5932009291	0.40996711405
6374	MUSKY	11.2593192918	0.399663863307
8892	MUSKY	15.6276839702	0.527417556299
11525	MUSKY	3.8282131609	0.147266440034
6050	MUSKY	9.11126774032	0.331244629679
33032	MUSKY	10.1802663973	0.365755526325
89440	MUSKY	10.3643066822	0.371604726088
18827	MUSKY	7.35822739941	0.272671691792
6054	MUSKY	11.5797651079	0.409554220334
5367706	MUSKY	6.85012117226	0.255235182861
6569	MUSKY	7.32421306531	0.271510883802
2758	MUSKY	3.51926812738	0.135816625834
104721	MUSKY	5.77079544322	0.21751098571
11419	MUSKY	5.10720133668	0.19385465127
7122	MUSKY	7.93413608537	0.292185237246
7969	MUSKY	11.8514279171	0.417874579215
240	MUSKY	8.88639684882	0.323868654371
650	MUSKY	8.49455301239	0.310919148143
643820	MUSKY	7.29206830165	0.27041302802
2214	MUSKY	5.60796580427	0.211738919986
5610	MUSKY	7.80486044873	0.2878280793
7194	MUSKY	9.56594351975	0.346034830621
12748	MUSKY	9.47827215235	0.343195828896
8467	MUSKY	2.52492886851	0.0984470484241
31260	MUSKY	9.73549243415	0.351507772192
126	MUSKY	4.79107134507	0.182461107949
6386	MUSKY	8.77577497089	0.3202253083
9261	MUSKY	10.4141995019	0.37318575957
7768	MUSKY	7.46344053432	0.276256443529
7894	MUSKY	11.7357255675	0.414338120862
325	MUSKY	6.84150807675	0.254937829964
61252	MUSKY	8.87986149674	0.323653683789
61199	MUSKY	10.9111853435	0.388825827499
6137	MUSKY	11.4993011589	0.407078475499
8914	MUSKY	5.95176195411	0.223901090021
1549778	MUSKY	6.9744859523	0.259522056373
638024	MUSKY	5.72892324105	0.216028705041
8785	MUSKY	5.14765663915	0.195306918016
31210	MUSKY	7.87829345399	0.290304735061
7803	MUSKY	3.10009511512	0.120159568716
7915	MUSKY	5.77489633746	0.217656082415
1551246	MUSKY	6.17692104193	0.231815100254
244	MUSKY	12.1934159362	0.42826488057
61130	MUSKY	6.09615151734	0.228980835365
165675	MUSKY	4.65716307502	0.177610855838
638014	MUSKY	6.11299117095	0.229572182415
356	MUSKY	7.52656478712	0.278402920487
7921	MUSKY	5.26053637559	0.19935215784
93375	MUSKY	9.16959649058	0.333151259703
14296	MUSKY	10.1885321665	0.366018811578
2346	MUSKY	12.566175233	0.439483505326
7410	MUSKY	9.07062611803	0.329914541452
7695	MUSKY	3.62816831674	0.139861290536
6287	MUSKY	15.5205767215	0.524467748152
7916	MUSKY	9.24447671704	0.335594928773
10895	SWEATY	3.38683408411	0.130885105319
62444	SWEATY	7.43973863288	0.275449660945
5541	SWEATY	4.69362279774	0.178932873923
24020	SWEATY	1.11291673552	0.0440212359567
14328	SWEATY	0.625179063589	0.0248508229989
8048	SWEATY	1.72462711745	0.0677953492205
9609	SWEATY	8.13257142857	0.298847369926
2345	SWEATY	1.6512765793	0.0649603774353
887	SWEATY	4.71367781155	0.179659609057
8125	SWEATY	6.18339416973	0.232042021406
61386	SWEATY	6.38242973363	0.239003025623
7136	SWEATY	1.21522275129	0.0480182035174
61204	SWEATY	1.05344616029	0.0416939468864
5363491	SWEATY	4.21299221617	0.161419967281
520108	SWEATY	4.70583379993	0.179375403296
6374	SWEATY	6.25719270467	0.234626723969
8892	SWEATY	5.29638672401	0.200634784028
11525	SWEATY	2.95623848121	0.114753800865
6050	SWEATY	7.25988754854	0.269313115055
33032	SWEATY	5.36075932565	0.202935276807
89440	SWEATY	3.03816022085	0.117834241823
18827	SWEATY	2.88254898246	0.111978323844
6054	SWEATY	7.63245424211	0.281996426581
5367706	SWEATY	2.23880109702	0.0875471517399
6569	SWEATY	2.0803848076	0.0814841919248
2758	SWEATY	1.45871334691	0.0574973960251
104721	SWEATY	1.27096073699	0.0501922930018
11419	SWEATY	1.94135773991	0.0761467616466
7122	SWEATY	1.09518486448	0.0433276226242
7969	SWEATY	4.09412802184	0.15706036717
240	SWEATY	6.51212621103	0.243521933326
650	SWEATY	5.30410065718	0.200910632774
643820	SWEATY	2.0765840057	0.0813384797748
2214	SWEATY	0.966633341723	0.038291581662
5610	SWEATY	3.53903437678	0.136551469343
7194	SWEATY	3.13857703821	0.121602815198
12748	SWEATY	4.46011409189	0.170447516591
8467	SWEATY	0.655070493373	0.0260311727944
31260	SWEATY	7.84850639647	0.289300634797
126	SWEATY	2.31616417906	0.0905007205606
6386	SWEATY	2.22256012976	0.0869264957781
9261	SWEATY	3.5721387468	0.137781479782
7768	SWEATY	1.73327195917	0.0681291856931
7894	SWEATY	3.66853075913	0.141357983193
325	SWEATY	1.71050151976	0.0672497346107
61252	SWEATY	6.94327753766	0.25844746032
61199	SWEATY	5.88957632281	0.221708209208
6137	SWEATY	6.99968383329	0.260389123825
8914	SWEATY	4.59453043216	0.17533733333
1549778	SWEATY	4.4797826087	0.171163923459
638024	SWEATY	5.78149984981	0.217889697787
8785	SWEATY	2.9245046041	0.113559093292
31210	SWEATY	5.45078935948	0.206147132523
7803	SWEATY	1.07229755165	0.0424319732503
7915	SWEATY	2.3469597993	0.0916751038522
1551246	SWEATY	3.3140251329	0.128167900283
244	SWEATY	5.64590009298	0.213085528575
61130	SWEATY	2.21290063686	0.0865572537828
165675	SWEATY	1.32469479713	0.0522858653628
638014	SWEATY	0.997891378285	0.0395173402502
356	SWEATY	1.90890605357	0.0748986732144
7921	SWEATY	3.6442228217	0.140456768879
93375	SWEATY	5.52541967902	0.208804682109
14296	SWEATY	3.88905173198	0.14951217993
2346	SWEATY	5.82573169511	0.219453607891
7410	SWEATY	3.73269557823	0.143734616617
7695	SWEATY	1.66111699707	0.0653409560117
6287	SWEATY	7.49111026777	0.277197717493
7916	SWEATY	5.29485718671	0.200580082417
10895	AMMONIA/URINOUS	7.28058814083	0.270020740163
62444	AMMONIA/URINOUS	8.62906249256	0.315378211902
5541	AMMONIA/URINOUS	4.81919396527	0.183477906421
24020	AMMONIA/URINOUS	1.6353598078	0.0643446316315
14328	AMMONIA/URINOUS	2.18585320778	0.0855229466129
8048	AMMONIA/URINOUS	2.53268326806	0.0987415369078
9609	AMMONIA/URINOUS	8.08463953763	0.297241022924
2345	AMMONIA/URINOUS	4.74663483917	0.180853176648
887	AMMONIA/URINOUS	8.33638449311	0.305657257158
8125	AMMONIA/URINOUS	8.55246566207	0.312840758922
61386	AMMONIA/URINOUS	3.53140622998	0.136267917215
7136	AMMONIA/URINOUS	5.06365067365	0.192289803688
61204	AMMONIA/URINOUS	3.75689657842	0.144630154377
5363491	AMMONIA/URINOUS	4.38883698341	0.16784872331
520108	AMMONIA/URINOUS	4.91147759825	0.186810059051
6374	AMMONIA/URINOUS	11.0550050247	0.393314946551
8892	AMMONIA/URINOUS	4.85502914057	0.18477264244
11525	AMMONIA/URINOUS	8.39939926023	0.307756007236
6050	AMMONIA/URINOUS	6.76455904294	0.252278658099
33032	AMMONIA/URINOUS	3.33510375494	0.128954983375
89440	AMMONIA/URINOUS	4.23761405029	0.162321612876
18827	AMMONIA/URINOUS	4.84561982716	0.184432780483
6054	AMMONIA/URINOUS	7.03135843822	0.261478336934
5367706	AMMONIA/URINOUS	3.49059483338	0.134750092419
6569	AMMONIA/URINOUS	4.0069121447	0.153854347814
2758	AMMONIA/URINOUS	10.064279833	0.362055301896
104721	AMMONIA/URINOUS	3.70178901915	0.142590263989
11419	AMMONIA/URINOUS	9.9444419219	0.358220906821
7122	AMMONIA/URINOUS	6.10618713008	0.229333276696
7969	AMMONIA/URINOUS	8.0458992102	0.295941370768
240	AMMONIA/URINOUS	8.82456765594	0.321833508512
650	AMMONIA/URINOUS	4.99136726822	0.189689191846
643820	AMMONIA/URINOUS	2.92768075116	0.113678704214
2214	AMMONIA/URINOUS	1.87335991681	0.0735306057214
5610	AMMONIA/URINOUS	5.42225522109	0.20512986817
7194	AMMONIA/URINOUS	3.30735487425	0.127918756464
12748	AMMONIA/URINOUS	6.60841148387	0.246868018419
8467	AMMONIA/URINOUS	2.35931358049	0.0921459989911
31260	AMMONIA/URINOUS	11.8070932592	0.416520749874
126	AMMONIA/URINOUS	8.03808074258	0.295678932894
6386	AMMONIA/URINOUS	4.77703487484	0.181953370115
9261	AMMONIA/URINOUS	5.30058643389	0.200784970738
7768	AMMONIA/URINOUS	8.33191920963	0.305508417299
7894	AMMONIA/URINOUS	8.65630156318	0.316279439826
325	AMMONIA/URINOUS	7.20472525131	0.267425783674
61252	AMMONIA/URINOUS	6.22980267355	0.233667930401
61199	AMMONIA/URINOUS	4.65935090877	0.177690215994
6137	AMMONIA/URINOUS	5.09841923261	0.193539217836
8914	AMMONIA/URINOUS	10.158862731	0.365073512446
1549778	AMMONIA/URINOUS	3.90413356445	0.150068439022
638024	AMMONIA/URINOUS	4.87584939047	0.185524412707
8785	AMMONIA/URINOUS	6.29898338696	0.236088458795
31210	AMMONIA/URINOUS	10.5525525236	0.37755955504
7803	AMMONIA/URINOUS	3.65678284067	0.140922489329
7915	AMMONIA/URINOUS	6.0371083622	0.226905663537
1551246	AMMONIA/URINOUS	5.08729935891	0.19313972845
244	AMMONIA/URINOUS	10.4740238966	0.37507888523
61130	AMMONIA/URINOUS	6.87842480006	0.25621190091
165675	AMMONIA/URINOUS	5.84590333341	0.220166299023
638014	AMMONIA/URINOUS	3.03453398787	0.117698000905
356	AMMONIA/URINOUS	8.26309957711	0.303212457236
7921	AMMONIA/URINOUS	5.94917664761	0.223809984791
93375	AMMONIA/URINOUS	5.88941014087	0.221702344912
14296	AMMONIA/URINOUS	6.377423049	0.238828312062
2346	AMMONIA/URINOUS	8.08681084478	0.297313829935
7410	AMMONIA/URINOUS	7.07190771961	0.262871557267
7695	AMMONIA/URINOUS	2.97410659346	0.115426139727
6287	AMMONIA/URINOUS	6.56187282498	0.245251643011
7916	AMMONIA/URINOUS	6.11193820116	0.229535212617
10895	DECAYED	1.98030724787	0.0776436431965
62444	DECAYED	13.3488428767	0.462677072608
5541	DECAYED	3.47929245306	0.134329507733
24020	DECAYED	3.1453627873	0.121857188667
14328	DECAYED	2.79451024985	0.108656694979
8048	DECAYED	2.47984558696	0.0967339698244
9609	DECAYED	15.1465936269	0.514096025677
2345	DECAYED	2.63971185531	0.102801242741
887	DECAYED	8.62835165331	0.315354685231
8125	DECAYED	7.00673967679	0.260631826712
61386	DECAYED	1.16378003639	0.0460094478662
7136	DECAYED	2.27715940252	0.0890121941231
61204	DECAYED	1.72717187255	0.0678936258311
5363491	DECAYED	4.07174153787	0.156238029854
520108	DECAYED	4.56323786289	0.174200258598
6374	DECAYED	10.9574165978	0.390270672513
8892	DECAYED	7.16438836408	0.266044150311
11525	DECAYED	3.46262820052	0.133709210399
6050	DECAYED	2.84724132757	0.110646939832
33032	DECAYED	5.55253131902	0.209769011141
89440	DECAYED	2.7603213645	0.107365104966
18827	DECAYED	4.30645386715	0.164839936722
6054	DECAYED	4.55754322667	0.173993248961
5367706	DECAYED	4.92312558644	0.187230157242
6569	DECAYED	4.35733312428	0.166698784189
2758	DECAYED	3.51441268834	0.135636068916
104721	DECAYED	2.24588142183	0.0878176635287
11419	DECAYED	2.59728771753	0.101193147306
7122	DECAYED	2.46595912216	0.0962059831296
7969	DECAYED	12.0297474989	0.423303970003
240	DECAYED	3.33986028456	0.129132544694
650	DECAYED	2.93593238619	0.113989415857
643820	DECAYED	2.56869869865	0.100108662744
2214	DECAYED	3.27115941493	0.12656618303
5610	DECAYED	5.60557169587	0.21165389422
7194	DECAYED	2.45573228771	0.095817043081
12748	DECAYED	4.59935749459	0.175512664038
8467	DECAYED	2.98888708159	0.115982104869
31260	DECAYED	5.35656179138	0.202785369965
126	DECAYED	3.44026084759	0.132876276024
6386	DECAYED	3.80228935777	0.146308612567
9261	DECAYED	1.73029527414	0.0680142422711
7768	DECAYED	5.29466302045	0.200573138218
7894	DECAYED	2.62983677882	0.10242705456
325	DECAYED	3.02790434995	0.117448892097
61252	DECAYED	9.5977668971	0.34706382412
61199	DECAYED	2.73256376184	0.106315788589
6137	DECAYED	13.812340136	0.476181309428
8914	DECAYED	2.96349079042	0.115026720551
1549778	DECAYED	3.79833603896	0.146162498892
638024	DECAYED	3.43469202899	0.132668837426
8785	DECAYED	3.17690756719	0.123039206011
31210	DECAYED	4.00386280042	0.153742145087
7803	DECAYED	5.00402615592	0.190144935129
7915	DECAYED	3.52349130763	0.135973655907
1551246	DECAYED	5.07073614637	0.192544499828
244	DECAYED	4.02437188178	0.154496647654
61130	DECAYED	3.3687970544	0.130212364738
165675	DECAYED	2.14022434506	0.0837767497033
638014	DECAYED	1.38340254477	0.0545705807504
356	DECAYED	4.5566629229	0.173961246119
7921	DECAYED	7.14398862293	0.265344915539
93375	DECAYED	3.81023993737	0.146602426143
14296	DECAYED	2.85487236682	0.110934776181
2346	DECAYED	10.5533697812	0.377585345751
7410	DECAYED	5.53966791503	0.209311548358
7695	DECAYED	2.58089482206	0.100571385649
6287	DECAYED	3.41212624457	0.131828007579
7916	DECAYED	5.08778971372	0.19315734688
10895	WOOD	0.890489105338	0.0353023758748
62444	WOOD	1.70421356254	0.0670068049551
5541	WOOD	3.54739272051	0.136862110775
24020	WOOD	1.19188412286	0.0471071298095
14328	WOOD	4.34378108298	0.166203869681
8048	WOOD	2.25404007852	0.0881293244704
9609	WOOD	3.01800294212	0.117076780981
2345	WOOD	2.81218088643	0.109323890922
887	WOOD	1.91741402917	0.0752259705431
8125	WOOD	2.06881126054	0.081040458409
61386	WOOD	5.86371534494	0.220795350739
7136	WOOD	4.36286301526	0.166900691134
61204	WOOD	3.80168231726	0.146286177314
5363491	WOOD	3.09238141628	0.119870127522
520108	WOOD	7.14574606157	0.265405167752
6374	WOOD	2.29099859509	0.0895404739786
8892	WOOD	2.62426536499	0.102215907117
11525	WOOD	3.86991071429	0.148805944997
6050	WOOD	5.34038865546	0.202207645822
33032	WOOD	4.62105950812	0.176300703934
89440	WOOD	6.84253995724	0.254973457063
18827	WOOD	2.40533445024	0.0938991244827
6054	WOOD	3.61599226087	0.139409530422
5367706	WOOD	3.07754734415	0.119313374704
6569	WOOD	2.08999116762	0.0818524214725
2758	WOOD	5.6025330769	0.211545972325
104721	WOOD	8.22448794342	0.301922636964
11419	WOOD	4.25728756415	0.163041703604
7122	WOOD	2.6398484132	0.10280641667
7969	WOOD	4.22593064726	0.161893829956
240	WOOD	4.07703367927	0.156432465722
650	WOOD	3.90707697842	0.150176978931
643820	WOOD	4.86735692103	0.185217811483
2214	WOOD	2.38414365994	0.0930920900011
5610	WOOD	3.32062407572	0.128414345328
7194	WOOD	2.41601968447	0.0943059269325
12748	WOOD	4.55742793761	0.173989057742
8467	WOOD	2.87599260888	0.111731170961
31260	WOOD	3.00702456514	0.116664103912
126	WOOD	4.48751628311	0.171445530368
6386	WOOD	5.06291017867	0.192263183356
9261	WOOD	4.86633808763	0.185181024952
7768	WOOD	2.05748573244	0.0806061302818
7894	WOOD	5.98226624345	0.224975645975
325	WOOD	3.98071779352	0.15289026608
61252	WOOD	5.25257829686	0.199067300369
61199	WOOD	2.64949080119	0.103171711445
6137	WOOD	4.73331744101	0.180370980041
8914	WOOD	1.46042563417	0.0575638881538
1549778	WOOD	4.95421029099	0.188350731797
638024	WOOD	3.00409089202	0.116553810846
8785	WOOD	1.73409065906	0.068160798197
31210	WOOD	2.89519825962	0.1124550612
7803	WOOD	0.193565109838	0.00772761741283
7915	WOOD	1.49241537718	0.0588056936238
1551246	WOOD	4.89423241267	0.186187892143
244	WOOD	4.76217569425	0.181415700833
61130	WOOD	4.68769635127	0.178718055218
165675	WOOD	7.08777834751	0.263416493139
638014	WOOD	5.56488608229	0.210208260448
356	WOOD	2.71873326234	0.105792726273
7921	WOOD	5.0780303502	0.192806657113
93375	WOOD	4.83555308529	0.184069093955
14296	WOOD	8.161648117	0.299820924686
2346	WOOD	3.8566715988	0.148317297623
7410	WOOD	5.34865303937	0.202502885841
7695	WOOD	2.71432048689	0.105625805193
6287	WOOD	6.80630749703	0.253721971184
7916	WOOD	3.68771701927	0.142068978045
10895	GRASS	1.31567791626	0.0519347132988
62444	GRASS	1.13787073867	0.0449969296198
5541	GRASS	1.66793005825	0.0656044060584
24020	GRASS	1.86883617986	0.0733564277276
14328	GRASS	2.78625553519	0.108344933445
8048	GRASS	3.37447997489	0.130424352955
9609	GRASS	0.707522988241	0.0281006840181
2345	GRASS	5.42547771943	0.205244785384
887	GRASS	4.89218554242	0.186114029944
8125	GRASS	5.5363516061	0.209193588601
61386	GRASS	2.92285904255	0.113497119709
7136	GRASS	1.92131907633	0.0753761762558
61204	GRASS	1.75979701702	0.0691531264643
5363491	GRASS	3.52536703558	0.136043396329
520108	GRASS	5.14608245431	0.195250432322
6374	GRASS	1.17117652801	0.0462983993367
8892	GRASS	1.48783198283	0.0586278217096
11525	GRASS	2.91876265182	0.113342835906
6050	GRASS	1.06756280365	0.0422466360099
33032	GRASS	2.04004455579	0.0799370695158
89440	GRASS	5.39184057071	0.204044844932
18827	GRASS	3.72693524522	0.14352139128
6054	GRASS	5.24023356025	0.198625323304
5367706	GRASS	3.88568671408	0.149388044067
6569	GRASS	0.608952399307	0.0242097667624
2758	GRASS	8.39960407994	0.307762823718
104721	GRASS	3.85670431895	0.148318505477
11419	GRASS	2.32094166653	0.0906829585736
7122	GRASS	1.65591683261	0.0651398490819
7969	GRASS	1.76384311912	0.0693092677451
240	GRASS	0.509569444799	0.0202789133843
650	GRASS	0.202221975747	0.00807252153889
643820	GRASS	7.81483415233	0.288164712962
2214	GRASS	3.48058946247	0.134377777296
5610	GRASS	1.0961198454	0.0433642023299
7194	GRASS	1.9863453822	0.077875588097
12748	GRASS	2.46113151502	0.0960223932673
8467	GRASS	2.42679188937	0.0947159480251
31260	GRASS	2.46884188127	0.0963156031569
126	GRASS	0.853178778187	0.0338359855164
6386	GRASS	4.64235951079	0.177073779701
9261	GRASS	2.34725290442	0.0916862776978
7768	GRASS	1.68172138421	0.0661375806426
7894	GRASS	2.8220899512	0.109697921371
325	GRASS	3.49329046358	0.134850387238
61252	GRASS	1.39256236843	0.0549268027571
61199	GRASS	1.32357828736	0.0522423877014
6137	GRASS	2.47160261402	0.0964205767683
8914	GRASS	4.88177555291	0.185738329097
1549778	GRASS	2.2762149454	0.088976136025
638024	GRASS	1.27452408931	0.0503311989106
8785	GRASS	2.88122427148	0.111928389538
31210	GRASS	1.64288082226	0.0646356099321
7803	GRASS	4.72262636854	0.179983774815
7915	GRASS	2.94723308826	0.11441485038
1551246	GRASS	4.07595618034	0.1563928797
244	GRASS	2.22864791557	0.0871591680101
61130	GRASS	7.01840647545	0.261033047236
165675	GRASS	7.21667346938	0.26783478839
638014	GRASS	6.75479777365	0.251940993761
356	GRASS	4.53288748855	0.173096671949
7921	GRASS	0.404122172125	0.016099560993
93375	GRASS	4.31824691527	0.165270974042
14296	GRASS	3.33883201483	0.129094160904
2346	GRASS	3.0374237385	0.117806572353
7410	GRASS	2.65926671249	0.10354198872
7695	GRASS	2.26776859476	0.0886536340305
6287	GRASS	0.867426970649	0.0343961070062
7916	GRASS	3.70179456309	0.142590469329
10895	FLOWER	5.28445584613	0.200208044409
62444	FLOWER	2.04087187698	0.079968811872
5541	FLOWER	9.33900606034	0.338673428736
24020	FLOWER	10.1465864271	0.364682170636
14328	FLOWER	5.48495810202	0.207364417929
8048	FLOWER	9.27358765721	0.336543735074
9609	FLOWER	2.69348060428	0.104837289065
2345	FLOWER	12.5503772794	0.439010303233
887	FLOWER	2.73108521479	0.106259878011
8125	FLOWER	6.43351979296	0.240784720948
61386	FLOWER	6.54823806988	0.244777754067
7136	FLOWER	6.71193666399	0.250457429047
61204	FLOWER	7.88231605351	0.290440279594
5363491	FLOWER	9.49691833422	0.34380015023
520108	FLOWER	2.15194351512	0.0842253962481
6374	FLOWER	1.33610962948	0.0527303096025
8892	FLOWER	3.57757691193	0.137983453853
11525	FLOWER	6.15256831299	0.230961093781
6050	FLOWER	3.53756933079	0.136497014523
33032	FLOWER	7.06491792565	0.262631490908
89440	FLOWER	6.02589449863	0.226511218142
18827	FLOWER	3.77769915737	0.145399561925
6054	FLOWER	7.2551398407	0.269150771985
5367706	FLOWER	11.5287895309	0.407986386016
6569	FLOWER	2.23860789034	0.0875397694989
2758	FLOWER	7.1139162757	0.264313529117
104721	FLOWER	2.1156462585	0.0828354667036
11419	FLOWER	4.45186128186	0.170146823725
7122	FLOWER	16.6327910591	0.554651746998
7969	FLOWER	2.88602704727	0.112109421044
240	FLOWER	5.54096834956	0.209357801882
650	FLOWER	1.36582168868	0.0538866799931
643820	FLOWER	8.10312669375	0.297860802864
2214	FLOWER	5.53929197178	0.209298176652
5610	FLOWER	5.67507810027	0.214120519433
7194	FLOWER	14.6138782408	0.499128954738
12748	FLOWER	2.79360179384	0.10862238736
8467	FLOWER	6.25210011261	0.234448502177
31260	FLOWER	2.14954672008	0.0841336483625
126	FLOWER	3.95006990739	0.151761575386
6386	FLOWER	9.01372877925	0.328050228568
9261	FLOWER	1.19089284661	0.0470684235556
7768	FLOWER	3.17382242688	0.122923637556
7894	FLOWER	1.77934839488	0.0699075035109
325	FLOWER	3.51097711426	0.135508300451
61252	FLOWER	2.62021823208	0.10206251185
61199	FLOWER	2.77599069194	0.107957177949
6137	FLOWER	2.42002775365	0.0944584964147
8914	FLOWER	6.47193868029	0.242123151099
1549778	FLOWER	6.48104069571	0.242440072429
638024	FLOWER	10.2327004056	0.367424753188
8785	FLOWER	9.87073847367	0.35585694774
31210	FLOWER	12.2736758438	0.430689786263
7803	FLOWER	6.96831880045	0.259309765256
7915	FLOWER	2.00782402248	0.0787004179769
1551246	FLOWER	7.78441983512	0.287137916537
244	FLOWER	3.96988384716	0.152491362782
61130	FLOWER	7.17869861165	0.266534458963
165675	FLOWER	5.25865656853	0.199284875179
638014	FLOWER	7.08527431686	0.263330527816
356	FLOWER	6.49478560083	0.242918528033
7921	FLOWER	2.43433550584	0.0950030244916
93375	FLOWER	9.9228364749	0.357528385513
14296	FLOWER	2.55193177072	0.0994723285237
2346	FLOWER	5.30515602795	0.200948368926
7410	FLOWER	7.95940808932	0.29303545272
7695	FLOWER	12.6940806211	0.443307351718
6287	FLOWER	2.60665803462	0.101548454941
7916	FLOWER	2.12308031204	0.0831202244771
10895	CHEMICAL	26.8912550053	0.786394361908
62444	CHEMICAL	21.4007876216	0.672834020533
5541	CHEMICAL	10.856377551	0.387110728629
24020	CHEMICAL	15.3896107096	0.520848381268
14328	CHEMICAL	10.8297720304	0.386277296324
8048	CHEMICAL	16.9428803997	0.562890737492
9609	CHEMICAL	20.7646631629	0.658118032009
2345	CHEMICAL	16.3782785671	0.547831939155
887	CHEMICAL	15.8893598465	0.534585691328
8125	CHEMICAL	19.3262368954	0.6236481028
61386	CHEMICAL	11.5612039946	0.408983584663
7136	CHEMICAL	12.3996148808	0.434484415556
61204	CHEMICAL	10.054518193	0.361743393284
5363491	CHEMICAL	17.8754188992	0.587204515639
520108	CHEMICAL	9.14855682772	0.332463836297
6374	CHEMICAL	14.4751731788	0.495194671731
8892	CHEMICAL	12.2381066438	0.429615764061
11525	CHEMICAL	30.9828584913	0.855339331536
6050	CHEMICAL	9.29049361332	0.337094435901
33032	CHEMICAL	11.0357355073	0.392714437016
89440	CHEMICAL	21.9661442999	0.685641173834
18827	CHEMICAL	17.4805422424	0.576993946859
6054	CHEMICAL	14.8454886625	0.505664133047
5367706	CHEMICAL	17.086691459	0.566685648353
6569	CHEMICAL	23.6229216326	0.721699894719
2758	CHEMICAL	28.806339028	0.820331493842
104721	CHEMICAL	14.8722571962	0.506416674203
11419	CHEMICAL	31.2305442593	0.859083012479
7122	CHEMICAL	28.5714305451	0.816326564447
7969	CHEMICAL	19.5903193928	0.630100530147
240	CHEMICAL	21.847214828	0.682968274823
650	CHEMICAL	8.7201149815	0.318388437144
643820	CHEMICAL	18.7342311869	0.608980680211
2214	CHEMICAL	15.3309616935	0.519223113161
5610	CHEMICAL	11.4266443443	0.404838493385
7194	CHEMICAL	11.9377121958	0.420504898843
12748	CHEMICAL	12.0543797581	0.424051961783
8467	CHEMICAL	11.6884524988	0.412890131224
31260	CHEMICAL	23.7515605874	0.724407771362
126	CHEMICAL	13.7243557459	0.473631053581
6386	CHEMICAL	16.9399405478	0.562812987606
9261	CHEMICAL	15.0389351768	0.51108957857
7768	CHEMICAL	23.0884141902	0.710306619681
7894	CHEMICAL	33.3510821536	0.889125413818
325	CHEMICAL	26.973215029	0.78790686956
61252	CHEMICAL	17.5122563566	0.577818605183
61199	CHEMICAL	12.6694324275	0.442571489885
6137	CHEMICAL	13.4586862546	0.465892955905
8914	CHEMICAL	30.4427025574	0.847004846697
1549778	CHEMICAL	14.5310845263	0.496782414047
638024	CHEMICAL	16.9195986607	0.562274818891
8785	CHEMICAL	16.2787802336	0.545151734986
31210	CHEMICAL	14.9441267279	0.508434299652
7803	CHEMICAL	22.5166463539	0.697866108945
7915	CHEMICAL	21.5963872566	0.67729391325
1551246	CHEMICAL	22.1590115152	0.689951744076
244	CHEMICAL	26.9516667487	0.787509733735
61130	CHEMICAL	24.9333059588	0.748664339939
165675	CHEMICAL	36.1113846428	0.922842545384
638014	CHEMICAL	26.5642872379	0.780306946934
356	CHEMICAL	23.7588617224	0.724561064758
7921	CHEMICAL	13.7326353062	0.473871303267
93375	CHEMICAL	23.1051615646	0.710667066214
14296	CHEMICAL	22.4996822697	0.697493009892
2346	CHEMICAL	8.62631313509	0.315287214082
7410	CHEMICAL	22.9709187606	0.707771506943
7695	CHEMICAL	10.8907954087	0.388188046496
6287	CHEMICAL	10.3291332621	0.370488932904
7916	CHEMICAL	16.9487734152	0.563046568495
