#oID	descriptor	value	sigma
520191	INTENSITY/STRENGTH	48.3270974073	0.998880558766
1110	INTENSITY/STRENGTH	50.1952176449	0.999984756028
12178	INTENSITY/STRENGTH	58.9531983515	0.967936095711
8078	INTENSITY/STRENGTH	47.6759250092	0.997839470175
7820	INTENSITY/STRENGTH	48.6457480261	0.999266400637
521238	INTENSITY/STRENGTH	48.8610407555	0.999481108736
7122	INTENSITY/STRENGTH	47.5377761753	0.997574981535
9589	INTENSITY/STRENGTH	49.725016441	0.999969753617
24020	INTENSITY/STRENGTH	50.6049477785	0.999853615274
33032	INTENSITY/STRENGTH	45.2595414696	0.991011221169
8914	INTENSITY/STRENGTH	46.5851296291	0.99533546414
8082	INTENSITY/STRENGTH	47.9646838469	0.998342995263
6943	INTENSITY/STRENGTH	49.0621751185	0.999648193797
660	INTENSITY/STRENGTH	49.3075678034	0.999808215061
170833	INTENSITY/STRENGTH	46.1127750771	0.993955792959
11428	INTENSITY/STRENGTH	36.0047360416	0.921653034694
15037	INTENSITY/STRENGTH	49.0717015754	0.999655304814
11529	INTENSITY/STRENGTH	49.9608301947	0.999999386291
14328	INTENSITY/STRENGTH	46.9711745602	0.996330486582
7409	INTENSITY/STRENGTH	49.2706206008	0.999787202277
6213	INTENSITY/STRENGTH	39.1710481196	0.953093520468
7059	INTENSITY/STRENGTH	50.187954538	0.999985869237
261	INTENSITY/STRENGTH	39.4161362887	0.955192731577
17617	INTENSITY/STRENGTH	46.9564251361	0.996294660819
7335	INTENSITY/STRENGTH	46.6473715413	0.995503952967
8697	INTENSITY/STRENGTH	49.3020992797	0.999805173834
7654	INTENSITY/STRENGTH	47.6999253812	0.997883862699
957	INTENSITY/STRENGTH	47.9944839487	0.998391162147
7136	INTENSITY/STRENGTH	46.9670765848	0.996320550223
31249	INTENSITY/STRENGTH	48.0252132838	0.99844008697
1183	INTENSITY/STRENGTH	48.4831602642	0.999079678886
7915	INTENSITY/STRENGTH	35.4723438561	0.915578882786
31244	INTENSITY/STRENGTH	49.4863828326	0.999894478962
8125	INTENSITY/STRENGTH	51.7271121618	0.998806833432
31265	INTENSITY/STRENGTH	48.8433028933	0.999464820721
21057	INTENSITY/STRENGTH	53.4824159558	0.995149111644
807	INTENSITY/STRENGTH	66.1836734694	0.895235485214
1068	INTENSITY/STRENGTH	39.7799142241	0.958219938693
356	INTENSITY/STRENGTH	50.6975719609	0.999805357344
875	INTENSITY/STRENGTH	43.2417985809	0.981730685432
14257	INTENSITY/STRENGTH	46.0529658525	0.993768368576
13204	INTENSITY/STRENGTH	49.0119055452	0.999609467739
16324	INTENSITY/STRENGTH	52.2350841976	0.998001759452
6106	INTENSITY/STRENGTH	49.1176585431	0.999688589421
61918	INTENSITY/STRENGTH	49.538498202	0.999914806436
8122	INTENSITY/STRENGTH	43.4042927666	0.982598658437
4133	INTENSITY/STRENGTH	48.3802376269	0.998950547942
14514	INTENSITY/STRENGTH	49.5061715794	0.999902453396
98330	INTENSITY/STRENGTH	44.7279328371	0.988882123132
11583	INTENSITY/STRENGTH	58.5075970687	0.971048316846
22310	INTENSITY/STRENGTH	45.8237943583	0.993023722575
1551246	INTENSITY/STRENGTH	49.320774714	0.999815461204
6050	INTENSITY/STRENGTH	44.6772070103	0.988667149915
31272	INTENSITY/STRENGTH	51.0577421741	0.999552472597
61052	INTENSITY/STRENGTH	47.7953103059	0.998055737341
439570	INTENSITY/STRENGTH	48.356120936	0.998919064649
8091	INTENSITY/STRENGTH	48.0287538268	0.99844567541
61325	INTENSITY/STRENGTH	48.1369728243	0.998611651897
220674	INTENSITY/STRENGTH	44.3676499737	0.987310653273
15606	INTENSITY/STRENGTH	46.9862267383	0.996366868291
7792	INTENSITY/STRENGTH	46.9674733915	0.996321512948
7151	INTENSITY/STRENGTH	48.9312664775	0.999543123463
61527	VALENCE/PLEASANTNESS	44.8284182199	0.989301896757
520191	VALENCE/PLEASANTNESS	28.6579548532	0.817806843582
1110	VALENCE/PLEASANTNESS	42.8972797142	0.979820545817
12178	VALENCE/PLEASANTNESS	45.907543339	0.993300719391
1549026	VALENCE/PLEASANTNESS	45.0512878062	0.990204099049
8078	VALENCE/PLEASANTNESS	43.7573186307	0.984411571728
7820	VALENCE/PLEASANTNESS	44.5102671329	0.987945133219
521238	VALENCE/PLEASANTNESS	47.5363794445	0.997572229503
7122	VALENCE/PLEASANTNESS	44.9800779379	0.989920152996
9589	VALENCE/PLEASANTNESS	44.3834257666	0.987381637552
24020	VALENCE/PLEASANTNESS	46.9063972677	0.996171848854
33032	VALENCE/PLEASANTNESS	44.3773290418	0.987354228518
8914	VALENCE/PLEASANTNESS	44.5162539108	0.987971411532
8082	VALENCE/PLEASANTNESS	43.6242469589	0.983739909263
6943	VALENCE/PLEASANTNESS	43.914793378	0.985188104147
660	VALENCE/PLEASANTNESS	44.8450879562	0.989370752728
170833	VALENCE/PLEASANTNESS	45.8897954415	0.993242487395
11428	VALENCE/PLEASANTNESS	45.5408727831	0.992046473785
7144	VALENCE/PLEASANTNESS	44.8723820221	0.989483013549
15037	VALENCE/PLEASANTNESS	44.275070624	0.986890073456
11529	VALENCE/PLEASANTNESS	46.194316833	0.994206710253
14328	VALENCE/PLEASANTNESS	45.4917201095	0.991870164972
7409	VALENCE/PLEASANTNESS	45.8896957973	0.993242159745
6213	VALENCE/PLEASANTNESS	43.4476551019	0.982826710535
7059	VALENCE/PLEASANTNESS	44.4382444625	0.987626750136
261	VALENCE/PLEASANTNESS	42.9245059829	0.979974953765
17617	VALENCE/PLEASANTNESS	44.863353751	0.989445946125
7335	VALENCE/PLEASANTNESS	46.373882496	0.994740508739
8697	VALENCE/PLEASANTNESS	43.2892417537	0.981986289504
263	VALENCE/PLEASANTNESS	44.4249238531	0.987567410383
7654	VALENCE/PLEASANTNESS	46.61495668	0.995416592689
957	VALENCE/PLEASANTNESS	44.709364747	0.988803671448
7136	VALENCE/PLEASANTNESS	45.3634093795	0.991400810967
31249	VALENCE/PLEASANTNESS	49.931124791	0.999998102482
1183	VALENCE/PLEASANTNESS	45.360543801	0.991390178471
10430	VALENCE/PLEASANTNESS	42.8568707619	0.979590281875
7915	VALENCE/PLEASANTNESS	48.7509557217	0.999375955356
31244	VALENCE/PLEASANTNESS	45.5867245006	0.992209199747
6501	VALENCE/PLEASANTNESS	49.8896974599	0.99999513334
8125	VALENCE/PLEASANTNESS	43.467699583	0.982931620505
31265	VALENCE/PLEASANTNESS	47.482546625	0.997464971402
21057	VALENCE/PLEASANTNESS	44.5474552388	0.988107902251
807	VALENCE/PLEASANTNESS	31.5306122449	0.863552686381
1068	VALENCE/PLEASANTNESS	41.7944200398	0.973067383007
356	VALENCE/PLEASANTNESS	43.6174831346	0.983705391385
875	VALENCE/PLEASANTNESS	43.2836206414	0.981956099325
14257	VALENCE/PLEASANTNESS	43.1196425528	0.981064272559
13204	VALENCE/PLEASANTNESS	47.9951551203	0.998392238803
526618	VALENCE/PLEASANTNESS	43.8694026723	0.984966310562
16324	VALENCE/PLEASANTNESS	44.3774269595	0.987354668962
6106	VALENCE/PLEASANTNESS	44.719023814	0.988844516209
61918	VALENCE/PLEASANTNESS	44.0036629102	0.985617576602
8122	VALENCE/PLEASANTNESS	46.3150279636	0.994568392436
4133	VALENCE/PLEASANTNESS	44.735027133	0.988912024284
14514	VALENCE/PLEASANTNESS	44.5896119549	0.988291080481
98330	VALENCE/PLEASANTNESS	43.296891219	0.982027333068
11583	VALENCE/PLEASANTNESS	43.7798599998	0.984523943351
22310	VALENCE/PLEASANTNESS	51.9034488888	0.998550752931
1551246	VALENCE/PLEASANTNESS	44.4353206915	0.987613737677
6050	VALENCE/PLEASANTNESS	44.5593318688	0.988159652115
31272	VALENCE/PLEASANTNESS	46.2263554	0.994303842573
61052	VALENCE/PLEASANTNESS	46.4830614235	0.99505245722
439570	VALENCE/PLEASANTNESS	44.3992066434	0.987452445511
8091	VALENCE/PLEASANTNESS	44.2884226816	0.986951153815
61325	VALENCE/PLEASANTNESS	49.3814342374	0.999846950559
220674	VALENCE/PLEASANTNESS	46.8665736775	0.996072655793
15606	VALENCE/PLEASANTNESS	44.1327987323	0.986230379714
7792	VALENCE/PLEASANTNESS	44.4407438274	0.987637868323
7151	VALENCE/PLEASANTNESS	44.7319065296	0.988898876475
61527	BAKERY	4.06385771489	0.155948332785
520191	BAKERY	4.00108622711	0.153639972686
1110	BAKERY	3.39843807378	0.131317770415
12178	BAKERY	3.24780488386	0.125692900729
1549026	BAKERY	3.31007032873	0.128020186917
8078	BAKERY	2.84368362765	0.110512730477
7820	BAKERY	3.35054825385	0.129531460713
521238	BAKERY	3.11870086128	0.120857516426
7122	BAKERY	3.89888664946	0.149874939136
9589	BAKERY	3.87806916914	0.149106998573
24020	BAKERY	3.53956777229	0.136571294886
33032	BAKERY	3.45026856919	0.133249001488
8914	BAKERY	2.67780077927	0.104243784366
8082	BAKERY	2.5600207876	0.0997793489309
6943	BAKERY	4.21560105402	0.161515525262
660	BAKERY	3.9739682071	0.15264175896
170833	BAKERY	3.48217046577	0.13443661417
11428	BAKERY	3.38776908483	0.130919971644
7144	BAKERY	6.25472677176	0.234540428075
15037	BAKERY	3.5918739698	0.138514335346
11529	BAKERY	3.19261262993	0.123627395035
14328	BAKERY	4.56381904367	0.174221384042
7409	BAKERY	3.78232762934	0.145570704255
6213	BAKERY	3.61258861102	0.139283225852
7059	BAKERY	4.11368542043	0.157778453722
261	BAKERY	3.56994910056	0.13770014939
17617	BAKERY	3.26223713024	0.126232608772
7335	BAKERY	3.60471282458	0.138990931164
8697	BAKERY	3.24647163991	0.125643034353
263	BAKERY	3.15404065945	0.122182437386
7654	BAKERY	3.63030138986	0.139940420322
957	BAKERY	2.72857887168	0.106165097804
7136	BAKERY	4.5863828832	0.175041352147
31249	BAKERY	3.3979190876	0.131298421854
1183	BAKERY	14.0263088453	0.482357417883
10430	BAKERY	3.55781445902	0.137249360871
7915	BAKERY	3.53051698676	0.136234859393
31244	BAKERY	5.79008871902	0.218193497811
6501	BAKERY	3.80547973996	0.146426519178
8125	BAKERY	2.79072190505	0.108513624702
31265	BAKERY	3.18083900195	0.123186465376
21057	BAKERY	3.25378885441	0.125916697413
807	BAKERY	0.122448979592	0.00489196168264
1068	BAKERY	3.31140446949	0.128070018955
356	BAKERY	2.73643028055	0.10646199095
875	BAKERY	3.8961359178	0.149773486676
14257	BAKERY	2.62530859294	0.102255445634
13204	BAKERY	4.00755797138	0.153878110498
526618	BAKERY	3.91148431571	0.150339488808
16324	BAKERY	3.36032021406	0.129896107786
6106	BAKERY	3.56950886071	0.137683797026
61918	BAKERY	3.98361744164	0.152997014497
8122	BAKERY	2.91284463469	0.113119919841
4133	BAKERY	4.43679693137	0.169597810451
14514	BAKERY	4.11204786817	0.157718339659
98330	BAKERY	4.04868893418	0.155390804533
11583	BAKERY	3.20541381696	0.124106681583
22310	BAKERY	3.50196737846	0.135173184931
1551246	BAKERY	3.26954454316	0.126505813119
6050	BAKERY	3.17710410669	0.123046568066
31272	BAKERY	3.30704339056	0.127907121228
61052	BAKERY	3.47548845413	0.134187930167
439570	BAKERY	3.77559365578	0.14532170325
8091	BAKERY	2.91496537234	0.113199805645
61325	BAKERY	4.1826937759	0.160309780147
220674	BAKERY	3.46577705852	0.133826438093
15606	BAKERY	2.87117238216	0.111549442947
7792	BAKERY	3.16091546318	0.122440063901
7151	BAKERY	3.81839788227	0.146903850336
61527	SWEET	14.6269616353	0.499499262741
520191	SWEET	14.4597198344	0.494755394299
1110	SWEET	14.4074197979	0.493267293821
12178	SWEET	14.1866090644	0.486960411879
1549026	SWEET	16.9030026652	0.561835506969
8078	SWEET	11.6836853653	0.412744013126
7820	SWEET	15.4316934743	0.522012873578
521238	SWEET	16.9732460505	0.563693409424
7122	SWEET	19.3915319762	0.625248674094
9589	SWEET	13.6049401734	0.470159848088
24020	SWEET	15.5409776612	0.525030311782
33032	SWEET	14.0840023127	0.48401644405
8914	SWEET	14.801576863	0.504428403466
8082	SWEET	10.4412620594	0.37404250102
6943	SWEET	13.3231580006	0.46192370438
660	SWEET	13.4401082173	0.465349725135
170833	SWEET	13.9487518391	0.480123002416
11428	SWEET	13.760952166	0.474692564835
7144	SWEET	16.4095471046	0.548672589712
15037	SWEET	12.5302001164	0.438405638672
11529	SWEET	15.8352477526	0.533107881549
14328	SWEET	15.3029085338	0.518444737513
7409	SWEET	12.532716894	0.438481078662
6213	SWEET	14.2693315683	0.489327733369
7059	SWEET	12.7713709041	0.445611670257
261	SWEET	14.6672496934	0.50063870231
17617	SWEET	16.2736757816	0.545014021887
7335	SWEET	14.5163528416	0.496364313735
8697	SWEET	14.7629581415	0.503340352424
263	SWEET	14.2715107683	0.489390022887
7654	SWEET	15.5074699695	0.524106148838
957	SWEET	15.8682976419	0.534010757656
7136	SWEET	16.4947614531	0.550959595965
31249	SWEET	16.5144755338	0.55148786049
1183	SWEET	26.9150871066	0.786834718682
10430	SWEET	13.7675450961	0.474883684656
7915	SWEET	14.5834773234	0.4982679686
31244	SWEET	16.8982098174	0.561708594684
6501	SWEET	15.6347657892	0.527612271054
8125	SWEET	14.9000335529	0.507196942166
31265	SWEET	17.9960056245	0.590297737604
21057	SWEET	14.3220121389	0.490832472873
807	SWEET	2.77551020408	0.107939025406
1068	SWEET	12.5989425385	0.440464360306
356	SWEET	14.9592413811	0.508858094165
875	SWEET	14.3651411341	0.492062733444
14257	SWEET	14.923591717	0.507858232786
13204	SWEET	14.1505335757	0.485926302838
526618	SWEET	12.8365907519	0.447552405223
16324	SWEET	16.0855847007	0.539924973961
6106	SWEET	13.8388475575	0.476948421613
61918	SWEET	14.0124674427	0.481959000176
8122	SWEET	15.6996035915	0.529393122488
4133	SWEET	14.9775550339	0.509371339438
14514	SWEET	14.3283225587	0.491012571409
98330	SWEET	12.4353109047	0.43555765327
11583	SWEET	15.2094887131	0.515848129758
22310	SWEET	13.5853891545	0.469590446787
1551246	SWEET	16.9600472685	0.563344609401
6050	SWEET	16.6066714409	0.553954243098
31272	SWEET	15.5004204051	0.523911603111
61052	SWEET	15.791225155	0.53190388944
439570	SWEET	14.0102128294	0.481894087766
8091	SWEET	17.2785087065	0.571721603011
61325	SWEET	14.9078867193	0.507417434197
220674	SWEET	14.6175137417	0.499231866471
15606	SWEET	16.3922905883	0.548208747239
7792	SWEET	16.3724610231	0.547675448943
7151	SWEET	14.091445768	0.484230293188
61527	FRUIT	6.38225117934	0.238996795127
520191	FRUIT	6.3267703277	0.237059603996
1110	FRUIT	7.08035774728	0.263161723559
12178	FRUIT	8.87986562802	0.323653819692
1549026	FRUIT	8.21610618553	0.30164248708
8078	FRUIT	3.91018278162	0.150291499511
7820	FRUIT	7.80913295324	0.287972295137
521238	FRUIT	9.8486347007	0.355147145841
7122	FRUIT	5.58172908379	0.210806883526
9589	FRUIT	5.71966588208	0.215700804162
24020	FRUIT	16.1997059342	0.543016048425
33032	FRUIT	4.06001830168	0.155807232623
8914	FRUIT	7.56726868101	0.279785325124
8082	FRUIT	3.54510520242	0.136777099738
6943	FRUIT	4.90090236348	0.186428556949
660	FRUIT	5.05045169957	0.191815243035
170833	FRUIT	6.04925444077	0.227332785915
11428	FRUIT	6.91514040743	0.257477949556
7144	FRUIT	5.05949648233	0.192140457431
15037	FRUIT	4.82232909782	0.183591220742
11529	FRUIT	10.2991603546	0.36953733258
14328	FRUIT	6.17747488436	0.231834516995
7409	FRUIT	4.82855501691	0.183816223256
6213	FRUIT	6.27436443314	0.23522751771
7059	FRUIT	4.53857192621	0.173303422997
261	FRUIT	7.38032811975	0.273425427528
17617	FRUIT	7.93275109677	0.292138627885
7335	FRUIT	6.72414851682	0.250880271362
8697	FRUIT	3.06378511336	0.118796692846
263	FRUIT	7.37529216105	0.273253712658
7654	FRUIT	6.51592376921	0.243654045742
957	FRUIT	7.62653834837	0.281795899063
7136	FRUIT	6.23809317272	0.233958204336
31249	FRUIT	9.67100240477	0.349428781185
1183	FRUIT	5.43852898273	0.205710120311
10430	FRUIT	2.0085016699	0.0787264352129
7915	FRUIT	8.19885941077	0.301065858176
31244	FRUIT	5.66406061512	0.213729791544
6501	FRUIT	6.79492119824	0.253328466293
8125	FRUIT	8.14867992232	0.299386803102
31265	FRUIT	11.2842989815	0.400437797857
21057	FRUIT	7.58065247697	0.280239582288
807	FRUIT	2.04081632653	0.0799666805497
1068	FRUIT	5.35662432382	0.202787603294
356	FRUIT	8.46443064751	0.309918591426
875	FRUIT	6.49303550672	0.242857616232
14257	FRUIT	7.96391172281	0.293186912941
13204	FRUIT	5.789720797	0.218180485117
526618	FRUIT	4.91849587174	0.187063194214
16324	FRUIT	9.52843680066	0.344821028881
6106	FRUIT	4.37287246763	0.167266093258
61918	FRUIT	6.26379061539	0.234857595466
8122	FRUIT	8.43241471227	0.308854341339
4133	FRUIT	5.82016250595	0.2192567836
14514	FRUIT	6.08166231524	0.228471846003
98330	FRUIT	4.14734678642	0.15901367731
11583	FRUIT	9.48754887808	0.343496521637
22310	FRUIT	5.83388592952	0.219741747166
1551246	FRUIT	7.35733249943	0.272641163374
6050	FRUIT	8.33748808325	0.305694040315
31272	FRUIT	10.2197002734	0.367011101465
61052	FRUIT	6.91647099724	0.257523811467
439570	FRUIT	6.01842732308	0.226248505946
8091	FRUIT	9.00851248354	0.327879180475
61325	FRUIT	6.15578059004	0.231073769732
220674	FRUIT	6.96961294863	0.259354316084
15606	FRUIT	8.72084979251	0.318412703259
7792	FRUIT	7.02722512558	0.261336247837
7151	FRUIT	5.98931378009	0.225223799381
61527	FISH	1.06807349505	0.0422666274057
520191	FISH	4.04250325919	0.155163397327
1110	FISH	1.24370443494	0.0491294571089
12178	FISH	1.14970428725	0.0454594435109
1549026	FISH	1.11963254849	0.0442838711222
8078	FISH	1.22808028937	0.048519939096
7820	FISH	1.15131400434	0.0455223505988
521238	FISH	1.06656705545	0.0422076561046
7122	FISH	1.19048372277	0.0470524483132
9589	FISH	1.17822021544	0.0465735274671
24020	FISH	1.09357924292	0.0432648034927
33032	FISH	1.27037360507	0.0501694045644
8914	FISH	1.03983926176	0.0411610641945
8082	FISH	1.5467714486	0.0609138571784
6943	FISH	1.21686646563	0.0480823530272
660	FISH	1.24199300925	0.0490627017161
170833	FISH	1.05037690024	0.0415737593566
11428	FISH	1.16315046855	0.045984851137
7144	FISH	1.14662829317	0.0453392291496
15037	FISH	1.39979781934	0.0552081391996
11529	FISH	1.09463742118	0.0433062044137
14328	FISH	1.11753800698	0.0442019638002
7409	FISH	1.30901279831	0.05167510613
6213	FISH	4.61385486011	0.176039131736
7059	FISH	1.25174590551	0.0494430890955
261	FISH	1.23744205877	0.0488851772112
17617	FISH	1.14808014107	0.0453959704386
7335	FISH	1.06819133743	0.0422712404038
8697	FISH	1.11457824481	0.0440862159269
263	FISH	1.1760035462	0.0464869481117
7654	FISH	1.2558883841	0.0496046331106
957	FISH	1.0568091132	0.0418256263272
7136	FISH	1.15358184376	0.0456109733223
31249	FISH	1.12331607684	0.0444279074703
1183	FISH	1.14984106198	0.0454647886923
10430	FISH	1.14945965535	0.0454498832143
7915	FISH	1.05740380126	0.041848910931
31244	FISH	1.19274370772	0.0471406932877
6501	FISH	1.18958421438	0.0470173243341
8125	FISH	1.13010511741	0.0446933496659
31265	FISH	1.06473512608	0.0421359406876
21057	FISH	1.18600888285	0.0468777084861
807	FISH	3.02040816327	0.117167180342
1068	FISH	6.24161741571	0.234081581443
356	FISH	1.05164005384	0.0416232234323
875	FISH	1.20895363574	0.0477735178724
14257	FISH	1.01357449199	0.0401320463793
13204	FISH	1.09668935699	0.0433864832614
526618	FISH	5.65559206879	0.213429394092
16324	FISH	1.144721175	0.0452646923726
6106	FISH	1.16003089472	0.0458629671181
61918	FISH	1.13200467037	0.0447676129851
8122	FISH	1.01708513938	0.040269620703
4133	FISH	1.17851584211	0.0465850738483
14514	FISH	1.13252849064	0.0447880913126
98330	FISH	4.18778457999	0.160496367324
11583	FISH	1.10653771946	0.0437717384885
22310	FISH	1.07778861904	0.0426468934386
1551246	FISH	1.16439781256	0.0460335835959
6050	FISH	1.13480635232	0.0448771399098
31272	FISH	1.0829202472	0.0428477233833
61052	FISH	1.24476011923	0.0491706336673
439570	FISH	1.07744536367	0.0426334591422
8091	FISH	1.04974216889	0.041548903307
61325	FISH	1.06601722678	0.0421861319799
220674	FISH	1.04524289166	0.0413727025854
15606	FISH	1.04400338227	0.0413241580661
7792	FISH	1.16027595131	0.0458725419392
7151	FISH	1.1817806293	0.0467125829898
61527	GARLIC	2.93397215097	0.113915609006
520191	GARLIC	3.05512971909	0.118471661723
1110	GARLIC	3.25754008313	0.126056976368
12178	GARLIC	3.28521619664	0.127091589682
1549026	GARLIC	2.97803752336	0.115574017938
8078	GARLIC	4.29593249852	0.164455285528
7820	GARLIC	3.14727580991	0.121928894387
521238	GARLIC	2.89202318876	0.112335408301
7122	GARLIC	2.79127821221	0.108534634865
9589	GARLIC	3.02207394637	0.11722978548
24020	GARLIC	3.10523362693	0.120352354726
33032	GARLIC	3.21573137997	0.124492883876
8914	GARLIC	2.93250543109	0.113860382002
8082	GARLIC	4.66196238185	0.177784937974
6943	GARLIC	2.91476997902	0.113192445549
660	GARLIC	2.84742722881	0.110653952423
170833	GARLIC	3.53254668806	0.136310313081
11428	GARLIC	3.44802606581	0.133165489132
7144	GARLIC	2.89372840863	0.112399670704
15037	GARLIC	3.16892473492	0.122740155807
11529	GARLIC	2.95668851483	0.114770737804
14328	GARLIC	2.86485904588	0.111311394894
7409	GARLIC	2.95976312816	0.114886446016
6213	GARLIC	3.38252147507	0.130724278391
7059	GARLIC	2.95567047512	0.114732423822
261	GARLIC	3.30715670874	0.127911354151
17617	GARLIC	3.625824781	0.139774349103
7335	GARLIC	2.98637626228	0.115887673219
8697	GARLIC	3.09345675707	0.1199104804
263	GARLIC	3.4494312994	0.13321782146
7654	GARLIC	2.90671983119	0.112889185177
957	GARLIC	2.981912673	0.115719785644
7136	GARLIC	2.8724279835	0.111596782332
31249	GARLIC	2.96288868773	0.115004063759
1183	GARLIC	2.81742200124	0.109521733356
10430	GARLIC	3.33819946604	0.129070548372
7915	GARLIC	3.0730079268	0.119142965985
31244	GARLIC	2.79033537624	0.108499026445
6501	GARLIC	2.85093840566	0.110786396309
8125	GARLIC	2.95084740867	0.114550896175
31265	GARLIC	2.85893129734	0.111087856628
21057	GARLIC	3.19509824342	0.123720468623
807	GARLIC	1.16326530612	0.0459893377758
1068	GARLIC	4.8750580739	0.185495846467
356	GARLIC	2.95102260568	0.114557490459
875	GARLIC	3.06626141075	0.118889672814
14257	GARLIC	2.84036990789	0.11038771583
13204	GARLIC	3.68656807436	0.142026409308
526618	GARLIC	3.70715445065	0.142788980378
16324	GARLIC	3.01146154914	0.116830901701
6106	GARLIC	3.22799693924	0.124951891874
61918	GARLIC	3.08755485531	0.119688996219
8122	GARLIC	2.71025855251	0.105472141532
4133	GARLIC	2.86583775526	0.111348299795
14514	GARLIC	2.95903222177	0.114858940195
98330	GARLIC	5.46357531107	0.206602750371
11583	GARLIC	3.08335625274	0.119531415797
22310	GARLIC	3.32966197411	0.12875181942
1551246	GARLIC	3.27466580389	0.126697257705
6050	GARLIC	2.87843329871	0.111823180646
31272	GARLIC	2.98062368008	0.115671300194
61052	GARLIC	2.870102114	0.111509090102
439570	GARLIC	3.11194737818	0.120604208533
8091	GARLIC	2.85770184788	0.111041489975
61325	GARLIC	2.96769036355	0.115184740104
220674	GARLIC	3.13840831386	0.121596489857
15606	GARLIC	2.83208170098	0.110074993335
7792	GARLIC	3.26369216656	0.126287012039
7151	GARLIC	2.98418126388	0.115805115429
61527	SPICES	7.02024358466	0.261096215391
520191	SPICES	7.06284114747	0.262560155869
1110	SPICES	5.76865261499	0.217435163403
12178	SPICES	5.94734240635	0.223745343574
1549026	SPICES	5.9136267397	0.222556677101
8078	SPICES	6.73226284095	0.251161168454
7820	SPICES	5.92453774563	0.222941450826
521238	SPICES	5.62911038325	0.212489661847
7122	SPICES	7.03223117614	0.26150833692
9589	SPICES	6.84801084827	0.255162332899
24020	SPICES	5.97502173746	0.224720515593
33032	SPICES	5.81041890234	0.218912368965
8914	SPICES	5.2424997298	0.198706467825
8082	SPICES	6.56703962965	0.245431181387
6943	SPICES	9.93803328951	0.358015529315
660	SPICES	7.29151618311	0.270394164025
170833	SPICES	6.54998828418	0.244838592758
11428	SPICES	6.15204059061	0.230942582253
7144	SPICES	9.63880481824	0.3483895694
15037	SPICES	7.11357974718	0.264301983159
11529	SPICES	5.55899239851	0.209998737346
14328	SPICES	7.42082572678	0.274805567284
7409	SPICES	7.58582301945	0.280415036425
6213	SPICES	6.22887139081	0.233635320111
7059	SPICES	8.13806570423	0.299031382807
261	SPICES	5.85644463117	0.220538607759
17617	SPICES	5.8867399128	0.221608113792
7335	SPICES	6.5245907916	0.243955517665
8697	SPICES	5.72618840081	0.215931842592
263	SPICES	5.79363621463	0.21831896035
7654	SPICES	6.52422005536	0.243942623282
957	SPICES	5.3000629097	0.200766249649
7136	SPICES	7.06994326337	0.262804091436
31249	SPICES	5.66655887613	0.213818399246
1183	SPICES	7.992103156	0.294134641098
10430	SPICES	6.39615927328	0.239482029551
7915	SPICES	6.3997196357	0.239606220862
31244	SPICES	7.31690933283	0.271261508439
6501	SPICES	6.53877234139	0.244448676162
8125	SPICES	5.39611432417	0.204197353047
31265	SPICES	5.44744940025	0.206028094023
21057	SPICES	5.83583153446	0.219810489499
807	SPICES	3.83673469388	0.147581174511
1068	SPICES	6.70393371003	0.250180257526
356	SPICES	5.3261165002	0.201697653219
875	SPICES	5.98463904308	0.225059199933
14257	SPICES	5.17924530626	0.196439979474
13204	SPICES	6.6751516317	0.249183005545
526618	SPICES	7.59881972985	0.280855964679
16324	SPICES	5.66895111757	0.213903241993
6106	SPICES	6.28747890387	0.235686199768
61918	SPICES	6.54020049997	0.244498330967
8122	SPICES	5.2007713512	0.197211644989
4133	SPICES	7.2434077373	0.268749527233
14514	SPICES	7.18451530485	0.266733708128
98330	SPICES	7.88976745131	0.290691325878
11583	SPICES	5.65364986978	0.213360492051
22310	SPICES	6.76880055898	0.252425357956
1551246	SPICES	6.17887541417	0.231883616013
6050	SPICES	5.65201723858	0.213302569997
31272	SPICES	5.62383967473	0.212302557914
61052	SPICES	6.29563293687	0.235971319844
439570	SPICES	6.77940445012	0.252792048126
8091	SPICES	5.3926618632	0.20407415374
61325	SPICES	6.8953244433	0.256794778061
220674	SPICES	6.36839377104	0.238513175152
15606	SPICES	5.34993224035	0.202548579623
7792	SPICES	6.19174470733	0.232334707285
7151	SPICES	6.75942148056	0.252100947722
61527	COLD	4.9113870729	0.186806793724
520191	COLD	2.68232794481	0.104415164511
1110	COLD	4.62910868671	0.176592888575
12178	COLD	4.92478605367	0.187290035077
1549026	COLD	4.81710074029	0.183402245795
8078	COLD	7.26600690066	0.269522333514
7820	COLD	4.77143028322	0.18175059255
521238	COLD	4.9229683631	0.187224487522
7122	COLD	4.82236680979	0.183592583732
9589	COLD	4.83092910039	0.183902013626
24020	COLD	4.87592220973	0.185527041431
33032	COLD	4.63633010477	0.176854981455
8914	COLD	5.01466972815	0.190528024133
8082	COLD	7.15213961784	0.265624344268
6943	COLD	4.96677790425	0.18880356307
660	COLD	5.01146230684	0.190412590492
170833	COLD	7.07435214331	0.262955502433
11428	COLD	4.93848848622	0.187784072037
7144	COLD	4.88050543019	0.185692483906
15037	COLD	4.68779908071	0.17872177914
11529	COLD	4.82881439457	0.1838255964
14328	COLD	4.87259429269	0.185406901651
7409	COLD	4.9085240102	0.186703517224
6213	COLD	3.08573544818	0.119620712625
7059	COLD	4.78884570198	0.182380610816
261	COLD	4.7866872779	0.182302541077
17617	COLD	5.05615040894	0.192020153575
7335	COLD	5.19671136278	0.197066130916
8697	COLD	4.8425959692	0.18432354448
263	COLD	4.84380198926	0.184367112486
7654	COLD	4.76396571795	0.181480480973
957	COLD	4.98396484571	0.189422631595
7136	COLD	4.82421735053	0.183659464803
31249	COLD	4.80892468399	0.183106684713
1183	COLD	4.77996270667	0.182059290876
10430	COLD	4.87474283097	0.185484466172
7915	COLD	5.01699167314	0.190611584746
31244	COLD	4.87675844014	0.185557228452
6501	COLD	4.88425943293	0.185827981234
8125	COLD	4.89478594055	0.186207865861
31265	COLD	4.82344532399	0.183631563042
21057	COLD	4.87465154517	0.185481170732
807	COLD	4.51020408163	0.172271386922
1068	COLD	2.91157541132	0.113072107902
356	COLD	4.97303754008	0.189029060653
875	COLD	4.71972930903	0.179878834461
14257	COLD	5.02458193192	0.190884707841
13204	COLD	5.55869572964	0.2099881899
526618	COLD	2.60995803765	0.101673569123
16324	COLD	4.74876987877	0.180930469006
6106	COLD	4.84477832126	0.184402382058
61918	COLD	4.81904466029	0.183472509837
8122	COLD	4.89711313459	0.186291838562
4133	COLD	4.83717957815	0.184127860617
14514	COLD	4.89558805624	0.186236809283
98330	COLD	3.99703050524	0.153490719066
11583	COLD	4.82874518756	0.183823095468
22310	COLD	5.60765721597	0.211727960858
1551246	COLD	4.82903575816	0.183833595785
6050	COLD	4.83098618638	0.183904076442
31272	COLD	4.85706230468	0.184846070494
61052	COLD	4.76220409758	0.181416728756
439570	COLD	5.20554270201	0.197382638151
8091	COLD	4.84985561493	0.184585784803
61325	COLD	5.07693506907	0.192767294885
220674	COLD	6.90244832512	0.257040415852
15606	COLD	4.8698394155	0.185307442247
7792	COLD	4.89355609641	0.186163487349
7151	COLD	4.79225169487	0.182503797272
61527	SOUR	8.5211439083	0.31180179893
520191	SOUR	8.55967107286	0.313079655364
1110	SOUR	16.9709598571	0.563633002896
12178	SOUR	9.14136206582	0.332228682466
1549026	SOUR	9.25707329712	0.336005569474
8078	SOUR	6.75872093846	0.252076714049
7820	SOUR	9.60837011355	0.347406494046
521238	SOUR	9.0060605589	0.32779877164
7122	SOUR	7.98122407049	0.293768987754
9589	SOUR	8.40530127086	0.307952415053
24020	SOUR	9.13185655795	0.33191794064
33032	SOUR	13.6027807433	0.470096972153
8914	SOUR	8.6466936027	0.315961620004
8082	SOUR	7.28811873685	0.270278079585
6943	SOUR	7.87388116957	0.290156044914
660	SOUR	7.55327330677	0.279310157212
170833	SOUR	8.57836524512	0.313699269693
11428	SOUR	9.1995716897	0.334130019878
7144	SOUR	7.90702206132	0.291272483301
15037	SOUR	7.9355677238	0.292233414912
11529	SOUR	9.08160283432	0.330273909357
14328	SOUR	8.20315302166	0.301209433068
7409	SOUR	7.85335041181	0.289463971396
6213	SOUR	9.43412429937	0.341763891456
7059	SOUR	7.72567709753	0.285152649255
261	SOUR	9.97167092431	0.359093148563
17617	SOUR	9.05129145914	0.329281307534
7335	SOUR	8.58108223747	0.313789300552
8697	SOUR	13.041655802	0.453632317657
263	SOUR	9.2215523868	0.334847284103
7654	SOUR	8.28199352083	0.303843174162
957	SOUR	8.68661468435	0.317281677504
7136	SOUR	8.50132184	0.311143884389
31249	SOUR	9.16764399753	0.333087481315
1183	SOUR	7.91457590025	0.291526831338
10430	SOUR	13.917436251	0.479219437319
7915	SOUR	9.04265224854	0.328998266066
31244	SOUR	7.89867003359	0.290991206024
6501	SOUR	8.21522728286	0.301613107591
8125	SOUR	9.6151951686	0.347627015492
31265	SOUR	9.07792085256	0.3301533753
21057	SOUR	9.42191865323	0.341367725686
807	SOUR	9.73469387755	0.351482049146
1068	SOUR	10.1950866622	0.366227549668
356	SOUR	8.80825424867	0.321296032783
875	SOUR	9.59346981894	0.346924927491
14257	SOUR	8.67432658117	0.316875486592
13204	SOUR	8.0506671235	0.296101388487
526618	SOUR	8.45432321213	0.309582696095
16324	SOUR	10.3514650386	0.371197470165
6106	SOUR	9.49539194455	0.34375069051
61918	SOUR	8.67875510908	0.317021888266
8122	SOUR	8.5893104178	0.314061915331
4133	SOUR	8.12842169577	0.298708372125
14514	SOUR	8.44761296234	0.309359652589
98330	SOUR	7.9613478885	0.293100691459
11583	SOUR	9.81343820405	0.354016100408
22310	SOUR	8.46943185564	0.310084763843
1551246	SOUR	9.45436182986	0.342420490151
6050	SOUR	9.13152189217	0.33190699886
31272	SOUR	9.21694612619	0.33469700669
61052	SOUR	8.27521332921	0.303616870911
439570	SOUR	8.40172015805	0.307833245676
8091	SOUR	9.00608272117	0.327799498455
61325	SOUR	8.24773398796	0.302699313144
220674	SOUR	8.53207745257	0.31216455984
15606	SOUR	8.91716765375	0.324880354564
7792	SOUR	8.96658040884	0.326503390662
7151	SOUR	8.4023021713	0.307852614141
61527	BURNT	5.35647229786	0.202782173723
520191	BURNT	11.7497700404	0.414767963215
1110	BURNT	4.92591044153	0.18733058019
12178	BURNT	4.70217803046	0.179242929926
1549026	BURNT	4.57623719793	0.17467270916
8078	BURNT	5.36795006406	0.203192047406
7820	BURNT	4.7093763959	0.179503765421
521238	BURNT	4.60154038349	0.175591945779
7122	BURNT	5.45078852169	0.206147102664
9589	BURNT	5.57701413344	0.21063933068
24020	BURNT	4.57248293931	0.17453627748
33032	BURNT	4.97921224026	0.189251467797
8914	BURNT	4.80857746018	0.183094131531
8082	BURNT	5.60065125122	0.211479132274
6943	BURNT	5.63862888893	0.212827501258
660	BURNT	5.96962649671	0.224530483664
170833	BURNT	5.24338550466	0.198738183566
11428	BURNT	4.80734856681	0.183049702575
7144	BURNT	5.7122229749	0.21543712247
15037	BURNT	5.75980703053	0.21712213041
11529	BURNT	4.44962461306	0.170065320844
14328	BURNT	5.38216508729	0.203699523081
7409	BURNT	5.50328843137	0.208017063831
6213	BURNT	5.12175926406	0.194377403379
7059	BURNT	6.06240498647	0.227795097771
261	BURNT	4.70155387424	0.179220311436
17617	BURNT	4.63750058459	0.176897458715
7335	BURNT	5.13186841935	0.194740307385
8697	BURNT	4.70354780196	0.179292567308
263	BURNT	4.67950653839	0.178421148958
7654	BURNT	4.96685175215	0.188806223555
957	BURNT	4.76736992625	0.181603670644
7136	BURNT	5.22915965175	0.198228741805
31249	BURNT	4.52247464276	0.172717874953
1183	BURNT	5.59001419953	0.211101264481
10430	BURNT	4.9349230897	0.187655537228
7915	BURNT	4.77570460741	0.181905242497
31244	BURNT	5.42971767302	0.205395973317
6501	BURNT	5.01232985729	0.190443814052
8125	BURNT	4.62021372972	0.176269999225
31265	BURNT	4.42243701332	0.169074300878
21057	BURNT	4.72183968194	0.179955279285
807	BURNT	5.44897959184	0.206082632237
1068	BURNT	5.06453905681	0.192321739929
356	BURNT	4.57366259221	0.174579147886
875	BURNT	5.25967710111	0.199321402761
14257	BURNT	4.7276957532	0.180167387274
13204	BURNT	6.9951924391	0.26023461066
526618	BURNT	5.7912261806	0.218233726954
16324	BURNT	4.45390436755	0.170221269056
6106	BURNT	4.97721017845	0.189179358674
61918	BURNT	5.56156069785	0.210090044956
8122	BURNT	4.72437921365	0.180047264964
4133	BURNT	5.41968384469	0.205038164597
14514	BURNT	5.46485620102	0.206648386722
98330	BURNT	6.08922707416	0.228737608422
11583	BURNT	4.57198334847	0.174518121243
22310	BURNT	5.10958602494	0.193940293259
1551246	BURNT	4.69717807335	0.179061730193
6050	BURNT	4.59679833931	0.175419711583
31272	BURNT	4.50133013632	0.171948416254
61052	BURNT	4.87334976311	0.185434175359
439570	BURNT	6.10860559887	0.22941819901
8091	BURNT	4.56374751324	0.174218783984
61325	BURNT	6.06028503013	0.227720579347
220674	BURNT	5.03808986651	0.191370654859
15606	BURNT	4.6153273429	0.176092595123
7792	BURNT	4.90922357504	0.186728752558
7151	BURNT	5.42304229646	0.205157936759
61527	ACID	6.72778045819	0.25100600637
520191	ACID	6.74308239718	0.251535631801
1110	ACID	6.45201534771	0.24142921309
12178	ACID	6.84061559196	0.254907015008
1549026	ACID	5.82166001245	0.219309710378
8078	ACID	8.49114898506	0.310806114968
7820	ACID	6.58773616352	0.246150139437
521238	ACID	6.17267623358	0.231666276589
7122	ACID	6.30895068665	0.236436883959
9589	ACID	6.90516366316	0.25713403244
24020	ACID	6.80868955709	0.25380428089
33032	ACID	6.43214728632	0.240736883968
8914	ACID	7.05293834784	0.262219958178
8082	ACID	8.16752682619	0.300017675265
6943	ACID	7.20302210354	0.267367473172
660	ACID	6.76749462433	0.252380191577
170833	ACID	6.85360196844	0.255355334761
11428	ACID	6.90468698635	0.257117598502
7144	ACID	6.91807355328	0.257579045456
15037	ACID	7.05198651174	0.262187254965
11529	ACID	6.28957549461	0.235759515823
14328	ACID	6.49806955533	0.243032819035
7409	ACID	7.16715847019	0.266139074593
6213	ACID	6.7602519342	0.252129674882
7059	ACID	7.08266115287	0.263240810512
261	ACID	6.60122304632	0.24661846357
17617	ACID	5.46991615154	0.20682865298
7335	ACID	6.2642241793	0.234872765345
8697	ACID	6.42866160794	0.24061538829
263	ACID	6.68751822704	0.249611569067
7654	ACID	5.74956377521	0.216759557566
957	ACID	6.95772643385	0.258945074503
7136	ACID	5.81731843563	0.219156259913
31249	ACID	6.55415994026	0.244983592601
1183	ACID	6.67064341716	0.249026743247
10430	ACID	6.81003667198	0.25385082709
7915	ACID	6.82599662268	0.25440217295
31244	ACID	6.73842982932	0.251374618547
6501	ACID	5.54840991093	0.209622455421
8125	ACID	6.67975249575	0.249342462468
31265	ACID	5.95004061261	0.223840431188
21057	ACID	6.65770284323	0.24857811087
807	ACID	16.5714285714	0.553012244897
1068	ACID	6.93505873267	0.258164333457
356	ACID	6.88303949563	0.256371086746
875	ACID	6.36956533087	0.238554068233
14257	ACID	7.08932667885	0.26346964605
13204	ACID	7.00833964682	0.260686856031
526618	ACID	6.9941808177	0.260199806584
16324	ACID	6.46633013863	0.24192783536
6106	ACID	6.70570763555	0.250241699465
61918	ACID	6.92802179138	0.257921877279
8122	ACID	6.23185343151	0.233739738384
4133	ACID	6.92675166841	0.257878111266
14514	ACID	6.86280463506	0.255672950419
98330	ACID	6.76302898763	0.25222573507
11583	ACID	6.70539191041	0.250230764148
22310	ACID	6.81511953603	0.254026439725
1551246	ACID	6.39071990729	0.239292275918
6050	ACID	5.17546646655	0.196304477403
31272	ACID	6.33924684627	0.237495453619
61052	ACID	5.72891480528	0.216028406273
439570	ACID	6.85544629247	0.255418994151
8091	ACID	6.08369878822	0.22854339515
61325	ACID	6.75847800579	0.25206831025
220674	ACID	5.75901889462	0.217094236333
15606	ACID	6.12992427317	0.230166582289
7792	ACID	6.86478859742	0.255741414902
7151	ACID	6.87313414377	0.256029376568
61527	WARM	5.79625433975	0.218411547842
520191	WARM	6.04306500229	0.227115146243
1110	WARM	5.70005137792	0.215005820833
12178	WARM	5.45016970972	0.206125048443
1549026	WARM	5.66605050713	0.213800368946
8078	WARM	5.76204769466	0.217201430332
7820	WARM	5.76924098024	0.217455982614
521238	WARM	5.34363631355	0.202323672921
7122	WARM	6.23873608665	0.233980712282
9589	WARM	6.13124089441	0.230212789814
24020	WARM	5.82357592821	0.219377422492
33032	WARM	5.96311127577	0.224300972596
8914	WARM	5.13977650128	0.195024139058
8082	WARM	5.84144954907	0.220008968829
6943	WARM	6.2517426635	0.234435992008
660	WARM	6.54976136205	0.244830704922
170833	WARM	6.07339926172	0.228181499032
11428	WARM	5.56852650678	0.210337665288
7144	WARM	6.2300681202	0.233677225295
15037	WARM	6.53046194491	0.244159704511
11529	WARM	5.33286111505	0.201938681533
14328	WARM	6.34667532274	0.237754897849
7409	WARM	6.22778841103	0.233597397044
6213	WARM	5.56934125587	0.210366625425
7059	WARM	6.31627336076	0.236692810763
261	WARM	5.47593051103	0.207042894456
17617	WARM	5.77706279595	0.217732730019
7335	WARM	5.93953479732	0.223470162449
8697	WARM	5.62571115236	0.212368995707
263	WARM	5.24992952327	0.198972476931
7654	WARM	6.07292388148	0.228164793471
957	WARM	5.13226145282	0.194754415065
7136	WARM	6.28799789737	0.235704348872
31249	WARM	5.62755648709	0.212434502677
1183	WARM	6.56721576792	0.24543730154
10430	WARM	5.60601343561	0.211669582768
7915	WARM	5.49953085492	0.207883298347
31244	WARM	6.3709075903	0.238600918202
6501	WARM	6.65784697046	0.248583108306
8125	WARM	5.26564587845	0.199535024531
31265	WARM	5.38221850778	0.203701429885
21057	WARM	5.49713857416	0.207798129965
807	WARM	5.55102040816	0.209715285298
1068	WARM	5.36593167245	0.203119977813
356	WARM	5.07899022912	0.192841152466
875	WARM	6.93014697767	0.257995104254
14257	WARM	5.12065742922	0.194337844166
13204	WARM	6.21032530854	0.232985756166
526618	WARM	6.41230956901	0.240045297157
16324	WARM	5.53800501541	0.209252400796
6106	WARM	5.98747850155	0.22515918054
61918	WARM	6.03703962588	0.226903246058
8122	WARM	5.04595456554	0.19165351963
4133	WARM	6.52295906949	0.243898764771
14514	WARM	5.9216441472	0.222839418126
98330	WARM	7.41619980123	0.274647984252
11583	WARM	5.22527072229	0.198089447243
22310	WARM	6.23806461098	0.233957204403
1551246	WARM	5.63193292107	0.212589849472
6050	WARM	5.90676783675	0.222314750959
31272	WARM	5.19934383412	0.197160482843
61052	WARM	5.95104121246	0.223875691893
439570	WARM	6.29763819735	0.236041429148
8091	WARM	5.34224835507	0.202274087208
61325	WARM	6.52517284302	0.243975761468
220674	WARM	5.79967365554	0.218532460417
15606	WARM	5.34131776909	0.202240840559
7792	WARM	5.53952083164	0.209306316848
7151	WARM	6.14336762635	0.230638318737
61527	MUSKY	7.88280060529	0.290456606059
520191	MUSKY	7.91739015498	0.291621579453
1110	MUSKY	10.4614451652	0.374681072632
12178	MUSKY	8.19243008414	0.300850839092
1549026	MUSKY	7.81803184433	0.288272625005
8078	MUSKY	7.06145365838	0.262512495227
7820	MUSKY	8.11641625239	0.298306164983
521238	MUSKY	7.86139763213	0.289735276193
7122	MUSKY	8.08213333563	0.297156981723
9589	MUSKY	8.22576436846	0.30196529496
24020	MUSKY	7.91016237631	0.291378227525
33032	MUSKY	9.87989630403	0.35615091177
8914	MUSKY	8.12300621282	0.298526956539
8082	MUSKY	7.62105865918	0.281610132333
6943	MUSKY	8.19006848794	0.300771850783
660	MUSKY	8.03742228295	0.295656828536
170833	MUSKY	7.75287607546	0.286072208042
11428	MUSKY	8.26567382911	0.303298407625
7144	MUSKY	7.89083778427	0.290727382996
15037	MUSKY	8.42411283333	0.308578242522
11529	MUSKY	7.87334974341	0.290138135264
14328	MUSKY	7.74632731006	0.285850857684
7409	MUSKY	8.33018519744	0.305450613728
6213	MUSKY	8.05488305294	0.296242865719
7059	MUSKY	8.28215773995	0.303848654866
261	MUSKY	12.5809681202	0.439926421273
17617	MUSKY	7.91840779427	0.291655838972
7335	MUSKY	7.66506747869	0.283101395367
8697	MUSKY	8.61910621777	0.315048651914
263	MUSKY	8.376363064	0.306989139288
7654	MUSKY	8.04132814488	0.295787942462
957	MUSKY	8.10410323096	0.297893533567
7136	MUSKY	7.92319722822	0.291817067402
31249	MUSKY	7.81319660692	0.288109447789
1183	MUSKY	7.75634249372	0.286189360197
10430	MUSKY	9.4467164321	0.342172476745
7915	MUSKY	7.85323305724	0.289460014509
31244	MUSKY	7.72912261141	0.285269169919
6501	MUSKY	7.94984692463	0.292713850535
8125	MUSKY	8.63591422007	0.315604963036
31265	MUSKY	7.90087195409	0.29106536711
21057	MUSKY	8.55365956006	0.312880345655
807	MUSKY	8.83673469388	0.322234235735
1068	MUSKY	8.54710894407	0.312663129242
356	MUSKY	7.8921916037	0.290772988824
875	MUSKY	8.63852806169	0.315691455639
14257	MUSKY	8.00498884421	0.29456761521
13204	MUSKY	7.58836776416	0.280501380437
526618	MUSKY	8.21769030217	0.301695438526
16324	MUSKY	8.93818587296	0.325570968239
6106	MUSKY	8.76392661393	0.319834500679
61918	MUSKY	8.17721896003	0.300341994433
8122	MUSKY	7.8723673299	0.290105026245
4133	MUSKY	8.08153220398	0.297136823054
14514	MUSKY	8.02881479826	0.295367845104
98330	MUSKY	8.04478125435	0.295903848002
11583	MUSKY	8.5735111732	0.313538409393
22310	MUSKY	7.69005498982	0.283947421294
1551246	MUSKY	7.98810943782	0.294000420556
6050	MUSKY	7.78695446917	0.287223514805
31272	MUSKY	7.93207566285	0.292115896786
61052	MUSKY	8.0268926296	0.295303303069
439570	MUSKY	7.80144372544	0.287712739337
8091	MUSKY	7.96175820122	0.293114490587
61325	MUSKY	7.53497447055	0.278688642713
220674	MUSKY	7.56551016538	0.27972562899
15606	MUSKY	7.95106995183	0.292754992722
7792	MUSKY	8.22152603704	0.30182364533
7151	MUSKY	8.10189146206	0.297819400377
61527	SWEATY	3.69939486142	0.142501585521
520191	SWEATY	3.70951261959	0.142876311234
1110	SWEATY	5.84496411997	0.220133122573
12178	SWEATY	4.26696638728	0.163395854631
1549026	SWEATY	4.036727998	0.154951050748
8078	SWEATY	3.18737214826	0.123431149446
7820	SWEATY	4.20369498007	0.161079378609
521238	SWEATY	3.98628645432	0.153095266294
7122	SWEATY	3.56992114409	0.137699110974
9589	SWEATY	3.75867101775	0.144695797582
24020	SWEATY	4.07259472733	0.156269377968
33032	SWEATY	5.39600390395	0.204193412905
8914	SWEATY	4.26849462574	0.163451766482
8082	SWEATY	3.88525249891	0.149372025164
6943	SWEATY	3.64233093171	0.140386607422
660	SWEATY	3.43240783702	0.132583744057
170833	SWEATY	3.8421584322	0.147781464721
11428	SWEATY	4.28644290216	0.164108278985
7144	SWEATY	3.43914325005	0.132834647484
15037	SWEATY	3.74135247981	0.144055011841
11529	SWEATY	4.08126779367	0.156588013025
14328	SWEATY	3.4641642865	0.133766397778
7409	SWEATY	3.72670544452	0.143512884393
6213	SWEATY	4.16569216986	0.159686490293
7059	SWEATY	3.49619917362	0.13495860348
261	SWEATY	4.61848398766	0.176207201769
17617	SWEATY	4.07425916068	0.156330531344
7335	SWEATY	3.6569564962	0.140928927522
8697	SWEATY	7.81239319034	0.288082332669
263	SWEATY	4.44893755092	0.170040283904
7654	SWEATY	3.79414658754	0.146007644171
957	SWEATY	4.25274436499	0.162875440746
7136	SWEATY	3.67971244507	0.141772384331
31249	SWEATY	4.09302662326	0.157019918155
1183	SWEATY	3.4139143956	0.131894651224
10430	SWEATY	5.03296314511	0.191186238596
7915	SWEATY	3.92822096811	0.150956470735
31244	SWEATY	3.36932411325	0.130232026538
6501	SWEATY	3.71730806075	0.143164970743
8125	SWEATY	4.56833478692	0.174385518387
31265	SWEATY	4.08300370842	0.156651780624
21057	SWEATY	4.45967587423	0.170431551408
807	SWEATY	2.24489795918	0.0877800916283
1068	SWEATY	4.58981435058	0.175166015714
356	SWEATY	4.08573339083	0.156752048697
875	SWEATY	4.53608955744	0.173213138908
14257	SWEATY	4.17941856204	0.160189726675
13204	SWEATY	3.63440532156	0.140092652046
526618	SWEATY	3.79585663884	0.146070854505
16324	SWEATY	4.85596311047	0.184806373327
6106	SWEATY	10.2732734888	0.368714880283
61918	SWEATY	3.90544438316	0.150116776994
8122	SWEATY	4.20934719758	0.161286446371
4133	SWEATY	3.62889112005	0.139888104497
14514	SWEATY	3.73825520248	0.143940387316
98330	SWEATY	4.04617954877	0.155298554374
11583	SWEATY	4.50882268235	0.172221114502
22310	SWEATY	3.75387878563	0.14451850905
1551246	SWEATY	4.17495734397	0.160026186229
6050	SWEATY	4.05948092864	0.155787482982
31272	SWEATY	4.08438300403	0.156702446352
61052	SWEATY	3.84379096564	0.147841747031
439570	SWEATY	3.65685696366	0.140925237405
8091	SWEATY	4.04596953179	0.155290833491
61325	SWEATY	3.4803691675	0.134369578883
220674	SWEATY	3.74585830212	0.144221750317
15606	SWEATY	4.04367632585	0.155206525743
7792	SWEATY	4.27772901506	0.163789574392
7151	SWEATY	3.68287888077	0.141889716491
61527	AMMONIA/URINOUS	5.25952616753	0.199316000498
520191	AMMONIA/URINOUS	5.27790077995	0.199973536541
1110	AMMONIA/URINOUS	5.27621704503	0.199913295279
12178	AMMONIA/URINOUS	5.48208509885	0.207262101142
1549026	AMMONIA/URINOUS	5.0203283673	0.190731655926
8078	AMMONIA/URINOUS	7.29277823397	0.270437283611
7820	AMMONIA/URINOUS	5.13505780118	0.194854784599
521238	AMMONIA/URINOUS	5.23316634688	0.198372241869
7122	AMMONIA/URINOUS	5.64080239105	0.212904634996
9589	AMMONIA/URINOUS	5.45764920565	0.206391594285
24020	AMMONIA/URINOUS	5.12187429508	0.194381533285
33032	AMMONIA/URINOUS	5.20590790127	0.19739572522
8914	AMMONIA/URINOUS	5.72023547928	0.215720981596
8082	AMMONIA/URINOUS	7.68949889777	0.283928598591
6943	AMMONIA/URINOUS	5.7778215792	0.217759574288
660	AMMONIA/URINOUS	5.83063413073	0.219626847483
170833	AMMONIA/URINOUS	5.64786809764	0.213155358286
11428	AMMONIA/URINOUS	5.53589203377	0.209177241107
7144	AMMONIA/URINOUS	5.53084369335	0.20899765495
15037	AMMONIA/URINOUS	5.84667413304	0.220193525954
11529	AMMONIA/URINOUS	5.15395363783	0.195532850273
14328	AMMONIA/URINOUS	5.27487887469	0.199865416131
7409	AMMONIA/URINOUS	5.87801374298	0.221300131494
6213	AMMONIA/URINOUS	5.42843449561	0.205350219395
7059	AMMONIA/URINOUS	5.76105905415	0.217166441596
261	AMMONIA/URINOUS	5.45658903005	0.206353815665
17617	AMMONIA/URINOUS	5.26005329483	0.199334867527
7335	AMMONIA/URINOUS	5.30152928179	0.200818686181
8697	AMMONIA/URINOUS	5.34005220917	0.202195625328
263	AMMONIA/URINOUS	5.68686109434	0.214538288131
7654	AMMONIA/URINOUS	5.51478809917	0.208426368855
957	AMMONIA/URINOUS	5.6856838316	0.214496553011
7136	AMMONIA/URINOUS	5.28072647976	0.200074630329
31249	AMMONIA/URINOUS	5.02821195079	0.191015311863
1183	AMMONIA/URINOUS	5.3596235949	0.202894717764
10430	AMMONIA/URINOUS	5.3510054495	0.202586914252
7915	AMMONIA/URINOUS	5.15708509241	0.195645193036
31244	AMMONIA/URINOUS	5.41036742182	0.204705866617
6501	AMMONIA/URINOUS	5.49924715588	0.207873198523
8125	AMMONIA/URINOUS	5.44507722612	0.205943542645
31265	AMMONIA/URINOUS	5.11161993078	0.194013333905
21057	AMMONIA/URINOUS	5.47746052836	0.207097391599
807	AMMONIA/URINOUS	13.1836734694	0.457823240317
1068	AMMONIA/URINOUS	5.80123022574	0.218587500177
356	AMMONIA/URINOUS	5.46713592942	0.206729607069
875	AMMONIA/URINOUS	5.15729486666	0.19565271853
14257	AMMONIA/URINOUS	5.56285370827	0.210136011779
13204	AMMONIA/URINOUS	5.80940392668	0.218876487474
526618	AMMONIA/URINOUS	5.68792788595	0.214576105984
16324	AMMONIA/URINOUS	5.1139656315	0.194097567468
6106	AMMONIA/URINOUS	5.29864681309	0.200715609304
61918	AMMONIA/URINOUS	5.32567988467	0.201682048893
8122	AMMONIA/URINOUS	5.17889798597	0.196427525699
4133	AMMONIA/URINOUS	5.53089376382	0.208999436222
14514	AMMONIA/URINOUS	5.41550640714	0.204889172427
98330	AMMONIA/URINOUS	6.04596321248	0.227217060033
11583	AMMONIA/URINOUS	5.31756975162	0.20139217084
22310	AMMONIA/URINOUS	5.65728353412	0.213489398571
1551246	AMMONIA/URINOUS	5.17327359491	0.196225839921
6050	AMMONIA/URINOUS	5.08091094726	0.192910175469
31272	AMMONIA/URINOUS	5.20067567429	0.197208215984
61052	AMMONIA/URINOUS	5.49086261372	0.207574675652
439570	AMMONIA/URINOUS	5.53125201488	0.209012181054
8091	AMMONIA/URINOUS	5.22553941561	0.198099071751
61325	AMMONIA/URINOUS	5.32374498949	0.201612895294
220674	AMMONIA/URINOUS	5.31673919651	0.201362481587
15606	AMMONIA/URINOUS	5.2614080515	0.199383356186
7792	AMMONIA/URINOUS	5.47084760483	0.206861834787
7151	AMMONIA/URINOUS	5.37339419202	0.203386421624
61527	DECAYED	4.64996723131	0.177349811151
520191	DECAYED	4.70447606292	0.179326204506
1110	DECAYED	7.15134893917	0.265597240907
12178	DECAYED	5.35815664451	0.20284232873
1549026	DECAYED	4.84111264425	0.184269957116
8078	DECAYED	4.6045677112	0.175701890925
7820	DECAYED	5.2113836677	0.197591938815
521238	DECAYED	4.89144432491	0.186087281963
7122	DECAYED	4.49409820798	0.171685160838
9589	DECAYED	4.68517415829	0.178626623574
24020	DECAYED	5.04824392297	0.191735850236
33032	DECAYED	6.592190522	0.246304830529
8914	DECAYED	4.8065703228	0.183021565605
8082	DECAYED	4.71487186208	0.179702867813
6943	DECAYED	4.62419979097	0.176414702156
660	DECAYED	4.4281628393	0.169283063119
170833	DECAYED	4.78701182276	0.182314280034
11428	DECAYED	5.45745335735	0.206384615435
7144	DECAYED	4.53720711607	0.173253785277
15037	DECAYED	4.7392205678	0.180584738076
11529	DECAYED	5.05364360077	0.191930018573
14328	DECAYED	4.47348014046	0.170934395792
7409	DECAYED	4.63613907566	0.176848048815
6213	DECAYED	5.13221098662	0.19475260362
7059	DECAYED	4.52278483712	0.172729160412
261	DECAYED	5.82678647997	0.219490882926
17617	DECAYED	5.12230966146	0.194397163951
7335	DECAYED	4.55023855871	0.173727673972
8697	DECAYED	5.56226335228	0.210115024651
263	DECAYED	5.47827577511	0.207126428817
7654	DECAYED	4.62913264769	0.17659375828
957	DECAYED	4.88170159904	0.185735659761
7136	DECAYED	4.71840542413	0.179830877066
31249	DECAYED	4.92301282475	0.187226090881
1183	DECAYED	4.47148552891	0.170861748022
10430	DECAYED	6.13875614087	0.230476514852
7915	DECAYED	4.8142993557	0.183300982914
31244	DECAYED	4.44082968062	0.169744799924
6501	DECAYED	4.57976942554	0.174801061825
8125	DECAYED	5.64803837286	0.21316139993
31265	DECAYED	5.03185049677	0.191146212102
21057	DECAYED	5.58382563073	0.210881381759
807	DECAYED	3.26530612245	0.126347355269
1068	DECAYED	6.24574782201	0.234226166538
356	DECAYED	4.91787076935	0.187040649612
875	DECAYED	5.30038400977	0.200777732131
14257	DECAYED	4.71744993356	0.179796263792
13204	DECAYED	4.70703216507	0.179418825882
526618	DECAYED	5.09121876164	0.193280547074
16324	DECAYED	6.16078152649	0.231249169453
6106	DECAYED	5.57455251265	0.210551846219
61918	DECAYED	4.92749929947	0.18738787224
8122	DECAYED	4.52937365309	0.172968855848
4133	DECAYED	4.5954467796	0.175370618742
14514	DECAYED	4.709965669	0.179525116119
98330	DECAYED	5.01749608224	0.190629736516
11583	DECAYED	5.63707639402	0.212772403652
22310	DECAYED	4.72240922729	0.179975909527
1551246	DECAYED	5.04446754001	0.191600040496
6050	DECAYED	4.75219910394	0.181054605628
31272	DECAYED	5.09583747381	0.193446475129
61052	DECAYED	4.64143369219	0.177040185
439570	DECAYED	4.67542654191	0.178273216337
8091	DECAYED	4.92618586546	0.187340511746
61325	DECAYED	4.56338384443	0.174205564933
220674	DECAYED	4.56460135857	0.174249820118
15606	DECAYED	4.83457203513	0.1840336467
7792	DECAYED	5.12020545049	0.194321616478
7151	DECAYED	4.66535340716	0.177907927321
61527	WOOD	3.59458568624	0.138615008947
520191	WOOD	3.62300187497	0.139669617964
1110	WOOD	3.11562776533	0.120742256064
12178	WOOD	3.11100976549	0.120569037915
1549026	WOOD	3.15436814556	0.122194710463
8078	WOOD	3.60174162089	0.138880647754
7820	WOOD	3.11269884736	0.120632396248
521238	WOOD	3.14208650662	0.121734377219
7122	WOOD	3.39529649942	0.131200644649
9589	WOOD	3.44208467458	0.132944208221
24020	WOOD	3.02927135765	0.117500260323
33032	WOOD	3.15686079374	0.122288123721
8914	WOOD	3.31816452484	0.128322494668
8082	WOOD	3.59390508138	0.138589741762
6943	WOOD	3.97594947266	0.152714709223
660	WOOD	3.44857142523	0.133185799059
170833	WOOD	3.42635333468	0.132358174518
11428	WOOD	3.13237185267	0.121370172738
7144	WOOD	4.00400827052	0.153747497928
15037	WOOD	3.31410233553	0.128170783705
11529	WOOD	3.01756195159	0.117060206011
14328	WOOD	3.58791380081	0.138367301855
7409	WOOD	3.49990071574	0.135096306622
6213	WOOD	3.24681156513	0.12565574847
7059	WOOD	3.72840264485	0.143575711281
261	WOOD	3.14102589045	0.12169461816
17617	WOOD	3.07466722355	0.119205257528
7335	WOOD	3.41047399159	0.131766426525
8697	WOOD	3.13287403569	0.121389001538
263	WOOD	3.11436755444	0.120694988072
7654	WOOD	3.12295586241	0.121017093169
957	WOOD	3.2819052163	0.126967847912
7136	WOOD	3.41679390339	0.132001963904
31249	WOOD	3.01258811619	0.116873249785
1183	WOOD	3.6607909737	0.141071082727
10430	WOOD	3.20184465706	0.123973062599
7915	WOOD	3.20322960689	0.12402491231
31244	WOOD	3.36963351465	0.130243568577
6501	WOOD	3.19544682103	0.123733520687
8125	WOOD	3.24592126112	0.125622448511
31265	WOOD	3.03194812897	0.117600841376
21057	WOOD	3.14723594482	0.121927400156
807	WOOD	2.48979591837	0.0971122032487
1068	WOOD	3.21424954427	0.124437421718
356	WOOD	3.24021861898	0.12540913808
875	WOOD	3.22145856476	0.124707224476
14257	WOOD	3.33588159636	0.128984021445
13204	WOOD	3.46564571781	0.133821548616
526618	WOOD	3.61978097127	0.139550113139
16324	WOOD	2.96520628099	0.115091271924
6106	WOOD	3.22246500455	0.1247448879
61918	WOOD	3.58451506315	0.138241103231
8122	WOOD	3.24097767984	0.125437532665
4133	WOOD	3.43630743045	0.132729013715
14514	WOOD	3.54442231544	0.136751720798
98330	WOOD	3.75852534662	0.144690408752
11583	WOOD	3.10765579684	0.120443222053
22310	WOOD	3.52126690431	0.135890947928
1551246	WOOD	3.28000078736	0.126896669428
6050	WOOD	3.116175037	0.120762782735
31272	WOOD	3.01810034938	0.117080442088
61052	WOOD	3.12720683216	0.121176504258
439570	WOOD	3.52019048102	0.135850922832
8091	WOOD	3.18627252102	0.12338996781
61325	WOOD	3.51411467307	0.135624986149
220674	WOOD	3.26261838737	0.126246863998
15606	WOOD	3.22059848027	0.124675037383
7792	WOOD	3.22795052512	0.124950155168
7151	WOOD	3.37777231326	0.13054715421
61527	GRASS	3.22140273312	0.124705135097
520191	GRASS	3.26070195813	0.126175207421
1110	GRASS	3.03809468696	0.117831779748
12178	GRASS	3.56653388895	0.137573289966
1549026	GRASS	4.05120209638	0.155483188485
8078	GRASS	2.83847816789	0.110316343392
7820	GRASS	3.36266926713	0.129983752845
521238	GRASS	3.78965576044	0.145841634105
7122	GRASS	2.87704639221	0.111770897311
9589	GRASS	2.98015589712	0.115653704216
24020	GRASS	4.4549297354	0.170258629837
33032	GRASS	3.08874617113	0.119733705681
8914	GRASS	3.44966533639	0.133226537083
8082	GRASS	2.90959332941	0.112997439839
6943	GRASS	2.99891072403	0.116359042749
660	GRASS	2.81633456432	0.109480686421
170833	GRASS	3.69837640239	0.14246386089
11428	GRASS	3.52864656743	0.136165324058
7144	GRASS	3.09365234838	0.119917819994
15037	GRASS	2.89857047829	0.112582134805
11529	GRASS	4.05075522738	0.15546676193
14328	GRASS	3.14566295883	0.121868440173
7409	GRASS	2.90196261587	0.112709949825
6213	GRASS	3.19918910643	0.123873639882
7059	GRASS	2.94497094749	0.114329696347
261	GRASS	3.5309710088	0.136251737846
17617	GRASS	3.40349829187	0.131506411426
7335	GRASS	3.43554623558	0.132700658248
8697	GRASS	3.62529299252	0.139754619988
263	GRASS	3.48702918065	0.134617418223
7654	GRASS	3.21990182985	0.124648966077
957	GRASS	3.48528660641	0.134552575165
7136	GRASS	3.21093327267	0.124313293914
31249	GRASS	3.54081305165	0.136617579239
1183	GRASS	2.9860263159	0.115874511372
10430	GRASS	3.54067403328	0.136612412287
7915	GRASS	3.82381866619	0.147104110971
31244	GRASS	2.97112265626	0.115313878315
6501	GRASS	3.21578495141	0.124494888915
8125	GRASS	3.70034046514	0.142536610782
31265	GRASS	3.64448079351	0.140466335639
21057	GRASS	3.53376484252	0.136355596116
807	GRASS	0.408163265306	0.0162598917118
1068	GRASS	3.24276566123	0.125504414796
356	GRASS	3.48754155398	0.134636483723
875	GRASS	2.91934089558	0.113364615317
14257	GRASS	3.37521921782	0.130451926805
13204	GRASS	3.20218853098	0.123985936684
526618	GRASS	3.09137962333	0.119832533743
16324	GRASS	3.75340288687	0.144500902182
6106	GRASS	3.44437749357	0.133029605216
61918	GRASS	3.36903271921	0.130221156183
8122	GRASS	3.24062703953	0.125424416138
4133	GRASS	2.95080310438	0.114549228591
14514	GRASS	3.05239691794	0.11836902594
98330	GRASS	3.63335168576	0.140053569641
11583	GRASS	3.64779296464	0.140589161181
22310	GRASS	4.18357915413	0.160342232349
1551246	GRASS	3.86176621853	0.14850535341
6050	GRASS	3.38996342274	0.131001796107
31272	GRASS	4.23423524368	0.162197910508
61052	GRASS	3.31302773473	0.128130648281
439570	GRASS	3.28065652454	0.126921178089
8091	GRASS	3.5020271826	0.135175409549
61325	GRASS	3.33231794467	0.128850980633
220674	GRASS	3.69560035358	0.142361029354
15606	GRASS	3.42351348462	0.132252361553
7792	GRASS	3.65964874042	0.141028738055
7151	GRASS	3.02855349441	0.117473285269
61527	FLOWER	5.66623947997	0.213807071261
520191	FLOWER	5.62657327366	0.212399600225
1110	FLOWER	4.92568248823	0.187322360339
12178	FLOWER	4.84315240841	0.184343646236
1549026	FLOWER	6.75925756164	0.252095277352
8078	FLOWER	6.39530538125	0.239452242882
7820	FLOWER	6.45520504622	0.241540332973
521238	FLOWER	7.62519872633	0.281750486807
7122	FLOWER	7.86780373217	0.28995121506
9589	FLOWER	5.27955642652	0.200032770636
24020	FLOWER	5.18367393291	0.196598767139
33032	FLOWER	4.89618296769	0.186258275646
8914	FLOWER	6.34893408565	0.237833777817
8082	FLOWER	5.34056109568	0.202213806701
6943	FLOWER	5.11496241291	0.194133360322
660	FLOWER	10.4949250732	0.37573962201
170833	FLOWER	5.31932424629	0.201454885677
11428	FLOWER	4.73093782704	0.180284803992
7144	FLOWER	5.19710697337	0.197080310578
15037	FLOWER	5.57499608351	0.210567610808
11529	FLOWER	7.12661163497	0.264749028041
14328	FLOWER	7.56851040563	0.279827476321
7409	FLOWER	5.34146865708	0.202246231317
6213	FLOWER	4.85672288211	0.184833812423
7059	FLOWER	10.045453228	0.361453676899
261	FLOWER	4.94013337781	0.187843367996
17617	FLOWER	6.78144459859	0.252862587606
7335	FLOWER	8.86195030841	0.323064347029
8697	FLOWER	4.93204334676	0.187551713241
263	FLOWER	4.86960438556	0.185298956674
7654	FLOWER	8.66673013948	0.316624321055
957	FLOWER	6.83399489898	0.254678401447
7136	FLOWER	8.69237776125	0.317472137992
31249	FLOWER	7.79157840755	0.287379658669
1183	FLOWER	5.37138812618	0.203314800886
10430	FLOWER	4.69410182852	0.17895023635
7915	FLOWER	5.06547052054	0.192355224184
31244	FLOWER	7.86564607576	0.289878487755
6501	FLOWER	6.8605216899	0.255594164453
8125	FLOWER	7.39415776186	0.273896882871
31265	FLOWER	6.67088899277	0.249035255729
21057	FLOWER	5.00424943116	0.190152972299
807	FLOWER	3.81632653061	0.146827321949
1068	FLOWER	4.38587982638	0.167740816315
356	FLOWER	7.48517947174	0.27699601418
875	FLOWER	5.05278422703	0.191899117703
14257	FLOWER	6.13425956112	0.2303187263
13204	FLOWER	5.25258260143	0.199067454463
526618	FLOWER	4.8702269723	0.185321434587
16324	FLOWER	7.7931020254	0.287431105345
6106	FLOWER	4.78869608882	0.182375199461
61918	FLOWER	5.02644358798	0.190951689462
8122	FLOWER	6.11840848589	0.229762370475
4133	FLOWER	11.1726664841	0.396975268819
14514	FLOWER	5.37255708319	0.203356535483
98330	FLOWER	5.15492806245	0.195567809167
11583	FLOWER	5.0295583868	0.191063752446
22310	FLOWER	5.32633082409	0.201705312944
1551246	FLOWER	6.80263331663	0.253595004649
6050	FLOWER	7.28202320232	0.270069783325
31272	FLOWER	5.20328493029	0.197301727585
61052	FLOWER	8.30816416194	0.304716329781
439570	FLOWER	5.33030661838	0.201847397277
8091	FLOWER	7.36171685169	0.272790724066
61325	FLOWER	5.30750876589	0.201032490916
220674	FLOWER	6.36230239961	0.238300539255
15606	FLOWER	7.10107219873	0.2638727974
7792	FLOWER	6.51994630006	0.2437939721
7151	FLOWER	10.4985469475	0.375854082695
61527	CHEMICAL	16.8952905113	0.561631283867
520191	CHEMICAL	16.8992183213	0.561735300904
1110	CHEMICAL	15.6726815474	0.528654083142
12178	CHEMICAL	17.3428068853	0.573403095148
1549026	CHEMICAL	16.3210946858	0.546292534735
8078	CHEMICAL	24.4983315011	0.739865961509
7820	CHEMICAL	16.1333269128	0.541219381603
521238	CHEMICAL	16.9387405259	0.562781248795
7122	CHEMICAL	18.2215467974	0.59605196482
9589	CHEMICAL	17.5154310922	0.577901113149
24020	CHEMICAL	16.775007067	0.55843993784
33032	CHEMICAL	15.6045684058	0.526781714179
8914	CHEMICAL	17.8187939144	0.58574798995
8082	CHEMICAL	22.745314238	0.702872841605
6943	CHEMICAL	23.3302879765	0.715490584233
660	CHEMICAL	18.9476742942	0.614301227305
170833	CHEMICAL	17.9311688569	0.588636027646
11428	CHEMICAL	17.4037390588	0.574993509063
7144	CHEMICAL	18.5479130847	0.60430649147
15037	CHEMICAL	17.813831349	0.585620219028
11529	CHEMICAL	16.6758286439	0.555799841371
14328	CHEMICAL	17.0213515902	0.564963499626
7409	CHEMICAL	20.3622185077	0.648640763286
6213	CHEMICAL	17.2219730484	0.570240379663
7059	CHEMICAL	18.0641059279	0.592039467926
261	CHEMICAL	16.9747833838	0.563734026981
17617	CHEMICAL	16.9592470567	0.563323457977
7335	CHEMICAL	17.1849001974	0.569267689977
8697	CHEMICAL	16.8079345608	0.559314716751
263	CHEMICAL	17.1593195637	0.568595883392
7654	CHEMICAL	18.1559389434	0.59438231017
957	CHEMICAL	17.6440093561	0.581235947781
7136	CHEMICAL	16.6497957499	0.55510555059
31249	CHEMICAL	16.2698265787	0.544910160388
1183	CHEMICAL	17.7228767045	0.583274924707
10430	CHEMICAL	16.582871174	0.553318200412
7915	CHEMICAL	16.8385455761	0.560127176197
31244	CHEMICAL	17.473183478	0.576802482777
6501	CHEMICAL	18.1146550967	0.593329912159
8125	CHEMICAL	17.1268340308	0.567741983664
31265	CHEMICAL	16.5484940061	0.552398698696
21057	CHEMICAL	16.9702801754	0.563615043325
807	CHEMICAL	45.9387755102	0.993402582257
1068	CHEMICAL	17.1504234325	0.568362127734
356	CHEMICAL	17.5290808701	0.578255764345
875	CHEMICAL	15.5026938871	0.523974348382
14257	CHEMICAL	17.8981138083	0.587787561175
13204	CHEMICAL	18.9450227995	0.614235356431
526618	CHEMICAL	17.5965028809	0.580005349782
16324	CHEMICAL	16.1490276713	0.541644668961
6106	CHEMICAL	16.3875166097	0.548080384135
61918	CHEMICAL	17.1349475084	0.56795532989
8122	CHEMICAL	16.9378944019	0.562758869367
4133	CHEMICAL	21.8506235606	0.683045042428
14514	CHEMICAL	17.3886328714	0.574599493602
98330	CHEMICAL	18.0957282163	0.592846976782
11583	CHEMICAL	16.7849150826	0.558703253571
22310	CHEMICAL	18.1085171922	0.593173329727
1551246	CHEMICAL	16.5710618527	0.553002437737
6050	CHEMICAL	16.5571239559	0.552629616761
31272	CHEMICAL	16.6715100251	0.555684702398
61052	CHEMICAL	17.8512300793	0.586582637035
439570	CHEMICAL	17.649172557	0.581369585502
8091	CHEMICAL	16.7802831367	0.55858016461
61325	CHEMICAL	17.3015742434	0.572325181217
220674	CHEMICAL	17.4173668152	0.575348805898
15606	CHEMICAL	16.8953116374	0.561631843366
7792	CHEMICAL	17.1515265652	0.568391117201
7151	CHEMICAL	17.202131618	0.569719931838
