#oID	descriptor	value	sigma
520191	INTENSITY/STRENGTH	72.0080620165	0.806258082511
1110	INTENSITY/STRENGTH	39.2057056935	0.95339328417
12178	INTENSITY/STRENGTH	57.5408399981	0.977254292849
8078	INTENSITY/STRENGTH	46.7892084086	0.995876326943
7820	INTENSITY/STRENGTH	58.6210309733	0.970271129983
521238	INTENSITY/STRENGTH	39.5374439567	0.956213968416
7122	INTENSITY/STRENGTH	51.1045607427	0.999511978226
9589	INTENSITY/STRENGTH	71.1669815883	0.820783556176
24020	INTENSITY/STRENGTH	61.2867230946	0.949043952715
33032	INTENSITY/STRENGTH	25.9680868416	0.76898685998
8914	INTENSITY/STRENGTH	53.3949492441	0.995389727852
8082	INTENSITY/STRENGTH	45.0182197251	0.990072746117
6943	INTENSITY/STRENGTH	66.1007343343	0.896306541558
660	INTENSITY/STRENGTH	60.7717954269	0.953587369313
170833	INTENSITY/STRENGTH	53.0291595892	0.996329676873
11428	INTENSITY/STRENGTH	31.5456612289	0.863774952209
15037	INTENSITY/STRENGTH	56.679318186	0.982154683428
11529	INTENSITY/STRENGTH	59.4534675035	0.964252780864
14328	INTENSITY/STRENGTH	40.7121757488	0.965494528272
7409	INTENSITY/STRENGTH	59.1839641583	0.966261920936
6213	INTENSITY/STRENGTH	30.7420684712	0.851652829293
7059	INTENSITY/STRENGTH	65.0646503854	0.909222523506
261	INTENSITY/STRENGTH	37.4695071094	0.937194699168
17617	INTENSITY/STRENGTH	39.5234542277	0.956096795473
7335	INTENSITY/STRENGTH	38.6699851357	0.94865230527
8697	INTENSITY/STRENGTH	63.7428809558	0.924453289214
7654	INTENSITY/STRENGTH	41.5024538968	0.971116684089
957	INTENSITY/STRENGTH	57.1011958109	0.979829207222
7136	INTENSITY/STRENGTH	40.6781680555	0.965241379679
31249	INTENSITY/STRENGTH	37.2795078428	0.935275631712
1183	INTENSITY/STRENGTH	66.7297222981	0.888046556731
7915	INTENSITY/STRENGTH	32.5078905959	0.877610443438
31244	INTENSITY/STRENGTH	63.4284310715	0.927870895583
8125	INTENSITY/STRENGTH	52.1307545933	0.998183953945
31265	INTENSITY/STRENGTH	57.7193989961	0.976164351656
21057	INTENSITY/STRENGTH	54.1022729883	0.993268542532
807	INTENSITY/STRENGTH	66.1836734694	0.895235485214
1068	INTENSITY/STRENGTH	35.0507463722	0.910607926389
356	INTENSITY/STRENGTH	46.3835570489	0.994768536153
875	INTENSITY/STRENGTH	33.1393161781	0.886286936424
14257	INTENSITY/STRENGTH	46.3650989184	0.994714997651
13204	INTENSITY/STRENGTH	52.4636769963	0.997572118263
16324	INTENSITY/STRENGTH	64.9014861281	0.911178284469
6106	INTENSITY/STRENGTH	31.1452869842	0.857799918837
61918	INTENSITY/STRENGTH	69.1121390879	0.853890455794
8122	INTENSITY/STRENGTH	29.3691656297	0.829747469274
4133	INTENSITY/STRENGTH	66.8776622457	0.886057806848
14514	INTENSITY/STRENGTH	69.2965714142	0.851056932662
98330	INTENSITY/STRENGTH	47.8528047237	0.998155820978
11583	INTENSITY/STRENGTH	63.285867036	0.92939429484
22310	INTENSITY/STRENGTH	40.5349968638	0.964165486253
1551246	INTENSITY/STRENGTH	61.0658566626	0.951018726529
6050	INTENSITY/STRENGTH	25.9202856103	0.768066941964
31272	INTENSITY/STRENGTH	52.2539100936	0.997967955716
61052	INTENSITY/STRENGTH	39.7409533585	0.957900784803
439570	INTENSITY/STRENGTH	58.5081629095	0.971044465562
8091	INTENSITY/STRENGTH	54.1693070155	0.993046751604
61325	INTENSITY/STRENGTH	60.1003425648	0.95919323203
220674	INTENSITY/STRENGTH	35.7156393288	0.918382816086
15606	INTENSITY/STRENGTH	35.9896044446	0.921483526553
7792	INTENSITY/STRENGTH	53.2911737533	0.99566727013
7151	INTENSITY/STRENGTH	65.1845247688	0.907772083018
61527	VALENCE/PLEASANTNESS	37.3356736761	0.935845935504
520191	VALENCE/PLEASANTNESS	25.1666129007	0.753321154071
1110	VALENCE/PLEASANTNESS	29.7153252977	0.835412788889
12178	VALENCE/PLEASANTNESS	38.2977320737	0.945222770152
1549026	VALENCE/PLEASANTNESS	52.3728283418	0.997747874264
8078	VALENCE/PLEASANTNESS	40.2240057081	0.961771974242
7820	VALENCE/PLEASANTNESS	50.194556494	0.999984859108
521238	VALENCE/PLEASANTNESS	50.0987035798	0.999996103041
7122	VALENCE/PLEASANTNESS	52.2454341162	0.997983210252
9589	VALENCE/PLEASANTNESS	41.5383798313	0.971360393648
24020	VALENCE/PLEASANTNESS	60.7483477744	0.953789208048
33032	VALENCE/PLEASANTNESS	43.0078349194	0.980443850994
8914	VALENCE/PLEASANTNESS	41.0449259686	0.967922659637
8082	VALENCE/PLEASANTNESS	41.6150712009	0.971877187614
6943	VALENCE/PLEASANTNESS	38.43599369	0.946509503225
660	VALENCE/PLEASANTNESS	41.1123072026	0.968403566696
170833	VALENCE/PLEASANTNESS	47.3652539465	0.997223245293
11428	VALENCE/PLEASANTNESS	41.3190178705	0.969856219707
7144	VALENCE/PLEASANTNESS	42.088187136	0.974961286882
15037	VALENCE/PLEASANTNESS	40.6393343898	0.964951175734
11529	VALENCE/PLEASANTNESS	55.1780465659	0.989275133504
14328	VALENCE/PLEASANTNESS	50.5806200965	0.999865152121
7409	VALENCE/PLEASANTNESS	41.3541032205	0.970099387552
6213	VALENCE/PLEASANTNESS	32.8802406672	0.882765536155
7059	VALENCE/PLEASANTNESS	43.4155226113	0.982657863007
261	VALENCE/PLEASANTNESS	35.7792353845	0.9191079415
17617	VALENCE/PLEASANTNESS	47.6550550748	0.997800493319
7335	VALENCE/PLEASANTNESS	50.3682631861	0.99994575289
8697	VALENCE/PLEASANTNESS	38.4267743306	0.946424179042
263	VALENCE/PLEASANTNESS	42.1296694768	0.975223158982
7654	VALENCE/PLEASANTNESS	51.2506334783	0.999374366361
957	VALENCE/PLEASANTNESS	42.8776682278	0.979708956051
7136	VALENCE/PLEASANTNESS	50.9387414312	0.99964750581
31249	VALENCE/PLEASANTNESS	56.1629030128	0.984807450582
1183	VALENCE/PLEASANTNESS	57.2767395038	0.978819624878
10430	VALENCE/PLEASANTNESS	34.0218642943	0.897879671748
7915	VALENCE/PLEASANTNESS	44.1301896013	0.986218130353
31244	VALENCE/PLEASANTNESS	59.0761359801	0.967049502269
6501	VALENCE/PLEASANTNESS	51.6584344309	0.998899838095
8125	VALENCE/PLEASANTNESS	39.7760670962	0.958188478391
31265	VALENCE/PLEASANTNESS	66.7953291175	0.887166767934
21057	VALENCE/PLEASANTNESS	44.0526891192	0.985851797315
807	VALENCE/PLEASANTNESS	31.5306122449	0.863552686381
1068	VALENCE/PLEASANTNESS	28.692221153	0.818391424244
356	VALENCE/PLEASANTNESS	41.1520883178	0.968685783546
875	VALENCE/PLEASANTNESS	45.860130162	0.99314459109
14257	VALENCE/PLEASANTNESS	38.3094572917	0.945332484474
13204	VALENCE/PLEASANTNESS	46.769593536	0.995825789631
526618	VALENCE/PLEASANTNESS	33.9984910567	0.897580684614
16324	VALENCE/PLEASANTNESS	50.5038688867	0.999898446458
6106	VALENCE/PLEASANTNESS	39.1321488314	0.952755924391
61918	VALENCE/PLEASANTNESS	37.2961075323	0.935444446468
8122	VALENCE/PLEASANTNESS	40.8045775177	0.966177682149
4133	VALENCE/PLEASANTNESS	47.1491555824	0.996749074443
14514	VALENCE/PLEASANTNESS	38.2668275436	0.944933065643
98330	VALENCE/PLEASANTNESS	31.4181017011	0.861885222244
11583	VALENCE/PLEASANTNESS	38.6362530953	0.948346102514
22310	VALENCE/PLEASANTNESS	57.9034371789	0.975014272304
1551246	VALENCE/PLEASANTNESS	51.2521641103	0.999372834016
6050	VALENCE/PLEASANTNESS	39.7120241421	0.957663021099
31272	VALENCE/PLEASANTNESS	50.7019638415	0.999802898706
61052	VALENCE/PLEASANTNESS	48.2381373305	0.998758335974
439570	VALENCE/PLEASANTNESS	45.9562132349	0.993459115439
8091	VALENCE/PLEASANTNESS	54.3819990323	0.992319233792
61325	VALENCE/PLEASANTNESS	47.2563493186	0.996988952375
220674	VALENCE/PLEASANTNESS	48.7674166041	0.999392295269
15606	VALENCE/PLEASANTNESS	49.8703007443	0.999993271241
7792	VALENCE/PLEASANTNESS	44.8242419538	0.989284611459
7151	VALENCE/PLEASANTNESS	46.2465459048	0.994364632942
61527	BAKERY	4.60720239046	0.175797570072
520191	BAKERY	4.11096081134	0.157678432937
1110	BAKERY	1.45539077719	0.0573683661619
12178	BAKERY	2.85816300226	0.111058881791
1549026	BAKERY	2.0403502417	0.0799487980245
8078	BAKERY	1.66302062915	0.0654145701208
7820	BAKERY	3.94801307362	0.151685800053
521238	BAKERY	2.93994079397	0.11414033101
7122	BAKERY	2.28438394109	0.0892879936476
9589	BAKERY	5.24039312965	0.198631037125
24020	BAKERY	6.41687826297	0.240204599862
33032	BAKERY	6.71973933552	0.250727614726
8914	BAKERY	1.37264942537	0.0541523104367
8082	BAKERY	2.1255670657	0.0832154684877
6943	BAKERY	0.585665558913	0.0232894206978
660	BAKERY	2.85707686986	0.111017919498
170833	BAKERY	2.21454544271	0.0866201331014
11428	BAKERY	3.09877764317	0.120110136574
7144	BAKERY	7.63289368193	0.282011320893
15037	BAKERY	4.51865908479	0.172579051422
11529	BAKERY	4.75251878649	0.181066177533
14328	BAKERY	9.57486604254	0.346323417809
7409	BAKERY	2.47859019993	0.0966862442455
6213	BAKERY	2.68188412576	0.104398364045
7059	BAKERY	4.01318171258	0.15408501752
261	BAKERY	3.01491519016	0.116960722165
17617	BAKERY	1.59418198	0.0627507127257
7335	BAKERY	2.87926747084	0.111854626366
8697	BAKERY	3.27800562889	0.126822096794
263	BAKERY	2.51714217797	0.0981512852212
7654	BAKERY	2.63205095142	0.102510961172
957	BAKERY	1.4753011128	0.0581414391627
7136	BAKERY	7.93699022544	0.292281283482
31249	BAKERY	5.42085191703	0.205079822479
1183	BAKERY	22.6681645211	0.701188307741
10430	BAKERY	4.41218413365	0.168700417814
7915	BAKERY	5.97955884808	0.224880304316
31244	BAKERY	11.055072787	0.39331705775
6501	BAKERY	5.68262387471	0.214388069348
8125	BAKERY	1.2703987801	0.0501703859799
31265	BAKERY	4.591090248	0.175212366054
21057	BAKERY	2.5768117862	0.100416487856
807	BAKERY	0.122448979592	0.00489196168264
1068	BAKERY	0.935292546681	0.0370617930081
356	BAKERY	1.02056142208	0.0404058386368
875	BAKERY	9.50992009651	0.344221371764
14257	BAKERY	0.950932151457	0.0376755772756
13204	BAKERY	8.1236163916	0.298547398353
526618	BAKERY	5.75193606742	0.216843535287
16324	BAKERY	4.66685593921	0.177962419825
6106	BAKERY	6.92574117527	0.25784329068
61918	BAKERY	9.85875821456	0.355472283169
8122	BAKERY	2.10511848727	0.0824321299526
4133	BAKERY	1.18523287339	0.0468474041499
14514	BAKERY	6.12781398503	0.230092517707
98330	BAKERY	5.09126974723	0.193282378833
11583	BAKERY	2.37272047739	0.0926568981101
22310	BAKERY	7.6626079611	0.283018094138
1551246	BAKERY	2.97861135075	0.115595603799
6050	BAKERY	5.34019590024	0.202200759108
31272	BAKERY	2.89289960126	0.112368436809
61052	BAKERY	1.94829494021	0.0764134563389
439570	BAKERY	2.42637131399	0.0946999414582
8091	BAKERY	1.55443715286	0.0612109761697
61325	BAKERY	11.6984768944	0.413197331117
220674	BAKERY	2.37149521093	0.0926102126229
15606	BAKERY	1.42317526627	0.0561168395154
7792	BAKERY	1.8346467081	0.0720394969066
7151	BAKERY	4.19518781124	0.160767672141
61527	SWEET	10.767421476	0.384321912945
520191	SWEET	5.68025083364	0.214303933532
1110	SWEET	6.45293468408	0.241461240949
12178	SWEET	10.9711942781	0.39070092957
1549026	SWEET	17.4987699125	0.577468017119
8078	SWEET	8.20272441478	0.301195101461
7820	SWEET	22.8740989512	0.705674196915
521238	SWEET	21.7150555518	0.679984767025
7122	SWEET	20.77495974	0.658358808721
9589	SWEET	14.4515204035	0.494522239351
24020	SWEET	34.5414742376	0.904413592501
33032	SWEET	16.1772114093	0.542407588779
8914	SWEET	12.1041891412	0.425563007741
8082	SWEET	8.42164119178	0.308496031526
6943	SWEET	3.14244948183	0.121747983775
660	SWEET	13.4454396011	0.465505645617
170833	SWEET	12.437261141	0.435616259763
11428	SWEET	10.4388294999	0.373965515465
7144	SWEET	9.78050393256	0.352956854432
15037	SWEET	11.6649389207	0.412169236819
11529	SWEET	31.7699044608	0.867065446653
14328	SWEET	18.9261126916	0.613765411017
7409	SWEET	12.1983586301	0.428414363896
6213	SWEET	8.9256933789	0.325160534238
7059	SWEET	10.8565656486	0.38711661887
261	SWEET	11.8064040681	0.416499691916
17617	SWEET	16.7105757628	0.556725693583
7335	SWEET	16.7092359464	0.556690011491
8697	SWEET	20.3327658414	0.647942086951
263	SWEET	13.1520778534	0.456892253392
7654	SWEET	18.8667055927	0.612287191739
957	SWEET	13.4724372845	0.466294864825
7136	SWEET	21.3058017013	0.670657193599
31249	SWEET	33.6466773802	0.893027535718
1183	SWEET	32.6567571447	0.879684770905
10430	SWEET	8.14837065789	0.299376448564
7915	SWEET	11.0562100742	0.393352490485
31244	SWEET	32.563537454	0.878387909552
6501	SWEET	18.7004132443	0.608134347569
8125	SWEET	12.9494419712	0.450902459901
31265	SWEET	47.3131937499	0.99711242887
21057	SWEET	13.6695995313	0.472040800712
807	SWEET	2.77551020408	0.107939025406
1068	SWEET	3.87174401797	0.148873600022
356	SWEET	13.4409132126	0.465373269307
875	SWEET	16.4618940753	0.550078180394
14257	SWEET	9.5144289875	0.344367415917
13204	SWEET	16.0961554969	0.540211731163
526618	SWEET	9.14936149957	0.332490133643
16324	SWEET	29.4960442313	0.831835119134
6106	SWEET	11.8500375514	0.417832146067
61918	SWEET	11.4974361578	0.40702103103
8122	SWEET	10.8822631118	0.387921064299
4133	SWEET	16.8515736464	0.560472732111
14514	SWEET	11.338214278	0.402106529914
98330	SWEET	5.50030412711	0.207910826888
11583	SWEET	15.980696159	0.537074786469
22310	SWEET	15.6729750986	0.528662144567
1551246	SWEET	17.6555097112	0.581533579182
6050	SWEET	8.78018048679	0.32037059172
31272	SWEET	22.7221289314	0.702367099987
61052	SWEET	18.0428740523	0.591496840465
439570	SWEET	13.1526408001	0.456908847996
8091	SWEET	23.5421214462	0.719992264973
61325	SWEET	15.2518005426	0.517025053786
220674	SWEET	14.1399328671	0.48562223409
15606	SWEET	20.0635433762	0.641523425924
7792	SWEET	13.1244279879	0.456076875513
7151	SWEET	19.5718420448	0.629650881381
61527	FRUIT	4.38830522142	0.16782931977
520191	FRUIT	3.12936959756	0.121257602271
1110	FRUIT	0.75039060151	0.0297903896385
12178	FRUIT	4.09924414735	0.157248244862
1549026	FRUIT	10.733000285	0.383241093353
8078	FRUIT	1.0316327418	0.0408396032266
7820	FRUIT	13.4812615562	0.466552696988
521238	FRUIT	12.4365523912	0.435594961496
7122	FRUIT	6.73174020177	0.251143077613
9589	FRUIT	4.49972028675	0.171889818406
24020	FRUIT	17.3788827219	0.574345083012
33032	FRUIT	3.17237683675	0.122869483552
8914	FRUIT	6.65498861604	0.24848399525
8082	FRUIT	0.96312043936	0.0381537771821
6943	FRUIT	1.04866780211	0.0415068304208
660	FRUIT	3.73103817654	0.143673268712
170833	FRUIT	3.4554736546	0.133442826913
11428	FRUIT	2.5250422887	0.0984513561241
7144	FRUIT	2.91254000403	0.113108444451
15037	FRUIT	2.96845951971	0.11521368002
11529	FRUIT	18.3908474887	0.600344591008
14328	FRUIT	6.09667056391	0.22899906577
7409	FRUIT	5.28458389558	0.200212625043
6213	FRUIT	0.501051378099	0.0199416341306
7059	FRUIT	0.894757406491	0.0354700599331
261	FRUIT	3.33131196939	0.128813423001
17617	FRUIT	10.0092705466	0.360296623114
7335	FRUIT	6.4957207431	0.242951074535
8697	FRUIT	10.1089275032	0.363480934024
263	FRUIT	3.79764181013	0.146136839078
7654	FRUIT	8.64743887254	0.31598627528
957	FRUIT	7.74265313439	0.285726654352
7136	FRUIT	5.66434162578	0.21373975861
31249	FRUIT	23.7290597211	0.723935078744
1183	FRUIT	6.1947232752	0.232439092426
10430	FRUIT	0.0	0.0
7915	FRUIT	2.59780328647	0.101212698693
31244	FRUIT	9.96486189405	0.358875086735
6501	FRUIT	6.66975815648	0.248996056713
8125	FRUIT	9.06815857104	0.329833742894
31265	FRUIT	32.0063456207	0.870491360831
21057	FRUIT	6.14800217	0.230800914527
807	FRUIT	2.04081632653	0.0799666805497
1068	FRUIT	0.419630805159	0.0167147962013
356	FRUIT	9.44711528593	0.342185416547
875	FRUIT	4.02739328725	0.154607772814
14257	FRUIT	7.11927085392	0.26449722716
13204	FRUIT	5.52999788139	0.208967564628
526618	FRUIT	3.38047182849	0.130647837226
16324	FRUIT	21.8389280929	0.682781611616
6106	FRUIT	3.88834200353	0.149485998727
61918	FRUIT	3.15897496397	0.12236734943
8122	FRUIT	5.74864604704	0.216727069332
4133	FRUIT	5.40098501794	0.204371145052
14514	FRUIT	6.28630229593	0.235645053215
98330	FRUIT	1.68105472147	0.0661118108684
11583	FRUIT	8.27578094931	0.303635817844
22310	FRUIT	3.59627984981	0.138677902489
1551246	FRUIT	13.9702480596	0.480742790045
6050	FRUIT	2.88997649847	0.112258274274
31272	FRUIT	13.4564604781	0.465827887686
61052	FRUIT	7.73245957383	0.285382010529
439570	FRUIT	4.94188399863	0.187906472963
8091	FRUIT	18.0092812936	0.59063756666
61325	FRUIT	6.19385870476	0.232408793928
220674	FRUIT	3.30420723451	0.127801175201
15606	FRUIT	13.2889935599	0.460920802462
7792	FRUIT	6.0182898011	0.226243667192
7151	FRUIT	6.13093667973	0.230202113361
61527	FISH	0.4456926452	0.0177482490344
520191	FISH	3.53355862755	0.136347930472
1110	FISH	2.19816174342	0.0859937037167
12178	FISH	1.57580232243	0.0620388317136
1549026	FISH	0.884850164372	0.0350808226495
8078	FISH	1.25771301685	0.0496757838607
7820	FISH	1.26614267356	0.0500044600345
521238	FISH	0.679758737089	0.0270055207073
7122	FISH	0.26624787548	0.0106215598467
9589	FISH	0.511832509493	0.0203685113726
24020	FISH	1.00495362823	0.0397941724111
33032	FISH	1.56635478438	0.0616728044509
8914	FISH	0.742539113673	0.0294810188128
8082	FISH	2.5430979888	0.0991369805996
6943	FISH	1.07590945203	0.0425733456216
660	FISH	0.987113646781	0.0390947885306
170833	FISH	0.381127902125	0.0151870126939
11428	FISH	0.64292553609	0.0255516801456
7144	FISH	1.06167249311	0.0420160403312
15037	FISH	1.69009910479	0.066461390198
11529	FISH	1.02267230183	0.0404885486184
14328	FISH	0.572182875025	0.022756357704
7409	FISH	1.59793656251	0.0628961019971
6213	FISH	3.51874082975	0.135797018379
7059	FISH	0.929059978632	0.0368171381677
261	FISH	2.82761107212	0.109906289135
17617	FISH	0.843568096903	0.0334580810225
7335	FISH	0.394517301983	0.0157184345187
8697	FISH	0.948056376279	0.0375627306941
263	FISH	1.25617569481	0.0496158368418
7654	FISH	2.03922956956	0.0799057998873
957	FISH	0.866767928635	0.0343702024886
7136	FISH	0.810573561707	0.0321601306687
31249	FISH	1.39679254923	0.055091290199
1183	FISH	0.897398053807	0.0355737928455
10430	FISH	1.14161321046	0.0451432161295
7915	FISH	0.912594739997	0.0361706579361
31244	FISH	0.96052220844	0.0380518471724
6501	FISH	0.964479386436	0.0382070872627
8125	FISH	1.24764450517	0.0492831334822
31265	FISH	0.888656748502	0.0352303856134
21057	FISH	1.22470826824	0.0483883665928
807	FISH	3.02040816327	0.117167180342
1068	FISH	4.87746849046	0.185582860068
356	FISH	0.968067998945	0.0383478576976
875	FISH	1.79664051792	0.0705744538566
14257	FISH	0.470485528613	0.0187308784915
13204	FISH	1.15081496439	0.0455028485429
526618	FISH	5.11220225749	0.194034245531
16324	FISH	1.33781334702	0.0527966360603
6106	FISH	0.884407871932	0.0350634439637
61918	FISH	0.524775222331	0.0208808532796
8122	FISH	0.917302911843	0.0363555386209
4133	FISH	1.02734869616	0.0406717697091
14514	FISH	0.689268961201	0.0273807217677
98330	FISH	9.11155094692	0.331253893613
11583	FISH	1.89683723278	0.0744342927162
22310	FISH	0.578038860273	0.0229879028413
1551246	FISH	0.872536427106	0.0345969291576
6050	FISH	1.44670369416	0.0570309671351
31272	FISH	1.06366438422	0.0420940225997
61052	FISH	1.65858036467	0.0652428590564
439570	FISH	0.341335985012	0.0136068352986
8091	FISH	0.794195764814	0.0315155318274
61325	FISH	0.834768310196	0.0331119971551
220674	FISH	0.413148654466	0.0164576694544
15606	FISH	0.747094137329	0.0296605056332
7792	FISH	0.754613510115	0.0299567637847
7151	FISH	0.872163857037	0.0345822863641
61527	GARLIC	1.43051992904	0.0564022422548
520191	GARLIC	5.28776348627	0.200326362376
1110	GARLIC	2.77684016079	0.10798926992
12178	GARLIC	3.05538874149	0.118481389515
1549026	GARLIC	2.19402561516	0.0858355252463
8078	GARLIC	8.20801170312	0.301371885678
7820	GARLIC	2.01199326008	0.0788604836518
521238	GARLIC	1.76619613586	0.0694000659183
7122	GARLIC	1.11004339227	0.0439088571576
9589	GARLIC	1.38420921468	0.0546019545274
24020	GARLIC	1.9110447163	0.0749809518888
33032	GARLIC	2.64690697857	0.103073832522
8914	GARLIC	2.52598210508	0.0984870499653
8082	GARLIC	7.29175329181	0.270402265245
6943	GARLIC	1.35865135849	0.053607680934
660	GARLIC	1.58451039721	0.0623761466088
170833	GARLIC	1.29062999663	0.0509589095499
11428	GARLIC	2.79630607311	0.108724511863
7144	GARLIC	1.42541351636	0.0562038191772
15037	GARLIC	1.44775669172	0.0570718678934
11529	GARLIC	1.94948469313	0.0764591914977
14328	GARLIC	1.875596091	0.0736166993615
7409	GARLIC	1.33100564398	0.0525315953495
6213	GARLIC	7.40758353498	0.274354423868
7059	GARLIC	2.7027407903	0.1051877085
261	GARLIC	4.18118667882	0.160254538335
17617	GARLIC	2.79047604554	0.108504339197
7335	GARLIC	1.44673039694	0.0570320043409
8697	GARLIC	2.16686839084	0.0847966081844
263	GARLIC	6.61404455096	0.24706354791
7654	GARLIC	1.77648079145	0.069796878057
957	GARLIC	2.73828793091	0.10653222892
7136	GARLIC	2.44531160818	0.0954206447827
31249	GARLIC	2.71140148821	0.105515380316
1183	GARLIC	1.56028430827	0.0614375774818
10430	GARLIC	3.3276305677	0.12867597263
7915	GARLIC	3.39020989701	0.131010986622
31244	GARLIC	1.32506422294	0.0523002508395
6501	GARLIC	2.14554159965	0.0839803244837
8125	GARLIC	3.41470370297	0.131924067567
31265	GARLIC	1.91840009135	0.0752639000899
21057	GARLIC	2.6487752034	0.103144604105
807	GARLIC	1.16326530612	0.0459893377758
1068	GARLIC	11.9900934163	0.4220988006
356	GARLIC	2.62875389628	0.102386017032
875	GARLIC	3.17825603215	0.123089716724
14257	GARLIC	2.68387751806	0.10447382131
13204	GARLIC	1.87975156204	0.0737766761077
526618	GARLIC	10.1765593431	0.365637429698
16324	GARLIC	2.40264225189	0.0937966141592
6106	GARLIC	1.95286086045	0.0765889682019
61918	GARLIC	1.5656208486	0.0616443664874
8122	GARLIC	3.44613343949	0.133095003306
4133	GARLIC	1.86991883043	0.0733981146442
14514	GARLIC	1.41756038507	0.0558986244247
98330	GARLIC	20.4918955538	0.651708708796
11583	GARLIC	2.457805106	0.0958958818645
22310	GARLIC	1.61030729058	0.0633750557951
1551246	GARLIC	3.06421174195	0.118812712238
6050	GARLIC	4.19657665254	0.160818563861
31272	GARLIC	1.83041038489	0.0718762545247
61052	GARLIC	2.27330080903	0.0888648737337
439570	GARLIC	0.818963169486	0.0324902465103
8091	GARLIC	1.96276955752	0.0769697965666
61325	GARLIC	1.71591045654	0.0674586787836
220674	GARLIC	1.51488747911	0.0596775455348
15606	GARLIC	2.10419221791	0.0823966387603
7792	GARLIC	2.50350733539	0.0976332738244
7151	GARLIC	2.24577071845	0.0878134342902
61527	SPICES	7.23587437395	0.268491823776
520191	SPICES	8.37629003883	0.306986707627
1110	SPICES	4.63119211692	0.176668508507
12178	SPICES	5.02603090518	0.190936841543
1549026	SPICES	5.70967969405	0.215347010879
8078	SPICES	6.61727508056	0.247175671426
7820	SPICES	4.46415736781	0.170594814311
521238	SPICES	4.35935872471	0.166772745592
7122	SPICES	7.78607367519	0.287193769697
9589	SPICES	6.31502681124	0.236649246999
24020	SPICES	4.23993211427	0.162406474837
33032	SPICES	4.970067096	0.188922057065
8914	SPICES	4.74973743783	0.180965495222
8082	SPICES	6.22785162087	0.23359961051
6943	SPICES	10.0854482263	0.362731422683
660	SPICES	5.43602532371	0.20562086442
170833	SPICES	7.51586108454	0.278039176245
11428	SPICES	5.81547502151	0.21909110097
7144	SPICES	11.7340984665	0.414288311931
15037	SPICES	7.09931985306	0.263812657172
11529	SPICES	4.15095736287	0.159146115703
14328	SPICES	10.4220459397	0.373434220962
7409	SPICES	7.31620681831	0.271237519849
6213	SPICES	5.31822685999	0.201415659626
7059	SPICES	8.77129255463	0.320077472954
261	SPICES	5.80501766671	0.218721414624
17617	SPICES	5.0355742383	0.191280166368
7335	SPICES	6.02042658077	0.226318848745
8697	SPICES	4.53272665679	0.173090821893
263	SPICES	6.70024417352	0.250052458147
7654	SPICES	5.92871895059	0.223088874666
957	SPICES	4.9945286237	0.189803018479
7136	SPICES	10.0451232589	0.36144312984
31249	SPICES	4.65282599361	0.177453523854
1183	SPICES	9.37557072495	0.339862298431
10430	SPICES	6.69678847513	0.249932748653
7915	SPICES	6.89479574739	0.256776546536
31244	SPICES	11.2614216574	0.399729019198
6501	SPICES	6.81988326895	0.254191007637
8125	SPICES	5.34465685018	0.202360131269
31265	SPICES	3.90073817405	0.149943223641
21057	SPICES	5.89690361562	0.221966755724
807	SPICES	3.83673469388	0.147581174511
1068	SPICES	8.00172250605	0.294457875017
356	SPICES	4.66207679974	0.177789087955
875	SPICES	6.4836704743	0.242531625844
14257	SPICES	4.27130872397	0.163554717673
13204	SPICES	6.32862602761	0.237124438145
526618	SPICES	9.98927105935	0.359656627855
16324	SPICES	4.66006749413	0.177716208145
6106	SPICES	5.47656926645	0.207065646286
61918	SPICES	5.91586132743	0.222635486999
8122	SPICES	5.18047989071	0.196484246869
4133	SPICES	6.25055954717	0.234394584026
14514	SPICES	7.89125197713	0.290741335978
98330	SPICES	11.7572406707	0.414996543553
11583	SPICES	4.92707747907	0.187372662169
22310	SPICES	6.96223150464	0.259100193176
1551246	SPICES	7.45577309172	0.275995502711
6050	SPICES	5.68142031042	0.214345397719
31272	SPICES	4.38468016298	0.167697038466
61052	SPICES	4.97559193739	0.189121071444
439570	SPICES	8.08492240064	0.297250507936
8091	SPICES	4.23407079726	0.162191889684
61325	SPICES	8.05795666178	0.296346000246
220674	SPICES	5.83008313435	0.219607377633
15606	SPICES	4.17279312522	0.159946844022
7792	SPICES	6.53905201898	0.244458400237
7151	SPICES	6.85849262898	0.255524136702
61527	COLD	4.83060599938	0.183890338247
520191	COLD	2.50507303481	0.0976927650284
1110	COLD	4.63254532111	0.176717622384
12178	COLD	5.02722569858	0.190979828654
1549026	COLD	4.84696103794	0.184481228996
8078	COLD	7.51116538166	0.27787957311
7820	COLD	5.20286893441	0.197286819317
521238	COLD	5.13054479413	0.194692795811
7122	COLD	4.5126017185	0.172358639032
9589	COLD	4.95171169253	0.188260688227
24020	COLD	4.9989547838	0.18996237178
33032	COLD	4.83218208809	0.183947290031
8914	COLD	5.61519784032	0.211995734898
8082	COLD	6.24395991812	0.234163582541
6943	COLD	5.58821876433	0.21103747499
660	COLD	4.62490238528	0.176440206582
170833	COLD	11.0242986744	0.392357882471
11428	COLD	5.05373919562	0.191933455882
7144	COLD	4.5390343719	0.173320241664
15037	COLD	4.98343725278	0.18940363137
11529	COLD	4.77475499367	0.181870885647
14328	COLD	4.56624523394	0.174309571143
7409	COLD	5.56409441659	0.210180117993
6213	COLD	5.35272972612	0.202648502836
7059	COLD	5.45745731126	0.206384756329
261	COLD	4.36216020883	0.166875031678
17617	COLD	5.23772120442	0.198535358811
7335	COLD	5.40318833975	0.204449755896
8697	COLD	3.67078488346	0.141441530674
263	COLD	5.03334953833	0.191200138503
7654	COLD	4.61201230719	0.175972229279
957	COLD	5.33857910653	0.202142993511
7136	COLD	4.47599712038	0.171026064726
31249	COLD	5.0923422644	0.193320910681
1183	COLD	4.43778114065	0.169633685045
10430	COLD	3.60523054937	0.139010147049
7915	COLD	4.77149588208	0.181752966102
31244	COLD	4.12973294548	0.158367440139
6501	COLD	4.78710054767	0.182317489245
8125	COLD	5.3395439599	0.202177466516
31265	COLD	4.66793136257	0.178001421221
21057	COLD	5.18445714571	0.19662684747
807	COLD	4.51020408163	0.172271386922
1068	COLD	3.80108967529	0.146264273924
356	COLD	5.5210538282	0.208649338979
875	COLD	5.37912391125	0.203590966829
14257	COLD	6.45055730576	0.241378416408
13204	COLD	4.92797035036	0.187404857305
526618	COLD	2.31847266605	0.0905887804406
16324	COLD	4.74228345511	0.180695637257
6106	COLD	3.86777041689	0.148726957477
61918	COLD	4.57887538773	0.174768575583
8122	COLD	4.76136783204	0.181386463829
4133	COLD	5.15093914592	0.195424696203
14514	COLD	4.59659588138	0.175412357776
98330	COLD	2.81221415991	0.109325147004
11583	COLD	4.6190263871	0.176226893578
22310	COLD	7.503118789	0.277606034935
1551246	COLD	5.42609326646	0.205266735404
6050	COLD	4.05269838986	0.155538189899
31272	COLD	4.85326127421	0.18470879297
61052	COLD	4.64551529739	0.177188286944
439570	COLD	6.61286732612	0.247022687336
8091	COLD	5.29550323705	0.200603187669
61325	COLD	5.18608595635	0.196685243235
220674	COLD	8.27318664125	0.30354921877
15606	COLD	5.28287989413	0.200151667775
7792	COLD	5.71444913476	0.215515993825
7151	COLD	5.27818498912	0.199983704853
61527	SOUR	7.83325744334	0.288786328864
520191	SOUR	11.336933699	0.402066921681
1110	SOUR	18.4310265725	0.601359966693
12178	SOUR	10.0408504053	0.361306545468
1549026	SOUR	12.587452108	0.440120504091
8078	SOUR	7.7589202148	0.286276471432
7820	SOUR	12.5023345396	0.437570034009
521238	SOUR	7.49449854813	0.27731293853
7122	SOUR	5.36644791666	0.203138411369
9589	SOUR	7.04297357395	0.261877552253
24020	SOUR	6.80998418958	0.253849013718
33032	SOUR	12.5080748188	0.437742218482
8914	SOUR	6.27750028442	0.235337207448
8082	SOUR	8.54782368816	0.312686831605
6943	SOUR	5.9986662703	0.225553052003
660	SOUR	6.6615641557	0.248711991428
170833	SOUR	4.94738687766	0.188104820339
11428	SOUR	7.30879152483	0.270984287572
7144	SOUR	6.14255695309	0.230609875755
15037	SOUR	6.63935157179	0.247941667154
11529	SOUR	7.63910410014	0.282221799425
14328	SOUR	6.85454684936	0.25538794897
7409	SOUR	6.32713177394	0.237072232364
6213	SOUR	18.2358215085	0.596414785903
7059	SOUR	7.89082512201	0.290726956438
261	SOUR	14.3521836129	0.491693274733
17617	SOUR	7.79470620858	0.287485270392
7335	SOUR	6.41586440829	0.240169249889
8697	SOUR	14.1722534512	0.486549030895
263	SOUR	9.07067043902	0.329915992676
7654	SOUR	5.97936486783	0.224873473024
957	SOUR	7.48523624572	0.276997945167
7136	SOUR	6.25691383603	0.234616965141
31249	SOUR	8.37366860881	0.306899413964
1183	SOUR	5.24476107458	0.198787435492
10430	SOUR	13.5911181692	0.469757329532
7915	SOUR	8.55060871721	0.312779184914
31244	SOUR	5.77111741048	0.217522377953
6501	SOUR	7.05442745255	0.262271119429
8125	SOUR	9.00164875093	0.327654077943
31265	SOUR	7.57520170663	0.280054595907
21057	SOUR	9.96518585156	0.35888546244
807	SOUR	9.73469387755	0.351482049146
1068	SOUR	18.9766234584	0.615020043183
356	SOUR	7.68314432734	0.283713490392
875	SOUR	11.9371333794	0.42048727385
14257	SOUR	6.86027312292	0.255585585988
13204	SOUR	6.06858854989	0.2280124352
526618	SOUR	9.25730031867	0.336012969071
16324	SOUR	10.1191431428	0.363806902533
6106	SOUR	11.9412341332	0.420612136277
61918	SOUR	7.48578715305	0.277016682402
8122	SOUR	8.71611234578	0.318256248061
4133	SOUR	7.64825643358	0.282531926754
14514	SOUR	7.05117934519	0.262159521744
98330	SOUR	12.9548558136	0.451062916884
11583	SOUR	14.4628708112	0.494844979609
22310	SOUR	4.0000009382	0.153600034526
1551246	SOUR	9.32883696141	0.338342598835
6050	SOUR	21.0588718543	0.664964440662
31272	SOUR	9.29153013678	0.337128192558
61052	SOUR	7.02826422417	0.261371969765
439570	SOUR	5.51292914027	0.208360210529
8091	SOUR	9.12204606982	0.331597152993
61325	SOUR	6.03795466088	0.22693542784
220674	SOUR	5.73841583404	0.216364866848
15606	SOUR	9.2302865111	0.335132184813
7792	SOUR	6.56326422547	0.245299994101
7151	SOUR	7.35333202662	0.272504684307
61527	BURNT	5.0426696972	0.191535380818
520191	BURNT	11.0030944527	0.391696543095
1110	BURNT	5.31053650003	0.201140740834
12178	BURNT	4.3144400794	0.165131845896
1549026	BURNT	3.15024961205	0.122040355435
8078	BURNT	4.9978959585	0.189924252735
7820	BURNT	3.40596318736	0.131598293401
521238	BURNT	3.22185952625	0.124722229527
7122	BURNT	5.02343911836	0.190843588504
9589	BURNT	6.76979024563	0.252459585837
24020	BURNT	2.93193470333	0.113838891692
33032	BURNT	4.10619656164	0.157503522384
8914	BURNT	4.47698302801	0.171061970307
8082	BURNT	5.19429376374	0.196979475468
6943	BURNT	6.52904778094	0.244110525267
660	BURNT	5.80050358175	0.218561806549
170833	BURNT	5.05183086856	0.191864836692
11428	BURNT	4.53757479182	0.173267157676
7144	BURNT	5.45940577293	0.20645418636
15037	BURNT	6.46060848702	0.241728554672
11529	BURNT	2.90696449803	0.112898402884
14328	BURNT	5.24139722383	0.19866699101
7409	BURNT	6.25056053978	0.234394618767
6213	BURNT	5.91914781893	0.222751388396
7059	BURNT	7.57221499667	0.279953223884
261	BURNT	4.13719674324	0.158641310973
17617	BURNT	2.67235910212	0.104037762816
7335	BURNT	2.78313154259	0.10822693323
8697	BURNT	3.62283148692	0.139663296284
263	BURNT	4.35553683843	0.166633193077
7654	BURNT	3.9173528683	0.150555853334
957	BURNT	4.64873648243	0.177305158944
7136	BURNT	4.3008489748	0.16463503823
31249	BURNT	3.51849775568	0.135787979644
1183	BURNT	6.30451629757	0.236281881604
10430	BURNT	4.86698327177	0.185204320404
7915	BURNT	4.06695668624	0.156062212775
31244	BURNT	5.69969960433	0.214993353941
6501	BURNT	3.61345476861	0.139315368598
8125	BURNT	4.63802236704	0.176916394091
31265	BURNT	3.13796067424	0.121579708092
21057	BURNT	4.3738952868	0.16730342748
807	BURNT	5.44897959184	0.206082632237
1068	BURNT	4.76646063457	0.18157076659
356	BURNT	5.17023240006	0.196116774774
875	BURNT	12.5713689296	0.439639030479
14257	BURNT	6.1553432031	0.231058428145
13204	BURNT	6.663549468	0.248780822115
526618	BURNT	15.0271386566	0.510759587781
16324	BURNT	2.10258024475	0.0823348723158
6106	BURNT	4.76032210712	0.181348617659
61918	BURNT	8.37797670581	0.307042870759
8122	BURNT	4.56994952563	0.174444205558
4133	BURNT	4.5535078693	0.173846541206
14514	BURNT	5.32464047145	0.201644900398
98330	BURNT	12.8896742394	0.449129488778
11583	BURNT	3.55599008163	0.137181577081
22310	BURNT	4.49943122697	0.171879296532
1551246	BURNT	4.56148552765	0.174136561019
6050	BURNT	5.51864199171	0.208563515895
31272	BURNT	2.76887838933	0.107688460559
61052	BURNT	4.54376883886	0.17349241945
439570	BURNT	5.12810124706	0.194605080923
8091	BURNT	3.22857253442	0.124973429133
61325	BURNT	5.08148916707	0.192930953821
220674	BURNT	3.83725599482	0.147600426365
15606	BURNT	3.74971022965	0.144364278463
7792	BURNT	4.64442982419	0.177148901611
7151	BURNT	5.25970199746	0.199322293858
61527	ACID	8.36938179875	0.306756651273
520191	ACID	6.1009149944	0.229148134268
1110	ACID	7.48283529105	0.276916282045
12178	ACID	7.38204401462	0.273483931051
1549026	ACID	4.62605780046	0.176482147709
8078	ACID	10.2484624903	0.367926106244
7820	ACID	6.45601444253	0.241568528708
521238	ACID	5.12922252522	0.194645331524
7122	ACID	5.67352118138	0.214065310217
9589	ACID	6.85616134345	0.255443674391
24020	ACID	7.20714182794	0.267508515786
33032	ACID	5.03122562617	0.191123732526
8914	ACID	10.2003499	0.366395140766
8082	ACID	9.31485929121	0.337887730202
6943	ACID	10.9692279387	0.390639532919
660	ACID	7.06986185798	0.262801295643
170833	ACID	6.68269349228	0.249444382766
11428	ACID	8.34923899509	0.306085643085
7144	ACID	7.7042521358	0.284427885043
15037	ACID	8.95898179378	0.326253929839
11529	ACID	5.61480515795	0.211981791533
14328	ACID	5.17256452856	0.196200411622
7409	ACID	8.76218571151	0.319777069083
6213	ACID	8.60681962767	0.314641847465
7059	ACID	8.70148491685	0.317773060771
261	ACID	6.24513296936	0.234204644453
17617	ACID	4.84750805862	0.184500988594
7335	ACID	4.80112694735	0.182824749908
8697	ACID	6.681274004	0.249395191233
263	ACID	6.71240882789	0.250473780207
7654	ACID	5.10457032974	0.193760157889
957	ACID	8.5307225039	0.31211960958
7136	ACID	3.94231520097	0.151475868381
31249	ACID	6.19180537545	0.232336833495
1183	ACID	4.63136073972	0.176674628668
10430	ACID	7.2096808173	0.267595433697
7915	ACID	7.32985391151	0.271703453115
31244	ACID	5.77875211045	0.217792494036
6501	ACID	5.77958954916	0.217822119824
8125	ACID	8.01095271869	0.294767963363
31265	ACID	5.15866040531	0.195701705342
21057	ACID	7.06935954862	0.262784044174
807	ACID	16.5714285714	0.553012244897
1068	ACID	9.84241814445	0.354947447806
356	ACID	10.0414782176	0.361326614785
875	ACID	4.72044991261	0.179904937553
14257	ACID	10.1641700779	0.365242661766
13204	ACID	7.51631665037	0.278054659619
526618	ACID	7.68812330415	0.28388203619
16324	ACID	5.86215091286	0.220740111184
6106	ACID	6.52453339641	0.24395352144
61918	ACID	6.87175007557	0.255981623382
8122	ACID	6.77487324137	0.25263536668
4133	ACID	7.72926737226	0.285274065246
14514	ACID	8.55926843682	0.313066307003
98330	ACID	7.4777368901	0.276742856005
11583	ACID	7.20456882654	0.267420428271
22310	ACID	4.85874162462	0.184906716915
1551246	ACID	7.32100750826	0.271401439956
6050	ACID	8.61787797338	0.31500799063
31272	ACID	6.32244602305	0.236908511436
61052	ACID	4.6130213138	0.176008866295
439570	ACID	6.67614122397	0.249217304302
8091	ACID	4.66975154216	0.1780674299
61325	ACID	7.88792024966	0.29062909564
220674	ACID	6.03786844018	0.226932395487
15606	ACID	5.24196348225	0.19868726683
7792	ACID	7.49403180644	0.277297067171
7151	ACID	6.38891529941	0.239229316495
61527	WARM	7.18199926849	0.266647525343
520191	WARM	6.37860819718	0.238869670874
1110	WARM	5.51033874367	0.208268016519
12178	WARM	4.92925611061	0.187451218103
1549026	WARM	4.60804124765	0.17582803225
8078	WARM	4.93258710012	0.187571317805
7820	WARM	5.16813831106	0.196041671002
521238	WARM	5.34117193966	0.202235630511
7122	WARM	7.44300235083	0.275560780435
9589	WARM	6.59192340692	0.246295554596
24020	WARM	5.76964284846	0.217470202499
33032	WARM	6.03698844652	0.226901446059
8914	WARM	4.17707462931	0.160103804189
8082	WARM	5.25383514106	0.199112292167
6943	WARM	7.2409905797	0.268666845358
660	WARM	7.00295683538	0.26050171164
170833	WARM	6.43589748402	0.240867588791
11428	WARM	5.01483234802	0.190533876529
7144	WARM	7.98338197849	0.293841524014
15037	WARM	6.42479943163	0.24048075817
11529	WARM	4.56706608908	0.174339406498
14328	WARM	8.0261562363	0.29527857588
7409	WARM	6.10568633402	0.229315691117
6213	WARM	5.01493844534	0.190537694769
7059	WARM	6.67443177278	0.249158055116
261	WARM	5.20778728899	0.197463072181
17617	WARM	5.17484711196	0.196282267425
7335	WARM	5.69429950896	0.214801961599
8697	WARM	6.42817968958	0.240598589935
263	WARM	4.28144465784	0.16392547897
7654	WARM	5.28574366003	0.200254111986
957	WARM	4.00930463987	0.153942376117
7136	WARM	8.59428878155	0.314226831398
31249	WARM	6.46552414572	0.241899764837
1183	WARM	10.8773599821	0.387767615212
10430	WARM	6.89340896645	0.256728723786
7915	WARM	5.60149410965	0.211509069882
31244	WARM	8.19304416112	0.300871377394
6501	WARM	7.53614431622	0.278728384187
8125	WARM	4.63745881531	0.176895942907
31265	WARM	5.61553704956	0.21200777944
21057	WARM	4.83435789204	0.18402590919
807	WARM	5.55102040816	0.209715285298
1068	WARM	4.50511014363	0.172085998783
356	WARM	3.83161395655	0.147392052057
875	WARM	8.03337425756	0.295520929518
14257	WARM	4.08608915705	0.156765116442
13204	WARM	6.70667149198	0.250275082679
526618	WARM	7.41986082085	0.274772698994
16324	WARM	5.12333494102	0.194433973274
6106	WARM	6.25680554174	0.234613175435
61918	WARM	6.91784849994	0.25757128885
8122	WARM	5.00968184427	0.190348508899
4133	WARM	7.072421931	0.262889216452
14514	WARM	7.79244562414	0.287408941443
98330	WARM	8.12729594683	0.29867066211
11583	WARM	4.47017603996	0.170814052067
22310	WARM	6.92126380103	0.257688995
1551246	WARM	5.69555587375	0.214846492265
6050	WARM	7.25432232078	0.269122815898
31272	WARM	4.12252700516	0.158102988643
61052	WARM	5.06147332671	0.192211528173
439570	WARM	6.26335268529	0.234842272667
8091	WARM	4.64343162952	0.177112682261
61325	WARM	8.32464407166	0.305265883299
220674	WARM	5.85988774943	0.220660196203
15606	WARM	4.21113097206	0.161351789257
7792	WARM	5.82339356586	0.219370977585
7151	WARM	6.29775853327	0.236045636313
61527	MUSKY	8.67172928023	0.316789615725
520191	MUSKY	11.7846896033	0.415836020513
1110	MUSKY	13.1488909889	0.45679830586
12178	MUSKY	10.1215022848	0.36388216799
1549026	MUSKY	5.91228722177	0.222509432794
8078	MUSKY	7.79295988862	0.287426306015
7820	MUSKY	4.74816228015	0.18090847319
521238	MUSKY	6.60996662293	0.246922001415
7122	MUSKY	6.46703953173	0.241952541147
9589	MUSKY	8.17064600796	0.300122057844
24020	MUSKY	3.3884950895	0.130947043992
33032	MUSKY	10.534702957	0.376996131723
8914	MUSKY	7.19126445319	0.266964864353
8082	MUSKY	8.69111569917	0.317430431128
6943	MUSKY	8.53195989943	0.312160660087
660	MUSKY	8.71920989979	0.318358547481
170833	MUSKY	4.74948330992	0.180956295712
11428	MUSKY	8.58972762418	0.314075736704
7144	MUSKY	7.47150795459	0.276530945737
15037	MUSKY	9.09270970396	0.330637440254
11529	MUSKY	3.65891780875	0.141001640537
14328	MUSKY	5.62921994024	0.212493550755
7409	MUSKY	7.37593187542	0.273275526605
6213	MUSKY	10.696304114	0.382087795879
7059	MUSKY	8.66403605524	0.316535233903
261	MUSKY	12.6519164005	0.442048260577
17617	MUSKY	6.81074672836	0.253875360735
7335	MUSKY	4.97007470479	0.188922331163
8697	MUSKY	14.7147796879	0.501981291011
263	MUSKY	11.2426845977	0.399148201122
7654	MUSKY	4.73909799	0.180580299697
957	MUSKY	8.09282523536	0.297515481298
7136	MUSKY	7.16603438197	0.266100555773
31249	MUSKY	3.68329196419	0.14190502269
1183	MUSKY	6.32924315995	0.237145998807
10430	MUSKY	14.4802939202	0.495340192002
7915	MUSKY	7.68879524376	0.28390478083
31244	MUSKY	4.07451926688	0.156340087773
6501	MUSKY	6.38210535246	0.238991706606
8125	MUSKY	9.01741388551	0.328171054147
31265	MUSKY	5.09482915324	0.193410252489
21057	MUSKY	8.42159702088	0.308494562282
807	MUSKY	8.83673469388	0.322234235735
1068	MUSKY	11.0039004676	0.391721688503
356	MUSKY	7.90228715118	0.291113029159
875	MUSKY	6.90628161679	0.257172574364
14257	MUSKY	7.14155631278	0.265261521884
13204	MUSKY	5.83187415536	0.219670663749
526618	MUSKY	8.91628781833	0.324851437349
16324	MUSKY	4.71556035473	0.179727810405
6106	MUSKY	14.0028429462	0.481681873618
61918	MUSKY	10.2806492153	0.368949269296
8122	MUSKY	9.81203001532	0.353970827404
4133	MUSKY	6.24474701368	0.234191134441
14514	MUSKY	9.57911213735	0.346460729758
98330	MUSKY	9.89703625805	0.356700919645
11583	MUSKY	11.3565604942	0.402673833264
22310	MUSKY	4.56027295159	0.174092482307
1551246	MUSKY	6.21969897868	0.233314096993
6050	MUSKY	9.6253822709	0.347956097292
31272	MUSKY	5.18109827524	0.196506419274
61052	MUSKY	6.71087484774	0.250420657421
439570	MUSKY	5.28173476713	0.200110701825
8091	MUSKY	6.92088135236	0.257675814617
61325	MUSKY	5.28429837813	0.200202411386
220674	MUSKY	5.69048140806	0.21466662486
15606	MUSKY	6.68829683782	0.249638547676
7792	MUSKY	7.17925333744	0.266553462104
7151	MUSKY	5.93393927438	0.22327291685
61527	SWEATY	2.76515366307	0.107547716611
520191	SWEATY	5.71468977182	0.215524519197
1110	SWEATY	9.30888260145	0.337693185943
12178	SWEATY	5.95800090499	0.224120926286
1549026	SWEATY	2.65266549415	0.103291966077
8078	SWEATY	3.35719951173	0.129779665044
7820	SWEATY	3.46131038004	0.133660147383
521238	SWEATY	2.91848234827	0.113332278244
7122	SWEATY	2.33254446958	0.0911254733023
9589	SWEATY	2.83665441721	0.110247533375
24020	SWEATY	2.30647490359	0.0901310655513
33032	SWEATY	6.97830853269	0.259653625317
8914	SWEATY	3.13664613409	0.121530425776
8082	SWEATY	7.49003265466	0.277161070519
6943	SWEATY	2.69532901055	0.104907241032
660	SWEATY	2.93680535356	0.114022283869
170833	SWEATY	1.77421762069	0.0697095655614
11428	SWEATY	4.44635491359	0.169946167737
7144	SWEATY	2.42671456845	0.0947130052992
15037	SWEATY	3.58489010459	0.138255029359
11529	SWEATY	2.54030540338	0.0990309555183
14328	SWEATY	1.20924965309	0.0477850722342
7409	SWEATY	2.29309091799	0.0896203303365
6213	SWEATY	6.42686869945	0.240552891466
7059	SWEATY	3.15610607239	0.12225984068
261	SWEATY	6.52781498411	0.244067651978
17617	SWEATY	3.50459892552	0.135271071569
7335	SWEATY	1.70703408429	0.0671157772257
8697	SWEATY	9.97003479359	0.359040754229
263	SWEATY	5.72425007195	0.215863187323
7654	SWEATY	2.62084791669	0.102086379147
957	SWEATY	3.04871056785	0.118230568263
7136	SWEATY	1.81113808209	0.0711334348225
31249	SWEATY	3.12295599841	0.121017098269
1183	SWEATY	2.07588334973	0.0813116173167
10430	SWEATY	10.5091780898	0.376189993943
7915	SWEATY	3.93586776981	0.151238288752
31244	SWEATY	1.13755749227	0.0449846848717
6501	SWEATY	2.08571329831	0.0816884519471
8125	SWEATY	4.8952166771	0.186223408558
31265	SWEATY	3.07140164226	0.119082662471
21057	SWEATY	5.17910604866	0.196434986161
807	SWEATY	2.24489795918	0.0877800916283
1068	SWEATY	7.28385830018	0.270132495312
356	SWEATY	4.45960139815	0.170428838074
875	SWEATY	3.97729618617	0.152764293466
14257	SWEATY	3.5504066061	0.136974109416
13204	SWEATY	1.92781619586	0.0756260577204
526618	SWEATY	4.66623267881	0.177939816187
16324	SWEATY	3.53971057022	0.13657660244
6106	SWEATY	10.7414065489	0.383505136096
61918	SWEATY	3.58801070879	0.138370900013
8122	SWEATY	5.01394699074	0.190502013859
4133	SWEATY	2.6075520495	0.101582350904
14514	SWEATY	2.89125855624	0.112306591834
98330	SWEATY	5.8708268444	0.221046430641
11583	SWEATY	7.09700282761	0.26373313345
22310	SWEATY	1.00076777394	0.0396300965025
1551246	SWEATY	2.6074247949	0.101577526172
6050	SWEATY	4.50606475283	0.17212074229
31272	SWEATY	3.69654667031	0.142396083898
61052	SWEATY	3.5189471263	0.135804689501
439570	SWEATY	1.85557179096	0.07284561297
8091	SWEATY	3.17868389626	0.123105743325
61325	SWEATY	1.54289788088	0.060763701687
220674	SWEATY	2.36669715204	0.092427383918
15606	SWEATY	3.24518041589	0.125594738263
7792	SWEATY	2.85539863721	0.110954624938
7151	SWEATY	2.29981872382	0.0898770824878
61527	AMMONIA/URINOUS	6.42384665559	0.240447543882
520191	AMMONIA/URINOUS	8.90917047125	0.324617491456
1110	AMMONIA/URINOUS	7.96191416111	0.293119735601
12178	AMMONIA/URINOUS	8.18139339215	0.300481656551
1549026	AMMONIA/URINOUS	2.94572767588	0.114358182419
8078	AMMONIA/URINOUS	8.83445963275	0.322159314509
7820	AMMONIA/URINOUS	4.11479475825	0.157819175969
521238	AMMONIA/URINOUS	3.60108671159	0.138856338262
7122	AMMONIA/URINOUS	4.90898474499	0.186720137309
9589	AMMONIA/URINOUS	4.82385749366	0.183646459299
24020	AMMONIA/URINOUS	4.1665697802	0.159718669715
33032	AMMONIA/URINOUS	1.62356140627	0.0638880755949
8914	AMMONIA/URINOUS	8.89169067335	0.324042761722
8082	AMMONIA/URINOUS	9.60452375439	0.347282199556
6943	AMMONIA/URINOUS	7.68613266532	0.283814652473
660	AMMONIA/URINOUS	6.34896173175	0.237834743242
170833	AMMONIA/URINOUS	5.29693943518	0.200654550455
11428	AMMONIA/URINOUS	6.76732179332	0.252374214031
7144	AMMONIA/URINOUS	5.96554329066	0.224386648925
15037	AMMONIA/URINOUS	5.39064253598	0.204002090659
11529	AMMONIA/URINOUS	3.7120791706	0.142971354116
14328	AMMONIA/URINOUS	3.585422622	0.138274802729
7409	AMMONIA/URINOUS	7.33789418911	0.271977891112
6213	AMMONIA/URINOUS	6.76848185447	0.252414335533
7059	AMMONIA/URINOUS	5.41524952852	0.204880010158
261	AMMONIA/URINOUS	5.37186715338	0.20333190345
17617	AMMONIA/URINOUS	4.39751410076	0.168165311924
7335	AMMONIA/URINOUS	3.35879843706	0.129839326706
8697	AMMONIA/URINOUS	5.79492487493	0.218364533275
263	AMMONIA/URINOUS	6.4267487953	0.240548711781
7654	AMMONIA/URINOUS	4.71842960678	0.17983175309
957	AMMONIA/URINOUS	7.87032890292	0.290036325301
7136	AMMONIA/URINOUS	3.50986899406	0.13546708762
31249	AMMONIA/URINOUS	2.43273817297	0.0949422409116
1183	AMMONIA/URINOUS	2.46503428941	0.096170813957
10430	AMMONIA/URINOUS	6.28796921253	0.235703345774
7915	AMMONIA/URINOUS	5.85389833723	0.220448683192
31244	AMMONIA/URINOUS	1.67856999182	0.0660157607858
6501	AMMONIA/URINOUS	4.1721030309	0.159921543756
8125	AMMONIA/URINOUS	5.8565343179	0.220541775029
31265	AMMONIA/URINOUS	3.11982852809	0.120899809106
21057	AMMONIA/URINOUS	5.37619252436	0.203486322551
807	AMMONIA/URINOUS	13.1836734694	0.457823240317
1068	AMMONIA/URINOUS	7.57156153538	0.279931043782
356	AMMONIA/URINOUS	7.08729061285	0.263399749222
875	AMMONIA/URINOUS	4.91309825697	0.186868516486
14257	AMMONIA/URINOUS	8.06750209395	0.296666247744
13204	AMMONIA/URINOUS	6.50077963076	0.243127130907
526618	AMMONIA/URINOUS	6.82351587608	0.254316487479
16324	AMMONIA/URINOUS	3.54120311158	0.136632076672
6106	AMMONIA/URINOUS	6.26836032291	0.235017476461
61918	AMMONIA/URINOUS	3.88730809592	0.149447858144
8122	AMMONIA/URINOUS	5.28547514132	0.200244506665
4133	AMMONIA/URINOUS	4.64192779189	0.177058114226
14514	AMMONIA/URINOUS	6.44207231933	0.241082774466
98330	AMMONIA/URINOUS	8.44924251081	0.30941382083
11583	AMMONIA/URINOUS	7.98019935546	0.293734541517
22310	AMMONIA/URINOUS	4.79508310292	0.182606195331
1551246	AMMONIA/URINOUS	3.53018438837	0.136222494808
6050	AMMONIA/URINOUS	3.88964800001	0.149534175375
31272	AMMONIA/URINOUS	4.49007855144	0.171538819898
61052	AMMONIA/URINOUS	5.17904916983	0.196432946672
439570	AMMONIA/URINOUS	6.00809740417	0.2258850024
8091	AMMONIA/URINOUS	3.71320826841	0.143013164479
61325	AMMONIA/URINOUS	3.32605924077	0.128617301602
220674	AMMONIA/URINOUS	4.88066456249	0.185698227871
15606	AMMONIA/URINOUS	4.98853071339	0.189587053064
7792	AMMONIA/URINOUS	4.94889514842	0.188159180661
7151	AMMONIA/URINOUS	3.15373101854	0.122170833007
61527	DECAYED	4.28441614334	0.164034157058
520191	DECAYED	10.4469733662	0.374223233643
1110	DECAYED	10.8638927333	0.387346043204
12178	DECAYED	7.3173476237	0.27127647445
1549026	DECAYED	2.49923417142	0.0974708982794
8078	DECAYED	4.55752196065	0.173992475857
7820	DECAYED	6.52470101011	0.243959351096
521238	DECAYED	3.26271303578	0.12625040289
7122	DECAYED	2.82967841524	0.109984304636
9589	DECAYED	4.66565284007	0.177918787033
24020	DECAYED	1.47493836046	0.0581273571514
33032	DECAYED	7.53326555221	0.278630586136
8914	DECAYED	3.76279911207	0.14484850162
8082	DECAYED	4.72938451888	0.180228549584
6943	DECAYED	4.38243787723	0.16761521039
660	DECAYED	4.31769684969	0.165250871553
170833	DECAYED	2.69756219166	0.104991750955
11428	DECAYED	3.89945931615	0.149896059463
7144	DECAYED	4.68583274511	0.178650498398
15037	DECAYED	3.60835510343	0.139126113516
11529	DECAYED	3.97603226609	0.152717757611
14328	DECAYED	2.79298001744	0.108598905747
7409	DECAYED	4.68996403459	0.178800256325
6213	DECAYED	6.79394401	0.253294690316
7059	DECAYED	3.54389770727	0.136732223907
261	DECAYED	4.79695199922	0.182673780576
17617	DECAYED	3.75455521788	0.144543534762
7335	DECAYED	2.36686677766	0.0924338477691
8697	DECAYED	5.60058894162	0.211476919068
263	DECAYED	4.92008964219	0.187120672853
7654	DECAYED	3.27677040796	0.126775926596
957	DECAYED	3.79901372109	0.146187546742
7136	DECAYED	3.13471104223	0.121457876362
31249	DECAYED	3.09362181347	0.119916674169
1183	DECAYED	4.32822687332	0.165635655786
10430	DECAYED	7.02183581301	0.261150961246
7915	DECAYED	4.67209190571	0.178152299118
31244	DECAYED	2.94637775526	0.11438265346
6501	DECAYED	2.58711758292	0.100807432362
8125	DECAYED	4.78706345832	0.182316147711
31265	DECAYED	3.73077119588	0.143663386349
21057	DECAYED	4.99893423144	0.189961631877
807	DECAYED	3.26530612245	0.126347355269
1068	DECAYED	11.6376804763	0.411332976305
356	DECAYED	4.11908825981	0.157976775156
875	DECAYED	8.44548642724	0.309288960692
14257	DECAYED	3.35287698441	0.129618365747
13204	DECAYED	4.02288845274	0.154442085508
526618	DECAYED	8.61927521881	0.315054246633
16324	DECAYED	6.38432866472	0.239069285589
6106	DECAYED	7.71445313161	0.284773010416
61918	DECAYED	6.14139677989	0.230569169433
8122	DECAYED	3.03192844058	0.117600101596
4133	DECAYED	3.22555336068	0.124860456634
14514	DECAYED	4.82998387737	0.183867857392
98330	DECAYED	10.7385466848	0.383415313431
11583	DECAYED	11.0312520152	0.392574672199
22310	DECAYED	2.43176389745	0.094905165637
1551246	DECAYED	2.63934914033	0.102787500059
6050	DECAYED	1.99332792949	0.0781437746858
31272	DECAYED	5.48601357191	0.207402004912
61052	DECAYED	3.15094682881	0.122066486785
439570	DECAYED	2.78782127719	0.108404072098
8091	DECAYED	4.09896172005	0.157237873929
61325	DECAYED	4.14838051971	0.159051596414
220674	DECAYED	1.91662543136	0.0751956360366
15606	DECAYED	3.71424474494	0.143051544187
7792	DECAYED	3.26093874118	0.126184061058
7151	DECAYED	3.12431776822	0.121068166122
61527	WOOD	5.02985659663	0.191074480912
520191	WOOD	4.86359041267	0.185081811826
1110	WOOD	2.88726344538	0.112156021734
12178	WOOD	3.05062184856	0.118302356477
1549026	WOOD	3.1307923533	0.121310949828
8078	WOOD	3.5295736582	0.136199790244
7820	WOOD	2.51425170119	0.0980414834007
521238	WOOD	2.83743816103	0.110277104314
7122	WOOD	3.22255312708	0.12474818562
9589	WOOD	3.70202315966	0.142598936197
24020	WOOD	0.59539555863	0.0236740239967
33032	WOOD	3.80566150084	0.14643323625
8914	WOOD	3.56649709818	0.137571923307
8082	WOOD	3.3490250169	0.12947461325
6943	WOOD	4.78820860251	0.182357567452
660	WOOD	3.0731324565	0.119147641022
170833	WOOD	4.09145789685	0.156962304785
11428	WOOD	2.82086018158	0.109651506398
7144	WOOD	4.43909824033	0.169681692338
15037	WOOD	3.76620101156	0.144974332439
11529	WOOD	1.81279391021	0.0711972677039
14328	WOOD	3.84321494251	0.147820477263
7409	WOOD	3.35839677254	0.129824339349
6213	WOOD	2.85315958126	0.110870175412
7059	WOOD	4.33101542092	0.165737539006
261	WOOD	2.40307500358	0.0938130923539
17617	WOOD	2.72541841216	0.106045574278
7335	WOOD	3.92034510362	0.150666161852
8697	WOOD	2.94278215646	0.11424729953
263	WOOD	3.07696702513	0.119291590576
7654	WOOD	2.39477891998	0.0934971703691
957	WOOD	3.50873263659	0.135424823578
7136	WOOD	3.23850486116	0.125345028952
31249	WOOD	1.43274980526	0.0564888834088
1183	WOOD	3.40436638027	0.13153877103
10430	WOOD	2.53451267113	0.0988110050533
7915	WOOD	2.56524831757	0.0999777331304
31244	WOOD	2.91407198469	0.113166153175
6501	WOOD	2.66515583768	0.103765011252
8125	WOOD	3.80215616053	0.146303689834
31265	WOOD	1.54453260651	0.0608270718715
21057	WOOD	3.28714531097	0.127163682721
807	WOOD	2.48979591837	0.0971122032487
1068	WOOD	2.60366882539	0.101435116475
356	WOOD	4.12204262196	0.158085210728
875	WOOD	3.48293122971	0.134464925208
14257	WOOD	4.32606624092	0.165556709989
13204	WOOD	3.20255051335	0.123999488618
526618	WOOD	4.29697748974	0.164493493371
16324	WOOD	1.68636152897	0.0663169350761
6106	WOOD	3.74105326946	0.144043938952
61918	WOOD	8.59179125176	0.314144099305
8122	WOOD	3.64597169158	0.140521623833
4133	WOOD	3.12087572072	0.120939082723
14514	WOOD	4.06698452177	0.156063235631
98330	WOOD	3.45859261957	0.133558959619
11583	WOOD	2.17525973069	0.0851176872694
22310	WOOD	4.06803417266	0.156101806094
1551246	WOOD	3.79242062799	0.145943843432
6050	WOOD	3.49304942908	0.134841419438
31272	WOOD	1.39844348801	0.0551554818449
61052	WOOD	2.33243636227	0.0911213507373
439570	WOOD	3.95831849053	0.152065425512
8091	WOOD	3.02096038762	0.117187934839
61325	WOOD	4.0345954042	0.154872632138
220674	WOOD	3.06954621389	0.119013002972
15606	WOOD	3.7873704422	0.145757147742
7792	WOOD	3.70499470503	0.142708993895
7151	WOOD	3.5681802831	0.137634447111
61527	GRASS	2.83724560896	0.1102698393
520191	GRASS	3.20485717357	0.124085843142
1110	GRASS	0.130842673039	0.00522685899953
12178	GRASS	3.12866124651	0.121231041382
1549026	GRASS	6.51093020109	0.24348032321
8078	GRASS	2.0359872315	0.0797813916573
7820	GRASS	2.60015820255	0.10130199903
521238	GRASS	4.42618115322	0.169210814288
7122	GRASS	1.335516065	0.0527072013362
9589	GRASS	2.57289604563	0.1002679242
24020	GRASS	3.83840018777	0.14764268111
33032	GRASS	3.14927384034	0.122003783325
8914	GRASS	4.81438837365	0.183304200781
8082	GRASS	2.31260318215	0.0903648738946
6943	GRASS	3.62379770496	0.139699144276
660	GRASS	1.77657497339	0.0698005114812
170833	GRASS	5.68867025539	0.214602422506
11428	GRASS	2.73139127415	0.106271451649
7144	GRASS	2.76748181253	0.107635690268
15037	GRASS	3.5507457157	0.136986710573
11529	GRASS	4.41084307146	0.168651508218
14328	GRASS	2.52368504835	0.0983998074448
7409	GRASS	3.3170060057	0.128279228691
6213	GRASS	3.47352598684	0.134114886361
7059	GRASS	2.39761753796	0.0936052735752
261	GRASS	2.32042677345	0.0906633187737
17617	GRASS	2.90040950832	0.112651430206
7335	GRASS	4.97751061735	0.189190179916
8697	GRASS	3.31777118148	0.128307805014
263	GRASS	4.47948507047	0.17115308822
7654	GRASS	3.49007257761	0.134730660465
957	GRASS	4.74839237003	0.180916802761
7136	GRASS	3.03543337307	0.117731792618
31249	GRASS	2.6766973575	0.104202010803
1183	GRASS	2.11933975655	0.0829769498606
10430	GRASS	1.93228852045	0.0757980452475
7915	GRASS	2.42864690507	0.0947865458869
31244	GRASS	2.49316595655	0.0972402876671
6501	GRASS	4.0005446641	0.15362004352
8125	GRASS	6.37405981318	0.238710937127
31265	GRASS	3.58620267925	0.138303767307
21057	GRASS	4.28905401553	0.164203766882
807	GRASS	0.408163265306	0.0162598917118
1068	GRASS	1.60027003009	0.0629864555358
356	GRASS	3.28697912628	0.12715747234
875	GRASS	2.35914208792	0.0921394629603
14257	GRASS	3.45585463533	0.133457012909
13204	GRASS	1.57776466235	0.0621148499621
526618	GRASS	1.81921759054	0.071444882565
16324	GRASS	3.01252670195	0.116870941226
6106	GRASS	2.48181422644	0.0968088083159
61918	GRASS	5.03089317031	0.191111772376
8122	GRASS	1.31096241231	0.0517510475139
4133	GRASS	2.30857903131	0.0902113463949
14514	GRASS	2.4739141776	0.0965084665608
98330	GRASS	2.91402220985	0.113164278218
11583	GRASS	1.67591321121	0.0659130544119
22310	GRASS	8.40133351012	0.307820378505
1551246	GRASS	7.50517143445	0.277675818074
6050	GRASS	1.19723209358	0.0473159378689
31272	GRASS	4.31391742762	0.165112743676
61052	GRASS	3.66889797411	0.141371594027
439570	GRASS	4.72303541513	0.179998591192
8091	GRASS	3.23545003521	0.125230746636
61325	GRASS	3.4318426403	0.132562688049
220674	GRASS	3.94443146617	0.15155384281
15606	GRASS	2.58336134875	0.100664951607
7792	GRASS	5.186341346	0.196694399217
7151	GRASS	2.89341257577	0.112387768497
61527	FLOWER	4.87883337766	0.185632129055
520191	FLOWER	3.99053443331	0.153251631307
1110	FLOWER	3.08788371603	0.119701338304
12178	FLOWER	4.3277466512	0.165618109617
1549026	FLOWER	8.14375519389	0.299221908292
8078	FLOWER	5.19776555627	0.19710391554
7820	FLOWER	5.01645288316	0.190592195515
521238	FLOWER	8.54099590212	0.312460391685
7122	FLOWER	12.1108341597	0.425764444771
9589	FLOWER	5.43709649136	0.205659052352
24020	FLOWER	7.7759067956	0.286850381226
33032	FLOWER	3.35770628194	0.129798574687
8914	FLOWER	6.29935248104	0.23610136257
8082	FLOWER	4.20544292818	0.161143417038
6943	FLOWER	3.95495688293	0.151941601739
660	FLOWER	7.80603222515	0.287867633366
170833	FLOWER	5.97391386213	0.224681495752
11428	FLOWER	3.88564634316	0.149386554725
7144	FLOWER	4.82857144438	0.183816816898
15037	FLOWER	3.59175393655	0.138509878926
11529	FLOWER	8.75747137979	0.319621533204
14328	FLOWER	6.95130631232	0.258723988714
7409	FLOWER	8.50743654466	0.311346871162
6213	FLOWER	1.12300541273	0.0444157600465
7059	FLOWER	2.1559815022	0.0843799575928
261	FLOWER	3.36551337219	0.130089862784
17617	FLOWER	8.69703080731	0.317625894347
7335	FLOWER	9.26254030397	0.336183751006
8697	FLOWER	3.93824153878	0.151325762984
263	FLOWER	3.82468077491	0.147135957784
7654	FLOWER	17.7560887826	0.584132075762
957	FLOWER	7.21189449814	0.267671211025
7136	FLOWER	8.70340872697	0.317836619691
31249	FLOWER	7.00724650859	0.260649258891
1183	FLOWER	6.03658946642	0.226887413702
10430	FLOWER	2.50668299287	0.0977539358641
7915	FLOWER	4.30613672246	0.164828343509
31244	FLOWER	8.75270517938	0.319464267992
6501	FLOWER	9.31791263155	0.337987106938
8125	FLOWER	6.48778195103	0.242674752183
31265	FLOWER	8.9260699965	0.325172909627
21057	FLOWER	5.52432980078	0.208765904132
807	FLOWER	3.81632653061	0.146827321949
1068	FLOWER	0.994769936178	0.0393949705568
356	FLOWER	7.0835061432	0.263269822016
875	FLOWER	2.4654331286	0.0961859809393
14257	FLOWER	6.64882239121	0.248270159972
13204	FLOWER	4.02796638693	0.154628850192
526618	FLOWER	0.244109384264	0.00974053961398
16324	FLOWER	7.86605313531	0.289892208641
6106	FLOWER	4.74907080024	0.180941362623
61918	FLOWER	4.35014363404	0.166436245507
8122	FLOWER	5.03615056596	0.191300897629
4133	FLOWER	9.2350025864	0.335285994348
14514	FLOWER	3.3215541337	0.128449076603
98330	FLOWER	1.91379048408	0.0750865817563
11583	FLOWER	4.99745052743	0.189908216388
22310	FLOWER	10.5043038388	0.376035993898
1551246	FLOWER	5.41735174125	0.204954989695
6050	FLOWER	6.19452225956	0.232432047973
31272	FLOWER	6.19492437911	0.232446139939
61052	FLOWER	14.8310723625	0.505258611533
439570	FLOWER	6.14876624587	0.230827719296
8091	FLOWER	8.37532918546	0.306954711832
61325	FLOWER	2.6154754178	0.101882732047
220674	FLOWER	8.24304039726	0.302542529894
15606	FLOWER	7.88935369545	0.290677387125
7792	FLOWER	8.03873175099	0.295700786774
7151	FLOWER	8.98940535247	0.327252450662
61527	CHEMICAL	22.0778200047	0.688140745723
520191	CHEMICAL	15.0238050376	0.51066631438
1110	CHEMICAL	17.8056929877	0.585410638399
12178	CHEMICAL	21.5884211429	0.677112874739
1549026	CHEMICAL	11.3024601468	0.401000163724
8078	CHEMICAL	28.611139939	0.817006666116
7820	CHEMICAL	11.6418633985	0.411461342585
521238	CHEMICAL	14.6358508396	0.499750781664
7122	CHEMICAL	22.5817673804	0.699296208008
9589	CHEMICAL	15.5619433513	0.525608101703
24020	CHEMICAL	21.0864972305	0.665603743039
33032	CHEMICAL	7.86146038119	0.289737391517
8914	CHEMICAL	31.4810550074	0.862819470544
8082	CHEMICAL	21.2609676028	0.669627206748
6943	CHEMICAL	33.6972337048	0.893687924449
660	CHEMICAL	17.2002686317	0.569671048868
170833	CHEMICAL	21.181353173	0.667794238025
11428	CHEMICAL	21.216335642	0.668600266451
7144	CHEMICAL	23.9249461468	0.728036626622
15037	CHEMICAL	22.5335053932	0.698236669606
11529	CHEMICAL	17.626234298	0.580775717709
14328	CHEMICAL	12.3916601874	0.434245110615
7409	CHEMICAL	26.5160077015	0.77940084229
6213	CHEMICAL	17.3227331373	0.572878492152
7059	CHEMICAL	21.9398455203	0.685051092231
261	CHEMICAL	17.2579828341	0.571184124763
17617	CHEMICAL	12.5842585772	0.440024917512
7335	CHEMICAL	11.7758861037	0.415566846737
8697	CHEMICAL	15.1857949811	0.51518845156
263	CHEMICAL	17.5409200065	0.578563250391
7654	CHEMICAL	16.1669520788	0.542129947346
957	CHEMICAL	27.8185104419	0.803192608394
7136	CHEMICAL	7.20509219771	0.267438346477
31249	CHEMICAL	9.22374080649	0.334918674474
1183	CHEMICAL	14.7056840622	0.501724504994
10430	CHEMICAL	17.011493219	0.564703368143
7915	CHEMICAL	19.5852777646	0.629977868537
31244	CHEMICAL	14.5939161825	0.498563691482
6501	CHEMICAL	14.9385651291	0.508278313918
8125	CHEMICAL	23.1087655837	0.710744604626
31265	CHEMICAL	10.216175778	0.366898932109
21057	CHEMICAL	19.382059631	0.625016691024
807	CHEMICAL	45.9387755102	0.993402582257
1068	CHEMICAL	21.3198858118	0.670980420061
356	CHEMICAL	27.8142216221	0.803116495107
875	CHEMICAL	8.22332439474	0.301883750149
14257	CHEMICAL	29.4717090818	0.831435708792
13204	CHEMICAL	20.441688388	0.650522485858
526618	CHEMICAL	15.2054474787	0.515735645936
16324	CHEMICAL	15.2728961677	0.517611303767
6106	CHEMICAL	14.9627162825	0.508955499879
61918	CHEMICAL	12.7457608508	0.444848666166
8122	CHEMICAL	19.5081167288	0.628098021831
4133	CHEMICAL	23.4422055224	0.717873420995
14514	CHEMICAL	20.4658631239	0.651093903595
98330	CHEMICAL	10.0860774114	0.362751513436
11583	CHEMICAL	22.1301878915	0.689309429216
22310	CHEMICAL	12.5983196467	0.440445722699
1551246	CHEMICAL	16.5148227109	0.551497160767
6050	CHEMICAL	9.89192268233	0.356536853552
31272	CHEMICAL	20.3661574317	0.648734149855
61052	CHEMICAL	16.3659516862	0.547500317609
439570	CHEMICAL	22.8115407094	0.704315072562
8091	CHEMICAL	15.4171663733	0.521611047339
61325	CHEMICAL	14.1719414984	0.486540089602
220674	CHEMICAL	16.5199699467	0.551635035051
15606	CHEMICAL	15.3522344089	0.519812935817
7792	CHEMICAL	23.8957260053	0.727426751684
7151	CHEMICAL	13.9110054405	0.479033788674
