#oID	descriptor	value	sigma
520191	INTENSITY/STRENGTH	48.3270974073	0.998880558766
1110	INTENSITY/STRENGTH	50.1952176449	0.999984756028
12178	INTENSITY/STRENGTH	58.9531983515	0.967936095711
8078	INTENSITY/STRENGTH	47.6759250092	0.997839470175
7820	INTENSITY/STRENGTH	48.6457480261	0.999266400637
521238	INTENSITY/STRENGTH	48.8610407555	0.999481108736
7122	INTENSITY/STRENGTH	47.5377761753	0.997574981535
9589	INTENSITY/STRENGTH	49.725016441	0.999969753617
24020	INTENSITY/STRENGTH	50.6049477785	0.999853615274
33032	INTENSITY/STRENGTH	45.2595414696	0.991011221169
8914	INTENSITY/STRENGTH	46.5851296291	0.99533546414
8082	INTENSITY/STRENGTH	47.9646838469	0.998342995263
6943	INTENSITY/STRENGTH	49.0621751185	0.999648193797
660	INTENSITY/STRENGTH	49.3075678034	0.999808215061
170833	INTENSITY/STRENGTH	46.1127750771	0.993955792959
11428	INTENSITY/STRENGTH	36.0047360416	0.921653034694
15037	INTENSITY/STRENGTH	49.0717015754	0.999655304814
11529	INTENSITY/STRENGTH	49.9608301947	0.999999386291
14328	INTENSITY/STRENGTH	46.9711745602	0.996330486582
7409	INTENSITY/STRENGTH	49.2706206008	0.999787202277
6213	INTENSITY/STRENGTH	39.1710481196	0.953093520468
7059	INTENSITY/STRENGTH	50.187954538	0.999985869237
261	INTENSITY/STRENGTH	39.4161362887	0.955192731577
17617	INTENSITY/STRENGTH	46.9564251361	0.996294660819
7335	INTENSITY/STRENGTH	46.6473715413	0.995503952967
8697	INTENSITY/STRENGTH	49.3020992797	0.999805173834
7654	INTENSITY/STRENGTH	47.6999253812	0.997883862699
957	INTENSITY/STRENGTH	47.9944839487	0.998391162147
7136	INTENSITY/STRENGTH	46.9670765848	0.996320550223
31249	INTENSITY/STRENGTH	48.0252132838	0.99844008697
1183	INTENSITY/STRENGTH	48.4831602642	0.999079678886
7915	INTENSITY/STRENGTH	35.4723438561	0.915578882786
31244	INTENSITY/STRENGTH	49.4863828326	0.999894478962
8125	INTENSITY/STRENGTH	51.7271121618	0.998806833432
31265	INTENSITY/STRENGTH	48.8433028933	0.999464820721
21057	INTENSITY/STRENGTH	53.4824159558	0.995149111644
807	INTENSITY/STRENGTH	66.1836734694	0.895235485214
1068	INTENSITY/STRENGTH	39.7799142241	0.958219938693
356	INTENSITY/STRENGTH	50.6975719609	0.999805357344
875	INTENSITY/STRENGTH	43.2417985809	0.981730685432
14257	INTENSITY/STRENGTH	46.0529658525	0.993768368576
13204	INTENSITY/STRENGTH	49.0119055452	0.999609467739
16324	INTENSITY/STRENGTH	52.2350841976	0.998001759452
6106	INTENSITY/STRENGTH	49.1176585431	0.999688589421
61918	INTENSITY/STRENGTH	49.538498202	0.999914806436
8122	INTENSITY/STRENGTH	43.4042927666	0.982598658437
4133	INTENSITY/STRENGTH	48.3802376269	0.998950547942
14514	INTENSITY/STRENGTH	49.5061715794	0.999902453396
98330	INTENSITY/STRENGTH	44.7279328371	0.988882123132
11583	INTENSITY/STRENGTH	58.5075970687	0.971048316846
22310	INTENSITY/STRENGTH	45.8237943583	0.993023722575
1551246	INTENSITY/STRENGTH	49.320774714	0.999815461204
6050	INTENSITY/STRENGTH	44.6772070103	0.988667149915
31272	INTENSITY/STRENGTH	51.0577421741	0.999552472597
61052	INTENSITY/STRENGTH	47.7953103059	0.998055737341
439570	INTENSITY/STRENGTH	48.356120936	0.998919064649
8091	INTENSITY/STRENGTH	48.0287538268	0.99844567541
61325	INTENSITY/STRENGTH	48.1369728243	0.998611651897
220674	INTENSITY/STRENGTH	44.3676499737	0.987310653273
15606	INTENSITY/STRENGTH	46.9862267383	0.996366868291
7792	INTENSITY/STRENGTH	46.9674733915	0.996321512948
7151	INTENSITY/STRENGTH	48.9312664775	0.999543123463
61527	VALENCE/PLEASANTNESS	45.0978009201	0.990387377672
520191	VALENCE/PLEASANTNESS	28.9248071269	0.822334498145
1110	VALENCE/PLEASANTNESS	43.9093021083	0.985161359677
12178	VALENCE/PLEASANTNESS	46.1507473426	0.994073301592
1549026	VALENCE/PLEASANTNESS	45.4807279255	0.991830471967
8078	VALENCE/PLEASANTNESS	43.7573186307	0.984411571728
7820	VALENCE/PLEASANTNESS	44.9865381745	0.98994608021
521238	VALENCE/PLEASANTNESS	47.7983601824	0.998061112845
7122	VALENCE/PLEASANTNESS	45.2093929492	0.990820033634
9589	VALENCE/PLEASANTNESS	44.6547157285	0.988571174423
24020	VALENCE/PLEASANTNESS	47.2038379633	0.996872591146
33032	VALENCE/PLEASANTNESS	45.2308279797	0.990901999296
8914	VALENCE/PLEASANTNESS	45.1466399307	0.990577958415
8082	VALENCE/PLEASANTNESS	43.6242469589	0.983739909263
6943	VALENCE/PLEASANTNESS	44.0945477422	0.986050253452
660	VALENCE/PLEASANTNESS	44.9522003242	0.989807887373
170833	VALENCE/PLEASANTNESS	46.0646476212	0.993805200662
11428	VALENCE/PLEASANTNESS	45.7642127014	0.992823242384
7144	VALENCE/PLEASANTNESS	45.0021472023	0.990008586965
15037	VALENCE/PLEASANTNESS	44.3764287442	0.987350178532
11529	VALENCE/PLEASANTNESS	46.6103721694	0.995404169268
14328	VALENCE/PLEASANTNESS	45.7120040653	0.992645236346
7409	VALENCE/PLEASANTNESS	46.0814351474	0.993857939798
6213	VALENCE/PLEASANTNESS	43.6630678009	0.983937316121
7059	VALENCE/PLEASANTNESS	44.5093324756	0.987941028055
261	VALENCE/PLEASANTNESS	43.4172964286	0.982667205476
17617	VALENCE/PLEASANTNESS	45.2968692672	0.991152224524
7335	VALENCE/PLEASANTNESS	46.566599659	0.995284704839
8697	VALENCE/PLEASANTNESS	37.9800512408	0.94220833273
263	VALENCE/PLEASANTNESS	44.8883734642	0.989548509664
7654	VALENCE/PLEASANTNESS	46.9035725763	0.996164854884
957	VALENCE/PLEASANTNESS	45.3128888697	0.991212395701
7136	VALENCE/PLEASANTNESS	45.6269830732	0.992350689183
31249	VALENCE/PLEASANTNESS	50.0200544304	0.999999839128
1183	VALENCE/PLEASANTNESS	45.5472066011	0.992069052379
10430	VALENCE/PLEASANTNESS	43.6303386545	0.983770965737
7915	VALENCE/PLEASANTNESS	48.889876956	0.999507050731
31244	VALENCE/PLEASANTNESS	45.7240182378	0.992686391988
6501	VALENCE/PLEASANTNESS	50.084865266	0.999997119155
8125	VALENCE/PLEASANTNESS	44.2364577959	0.986712632504
31265	VALENCE/PLEASANTNESS	47.8735323559	0.998191254144
21057	VALENCE/PLEASANTNESS	45.0274430432	0.990109470925
807	VALENCE/PLEASANTNESS	31.5306122449	0.863552686381
1068	VALENCE/PLEASANTNESS	41.8903442718	0.973693393588
356	VALENCE/PLEASANTNESS	44.3869592167	0.987397509266
875	VALENCE/PLEASANTNESS	43.9532405592	0.985374680106
14257	VALENCE/PLEASANTNESS	44.010743377	0.985651522041
13204	VALENCE/PLEASANTNESS	48.0744997527	0.998516979519
526618	VALENCE/PLEASANTNESS	43.945302953	0.985336257468
16324	VALENCE/PLEASANTNESS	45.0257614877	0.990102780489
6106	VALENCE/PLEASANTNESS	35.604636176	0.917109400149
61918	VALENCE/PLEASANTNESS	44.3064865781	0.987033561966
8122	VALENCE/PLEASANTNESS	46.7740379418	0.99583726752
4133	VALENCE/PLEASANTNESS	45.0155905384	0.990062264928
14514	VALENCE/PLEASANTNESS	44.8531048727	0.98940378822
98330	VALENCE/PLEASANTNESS	43.4421047117	0.982797603755
11583	VALENCE/PLEASANTNESS	44.5367478237	0.988061150263
22310	VALENCE/PLEASANTNESS	51.8756890114	0.998592716293
1551246	VALENCE/PLEASANTNESS	44.8096397943	0.989224064374
6050	VALENCE/PLEASANTNESS	45.0378376297	0.990150777844
31272	VALENCE/PLEASANTNESS	46.6419169953	0.995489311413
61052	VALENCE/PLEASANTNESS	46.7949479704	0.995891056595
439570	VALENCE/PLEASANTNESS	44.5893250786	0.988289838758
8091	VALENCE/PLEASANTNESS	45.1503946197	0.990592531062
61325	VALENCE/PLEASANTNESS	49.4492761498	0.999878681296
220674	VALENCE/PLEASANTNESS	47.066266523	0.996557283154
15606	VALENCE/PLEASANTNESS	45.0194962982	0.990077833151
7792	VALENCE/PLEASANTNESS	44.8218628949	0.989274758448
7151	VALENCE/PLEASANTNESS	44.9855730142	0.989942208802
61527	BAKERY	3.99632367531	0.153464705845
520191	BAKERY	3.95003968244	0.1517604619
1110	BAKERY	3.30916253792	0.127986278836
12178	BAKERY	3.17616639018	0.123011442432
1549026	BAKERY	3.28040013403	0.126911595346
8078	BAKERY	2.84345492103	0.110504102486
7820	BAKERY	3.30587312779	0.127863406257
521238	BAKERY	3.07952029298	0.119387433625
7122	BAKERY	3.87186993569	0.148878246708
9589	BAKERY	3.85349227113	0.148199929772
24020	BAKERY	3.48045830602	0.134372896233
33032	BAKERY	3.81502683554	0.146779301519
8914	BAKERY	2.64398054837	0.102962968679
8082	BAKERY	2.55959846639	0.0997633209321
6943	BAKERY	4.16030602991	0.159488982691
660	BAKERY	3.94027579622	0.151400722509
170833	BAKERY	3.40255601492	0.131471285623
11428	BAKERY	3.30917456647	0.127986728134
7144	BAKERY	6.68163245674	0.249407613355
15037	BAKERY	3.57003671971	0.137703403916
11529	BAKERY	3.13873525227	0.121608746497
14328	BAKERY	4.52346302133	0.172753833771
7409	BAKERY	3.74761373045	0.144286705749
6213	BAKERY	3.57446536166	0.137867893418
7059	BAKERY	4.09310785119	0.157022901295
261	BAKERY	3.52509224926	0.136033179824
17617	BAKERY	3.23307535222	0.125141903595
7335	BAKERY	3.5604354787	0.137346738829
8697	BAKERY	3.17169755771	0.122844036149
263	BAKERY	3.08003676039	0.119406819838
7654	BAKERY	3.59902231607	0.13877970799
957	BAKERY	2.69032482332	0.104717853871
7136	BAKERY	4.54491791748	0.173534205148
31249	BAKERY	3.35389578436	0.129656384601
1183	BAKERY	14.3658803994	0.492083808115
10430	BAKERY	3.46483751371	0.13379146095
7915	BAKERY	3.48807156238	0.134656205205
31244	BAKERY	5.75462854348	0.21693884187
6501	BAKERY	3.75697025695	0.144632880073
8125	BAKERY	2.77002338344	0.10773172352
31265	BAKERY	3.13963505528	0.121642478899
21057	BAKERY	3.19502333587	0.123717663788
807	BAKERY	0.122448979592	0.00489196168264
1068	BAKERY	3.28981717506	0.127263528184
356	BAKERY	2.71091699587	0.105497051451
875	BAKERY	5.53634956061	0.209193515842
14257	BAKERY	2.60762368813	0.101585067006
13204	BAKERY	3.92612016592	0.150879038814
526618	BAKERY	3.86633166118	0.148673858242
16324	BAKERY	3.31989936064	0.12838728172
6106	BAKERY	4.02090873755	0.154369266672
61918	BAKERY	3.93876049645	0.151344886159
8122	BAKERY	2.89550832019	0.112466745435
4133	BAKERY	4.38025095163	0.167535398705
14514	BAKERY	4.05300295803	0.15554938513
98330	BAKERY	3.8707284272	0.148836121665
11583	BAKERY	3.15216503076	0.122112143478
22310	BAKERY	3.8572296249	0.148337896844
1551246	BAKERY	3.24620390382	0.125633020239
6050	BAKERY	3.14839648685	0.121970899299
31272	BAKERY	3.2479504768	0.125698346152
61052	BAKERY	3.44399335689	0.133015298179
439570	BAKERY	3.7202181014	0.143272714967
8091	BAKERY	2.88245890011	0.11197492828
61325	BAKERY	4.05839931874	0.155747730737
220674	BAKERY	3.41553936849	0.131955211069
15606	BAKERY	2.84220945656	0.110457116424
7792	BAKERY	3.1100648497	0.12053359264
7151	BAKERY	3.79412036107	0.146006674717
61527	SWEET	13.7599514163	0.474663551462
520191	SWEET	13.5752682723	0.469295567427
1110	SWEET	13.0937769609	0.455172280395
12178	SWEET	12.660553206	0.442306285247
1549026	SWEET	15.485646971	0.523503773996
8078	SWEET	12.1980078873	0.428403756924
7820	SWEET	24.4613668488	0.739111286707
521238	SWEET	15.3934994083	0.52095604672
7122	SWEET	19.1671208418	0.619733425127
9589	SWEET	13.0135557883	0.452801177829
24020	SWEET	27.0076798931	0.78854128644
33032	SWEET	19.0156067191	0.615986949206
8914	SWEET	13.671438072	0.472094235296
8082	SWEET	10.8784305546	0.38780112165
6943	SWEET	12.9414717375	0.450666193208
660	SWEET	13.4076845389	0.46440097968
170833	SWEET	13.3326601593	0.462202475603
11428	SWEET	12.333786659	0.432502549021
7144	SWEET	16.0407316452	0.538707237122
15037	SWEET	12.4359904339	0.435578074128
11529	SWEET	26.5090821263	0.77927071098
14328	SWEET	14.6189905335	0.499273667653
7409	SWEET	12.2647399961	0.430420060974
6213	SWEET	13.2595931636	0.460057002199
7059	SWEET	12.6644017331	0.442421240821
261	SWEET	13.4656176382	0.466095562178
17617	SWEET	15.2489931314	0.516947008648
7335	SWEET	13.6431188155	0.471270876213
8697	SWEET	18.9752566391	0.614986119757
263	SWEET	12.8469162363	0.44785934674
7654	SWEET	14.7726889584	0.503614622712
957	SWEET	14.5754220778	0.498039711613
7136	SWEET	15.8375031958	0.533169524841
31249	SWEET	22.9787908682	0.707941702822
1183	SWEET	26.782237809	0.784374207536
10430	SWEET	12.4251270195	0.4352515682
7915	SWEET	13.1410024352	0.456565719409
31244	SWEET	16.6307238345	0.554596563276
6501	SWEET	14.8422178974	0.505572143051
8125	SWEET	13.5421250926	0.468329342894
31265	SWEET	24.8895271098	0.747785660493
21057	SWEET	12.9406900522	0.450643018478
807	SWEET	2.77551020408	0.107939025406
1068	SWEET	11.7813528335	0.415734003504
356	SWEET	13.5497882359	0.46855282494
875	SWEET	18.9211438088	0.613641879138
14257	SWEET	13.7267857822	0.473701572125
13204	SWEET	15.1123060968	0.513139525647
526618	SWEET	19.1521913404	0.619365080361
16324	SWEET	25.8280190332	0.766286134456
6106	SWEET	20.629561308	0.654950932415
61918	SWEET	13.0402487148	0.453590713974
8122	SWEET	14.4067135956	0.493247185173
4133	SWEET	14.4538381591	0.494588151353
14514	SWEET	13.5736119008	0.469247300018
98330	SWEET	11.858834321	0.41810059226
11583	SWEET	13.4621287627	0.465993586179
22310	SWEET	13.0760759478	0.454649533034
1551246	SWEET	19.9953749264	0.639888989677
6050	SWEET	15.2050904956	0.515725709033
31272	SWEET	13.7328308071	0.473876975493
61052	SWEET	14.9008364921	0.507219488418
439570	SWEET	13.3660731578	0.463182161647
8091	SWEET	15.6509087941	0.528055973332
61325	SWEET	18.1255849768	0.59360866677
220674	SWEET	13.635662024	0.471053969427
15606	SWEET	14.8672302685	0.506275396398
7792	SWEET	15.1070588889	0.512993064246
7151	SWEET	13.4462906163	0.465530532116
61527	FRUIT	5.88025745552	0.221379327124
520191	FRUIT	5.81705480308	0.219146941491
1110	FRUIT	6.49012175991	0.242756198213
12178	FRUIT	8.41592396968	0.308305848282
1549026	FRUIT	7.76390339939	0.286444857578
8078	FRUIT	3.90476373205	0.150091677361
7820	FRUIT	7.81224545499	0.28807734658
521238	FRUIT	10.5588604434	0.377758604192
7122	FRUIT	5.23790923108	0.198542091998
9589	FRUIT	5.32037931995	0.201492598355
24020	FRUIT	15.9230912617	0.535505716336
33032	FRUIT	3.50247301178	0.135191993592
8914	FRUIT	6.85399870752	0.255369028988
8082	FRUIT	3.53958812257	0.136572051272
6943	FRUIT	4.63721850386	0.176887221974
660	FRUIT	4.92475611347	0.187288955428
170833	FRUIT	5.52204514883	0.208684612903
11428	FRUIT	6.42930409761	0.240637783432
7144	FRUIT	4.73248179321	0.180340718159
15037	FRUIT	4.69474223071	0.178973447383
11529	FRUIT	13.7151704753	0.473364458545
14328	FRUIT	5.74016774149	0.216426899379
7409	FRUIT	4.65782450647	0.177634848605
6213	FRUIT	5.59921464126	0.211428103811
7059	FRUIT	4.41984377488	0.168979743397
261	FRUIT	7.00417769215	0.260543705629
17617	FRUIT	7.44786329702	0.275726264804
7335	FRUIT	6.15050839335	0.230888834335
8697	FRUIT	4.97645109124	0.189152017464
263	FRUIT	7.82750190412	0.288592161741
7654	FRUIT	6.25814926294	0.234660197639
957	FRUIT	7.1001516265	0.263841203812
7136	FRUIT	5.78242032761	0.217922259167
31249	FRUIT	12.644349495	0.441822150138
1183	FRUIT	5.11129855616	0.194001793074
10430	FRUIT	1.6478811841	0.0648290424051
7915	FRUIT	7.53747373733	0.278773545357
31244	FRUIT	5.34745452793	0.202460073146
6501	FRUIT	6.6807338399	0.24937647174
8125	FRUIT	7.8811520332	0.29040105838
31265	FRUIT	20.307813123	0.647349615385
21057	FRUIT	7.21581418169	0.267805377546
807	FRUIT	2.04081632653	0.0799666805497
1068	FRUIT	4.72677109217	0.180133897704
356	FRUIT	8.85686284782	0.322896906111
875	FRUIT	5.8052038951	0.218727998899
14257	FRUIT	7.35773105404	0.272654759656
13204	FRUIT	5.41500933967	0.204871443127
526618	FRUIT	4.61664553736	0.176140455087
16324	FRUIT	11.2067355537	0.398033053438
6106	FRUIT	3.90887237255	0.150243181612
61918	FRUIT	5.86318097683	0.220776482606
8122	FRUIT	8.51089628332	0.311461709115
4133	FRUIT	5.47940469726	0.207166637556
14514	FRUIT	5.70965276641	0.215346056771
98330	FRUIT	4.12911081119	0.158344610011
11583	FRUIT	13.0743687692	0.454599103282
22310	FRUIT	5.43160677013	0.205463329963
1551246	FRUIT	6.67328673832	0.249118367176
6050	FRUIT	7.85367615574	0.289474954566
31272	FRUIT	12.4726342218	0.436678727099
61052	FRUIT	7.10278613844	0.263931617166
439570	FRUIT	5.5292193863	0.208939868643
8091	FRUIT	10.9225501071	0.389181163947
61325	FRUIT	5.63440962571	0.212677756296
220674	FRUIT	6.28606642039	0.235636804399
15606	FRUIT	9.90651427072	0.35700496083
7792	FRUIT	6.26675586169	0.234961342856
7151	FRUIT	5.57937811534	0.210723340552
61527	FISH	1.01480575006	0.0401802977182
520191	FISH	3.96209772173	0.152204621527
1110	FISH	1.32983478126	0.0524860070322
12178	FISH	1.14080267338	0.0451115346392
1549026	FISH	1.10132717593	0.0435679184179
8078	FISH	1.32008396842	0.0521063100634
7820	FISH	1.11509581389	0.0441064570858
521238	FISH	1.0167754669	0.0402574857359
7122	FISH	1.1661670201	0.0461027025966
9589	FISH	1.16962625329	0.0462378399026
24020	FISH	1.07019771363	0.0423497792869
33032	FISH	1.27479447311	0.050341738545
8914	FISH	1.0244728986	0.040559098056
8082	FISH	1.61137074398	0.0634162234892
6943	FISH	1.21515936076	0.0480157295217
660	FISH	1.33616251297	0.0527323684145
170833	FISH	1.03559555042	0.0409948387592
11428	FISH	1.18699714366	0.0469163008587
7144	FISH	1.11135916767	0.0439603190269
15037	FISH	1.44498680481	0.0569642774459
11529	FISH	1.07779596634	0.0426471809955
14328	FISH	1.08449795977	0.0429094640607
7409	FISH	1.33169059186	0.0525582637413
6213	FISH	4.78605481103	0.18227966418
7059	FISH	1.23904842315	0.0489478405279
261	FISH	1.42343542525	0.0561269496461
17617	FISH	1.12273397185	0.0444051462453
7335	FISH	1.02979258727	0.0407675143816
8697	FISH	1.08542032268	0.0429455579966
263	FISH	1.24476552264	0.0491708444231
7654	FISH	1.28132021402	0.0505960959646
957	FISH	1.04597674538	0.0414014428744
7136	FISH	1.12333184219	0.0444285239166
31249	FISH	1.08529135744	0.0429405113653
1183	FISH	1.11393793931	0.0440611744793
10430	FISH	1.18969909408	0.0470218101894
7915	FISH	1.05806164077	0.0418746678563
31244	FISH	1.1631616483	0.0459852879238
6501	FISH	1.17510434816	0.0464518258348
8125	FISH	1.12892212392	0.0446470988922
31265	FISH	1.03667011375	0.04103693058
21057	FISH	1.17926984858	0.0466145229931
807	FISH	3.02040816327	0.117167180342
1068	FISH	6.06770472667	0.227981372807
356	FISH	1.04370735956	0.0413125643615
875	FISH	1.21178254483	0.0478839350187
14257	FISH	0.990204965679	0.0392159962775
13204	FISH	1.22328643827	0.0483328856469
526618	FISH	5.52708601015	0.208863968501
16324	FISH	1.1337505828	0.0448358671585
6106	FISH	1.16721482737	0.0461436369134
61918	FISH	1.09708595833	0.0434019992932
8122	FISH	0.971020090619	0.0384636516182
4133	FISH	1.15747377676	0.0457630528527
14514	FISH	1.10252949532	0.0436149512976
98330	FISH	4.92681075995	0.187363044692
11583	FISH	1.12629439699	0.0445443602521
22310	FISH	1.05439143428	0.0417309608526
1551246	FISH	1.16932545133	0.0462260892486
6050	FISH	1.10546484984	0.0437297729801
31272	FISH	1.06304328397	0.0420697069492
61052	FISH	1.24857597282	0.0493194621288
439570	FISH	1.08787186912	0.0430414886833
8091	FISH	1.02259226963	0.0404854128052
61325	FISH	1.02631125468	0.0406311242705
220674	FISH	0.992309354538	0.0392985030395
15606	FISH	1.01516491413	0.0401943726442
7792	FISH	1.14400439908	0.045236677537
7151	FISH	1.15768860016	0.0457714468486
61527	GARLIC	2.81492872667	0.109427619572
520191	GARLIC	2.92728665347	0.113663863278
1110	GARLIC	3.10829149099	0.120467069242
12178	GARLIC	2.97372293542	0.115411706178
1549026	GARLIC	2.84138089312	0.110425857573
8078	GARLIC	4.27527917811	0.163699962304
7820	GARLIC	2.92701450782	0.113653614741
521238	GARLIC	2.73309036795	0.106335701534
7122	GARLIC	2.72299454228	0.10595390198
9589	GARLIC	2.93759845775	0.11405214443
24020	GARLIC	2.86727682636	0.111402562495
33032	GARLIC	3.08123712372	0.119451876064
8914	GARLIC	2.7987189444	0.108815626684
8082	GARLIC	4.64256961634	0.177081403597
6943	GARLIC	2.81216912821	0.109323447046
660	GARLIC	2.79438158317	0.108651835954
170833	GARLIC	3.39908652596	0.131341945354
11428	GARLIC	3.08461367864	0.119578610527
7144	GARLIC	2.78851314059	0.10843020341
15037	GARLIC	3.05672193843	0.118531457934
11529	GARLIC	2.7475816758	0.106883585006
14328	GARLIC	2.77109166831	0.107772087119
7409	GARLIC	2.88069086243	0.111908282559
6213	GARLIC	3.12499456414	0.121093546155
7059	GARLIC	2.8953893498	0.112462262197
261	GARLIC	2.98396946346	0.115797149035
17617	GARLIC	3.53081431663	0.13624591277
7335	GARLIC	2.89078509746	0.112288748506
8697	GARLIC	2.86207897886	0.111206560722
263	GARLIC	3.10431890766	0.120318037954
7654	GARLIC	2.79334038201	0.108612515084
957	GARLIC	2.8269379393	0.109880886327
7136	GARLIC	2.76136661847	0.107404606498
31249	GARLIC	2.780266127	0.108118693185
1183	GARLIC	2.7352356398	0.10641681999
10430	GARLIC	3.10075337211	0.120184266295
7915	GARLIC	2.92590642283	0.113611885555
31244	GARLIC	2.70692906442	0.105346176593
6501	GARLIC	2.73412355115	0.106374769409
8125	GARLIC	2.77638064821	0.107971910127
31265	GARLIC	2.67533088403	0.104150277226
21057	GARLIC	2.97546500817	0.115477243521
807	GARLIC	1.16326530612	0.0459893377758
1068	GARLIC	8.82752615772	0.321930959083
356	GARLIC	2.74966978726	0.106962517915
875	GARLIC	3.03399097859	0.11767759864
14257	GARLIC	2.70968017316	0.10545026027
13204	GARLIC	3.54828738702	0.136895358128
526618	GARLIC	7.03967879801	0.261764320889
16324	GARLIC	2.81246988675	0.109334800724
6106	GARLIC	3.0262552722	0.117386922499
61918	GARLIC	2.93862401974	0.114090756338
8122	GARLIC	2.63916725625	0.102780608727
4133	GARLIC	2.77587192568	0.107952691048
14514	GARLIC	2.82881158104	0.109951593257
98330	GARLIC	7.08394657889	0.263284943503
11583	GARLIC	2.83010280859	0.110000319581
22310	GARLIC	3.17535724101	0.122981132197
1551246	GARLIC	3.0695679411	0.119013818706
6050	GARLIC	2.77165703235	0.107793448212
31272	GARLIC	2.77276493023	0.107835307066
61052	GARLIC	2.7573423322	0.107252518593
439570	GARLIC	2.98289029024	0.115756557816
8091	GARLIC	2.70350320666	0.105216556431
61325	GARLIC	2.8288297502	0.109952278906
220674	GARLIC	3.050402101	0.118294102849
15606	GARLIC	2.69662145246	0.104956151195
7792	GARLIC	3.06669451246	0.118905934405
7151	GARLIC	2.89774415841	0.112550997853
61527	SPICES	6.88612390399	0.256477475191
520191	SPICES	6.92923216031	0.25796358308
1110	SPICES	5.71697451852	0.215605461682
12178	SPICES	5.93831063048	0.223427011962
1549026	SPICES	5.83925303947	0.219931371155
8078	SPICES	6.73180338302	0.251145264606
7820	SPICES	5.85051895934	0.220329329536
521238	SPICES	5.56239789707	0.210119807737
7122	SPICES	7.05507360309	0.262293318705
9589	SPICES	6.81908381069	0.254163390821
24020	SPICES	5.93112062314	0.223173548187
33032	SPICES	5.7479104423	0.216701027911
8914	SPICES	5.20738298861	0.197448584508
8082	SPICES	6.56658829531	0.245415499076
6943	SPICES	10.6437522655	0.380434305704
660	SPICES	7.18469293316	0.266739792309
170833	SPICES	6.48888908385	0.242713290737
11428	SPICES	6.15362025914	0.230997993448
7144	SPICES	9.58179269926	0.346547407438
15037	SPICES	6.98156672799	0.259765759528
11529	SPICES	5.49573943468	0.207748316614
14328	SPICES	7.36903682981	0.273040391673
7409	SPICES	8.0123087379	0.294813512991
6213	SPICES	6.14191088894	0.23058720781
7059	SPICES	8.05658011769	0.29629981143
261	SPICES	5.77883675254	0.217795488417
17617	SPICES	5.8580630811	0.220595762019
7335	SPICES	6.42112803093	0.240352767161
8697	SPICES	5.69620167204	0.214869381486
263	SPICES	5.78147942478	0.217888975256
7654	SPICES	6.5805817332	0.245901646949
957	SPICES	5.26728547133	0.199593700359
7136	SPICES	7.15938380505	0.265872641615
31249	SPICES	5.60168854372	0.211515975932
1183	SPICES	7.91954400561	0.291694089322
10430	SPICES	6.5634063034	0.245304931214
7915	SPICES	6.36660889094	0.238450872129
31244	SPICES	7.56695893237	0.279774810301
6501	SPICES	6.51289959266	0.243548839265
8125	SPICES	5.34658086165	0.202428863702
31265	SPICES	5.38715721894	0.203877703597
21057	SPICES	5.78174413701	0.217898339374
807	SPICES	3.83673469388	0.147581174511
1068	SPICES	6.62197956779	0.247338937353
356	SPICES	5.28023263843	0.200056962851
875	SPICES	5.91834131159	0.222722946911
14257	SPICES	5.13630768198	0.194899644638
13204	SPICES	6.60949899935	0.246905769165
526618	SPICES	7.55292474637	0.279298320965
16324	SPICES	5.60051768369	0.211474388018
6106	SPICES	6.36526183651	0.238403850161
61918	SPICES	6.51508558077	0.243624887181
8122	SPICES	5.16084018827	0.195779898951
4133	SPICES	7.31635646642	0.271242629879
14514	SPICES	7.23795829153	0.268563115569
98330	SPICES	7.86866721113	0.289980318973
11583	SPICES	5.59526056116	0.211287646147
22310	SPICES	6.68890596443	0.249659653377
1551246	SPICES	6.10389899556	0.229252926643
6050	SPICES	5.5874392256	0.211009778184
31272	SPICES	5.55972049547	0.210024623024
61052	SPICES	6.28606352982	0.235636703313
439570	SPICES	6.68297146542	0.249454015574
8091	SPICES	5.33323610019	0.201952081088
61325	SPICES	6.76039763985	0.252134715094
220674	SPICES	6.28784082669	0.235698856163
15606	SPICES	5.29253025521	0.200496859607
7792	SPICES	6.23272729113	0.233770335851
7151	SPICES	6.70123097666	0.250086640425
61527	COLD	4.90621267225	0.186620137776
520191	COLD	2.68182390293	0.104396084339
1110	COLD	4.62629439657	0.176490735925
12178	COLD	4.92397399848	0.187260751964
1549026	COLD	4.81483437618	0.183320323019
8078	COLD	7.37293329642	0.273173273699
7820	COLD	4.7685286886	0.181645601202
521238	COLD	4.92047169423	0.187134451092
7122	COLD	4.81893306199	0.183468476137
9589	COLD	4.82721600601	0.183767834493
24020	COLD	4.87247419081	0.185402565736
33032	COLD	4.63378668794	0.17676267589
8914	COLD	5.01453034705	0.190523008041
8082	COLD	7.07054813052	0.262824864875
6943	COLD	4.96374709151	0.188694369585
660	COLD	5.04861711196	0.191749270581
170833	COLD	7.05916879755	0.262434006257
11428	COLD	4.93752765447	0.187749434443
7144	COLD	4.87749102002	0.185583673341
15037	COLD	4.68524563618	0.178629214779
11529	COLD	4.82636845604	0.183737205252
14328	COLD	4.86881828927	0.185270574957
7409	COLD	4.90576456925	0.186603972367
6213	COLD	3.08340125462	0.119533104866
7059	COLD	4.7861556589	0.18228331196
261	COLD	4.7826772487	0.182157489282
17617	COLD	5.12843576793	0.194617089347
7335	COLD	5.19209768127	0.196900755918
8697	COLD	4.83983629656	0.184223845711
263	COLD	4.84345019959	0.184354404049
7654	COLD	4.76151476544	0.181391781473
957	COLD	4.98379207098	0.189416409476
7136	COLD	4.82076696762	0.183534761042
31249	COLD	4.80662742878	0.183023630256
1183	COLD	4.77593461809	0.181913564133
10430	COLD	4.8708122294	0.185342564467
7915	COLD	5.01263699446	0.190454867923
31244	COLD	4.87299188879	0.185421255572
6501	COLD	4.88047312643	0.185691317882
8125	COLD	4.89446259196	0.186196198053
31265	COLD	4.82125416568	0.183552369935
21057	COLD	4.87424331515	0.185466433448
807	COLD	4.51020408163	0.172271386922
1068	COLD	2.91126725543	0.113060499404
356	COLD	4.97257278924	0.189012319512
875	COLD	4.71626867601	0.179753470951
14257	COLD	5.02428122892	0.19087388841
13204	COLD	5.67413636198	0.214087125097
526618	COLD	2.60879917244	0.101629633649
16324	COLD	4.74626582203	0.18083981718
6106	COLD	4.84105860219	0.184268004732
61918	COLD	4.81476561337	0.18331783737
8122	COLD	4.89609990162	0.186255278366
4133	COLD	4.83438703132	0.184026962065
14514	COLD	4.8917017867	0.18609657292
98330	COLD	3.97470875176	0.152669026206
11583	COLD	4.82575630965	0.183715082802
22310	COLD	5.59451261257	0.211261075954
1551246	COLD	4.82844247893	0.183812156448
6050	COLD	4.8293787812	0.183845991483
31272	COLD	4.85436253032	0.184748566983
61052	COLD	4.75982386127	0.181330585175
439570	COLD	5.21545747418	0.197737900301
8091	COLD	4.84785963418	0.184513688154
61325	COLD	5.06977600108	0.192509988563
220674	COLD	6.89451579149	0.25676689246
15606	COLD	4.86803081263	0.185242142908
7792	COLD	4.89290356865	0.186139940613
7151	COLD	4.78863185042	0.182372876017
61527	SOUR	8.41142779857	0.308156264898
520191	SOUR	8.4622699033	0.309846791365
1110	SOUR	16.9822319814	0.563930798028
12178	SOUR	9.00764308696	0.327850669885
1549026	SOUR	9.13269831607	0.33194546123
8078	SOUR	6.74113896607	0.251468376819
7820	SOUR	9.52109550529	0.344583316363
521238	SOUR	8.8876929866	0.323911284814
7122	SOUR	7.89389695033	0.290830434388
9589	SOUR	8.30466118129	0.304599488317
24020	SOUR	9.02209822014	0.328324626288
33032	SOUR	13.5731994346	0.469235280229
8914	SOUR	8.51300773726	0.311531789197
8082	SOUR	7.27287409386	0.26975708472
6943	SOUR	7.79041621221	0.287340414585
660	SOUR	7.45150350615	0.275850178445
170833	SOUR	8.50819794428	0.311372144867
11428	SOUR	9.07637757126	0.330102850924
7144	SOUR	7.83108196932	0.288712940849
15037	SOUR	7.86713612669	0.289928712733
11529	SOUR	8.95239172743	0.326037542041
14328	SOUR	8.1233872648	0.29853972233
7409	SOUR	7.76064019314	0.286334593243
6213	SOUR	9.28911874094	0.337049658844
7059	SOUR	7.64280203315	0.282347112159
261	SOUR	13.9571599282	0.480365471822
17617	SOUR	8.94962126755	0.325946562369
7335	SOUR	8.49140780788	0.310814709691
8697	SOUR	12.9846437318	0.451945360136
263	SOUR	9.04265121849	0.328998232316
7654	SOUR	8.18446540224	0.300584426521
957	SOUR	8.54592855654	0.312623984304
7136	SOUR	8.3982441193	0.307717563057
31249	SOUR	9.07396715935	0.33002393437
1183	SOUR	7.74248453613	0.285720954728
10430	SOUR	13.8749064541	0.477991046519
7915	SOUR	8.96110000833	0.32632347499
31244	SOUR	7.71662161143	0.28484636482
6501	SOUR	8.11706852704	0.298328020492
8125	SOUR	9.38935865557	0.340310323838
31265	SOUR	8.95976829815	0.326279752743
21057	SOUR	9.2289405598	0.33508828485
807	SOUR	9.73469387755	0.351482049146
1068	SOUR	10.0790725206	0.362527819673
356	SOUR	8.65834607696	0.316347060363
875	SOUR	9.55627758301	0.345722126823
14257	SOUR	8.54764440671	0.312680886307
13204	SOUR	7.88170066767	0.290419544541
526618	SOUR	8.33473436323	0.305602255767
16324	SOUR	10.2089238732	0.366668104268
6106	SOUR	9.4003057964	0.34066593223
61918	SOUR	8.57387293711	0.313550398628
8122	SOUR	8.50751798436	0.311349574473
4133	SOUR	8.04404675714	0.295879194993
14514	SOUR	8.31918081272	0.305083724751
98330	SOUR	7.92902290225	0.292013154416
11583	SOUR	9.66163670405	0.349126578642
22310	SOUR	8.33909468777	0.305747587426
1551246	SOUR	9.31418520737	0.337865789864
6050	SOUR	9.05947887502	0.329549492006
31272	SOUR	9.08187041338	0.330282668453
61052	SOUR	8.16902859333	0.30006793247
439570	SOUR	8.28228532347	0.303852912867
8091	SOUR	8.8909264146	0.32401762758
61325	SOUR	8.1287270121	0.298718599349
220674	SOUR	8.45098921146	0.309471880998
15606	SOUR	8.80749591031	0.321271042728
7792	SOUR	8.86628142224	0.323206878386
7151	SOUR	8.31307116728	0.304879985798
61527	BURNT	5.37120115768	0.203308125557
520191	BURNT	11.7017060684	0.413296272771
1110	BURNT	4.91086410583	0.186787929727
12178	BURNT	4.68662780474	0.178679320118
1549026	BURNT	4.55783468282	0.174003844514
8078	BURNT	5.36756054816	0.203178139431
7820	BURNT	4.6883557126	0.178741956789
521238	BURNT	4.58428944529	0.174965293924
7122	BURNT	5.4856370904	0.207388597901
9589	BURNT	5.66992737605	0.213937864462
24020	BURNT	4.54771116391	0.173635775824
33032	BURNT	4.96481279513	0.188732765369
8914	BURNT	4.80119303203	0.182827139469
8082	BURNT	5.60032015783	0.211467371965
6943	BURNT	5.67010623624	0.213944207558
660	BURNT	5.98525089595	0.225080744523
170833	BURNT	5.2350726514	0.19844051179
11428	BURNT	4.78966999878	0.182410424472
7144	BURNT	5.74158747942	0.216477168463
15037	BURNT	6.05927501593	0.22768507515
11529	BURNT	4.42991634917	0.169346990423
14328	BURNT	5.38230715597	0.20370459411
7409	BURNT	5.53377941434	0.209102090731
6213	BURNT	5.1075199497	0.193866093973
7059	BURNT	6.19776698473	0.23254575315
261	BURNT	4.67988023148	0.178434697667
17617	BURNT	4.62340721717	0.176385930968
7335	BURNT	5.10808569574	0.19388641204
8697	BURNT	4.6853844951	0.178634248657
263	BURNT	4.66572840313	0.177921527513
7654	BURNT	5.01056496828	0.190380294211
957	BURNT	4.75928031923	0.181310913106
7136	BURNT	5.23373962407	0.198392772782
31249	BURNT	4.50104993762	0.171938217288
1183	BURNT	5.59004697344	0.211102428871
10430	BURNT	4.91492588696	0.186934436889
7915	BURNT	4.75498699378	0.181155519227
31244	BURNT	5.43331609746	0.205524274372
6501	BURNT	5.05076403389	0.191826474425
8125	BURNT	4.61029368199	0.175909824146
31265	BURNT	4.40302689004	0.168366417284
21057	BURNT	4.70803925508	0.179455316752
807	BURNT	5.44897959184	0.206082632237
1068	BURNT	5.05216353192	0.191876798735
356	BURNT	4.56433611046	0.174240178767
875	BURNT	5.25252014245	0.199065218559
14257	BURNT	4.72059595725	0.179910227813
13204	BURNT	6.9782863591	0.25965286216
526618	BURNT	5.93257186984	0.223224711197
16324	BURNT	4.43113234866	0.16939132039
6106	BURNT	4.95733586447	0.18846336303
61918	BURNT	5.85950899025	0.220646821367
8122	BURNT	4.71490465018	0.179704055663
4133	BURNT	5.448192692	0.206054586236
14514	BURNT	5.50564558831	0.208100970195
98330	BURNT	6.08825270921	0.228703379948
11583	BURNT	4.55205732133	0.17379380251
22310	BURNT	5.09661681932	0.193474471572
1551246	BURNT	4.68165765274	0.178499138759
6050	BURNT	4.58263324218	0.174905118714
31272	BURNT	4.48018625689	0.171178622717
61052	BURNT	4.89557606276	0.186236376516
439570	BURNT	6.09212383634	0.228839364319
8091	BURNT	4.54829589049	0.173657037417
61325	BURNT	6.0590024374	0.227675493282
220674	BURNT	5.02443159163	0.190879298538
15606	BURNT	4.60130268164	0.175583312718
7792	BURNT	4.89728457245	0.186298024425
7151	BURNT	5.49406685626	0.207688766002
61527	ACID	6.72270742797	0.250830379054
520191	ACID	6.7379971148	0.251359642544
1110	ACID	6.44492334293	0.241182118959
12178	ACID	6.83073833461	0.254565938906
1549026	ACID	5.8127674952	0.218995393427
8078	ACID	8.491519535	0.310818419795
7820	ACID	6.5826351707	0.245972972512
521238	ACID	6.18303440257	0.232029410333
7122	ACID	6.3049573193	0.236297298053
9589	ACID	6.90233027994	0.25703634588
24020	ACID	6.79993720752	0.25350182989
33032	ACID	6.42231005759	0.240393975713
8914	ACID	7.03368645597	0.261558360175
8082	ACID	8.16776657729	0.300025698747
6943	ACID	7.19729196821	0.267171274058
660	ACID	6.7680213109	0.25239840745
170833	ACID	6.8502699444	0.255240318452
11428	ACID	6.89786971401	0.256882545924
7144	ACID	6.91547758376	0.257489571266
15037	ACID	7.05156933287	0.262172921292
11529	ACID	6.27814826838	0.235359872463
14328	ACID	6.4931979837	0.242863271326
7409	ACID	7.16324778098	0.26600506373
6213	ACID	6.75821342771	0.252059157615
7059	ACID	7.08241210856	0.263232259832
261	ACID	6.59620712715	0.2464443057
17617	ACID	5.46336528418	0.206595267276
7335	ACID	6.26700614131	0.234970099262
8697	ACID	6.4214367909	0.240363531452
263	ACID	6.67722961177	0.249255026355
7654	ACID	5.74019871557	0.216427996105
957	ACID	6.93360827393	0.258114361479
7136	ACID	5.80904540564	0.218863812816
31249	ACID	6.54446122923	0.244646460057
1183	ACID	6.66779067006	0.248927853834
10430	ACID	6.7992908764	0.253479492487
7915	ACID	6.81649925709	0.254074105435
31244	ACID	6.73709656626	0.251328474593
6501	ACID	5.54373095983	0.209456057211
8125	ACID	6.66389208596	0.248792700345
31265	ACID	5.93264063638	0.223227135487
21057	ACID	6.64460768638	0.248123982933
807	ACID	16.5714285714	0.553012244897
1068	ACID	6.9331604021	0.258098930819
356	ACID	6.86476759504	0.255740690148
875	ACID	6.36413174847	0.238364400774
14257	ACID	7.06785810529	0.262732476933
13204	ACID	7.00750243996	0.26065806142
526618	ACID	6.99244602732	0.260140120515
16324	ACID	6.45876695285	0.241664409894
6106	ACID	6.69327141252	0.24981090362
61918	ACID	6.92352229672	0.257766827471
8122	ACID	6.20757145247	0.232889280764
4133	ACID	6.92435866499	0.257795649431
14514	ACID	6.8590120807	0.255542064539
98330	ACID	6.76181855469	0.252183866121
11583	ACID	6.69433474534	0.249847742741
22310	ACID	6.80885259178	0.253809914225
1551246	ACID	6.37341185929	0.23868832288
6050	ACID	5.45381220034	0.206254861007
31272	ACID	6.3279177973	0.237099694432
61052	ACID	5.73125227566	0.216111189967
439570	ACID	6.85395434012	0.255367497566
8091	ACID	6.06328353268	0.227825978428
61325	ACID	6.75575250295	0.251974023365
220674	ACID	5.7482589982	0.216713367324
15606	ACID	6.10822130792	0.229404705298
7792	ACID	6.86026326481	0.255585245768
7151	ACID	6.87133070493	0.255967153935
61527	WARM	6.00188708045	0.225666423807
520191	WARM	6.21439486313	0.233128313119
1110	WARM	5.73119649215	0.216109214393
12178	WARM	5.28675031168	0.200290120924
1549026	WARM	5.65096985773	0.213265410176
8078	WARM	5.71583296454	0.21556501999
7820	WARM	5.7076551341	0.215275274512
521238	WARM	5.29066614922	0.200430186648
7122	WARM	6.35236044869	0.23795342464
9589	WARM	6.17148052565	0.231624352275
24020	WARM	5.82823999515	0.21954224723
33032	WARM	5.98573347771	0.225097737002
8914	WARM	4.985166954	0.189465922336
8082	WARM	5.80392041149	0.218682619603
6943	WARM	6.23275688741	0.233771372129
660	WARM	6.61613039382	0.247135943198
170833	WARM	6.0749202676	0.228234948201
11428	WARM	5.3575847609	0.202821904648
7144	WARM	6.23728235421	0.233929817702
15037	WARM	6.47976390049	0.242395619937
11529	WARM	5.29084781838	0.20043668448
14328	WARM	6.40471626147	0.239780494303
7409	WARM	6.1912784602	0.232318366819
6213	WARM	6.22559599805	0.23352062171
7059	WARM	6.30927034578	0.236448056913
261	WARM	5.45672650291	0.206358714465
17617	WARM	5.78317270389	0.217948873546
7335	WARM	6.03041908309	0.226670381597
8697	WARM	5.53145116998	0.209019265981
263	WARM	5.01488560167	0.190535793028
7654	WARM	6.02593902965	0.22651278471
957	WARM	4.98065308615	0.18930336138
7136	WARM	6.30379192409	0.236256559915
31249	WARM	5.66329026982	0.213702468121
1183	WARM	6.7179888091	0.250667002908
10430	WARM	5.66697768241	0.213833252875
7915	WARM	5.58557635508	0.210943588916
31244	WARM	6.51214496422	0.243522585755
6501	WARM	6.71971763936	0.250726863513
8125	WARM	5.08168303177	0.192937920297
31265	WARM	5.33714799782	0.202091860412
21057	WARM	5.30018658476	0.200770672257
807	WARM	5.55102040816	0.209715285298
1068	WARM	5.08352281339	0.193004030858
356	WARM	4.85711369219	0.18484792632
875	WARM	6.94172267449	0.258393901504
14257	WARM	4.97038054038	0.188933348529
13204	WARM	6.25900245991	0.234690053679
526618	WARM	6.78727803162	0.253064264033
16324	WARM	5.47419838732	0.206981196299
6106	WARM	6.06439409618	0.227865013546
61918	WARM	6.07896941153	0.228377228819
8122	WARM	5.01030673493	0.190370999966
4133	WARM	6.59033672106	0.246240453604
14514	WARM	6.05937005578	0.227688416042
98330	WARM	7.58450197978	0.280370211079
11583	WARM	5.1553068282	0.195581397731
22310	WARM	6.32527258651	0.237007274143
1551246	WARM	5.76989096192	0.217478981792
6050	WARM	5.91665423294	0.222663450393
31272	WARM	5.15593507042	0.195603936236
61052	WARM	5.93333022985	0.223251446147
439570	WARM	6.44714580271	0.241259556508
8091	WARM	5.2983420924	0.200704712125
61325	WARM	6.66075465115	0.248683925037
220674	WARM	5.91952528533	0.222764699572
15606	WARM	5.28100944358	0.200084753446
7792	WARM	5.49410952332	0.207690285151
7151	WARM	6.22386474606	0.233459992892
61527	MUSKY	7.719162519	0.284932312762
520191	MUSKY	7.75281759766	0.286070231625
1110	MUSKY	9.48198114123	0.343316059104
12178	MUSKY	7.91085645856	0.291401598379
1549026	MUSKY	7.57431423328	0.280024474889
8078	MUSKY	7.06145365838	0.262512495227
7820	MUSKY	7.82291481265	0.28843739404
521238	MUSKY	7.56167043944	0.279595273644
7122	MUSKY	7.92301960647	0.291811088385
9589	MUSKY	8.04519106907	0.295917603028
24020	MUSKY	7.61806613411	0.281508672715
33032	MUSKY	8.99073268209	0.327295997619
8914	MUSKY	7.7593698075	0.286291664376
8082	MUSKY	7.62105865918	0.281610132333
6943	MUSKY	8.0373519822	0.295654468534
660	MUSKY	7.94166255711	0.292438500616
170833	MUSKY	7.6176977952	0.281496183928
11428	MUSKY	8.00887741855	0.29469824974
7144	MUSKY	7.79551931876	0.287512724171
15037	MUSKY	8.33044461533	0.305459261617
11529	MUSKY	7.57519171044	0.280054256638
14328	MUSKY	7.6084447429	0.281182417154
7409	MUSKY	8.15930682604	0.299742557889
6213	MUSKY	7.9246757293	0.291866835006
7059	MUSKY	8.21587093472	0.301634623302
261	MUSKY	12.4420725834	0.435760835268
17617	MUSKY	7.659575759	0.282915390037
7335	MUSKY	7.52926487462	0.278494663164
8697	MUSKY	12.1919684868	0.428221101238
263	MUSKY	8.05217250293	0.29615190731
7654	MUSKY	7.82435341218	0.28848593396
957	MUSKY	7.7529104092	0.286073368443
7136	MUSKY	7.73796026769	0.285567999066
31249	MUSKY	7.55531774693	0.279379579374
1183	MUSKY	7.6274681967	0.281827419431
10430	MUSKY	8.72547675782	0.318565492452
7915	MUSKY	7.61401459605	0.281371296534
31244	MUSKY	7.62941035002	0.281893253085
6501	MUSKY	7.77107199762	0.286687055908
8125	MUSKY	8.146149357	0.299302074541
31265	MUSKY	7.53757996275	0.278777153832
21057	MUSKY	8.141414904	0.299143541504
807	MUSKY	8.83673469388	0.322234235735
1068	MUSKY	8.48498416183	0.310601383983
356	MUSKY	7.61024297078	0.281243399602
875	MUSKY	8.18472579263	0.300593137185
14257	MUSKY	7.67131857584	0.283313091557
13204	MUSKY	7.50761938249	0.277759035783
526618	MUSKY	8.15397793974	0.299564175093
16324	MUSKY	8.36045515636	0.306459322086
6106	MUSKY	15.5083968151	0.524131723894
61918	MUSKY	7.99066352142	0.294086259452
8122	MUSKY	7.55699128564	0.279436404509
4133	MUSKY	7.88541298989	0.290544624387
14514	MUSKY	7.85459521493	0.289505942201
98330	MUSKY	7.93676359168	0.292273657143
11583	MUSKY	8.04583690556	0.295939279618
22310	MUSKY	7.59262619817	0.280645858893
1551246	MUSKY	7.77000924287	0.286651152261
6050	MUSKY	7.56481533811	0.279702041085
31272	MUSKY	7.60596695834	0.281098384985
61052	MUSKY	7.80807614239	0.287936624477
439570	MUSKY	7.67938017861	0.283586055173
8091	MUSKY	7.57667625053	0.280104640819
61325	MUSKY	7.4657197092	0.276334000058
220674	MUSKY	7.40836847062	0.274381169466
15606	MUSKY	7.57459046196	0.280033850212
7792	MUSKY	7.95937524998	0.293034348251
7151	MUSKY	7.93805405618	0.292317081368
61527	SWEATY	3.5643704023	0.137492921546
520191	SWEATY	3.57320045286	0.137820913524
1110	SWEATY	8.62589805677	0.315273475356
12178	SWEATY	4.13080816803	0.158406896273
1549026	SWEATY	3.8955662302	0.149752474706
8078	SWEATY	3.17845495085	0.123097167684
7820	SWEATY	4.02720362403	0.154600797349
521238	SWEATY	3.85788883821	0.148362231013
7122	SWEATY	3.48112087195	0.134397553868
9589	SWEATY	3.63884833008	0.140257446336
24020	SWEATY	3.90308176561	0.150029651717
33032	SWEATY	8.42298598514	0.308540762243
8914	SWEATY	4.17264453105	0.159941396289
8082	SWEATY	3.86828589309	0.148745981423
6943	SWEATY	3.55336601727	0.13708407667
660	SWEATY	3.38819294134	0.13093577709
170833	SWEATY	3.67961651161	0.141768829395
11428	SWEATY	4.13681574213	0.158627331892
7144	SWEATY	3.37894635543	0.130590942828
15037	SWEATY	3.71319949161	0.143012839478
11529	SWEATY	3.94893395191	0.151719726334
14328	SWEATY	3.36938723391	0.130234381223
7409	SWEATY	3.64333604734	0.140423882872
6213	SWEATY	3.99767462131	0.153514423901
7059	SWEATY	3.46976156291	0.133974764395
261	SWEATY	4.45314806782	0.170193711627
17617	SWEATY	3.916785539	0.150534937977
7335	SWEATY	3.53047281009	0.136233217098
8697	SWEATY	10.6365724609	0.380208228948
263	SWEATY	4.32360231707	0.165466677884
7654	SWEATY	3.70811619871	0.142824597651
957	SWEATY	4.15635503036	0.159344086359
7136	SWEATY	3.57222806326	0.137784797196
31249	SWEATY	3.95274777673	0.151860225074
1183	SWEATY	3.33268959192	0.128864855711
10430	SWEATY	6.77388205797	0.252601091065
7915	SWEATY	3.71336046114	0.14301880008
31244	SWEATY	3.31607127406	0.128244319485
6501	SWEATY	3.63416824646	0.140083858321
8125	SWEATY	4.42885411625	0.169308265137
31265	SWEATY	3.95162718752	0.151818944529
21057	SWEATY	4.29325794313	0.164357492219
807	SWEATY	2.24489795918	0.0877800916283
1068	SWEATY	4.49726360455	0.17180039221
356	SWEATY	4.00701974668	0.153858306967
875	SWEATY	4.09736661582	0.157179299359
14257	SWEATY	4.09701100559	0.157166240552
13204	SWEATY	3.53227815816	0.136300330732
526618	SWEATY	3.7544504231	0.144539657732
16324	SWEATY	4.62688254565	0.17651208499
6106	SWEATY	10.1230205696	0.363930604604
61918	SWEATY	3.78652124886	0.145725752687
8122	SWEATY	4.1083878812	0.157583974855
4133	SWEATY	3.51450089644	0.135639349237
14514	SWEATY	3.61510758726	0.139376702343
98330	SWEATY	3.85678412465	0.148321451472
11583	SWEATY	4.30981810171	0.16496291124
22310	SWEATY	3.6255721311	0.139764975933
1551246	SWEATY	4.03966440402	0.155059020762
6050	SWEATY	3.93793740008	0.151314555617
31272	SWEATY	3.93643661188	0.151259251195
61052	SWEATY	3.76534106102	0.144942525118
439570	SWEATY	3.54353128951	0.13671860598
8091	SWEATY	3.9230906745	0.150767370804
61325	SWEATY	3.40731954218	0.131648851102
220674	SWEATY	3.58288164657	0.138180449505
15606	SWEATY	3.9265639695	0.150895396937
7792	SWEATY	4.14654142943	0.158984134847
7151	SWEATY	3.57676952803	0.137953469019
61527	AMMONIA/URINOUS	5.25650354418	0.199207809963
520191	AMMONIA/URINOUS	5.27500304259	0.199869858864
1110	AMMONIA/URINOUS	5.3142984944	0.201275232381
12178	AMMONIA/URINOUS	5.48069529668	0.207212603493
1549026	AMMONIA/URINOUS	5.01303616613	0.190469234004
8078	AMMONIA/URINOUS	7.24465586306	0.268792219093
7820	AMMONIA/URINOUS	5.13017313207	0.194679454737
521238	AMMONIA/URINOUS	5.22899770295	0.198222941327
7122	AMMONIA/URINOUS	5.63843076371	0.212820469958
9589	AMMONIA/URINOUS	5.45701988813	0.206369169101
24020	AMMONIA/URINOUS	5.12024239512	0.194322942931
33032	AMMONIA/URINOUS	5.22290871653	0.198004838477
8914	AMMONIA/URINOUS	5.71985932836	0.21570765684
8082	AMMONIA/URINOUS	7.67422388355	0.283411470456
6943	AMMONIA/URINOUS	5.77761285867	0.217752190209
660	AMMONIA/URINOUS	5.82664081155	0.219485735203
170833	AMMONIA/URINOUS	5.70371312787	0.215135587737
11428	AMMONIA/URINOUS	5.53397430169	0.209109023439
7144	AMMONIA/URINOUS	5.52935088592	0.208944546949
15037	AMMONIA/URINOUS	5.84751492928	0.220223224832
11529	AMMONIA/URINOUS	5.15221020835	0.195470300321
14328	AMMONIA/URINOUS	5.27114774818	0.199731910494
7409	AMMONIA/URINOUS	5.87810819392	0.221303465381
6213	AMMONIA/URINOUS	5.42008576152	0.205052498596
7059	AMMONIA/URINOUS	5.76178733826	0.217192216198
261	AMMONIA/URINOUS	5.45232371032	0.206201814876
17617	AMMONIA/URINOUS	5.31114046442	0.201162333364
7335	AMMONIA/URINOUS	5.31603420083	0.201337280183
8697	AMMONIA/URINOUS	5.36184310847	0.202973979731
263	AMMONIA/URINOUS	5.68592000069	0.214504925526
7654	AMMONIA/URINOUS	5.5129000017	0.208359173496
957	AMMONIA/URINOUS	5.68528941521	0.214482570315
7136	AMMONIA/URINOUS	5.27638460073	0.199919290247
31249	AMMONIA/URINOUS	5.02236662054	0.190804998233
1183	AMMONIA/URINOUS	5.3563389162	0.202777410014
10430	AMMONIA/URINOUS	5.41156432667	0.204748561682
7915	AMMONIA/URINOUS	5.16013581488	0.195754631944
31244	AMMONIA/URINOUS	5.4080865059	0.204624500374
6501	AMMONIA/URINOUS	5.49731948052	0.207804570632
8125	AMMONIA/URINOUS	5.44596668327	0.205975246085
31265	AMMONIA/URINOUS	5.10829567072	0.193893952965
21057	AMMONIA/URINOUS	5.47606063494	0.207047529366
807	AMMONIA/URINOUS	13.1836734694	0.457823240317
1068	AMMONIA/URINOUS	5.8015656294	0.218599359675
356	AMMONIA/URINOUS	5.46847247211	0.206777222413
875	AMMONIA/URINOUS	5.17615040993	0.196329003171
14257	AMMONIA/URINOUS	5.56369781527	0.210166019259
13204	AMMONIA/URINOUS	5.92490245513	0.222954310564
526618	AMMONIA/URINOUS	5.68825465481	0.214587689785
16324	AMMONIA/URINOUS	5.11130315745	0.194001958311
6106	AMMONIA/URINOUS	5.33138669575	0.20188599419
61918	AMMONIA/URINOUS	5.32236759164	0.201563664953
8122	AMMONIA/URINOUS	5.17494742236	0.196285864565
4133	AMMONIA/URINOUS	5.53483424962	0.209139613916
14514	AMMONIA/URINOUS	5.41518825183	0.204877824552
98330	AMMONIA/URINOUS	6.02140320004	0.226353209403
11583	AMMONIA/URINOUS	5.3207034329	0.201504183308
22310	AMMONIA/URINOUS	5.66527625711	0.213772908257
1551246	AMMONIA/URINOUS	5.16878109308	0.196064724528
6050	AMMONIA/URINOUS	5.07542061235	0.192712866737
31272	AMMONIA/URINOUS	5.20077982704	0.197211948758
61052	AMMONIA/URINOUS	5.48887064206	0.207503745312
439570	AMMONIA/URINOUS	5.54603075492	0.209537847343
8091	AMMONIA/URINOUS	5.22174467017	0.197963139846
61325	AMMONIA/URINOUS	5.31465737232	0.201288061699
220674	AMMONIA/URINOUS	5.37537134692	0.20345700703
15606	AMMONIA/URINOUS	5.25716784742	0.199231588387
7792	AMMONIA/URINOUS	5.46956562377	0.206816165706
7151	AMMONIA/URINOUS	5.37162245594	0.203323167114
61527	DECAYED	4.37068242727	0.167186151139
520191	DECAYED	4.41402998674	0.16876773518
1110	DECAYED	9.93527126938	0.357927004697
12178	DECAYED	4.94014598239	0.187843822365
1549026	DECAYED	4.45800470692	0.17037066589
8078	DECAYED	4.54326542588	0.173474112743
7820	DECAYED	6.95129215774	0.258723501245
521238	DECAYED	4.48718846082	0.17143359432
7122	DECAYED	4.37966991852	0.167514193303
9589	DECAYED	4.49236995218	0.171622242972
24020	DECAYED	4.55985414756	0.174077257964
33032	DECAYED	7.57008040255	0.279880769181
8914	DECAYED	4.59223090246	0.175253802234
8082	DECAYED	4.77273713495	0.181797877494
6943	DECAYED	4.55919166495	0.174053175143
660	DECAYED	4.37717628656	0.167423182565
170833	DECAYED	4.54220023237	0.173435376114
11428	DECAYED	5.05708883051	0.192053894245
7144	DECAYED	4.44287717564	0.169819423986
15037	DECAYED	4.71591731152	0.179740742025
11529	DECAYED	4.5435823953	0.173485639419
14328	DECAYED	4.27902762778	0.163837074135
7409	DECAYED	4.6006170073	0.175558409553
6213	DECAYED	4.74916504122	0.180944774213
7059	DECAYED	4.50389061406	0.172041612297
261	DECAYED	5.22276126633	0.197999556555
17617	DECAYED	4.74669827246	0.180855473102
7335	DECAYED	4.28537555305	0.16406924467
8697	DECAYED	4.97340571239	0.189042322744
263	DECAYED	5.0488703078	0.191758375758
7654	DECAYED	4.43708045396	0.169608144976
957	DECAYED	4.64082412869	0.17701806571
7136	DECAYED	4.48737329051	0.171440324001
31249	DECAYED	4.45849415826	0.170388498267
1183	DECAYED	4.35799268452	0.166722867286
10430	DECAYED	9.26298223711	0.336198153515
7915	DECAYED	7.99317593682	0.29417069285
31244	DECAYED	4.33664607373	0.165943243282
6501	DECAYED	4.39482657716	0.168067262829
8125	DECAYED	5.2232757514	0.198017986226
31265	DECAYED	4.52857439551	0.172939781398
21057	DECAYED	5.17220188059	0.196187406306
807	DECAYED	3.26530612245	0.126347355269
1068	DECAYED	5.78970782978	0.21818002649
356	DECAYED	4.60428455008	0.175691607516
875	DECAYED	6.6765289122	0.249230741162
14257	DECAYED	4.49039635979	0.171550390604
13204	DECAYED	4.45253566111	0.170171396919
526618	DECAYED	4.92671393018	0.187359553147
16324	DECAYED	6.39656092789	0.239496040434
6106	DECAYED	5.02920112558	0.191050899439
61918	DECAYED	4.62754583595	0.176536161253
8122	DECAYED	4.30082408432	0.164634128251
4133	DECAYED	4.40932146036	0.168596012118
14514	DECAYED	4.46271595559	0.170542304744
98330	DECAYED	4.94571187929	0.188044448775
11583	DECAYED	8.96826360287	0.326558643295
22310	DECAYED	4.55196542423	0.17379046128
1551246	DECAYED	4.67986370966	0.17843409865
6050	DECAYED	3.85240401529	0.148159753933
31272	DECAYED	6.97922520364	0.259685174369
61052	DECAYED	4.43877396099	0.169669872729
439570	DECAYED	4.42519008458	0.169174680469
8091	DECAYED	4.46470165112	0.170614641711
61325	DECAYED	4.3316110835	0.165759301509
220674	DECAYED	4.275418822	0.163705070438
15606	DECAYED	4.4219603278	0.169056919856
7792	DECAYED	4.88865651467	0.18598667558
7151	DECAYED	4.45256100333	0.170172320338
61527	WOOD	3.76704153113	0.145005420486
520191	WOOD	3.79597966922	0.146075402109
1110	WOOD	3.10778363034	0.120448017576
12178	WOOD	3.11570814022	0.120745270723
1549026	WOOD	3.14449814591	0.121824778401
8078	WOOD	3.60156268304	0.138874005818
7820	WOOD	3.10175841814	0.120221974612
521238	WOOD	3.14337721217	0.121782760367
7122	WOOD	3.38279432321	0.130734453955
9589	WOOD	3.45116224734	0.133282281551
24020	WOOD	3.04432057928	0.118065668055
33032	WOOD	3.1497320529	0.122020957314
8914	WOOD	3.31483176459	0.128198026733
8082	WOOD	3.59373759256	0.138583523749
6943	WOOD	3.9690971529	0.152462393232
660	WOOD	3.43526356226	0.132690128194
170833	WOOD	3.41377326964	0.131889391611
11428	WOOD	3.14175727053	0.121722035322
7144	WOOD	4.03890962147	0.155031268486
15037	WOOD	3.30149790996	0.127699961019
11529	WOOD	3.01645699124	0.117018674538
14328	WOOD	3.60872064327	0.139139679858
7409	WOOD	3.48219686185	0.13443759648
6213	WOOD	3.23233205547	0.125114094012
7059	WOOD	3.76392107784	0.144890002362
261	WOOD	3.14009662867	0.121659782412
17617	WOOD	3.06997532445	0.119029113581
7335	WOOD	3.41236769422	0.131837006457
8697	WOOD	3.13149278213	0.121337212467
263	WOOD	3.11405324204	0.120683198644
7654	WOOD	3.11038371619	0.120545553903
957	WOOD	3.27859651642	0.12684418261
7136	WOOD	3.42194838185	0.132194042983
31249	WOOD	3.0053175197	0.11659992743
1183	WOOD	3.65321229179	0.140790107652
10430	WOOD	3.19393659148	0.123676971279
7915	WOOD	3.1919224987	0.123601552253
31244	WOOD	3.35691040189	0.129768877097
6501	WOOD	3.19267929321	0.123629891301
8125	WOOD	3.24280166602	0.125505761583
31265	WOOD	3.02840882922	0.117467849154
21057	WOOD	3.14311272662	0.12177284602
807	WOOD	2.48979591837	0.0971122032487
1068	WOOD	3.20010063798	0.123907767882
356	WOOD	3.2410573499	0.125440512898
875	WOOD	3.21579821853	0.124495385468
14257	WOOD	3.33226626476	0.128849051207
13204	WOOD	3.45370886375	0.133377112584
526618	WOOD	3.65238441644	0.140759411888
16324	WOOD	2.95803286274	0.114821331143
6106	WOOD	3.21215066222	0.124358861738
61918	WOOD	4.08297695299	0.1566507978
8122	WOOD	3.23523829208	0.12522282496
4133	WOOD	3.42106510618	0.132161129663
14514	WOOD	3.587359533	0.138346721952
98330	WOOD	3.75797292329	0.144669972735
11583	WOOD	3.11721034351	0.12080161361
22310	WOOD	3.5118640372	0.135541285882
1551246	WOOD	3.27300953379	0.126635344788
6050	WOOD	3.10820147558	0.120463692458
31272	WOOD	3.02101588742	0.1171900207
61052	WOOD	3.11971170984	0.120895427933
439570	WOOD	3.53575464802	0.136429561548
8091	WOOD	3.18173483849	0.123220018907
61325	WOOD	3.56720176651	0.137598099283
220674	WOOD	3.24754070449	0.125683019929
15606	WOOD	3.21505468248	0.124467556655
7792	WOOD	3.22190008941	0.124723747502
7151	WOOD	3.37908805045	0.130596227597
61527	GRASS	3.21954478541	0.124635603966
520191	GRASS	3.25883168597	0.126105273856
1110	GRASS	3.00759691082	0.116685620762
12178	GRASS	3.56040807827	0.137345720857
1549026	GRASS	4.04657735345	0.155313178827
8078	GRASS	2.83847816789	0.110316343392
7820	GRASS	3.35014763561	0.129516509752
521238	GRASS	3.78505835335	0.145671667439
7122	GRASS	2.87606553284	0.111733920134
9589	GRASS	2.97844245908	0.11558925057
24020	GRASS	4.45018715166	0.170085819792
33032	GRASS	3.01756500571	0.117060320803
8914	GRASS	3.44839677785	0.133179294979
8082	GRASS	2.90959332941	0.112997439839
6943	GRASS	2.99823655595	0.11633369326
660	GRASS	2.81615422311	0.109473879081
170833	GRASS	3.69725885131	0.142422464847
11428	GRASS	3.52350335291	0.135974103765
7144	GRASS	3.09346045562	0.119910619188
15037	GRASS	2.89835642587	0.112574069046
11529	GRASS	4.04769923401	0.155354421725
14328	GRASS	3.14459929619	0.121828569954
7409	GRASS	2.90119883012	0.112681171344
6213	GRASS	3.19632723974	0.12376648646
7059	GRASS	2.94497094749	0.114329696347
261	GRASS	3.52783653732	0.136135209239
17617	GRASS	3.39919252709	0.131345897149
7335	GRASS	3.43337740535	0.132619864051
8697	GRASS	3.61377017949	0.139327073216
263	GRASS	3.4840191293	0.134505409455
7654	GRASS	3.2178278124	0.124571346164
957	GRASS	3.48383402358	0.134498521142
7136	GRASS	3.2095677495	0.124262179925
31249	GRASS	3.53229255745	0.136300866014
1183	GRASS	2.98538530135	0.115850401895
10430	GRASS	3.53023002156	0.13622419126
7915	GRASS	3.81970876907	0.146952280731
31244	GRASS	2.97094378778	0.115307148715
6501	GRASS	3.21462767956	0.124451574735
8125	GRASS	3.69951900655	0.14250618391
31265	GRASS	3.64073565447	0.140327443737
21057	GRASS	3.52822588221	0.136149684138
807	GRASS	0.408163265306	0.0162598917118
1068	GRASS	3.24276566123	0.125504414796
356	GRASS	3.48677338946	0.134607900111
875	GRASS	2.88495456366	0.112068997413
14257	GRASS	3.37471380464	0.13043307488
13204	GRASS	3.20180371516	0.123971529794
526618	GRASS	3.09137962333	0.119832533743
16324	GRASS	3.74824196523	0.144309951477
6106	GRASS	3.42020504477	0.132129080772
61918	GRASS	3.3668133266	0.130138360273
8122	GRASS	3.23911268807	0.12536776712
4133	GRASS	2.94885958461	0.114476074244
14514	GRASS	3.05068679561	0.118304795854
98330	GRASS	3.63205258698	0.140005381082
11583	GRASS	3.64169183295	0.140362905556
22310	GRASS	4.18327919159	0.160331237746
1551246	GRASS	3.85704544642	0.148331098027
6050	GRASS	3.38393048289	0.13077682511
31272	GRASS	4.2309190929	0.162076493168
61052	GRASS	3.31146804634	0.128072393605
439570	GRASS	3.27983130344	0.126890334786
8091	GRASS	3.49869571382	0.135051479874
61325	GRASS	3.33205123233	0.128841023127
220674	GRASS	3.69331109988	0.142276225243
15606	GRASS	3.42054047971	0.132141580319
7792	GRASS	3.65547586929	0.140874033239
7151	GRASS	3.02709032597	0.117418302702
61527	FLOWER	7.3189558447	0.271331387925
520191	FLOWER	7.29957355415	0.270669432537
1110	FLOWER	3.46552157046	0.133816926916
12178	FLOWER	3.4616654885	0.133673368358
1549026	FLOWER	7.41197546398	0.274504066448
8078	FLOWER	4.63019127378	0.176632182458
7820	FLOWER	4.26344952875	0.163267180396
521238	FLOWER	7.86635214655	0.289902287425
7122	FLOWER	8.96132395581	0.326330827416
9589	FLOWER	7.20056220847	0.267283249892
24020	FLOWER	3.54440167473	0.136750953696
33032	FLOWER	5.90851876626	0.222376513046
8914	FLOWER	6.6935452613	0.249820391186
8082	FLOWER	4.08186504108	0.156609952758
6943	FLOWER	2.9554797816	0.114725246968
660	FLOWER	10.5121168953	0.376282835164
170833	FLOWER	3.81586680745	0.146810336501
11428	FLOWER	3.40423990416	0.131534056436
7144	FLOWER	7.03906061794	0.261743074964
15037	FLOWER	7.6635590773	0.283050308
11529	FLOWER	7.58791432993	0.280485995646
14328	FLOWER	8.45234991855	0.309517109084
7409	FLOWER	7.5575017323	0.279453736318
6213	FLOWER	3.27256240974	0.126618630499
7059	FLOWER	5.36909110149	0.203232788357
261	FLOWER	3.42698107396	0.132381563246
17617	FLOWER	7.54763237776	0.279118593306
7335	FLOWER	9.00451707094	0.327748151765
8697	FLOWER	5.92470738956	0.222947432521
263	FLOWER	3.59325122722	0.138565467336
7654	FLOWER	9.41057203152	0.340999334877
957	FLOWER	7.12240859285	0.264604862049
7136	FLOWER	8.97092240524	0.326645916689
31249	FLOWER	5.16796739431	0.196035540977
1183	FLOWER	6.96172966914	0.259082914771
10430	FLOWER	3.32133232145	0.128440793502
7915	FLOWER	3.44884046646	0.133195818433
31244	FLOWER	8.70732893607	0.317966126562
6501	FLOWER	8.1659159804	0.299963765697
8125	FLOWER	5.24764414926	0.198890658324
31265	FLOWER	7.22240179812	0.268030836831
21057	FLOWER	5.82794402453	0.21953178836
807	FLOWER	3.81632653061	0.146827321949
1068	FLOWER	3.01712917581	0.117043939647
356	FLOWER	5.24724567211	0.198876392027
875	FLOWER	3.54664961048	0.136834495035
14257	FLOWER	4.26977859919	0.163498740253
13204	FLOWER	3.4465946684	0.133112180813
526618	FLOWER	2.93533689246	0.11396699463
16324	FLOWER	8.05039531563	0.29609226673
6106	FLOWER	6.15521642316	0.23105398124
61918	FLOWER	6.76275510646	0.252216261606
8122	FLOWER	6.57147660838	0.245585342409
4133	FLOWER	10.856378455	0.387110756937
14514	FLOWER	7.17937553039	0.266557648013
98330	FLOWER	4.16127774809	0.159524616925
11583	FLOWER	6.04728933193	0.227263689972
22310	FLOWER	6.67869930957	0.249305962596
1551246	FLOWER	4.45755226195	0.170354181611
6050	FLOWER	7.63889355607	0.282214664339
31272	FLOWER	6.24296647597	0.234128806871
61052	FLOWER	9.01226483003	0.328002226254
439570	FLOWER	7.0914282235	0.26354178724
8091	FLOWER	7.67817754672	0.283545337693
61325	FLOWER	3.39338660322	0.131129435073
220674	FLOWER	7.4679191897	0.276408840778
15606	FLOWER	7.45756328106	0.276056431206
7792	FLOWER	7.07601531462	0.263012615492
7151	FLOWER	10.2544848627	0.36811761059
61527	CHEMICAL	17.5574714249	0.578992935861
520191	CHEMICAL	17.5500063041	0.578799163654
1110	CHEMICAL	16.1487752394	0.541637832883
12178	CHEMICAL	17.8771220906	0.587248285927
1549026	CHEMICAL	16.1822495041	0.542543900558
8078	CHEMICAL	24.5701025854	0.741328126993
7820	CHEMICAL	15.9839487435	0.537163302766
521238	CHEMICAL	16.0389678236	0.538659317405
7122	CHEMICAL	17.4012282649	0.574928032545
9589	CHEMICAL	18.2365774746	0.59643399579
24020	CHEMICAL	17.3365247587	0.573238954066
33032	CHEMICAL	15.8130945377	0.532502197966
8914	CHEMICAL	17.9561370399	0.589276338639
8082	CHEMICAL	22.7938908809	0.70393105064
6943	CHEMICAL	24.1126754129	0.731938570288
660	CHEMICAL	19.5473344068	0.629054063306
170833	CHEMICAL	18.1768222395	0.594914142889
11428	CHEMICAL	17.8970881982	0.587761221538
7144	CHEMICAL	19.2594783489	0.622008131447
15037	CHEMICAL	18.4367905542	0.601505523791
11529	CHEMICAL	16.6228276176	0.554385745502
14328	CHEMICAL	15.6061314855	0.526824723442
7409	CHEMICAL	21.2797002611	0.670057753163
6213	CHEMICAL	17.547999951	0.578747077129
7059	CHEMICAL	18.58311937	0.605191844593
261	CHEMICAL	17.5144319668	0.577875147824
17617	CHEMICAL	16.6886562754	0.556141751704
7335	CHEMICAL	15.6888547744	0.529098125322
8697	CHEMICAL	17.16680293	0.568792468064
263	CHEMICAL	17.6226495976	0.580682872369
7654	CHEMICAL	16.5189639185	0.551608089163
957	CHEMICAL	17.5770287638	0.579500374486
7136	CHEMICAL	15.3318061078	0.519246532902
31249	CHEMICAL	15.5251648195	0.52459429571
1183	CHEMICAL	17.9612612828	0.589407688565
10430	CHEMICAL	17.1085233855	0.567260306446
7915	CHEMICAL	17.4504106814	0.576209694077
31244	CHEMICAL	15.6800963609	0.528857685682
6501	CHEMICAL	15.602949256	0.526737160045
8125	CHEMICAL	17.0246668733	0.565050962073
31265	CHEMICAL	16.6693827367	0.55562798114
21057	CHEMICAL	17.3719270975	0.574163543466
807	CHEMICAL	45.9387755102	0.993402582257
1068	CHEMICAL	17.3104259963	0.572556700582
356	CHEMICAL	17.5817572068	0.579623013681
875	CHEMICAL	15.852793112	0.533587304698
14257	CHEMICAL	18.2142391286	0.59586616233
13204	CHEMICAL	19.3553979607	0.624363346341
526618	CHEMICAL	18.1352663587	0.593855499987
16324	CHEMICAL	15.9024848058	0.534943783031
6106	CHEMICAL	16.9050835364	0.561890601707
61918	CHEMICAL	17.7687891574	0.584459619049
8122	CHEMICAL	17.4204526015	0.575429236524
4133	CHEMICAL	22.4794541331	0.697047822075
14514	CHEMICAL	18.0802815605	0.592452629898
98330	CHEMICAL	18.1862096713	0.59515309797
11583	CHEMICAL	17.4690279509	0.576694343015
22310	CHEMICAL	18.3664939291	0.599728517466
1551246	CHEMICAL	15.802869197	0.532222497937
6050	CHEMICAL	16.372265688	0.547670194015
31272	CHEMICAL	17.1239962557	0.567667351122
61052	CHEMICAL	17.3369344017	0.57324965829
439570	CHEMICAL	18.0932382495	0.592783421839
8091	CHEMICAL	16.4921619164	0.550889914786
61325	CHEMICAL	17.8803924197	0.587332323556
220674	CHEMICAL	17.6953774352	0.582564544377
15606	CHEMICAL	16.8792855592	0.561207309971
7792	CHEMICAL	16.7515648601	0.557816624298
7151	CHEMICAL	17.6858384896	0.582317986351
