#oID	descriptor	value	sigma
520191	INTENSITY/STRENGTH	55.785880475	0.986609434851
1110	INTENSITY/STRENGTH	47.1898799908	0.996841290214
12178	INTENSITY/STRENGTH	54.752949035	0.990963790188
8078	INTENSITY/STRENGTH	45.713195976	0.992649324504
7820	INTENSITY/STRENGTH	51.5615213279	0.999024660457
521238	INTENSITY/STRENGTH	49.1035668316	0.99967856303
7122	INTENSITY/STRENGTH	45.9721936172	0.993510710297
9589	INTENSITY/STRENGTH	58.8698396834	0.968530377596
24020	INTENSITY/STRENGTH	60.2414073302	0.958045430359
33032	INTENSITY/STRENGTH	46.8581784123	0.996051582845
8914	INTENSITY/STRENGTH	50.9489040902	0.999639832411
8082	INTENSITY/STRENGTH	46.5394856724	0.995209936235
6943	INTENSITY/STRENGTH	54.0127892545	0.99355900896
660	INTENSITY/STRENGTH	49.9257451467	0.999997794487
170833	INTENSITY/STRENGTH	48.4156790585	0.998995970862
11428	INTENSITY/STRENGTH	32.6031882169	0.878940375914
15037	INTENSITY/STRENGTH	51.3661553065	0.999253447871
11529	INTENSITY/STRENGTH	56.9163542471	0.980865617571
14328	INTENSITY/STRENGTH	46.7802425469	0.995853264777
7409	INTENSITY/STRENGTH	59.3685508525	0.96489210197
6213	INTENSITY/STRENGTH	36.0854286929	0.922553882136
7059	INTENSITY/STRENGTH	50.7725686306	0.999761255084
261	INTENSITY/STRENGTH	35.3867237153	0.914580862491
17617	INTENSITY/STRENGTH	45.7376923157	0.992733093282
7335	INTENSITY/STRENGTH	46.5457508641	0.995227265163
8697	INTENSITY/STRENGTH	55.4034291213	0.988321181493
7654	INTENSITY/STRENGTH	47.6435038125	0.997778770287
957	INTENSITY/STRENGTH	54.1784758091	0.993016135965
7136	INTENSITY/STRENGTH	43.2119644128	0.981569029147
31249	INTENSITY/STRENGTH	49.0216047761	0.999617097114
1183	INTENSITY/STRENGTH	50.713687495	0.999796260064
7915	INTENSITY/STRENGTH	31.9320382064	0.86941950265
31244	INTENSITY/STRENGTH	54.1243451383	0.993195910872
8125	INTENSITY/STRENGTH	46.3523025395	0.994677721295
31265	INTENSITY/STRENGTH	53.3010199883	0.995641306815
21057	INTENSITY/STRENGTH	48.4045421341	0.998981805679
807	INTENSITY/STRENGTH	66.1836734694	0.895235485214
1068	INTENSITY/STRENGTH	37.0761563296	0.933189705913
356	INTENSITY/STRENGTH	45.2178158829	0.990852286028
875	INTENSITY/STRENGTH	45.483794542	0.991841555304
14257	INTENSITY/STRENGTH	48.4198359849	0.999001232674
13204	INTENSITY/STRENGTH	56.7632361729	0.981703454588
16324	INTENSITY/STRENGTH	58.5191360192	0.970969728595
6106	INTENSITY/STRENGTH	55.8190279667	0.986455565409
61918	INTENSITY/STRENGTH	49.2600977901	0.999781017888
8122	INTENSITY/STRENGTH	32.4475169964	0.876764136163
4133	INTENSITY/STRENGTH	51.4947710322	0.999106263824
14514	INTENSITY/STRENGTH	57.9998408877	0.974401018308
98330	INTENSITY/STRENGTH	47.928290795	0.998283208388
11583	INTENSITY/STRENGTH	53.0441810212	0.996293184764
22310	INTENSITY/STRENGTH	47.8245350425	0.998106940887
1551246	INTENSITY/STRENGTH	51.5932789157	0.998984584919
6050	INTENSITY/STRENGTH	36.8918199313	0.931270246115
31272	INTENSITY/STRENGTH	45.0898983618	0.990356360761
61052	INTENSITY/STRENGTH	44.3738229328	0.987338452643
439570	INTENSITY/STRENGTH	51.1817328108	0.999441403026
8091	INTENSITY/STRENGTH	51.2012615677	0.999422788258
61325	INTENSITY/STRENGTH	53.5347149216	0.995002316169
220674	INTENSITY/STRENGTH	44.6756873994	0.988660678133
15606	INTENSITY/STRENGTH	48.6312794042	0.999250641572
7792	INTENSITY/STRENGTH	50.3628997097	0.99994732152
7151	INTENSITY/STRENGTH	51.5673320678	0.999017388076
61527	VALENCE/PLEASANTNESS	45.5340098507	0.992021972795
520191	VALENCE/PLEASANTNESS	25.84612761	0.766636179428
1110	VALENCE/PLEASANTNESS	44.5220434832	0.98799679696
12178	VALENCE/PLEASANTNESS	47.2457418794	0.996965624882
1549026	VALENCE/PLEASANTNESS	46.0700537173	0.993822208886
8078	VALENCE/PLEASANTNESS	44.3950649849	0.987433881391
7820	VALENCE/PLEASANTNESS	45.6926574966	0.992578720223
521238	VALENCE/PLEASANTNESS	48.4006100715	0.998976780743
7122	VALENCE/PLEASANTNESS	45.2760096626	0.991073566117
9589	VALENCE/PLEASANTNESS	44.872443848	0.989483267163
24020	VALENCE/PLEASANTNESS	47.9379765535	0.998299223722
33032	VALENCE/PLEASANTNESS	45.7591830376	0.992806188596
8914	VALENCE/PLEASANTNESS	45.7173029531	0.992663402402
8082	VALENCE/PLEASANTNESS	44.241733074	0.986736944804
6943	VALENCE/PLEASANTNESS	44.2185696197	0.986630025103
660	VALENCE/PLEASANTNESS	45.0293752551	0.990117155858
170833	VALENCE/PLEASANTNESS	46.9047064126	0.996167663043
11428	VALENCE/PLEASANTNESS	47.0031264752	0.996407499631
7144	VALENCE/PLEASANTNESS	45.0603029608	0.990239757264
15037	VALENCE/PLEASANTNESS	44.5749043082	0.988227334694
11529	VALENCE/PLEASANTNESS	47.2652872625	0.997008538497
14328	VALENCE/PLEASANTNESS	45.8129154963	0.992987329343
7409	VALENCE/PLEASANTNESS	46.2175819846	0.994277325583
6213	VALENCE/PLEASANTNESS	32.4571982227	0.87690004232
7059	VALENCE/PLEASANTNESS	44.5877527158	0.988283031734
261	VALENCE/PLEASANTNESS	44.1332589686	0.986232539868
17617	VALENCE/PLEASANTNESS	45.9525870683	0.993447379424
7335	VALENCE/PLEASANTNESS	47.0677427962	0.996560747076
8697	VALENCE/PLEASANTNESS	38.3888413448	0.946072397874
263	VALENCE/PLEASANTNESS	45.8713291166	0.993181630695
7654	VALENCE/PLEASANTNESS	47.1383190587	0.996724312876
957	VALENCE/PLEASANTNESS	45.9352380334	0.993391084062
7136	VALENCE/PLEASANTNESS	45.6991675539	0.992601136108
31249	VALENCE/PLEASANTNESS	50.6960152563	0.999806225105
1183	VALENCE/PLEASANTNESS	55.4209010116	0.988245532889
10430	VALENCE/PLEASANTNESS	44.2871186862	0.986945194838
7915	VALENCE/PLEASANTNESS	49.4952652109	0.999898097117
31244	VALENCE/PLEASANTNESS	53.9987785656	0.993603907993
6501	VALENCE/PLEASANTNESS	50.3612538233	0.99994779827
8125	VALENCE/PLEASANTNESS	44.8201783205	0.989267778947
31265	VALENCE/PLEASANTNESS	48.4832666604	0.999079807991
21057	VALENCE/PLEASANTNESS	45.7376222603	0.992732854402
807	VALENCE/PLEASANTNESS	31.5306122449	0.863552686381
1068	VALENCE/PLEASANTNESS	30.2000820837	0.843185300203
356	VALENCE/PLEASANTNESS	45.0424156387	0.99016894292
875	VALENCE/PLEASANTNESS	44.2510860284	0.986779995259
14257	VALENCE/PLEASANTNESS	44.5306918443	0.988034667319
13204	VALENCE/PLEASANTNESS	48.8213959964	0.999444357041
526618	VALENCE/PLEASANTNESS	32.8917224782	0.882922736094
16324	VALENCE/PLEASANTNESS	45.6011918003	0.992260194569
6106	VALENCE/PLEASANTNESS	35.9308526545	0.920823637188
61918	VALENCE/PLEASANTNESS	44.7649302313	0.989037617807
8122	VALENCE/PLEASANTNESS	47.1717525637	0.996800406576
4133	VALENCE/PLEASANTNESS	45.1196590047	0.990472908708
14514	VALENCE/PLEASANTNESS	45.0773855801	0.990307146909
98330	VALENCE/PLEASANTNESS	37.2788480247	0.935268916968
11583	VALENCE/PLEASANTNESS	45.2436859544	0.99095099068
22310	VALENCE/PLEASANTNESS	52.6381457215	0.997216074861
1551246	VALENCE/PLEASANTNESS	45.611929243	0.992297934012
6050	VALENCE/PLEASANTNESS	45.548020086	0.992071949938
31272	VALENCE/PLEASANTNESS	47.2798898341	0.997040400274
61052	VALENCE/PLEASANTNESS	47.0471093509	0.996512174726
439570	VALENCE/PLEASANTNESS	45.1890960168	0.990742081146
8091	VALENCE/PLEASANTNESS	45.6610731186	0.992469485407
61325	VALENCE/PLEASANTNESS	50.0033897033	0.999999995404
220674	VALENCE/PLEASANTNESS	47.6666593919	0.997822208643
15606	VALENCE/PLEASANTNESS	45.4987965967	0.991895667169
7792	VALENCE/PLEASANTNESS	45.6648233527	0.992482497375
7151	VALENCE/PLEASANTNESS	45.1998996183	0.99078361453
61527	BAKERY	4.07222320502	0.156255727468
520191	BAKERY	4.1522113677	0.159192111011
1110	BAKERY	3.11073327887	0.120558666542
12178	BAKERY	3.0436175677	0.118039259548
1549026	BAKERY	3.1840938196	0.123308371403
8078	BAKERY	2.84070179996	0.110400237312
7820	BAKERY	3.18764232975	0.123441267741
521238	BAKERY	2.9950048388	0.116212171958
7122	BAKERY	3.86703975611	0.148699991654
9589	BAKERY	4.45160316513	0.170137418309
24020	BAKERY	3.36293447492	0.129993647684
33032	BAKERY	4.85819839009	0.184887098965
8914	BAKERY	2.56978570271	0.100149908685
8082	BAKERY	2.55507428275	0.0995916094737
6943	BAKERY	3.9939097179	0.153375862782
660	BAKERY	3.80288947602	0.146330791694
170833	BAKERY	3.24738154117	0.125677066897
11428	BAKERY	3.16338174206	0.122532476064
7144	BAKERY	8.08339737506	0.297199369753
15037	BAKERY	3.46080082333	0.133641175998
11529	BAKERY	3.03765210017	0.117815151894
14328	BAKERY	4.53361730339	0.173123217794
7409	BAKERY	3.62669659816	0.139806692641
6213	BAKERY	3.44496327169	0.13305142209
7059	BAKERY	4.0346316283	0.154873964182
261	BAKERY	3.40116421767	0.131419401492
17617	BAKERY	3.13918884029	0.121625750982
7335	BAKERY	3.47939625694	0.134333370953
8697	BAKERY	3.0336485179	0.117664731384
263	BAKERY	2.94955355877	0.114502195872
7654	BAKERY	3.59610517149	0.138671417898
957	BAKERY	2.60916683161	0.101643572642
7136	BAKERY	4.45320976558	0.170195959737
31249	BAKERY	3.23866312292	0.125350949387
1183	BAKERY	15.5936614164	0.526481546107
10430	BAKERY	3.31947608806	0.128371474923
7915	BAKERY	3.46196396923	0.133684480959
31244	BAKERY	5.61273715083	0.211908358703
6501	BAKERY	3.64582440827	0.140516162084
8125	BAKERY	2.70982582651	0.105455770656
31265	BAKERY	3.04580962851	0.118121602623
21057	BAKERY	3.07401394885	0.119180733251
807	BAKERY	0.122448979592	0.00489196168264
1068	BAKERY	3.20743602426	0.124182382631
356	BAKERY	2.64657798439	0.103061369365
875	BAKERY	7.32919126805	0.271680832865
14257	BAKERY	2.55851118589	0.0997220556404
13204	BAKERY	3.76047753679	0.14476262495
526618	BAKERY	3.74571606874	0.144216487202
16324	BAKERY	3.22211432009	0.124731764527
6106	BAKERY	5.27223282384	0.199770737374
61918	BAKERY	4.42507988568	0.169170662629
8122	BAKERY	2.83146597109	0.110051759025
4133	BAKERY	4.30120398567	0.164648017136
14514	BAKERY	4.31784915681	0.165256437736
98330	BAKERY	3.63177265335	0.139994997092
11583	BAKERY	3.13941975283	0.121634407559
22310	BAKERY	5.01245334609	0.190448258425
1551246	BAKERY	3.15637671105	0.122269982865
6050	BAKERY	3.05324578437	0.118400907447
31272	BAKERY	3.1931212754	0.123646441624
61052	BAKERY	3.36238054754	0.129972980723
439570	BAKERY	3.62799035667	0.139854688655
8091	BAKERY	2.79585309751	0.108707406083
61325	BAKERY	3.84502445389	0.147887292935
220674	BAKERY	3.29665089123	0.12751887281
15606	BAKERY	2.75771512985	0.107266608099
7792	BAKERY	3.00737299979	0.116677203047
7151	BAKERY	3.96037646442	0.152141225881
61527	SWEET	13.1295707724	0.456228579428
520191	SWEET	12.9224460218	0.450101996396
1110	SWEET	11.9572340772	0.421099184376
12178	SWEET	14.1582732113	0.486148248322
1549026	SWEET	15.1124633857	0.513143915594
8078	SWEET	12.1870757741	0.428073104595
7820	SWEET	22.4417782735	0.69621776611
521238	SWEET	18.2800410997	0.597537682945
7122	SWEET	18.6516783429	0.606913091713
9589	SWEET	12.3344464102	0.432522429109
24020	SWEET	33.3889030658	0.889628583457
33032	SWEET	17.022360509	0.56499011744
8914	SWEET	12.4005789251	0.434513413932
8082	SWEET	10.8659513531	0.387410494601
6943	SWEET	12.4882048697	0.437146090442
660	SWEET	13.1824031199	0.457785823991
170833	SWEET	12.3978028661	0.434429908281
11428	SWEET	12.0784330634	0.424781904429
7144	SWEET	15.5643865295	0.525675409964
15037	SWEET	12.2113758733	0.428807954644
11529	SWEET	29.6374955707	0.834147365346
14328	SWEET	14.1186235429	0.485010729419
7409	SWEET	11.9015008742	0.419401745745
6213	SWEET	12.0738991724	0.424644350405
7059	SWEET	12.4537260621	0.436110925352
261	SWEET	13.1398891965	0.456532892623
17617	SWEET	14.3071693805	0.490408736947
7335	SWEET	12.7794136446	0.445851180544
8697	SWEET	21.5862891107	0.677064413401
263	SWEET	13.4853372242	0.466671760947
7654	SWEET	14.5733716822	0.497981602413
957	SWEET	13.6210307068	0.470628237267
7136	SWEET	15.2438231071	0.516803267115
31249	SWEET	25.9031643152	0.767737003992
1183	SWEET	26.4997592625	0.779095474111
10430	SWEET	12.4863255747	0.437089692444
7915	SWEET	13.4741783718	0.466345741755
31244	SWEET	16.1809893806	0.542509808291
6501	SWEET	15.0210069604	0.510588018374
8125	SWEET	12.9490414545	0.450890588343
31265	SWEET	36.323607241	0.925182512441
21057	SWEET	12.753299559	0.445073322504
807	SWEET	2.77551020408	0.107939025406
1068	SWEET	10.5822344401	0.378495903306
356	SWEET	14.1795027529	0.486756790787
875	SWEET	17.1155458399	0.567445069837
14257	SWEET	12.6898355394	0.443180651169
13204	SWEET	14.1710662821	0.486515003454
526618	SWEET	17.8245786886	0.585896905372
16324	SWEET	26.2398450665	0.774182015015
6106	SWEET	18.7094606839	0.608360859723
61918	SWEET	12.5219739168	0.438159024363
8122	SWEET	14.2149805774	0.48777295397
4133	SWEET	13.9598857399	0.480444065649
14514	SWEET	13.0187242975	0.452954098966
98330	SWEET	11.826984332	0.417128349924
11583	SWEET	19.3627810282	0.624544325469
22310	SWEET	12.3783130836	0.433843469425
1551246	SWEET	18.4142973013	0.600937354011
6050	SWEET	14.616542955	0.499204387017
31272	SWEET	18.5525879726	0.604424110711
61052	SWEET	15.242217305	0.516758616852
439570	SWEET	12.5306517791	0.438419177561
8091	SWEET	18.5474715599	0.604295381889
61325	SWEET	16.7660767299	0.558202537632
220674	SWEET	12.7661289456	0.44545553852
15606	SWEET	16.5496894141	0.552430688683
7792	SWEET	14.3181200709	0.49072137789
7151	SWEET	12.7920688738	0.446227944523
61527	FRUIT	5.37627861903	0.203489396045
520191	FRUIT	5.30706383584	0.20101658281
1110	FRUIT	6.27943153703	0.23540475731
12178	FRUIT	7.96590262101	0.293253863013
1549026	FRUIT	8.41605222708	0.308310115048
8078	FRUIT	3.84142602731	0.147754419523
7820	FRUIT	8.39597025611	0.307641883628
521238	FRUIT	11.4029703375	0.404107720492
7122	FRUIT	6.96254982857	0.259111153097
9589	FRUIT	4.84421723479	0.184382113144
24020	FRUIT	15.8410882116	0.533267498172
33032	FRUIT	3.20424177515	0.124062804864
8914	FRUIT	6.67579311992	0.249205239285
8082	FRUIT	3.47748494411	0.13426223715
6943	FRUIT	4.27427125262	0.163663092208
660	FRUIT	4.61244329629	0.175987878587
170833	FRUIT	5.05260764856	0.191892768322
11428	FRUIT	6.06719190218	0.227963349056
7144	FRUIT	4.33587389636	0.165915034876
15037	FRUIT	4.4037246284	0.168391868895
11529	FRUIT	13.5171667078	0.467601149988
14328	FRUIT	5.28910489171	0.200374343446
7409	FRUIT	4.32267459315	0.165432777471
6213	FRUIT	5.21733584086	0.197805196324
7059	FRUIT	4.12118040236	0.158053564931
261	FRUIT	6.47355067431	0.242179283639
17617	FRUIT	7.29484993407	0.270508063139
7335	FRUIT	5.57224707109	0.210469907875
8697	FRUIT	4.47463091803	0.17097630798
263	FRUIT	7.25085717126	0.269004314963
7654	FRUIT	6.39903094917	0.239582199131
957	FRUIT	7.63566256499	0.282105165477
7136	FRUIT	5.83826076312	0.21989631503
31249	FRUIT	15.7353955764	0.530374753478
1183	FRUIT	4.70849243574	0.179471737023
10430	FRUIT	1.13775391767	0.0449923631161
7915	FRUIT	6.94734662998	0.258587615121
31244	FRUIT	4.90612891515	0.186617116233
6501	FRUIT	6.8507782151	0.255257863743
8125	FRUIT	7.18509950416	0.266753718212
31265	FRUIT	21.6603110191	0.678744811387
21057	FRUIT	6.63745115365	0.247875743019
807	FRUIT	2.04081632653	0.0799666805497
1068	FRUIT	4.36521538498	0.166986573256
356	FRUIT	8.19743508433	0.301018226589
875	FRUIT	5.45376190058	0.206253068476
14257	FRUIT	7.04158145894	0.261829710581
13204	FRUIT	5.01332963875	0.190479795923
526618	FRUIT	4.26458363484	0.163308675962
16324	FRUIT	10.8982875754	0.388422434187
6106	FRUIT	3.35116725929	0.129554561572
61918	FRUIT	5.39918905949	0.20430706538
8122	FRUIT	8.05552207278	0.296264308565
4133	FRUIT	5.06255852596	0.192250541507
14514	FRUIT	5.25012241086	0.198979382303
98330	FRUIT	4.02848410989	0.154647890706
11583	FRUIT	12.5304731976	0.438413824482
22310	FRUIT	5.04304126266	0.191548744436
1551246	FRUIT	7.79048614329	0.287342775992
6050	FRUIT	8.41300071998	0.308208596353
31272	FRUIT	12.0549004015	0.424067766584
61052	FRUIT	7.32026633774	0.271376133807
439570	FRUIT	5.01902627141	0.190684800971
8091	FRUIT	11.753397668	0.414878964022
61325	FRUIT	5.17096045604	0.196142885426
220674	FRUIT	5.66414866155	0.213732914438
15606	FRUIT	10.072635992	0.362322241348
7792	FRUIT	7.40079730311	0.274123171836
7151	FRUIT	5.12462618996	0.194480330164
61527	FISH	1.00044186871	0.0396173211755
520191	FISH	3.95449339891	0.15192452874
1110	FISH	1.30696160849	0.0515952048813
12178	FISH	1.15295998238	0.045586672607
1549026	FISH	1.10262101851	0.0436185314963
8078	FISH	1.32258028406	0.0522035239193
7820	FISH	1.09643049476	0.0433763558585
521238	FISH	1.00650325204	0.039854910563
7122	FISH	1.15868850259	0.045810516485
9589	FISH	1.15860556147	0.0458072757198
24020	FISH	1.0688468769	0.0422969016175
33032	FISH	1.25292441426	0.0494890487354
8914	FISH	0.99986092131	0.0395945481076
8082	FISH	1.61367745584	0.0635055162612
6943	FISH	1.21073160748	0.0478429158889
660	FISH	1.33393199082	0.0526455298104
170833	FISH	1.02843339189	0.0407142655789
11428	FISH	1.18438190814	0.0468141721238
7144	FISH	1.10669530095	0.0437779022422
15037	FISH	1.4416890688	0.0568361758035
11529	FISH	1.08678051194	0.0429987837251
14328	FISH	1.07518362373	0.0425449370193
7409	FISH	1.32747951083	0.0523942996925
6213	FISH	4.77201646522	0.181771802151
7059	FISH	1.23565269783	0.0488153728774
261	FISH	2.09455516753	0.0820273421613
17617	FISH	1.10073653745	0.0435448131281
7335	FISH	1.01858504083	0.0403283954391
8697	FISH	1.09832107305	0.0434503192502
263	FISH	1.28221835495	0.0506311006342
7654	FISH	1.27173906919	0.0502226346635
957	FISH	1.0254239381	0.0405963598229
7136	FISH	1.11057122888	0.0439295017735
31249	FISH	1.07310712362	0.0424636613853
1183	FISH	1.10651407104	0.0437708134858
10430	FISH	1.1732745904	0.0463803543102
7915	FISH	1.03790780414	0.0410854111218
31244	FISH	1.15855498693	0.045805299614
6501	FISH	1.16375177858	0.0460083438624
8125	FISH	1.16989438768	0.046248314356
31265	FISH	1.03303200227	0.0408944180436
21057	FISH	1.20155933814	0.0474848755884
807	FISH	3.02040816327	0.117167180342
1068	FISH	6.04899386087	0.227323623743
356	FISH	1.0299020778	0.0407718037961
875	FISH	1.20121726605	0.047471521474
14257	FISH	0.96300309391	0.0381491737729
13204	FISH	1.21467380211	0.0479967791063
526618	FISH	5.51961518329	0.208598146623
16324	FISH	1.17588023405	0.0464821316321
6106	FISH	1.14858331268	0.0454156350567
61918	FISH	1.0839818699	0.0428892681182
8122	FISH	0.946991515518	0.0375209434485
4133	FISH	1.14878852417	0.0454236549376
14514	FISH	1.0907580813	0.0431544219753
98330	FISH	4.92819768751	0.187413054521
11583	FISH	1.18504980048	0.0468402548073
22310	FISH	1.03925502347	0.0411381805372
1551246	FISH	1.15848408186	0.0458025291272
6050	FISH	1.08171023563	0.0428003706117
31272	FISH	1.09222547963	0.0432118365857
61052	FISH	1.24061944912	0.0490091233179
439570	FISH	1.07739051683	0.0426313125428
8091	FISH	1.01109356744	0.0400348186167
61325	FISH	1.01256512243	0.0400924896464
220674	FISH	0.979338618112	0.0387899030729
15606	FISH	0.997551092674	0.0395040004339
7792	FISH	1.12002322377	0.044299148142
7151	FISH	1.14729645912	0.0453653426986
61527	GARLIC	2.77016818082	0.107737194533
520191	GARLIC	2.89382755151	0.112403406901
1110	GARLIC	3.09256311063	0.119876945788
12178	GARLIC	3.45862909892	0.133560317859
1549026	GARLIC	2.77093735053	0.107766256501
8078	GARLIC	4.28418852441	0.164025832451
7820	GARLIC	2.87331432219	0.11163019881
521238	GARLIC	2.66959792722	0.103933215852
7122	GARLIC	2.70330329198	0.105208992204
9589	GARLIC	2.90794048549	0.112935172273
24020	GARLIC	2.84698467669	0.110637258368
33032	GARLIC	3.01906726853	0.117116783873
8914	GARLIC	2.99313435474	0.116141832883
8082	GARLIC	4.64505815736	0.17717170018
6943	GARLIC	2.77994258958	0.108106471263
660	GARLIC	2.79385144651	0.108631815498
170833	GARLIC	3.34545708997	0.129341450342
11428	GARLIC	3.3681131863	0.130186852878
7144	GARLIC	2.7545673089	0.107147635932
15037	GARLIC	3.03868951395	0.117854126973
11529	GARLIC	2.69747326432	0.104988385768
14328	GARLIC	2.74025532176	0.106606613179
7409	GARLIC	2.85753876025	0.111035339304
6213	GARLIC	3.03428646858	0.117688700994
7059	GARLIC	2.87765438127	0.111793817355
261	GARLIC	3.07484560426	0.119211953974
17617	GARLIC	3.48546201028	0.134559102241
7335	GARLIC	2.85865512904	0.111077441503
8697	GARLIC	2.9275563541	0.113674019681
263	GARLIC	4.98135354924	0.189328588697
7654	GARLIC	2.7685743057	0.107676970753
957	GARLIC	3.14890183948	0.121989840461
7136	GARLIC	2.71994929409	0.105838722099
31249	GARLIC	2.69642093524	0.104948563066
1183	GARLIC	2.70359931338	0.105220192836
10430	GARLIC	3.13652960649	0.121526057071
7915	GARLIC	2.85413378551	0.110906919554
31244	GARLIC	2.68230217165	0.10441418889
6501	GARLIC	2.69392809747	0.104854224461
8125	GARLIC	2.77877071693	0.108062201998
31265	GARLIC	2.6173618005	0.101954238902
21057	GARLIC	3.07300729418	0.119142942235
807	GARLIC	1.16326530612	0.0459893377758
1068	GARLIC	8.84479686426	0.322499701942
356	GARLIC	2.84119412179	0.110418811256
875	GARLIC	2.97779316061	0.115564825582
14257	GARLIC	2.70737722881	0.105363132569
13204	GARLIC	3.5143049293	0.135632061517
526618	GARLIC	6.84660004404	0.255113628896
16324	GARLIC	2.76582523777	0.107573093812
6106	GARLIC	3.00971745812	0.116765338654
61918	GARLIC	2.88022990859	0.111890906613
8122	GARLIC	2.60609583391	0.101527139158
4133	GARLIC	2.7467093599	0.106850609473
14514	GARLIC	2.78823112437	0.108419551854
98330	GARLIC	7.01575980809	0.26094203805
11583	GARLIC	2.94547279815	0.114348587924
22310	GARLIC	3.10861581629	0.120479235734
1551246	GARLIC	2.99353127406	0.116156759167
6050	GARLIC	2.69107539646	0.104746261143
31272	GARLIC	2.76177672017	0.107420104546
61052	GARLIC	2.71148845897	0.105518670494
439570	GARLIC	2.94699615244	0.114405931569
8091	GARLIC	2.65773109439	0.103483829948
61325	GARLIC	2.78372353252	0.108249294619
220674	GARLIC	3.01727866788	0.117049558492
15606	GARLIC	2.6487737809	0.103144550219
7792	GARLIC	3.24139430338	0.125453117323
7151	GARLIC	2.86886923648	0.111462605181
61527	SPICES	6.91649078303	0.257524493421
520191	SPICES	6.93212664861	0.258063313996
1110	SPICES	5.71160711057	0.215415302109
12178	SPICES	5.92806979903	0.223065987344
1549026	SPICES	5.82321216378	0.219364566589
8078	SPICES	6.70902903328	0.250356733103
7820	SPICES	5.83573254478	0.219806992057
521238	SPICES	5.55065123706	0.20970215782
7122	SPICES	7.0942609255	0.263639021788
9589	SPICES	6.81545541267	0.254038043514
24020	SPICES	5.91498362093	0.222604532343
33032	SPICES	5.74229816137	0.216502331185
8914	SPICES	5.20255756952	0.197275660675
8082	SPICES	6.53766289284	0.244410101273
6943	SPICES	10.6411819343	0.380353376189
660	SPICES	7.26536097963	0.269500251119
170833	SPICES	6.5422951011	0.244571153968
11428	SPICES	6.14217584704	0.230596504227
7144	SPICES	9.66222565899	0.349145584486
15037	SPICES	6.94535789449	0.258519117266
11529	SPICES	5.48441330482	0.207345016473
14328	SPICES	7.43698433527	0.27535587901
7409	SPICES	8.01304009133	0.294838079051
6213	SPICES	6.12872008756	0.230124319538
7059	SPICES	8.08964211752	0.297408760865
261	SPICES	5.76660783747	0.217362807118
17617	SPICES	6.02877428485	0.226612523643
7335	SPICES	6.39761599777	0.239532843729
8697	SPICES	5.68392283379	0.214434121839
263	SPICES	5.77381720661	0.21761790221
7654	SPICES	6.57699149228	0.245776932856
957	SPICES	5.26205229068	0.199406413903
7136	SPICES	7.22470343449	0.268109601493
31249	SPICES	5.59063086664	0.211123173271
1183	SPICES	8.16708061065	0.300002742146
10430	SPICES	6.54329743649	0.244606000923
7915	SPICES	6.34540684092	0.237710598446
31244	SPICES	7.72361632481	0.285082953339
6501	SPICES	6.50868517265	0.243402213835
8125	SPICES	5.33921139449	0.202165584453
31265	SPICES	5.3767832388	0.203507410353
21057	SPICES	5.77142639315	0.217533310681
807	SPICES	3.83673469388	0.147581174511
1068	SPICES	6.61145719815	0.246973741413
356	SPICES	5.27410845295	0.199837850129
875	SPICES	5.91259852926	0.222520412623
14257	SPICES	5.13147266121	0.194726101779
13204	SPICES	6.70186348994	0.250108549902
526618	SPICES	7.57166069838	0.279934409643
16324	SPICES	5.5865648658	0.210978711832
6106	SPICES	6.34724470071	0.237774781912
61918	SPICES	6.50105315154	0.24313664923
8122	SPICES	5.15493072176	0.195567904572
4133	SPICES	7.33524760688	0.271887561294
14514	SPICES	7.30507175075	0.270857240717
98330	SPICES	7.81920030523	0.288312054844
11583	SPICES	5.5838135591	0.210880952819
22310	SPICES	6.68157911119	0.24940576468
1551246	SPICES	6.08961911167	0.228751380097
6050	SPICES	5.57843032692	0.210689659112
31272	SPICES	5.54751158918	0.209590509634
61052	SPICES	6.27472245076	0.235240041297
439570	SPICES	6.66938497308	0.248983120556
8091	SPICES	5.32271930016	0.201576235707
61325	SPICES	6.74097475427	0.251462693916
220674	SPICES	6.31121906124	0.236516168034
15606	SPICES	5.28271066153	0.200145613688
7792	SPICES	6.22126656529	0.233368999541
7151	SPICES	6.68951940825	0.249680908365
61527	COLD	4.81811866588	0.183439039644
520191	COLD	2.72112672892	0.105883256887
1110	COLD	4.51351435325	0.172391849403
12178	COLD	5.14180715326	0.19509701381
1549026	COLD	4.93327089082	0.18759597096
8078	COLD	7.42973003249	0.275108845957
7820	COLD	4.51558028273	0.172467025193
521238	COLD	4.9216795946	0.187178011771
7122	COLD	4.96149441985	0.188613206043
9589	COLD	4.86402694666	0.185097574611
24020	COLD	4.84732902732	0.184494521613
33032	COLD	4.59459627955	0.175339725193
8914	COLD	5.18790777209	0.196750556063
8082	COLD	6.98731353808	0.259963521332
6943	COLD	5.25152114395	0.199029456028
660	COLD	4.90144550854	0.186448153112
170833	COLD	7.80190710752	0.287728382495
11428	COLD	5.14322753142	0.195147985481
7144	COLD	4.78877861983	0.182378184525
15037	COLD	4.68282266606	0.178541375394
11529	COLD	4.71481034235	0.179700639068
14328	COLD	4.75912417551	0.181305261853
7409	COLD	5.09636221405	0.193465325435
6213	COLD	2.79093415949	0.108521640987
7059	COLD	4.92224082841	0.187198251227
261	COLD	4.8150881536	0.183329496573
17617	COLD	5.10806924368	0.193885821188
7335	COLD	5.46187326246	0.206542106684
8697	COLD	4.95529553928	0.188389840018
263	COLD	4.94459642065	0.188004243321
7654	COLD	4.76055354265	0.181356993693
957	COLD	5.15224364266	0.195471499885
7136	COLD	4.64583955219	0.17720005203
31249	COLD	4.50508183081	0.172084968312
1183	COLD	4.5113577847	0.172313371763
10430	COLD	4.76313697394	0.181450489425
7915	COLD	4.93869158039	0.187791393405
31244	COLD	4.82275046527	0.183606449791
6501	COLD	4.77047850122	0.181716153997
8125	COLD	5.32999956988	0.201836424629
31265	COLD	4.75311282636	0.181087680439
21057	COLD	5.05702491264	0.192051596119
807	COLD	4.51020408163	0.172271386922
1068	COLD	3.00920272853	0.116745988717
356	COLD	5.42348703646	0.205173796805
875	COLD	4.59418703128	0.17532485946
14257	COLD	5.50035502407	0.207912638806
13204	COLD	5.34634059491	0.202420280694
526618	COLD	2.66024695658	0.103579112715
16324	COLD	4.6343028115	0.176781407441
6106	COLD	4.83470704388	0.184038524875
61918	COLD	4.7585618143	0.181284908356
8122	COLD	4.76696383504	0.18158897572
4133	COLD	4.55674296621	0.173964156064
14514	COLD	4.72380125663	0.18002633094
98330	COLD	3.38355641768	0.130762875095
11583	COLD	4.94169685096	0.187899726932
22310	COLD	5.87763424298	0.221286736001
1551246	COLD	5.12832077105	0.19461296127
6050	COLD	4.35396115464	0.166575655091
31272	COLD	4.76945408029	0.181679086322
61052	COLD	4.69336729248	0.178923613082
439570	COLD	5.98127031005	0.224940574593
8091	COLD	4.83370002462	0.184002138614
61325	COLD	4.75771109274	0.181254117773
220674	COLD	7.11983772144	0.264516673186
15606	COLD	4.86106582461	0.184990648604
7792	COLD	5.09870967728	0.193549650942
7151	COLD	4.54706256976	0.173612191585
61527	SOUR	8.56242511715	0.313170955131
520191	SOUR	8.59806172128	0.314351802706
1110	SOUR	16.0026435528	0.537671901841
12178	SOUR	8.18137963553	0.300481196325
1549026	SOUR	9.4334365816	0.341741572969
8078	SOUR	6.66564640924	0.248853519549
7820	SOUR	9.87975575054	0.356146400545
521238	SOUR	8.05344566844	0.296194631884
7122	SOUR	7.91896565842	0.291674619497
9589	SOUR	8.36362514735	0.306564915652
24020	SOUR	8.47414255904	0.310241265517
33032	SOUR	12.3886832985	0.434155542392
8914	SOUR	8.3576213932	0.306364921587
8082	SOUR	7.36922554657	0.2730468278
6943	SOUR	7.83215266789	0.28874906055
660	SOUR	7.45830561541	0.276081695555
170833	SOUR	8.16472002804	0.299923739867
11428	SOUR	8.26096984925	0.30314134483
7144	SOUR	7.88405608407	0.290498907228
15037	SOUR	7.86796226204	0.289956558419
11529	SOUR	8.752538234	0.319458759145
14328	SOUR	8.20849323961	0.301387985078
7409	SOUR	7.39776362857	0.274019782461
6213	SOUR	9.59758991169	0.347058103622
7059	SOUR	7.64014312314	0.282257010149
261	SOUR	13.9827099286	0.481101926365
17617	SOUR	9.14073262281	0.33220810776
7335	SOUR	8.29695957114	0.304342567596
8697	SOUR	14.0590978857	0.483300622085
263	SOUR	8.84591234265	0.322536427636
7654	SOUR	7.93668869828	0.292271136934
957	SOUR	8.38703396184	0.307344423003
7136	SOUR	8.47668108795	0.310325594611
31249	SOUR	7.67946093093	0.283588789161
1183	SOUR	7.79090966057	0.287357077087
10430	SOUR	13.2991859376	0.461220098863
7915	SOUR	7.47584502556	0.276678497484
31244	SOUR	7.75255562768	0.286061377603
6501	SOUR	7.18018179147	0.266585267435
8125	SOUR	9.67016008103	0.349401604844
31265	SOUR	8.43115547193	0.30881246584
21057	SOUR	9.00032350513	0.327610610926
807	SOUR	9.73469387755	0.351482049146
1068	SOUR	10.4575722132	0.374558561892
356	SOUR	9.06882217185	0.32985547264
875	SOUR	9.79178914243	0.353319911853
14257	SOUR	8.90708261183	0.324548856212
13204	SOUR	7.2488317962	0.268935046884
526618	SOUR	8.41707424647	0.308344114311
16324	SOUR	10.4982974188	0.375846197274
6106	SOUR	12.581540932	0.439943568389
61918	SOUR	8.72022423789	0.318392045212
8122	SOUR	8.12599948679	0.298627232408
4133	SOUR	8.10650655286	0.297974082718
14514	SOUR	8.43204302884	0.308841981298
98330	SOUR	7.99548455394	0.294248272857
11583	SOUR	10.081244489	0.36259718338
22310	SOUR	6.06970555429	0.228051691965
1551246	SOUR	9.59721158077	0.34704587518
6050	SOUR	9.41844536793	0.341254969458
31272	SOUR	8.85186315675	0.322732333732
61052	SOUR	7.94766012284	0.292640284342
439570	SOUR	8.41052623045	0.308126268629
8091	SOUR	9.30810170377	0.33766776522
61325	SOUR	7.1519685975	0.265618481972
220674	SOUR	8.04922680254	0.296053051254
15606	SOUR	9.20801363369	0.334405539316
7792	SOUR	8.67611199083	0.316934511922
7151	SOUR	8.38377266534	0.307235848972
61527	BURNT	5.33844618817	0.202138244445
520191	BURNT	11.5200168282	0.407716358038
1110	BURNT	4.8791196386	0.185642462165
12178	BURNT	4.65803031438	0.177642314011
1549026	BURNT	4.52467064589	0.172797768054
8078	BURNT	5.36754178527	0.203177469484
7820	BURNT	4.65106341152	0.177389580117
521238	BURNT	4.55489025687	0.173896800174
7122	BURNT	5.45354486607	0.206245334
9589	BURNT	5.75567685759	0.216975947868
24020	BURNT	4.51117258301	0.172306632091
33032	BURNT	4.93234700723	0.187562661489
8914	BURNT	4.78150561762	0.182115106316
8082	BURNT	5.60033855611	0.211468025467
6943	BURNT	5.66364316432	0.213714985016
660	BURNT	6.00083829682	0.225629507767
170833	BURNT	5.22791821561	0.198184277077
11428	BURNT	4.7590566303	0.181302817208
7144	BURNT	5.69877707368	0.214960658893
15037	BURNT	6.83302791885	0.254645008538
11529	BURNT	4.39715617712	0.168152254107
14328	BURNT	5.36080879054	0.202937043266
7409	BURNT	5.52854188454	0.208915765234
6213	BURNT	5.08202875294	0.192950343619
7059	BURNT	6.12854074484	0.230118025129
261	BURNT	4.73333609685	0.180371655632
17617	BURNT	4.58858238605	0.175121260117
7335	BURNT	5.06581032622	0.192367439344
8697	BURNT	4.65507730412	0.177535194282
263	BURNT	4.63532911345	0.176818654142
7654	BURNT	5.06245234219	0.192246724201
957	BURNT	4.73799329795	0.180540299721
7136	BURNT	5.24894552282	0.198937249272
31249	BURNT	4.46145188652	0.170496254287
1183	BURNT	5.66875247038	0.213896196987
10430	BURNT	4.88563035349	0.185877460559
7915	BURNT	4.72645886461	0.180122589225
31244	BURNT	5.54069323723	0.209348016869
6501	BURNT	5.08753665333	0.193148254454
8125	BURNT	4.58555080626	0.175011121772
31265	BURNT	4.36841664714	0.167103440285
21057	BURNT	4.67941948921	0.178417992866
807	BURNT	5.44897959184	0.206082632237
1068	BURNT	5.02336917711	0.190841071929
356	BURNT	4.54237134474	0.173441598816
875	BURNT	5.23061347339	0.198280812013
14257	BURNT	4.7031047056	0.179276510675
13204	BURNT	6.94720680983	0.25858279941
526618	BURNT	6.14179563128	0.230583163821
16324	BURNT	4.40122896959	0.168300832206
6106	BURNT	4.92499232333	0.187297473179
61918	BURNT	5.82533027393	0.219439421837
8122	BURNT	4.69222747538	0.178882299543
4133	BURNT	5.47719345646	0.207087878995
14514	BURNT	5.55427985024	0.209831184148
98330	BURNT	6.08760169067	0.228680509889
11583	BURNT	4.52339204435	0.172751251539
22310	BURNT	5.06626188274	0.192383671524
1551246	BURNT	4.65073566979	0.177377689883
6050	BURNT	4.553905504	0.173860998024
31272	BURNT	4.44825277573	0.170015329927
61052	BURNT	4.90337800237	0.186517873761
439570	BURNT	6.05015897457	0.227364589536
8091	BURNT	4.51919436876	0.172598527653
61325	BURNT	6.01631806235	0.226174289283
220674	BURNT	5.0039162952	0.190140980492
15606	BURNT	4.5736548498	0.174578866518
7792	BURNT	4.87350463509	0.185439766432
7151	BURNT	5.54139389108	0.209372937141
61527	ACID	6.72261261618	0.250827096492
520191	ACID	6.73784480789	0.251354371254
1110	ACID	6.43413074519	0.240806014429
12178	ACID	6.79585818015	0.253360851844
1549026	ACID	5.78684456516	0.218078754598
8078	ACID	7.9300090874	0.292046345846
7820	ACID	6.54513945223	0.24467003791
521238	ACID	6.16167123501	0.231280372437
7122	ACID	6.35656112767	0.238100097359
9589	ACID	6.88916361552	0.256582314492
24020	ACID	6.78392085666	0.252948201391
33032	ACID	6.40098282652	0.239650280603
8914	ACID	7.02418193574	0.261231624683
8082	ACID	7.65571268968	0.282784532872
6943	ACID	7.76115268918	0.286351911141
660	ACID	6.85198533118	0.255299532056
170833	ACID	6.77664787554	0.25269673245
11428	ACID	6.85914069157	0.255546503252
7144	ACID	7.18979808198	0.266914644695
15037	ACID	6.94536105992	0.258519226296
11529	ACID	6.25039403949	0.23438879132
14328	ACID	6.53497106272	0.244316503793
7409	ACID	7.43015722806	0.275123394549
6213	ACID	6.70464871927	0.250205022991
7059	ACID	7.24141489386	0.268681359888
261	ACID	6.56958889636	0.245519756548
17617	ACID	5.55201644162	0.209750703038
7335	ACID	6.23884470442	0.233984514878
8697	ACID	6.39140510237	0.239316180422
263	ACID	6.64909805768	0.248279720315
7654	ACID	5.7490226403	0.216740401084
957	ACID	6.92164261117	0.257702049872
7136	ACID	5.79931910783	0.218519923467
31249	ACID	6.51467931798	0.243610754073
1183	ACID	6.62019300468	0.24727693802
10430	ACID	6.80532268044	0.253687940504
7915	ACID	6.86625041622	0.255791858738
31244	ACID	6.85659356902	0.255458592613
6501	ACID	5.54862796132	0.209630209551
8125	ACID	6.6529985792	0.24841498713
31265	ACID	5.91027532081	0.222438471085
21057	ACID	6.61588628407	0.247127470833
807	ACID	16.5714285714	0.553012244897
1068	ACID	6.88957048333	0.256596346755
356	ACID	6.84684527689	0.255122094977
875	ACID	6.33842729016	0.237466827401
14257	ACID	7.05654250543	0.262343783365
13204	ACID	7.50105186005	0.277535762799
526618	ACID	7.03417624202	0.261575195519
16324	ACID	6.43646173938	0.240887253686
6106	ACID	6.67451708393	0.249161012036
61918	ACID	6.87802957223	0.256198266571
8122	ACID	6.20002262668	0.232624792839
4133	ACID	6.94744729345	0.25859108218
14514	ACID	6.99108399513	0.260093257634
98330	ACID	6.65406176404	0.248451855378
11583	ACID	6.66491078298	0.248828017021
22310	ACID	6.73466347199	0.251244262047
1551246	ACID	6.34443519187	0.237676664513
6050	ACID	5.43756215682	0.205675653389
31272	ACID	6.29809849279	0.236057521862
61052	ACID	5.71490126667	0.215532012072
439570	ACID	6.86603037944	0.255784265909
8091	ACID	6.04552162274	0.227201532233
61325	ACID	6.71323199182	0.250502286162
220674	ACID	5.74582955105	0.21662735915
15606	ACID	6.0929774709	0.228869349052
7792	ACID	6.84852899524	0.25518022005
7151	ACID	6.83358290013	0.254664173904
61527	WARM	6.00104027874	0.225636617379
520191	WARM	6.2021991909	0.232701057715
1110	WARM	5.7004213857	0.215018933838
12178	WARM	5.2706367071	0.199713623765
1549026	WARM	5.6104425229	0.211826874795
8078	WARM	5.67640780804	0.21416767008
7820	WARM	5.6695405728	0.213924146789
521238	WARM	5.26885148432	0.199649740987
7122	WARM	6.34749690326	0.237783589355
9589	WARM	6.14168869991	0.230579411962
24020	WARM	5.8157701981	0.219101534725
33032	WARM	5.943763458	0.223619208702
8914	WARM	4.9738332643	0.189057723635
8082	WARM	5.76728999428	0.21738694622
6943	WARM	6.32116206569	0.236863646683
660	WARM	6.60802974403	0.246854766922
170833	WARM	6.07282791684	0.22816142111
11428	WARM	5.34197367943	0.20226427406
7144	WARM	6.73129282239	0.251127591671
15037	WARM	6.41817497427	0.240249810971
11529	WARM	5.27777254571	0.199968948611
14328	WARM	6.50969649343	0.243437400362
7409	WARM	6.17846795249	0.231869331604
6213	WARM	6.18281880136	0.232021852722
7059	WARM	6.29324765126	0.23588791965
261	WARM	5.49863685606	0.207851471332
17617	WARM	5.75330864184	0.216892121542
7335	WARM	5.99702249694	0.225495188346
8697	WARM	5.51207942489	0.208329969161
263	WARM	5.01382381567	0.190497580925
7654	WARM	6.03562839775	0.226853611848
957	WARM	4.97019296586	0.188926591387
7136	WARM	6.42211197148	0.24038706999
31249	WARM	5.63989878721	0.212872568156
1183	WARM	8.74806625552	0.319311184937
10430	WARM	5.64184973636	0.212941802075
7915	WARM	5.54380538592	0.209458704174
31244	WARM	6.89659748726	0.25683867673
6501	WARM	6.70644359294	0.250267189452
8125	WARM	5.07229286741	0.192600452723
31265	WARM	5.33398583162	0.201978871324
21057	WARM	5.29363335882	0.200536312698
807	WARM	5.55102040816	0.209715285298
1068	WARM	5.06360238765	0.19228806785
356	WARM	4.84355847741	0.184358315607
875	WARM	6.89125773412	0.256654536101
14257	WARM	4.9557011087	0.188404454957
13204	WARM	6.54782850937	0.2447635171
526618	WARM	6.72514236666	0.250914678726
16324	WARM	5.4712463873	0.20687604068
6106	WARM	6.01939041609	0.226282392251
61918	WARM	6.07949411099	0.228395664981
8122	WARM	4.99692471005	0.189889285779
4133	WARM	6.72049215602	0.250753680313
14514	WARM	6.08969635645	0.228754093572
98330	WARM	7.51901619196	0.27814640588
11583	WARM	5.14431994603	0.195187186758
22310	WARM	6.29301856202	0.235879909432
1551246	WARM	5.73062580933	0.216089003507
6050	WARM	5.87460475104	0.221179797649
31272	WARM	5.15188072125	0.195458478864
61052	WARM	5.93812827661	0.223420584093
439570	WARM	6.53657309239	0.244372208579
8091	WARM	5.27848892826	0.199994578984
61325	WARM	6.74476131407	0.251593730489
220674	WARM	5.91372333544	0.222560083942
15606	WARM	5.2596772815	0.199321409218
7792	WARM	5.46907283906	0.206798610475
7151	WARM	6.19861226768	0.232575373089
61527	MUSKY	8.02839378709	0.295353708763
520191	MUSKY	8.24783771856	0.30270277793
1110	MUSKY	10.0794376843	0.362539481759
12178	MUSKY	7.67089194266	0.283298644428
1549026	MUSKY	6.9724789484	0.259452972862
8078	MUSKY	6.8773290122	0.256174098751
7820	MUSKY	8.23059719061	0.302126795579
521238	MUSKY	7.11474950499	0.264342115992
7122	MUSKY	8.34206653633	0.305846631815
9589	MUSKY	8.74216557299	0.319116439357
24020	MUSKY	6.88697024794	0.256506666239
33032	MUSKY	9.38019053138	0.340012431493
8914	MUSKY	7.86835820228	0.289969903771
8082	MUSKY	7.3924485582	0.273838624054
6943	MUSKY	8.33656706954	0.30566334258
660	MUSKY	8.40508823305	0.30794532604
170833	MUSKY	7.04208156193	0.261846897387
11428	MUSKY	7.57998450119	0.280216914032
7144	MUSKY	7.988268599	0.294005769876
15037	MUSKY	9.22075697998	0.334821335486
11529	MUSKY	6.94038651925	0.258347874756
14328	MUSKY	7.42000241275	0.274777522188
7409	MUSKY	7.80819999656	0.287940804988
6213	MUSKY	8.0001318712	0.294404430865
7059	MUSKY	8.53165366817	0.312150501001
261	MUSKY	12.3949244747	0.434343317894
17617	MUSKY	7.11461120318	0.264337371098
7335	MUSKY	7.17757267262	0.266495887116
8697	MUSKY	11.9690711043	0.421459378933
263	MUSKY	7.97935114664	0.293706027977
7654	MUSKY	7.25962165156	0.269304023453
957	MUSKY	7.71591143671	0.284822341749
7136	MUSKY	7.41420023046	0.274579863196
31249	MUSKY	6.51679822249	0.243684465271
1183	MUSKY	8.07107202276	0.296785999472
10430	MUSKY	8.61641954859	0.314959707609
7915	MUSKY	7.39744202404	0.274008821562
31244	MUSKY	7.94836181389	0.292663890346
6501	MUSKY	7.40697250354	0.274333603474
8125	MUSKY	8.31311326274	0.304881389662
31265	MUSKY	6.59405810022	0.246369683117
21057	MUSKY	8.48194932455	0.310500587244
807	MUSKY	8.83673469388	0.322234235735
1068	MUSKY	8.36609265827	0.306647103784
356	MUSKY	7.45504666297	0.27597077822
875	MUSKY	8.40850495886	0.308059016097
14257	MUSKY	7.69398254405	0.284080354807
13204	MUSKY	7.74190036807	0.285701206199
526618	MUSKY	8.38456678949	0.307262287481
16324	MUSKY	7.97177416853	0.293451293384
6106	MUSKY	15.4478520547	0.522459628947
61918	MUSKY	8.13902240036	0.299063421761
8122	MUSKY	8.49417696781	0.310906661768
4133	MUSKY	8.64340980205	0.31585297888
14514	MUSKY	8.6442550823	0.315880944921
98330	MUSKY	8.24868831684	0.302731189094
11583	MUSKY	7.97821371601	0.293667791001
22310	MUSKY	7.15598997293	0.26575632192
1551246	MUSKY	7.63728434418	0.282160128906
6050	MUSKY	6.52865768488	0.244096958929
31272	MUSKY	6.87892472595	0.256229146884
61052	MUSKY	7.54149367659	0.278910096314
439570	MUSKY	7.54417612636	0.279001207684
8091	MUSKY	7.60831587745	0.281178046902
61325	MUSKY	7.33446035808	0.271860690825
220674	MUSKY	7.3257115389	0.271562041736
15606	MUSKY	7.6622016253	0.283004331513
7792	MUSKY	7.70249765874	0.284368518277
7151	MUSKY	8.62541678894	0.315257545645
61527	SWEATY	4.23127921059	0.16208967892
520191	SWEATY	4.25577320388	0.16298628593
1110	SWEATY	9.23965256786	0.335437630885
12178	SWEATY	4.94101529788	0.187875159046
1549026	SWEATY	3.30677895085	0.127897243222
8078	SWEATY	3.25141005722	0.125827735345
7820	SWEATY	3.85331638739	0.148193436623
521238	SWEATY	3.98917912777	0.153201745065
7122	SWEATY	3.01901920458	0.1171149774
9589	SWEATY	2.4712918339	0.0964087600246
24020	SWEATY	4.22698115803	0.161932298437
33032	SWEATY	8.08039993534	0.297098852168
8914	SWEATY	4.36776805314	0.167079763019
8082	SWEATY	4.00700708573	0.153857841115
6943	SWEATY	2.38948461968	0.0932955300882
660	SWEATY	3.53909389246	0.136553681467
170833	SWEATY	2.04634740288	0.0801788810378
11428	SWEATY	4.8877586991	0.185954273924
7144	SWEATY	3.57077479619	0.137730818789
15037	SWEATY	4.11327281272	0.157763307216
11529	SWEATY	3.70368603624	0.142660525348
14328	SWEATY	2.51391599077	0.0980287301872
7409	SWEATY	2.373975337	0.0927047099198
6213	SWEATY	4.53367257095	0.173125228046
7059	SWEATY	3.66473947913	0.141217452985
261	SWEATY	5.14731568373	0.19529468385
17617	SWEATY	3.866505629	0.148680278848
7335	SWEATY	3.11841774057	0.120846897941
8697	SWEATY	9.74836206614	0.351922257457
263	SWEATY	5.06800034947	0.192446162962
7654	SWEATY	3.54920790872	0.136929565637
957	SWEATY	4.2485350578	0.162721382257
7136	SWEATY	3.2605477715	0.126169442152
31249	SWEATY	3.9239478014	0.150798965517
1183	SWEATY	2.6240932781	0.102209384911
10430	SWEATY	8.95274918604	0.326049280246
7915	SWEATY	4.82384269046	0.183645924298
31244	SWEATY	2.22122343826	0.0868754041052
6501	SWEATY	3.42716139711	0.132388281788
8125	SWEATY	4.31104106516	0.16500761258
31265	SWEATY	3.92906368774	0.150987530925
21057	SWEATY	4.30786289763	0.164891442807
807	SWEATY	2.24489795918	0.0877800916283
1068	SWEATY	5.06818854195	0.192452927639
356	SWEATY	3.92730963281	0.150922880931
875	SWEATY	4.5939624951	0.175316703241
14257	SWEATY	4.3262393892	0.165563036667
13204	SWEATY	3.88768198216	0.149461650809
526618	SWEATY	4.51330840524	0.172384355105
16324	SWEATY	4.80860630065	0.183095174204
6106	SWEATY	11.075496613	0.39395321443
61918	SWEATY	3.4004996841	0.131394628123
8122	SWEATY	4.44900232101	0.170042644179
4133	SWEATY	3.35823087596	0.129818149192
14514	SWEATY	4.39404439193	0.16803872523
98330	SWEATY	4.06313227951	0.155921673612
11583	SWEATY	5.36538244871	0.20310036642
22310	SWEATY	3.46691283848	0.133868719687
1551246	SWEATY	3.47432803212	0.134144739175
6050	SWEATY	3.96482294262	0.152304989318
31272	SWEATY	3.4253762837	0.132321770274
61052	SWEATY	4.24963519464	0.162761648071
439570	SWEATY	2.84703227256	0.110639053798
8091	SWEATY	3.96746179122	0.152402170423
61325	SWEATY	3.93552026505	0.151225482699
220674	SWEATY	2.79786742934	0.108783472313
15606	SWEATY	4.04164592877	0.155131876425
7792	SWEATY	3.85523630166	0.14826431329
7151	SWEATY	3.15091123746	0.122065152848
61527	AMMONIA/URINOUS	5.71451832618	0.215518445167
520191	AMMONIA/URINOUS	5.83999340947	0.21995752717
1110	AMMONIA/URINOUS	6.17631992239	0.231794025782
12178	AMMONIA/URINOUS	6.36561877093	0.238416309902
1549026	AMMONIA/URINOUS	4.36216626322	0.166875252726
8078	AMMONIA/URINOUS	7.49868292492	0.277455218753
7820	AMMONIA/URINOUS	5.13890560726	0.194992883954
521238	AMMONIA/URINOUS	4.28909855637	0.164205395684
7122	AMMONIA/URINOUS	4.78152252593	0.182115717971
9589	AMMONIA/URINOUS	6.0220215116	0.226374963229
24020	AMMONIA/URINOUS	4.20309633314	0.161057445811
33032	AMMONIA/URINOUS	4.33021712062	0.1657083727
8914	AMMONIA/URINOUS	5.6857856151	0.21450016138
8082	AMMONIA/URINOUS	7.87213356902	0.290097147989
6943	AMMONIA/URINOUS	6.73769820194	0.251349297253
660	AMMONIA/URINOUS	6.621794171	0.247332503623
170833	AMMONIA/URINOUS	5.64778064908	0.213152255459
11428	AMMONIA/URINOUS	6.5340505008	0.244284493653
7144	AMMONIA/URINOUS	6.04726180518	0.227262722071
15037	AMMONIA/URINOUS	5.60667008506	0.211692903625
11529	AMMONIA/URINOUS	4.47835924406	0.171112089155
14328	AMMONIA/URINOUS	4.34390001549	0.166208213682
7409	AMMONIA/URINOUS	6.80446655137	0.253658356035
6213	AMMONIA/URINOUS	5.80172429157	0.218604969761
7059	AMMONIA/URINOUS	5.11511245107	0.194138747888
261	AMMONIA/URINOUS	6.48599262275	0.242612464789
17617	AMMONIA/URINOUS	5.11304775546	0.194064607279
7335	AMMONIA/URINOUS	4.37661967366	0.167402867039
8697	AMMONIA/URINOUS	4.45743392037	0.170349869953
263	AMMONIA/URINOUS	6.69338391939	0.249814801459
7654	AMMONIA/URINOUS	4.96165575553	0.188619019087
957	AMMONIA/URINOUS	5.5459675613	0.209535599976
7136	AMMONIA/URINOUS	4.41755152137	0.168896156277
31249	AMMONIA/URINOUS	4.16128645304	0.159524936144
1183	AMMONIA/URINOUS	5.96190585164	0.224258505512
10430	AMMONIA/URINOUS	6.68894009094	0.249660835821
7915	AMMONIA/URINOUS	6.02029525136	0.226314228089
31244	AMMONIA/URINOUS	3.42211527335	0.132200261756
6501	AMMONIA/URINOUS	4.71735331807	0.179792763792
8125	AMMONIA/URINOUS	5.01717351974	0.190618128739
31265	AMMONIA/URINOUS	4.78030476039	0.182071664975
21057	AMMONIA/URINOUS	4.52181976726	0.172694049087
807	AMMONIA/URINOUS	13.1836734694	0.457823240317
1068	AMMONIA/URINOUS	6.45859501617	0.241658420814
356	AMMONIA/URINOUS	5.25508472015	0.199157022639
875	AMMONIA/URINOUS	6.01867666191	0.226257278972
14257	AMMONIA/URINOUS	5.7280455634	0.215997620145
13204	AMMONIA/URINOUS	6.83229539993	0.254619711824
526618	AMMONIA/URINOUS	6.3857197438	0.239117823093
16324	AMMONIA/URINOUS	4.37255596092	0.167254540184
6106	AMMONIA/URINOUS	6.2733599907	0.235192381399
61918	AMMONIA/URINOUS	5.81486728212	0.219069618681
8122	AMMONIA/URINOUS	5.91456634837	0.222589815899
4133	AMMONIA/URINOUS	5.11222830919	0.194035181053
14514	AMMONIA/URINOUS	6.00223196356	0.225678563125
98330	AMMONIA/URINOUS	6.26582644071	0.234928825234
11583	AMMONIA/URINOUS	6.35834032022	0.238162216158
22310	AMMONIA/URINOUS	5.09268248774	0.193333133541
1551246	AMMONIA/URINOUS	4.73233788828	0.180335506776
6050	AMMONIA/URINOUS	5.1739835193	0.196251298589
31272	AMMONIA/URINOUS	4.25812777176	0.163072450022
61052	AMMONIA/URINOUS	5.15558567324	0.195591401476
439570	AMMONIA/URINOUS	5.64014697567	0.212881375864
8091	AMMONIA/URINOUS	4.85201711055	0.184663856406
61325	AMMONIA/URINOUS	5.9097844197	0.222421156033
220674	AMMONIA/URINOUS	4.76064127963	0.181360169028
15606	AMMONIA/URINOUS	5.12285171782	0.194416624824
7792	AMMONIA/URINOUS	4.8925332118	0.186126575981
7151	AMMONIA/URINOUS	4.33033628095	0.165712726316
61527	DECAYED	4.26455016212	0.163307451251
520191	DECAYED	4.30814943524	0.164901916787
1110	DECAYED	9.34114427163	0.338742980344
12178	DECAYED	4.93034267099	0.187490395298
1549026	DECAYED	4.28641053929	0.164107095447
8078	DECAYED	4.53778880418	0.173274941275
7820	DECAYED	6.56129816522	0.245231673164
521238	DECAYED	4.53707266043	0.173248895087
7122	DECAYED	4.24098770921	0.162445117668
9589	DECAYED	4.37532851006	0.167355740574
24020	DECAYED	4.78848337691	0.182367505856
33032	DECAYED	7.15764204743	0.265812946025
8914	DECAYED	4.32442385674	0.165496697592
8082	DECAYED	4.76560765101	0.181539899527
6943	DECAYED	4.40783045699	0.168541630545
660	DECAYED	4.31111539957	0.165010329588
170833	DECAYED	4.30818574895	0.164903244179
11428	DECAYED	4.94725539839	0.188100081545
7144	DECAYED	4.28418924526	0.164025858815
15037	DECAYED	4.59743889677	0.175442978107
11529	DECAYED	4.87969790538	0.185663335556
14328	DECAYED	4.14125289182	0.158790125467
7409	DECAYED	4.48879592113	0.171492121316
6213	DECAYED	4.46704954641	0.170700169196
7059	DECAYED	4.4182148604	0.168920345395
261	DECAYED	5.53241183496	0.209053441114
17617	DECAYED	4.52183703471	0.172694677321
7335	DECAYED	4.10301465273	0.157386694413
8697	DECAYED	5.29431958227	0.200560855355
263	DECAYED	5.03808801077	0.191370588109
7654	DECAYED	4.33161274798	0.16575936232
957	DECAYED	4.38711442293	0.167785867733
7136	DECAYED	4.32883426255	0.165657848073
31249	DECAYED	4.42533261443	0.169179877078
1183	DECAYED	4.21114521091	0.161352310841
10430	DECAYED	8.65100565139	0.316104266543
7915	DECAYED	7.26341071221	0.269433574419
31244	DECAYED	4.19401426541	0.160724668353
6501	DECAYED	4.26947578841	0.163487662133
8125	DECAYED	4.98964230233	0.189627079971
31265	DECAYED	4.84518084052	0.18441692267
21057	DECAYED	4.96270170896	0.188656705058
807	DECAYED	3.26530612245	0.126347355269
1068	DECAYED	8.43550515539	0.308957107325
356	DECAYED	4.46206808358	0.17051870271
875	DECAYED	6.27387760051	0.235210487962
14257	DECAYED	4.22774546517	0.16196028592
13204	DECAYED	4.28039177843	0.163886969627
526618	DECAYED	7.16242618232	0.265976907766
16324	DECAYED	6.80897773137	0.253814238156
6106	DECAYED	4.99377335605	0.189775825309
61918	DECAYED	4.61796084636	0.176188208903
8122	DECAYED	4.04481607708	0.155248428244
4133	DECAYED	4.2766898312	0.163751562883
14514	DECAYED	4.39911392045	0.168223675504
98330	DECAYED	5.61732671465	0.212071324818
11583	DECAYED	9.41188835535	0.341042077248
22310	DECAYED	4.33892762269	0.166026587742
1551246	DECAYED	4.44815658948	0.170011824762
6050	DECAYED	3.73897762017	0.143967123349
31272	DECAYED	7.03282213774	0.261528650621
61052	DECAYED	4.30597383351	0.164822389078
439570	DECAYED	4.24739125071	0.162679517054
8091	DECAYED	4.64569722611	0.177194887958
61325	DECAYED	4.1251293925	0.158198498698
220674	DECAYED	4.07313889435	0.156289371593
15606	DECAYED	4.4688732794	0.170766599821
7792	DECAYED	4.58162610025	0.174868524921
7151	DECAYED	4.31578723376	0.165181081572
61527	WOOD	3.79167972373	0.145916454898
520191	WOOD	3.81961450797	0.146948798323
1110	WOOD	3.09073737575	0.11980843202
12178	WOOD	3.16209269252	0.122484175622
1549026	WOOD	3.1185649776	0.120852420096
8078	WOOD	3.6010304635	0.13885425038
7820	WOOD	3.07472012155	0.119207243332
521238	WOOD	3.1414411552	0.121710185195
7122	WOOD	3.34545378957	0.12934132716
9589	WOOD	3.49136193171	0.134778634013
24020	WOOD	3.08599889598	0.119630600165
33032	WOOD	3.13290486429	0.121390157416
8914	WOOD	3.29628482143	0.127505195408
8082	WOOD	3.59323623272	0.138564910659
6943	WOOD	4.08268973443	0.15664024719
660	WOOD	3.39147019538	0.131057979781
170833	WOOD	3.38936325692	0.130979416962
11428	WOOD	3.21239723699	0.124368091076
7144	WOOD	4.04654536816	0.15531200296
15037	WOOD	3.25265159889	0.125874166986
11529	WOOD	3.02649786321	0.117396038802
14328	WOOD	3.60585871882	0.139033461913
7409	WOOD	3.47292401686	0.134092480184
6213	WOOD	3.19794167689	0.123826934688
7059	WOOD	3.81864165716	0.146912856644
261	WOOD	3.1318698833	0.121351351746
17617	WOOD	3.05849289422	0.118597964255
7335	WOOD	3.39065985228	0.131027764398
8697	WOOD	3.14606256629	0.121883418783
263	WOOD	3.10673549575	0.120408697654
7654	WOOD	3.09295433188	0.119891626676
957	WOOD	3.26031470625	0.126160727457
7136	WOOD	3.40290642799	0.131484348257
31249	WOOD	2.99073401676	0.116051564687
1183	WOOD	3.61670509399	0.139435981465
10430	WOOD	3.20032274669	0.123916083594
7915	WOOD	3.21884009995	0.124609231362
31244	WOOD	3.33648276692	0.129006463775
6501	WOOD	3.17279713058	0.12288522857
8125	WOOD	3.22522543116	0.124848185614
31265	WOOD	3.02801847094	0.117453180493
21057	WOOD	3.12294859297	0.121016820553
807	WOOD	2.48979591837	0.0971122032487
1068	WOOD	3.15890472979	0.122364717555
356	WOOD	3.25883416011	0.126105366371
875	WOOD	3.21464198665	0.124452110225
14257	WOOD	3.32230643599	0.128477169418
13204	WOOD	3.42592163357	0.132342089727
526618	WOOD	3.71873066541	0.143217643512
16324	WOOD	2.93495259212	0.113952524997
6106	WOOD	3.20484261014	0.124085297943
61918	WOOD	6.04494479825	0.227181248884
8122	WOOD	3.21667994424	0.124528385824
4133	WOOD	3.39867123186	0.131326462817
14514	WOOD	3.66478295777	0.14121906466
98330	WOOD	3.75731412221	0.144645601123
11583	WOOD	3.12641333795	0.121146749374
22310	WOOD	3.48696895614	0.134615177245
1551246	WOOD	3.24573643631	0.125615535447
6050	WOOD	3.08329152885	0.119528986493
31272	WOOD	3.01764058875	0.117063161661
61052	WOOD	3.10138973369	0.120208142035
439570	WOOD	3.53236666777	0.136303621001
8091	WOOD	3.16396709437	0.122554408665
61325	WOOD	3.55789549487	0.137252371654
220674	WOOD	3.23434586445	0.12518943731
15606	WOOD	3.19535952252	0.123730251909
7792	WOOD	3.20919737512	0.124248315888
7151	WOOD	3.39742769746	0.131280101914
61527	GRASS	3.1993057281	0.123878006267
520191	GRASS	3.25338927939	0.125901754454
1110	GRASS	3.00189319781	0.116471182804
12178	GRASS	3.62543252135	0.139759796467
1549026	GRASS	4.03426046479	0.154860315592
8078	GRASS	2.83801774043	0.110298971739
7820	GRASS	3.33117899104	0.128808458253
521238	GRASS	3.7898697074	0.145849543336
7122	GRASS	2.85354742901	0.110884803988
9589	GRASS	3.00371814477	0.116539796714
24020	GRASS	4.52829724831	0.172929699545
33032	GRASS	3.00424434654	0.116559580224
8914	GRASS	3.43697547804	0.132753898947
8082	GRASS	2.90918214684	0.112981949568
6943	GRASS	3.04510591245	0.118095168491
660	GRASS	2.79049064249	0.108504890489
170833	GRASS	3.68461273253	0.141953960906
11428	GRASS	3.61776597415	0.139475346709
7144	GRASS	3.07388447622	0.119175872739
15037	GRASS	2.86976471005	0.111496368606
11529	GRASS	4.03917337023	0.155040966203
14328	GRASS	3.12090321575	0.120940113877
7409	GRASS	2.92722370532	0.113661492764
6213	GRASS	3.17348993507	0.122911182056
7059	GRASS	2.94500379398	0.114330932821
261	GRASS	3.51836350214	0.135782987392
17617	GRASS	3.39608585638	0.131230074598
7335	GRASS	3.41211832049	0.131827712246
8697	GRASS	3.64249179397	0.140392573171
263	GRASS	3.47527831329	0.13418010879
7654	GRASS	3.20514980544	0.124096798108
957	GRASS	3.47258432211	0.134079836135
7136	GRASS	3.19106762934	0.123569540128
31249	GRASS	3.51692198169	0.135729383178
1183	GRASS	2.957568972	0.11480387319
10430	GRASS	3.55689207422	0.137215090478
7915	GRASS	3.81104204974	0.146632065388
31244	GRASS	2.94388568041	0.114288842057
6501	GRASS	3.21054832799	0.124298884893
8125	GRASS	3.68879199751	0.14210880534
31265	GRASS	3.62993909451	0.139926980649
21057	GRASS	3.51963830565	0.135830390705
807	GRASS	0.408163265306	0.0162598917118
1068	GRASS	3.21464781646	0.124452328425
356	GRASS	3.48052871963	0.134375516718
875	GRASS	2.87809602955	0.11181046648
14257	GRASS	3.36166323481	0.129946217511
13204	GRASS	3.1831367717	0.123272526985
526618	GRASS	3.0852563345	0.11960273072
16324	GRASS	3.73582542394	0.143850460318
6106	GRASS	3.42461060088	0.132293240928
61918	GRASS	3.54034851046	0.136600313388
8122	GRASS	3.22768290752	0.12494014152
4133	GRASS	2.92776246875	0.113681781521
14514	GRASS	3.05178702936	0.118346119545
98330	GRASS	3.6218694392	0.139627602274
11583	GRASS	3.64396361655	0.140447156326
22310	GRASS	4.16911013752	0.159811813765
1551246	GRASS	3.84077479924	0.147730371546
6050	GRASS	3.36617149893	0.130114415733
31272	GRASS	4.22625836046	0.161905830527
61052	GRASS	3.3013262211	0.127693546917
439570	GRASS	3.25853835396	0.126094305277
8091	GRASS	3.48658751649	0.134600983656
61325	GRASS	3.29833825148	0.127581915971
220674	GRASS	3.67070418189	0.141438539599
15606	GRASS	3.40738412146	0.131651258238
7792	GRASS	3.63557969151	0.140136211783
7151	GRASS	3.0349457382	0.117713471275
61527	FLOWER	7.3941391273	0.273896247719
520191	FLOWER	4.71381412092	0.17966454741
1110	FLOWER	3.77854332888	0.14543077728
12178	FLOWER	4.26752403994	0.163416257025
1549026	FLOWER	7.50135936636	0.277546217717
8078	FLOWER	4.73219090548	0.180330183913
7820	FLOWER	4.71577581305	0.179735615914
521238	FLOWER	8.18737112407	0.300681626594
7122	FLOWER	9.05671692578	0.329459028442
9589	FLOWER	7.25993578019	0.269314764195
24020	FLOWER	5.6407721594	0.212903562154
33032	FLOWER	5.94847487906	0.223785253808
8914	FLOWER	6.65770877564	0.248578316569
8082	FLOWER	4.16075276406	0.159505365137
6943	FLOWER	3.4951726407	0.134920412913
660	FLOWER	10.6493709338	0.380611196837
170833	FLOWER	4.10619991791	0.15750364561
11428	FLOWER	3.88669396516	0.149425202615
7144	FLOWER	7.1240001	0.26465945303
15037	FLOWER	7.89028649779	0.290708811505
11529	FLOWER	7.93686307563	0.292277004833
14328	FLOWER	8.52640893076	0.311976497529
7409	FLOWER	7.64168443269	0.28230924092
6213	FLOWER	3.52580335783	0.136059618586
7059	FLOWER	5.98471216534	0.225061774733
261	FLOWER	3.97403133959	0.152644083548
17617	FLOWER	7.63166657554	0.281969729133
7335	FLOWER	9.08070416253	0.330244491266
8697	FLOWER	6.27385879111	0.235209829992
263	FLOWER	4.13111343951	0.15841809828
7654	FLOWER	9.54360758487	0.345312125101
957	FLOWER	7.10393827559	0.263971155414
7136	FLOWER	9.05994680519	0.329564817762
31249	FLOWER	5.84455771077	0.220118766497
1183	FLOWER	7.05705728525	0.262361468399
10430	FLOWER	3.78595160363	0.145704692327
7915	FLOWER	3.94650616511	0.15163028224
31244	FLOWER	8.80388299632	0.321151977528
6501	FLOWER	8.27152544261	0.303493764445
8125	FLOWER	5.84121298729	0.220000611826
31265	FLOWER	7.69602733259	0.284149558622
21057	FLOWER	5.917042794	0.22267715359
807	FLOWER	3.81632653061	0.146827321949
1068	FLOWER	3.53974321762	0.136577815886
356	FLOWER	5.83627596811	0.219826191854
875	FLOWER	3.65497274951	0.140855379661
14257	FLOWER	4.70815732789	0.179459594946
13204	FLOWER	3.77883351591	0.14544150754
526618	FLOWER	0.700954028041	0.0278416265019
16324	FLOWER	8.28601388489	0.303977344955
6106	FLOWER	6.24027525633	0.234034596143
61918	FLOWER	6.80379393788	0.253635112736
8122	FLOWER	6.52954333547	0.244127758951
4133	FLOWER	10.9508946504	0.390066948558
14514	FLOWER	7.25730531923	0.26922482057
98330	FLOWER	4.34106581329	0.166104691574
11583	FLOWER	6.32966718034	0.237160812568
22310	FLOWER	6.7703377856	0.252478521932
1551246	FLOWER	4.92998337143	0.18747744044
6050	FLOWER	7.67331861913	0.283380817313
31272	FLOWER	6.58980122098	0.246221856786
61052	FLOWER	9.12210498134	0.331599079538
439570	FLOWER	7.17057954575	0.266256297421
8091	FLOWER	7.78726191156	0.287233897231
61325	FLOWER	3.7888879595	0.145813249592
220674	FLOWER	7.51774282337	0.278103130072
15606	FLOWER	7.52025196657	0.278188402807
7792	FLOWER	7.13674049645	0.265096393893
7151	FLOWER	10.3930821572	0.372516823597
61527	CHEMICAL	17.3136361808	0.572640648111
520191	CHEMICAL	16.6963223295	0.556346021447
1110	CHEMICAL	15.0268970293	0.51075282744
12178	CHEMICAL	18.9110785142	0.613391584341
1549026	CHEMICAL	16.4323823591	0.549286018367
8078	CHEMICAL	24.9136162518	0.748269340175
7820	CHEMICAL	15.1718169389	0.514799065866
521238	CHEMICAL	16.5303290967	0.551912451849
7122	CHEMICAL	18.1659749845	0.594637940524
9589	CHEMICAL	16.8971284406	0.561679957808
24020	CHEMICAL	18.006527171	0.590567078536
33032	CHEMICAL	13.8790445217	0.478110630135
8914	CHEMICAL	18.6361599298	0.606523814419
8082	CHEMICAL	22.8826099174	0.705858862043
6943	CHEMICAL	24.9053949501	0.748104318955
660	CHEMICAL	19.2791708427	0.622492262355
170833	CHEMICAL	18.9094674533	0.613351514384
11428	CHEMICAL	18.9919692642	0.615400811955
7144	CHEMICAL	19.0118847521	0.615894685352
15037	CHEMICAL	17.8484956035	0.586512306016
11529	CHEMICAL	16.7601649095	0.558045345262
14328	CHEMICAL	15.1567153369	0.514378205554
7409	CHEMICAL	21.821772932	0.682395007721
6213	CHEMICAL	15.8466495958	0.533419462467
7059	CHEMICAL	19.1560155873	0.619459450219
261	CHEMICAL	17.7525612388	0.584041077337
17617	CHEMICAL	16.8885377921	0.561452428181
7335	CHEMICAL	15.9957183368	0.537483531429
8697	CHEMICAL	17.5098792275	0.577756820875
263	CHEMICAL	18.1845045915	0.595109700765
7654	CHEMICAL	16.530399026	0.551914324256
957	CHEMICAL	18.2479447257	0.596722794344
7136	CHEMICAL	15.0642762178	0.511798081526
31249	CHEMICAL	15.0812826811	0.512273272322
1183	CHEMICAL	17.136126479	0.56798632688
10430	CHEMICAL	17.010166019	0.564668341562
7915	CHEMICAL	17.4194139522	0.575402165113
31244	CHEMICAL	15.3240436736	0.519031221138
6501	CHEMICAL	15.3150019079	0.518780362941
8125	CHEMICAL	18.3550722901	0.599439420093
31265	CHEMICAL	16.88165615	0.561270120253
21057	CHEMICAL	17.9378616961	0.588807714954
807	CHEMICAL	45.9387755102	0.993402582257
1068	CHEMICAL	17.5727727819	0.579389973979
356	CHEMICAL	19.1968144302	0.6204655035
875	CHEMICAL	15.0416274613	0.511164875779
14257	CHEMICAL	19.5297778229	0.628626224191
13204	CHEMICAL	19.0861715769	0.617734084892
526618	CHEMICAL	17.0018541453	0.564448948062
16324	CHEMICAL	15.7777615626	0.531535358534
6106	CHEMICAL	15.8834887585	0.534425464283
61918	CHEMICAL	16.1681177016	0.542161496058
8122	CHEMICAL	17.8545438069	0.586667858455
4133	CHEMICAL	21.5441283648	0.676105347793
14514	CHEMICAL	17.5748274054	0.579443272885
98330	CHEMICAL	17.1114715285	0.567337877993
11583	CHEMICAL	18.2288925754	0.596238693207
22310	CHEMICAL	18.5172953217	0.603535722457
1551246	CHEMICAL	16.2140757244	0.543404528337
6050	CHEMICAL	15.978698206	0.537020409698
31272	CHEMICAL	17.1091790744	0.567277559536
61052	CHEMICAL	17.5282558128	0.578234331777
439570	CHEMICAL	18.8272202382	0.611303120769
8091	CHEMICAL	16.6988194429	0.556412549402
61325	CHEMICAL	17.1782199243	0.569092301064
220674	CHEMICAL	18.1590759732	0.594462222847
15606	CHEMICAL	17.1464803076	0.568258497528
7792	CHEMICAL	17.7169876889	0.583122846448
7151	CHEMICAL	15.7818940293	0.531648489511
