#oID	descriptor	value	sigma
23235	INTENSITY/STRENGTH	17.7937261312	0.585102369396
7824	INTENSITY/STRENGTH	63.6563513798	0.925401626796
6276	INTENSITY/STRENGTH	53.222294139	0.995846728193
14104	INTENSITY/STRENGTH	54.1481972024	0.993116983988
8030	INTENSITY/STRENGTH	25.7199116411	0.764190923714
61185	INTENSITY/STRENGTH	16.144296078	0.541516524778
13216	INTENSITY/STRENGTH	54.1746614349	0.993028880762
14514	INTENSITY/STRENGTH	61.7923948834	0.944375769166
12810	INTENSITY/STRENGTH	47.739513171	0.997956079718
7519	INTENSITY/STRENGTH	73.5512138221	0.778136131002
170833	INTENSITY/STRENGTH	54.2755280584	0.992687943929
8091	INTENSITY/STRENGTH	46.9592764111	0.996301600022
93375	INTENSITY/STRENGTH	76.0224063578	0.72913374694
62572	INTENSITY/STRENGTH	57.6721426783	0.97645529069
325	INTENSITY/STRENGTH	58.1305114054	0.973557913714
12580	INTENSITY/STRENGTH	59.8939228234	0.960844116466
22386	INTENSITY/STRENGTH	50.5326973738	0.999886493403
61918	INTENSITY/STRENGTH	84.8147551267	0.515173130188
7151	INTENSITY/STRENGTH	62.5869632369	0.936627342589
159055	INTENSITY/STRENGTH	57.9327513732	0.97482858226
62374	INTENSITY/STRENGTH	77.7123864246	0.692809455462
8078	INTENSITY/STRENGTH	62.2442307623	0.940031525216
62444	INTENSITY/STRENGTH	81.6869844625	0.598374006269
8918	INTENSITY/STRENGTH	27.4480574809	0.796563955446
61138	INTENSITY/STRENGTH	44.2439241981	0.986747036545
379	INTENSITY/STRENGTH	50.6729788213	0.999818839802
6114390	INTENSITY/STRENGTH	33.4196991197	0.890037449088
8077	INTENSITY/STRENGTH	67.5729562255	0.876476483798
8892	INTENSITY/STRENGTH	52.8266671092	0.996803981222
6826	INTENSITY/STRENGTH	57.0461008491	0.98014098513
2346	INTENSITY/STRENGTH	77.2070488833	0.703910596425
6943	INTENSITY/STRENGTH	70.274265588	0.835581661947
8697	INTENSITY/STRENGTH	54.4399303266	0.992114807478
637776	INTENSITY/STRENGTH	32.5416670533	0.878082644289
6057	INTENSITY/STRENGTH	0.0	0.0
14228	INTENSITY/STRENGTH	16.611601656	0.554085942408
89440	INTENSITY/STRENGTH	13.8535089561	0.477372474087
61337	INTENSITY/STRENGTH	54.4002266507	0.992255202169
8193	INTENSITY/STRENGTH	30.3736584663	0.845922687201
241	INTENSITY/STRENGTH	22.137851513	0.689480272676
61204	INTENSITY/STRENGTH	29.4895143794	0.831727991842
61177	INTENSITY/STRENGTH	53.0341089202	0.996317673224
6213	INTENSITY/STRENGTH	22.0415875018	0.687330868233
31249	INTENSITY/STRENGTH	38.3757801707	0.945951005344
8093	INTENSITY/STRENGTH	63.8269032427	0.923526698687
165675	INTENSITY/STRENGTH	52.0175084679	0.998371863833
61192	INTENSITY/STRENGTH	53.5237355333	0.995033315157
519539	INTENSITY/STRENGTH	74.5071179741	0.759760467442
565690	INTENSITY/STRENGTH	23.7653117301	0.724696452553
7463	INTENSITY/STRENGTH	52.4858293109	0.997528261055
8857	INTENSITY/STRENGTH	41.6729053155	0.972263797646
5363491	INTENSITY/STRENGTH	60.2471148197	0.957998655149
61151	INTENSITY/STRENGTH	49.4618175962	0.99988414388
6050	INTENSITY/STRENGTH	8.6649238399	0.316564591535
1001	INTENSITY/STRENGTH	47.1635372357	0.996781791595
5541	INTENSITY/STRENGTH	22.4151673495	0.695630803058
6997	INTENSITY/STRENGTH	76.7248968613	0.714311955101
440967	INTENSITY/STRENGTH	55.5392095917	0.98772686284
239	INTENSITY/STRENGTH	32.0473351349	0.871080729696
10882	INTENSITY/STRENGTH	75.2590743578	0.744791665035
78925	INTENSITY/STRENGTH	68.9262802631	0.856718366161
23235	VALENCE/PLEASANTNESS	47.5133767107	0.997526681847
7824	VALENCE/PLEASANTNESS	55.1771644699	0.989278787221
6276	VALENCE/PLEASANTNESS	43.0155055426	0.98048673487
14104	VALENCE/PLEASANTNESS	47.1544591557	0.996761158921
8030	VALENCE/PLEASANTNESS	40.4194724351	0.963285396631
61185	VALENCE/PLEASANTNESS	44.419156828	0.987541675796
13216	VALENCE/PLEASANTNESS	50.3257179363	0.99995756313
14514	VALENCE/PLEASANTNESS	40.9895782981	0.967524920302
12810	VALENCE/PLEASANTNESS	58.8642563667	0.968569983626
7519	VALENCE/PLEASANTNESS	45.7500756184	0.9927752571
170833	VALENCE/PLEASANTNESS	48.2338352468	0.998752264826
8091	VALENCE/PLEASANTNESS	60.4254317647	0.956524149008
93375	VALENCE/PLEASANTNESS	37.2329399945	0.934800871527
62572	VALENCE/PLEASANTNESS	51.1554014249	0.999466019019
325	VALENCE/PLEASANTNESS	46.6380867538	0.99547901573
12580	VALENCE/PLEASANTNESS	37.9604186449	0.942019392318
6501	VALENCE/PLEASANTNESS	50.625899313	0.99984330002
22386	VALENCE/PLEASANTNESS	41.8661804872	0.973536392053
61918	VALENCE/PLEASANTNESS	35.3443020816	0.91408420741
7151	VALENCE/PLEASANTNESS	41.7555482711	0.972811606276
8063	VALENCE/PLEASANTNESS	26.5614017106	0.780252844091
159055	VALENCE/PLEASANTNESS	42.6526150232	0.978406373601
62374	VALENCE/PLEASANTNESS	38.8209961314	0.950011949002
8078	VALENCE/PLEASANTNESS	31.5726675914	0.864173368122
62444	VALENCE/PLEASANTNESS	21.1025766267	0.665975568954
8918	VALENCE/PLEASANTNESS	51.7031439324	0.998839720298
7991	VALENCE/PLEASANTNESS	32.4752828497	0.87715371552
61138	VALENCE/PLEASANTNESS	30.4378630338	0.846929118927
379	VALENCE/PLEASANTNESS	47.5339653667	0.997567469275
6114390	VALENCE/PLEASANTNESS	42.6817839738	0.978577485677
8077	VALENCE/PLEASANTNESS	28.0731431916	0.807685180201
556940	VALENCE/PLEASANTNESS	28.5901132136	0.816646699118
8892	VALENCE/PLEASANTNESS	45.2436119362	0.990950709034
6826	VALENCE/PLEASANTNESS	49.1968342644	0.99974196992
2346	VALENCE/PLEASANTNESS	23.8156898117	0.725752759985
6943	VALENCE/PLEASANTNESS	31.6402029124	0.86516714036
61199	VALENCE/PLEASANTNESS	52.7544486902	0.996965204965
8697	VALENCE/PLEASANTNESS	40.930245724	0.967095822949
637776	VALENCE/PLEASANTNESS	54.9034719774	0.990382385027
6057	VALENCE/PLEASANTNESS	32.9977227926	0.884369027905
14228	VALENCE/PLEASANTNESS	38.7028873909	0.948950098679
89440	VALENCE/PLEASANTNESS	50.1780179168	0.999987323849
61337	VALENCE/PLEASANTNESS	39.5698158382	0.95648450334
8193	VALENCE/PLEASANTNESS	39.6402571625	0.957070291337
241	VALENCE/PLEASANTNESS	43.9105508799	0.985167443765
176	VALENCE/PLEASANTNESS	43.8798092647	0.985017306145
61204	VALENCE/PLEASANTNESS	56.7302357314	0.9818815708
61177	VALENCE/PLEASANTNESS	53.2525461716	0.995768377361
6213	VALENCE/PLEASANTNESS	36.8693008306	0.93103389573
31249	VALENCE/PLEASANTNESS	55.853200723	0.986296016519
8093	VALENCE/PLEASANTNESS	50.5590442384	0.999874987816
165675	VALENCE/PLEASANTNESS	47.5977398551	0.997691658478
61192	VALENCE/PLEASANTNESS	40.5917888038	0.964594224835
519539	VALENCE/PLEASANTNESS	34.8926307212	0.90870695739
565690	VALENCE/PLEASANTNESS	52.3143492744	0.997857514974
7463	VALENCE/PLEASANTNESS	41.1595683845	0.968738707541
8857	VALENCE/PLEASANTNESS	48.1994193324	0.998703163704
5363491	VALENCE/PLEASANTNESS	54.0182781634	0.993541376241
61151	VALENCE/PLEASANTNESS	52.1635506863	0.998127619371
6050	VALENCE/PLEASANTNESS	34.8343756012	0.908001534637
263	VALENCE/PLEASANTNESS	44.3263297233	0.987123786236
1001	VALENCE/PLEASANTNESS	43.6962445758	0.984105067021
5541	VALENCE/PLEASANTNESS	50.3061138227	0.999962517731
6997	VALENCE/PLEASANTNESS	34.3480067939	0.90200604347
440967	VALENCE/PLEASANTNESS	43.7583809216	0.984416876512
239	VALENCE/PLEASANTNESS	39.049673281	0.952036137899
61130	VALENCE/PLEASANTNESS	42.6679620245	0.97849648765
10882	VALENCE/PLEASANTNESS	57.5351235078	0.977288765489
78925	VALENCE/PLEASANTNESS	30.2598756367	0.844130996048
23235	BAKERY	0.454883157063	0.0181125588079
7824	BAKERY	4.42078093426	0.169013915743
6276	BAKERY	2.78485373878	0.108291985413
14104	BAKERY	0.0	0.0
8030	BAKERY	2.2919181833	0.0895755717484
61185	BAKERY	3.46981712594	0.133976832683
13216	BAKERY	0.946178765129	0.0374890489029
14514	BAKERY	5.95596375836	0.224049148618
12810	BAKERY	3.95707002941	0.152019439889
7519	BAKERY	1.8767036036	0.0736593375776
170833	BAKERY	0.925430855122	0.0366746652978
8091	BAKERY	2.14420285172	0.0839290717209
93375	BAKERY	4.3409549972	0.166100643773
62572	BAKERY	4.83781311969	0.184150750475
325	BAKERY	0.0	0.0
12580	BAKERY	0.536962144718	0.0213631544508
6501	BAKERY	4.88847108273	0.185979983498
22386	BAKERY	3.04354571424	0.118036560364
61918	BAKERY	10.2082196422	0.366645686383
7151	BAKERY	5.0378803422	0.191363118351
8063	BAKERY	2.43700622947	0.0951046494337
159055	BAKERY	1.29975799511	0.0513145714661
62374	BAKERY	4.01984013359	0.154329959464
8078	BAKERY	1.05054709663	0.0415804241843
62444	BAKERY	1.60661954761	0.0632322913561
8918	BAKERY	1.93341024266	0.0758411796397
7991	BAKERY	1.80664415762	0.0709601810601
61138	BAKERY	1.66998879026	0.0656840065866
379	BAKERY	2.73879479016	0.106551392845
6114390	BAKERY	6.95207898565	0.258750598537
8077	BAKERY	2.68734291326	0.104604991757
556940	BAKERY	4.75810735698	0.181268460031
8892	BAKERY	2.22794630309	0.0871323542316
6826	BAKERY	0.0	0.0
2346	BAKERY	3.14348008544	0.121786616599
6943	BAKERY	0.0	0.0
61199	BAKERY	12.3650481432	0.433444159496
8697	BAKERY	3.35861533965	0.129832494786
637776	BAKERY	6.64003939426	0.247965526507
6057	BAKERY	3.83064158019	0.147356137241
14228	BAKERY	3.92944792369	0.151001692554
89440	BAKERY	2.23753140022	0.087498637302
61337	BAKERY	4.54407432658	0.173503528469
8193	BAKERY	2.14894127911	0.084110471716
241	BAKERY	2.2539259461	0.0881249649759
176	BAKERY	4.27722271102	0.163771054793
61204	BAKERY	3.46626358075	0.133844549945
61177	BAKERY	4.07251565036	0.156266472526
6213	BAKERY	3.78055387633	0.145505120008
31249	BAKERY	4.68041025266	0.178453914053
8093	BAKERY	3.31363661809	0.128153389669
165675	BAKERY	0.737318247359	0.0292752746152
61192	BAKERY	3.32204866959	0.128467543838
519539	BAKERY	3.56755536763	0.137611234185
565690	BAKERY	0.42800716622	0.0170470105951
7463	BAKERY	0.0	0.0
8857	BAKERY	3.77874054172	0.145438069636
5363491	BAKERY	3.91460335704	0.150454486505
61151	BAKERY	0.0	0.0
6050	BAKERY	8.33172973618	0.305502101289
263	BAKERY	3.22284357084	0.124759054561
1001	BAKERY	2.19162425692	0.0857436835233
5541	BAKERY	9.74785571843	0.351905952294
6997	BAKERY	0.311176783987	0.0124083389631
440967	BAKERY	2.31701156048	0.0905330453907
239	BAKERY	1.84564900952	0.0724633922743
61130	BAKERY	3.05168936842	0.118342451536
10882	BAKERY	6.30856077997	0.236423255553
78925	BAKERY	3.63060477337	0.139951674527
23235	SWEET	16.9426924718	0.562885767593
7824	SWEET	34.8524545597	0.908220746853
6276	SWEET	12.4928924605	0.437286753607
14104	SWEET	4.83135986675	0.183917579405
8030	SWEET	2.59354751067	0.101051304951
61185	SWEET	14.4472659646	0.494401241044
13216	SWEET	12.5020189524	0.437560566942
14514	SWEET	10.3180941312	0.370138538648
12810	SWEET	19.7100069837	0.633006529229
7519	SWEET	16.1350443679	0.541265912015
170833	SWEET	15.031131788	0.510871302389
8091	SWEET	34.3450609426	0.901969153243
93375	SWEET	11.9065000153	0.419554103568
62572	SWEET	30.7462854553	0.851717790492
325	SWEET	7.20897967305	0.267571431751
12580	SWEET	9.53595134431	0.345064306556
6501	SWEET	17.6440299671	0.581236481292
22386	SWEET	10.6782392857	0.381519653732
61918	SWEET	10.6986458818	0.38216142579
7151	SWEET	10.4659739973	0.374824315208
8063	SWEET	2.12579377527	0.0832241513407
159055	SWEET	11.9643100921	0.421314517291
62374	SWEET	11.8783834605	0.418696940966
8078	SWEET	4.81250483844	0.18323611241
62444	SWEET	4.53648476524	0.173227513
8918	SWEET	14.6018399837	0.498788106984
7991	SWEET	6.50662426912	0.243330507013
61138	SWEET	2.21464911177	0.0866240961954
379	SWEET	18.5958004703	0.60551050076
6114390	SWEET	13.6339967038	0.471005521704
8077	SWEET	4.51527156024	0.172455791504
556940	SWEET	12.2594324161	0.430259823377
8892	SWEET	15.6083159897	0.526884828375
6826	SWEET	13.7024097222	0.472993976009
2346	SWEET	7.00971712143	0.260734231208
6943	SWEET	0.0	0.0
61199	SWEET	25.2956107845	0.755877261396
8697	SWEET	17.408265101	0.575111526509
637776	SWEET	22.2078527987	0.691038621576
6057	SWEET	6.09247300046	0.228851629114
14228	SWEET	11.2764009154	0.400193149573
89440	SWEET	10.4858142178	0.375451648789
61337	SWEET	16.9109522996	0.562045968913
8193	SWEET	3.91138187473	0.150335711721
241	SWEET	7.31747506586	0.271280826099
176	SWEET	9.26836729072	0.336373638734
61204	SWEET	15.5479900716	0.525223604758
61177	SWEET	24.1961521946	0.733664575374
6213	SWEET	12.0901245936	0.425136538669
31249	SWEET	30.4588686486	0.847257674203
8093	SWEET	25.5598999278	0.761072603384
165675	SWEET	12.4667747912	0.43650280217
61192	SWEET	4.74980583699	0.180967971284
519539	SWEET	3.71502908015	0.143080586779
565690	SWEET	15.8862601871	0.534501102392
7463	SWEET	0.0	0.0
8857	SWEET	21.5971975642	0.677312325517
5363491	SWEET	25.075392474	0.75150557587
61151	SWEET	14.6681357101	0.500663746319
6050	SWEET	10.765072441	0.384248183775
263	SWEET	16.2411703211	0.544136567485
1001	SWEET	10.8647060535	0.387371507089
5541	SWEET	18.3948166401	0.600444953914
6997	SWEET	7.52596103646	0.278382405649
440967	SWEET	8.30575325435	0.304635915325
239	SWEET	11.1568036191	0.396482437967
61130	SWEET	14.7801928554	0.503826073878
10882	SWEET	42.476911371	0.977361254992
78925	SWEET	10.9117217059	0.388842600001
23235	FRUIT	4.996582692	0.189876972241
7824	FRUIT	21.8443404846	0.6829035349
6276	FRUIT	4.91663511854	0.186996084386
14104	FRUIT	1.75489719244	0.0689640220352
8030	FRUIT	0.409948208463	0.0163307053251
61185	FRUIT	9.09691074718	0.33077491583
13216	FRUIT	2.94746759644	0.114423677765
14514	FRUIT	5.69564922257	0.214849800876
12810	FRUIT	10.2327916947	0.367427657442
7519	FRUIT	7.0036826346	0.260526677205
170833	FRUIT	5.15747507525	0.195659183349
8091	FRUIT	22.2935752017	0.692941609958
93375	FRUIT	6.18411541501	0.232067303214
62572	FRUIT	17.1105777288	0.567314361066
325	FRUIT	0.0	0.0
12580	FRUIT	1.69146646294	0.0665142349994
6501	FRUIT	4.59435735028	0.175331046226
22386	FRUIT	2.76881855915	0.107686199881
61918	FRUIT	0.0	0.0
7151	FRUIT	6.83191758449	0.254606664227
8063	FRUIT	3.20653043742	0.124148482518
159055	FRUIT	2.66584910413	0.103791263587
62374	FRUIT	1.04794787205	0.0414786369851
8078	FRUIT	0.875281404974	0.0347048091838
62444	FRUIT	1.07058414119	0.0423649054864
8918	FRUIT	8.57185493995	0.313483518753
7991	FRUIT	3.65270912498	0.140771451419
61138	FRUIT	0.732181816614	0.0290728365795
379	FRUIT	12.5754729371	0.439761909647
6114390	FRUIT	0.0	0.0
8077	FRUIT	0.203110387295	0.00810791396001
556940	FRUIT	5.2179889548	0.197828594699
8892	FRUIT	7.7029647763	0.284384324514
6826	FRUIT	4.09492377376	0.157089590665
2346	FRUIT	1.23845068807	0.04892452348
6943	FRUIT	0.541602232789	0.0215467561202
61199	FRUIT	4.82200025841	0.18357933574
8697	FRUIT	9.95707824015	0.358625766774
637776	FRUIT	2.48021954624	0.0967481862506
6057	FRUIT	0.0	0.0
14228	FRUIT	5.82078125301	0.219278652362
89440	FRUIT	2.99914230013	0.116367750191
61337	FRUIT	8.64829356546	0.316014549981
8193	FRUIT	0.821331564121	0.0325834283495
241	FRUIT	2.54570336054	0.0992358921815
176	FRUIT	1.63563558272	0.0643553018049
61204	FRUIT	8.28070487429	0.303800165686
61177	FRUIT	15.507396626	0.524104124994
6213	FRUIT	3.39975508463	0.131366869531
31249	FRUIT	21.9145048204	0.684481984207
8093	FRUIT	14.3579035456	0.491856384133
165675	FRUIT	4.4224464955	0.169074646618
61192	FRUIT	0.471812699113	0.0187834650753
519539	FRUIT	0.949103509277	0.0376038213826
565690	FRUIT	8.01867295819	0.295027271924
7463	FRUIT	0.0	0.0
8857	FRUIT	13.3815047381	0.463634321903
5363491	FRUIT	17.0062288354	0.564564425736
61151	FRUIT	3.39311059643	0.131119144049
6050	FRUIT	0.106178116475	0.00424261514202
263	FRUIT	4.79654471806	0.18265905223
1001	FRUIT	2.51361180684	0.0980171745475
5541	FRUIT	3.27056934267	0.126544124177
6997	FRUIT	0.247043173582	0.00985731481142
440967	FRUIT	4.64792421062	0.177275688638
239	FRUIT	3.44605111782	0.13309193739
61130	FRUIT	9.70118391047	0.350402168713
10882	FRUIT	27.5414720699	0.798245809285
78925	FRUIT	2.60712700613	0.101566235755
23235	FISH	0.843882056462	0.0334704274884
7824	FISH	0.592645559981	0.0235653308954
6276	FISH	1.17228176467	0.0463415727725
14104	FISH	1.76732608108	0.0694436666526
8030	FISH	4.4131384361	0.168735221101
61185	FISH	1.50136851099	0.0591530974774
13216	FISH	0.780196618048	0.0309643820168
14514	FISH	0.487658944163	0.0194112332682
12810	FISH	0.317496215214	0.0126595270699
7519	FISH	2.20316542546	0.0861850418616
170833	FISH	0.230196875479	0.00918667877858
8091	FISH	0.145718889285	0.00582026197353
93375	FISH	0.981449961337	0.0388727008428
62572	FISH	0.709800929369	0.028190510231
325	FISH	0.843478016959	0.0334545386123
12580	FISH	0.567235553648	0.0225607196766
6501	FISH	0.58346584405	0.0232024608056
22386	FISH	0.97219137249	0.0385095924737
61918	FISH	0.623057685238	0.0247670270579
7151	FISH	0.211619564336	0.00844686943742
8063	FISH	3.55039028326	0.136973502865
159055	FISH	0.0	0.0
62374	FISH	0.919064949431	0.0364247258247
8078	FISH	3.79458435509	0.146023826033
62444	FISH	5.65824939645	0.213523661365
8918	FISH	0.821885722764	0.0326052304541
7991	FISH	1.55107700812	0.0610807443708
61138	FISH	2.28435320898	0.0892868205259
379	FISH	0.751547883506	0.0298359856517
6114390	FISH	1.68621079244	0.066311108963
8077	FISH	5.8874604845	0.221633542998
556940	FISH	6.3103530134	0.236485898474
8892	FISH	0.958186852135	0.0379602252679
6826	FISH	0.897885990243	0.0355929599091
2346	FISH	4.58437288191	0.174968325388
6943	FISH	0.811996643008	0.032216130301
61199	FISH	0.796257654673	0.0315966956859
8697	FISH	0.684712862856	0.0272009818324
637776	FISH	1.42590835436	0.0562230483203
6057	FISH	1.18077806698	0.046673427942
14228	FISH	1.48418692969	0.0584863528506
89440	FISH	0.575902257427	0.022903424933
61337	FISH	0.998118899279	0.0395262594363
8193	FISH	0.504754875759	0.0200882840365
241	FISH	1.50456044648	0.0592769370044
176	FISH	0.715643029561	0.0284208632041
61204	FISH	0.552884916132	0.0219931239531
61177	FISH	1.2292161153	0.0485642557087
6213	FISH	3.58368490569	0.138210277226
31249	FISH	1.66914883803	0.0656515303838
8093	FISH	0.237924169626	0.00949432362086
165675	FISH	0.0	0.0
61192	FISH	3.44378593311	0.133007572703
519539	FISH	3.89455031337	0.149715003677
565690	FISH	0.803859364618	0.0318958986335
7463	FISH	1.42777902158	0.0562957396896
8857	FISH	0.879549356561	0.0348725314342
5363491	FISH	0.696390376736	0.0276616312467
61151	FISH	1.20194523578	0.0474999404913
6050	FISH	2.25545964389	0.0881835464735
263	FISH	1.53849546309	0.0605930312075
1001	FISH	0.646687266767	0.0257002089023
5541	FISH	1.24781711177	0.0492898654529
6997	FISH	1.04390097888	0.0413201474536
440967	FISH	0.613394092573	0.0243852627778
239	FISH	2.06916730568	0.0810541108916
61130	FISH	0.739282922835	0.0293527012174
10882	FISH	0.57652089554	0.0229278852844
78925	FISH	8.57966469816	0.313742329393
23235	GARLIC	2.54708773655	0.0992884470869
7824	GARLIC	1.47434533755	0.0581043358322
6276	GARLIC	3.64611173646	0.140526817141
14104	GARLIC	2.33367072164	0.0911684212507
8030	GARLIC	8.89641869607	0.324198241597
61185	GARLIC	2.79300809124	0.10859996597
13216	GARLIC	0.941624115039	0.037310302212
14514	GARLIC	1.08535239813	0.0429428999941
12810	GARLIC	1.19003352803	0.0470348692019
7519	GARLIC	1.65259841404	0.0650115039544
170833	GARLIC	2.89718732896	0.112530015391
8091	GARLIC	1.58827122217	0.0625218066968
93375	GARLIC	1.17229966482	0.0463422719912
62572	GARLIC	1.99503353738	0.0782092779692
325	GARLIC	2.59586238393	0.101139094751
12580	GARLIC	0.520079701533	0.0206949949029
6501	GARLIC	1.33977980263	0.0528731881375
22386	GARLIC	1.95305984065	0.0765966165294
61918	GARLIC	2.1218641859	0.0830736443865
7151	GARLIC	2.84722904253	0.110646476413
8063	GARLIC	2.3877705332	0.0932302420802
159055	GARLIC	1.52727954115	0.0601581485273
62374	GARLIC	1.67222780375	0.065770573819
8078	GARLIC	5.05910037083	0.192126216208
62444	GARLIC	10.1276083067	0.364076952262
8918	GARLIC	2.35359413107	0.0919280031094
7991	GARLIC	3.46833195094	0.133921547429
61138	GARLIC	5.24400695062	0.198760434466
379	GARLIC	2.50575047005	0.0977185046348
6114390	GARLIC	2.01160496734	0.0788455768758
8077	GARLIC	12.6477362389	0.441923356768
556940	GARLIC	8.28453044135	0.3039278398
8892	GARLIC	2.75950781728	0.107334359334
6826	GARLIC	2.09883534738	0.0821913699692
2346	GARLIC	5.90634356153	0.222299784755
6943	GARLIC	0.915755540736	0.0362947783453
61199	GARLIC	1.91896617634	0.0752856745792
8697	GARLIC	1.30857646314	0.0516581095817
637776	GARLIC	2.57729939183	0.100434986811
6057	GARLIC	3.50118058836	0.135143917329
14228	GARLIC	2.20881591256	0.086401089408
89440	GARLIC	1.84265716332	0.0723481323642
61337	GARLIC	3.03447937727	0.117695949054
8193	GARLIC	2.7476931185	0.10688779775
241	GARLIC	7.33816679189	0.271987194929
176	GARLIC	3.47380684833	0.134125340325
61204	GARLIC	1.56433302886	0.0615944660245
61177	GARLIC	2.08269261177	0.0815726610647
6213	GARLIC	5.68688778686	0.214539234394
31249	GARLIC	2.20109308841	0.0861057992229
8093	GARLIC	1.35119508313	0.053317512064
165675	GARLIC	0.75690890576	0.0300471917937
61192	GARLIC	8.46953825749	0.310088298982
519539	GARLIC	4.69502255623	0.178983607528
565690	GARLIC	1.44748813282	0.0570614365548
7463	GARLIC	1.45506187476	0.0573555929666
8857	GARLIC	3.16347409945	0.122535936627
5363491	GARLIC	2.38556078141	0.0931460711596
61151	GARLIC	1.98638745526	0.0778772041616
6050	GARLIC	3.13936508251	0.121632358052
263	GARLIC	5.57320859148	0.210504082058
1001	GARLIC	0.841138811727	0.0333625466689
5541	GARLIC	2.30803445502	0.0901905689828
6997	GARLIC	0.273614235265	0.0109146235107
440967	GARLIC	2.99843573837	0.116341182784
239	GARLIC	5.09272461361	0.193334646948
61130	GARLIC	1.22182610414	0.0482759005542
10882	GARLIC	1.43412757684	0.0565424143109
78925	GARLIC	17.7234427695	0.58328954134
23235	SPICES	4.84969609221	0.184580022814
7824	SPICES	4.16464174997	0.159647973637
6276	SPICES	5.90896152382	0.222392130437
14104	SPICES	13.771679177	0.475003508138
8030	SPICES	13.3688115607	0.463262413409
61185	SPICES	4.32512062861	0.165522157763
13216	SPICES	7.22669847974	0.268177870823
14514	SPICES	3.9701465859	0.152501037871
12810	SPICES	6.40518934468	0.239796993571
7519	SPICES	5.0729141942	0.192622784399
170833	SPICES	10.2388023456	0.367618864434
8091	SPICES	4.0224948901	0.154427609548
93375	SPICES	6.08764994436	0.228682205036
62572	SPICES	4.47484852345	0.170984233215
325	SPICES	20.0658637243	0.64157899417
12580	SPICES	7.7884966087	0.287275592579
6501	SPICES	6.32979318101	0.237165214555
22386	SPICES	4.29125505394	0.164284254182
61918	SPICES	6.56590287375	0.245391682731
7151	SPICES	6.55230932703	0.244919270074
8063	SPICES	5.09675101105	0.193479292094
159055	SPICES	9.05621439786	0.329442568226
62374	SPICES	8.92060985675	0.324993482184
8078	SPICES	5.69879371493	0.214961248675
62444	SPICES	6.77676539442	0.252700796092
8918	SPICES	5.00917528163	0.190330276465
7991	SPICES	4.37760980332	0.167439005097
61138	SPICES	5.47530355684	0.207020562658
379	SPICES	3.64586850167	0.140517797214
6114390	SPICES	9.32294827728	0.338150985259
8077	SPICES	6.14917885362	0.230842193915
556940	SPICES	6.9633936226	0.259140204607
8892	SPICES	4.10242977793	0.157365219084
6826	SPICES	5.79350305638	0.218314251189
2346	SPICES	11.021297964	0.392264315035
6943	SPICES	10.1092068146	0.363489847615
61199	SPICES	8.95176374213	0.326016920047
8697	SPICES	4.12869410266	0.158329318109
637776	SPICES	14.1071589081	0.48468158334
6057	SPICES	5.71431135917	0.215511112643
14228	SPICES	4.93336569537	0.187599388981
89440	SPICES	6.93199710795	0.258058850756
61337	SPICES	7.52671837512	0.278408139206
8193	SPICES	3.01217262602	0.116857631469
241	SPICES	10.7052600446	0.382369364735
176	SPICES	6.12435999697	0.22997128573
61204	SPICES	5.80693089797	0.218789057337
61177	SPICES	3.741459697	0.144058979614
6213	SPICES	4.99871052894	0.189953578377
31249	SPICES	5.25861202118	0.199283280691
8093	SPICES	4.55489008842	0.17389679405
165675	SPICES	11.6482279758	0.411656633041
61192	SPICES	9.69427188108	0.350179312321
519539	SPICES	7.21072649521	0.267631229173
565690	SPICES	8.20635195235	0.301316393148
7463	SPICES	13.7811698933	0.475278538281
8857	SPICES	6.35724631986	0.238124020486
5363491	SPICES	8.60283786058	0.314509986721
61151	SPICES	7.53686349837	0.278752815378
6050	SPICES	3.23449420204	0.125194986984
263	SPICES	6.46145873821	0.241758169918
1001	SPICES	3.43699551629	0.13275464538
5541	SPICES	3.35888874079	0.129842696203
6997	SPICES	7.05738742251	0.262372810008
440967	SPICES	8.85883031645	0.322961662828
239	SPICES	5.32126125783	0.201524121763
61130	SPICES	8.9365906158	0.325518563898
10882	SPICES	4.11026522829	0.157652897033
78925	SPICES	11.7656402287	0.415253493153
23235	COLD	5.8462400477	0.22017819283
7824	COLD	4.9453366032	0.18803092248
6276	COLD	5.31872825294	0.201433582026
14104	COLD	3.90496134445	0.150098964537
8030	COLD	4.19800229786	0.160870802597
61185	COLD	2.96076564971	0.114924172696
13216	COLD	9.24790416082	0.335706673886
14514	COLD	4.26180151368	0.163206879691
12810	COLD	5.2698639515	0.199685971633
7519	COLD	6.03436840379	0.226809295339
170833	COLD	9.2484119771	0.335723229445
8091	COLD	6.13324705752	0.230283194514
93375	COLD	5.85024327484	0.220319592444
62572	COLD	4.72648568684	0.180123560695
325	COLD	3.77734643665	0.145386519025
12580	COLD	4.17892619824	0.160171678261
6501	COLD	6.22052082054	0.23334288111
22386	COLD	4.54061502403	0.173377727043
61918	COLD	3.48465283176	0.134528991127
7151	COLD	5.17283925202	0.19621026371
8063	COLD	3.36325538057	0.130005620521
159055	COLD	11.3275752276	0.40177742489
62374	COLD	5.53465065163	0.209133082931
8078	COLD	6.96833887846	0.259310456449
62444	COLD	1.37364552072	0.0541910600223
8918	COLD	5.5530807874	0.209788549003
7991	COLD	1.2622949654	0.0498544431842
61138	COLD	1.28093093544	0.0505809237932
379	COLD	3.83448858162	0.147498222192
6114390	COLD	5.7175393446	0.215625471321
8077	COLD	1.68608116898	0.0663060988758
556940	COLD	0.0887050863992	0.00354505601903
8892	COLD	2.69602256635	0.104933487583
6826	COLD	6.02348443442	0.226426431484
2346	COLD	3.71292411245	0.143002642312
6943	COLD	5.6393106039	0.212851694521
61199	COLD	3.14944368795	0.122010149301
8697	COLD	3.26689283544	0.126406677898
637776	COLD	3.03024666358	0.117536908606
6057	COLD	3.18032216127	0.123167106831
14228	COLD	3.57731846415	0.137973855608
89440	COLD	6.27685757704	0.235314726665
61337	COLD	5.20012308607	0.197188411399
8193	COLD	6.24830724026	0.234315752263
241	COLD	5.67162661241	0.213998125124
176	COLD	3.22883053548	0.124983082769
61204	COLD	4.14205361975	0.158819501515
61177	COLD	5.54586157893	0.209531830896
6213	COLD	3.96470101817	0.152300499061
31249	COLD	5.12241687153	0.194401013019
8093	COLD	6.10776788098	0.229388783844
165675	COLD	9.17089422898	0.333193648775
61192	COLD	2.42460133873	0.0946325768884
519539	COLD	2.84447360254	0.110542532071
565690	COLD	7.45990686276	0.27613619035
7463	COLD	5.29517370435	0.20059140235
8857	COLD	4.5844957897	0.17497279093
5363491	COLD	5.47078639206	0.206859654183
61151	COLD	5.67680610067	0.214181793025
6050	COLD	4.94758558724	0.188111982233
263	COLD	4.38579286016	0.167737642802
1001	COLD	3.98617039779	0.153090994136
5541	COLD	4.50708166569	0.172157752571
6997	COLD	5.57552745122	0.210586495505
440967	COLD	6.1560022032	0.231081542878
239	COLD	2.09912200356	0.0822023548682
61130	COLD	6.67869377475	0.249305770775
10882	COLD	5.22206512522	0.19797461934
78925	COLD	2.3079807611	0.0901885203665
23235	SOUR	6.57452701107	0.245691318275
7824	SOUR	12.0773534863	0.42474915256
6276	SOUR	8.69887917219	0.317686967347
14104	SOUR	7.09436346569	0.263642541434
8030	SOUR	9.8149091765	0.354063390203
61185	SOUR	6.93110404764	0.258028080578
13216	SOUR	3.6205735301	0.139579520129
14514	SOUR	6.30924418364	0.236447142478
12810	SOUR	4.62365021584	0.176394752106
7519	SOUR	5.76534629076	0.21731816449
170833	SOUR	5.578635685	0.210696956958
8091	SOUR	6.62929723727	0.247592856747
93375	SOUR	11.2892168363	0.400590106741
62572	SOUR	11.5872731647	0.409784966831
325	SOUR	6.97149930521	0.259419251183
12580	SOUR	6.51945543131	0.243776897604
6501	SOUR	9.66337400072	0.349182641198
22386	SOUR	6.06234391205	0.227792950999
61918	SOUR	8.41659157176	0.308328057396
7151	SOUR	6.52470020969	0.243959323257
8063	SOUR	14.5920596824	0.498511104987
159055	SOUR	4.93458532861	0.187643360198
62374	SOUR	7.61757440023	0.281492000112
8078	SOUR	11.0180765759	0.392163858463
62444	SOUR	20.9182231981	0.661700103218
8918	SOUR	7.3781321897	0.273350553745
7991	SOUR	18.5567178285	0.604528002513
61138	SOUR	20.5991310251	0.654235561409
379	SOUR	10.2928918987	0.369338226492
6114390	SOUR	8.30003885752	0.304445296286
8077	SOUR	11.812710757	0.416692376109
556940	SOUR	14.3604365748	0.491928607546
8892	SOUR	12.275186406	0.430735375719
6826	SOUR	10.0947457814	0.3630282743
2346	SOUR	9.01897007437	0.328222074494
6943	SOUR	6.00380634823	0.225733977662
61199	SOUR	8.09452788247	0.297572562643
8697	SOUR	14.8199946599	0.50494688971
637776	SOUR	7.37463103744	0.273231168322
6057	SOUR	11.6352976029	0.411259843993
14228	SOUR	7.52728375771	0.278427350001
89440	SOUR	6.38261205955	0.239009387701
61337	SOUR	10.9271273736	0.389324249888
8193	SOUR	5.44668481434	0.206000842387
241	SOUR	10.7186642429	0.382790664456
176	SOUR	14.1544407713	0.486038353432
61204	SOUR	5.23166898074	0.1983186151
61177	SOUR	9.18795675981	0.333750850624
6213	SOUR	21.612449588	0.677658792642
31249	SOUR	7.20095669877	0.267296757
8093	SOUR	9.42721194397	0.341539547744
165675	SOUR	3.90756938326	0.150195135936
61192	SOUR	8.36621112637	0.30665104961
519539	SOUR	10.1820871047	0.365813525066
565690	SOUR	7.31665766986	0.271252915011
7463	SOUR	7.45711841803	0.276041290681
8857	SOUR	8.66111122897	0.31643851007
5363491	SOUR	8.24905100089	0.302743303069
61151	SOUR	8.71764820117	0.318306971983
6050	SOUR	15.9729166716	0.536863040065
263	SOUR	9.38411636324	0.340139998562
1001	SOUR	5.5623850536	0.21011935115
5541	SOUR	11.1398901629	0.395956745381
6997	SOUR	5.97256182177	0.224633874985
440967	SOUR	5.7480043719	0.216704353172
239	SOUR	14.9895500499	0.509707357718
61130	SOUR	9.01542425972	0.328105820556
10882	SOUR	11.1098467922	0.395022393388
78925	SOUR	18.2441991896	0.596627645955
23235	BURNT	3.92772021628	0.150938014212
7824	BURNT	3.10052861863	0.120175833659
6276	BURNT	4.65073574494	0.17737769261
14104	BURNT	6.16468953267	0.231386222493
8030	BURNT	2.57094113035	0.100193749896
61185	BURNT	4.46548092964	0.170643029212
13216	BURNT	3.97604320688	0.152718160442
14514	BURNT	8.13711425143	0.298999518721
12810	BURNT	2.89378682326	0.112401872059
7519	BURNT	4.20411696139	0.161094838686
170833	BURNT	3.9939912427	0.153378863289
8091	BURNT	2.30075175693	0.0899126868182
93375	BURNT	5.50744505126	0.208165021653
62572	BURNT	2.12019425153	0.0830096805955
325	BURNT	5.88259413428	0.221461799872
12580	BURNT	8.16493002843	0.299930768189
6501	BURNT	3.74281214	0.144109028514
22386	BURNT	4.63272563265	0.176724166591
61918	BURNT	14.2156562971	0.4877922983
7151	BURNT	8.83094656193	0.322043615605
8063	BURNT	6.18026577151	0.231932356858
159055	BURNT	5.13595881596	0.194887123455
62374	BURNT	14.7643486021	0.503379548227
8078	BURNT	3.54759053935	0.13686946212
62444	BURNT	11.5560316103	0.408824517781
8918	BURNT	3.21397334917	0.124427084091
7991	BURNT	3.75865869833	0.144695341849
61138	BURNT	3.20512598147	0.124095906236
379	BURNT	5.61490634694	0.211985384564
6114390	BURNT	6.19479884191	0.2324417406
8077	BURNT	7.42452198683	0.27493146878
556940	BURNT	21.1417242539	0.666879968385
8892	BURNT	3.78713256441	0.145748353352
6826	BURNT	3.11785618983	0.120825836705
2346	BURNT	20.1430675925	0.643425434885
6943	BURNT	8.28967068906	0.304099371509
61199	BURNT	7.9121771504	0.291446067112
8697	BURNT	4.27606291191	0.163728630866
637776	BURNT	6.02366869988	0.226432914153
6057	BURNT	12.6841272395	0.443010256049
14228	BURNT	6.31006518025	0.236475838179
89440	BURNT	4.37266200374	0.16725841095
61337	BURNT	5.01281504136	0.190461275799
8193	BURNT	6.33015017904	0.237177686646
241	BURNT	3.65671870809	0.140920111639
176	BURNT	3.84652838186	0.147942823037
61204	BURNT	3.19940063422	0.123881559601
61177	BURNT	4.96746430998	0.188828291731
6213	BURNT	5.2479962603	0.198903264513
31249	BURNT	2.94935155088	0.114494592207
8093	BURNT	3.52357684761	0.135976836384
165675	BURNT	4.92481496055	0.187291077464
61192	BURNT	13.2779762416	0.460597188436
519539	BURNT	10.4484968387	0.374271439074
565690	BURNT	1.78710623896	0.0702067500745
7463	BURNT	5.92229025448	0.222862201436
8857	BURNT	2.97092952741	0.115306612194
5363491	BURNT	2.10987253148	0.0826142764197
61151	BURNT	2.59111983792	0.100959232711
6050	BURNT	4.44944119752	0.170058637113
263	BURNT	3.73455247382	0.143803346081
1001	BURNT	3.1923082083	0.123615995653
5541	BURNT	3.15516045625	0.122224403248
6997	BURNT	8.97529585929	0.326789460067
440967	BURNT	4.70414805842	0.179314318755
239	BURNT	4.86625364314	0.185177975918
61130	BURNT	4.81660552274	0.183384345405
10882	BURNT	2.21724815461	0.0867234504327
78925	BURNT	6.14369551357	0.230649822717
23235	ACID	5.8773147058	0.221275456972
7824	ACID	4.07366545328	0.156308718041
6276	ACID	8.97643854227	0.32682696213
14104	ACID	7.43031064421	0.275128619261
8030	ACID	7.18531617529	0.266761139596
61185	ACID	2.28147286442	0.0891768672044
13216	ACID	6.56191808689	0.245253215884
14514	ACID	7.8764025872	0.290241016402
12810	ACID	4.52958530192	0.172976554874
7519	ACID	8.04932754565	0.296056432251
170833	ACID	6.94984779948	0.258673758205
8091	ACID	2.96019357014	0.114902644416
93375	ACID	5.95846469624	0.224137267235
62572	ACID	5.4256096802	0.205249491047
325	ACID	4.86230086101	0.185035246575
12580	ACID	7.50532012464	0.277680872916
6501	ACID	6.43159571667	0.240717659282
22386	ACID	8.88540650271	0.323836080621
61918	ACID	7.13769094497	0.265128984989
7151	ACID	5.8032161671	0.218657719531
8063	ACID	8.79545552095	0.32087420571
159055	ACID	5.61323215962	0.211925936274
62374	ACID	6.07567930215	0.228261620493
8078	ACID	14.0425749846	0.482825434505
62444	ACID	8.34471094515	0.305934757503
8918	ACID	6.25166319841	0.234433210838
7991	ACID	7.75840500418	0.286259060884
61138	ACID	5.53045154449	0.208983704065
379	ACID	6.69364585769	0.24982387636
6114390	ACID	4.52594642815	0.172844180698
8077	ACID	6.76694277289	0.252361105119
556940	ACID	4.85079054692	0.184619554305
8892	ACID	5.61112328711	0.211851049667
6826	ACID	5.19935716078	0.197160960477
2346	ACID	4.98789546705	0.189564178206
6943	ACID	9.61071495805	0.34748226152
61199	ACID	4.51811284361	0.172559176277
8697	ACID	7.24612102375	0.268842332994
637776	ACID	4.20082613648	0.160974269368
6057	ACID	3.88371408571	0.149315269389
14228	ACID	3.30802105556	0.127943640901
89440	ACID	5.77285328589	0.217583797411
61337	ACID	9.53803213696	0.34513166266
8193	ACID	10.8436905662	0.386713372608
241	ACID	9.85991248683	0.355509349774
176	ACID	6.26590429888	0.234931549282
61204	ACID	5.09271748961	0.193334391013
61177	ACID	4.16416778936	0.159630594223
6213	ACID	6.68493728615	0.249522136838
31249	ACID	6.12091525533	0.229850368788
8093	ACID	7.68902213807	0.283912460947
165675	ACID	7.32934909941	0.271686220688
61192	ACID	4.03777605216	0.154989587907
519539	ACID	6.70725262269	0.25029520981
565690	ACID	7.14904893291	0.265518397058
7463	ACID	6.62345348053	0.247390084818
8857	ACID	8.56499859193	0.313256263325
5363491	ACID	3.51938768909	0.135821071681
61151	ACID	6.11277524251	0.229564601234
6050	ACID	7.50340602867	0.277615800334
263	ACID	7.8925101377	0.290783718998
1001	ACID	7.73176411121	0.28535849394
5541	ACID	5.42715367933	0.20530454835
6997	ACID	8.97387639804	0.326742872879
440967	ACID	6.84982188682	0.25522485152
239	ACID	4.88193161289	0.185743962007
61130	ACID	7.09410465801	0.263633657961
10882	ACID	5.24639576442	0.19884596317
78925	ACID	6.15206514651	0.230943443634
23235	WARM	4.65944707271	0.177693704099
7824	WARM	5.1715122574	0.196162674684
6276	WARM	4.57365619776	0.174578915504
14104	WARM	7.48029320883	0.276829813757
8030	WARM	2.48746576098	0.0970236360746
61185	WARM	5.96875116993	0.224499650586
13216	WARM	6.32816921428	0.237108478329
14514	WARM	5.93543255557	0.223325558374
12810	WARM	7.14645173119	0.265429360309
7519	WARM	4.76501405923	0.181518418776
170833	WARM	6.43978503157	0.241003068762
8091	WARM	3.79915702169	0.146192843237
93375	WARM	7.28674989891	0.270231306321
62572	WARM	6.24064352602	0.234047488393
325	WARM	7.2230924452	0.268054472019
12580	WARM	5.53191377817	0.209035723107
6501	WARM	6.49496351658	0.24292472023
22386	WARM	5.13283543614	0.1947750176
61918	WARM	8.91417195152	0.324781893428
7151	WARM	6.90550347629	0.257145747747
8063	WARM	6.57039973598	0.245547928363
159055	WARM	8.25852876063	0.303059831509
62374	WARM	8.79802828137	0.320959010599
8078	WARM	5.16275380912	0.195848541607
62444	WARM	6.67553098044	0.249196153669
8918	WARM	3.03427162562	0.117688143305
7991	WARM	5.72808513286	0.215999021599
61138	WARM	6.16929411541	0.231547688664
379	WARM	5.84474125619	0.220125250107
6114390	WARM	6.99723527017	0.260304890236
8077	WARM	5.17733237261	0.196371386706
556940	WARM	7.36687799638	0.27296676329
8892	WARM	5.84476587821	0.22012611986
6826	WARM	5.59807183259	0.211387510006
2346	WARM	7.61891856071	0.281537574414
6943	WARM	6.36859577108	0.238520226005
61199	WARM	8.60642536926	0.314628791716
8697	WARM	5.99542422106	0.225438924206
637776	WARM	7.73791056049	0.285566318483
6057	WARM	6.55714265051	0.245087258125
14228	WARM	6.95485646115	0.258846247088
89440	WARM	9.19029574091	0.333827215314
61337	WARM	7.77117957626	0.286690690248
8193	WARM	1.8090309401	0.0710522004272
241	WARM	3.48060036856	0.134378183172
176	WARM	4.33755438778	0.165976424285
61204	WARM	6.43660334673	0.240892188812
61177	WARM	5.95960443882	0.224177423526
6213	WARM	4.6647470704	0.177885936724
31249	WARM	6.85431265955	0.255379865568
8093	WARM	4.80081838747	0.182813592623
165675	WARM	7.23452924418	0.268445804413
61192	WARM	6.18291976062	0.232025391718
519539	WARM	6.41965218325	0.240301313668
565690	WARM	7.13134726302	0.264911445007
7463	WARM	6.01792427149	0.226230805845
8857	WARM	3.81374661797	0.146731999412
5363491	WARM	4.41947991625	0.168966475558
61151	WARM	6.19031123382	0.232284468084
6050	WARM	6.22415694799	0.233470226034
263	WARM	4.8243448623	0.183664073152
1001	WARM	5.72862779316	0.216018241169
5541	WARM	6.41643084545	0.2401889999
6997	WARM	5.66286411521	0.213687352614
440967	WARM	7.33986358932	0.272045104569
239	WARM	4.31215934461	0.165048486499
61130	WARM	8.89855846537	0.32426860151
10882	WARM	5.57782961425	0.210668311288
78925	WARM	7.08453553857	0.263305164024
23235	MUSKY	9.31888600069	0.33801878551
7824	MUSKY	6.84601130536	0.255093303897
6276	MUSKY	6.47440459646	0.242209017907
14104	MUSKY	8.07742799884	0.296999182723
8030	MUSKY	10.1934201456	0.366174480118
61185	MUSKY	6.571852144	0.245598389519
13216	MUSKY	4.065442596	0.156006574439
14514	MUSKY	11.1221683184	0.395405681495
12810	MUSKY	5.07581252637	0.192726951934
7519	MUSKY	7.17591117885	0.266438966655
170833	MUSKY	4.72551322732	0.180088338988
8091	MUSKY	4.46202508559	0.170517136278
93375	MUSKY	10.8268481314	0.38618566907
62572	MUSKY	7.19438619207	0.267071770611
325	MUSKY	7.80463524814	0.287820477383
12580	MUSKY	8.86331042495	0.323109108322
6501	MUSKY	8.28207686341	0.303845955668
22386	MUSKY	6.92476216976	0.257809554347
61918	MUSKY	11.2956733194	0.400790038482
7151	MUSKY	6.24091806215	0.234057099183
8063	MUSKY	13.3645210957	0.463136674181
159055	MUSKY	6.32517477886	0.237003856761
62374	MUSKY	6.39998413115	0.239615446495
8078	MUSKY	8.76596805538	0.319901843836
62444	MUSKY	13.7613067788	0.474702845449
8918	MUSKY	7.42597573484	0.274980983148
7991	MUSKY	16.4122809454	0.548746051483
61138	MUSKY	17.0813851323	0.566545918078
379	MUSKY	11.984446323	0.421927071452
6114390	MUSKY	11.348396249	0.402421410991
8077	MUSKY	10.6921792025	0.38195808966
556940	MUSKY	13.377710939	0.463523177572
8892	MUSKY	14.2351545933	0.488350333214
6826	MUSKY	7.67641667896	0.283485717947
2346	MUSKY	10.877406552	0.387769072759
6943	MUSKY	10.0858353735	0.362743784867
61199	MUSKY	7.63715761256	0.282155833943
8697	MUSKY	16.112669702	0.540659538109
637776	MUSKY	3.90600094514	0.150137300452
6057	MUSKY	14.6880129877	0.501225429298
14228	MUSKY	8.73859629561	0.318998625737
89440	MUSKY	6.65940309872	0.248637064096
61337	MUSKY	10.1780547813	0.365685071598
8193	MUSKY	6.78506275293	0.252987679493
241	MUSKY	7.77641286324	0.286867475722
176	MUSKY	13.0793264083	0.454745544616
61204	MUSKY	7.07878482258	0.263107715077
61177	MUSKY	6.0874818307	0.228676299212
6213	MUSKY	11.2895277864	0.400599736402
31249	MUSKY	4.81030983293	0.183156761042
8093	MUSKY	6.35515463768	0.23805098932
165675	MUSKY	4.06199230191	0.155879779492
61192	MUSKY	6.65460209156	0.248470592063
519539	MUSKY	9.68609617616	0.349915663393
565690	MUSKY	6.83912415933	0.254855518666
7463	MUSKY	8.18949475682	0.300752660524
8857	MUSKY	5.48684736702	0.207431697069
5363491	MUSKY	4.3923782686	0.167977936002
61151	MUSKY	5.323053353	0.201588175321
6050	MUSKY	12.8469371527	0.447859968425
263	MUSKY	8.38448870831	0.307259687973
1001	MUSKY	7.69376134114	0.284072868216
5541	MUSKY	6.6029705789	0.24667913497
6997	MUSKY	7.93639697374	0.29226132018
440967	MUSKY	4.27981992706	0.163866053639
239	MUSKY	16.1078989366	0.540530194203
61130	MUSKY	7.99689484414	0.294295662906
10882	MUSKY	4.4305578688	0.169370377541
78925	MUSKY	11.754779672	0.414921248824
23235	SWEATY	2.80532977536	0.109065240955
7824	SWEATY	4.11550010609	0.157845067794
6276	SWEATY	3.82835419973	0.147271649638
14104	SWEATY	0.924615261866	0.0366426451216
8030	SWEATY	5.09118177601	0.19327921829
61185	SWEATY	1.78882727991	0.0702731299813
13216	SWEATY	1.06728562953	0.0422357857352
14514	SWEATY	4.39821465675	0.168190869403
12810	SWEATY	1.5235569994	0.0600137896038
7519	SWEATY	1.6977576072	0.066757351931
170833	SWEATY	1.15886856464	0.0458175520456
8091	SWEATY	1.46941109338	0.0579127761505
93375	SWEATY	6.21071934856	0.232999560012
62572	SWEATY	5.13473895511	0.194843340549
325	SWEATY	1.69539991024	0.0666662440674
12580	SWEATY	3.45113826447	0.133281388451
6501	SWEATY	5.35779088545	0.202829266149
22386	SWEATY	3.31406374527	0.128169342408
61918	SWEATY	5.07269311897	0.192614838567
7151	SWEATY	1.78967777556	0.0703059324063
8063	SWEATY	6.24432354794	0.234176311289
159055	SWEATY	2.67900059883	0.10428920627
62374	SWEATY	2.91625630741	0.113248431956
8078	SWEATY	4.48120972765	0.171215892857
62444	SWEATY	7.88952634525	0.290683203429
8918	SWEATY	3.78646078982	0.145723517468
7991	SWEATY	11.8967747673	0.419257690745
61138	SWEATY	12.3348577368	0.432534823317
379	SWEATY	6.4379316618	0.240938480839
6114390	SWEATY	6.21496635779	0.23314833158
8077	SWEATY	5.03462577611	0.191246048362
556940	SWEATY	6.96786449003	0.259294125381
8892	SWEATY	8.7807779224	0.320390292527
6826	SWEATY	1.14466481236	0.0452624894815
2346	SWEATY	5.44499617777	0.20594065376
6943	SWEATY	4.45869336474	0.170395755981
61199	SWEATY	4.30652378728	0.164842492639
8697	SWEATY	11.3557722236	0.402649463825
637776	SWEATY	0.419727869503	0.0167186461863
6057	SWEATY	9.09558897899	0.33073166361
14228	SWEATY	2.97935099405	0.115623426824
89440	SWEATY	2.08005792518	0.0814716606185
61337	SWEATY	3.12378033862	0.121048012103
8193	SWEATY	5.73095793919	0.216100766007
241	SWEATY	3.4715980331	0.134043124163
176	SWEATY	7.87684039142	0.290255769836
61204	SWEATY	2.87803164998	0.111808039528
61177	SWEATY	2.98680489118	0.115903794264
6213	SWEATY	6.8888576922	0.256571763566
31249	SWEATY	4.91476394061	0.186928595788
8093	SWEATY	4.09020474088	0.156916279706
165675	SWEATY	1.33092646443	0.0525285124755
61192	SWEATY	4.9137972199	0.186893727549
519539	SWEATY	4.13206646192	0.158453069178
565690	SWEATY	5.43482192147	0.205577961132
7463	SWEATY	1.33042964538	0.0525091685988
8857	SWEATY	2.45578785205	0.0958191564925
5363491	SWEATY	3.25713053375	0.126041661625
61151	SWEATY	0.240403546349	0.00959302430793
6050	SWEATY	6.59570550472	0.246426887747
263	SWEATY	4.99490320562	0.189816505011
1001	SWEATY	3.53954537678	0.136570462481
5541	SWEATY	2.79151225218	0.108543473825
6997	SWEATY	2.952699927	0.114620622336
440967	SWEATY	2.34242185242	0.091502098043
239	SWEATY	9.47341784374	0.343038455493
61130	SWEATY	4.69722161838	0.179063308362
10882	SWEATY	3.57962682658	0.138059581776
78925	SWEATY	8.08275196561	0.297177726889
23235	AMMONIA/URINOUS	5.22807387703	0.198189852496
7824	AMMONIA/URINOUS	2.81903840594	0.109582745224
6276	AMMONIA/URINOUS	10.2833008054	0.369033522034
14104	AMMONIA/URINOUS	4.62240600226	0.17634958519
8030	AMMONIA/URINOUS	5.54206325328	0.20939674409
61185	AMMONIA/URINOUS	2.43757608225	0.0951263324275
13216	AMMONIA/URINOUS	8.00079850591	0.294426829543
14514	AMMONIA/URINOUS	7.68029137939	0.283616904907
12810	AMMONIA/URINOUS	3.16731745322	0.122679938189
7519	AMMONIA/URINOUS	5.83147855075	0.219656685195
170833	AMMONIA/URINOUS	5.85910169903	0.220632438873
8091	AMMONIA/URINOUS	3.18772753471	0.123444458654
93375	AMMONIA/URINOUS	4.92582012278	0.187327323358
62572	AMMONIA/URINOUS	2.66456203242	0.103742524967
325	AMMONIA/URINOUS	3.60613456916	0.139043700154
12580	AMMONIA/URINOUS	7.51912678599	0.27815016439
6501	AMMONIA/URINOUS	4.91576952296	0.186964864917
22386	AMMONIA/URINOUS	7.9572597558	0.292963197104
61918	AMMONIA/URINOUS	4.86218776853	0.185031162783
7151	AMMONIA/URINOUS	3.41576577294	0.131963648591
8063	AMMONIA/URINOUS	10.7106154601	0.382537704989
159055	AMMONIA/URINOUS	9.13507994825	0.332023323665
62374	AMMONIA/URINOUS	5.81645880349	0.219125874935
8078	AMMONIA/URINOUS	11.1504777152	0.396285847296
62444	AMMONIA/URINOUS	8.46888267437	0.310066517474
8918	AMMONIA/URINOUS	5.88032610795	0.221381750264
7991	AMMONIA/URINOUS	7.46347816629	0.276257724116
61138	AMMONIA/URINOUS	6.94145162743	0.258384564819
379	AMMONIA/URINOUS	7.65357663602	0.282712171312
6114390	AMMONIA/URINOUS	9.31495940641	0.337890988759
8077	AMMONIA/URINOUS	8.16633107046	0.299977657557
556940	AMMONIA/URINOUS	7.39799085209	0.274027526624
8892	AMMONIA/URINOUS	4.3293580544	0.165676985711
6826	AMMONIA/URINOUS	4.55217102019	0.173797936409
2346	AMMONIA/URINOUS	7.88927213471	0.290674639462
6943	AMMONIA/URINOUS	5.20908144528	0.19750944601
61199	AMMONIA/URINOUS	4.0546630462	0.155610404881
8697	AMMONIA/URINOUS	3.93054989523	0.151042306818
637776	AMMONIA/URINOUS	3.58580005572	0.138288817413
6057	AMMONIA/URINOUS	11.0216389304	0.392274947331
14228	AMMONIA/URINOUS	1.55970912193	0.0614152878591
89440	AMMONIA/URINOUS	4.87057262552	0.185333913941
61337	AMMONIA/URINOUS	5.30214397987	0.200840666881
8193	AMMONIA/URINOUS	8.23919612129	0.302414103762
241	AMMONIA/URINOUS	6.27294744908	0.235177950083
176	AMMONIA/URINOUS	2.75083097634	0.107006410629
61204	AMMONIA/URINOUS	4.46266245523	0.170540355733
61177	AMMONIA/URINOUS	3.36521801916	0.13007884384
6213	AMMONIA/URINOUS	5.15034020222	0.19540320641
31249	AMMONIA/URINOUS	2.28526592728	0.0893216609478
8093	AMMONIA/URINOUS	4.68181268749	0.178504759483
165675	AMMONIA/URINOUS	5.76640313245	0.217355563264
61192	AMMONIA/URINOUS	7.97618922	0.293599731011
519539	AMMONIA/URINOUS	5.82318780198	0.219363705608
565690	AMMONIA/URINOUS	3.98711798998	0.153125875653
7463	AMMONIA/URINOUS	3.02582905615	0.117370905655
8857	AMMONIA/URINOUS	5.87895611738	0.221333394683
5363491	AMMONIA/URINOUS	1.30849825498	0.0516550631259
61151	AMMONIA/URINOUS	4.81556842715	0.183346857375
6050	AMMONIA/URINOUS	7.21191710955	0.267671985024
263	AMMONIA/URINOUS	8.5118399191	0.311493029241
1001	AMMONIA/URINOUS	8.23887551221	0.302403392606
5541	AMMONIA/URINOUS	4.2896703027	0.164226303586
6997	AMMONIA/URINOUS	6.92925242164	0.257964281217
440967	AMMONIA/URINOUS	6.09288957207	0.228866261548
239	AMMONIA/URINOUS	5.55382783398	0.209815111915
61130	AMMONIA/URINOUS	5.90311905088	0.222186036224
10882	AMMONIA/URINOUS	3.15219584864	0.122113298478
78925	AMMONIA/URINOUS	9.98501861108	0.359520505778
23235	DECAYED	3.06799554933	0.118954783297
7824	DECAYED	5.45579922037	0.206325670762
6276	DECAYED	6.61031949375	0.246934250226
14104	DECAYED	3.07825710843	0.119340017607
8030	DECAYED	4.43309013518	0.169462690149
61185	DECAYED	4.06568689993	0.15601555201
13216	DECAYED	2.90253033565	0.112731340486
14514	DECAYED	6.06706902074	0.227959030229
12810	DECAYED	2.15665493968	0.0844057333757
7519	DECAYED	4.78381089288	0.182198497052
170833	DECAYED	2.93468432343	0.113942424106
8091	DECAYED	3.5118841432	0.135542033634
93375	DECAYED	5.74519282613	0.216604816801
62572	DECAYED	4.55451902928	0.173883303736
325	DECAYED	4.12796249235	0.158302469959
12580	DECAYED	4.41442165602	0.168782018818
6501	DECAYED	2.11631534219	0.0828610974367
22386	DECAYED	3.61679465841	0.139439304896
61918	DECAYED	8.45664031422	0.309659706407
7151	DECAYED	4.45609453542	0.170301070014
8063	DECAYED	10.6867581613	0.381787606452
159055	DECAYED	3.39214287834	0.131083061811
62374	DECAYED	3.37153511448	0.130314504968
8078	DECAYED	10.8529859674	0.387004516934
62444	DECAYED	14.7948006438	0.504237575317
8918	DECAYED	4.21318149898	0.161426900622
7991	DECAYED	8.51757450915	0.311683350158
61138	DECAYED	8.0707447959	0.296775023212
379	DECAYED	3.89349252908	0.149675987534
6114390	DECAYED	3.28774352276	0.127186037922
8077	DECAYED	13.7933877607	0.47563249206
556940	DECAYED	11.8474687597	0.417753743982
8892	DECAYED	6.06457508944	0.227871375171
6826	DECAYED	3.99033675102	0.153244355086
2346	DECAYED	7.80578679002	0.287859348636
6943	DECAYED	5.2925505652	0.200497586014
61199	DECAYED	4.02662224978	0.154579415294
8697	DECAYED	5.52219703982	0.208690017534
637776	DECAYED	3.09503424766	0.119969675109
6057	DECAYED	6.07555638784	0.228257301345
14228	DECAYED	5.58980598912	0.211093867166
89440	DECAYED	1.66449919779	0.0654717448798
61337	DECAYED	3.73692160631	0.143891031016
8193	DECAYED	2.59370909522	0.10105743306
241	DECAYED	2.18667063065	0.085554213847
176	DECAYED	3.2312177007	0.125072400896
61204	DECAYED	3.01829017065	0.117087576604
61177	DECAYED	4.3924324157	0.167979911617
6213	DECAYED	8.096120663	0.297625958604
31249	DECAYED	1.3954969978	0.0550409151636
8093	DECAYED	3.95462778361	0.151929478982
165675	DECAYED	3.37450691449	0.130425357813
61192	DECAYED	7.32308303143	0.271472303223
519539	DECAYED	6.7546761675	0.251936786649
565690	DECAYED	3.04233284676	0.11799099821
7463	DECAYED	4.81693302332	0.183396183433
8857	DECAYED	2.00815828395	0.0787132514807
5363491	DECAYED	2.99809465569	0.116328357602
61151	DECAYED	3.05422696337	0.118437757597
6050	DECAYED	5.58531587877	0.210934333764
263	DECAYED	4.92565383882	0.187321327257
1001	DECAYED	2.09819439127	0.0821668077695
5541	DECAYED	0.357715585193	0.0142574392318
6997	DECAYED	4.60373022768	0.175671476304
440967	DECAYED	3.06630054163	0.118891142061
239	DECAYED	8.08530096722	0.297263201997
61130	DECAYED	2.5033600502	0.0976276773915
10882	DECAYED	4.69836073358	0.17910459191
78925	DECAYED	14.2573861035	0.488986220738
23235	WOOD	3.37894576473	0.130590920797
7824	WOOD	2.49356933752	0.0972556182843
6276	WOOD	3.0393016059	0.117877122536
14104	WOOD	5.64423910353	0.213026590118
8030	WOOD	2.93447913277	0.113934698199
61185	WOOD	2.63914411496	0.102779731935
13216	WOOD	2.85363525875	0.110888116674
14514	WOOD	4.67165919116	0.178136607807
12810	WOOD	2.9496209818	0.114504733698
7519	WOOD	2.70493332392	0.105270667242
170833	WOOD	4.39443126415	0.168052840112
8091	WOOD	2.4859723679	0.0969668712705
93375	WOOD	4.05203723412	0.155513887066
62572	WOOD	1.24171292654	0.0490517766649
325	WOOD	3.04134037085	0.117953714333
12580	WOOD	1.48838099184	0.0586491284829
6501	WOOD	2.72889880662	0.106177196786
22386	WOOD	2.50843890331	0.0978206498398
61918	WOOD	10.1756907135	0.36560975594
7151	WOOD	5.95879048859	0.224148745909
8063	WOOD	3.54704242737	0.136849093102
159055	WOOD	4.39806080179	0.168185256545
62374	WOOD	4.10263982009	0.157372931406
8078	WOOD	2.28224530371	0.0892063546977
62444	WOOD	2.19580885555	0.0859037236101
8918	WOOD	2.89801398734	0.112561165465
7991	WOOD	2.37369128855	0.0926938874085
61138	WOOD	2.0046767382	0.0785795779982
379	WOOD	4.34395451024	0.166210204095
6114390	WOOD	4.18630583204	0.160442170674
8077	WOOD	2.433717766	0.094979517774
556940	WOOD	3.1944030646	0.123694438208
8892	WOOD	2.57805663226	0.100463714891
6826	WOOD	3.72994769841	0.143632904003
2346	WOOD	2.76501303508	0.107542402569
6943	WOOD	4.35545873713	0.166630341161
61199	WOOD	3.63681772089	0.140182131582
8697	WOOD	2.56449825126	0.0999492695382
637776	WOOD	4.34202307595	0.166139657281
6057	WOOD	1.9589087918	0.0768214222102
14228	WOOD	3.14448306683	0.12182421317
89440	WOOD	7.76728389102	0.286559076023
61337	WOOD	2.39202316475	0.0933922166617
8193	WOOD	3.60456832602	0.138985567914
241	WOOD	2.96584255235	0.115115213276
176	WOOD	4.18906260462	0.160543205983
61204	WOOD	3.82220706403	0.147044575825
61177	WOOD	2.23332254656	0.0873378100237
6213	WOOD	3.25768049164	0.126062226791
31249	WOOD	1.22756122911	0.0484996865359
8093	WOOD	3.40804866448	0.131676028299
165675	WOOD	5.33476453982	0.202006696515
61192	WOOD	4.59687463511	0.17542248284
519539	WOOD	5.35401929793	0.20269456286
565690	WOOD	7.90874925656	0.291330644341
7463	WOOD	4.44204331636	0.169789033125
8857	WOOD	0.396739040078	0.0158066008567
5363491	WOOD	2.91292431846	0.113122921505
61151	WOOD	3.57975109456	0.138064196623
6050	WOOD	4.03866640882	0.155022325808
263	WOOD	2.75139541307	0.107027745835
1001	WOOD	2.75932680536	0.107327518447
5541	WOOD	2.94856260553	0.114464895646
6997	WOOD	3.15943431978	0.122384562703
440967	WOOD	3.96834332789	0.152434633608
239	WOOD	3.69639282522	0.142390385041
61130	WOOD	3.90682458854	0.150167672195
10882	WOOD	0.586611157758	0.0233268012502
78925	WOOD	2.1386472364	0.0837163646552
23235	GRASS	2.9694983135	0.115252764446
7824	GRASS	3.6291219669	0.139896668176
6276	GRASS	7.32323299818	0.271477423309
14104	GRASS	4.63866446512	0.176939695397
8030	GRASS	2.62825606524	0.102367150632
61185	GRASS	1.30513386554	0.0515240048586
13216	GRASS	4.08420039976	0.156695738828
14514	GRASS	2.91791159407	0.113310780534
12810	GRASS	3.33077210693	0.128793267146
7519	GRASS	2.91863014092	0.113337844877
170833	GRASS	5.25132568304	0.19902245875
8091	GRASS	3.5964496777	0.138684206994
93375	GRASS	4.10221736891	0.15735741982
62572	GRASS	1.97393332934	0.077398768058
325	GRASS	2.09799344588	0.0821591072358
12580	GRASS	2.08332982471	0.0815970877252
6501	GRASS	2.87672389466	0.11175873964
22386	GRASS	1.57207645301	0.0618944883707
61918	GRASS	4.35116732356	0.166473630111
7151	GRASS	3.27812534647	0.126826571544
8063	GRASS	2.18099346958	0.0853370457775
159055	GRASS	6.28589150521	0.235630687402
62374	GRASS	3.57506838473	0.137890289807
8078	GRASS	1.85529358457	0.0728348976688
62444	GRASS	0.750330657274	0.0297880278528
8918	GRASS	3.73164952233	0.14369589763
7991	GRASS	1.23535742178	0.0488038536873
61138	GRASS	3.49864826756	0.135049714822
379	GRASS	2.94593012668	0.114365803343
6114390	GRASS	2.0972527455	0.0821307221885
8077	GRASS	3.21569687546	0.12449159246
556940	GRASS	1.91147095834	0.0749973498439
8892	GRASS	2.81484401058	0.109424421702
6826	GRASS	4.61002433475	0.175900043643
2346	GRASS	2.99637553768	0.116263714962
6943	GRASS	3.4690301903	0.133947539428
61199	GRASS	2.82324034364	0.10974133933
8697	GRASS	3.71488402343	0.143075215614
637776	GRASS	4.73279561078	0.180352082714
6057	GRASS	1.53654575738	0.0605174411492
14228	GRASS	0.709846850333	0.0281923209929
89440	GRASS	3.6417024644	0.14036329984
61337	GRASS	3.35160318464	0.129570829823
8193	GRASS	4.29199770282	0.1643114104
241	GRASS	1.98007131951	0.0776345798083
176	GRASS	1.90380790997	0.0747025225755
61204	GRASS	2.94980453546	0.114511642699
61177	GRASS	2.92922835465	0.113736982684
6213	GRASS	4.68797289892	0.178728079997
31249	GRASS	2.9278644937	0.113685623551
8093	GRASS	2.12272332367	0.0831065512233
165675	GRASS	5.34852251167	0.202498223244
61192	GRASS	4.28224035906	0.163954581365
519539	GRASS	5.17083468243	0.196138374772
565690	GRASS	3.61282266234	0.139291911458
7463	GRASS	3.24116233055	0.125444439921
8857	GRASS	1.58011986245	0.0622060829861
5363491	GRASS	4.81959868402	0.183492534771
61151	GRASS	4.73254366748	0.180342958873
6050	GRASS	0.0	0.0
263	GRASS	5.0370861372	0.191334550787
1001	GRASS	3.36573577878	0.130098160218
5541	GRASS	1.40457572553	0.0553938958338
6997	GRASS	3.07934324597	0.119380787908
440967	GRASS	5.23445176829	0.198418276606
239	GRASS	0.896690222517	0.0355459875586
61130	GRASS	4.0620052114	0.155880253921
10882	GRASS	1.50890650802	0.0594455407808
78925	GRASS	1.93981472335	0.0760874364695
23235	FLOWER	9.00264578834	0.327686779057
7824	FLOWER	8.32238882669	0.305190690754
6276	FLOWER	6.92639350705	0.257865769476
14104	FLOWER	3.26988015244	0.126518359613
8030	FLOWER	4.4710106037	0.170844449821
61185	FLOWER	8.60371463359	0.314539023145
13216	FLOWER	10.0086871035	0.360277957125
14514	FLOWER	3.64077781125	0.140329007222
12810	FLOWER	14.4497841441	0.49447286104
7519	FLOWER	7.38015889777	0.273419657768
170833	FLOWER	6.23186352029	0.233740091637
8091	FLOWER	11.2820160534	0.400367087645
93375	FLOWER	4.34663184044	0.166307990275
62572	FLOWER	8.01503875579	0.294905211729
325	FLOWER	5.87922930557	0.221343037332
12580	FLOWER	7.24818618959	0.268912966368
6501	FLOWER	10.3250895513	0.370360592355
22386	FLOWER	4.61550293807	0.176098970574
61918	FLOWER	0.706654821084	0.0280664484289
7151	FLOWER	5.1854048682	0.196660825269
8063	FLOWER	2.30412584124	0.0900414352927
159055	FLOWER	6.16073367787	0.231247491335
62374	FLOWER	3.14863229006	0.121979737483
8078	FLOWER	2.24611746438	0.0878266811096
62444	FLOWER	2.25797550314	0.0882796387764
8918	FLOWER	10.4573818104	0.374552538686
7991	FLOWER	3.08807582007	0.119708547895
61138	FLOWER	2.79134081298	0.108536999105
379	FLOWER	5.8457421726	0.220160606284
6114390	FLOWER	7.50652314176	0.277721769799
8077	FLOWER	1.95088551036	0.0765130387045
556940	FLOWER	4.28579579299	0.164084613488
8892	FLOWER	4.5482202031	0.173654285318
6826	FLOWER	9.21865026584	0.334752605544
2346	FLOWER	1.95744813078	0.0767652839571
6943	FLOWER	1.44941860303	0.0571364184063
61199	FLOWER	2.64227195607	0.102898237807
8697	FLOWER	3.95862190122	0.152076601106
637776	FLOWER	6.00811699799	0.225885691975
6057	FLOWER	0.529814599418	0.0210803025728
14228	FLOWER	4.62368597918	0.176396050354
89440	FLOWER	8.11958622422	0.298412376788
61337	FLOWER	3.72983023341	0.143628555908
8193	FLOWER	6.17579319998	0.23177555934
241	FLOWER	1.65124387791	0.0649591125786
176	FLOWER	0.785928622936	0.0311900713973
61204	FLOWER	13.8781804898	0.478085662109
61177	FLOWER	7.86809872757	0.289961158068
6213	FLOWER	0.0	0.0
31249	FLOWER	6.64928257293	0.248286119423
8093	FLOWER	8.49086935336	0.310796829184
165675	FLOWER	6.16256101809	0.231311577403
61192	FLOWER	6.35108581453	0.237908916172
519539	FLOWER	1.00721257305	0.0398827120551
565690	FLOWER	10.9075074369	0.388710810081
7463	FLOWER	3.67814483036	0.141714293457
8857	FLOWER	6.24506126614	0.234202134558
5363491	FLOWER	5.99901752355	0.225565416443
61151	FLOWER	7.44356912156	0.275580076355
6050	FLOWER	1.64172606997	0.0645909370035
263	FLOWER	6.85767079385	0.255495772267
1001	FLOWER	13.1122837219	0.455718555115
5541	FLOWER	6.65658471941	0.248539340726
6997	FLOWER	3.17869025852	0.123105981637
440967	FLOWER	3.47020302788	0.133991197493
239	FLOWER	4.23450387893	0.162207745917
61130	FLOWER	5.49779200312	0.207821393361
10882	FLOWER	8.00337437314	0.294513374383
78925	FLOWER	3.20164361207	0.123965535755
23235	CHEMICAL	14.5031936591	0.495990695839
7824	CHEMICAL	13.3359291388	0.462298363154
6276	CHEMICAL	29.5623290578	0.832920642583
14104	CHEMICAL	19.2862294916	0.622665720463
8030	CHEMICAL	17.6004158868	0.580106779716
61185	CHEMICAL	9.77087571385	0.352647023668
13216	CHEMICAL	24.1412195694	0.732529389858
14514	CHEMICAL	21.5580075115	0.676421225314
12810	CHEMICAL	11.2702928023	0.400003912152
7519	CHEMICAL	28.2651240381	0.811038066769
170833	CHEMICAL	23.1799997859	0.712275035406
8091	CHEMICAL	12.2065720454	0.428662721377
93375	CHEMICAL	17.3775435089	0.574310132995
62572	CHEMICAL	9.99720381495	0.359910518951
325	CHEMICAL	12.9904754558	0.452118037204
12580	CHEMICAL	17.5157908308	0.577910461861
6501	CHEMICAL	12.8762576325	0.448731101052
22386	CHEMICAL	31.5798877793	0.86427978631
61918	CHEMICAL	8.00722919711	0.294642880118
7151	CHEMICAL	7.76104824999	0.286348382024
8063	CHEMICAL	28.7690133477	0.819698082307
159055	CHEMICAL	24.7757740072	0.745495369225
62374	CHEMICAL	29.3724835469	0.829802225991
8078	CHEMICAL	29.6781050492	0.834808234244
62444	CHEMICAL	19.5212463978	0.628418231542
8918	CHEMICAL	14.1493200897	0.485891499988
7991	CHEMICAL	20.730163784	0.657310675156
61138	CHEMICAL	10.1561782104	0.36498794608
379	CHEMICAL	16.6020340795	0.553830348949
6114390	CHEMICAL	15.5294905243	0.524713590596
8077	CHEMICAL	17.408187649	0.57510950707
556940	CHEMICAL	1.11342805305	0.0440412333102
8892	CHEMICAL	15.0981730602	0.512744990505
6826	CHEMICAL	12.8773298046	0.448762943024
2346	CHEMICAL	6.26256486872	0.234814707255
6943	CHEMICAL	32.0571237639	0.87122127695
61199	CHEMICAL	13.5259972605	0.467858849662
8697	CHEMICAL	10.9904565624	0.391302208316
637776	CHEMICAL	9.28397781579	0.336882214998
6057	CHEMICAL	11.2660797473	0.399873368742
14228	CHEMICAL	9.91314281319	0.357217552354
89440	CHEMICAL	16.9170745434	0.562208017293
61337	CHEMICAL	17.9131096251	0.588172586429
8193	CHEMICAL	26.9432951662	0.787355344883
241	CHEMICAL	26.34733145	0.776220508186
176	CHEMICAL	9.31371161329	0.337850374925
61204	CHEMICAL	14.07909685	0.483875486755
61177	CHEMICAL	16.9728621285	0.563683265606
6213	CHEMICAL	7.10250605377	0.263922005253
31249	CHEMICAL	16.1166204273	0.540766635494
8093	CHEMICAL	20.1523935739	0.643648156254
165675	CHEMICAL	28.1949924191	0.809816657759
61192	CHEMICAL	2.95384887201	0.114663865617
519539	CHEMICAL	15.9350797977	0.535832484644
565690	CHEMICAL	19.8951084274	0.63747820136
7463	CHEMICAL	22.7982551653	0.704026031178
8857	CHEMICAL	25.4794360769	0.759496777958
5363491	CHEMICAL	11.3270969103	0.401762626646
61151	CHEMICAL	15.3620241059	0.520084250385
6050	CHEMICAL	20.7196043624	0.657063372521
263	CHEMICAL	19.7545291066	0.634084596175
1001	CHEMICAL	23.4227672714	0.717460280196
5541	CHEMICAL	18.6728404798	0.607443630557
6997	CHEMICAL	34.7060784879	0.906438385912
440967	CHEMICAL	22.7397953997	0.702752498061
239	CHEMICAL	5.90416467029	0.22222292263
61130	CHEMICAL	19.908518648	0.637801100018
10882	CHEMICAL	14.6071146828	0.49893746757
78925	CHEMICAL	2.14944449906	0.0841297353004
