#oID	descriptor	value	sigma
23235	INTENSITY/STRENGTH	48.2011100766	0.998705598017
7824	INTENSITY/STRENGTH	47.8180834138	0.998095696004
6276	INTENSITY/STRENGTH	48.5692700622	0.999181204738
14104	INTENSITY/STRENGTH	52.0844862664	0.998261966802
8030	INTENSITY/STRENGTH	51.3577551541	0.999262600377
61185	INTENSITY/STRENGTH	45.447174273	0.99170871116
13216	INTENSITY/STRENGTH	47.9001053073	0.998236176912
14514	INTENSITY/STRENGTH	50.1685921591	0.999988630674
12810	INTENSITY/STRENGTH	49.1314242557	0.999698230471
7519	INTENSITY/STRENGTH	50.4710656054	0.999911238878
170833	INTENSITY/STRENGTH	49.3679348368	0.999840197452
8091	INTENSITY/STRENGTH	46.3643116368	0.99471270805
93375	INTENSITY/STRENGTH	51.3182043411	0.999304934926
62572	INTENSITY/STRENGTH	53.8067375477	0.994203499697
325	INTENSITY/STRENGTH	48.7322995862	0.999357174264
12580	INTENSITY/STRENGTH	49.4998663385	0.999899946528
22386	INTENSITY/STRENGTH	48.9512201231	0.999560024308
61918	INTENSITY/STRENGTH	55.0887243506	0.989641953794
7151	INTENSITY/STRENGTH	51.7023881587	0.998840749823
159055	INTENSITY/STRENGTH	49.4608643429	0.999883733097
62374	INTENSITY/STRENGTH	55.3474953066	0.988561717578
8078	INTENSITY/STRENGTH	51.0541800077	0.999555481805
62444	INTENSITY/STRENGTH	54.0182560604	0.993541447293
8918	INTENSITY/STRENGTH	45.2718828049	0.991057963116
61138	INTENSITY/STRENGTH	46.132178105	0.994015981515
379	INTENSITY/STRENGTH	45.7255199359	0.992691528073
6114390	INTENSITY/STRENGTH	49.0275523308	0.999621738212
8077	INTENSITY/STRENGTH	47.7682108405	0.998007646859
8892	INTENSITY/STRENGTH	47.1946237844	0.996851945715
6826	INTENSITY/STRENGTH	51.6924722274	0.998854215104
2346	INTENSITY/STRENGTH	49.4578311936	0.999882421194
6943	INTENSITY/STRENGTH	52.5528439626	0.997393195081
8697	INTENSITY/STRENGTH	48.7415227554	0.99936649401
637776	INTENSITY/STRENGTH	51.6045914321	0.998970114534
6057	INTENSITY/STRENGTH	45.495981494	0.991885526919
14228	INTENSITY/STRENGTH	44.9971825693	0.989988727102
89440	INTENSITY/STRENGTH	49.721500189	0.999968975142
61337	INTENSITY/STRENGTH	52.2680549762	0.99794237065
8193	INTENSITY/STRENGTH	43.8455650521	0.984849172189
241	INTENSITY/STRENGTH	49.3738397418	0.999843169332
61204	INTENSITY/STRENGTH	48.2381022343	0.998758286505
61177	INTENSITY/STRENGTH	47.8811842921	0.998204247998
6213	INTENSITY/STRENGTH	46.2792368146	0.994462368527
31249	INTENSITY/STRENGTH	48.1824505078	0.998678605537
8093	INTENSITY/STRENGTH	47.4040685416	0.997304455945
165675	INTENSITY/STRENGTH	47.4663831639	0.997432314291
61192	INTENSITY/STRENGTH	47.7262774625	0.997932074329
519539	INTENSITY/STRENGTH	51.6591269319	0.99889891913
565690	INTENSITY/STRENGTH	48.046562013	0.998473632012
7463	INTENSITY/STRENGTH	50.0516078737	0.999998934651
8857	INTENSITY/STRENGTH	49.7260806057	0.999969987266
5363491	INTENSITY/STRENGTH	47.8528201066	0.998155847402
61151	INTENSITY/STRENGTH	51.3325511345	0.99928972299
6050	INTENSITY/STRENGTH	48.1505589022	0.99863182705
1001	INTENSITY/STRENGTH	49.4795809945	0.999891665623
5541	INTENSITY/STRENGTH	46.4387097015	0.994926884564
6997	INTENSITY/STRENGTH	51.7953804477	0.998710643619
440967	INTENSITY/STRENGTH	50.8990122011	0.999676710825
239	INTENSITY/STRENGTH	51.7425079227	0.998785466456
10882	INTENSITY/STRENGTH	50.688562366	0.999810352747
78925	INTENSITY/STRENGTH	46.9496110224	0.996278050834
23235	VALENCE/PLEASANTNESS	45.9986773827	0.993595766925
7824	VALENCE/PLEASANTNESS	46.010526542	0.993633640611
6276	VALENCE/PLEASANTNESS	45.0958669782	0.990379791722
14104	VALENCE/PLEASANTNESS	45.1673401667	0.990658159574
8030	VALENCE/PLEASANTNESS	44.2342376361	0.986702393745
61185	VALENCE/PLEASANTNESS	46.17694825	0.994153710127
13216	VALENCE/PLEASANTNESS	42.3389620377	0.976523398936
14514	VALENCE/PLEASANTNESS	45.1150295281	0.990454825395
12810	VALENCE/PLEASANTNESS	45.4185351904	0.991604072079
7519	VALENCE/PLEASANTNESS	45.3595620526	0.991386534262
170833	VALENCE/PLEASANTNESS	44.4399933649	0.987634530487
8091	VALENCE/PLEASANTNESS	46.0817708922	0.993858992264
93375	VALENCE/PLEASANTNESS	36.2252052972	0.924102012358
62572	VALENCE/PLEASANTNESS	45.3116184604	0.991207631415
325	VALENCE/PLEASANTNESS	44.5490637523	0.988114917609
12580	VALENCE/PLEASANTNESS	45.0462317835	0.990184072183
6501	VALENCE/PLEASANTNESS	45.6954932881	0.992588488787
22386	VALENCE/PLEASANTNESS	43.805317266	0.98465036233
61918	VALENCE/PLEASANTNESS	44.7204665182	0.988850610486
7151	VALENCE/PLEASANTNESS	45.2083291869	0.990815956328
8063	VALENCE/PLEASANTNESS	31.7522910863	0.86680844776
159055	VALENCE/PLEASANTNESS	44.6358007915	0.988490146741
62374	VALENCE/PLEASANTNESS	44.8736329797	0.989488144469
8078	VALENCE/PLEASANTNESS	41.6477508295	0.972095973517
62444	VALENCE/PLEASANTNESS	44.6789469431	0.988674557746
8918	VALENCE/PLEASANTNESS	46.1129931154	0.993956470992
7991	VALENCE/PLEASANTNESS	44.8275829219	0.989298440628
61138	VALENCE/PLEASANTNESS	44.6790043994	0.988674802327
379	VALENCE/PLEASANTNESS	45.2932005088	0.99113841542
6114390	VALENCE/PLEASANTNESS	46.0844285317	0.993867320031
8077	VALENCE/PLEASANTNESS	43.9881748476	0.985543183335
556940	VALENCE/PLEASANTNESS	45.4891119803	0.99186075571
8892	VALENCE/PLEASANTNESS	45.1909327895	0.990749149026
6826	VALENCE/PLEASANTNESS	45.5244632787	0.991987828422
2346	VALENCE/PLEASANTNESS	44.8978344337	0.989587162614
6943	VALENCE/PLEASANTNESS	44.3392291204	0.98718226922
61199	VALENCE/PLEASANTNESS	44.7069792374	0.988793572483
8697	VALENCE/PLEASANTNESS	44.8069919975	0.989213067154
637776	VALENCE/PLEASANTNESS	46.4553417169	0.994974159062
6057	VALENCE/PLEASANTNESS	44.742237289	0.98894237251
14228	VALENCE/PLEASANTNESS	46.0868043538	0.993874759934
89440	VALENCE/PLEASANTNESS	45.4953290309	0.991883175784
61337	VALENCE/PLEASANTNESS	45.6040336106	0.992270191801
8193	VALENCE/PLEASANTNESS	44.6462278849	0.988534849656
241	VALENCE/PLEASANTNESS	44.5455444639	0.988099565922
176	VALENCE/PLEASANTNESS	44.1760383147	0.986432588115
61204	VALENCE/PLEASANTNESS	45.5731255986	0.992161113214
61177	VALENCE/PLEASANTNESS	46.2784383917	0.994459991678
6213	VALENCE/PLEASANTNESS	44.0683675436	0.985926294561
31249	VALENCE/PLEASANTNESS	46.2759275329	0.994452513704
8093	VALENCE/PLEASANTNESS	45.8390976722	0.993074756727
165675	VALENCE/PLEASANTNESS	43.5095496924	0.983149621922
61192	VALENCE/PLEASANTNESS	45.5055293403	0.991919893395
519539	VALENCE/PLEASANTNESS	43.8027642059	0.984637707405
565690	VALENCE/PLEASANTNESS	45.0255562034	0.990101963566
7463	VALENCE/PLEASANTNESS	44.5942501957	0.988311147621
8857	VALENCE/PLEASANTNESS	45.8717439978	0.993183000952
5363491	VALENCE/PLEASANTNESS	46.1931343965	0.994203109711
61151	VALENCE/PLEASANTNESS	45.5864994082	0.99220840501
6050	VALENCE/PLEASANTNESS	45.8813134001	0.993214568277
263	VALENCE/PLEASANTNESS	44.6814935071	0.988685395474
1001	VALENCE/PLEASANTNESS	44.9356872853	0.989741094691
5541	VALENCE/PLEASANTNESS	45.914134015	0.993322279661
6997	VALENCE/PLEASANTNESS	44.6829961535	0.988691788039
440967	VALENCE/PLEASANTNESS	44.2478267625	0.986765001218
239	VALENCE/PLEASANTNESS	44.2061582519	0.986572559119
61130	VALENCE/PLEASANTNESS	36.6703315689	0.928927975806
10882	VALENCE/PLEASANTNESS	46.2552816867	0.994390833902
78925	VALENCE/PLEASANTNESS	42.6245026208	0.978240815363
23235	BAKERY	3.54943579188	0.136938033899
7824	BAKERY	3.22541223539	0.12485517578
6276	BAKERY	3.05781872791	0.118572646967
14104	BAKERY	4.89557764611	0.186236433649
8030	BAKERY	4.1272125715	0.158274949416
61185	BAKERY	3.02454977206	0.117322830353
13216	BAKERY	3.78359893546	0.145617709057
14514	BAKERY	4.35748613658	0.166704371291
12810	BAKERY	3.4004787211	0.131393846631
7519	BAKERY	4.0369606766	0.154959606462
170833	BAKERY	3.5871275755	0.138338109323
8091	BAKERY	3.05951416592	0.118636315864
93375	BAKERY	4.11219689412	0.157723810446
62572	BAKERY	3.66890459284	0.141371839349
325	BAKERY	4.22871395939	0.161995749676
12580	BAKERY	4.58944510413	0.175152601619
6501	BAKERY	4.03233266453	0.154789423894
22386	BAKERY	3.24684854269	0.125657131524
61918	BAKERY	4.14590333521	0.158960727622
7151	BAKERY	4.11247087197	0.15773386821
8063	BAKERY	3.52772926332	0.136131221031
159055	BAKERY	3.63463314875	0.140101102699
62374	BAKERY	4.07124719536	0.156219866324
8078	BAKERY	3.19858579367	0.123851051315
62444	BAKERY	3.30767422851	0.12793068562
8918	BAKERY	3.0218614372	0.11722179887
7991	BAKERY	3.35169138574	0.129574121371
61138	BAKERY	3.46411626085	0.133764609847
379	BAKERY	3.05598216716	0.118503675884
6114390	BAKERY	4.50237568266	0.171986472591
8077	BAKERY	3.13461763965	0.121454374487
556940	BAKERY	3.92480643686	0.150830615248
8892	BAKERY	3.24981189619	0.125767964903
6826	BAKERY	4.12642771382	0.158246146282
2346	BAKERY	3.68760458821	0.142064812489
6943	BAKERY	4.6074103077	0.175805120411
61199	BAKERY	4.47327265489	0.170926838897
8697	BAKERY	3.27618333446	0.126753982482
637776	BAKERY	5.96812190734	0.224477484653
6057	BAKERY	4.3099384751	0.16496731114
14228	BAKERY	3.00601270642	0.1166260633
89440	BAKERY	4.01895472346	0.154297390111
61337	BAKERY	4.14116336895	0.158786841139
8193	BAKERY	2.78059207333	0.108131006022
241	BAKERY	3.73148319887	0.14368974121
176	BAKERY	3.66519416025	0.141234307117
61204	BAKERY	3.290967562	0.127306515482
61177	BAKERY	3.34571923097	0.12935123437
6213	BAKERY	3.61751090576	0.139465882169
31249	BAKERY	3.44589074633	0.133085964639
8093	BAKERY	3.1046024599	0.120328675823
165675	BAKERY	3.51091107391	0.135505844329
61192	BAKERY	3.79994936164	0.146222128405
519539	BAKERY	3.88010706294	0.14918219019
565690	BAKERY	3.45108087749	0.13327925141
7463	BAKERY	4.03246408175	0.154794256642
8857	BAKERY	3.73430611984	0.143794227915
5363491	BAKERY	3.55656095302	0.137202787796
61151	BAKERY	4.37821356853	0.167461041121
6050	BAKERY	3.23646988311	0.125268900403
263	BAKERY	3.17089061257	0.122813805592
1001	BAKERY	3.62942184262	0.13990779254
5541	BAKERY	3.41873587354	0.132074332952
6997	BAKERY	5.29464326554	0.200572431698
440967	BAKERY	3.65218004396	0.140751834129
239	BAKERY	3.41000431762	0.131748920926
61130	BAKERY	4.17554734089	0.160047815397
10882	BAKERY	3.39533803657	0.13120219331
78925	BAKERY	3.26826855373	0.126458110414
23235	SWEET	16.238433789	0.544062658793
7824	SWEET	16.8367885587	0.560080562761
6276	SWEET	15.4148674341	0.521547442159
14104	SWEET	15.7558340474	0.530934839285
8030	SWEET	13.5981268618	0.469961452811
61185	SWEET	16.8915964625	0.56153344608
13216	SWEET	11.7637541033	0.415195799892
14514	SWEET	15.6902109358	0.529135349748
12810	SWEET	15.5233009239	0.524542888327
7519	SWEET	15.1955043974	0.515458834338
170833	SWEET	14.5593337672	0.497583670791
8091	SWEET	16.7014669347	0.556483078281
93375	SWEET	14.7375497956	0.502623842232
62572	SWEET	16.4041269642	0.548526925984
325	SWEET	14.8121289211	0.504725491573
12580	SWEET	16.0145173165	0.537994786709
6501	SWEET	16.2413665877	0.544141868053
22386	SWEET	14.3748894584	0.492340599559
61918	SWEET	15.2703926518	0.517541749376
7151	SWEET	15.4938647556	0.523730652199
8063	SWEET	15.9131874804	0.535235684901
159055	SWEET	14.4884706603	0.495572513581
62374	SWEET	14.8808873758	0.506659171394
8078	SWEET	10.934291467	0.389548166727
62444	SWEET	15.7735182058	0.531419177597
8918	SWEET	16.4728709671	0.550372647524
7991	SWEET	15.7415982951	0.53054476505
61138	SWEET	15.4228721436	0.521768891681
379	SWEET	15.8613853247	0.53382199522
6114390	SWEET	16.634021517	0.554684591948
8077	SWEET	14.9690686328	0.509133539018
556940	SWEET	16.4834213561	0.550655582403
8892	SWEET	15.9488397863	0.53620739524
6826	SWEET	16.0351999308	0.538556942502
2346	SWEET	14.4023393145	0.493122621488
6943	SWEET	15.0285184819	0.510798192172
61199	SWEET	15.6167236874	0.527116124003
8697	SWEET	15.6492493148	0.528010370946
637776	SWEET	17.841966605	0.586344355266
6057	SWEET	15.344628192	0.519602081938
14228	SWEET	16.7796693091	0.558563851516
89440	SWEET	15.3724980699	0.520374444032
61337	SWEET	16.2064010773	0.543197068742
8193	SWEET	14.7373842805	0.502619173047
241	SWEET	13.6996064677	0.472912571759
176	SWEET	14.9784171971	0.50939549519
61204	SWEET	15.578801472	0.526072436758
61177	SWEET	16.7012726061	0.55647790158
6213	SWEET	14.8953086429	0.507064257889
31249	SWEET	17.3189458503	0.572779479866
8093	SWEET	16.3765898679	0.547786516436
165675	SWEET	13.4426635847	0.465424461688
61192	SWEET	15.9997273103	0.537592582811
519539	SWEET	14.0590487941	0.483299210566
565690	SWEET	15.4086053428	0.521374166269
7463	SWEET	14.350276803	0.491638894391
8857	SWEET	17.0545302979	0.565838410442
5363491	SWEET	16.6343032965	0.554692113397
61151	SWEET	16.3015337844	0.545765349885
6050	SWEET	16.7101550027	0.556714488021
263	SWEET	15.1690163028	0.514721029873
1001	SWEET	14.582660029	0.49824481175
5541	SWEET	16.3251534399	0.546401883662
6997	SWEET	16.3499374982	0.547069317451
440967	SWEET	14.0477485325	0.482974245767
239	SWEET	15.2678708195	0.517471681037
61130	SWEET	15.3450263519	0.51961312058
10882	SWEET	17.4214080459	0.575454138515
78925	SWEET	13.375057613	0.463445438059
23235	FRUIT	7.2992373083	0.270657946219
7824	FRUIT	8.1182960938	0.298369151165
6276	FRUIT	7.47182830285	0.276541844839
14104	FRUIT	5.23621937424	0.198481577635
8030	FRUIT	4.34630091302	0.16629590387
61185	FRUIT	8.74935755622	0.31935379919
13216	FRUIT	3.80133609929	0.146273381516
14514	FRUIT	5.88489849714	0.221543127757
12810	FRUIT	8.99578835553	0.327461850966
7519	FRUIT	5.15532314135	0.195581982977
170833	FRUIT	6.09391747106	0.228902366785
8091	FRUIT	9.83511826491	0.354712910083
93375	FRUIT	5.72567910983	0.215913803886
62572	FRUIT	7.46169766028	0.276197133622
325	FRUIT	5.14160935245	0.195089915405
12580	FRUIT	5.58648374687	0.210975829613
6501	FRUIT	6.93130675371	0.258035064823
22386	FRUIT	6.63066108961	0.24764017699
61918	FRUIT	6.06448926508	0.227868358585
7151	FRUIT	5.84564544375	0.220157189488
8063	FRUIT	7.47795433994	0.276750253154
159055	FRUIT	5.85335903576	0.22042963663
62374	FRUIT	5.5775970662	0.210660047035
8078	FRUIT	3.46040753025	0.1336265331
62444	FRUIT	7.36553169652	0.272920844992
8918	FRUIT	8.70496811632	0.31788813669
7991	FRUIT	7.29614395564	0.270552271577
61138	FRUIT	7.10031276826	0.263846734168
379	FRUIT	10.3403564141	0.370845068256
6114390	FRUIT	5.99573330564	0.225449805077
8077	FRUIT	7.14495908596	0.265378187302
556940	FRUIT	7.63526483233	0.282091685669
8892	FRUIT	7.58181670768	0.280279090472
6826	FRUIT	5.95691876195	0.224082798023
2346	FRUIT	6.62560150002	0.247464621906
6943	FRUIT	4.87147534359	0.185366504934
61199	FRUIT	5.92447740048	0.222939323032
8697	FRUIT	7.3694204541	0.273053475032
637776	FRUIT	5.87038936625	0.221030986125
6057	FRUIT	7.92920959102	0.292019437746
14228	FRUIT	8.87800683238	0.323592671169
89440	FRUIT	7.10269190923	0.263928383426
61337	FRUIT	8.04706066646	0.29598035251
8193	FRUIT	7.50958578412	0.277825879905
241	FRUIT	4.46680789863	0.170691366824
176	FRUIT	6.37215308327	0.238644389364
61204	FRUIT	8.0370086367	0.295642942337
61177	FRUIT	9.68498997853	0.349879986787
6213	FRUIT	6.50411514296	0.243243200201
31249	FRUIT	8.58239703415	0.313832865825
8093	FRUIT	7.96675845922	0.29328264223
165675	FRUIT	5.56975780089	0.210381431251
61192	FRUIT	7.90478008626	0.291196984165
519539	FRUIT	5.72762933752	0.21598287837
565690	FRUIT	9.79428249087	0.353400111831
7463	FRUIT	5.00552399625	0.190198851659
8857	FRUIT	7.66388589164	0.283061376882
5363491	FRUIT	10.0303329633	0.360970286789
61151	FRUIT	5.87697867486	0.221263595656
6050	FRUIT	9.00409933395	0.327734451432
263	FRUIT	7.16467582722	0.266054001205
1001	FRUIT	5.14344295143	0.195155715899
5541	FRUIT	8.04221236815	0.295817622816
6997	FRUIT	5.13011214195	0.194677265443
440967	FRUIT	5.60177651794	0.211519100655
239	FRUIT	6.92455658283	0.257802469766
61130	FRUIT	5.96387734027	0.224327960439
10882	FRUIT	8.45933775959	0.309749352251
78925	FRUIT	5.86826746331	0.220956073324
23235	FISH	1.22374522834	0.0483507881801
7824	FISH	1.18296459554	0.0467588217277
6276	FISH	1.22537046901	0.048414205646
14104	FISH	1.43502543091	0.0565772980416
8030	FISH	1.62957096249	0.0641206378911
61185	FISH	1.12127814455	0.0443482199112
13216	FISH	2.05978837648	0.0806944437968
14514	FISH	1.33528498204	0.0526982048884
12810	FISH	1.2881641073	0.050862817585
7519	FISH	1.44445865518	0.0569437618846
170833	FISH	1.42969431828	0.0563701623936
8091	FISH	1.14428834533	0.0452477754865
93375	FISH	1.49069722011	0.0587390175236
62572	FISH	1.27448547044	0.0503296935317
325	FISH	1.41502522994	0.0558000906369
12580	FISH	1.3697391473	0.0540390917595
6501	FISH	1.30751989899	0.0516169526453
22386	FISH	1.35982533229	0.0536533633179
61918	FISH	1.31783445388	0.0520187030962
7151	FISH	1.33984465481	0.0528757127127
8063	FISH	1.33394335185	0.0526459721277
159055	FISH	1.40739142481	0.0555033567432
62374	FISH	1.39104609374	0.0548678400558
8078	FISH	2.78302104274	0.10822275926
62444	FISH	3.17909706351	0.123121219285
8918	FISH	1.08268485843	0.042838511736
7991	FISH	1.22567325225	0.0484260201215
61138	FISH	1.31061604757	0.0517375561332
379	FISH	1.13287146059	0.0448014993251
6114390	FISH	1.31548322219	0.0519271304445
8077	FISH	4.68169935295	0.178500650586
556940	FISH	2.71340233566	0.105591072532
8892	FISH	1.17946114753	0.0466219944618
6826	FISH	1.34176308933	0.0529503922979
2346	FISH	1.45063970565	0.0571838460039
6943	FISH	1.42622611001	0.0562353960337
61199	FISH	1.35598117359	0.0535037729663
8697	FISH	1.22787812128	0.0485120509791
637776	FISH	1.37371925621	0.0541939284105
6057	FISH	1.35006151915	0.0532733943237
14228	FISH	1.12003484913	0.0442996027397
89440	FISH	1.28278398829	0.0506531456273
61337	FISH	1.34301734279	0.0529992154785
8193	FISH	1.06334483849	0.0420815126414
241	FISH	1.50135789981	0.0591526857749
176	FISH	1.27467286381	0.0503369981883
61204	FISH	1.24577948339	0.049210392727
61177	FISH	1.177678171	0.0465523564904
6213	FISH	1.40640164834	0.0554648796951
31249	FISH	1.21990396509	0.04820089233
8093	FISH	1.13001246958	0.0446897275105
165675	FISH	1.49674893602	0.0589738544899
61192	FISH	1.32950622756	0.0524732143786
519539	FISH	1.45710660037	0.0574350001568
565690	FISH	1.34538279573	0.0530912898825
7463	FISH	1.43396042787	0.0565359201114
8857	FISH	1.2156214837	0.0480337651115
5363491	FISH	1.21991502287	0.0482013238497
61151	FISH	1.3676314605	0.0539570920952
6050	FISH	1.19963344854	0.0474096897773
263	FISH	1.2922842728	0.0510233714552
1001	FISH	1.4232225185	0.0561186758051
5541	FISH	1.23325491081	0.0487218293623
6997	FISH	1.42034519257	0.0560068555165
440967	FISH	1.52600190791	0.0601086035871
239	FISH	1.29826689394	0.0512564769863
61130	FISH	1.43489494235	0.0565722282958
10882	FISH	1.18397696788	0.0467983581308
78925	FISH	3.68354159556	0.141914272348
23235	GARLIC	2.53406424251	0.0987939770664
7824	GARLIC	2.66149012941	0.103626193293
6276	GARLIC	2.81885901579	0.109575974171
14104	GARLIC	2.70308258241	0.105200641118
8030	GARLIC	2.98280942989	0.115753516357
61185	GARLIC	2.51747936162	0.0981640935304
13216	GARLIC	4.67187431604	0.178144408791
14514	GARLIC	2.74097740809	0.106633913463
12810	GARLIC	2.94791228527	0.114440416674
7519	GARLIC	2.67838119248	0.104265757374
170833	GARLIC	3.4081609534	0.131680213702
8091	GARLIC	2.60274795946	0.101400199602
93375	GARLIC	3.11281045788	0.120636582736
62572	GARLIC	2.77224641358	0.107815716472
325	GARLIC	2.82915216391	0.10996444577
12580	GARLIC	2.70842031254	0.105402596266
6501	GARLIC	2.64219450313	0.102895303408
22386	GARLIC	2.94513562437	0.114335895437
61918	GARLIC	2.83469945636	0.110173769851
7151	GARLIC	2.76358344495	0.107488380415
8063	GARLIC	2.80099919492	0.108901729201
159055	GARLIC	3.1534839508	0.122161573621
62374	GARLIC	2.83298819422	0.110109198925
8078	GARLIC	4.41112648707	0.168661844729
62444	GARLIC	3.03177086834	0.117594180894
8918	GARLIC	2.52969455976	0.0986280405641
7991	GARLIC	2.78257471697	0.108205899857
61138	GARLIC	2.91197784064	0.113087267648
379	GARLIC	2.6268215573	0.102312785695
6114390	GARLIC	2.59465069356	0.101093142854
8077	GARLIC	3.29779577443	0.127561648189
556940	GARLIC	2.8290553216	0.109960791259
8892	GARLIC	2.69262017161	0.104804725509
6826	GARLIC	2.65323542945	0.10331355388
2346	GARLIC	2.67775603728	0.104242090533
6943	GARLIC	2.73185734823	0.106289076101
61199	GARLIC	2.8892188143	0.112229718429
8697	GARLIC	2.74533989055	0.106798839176
637776	GARLIC	2.65879163584	0.103523996248
6057	GARLIC	2.70613436072	0.105316109157
14228	GARLIC	2.51163492575	0.0979420730299
89440	GARLIC	2.68931962467	0.104679808969
61337	GARLIC	2.77167515457	0.107794132918
8193	GARLIC	2.59398688463	0.101067968202
241	GARLIC	2.75432085652	0.107138320908
176	GARLIC	2.90220658086	0.112719142019
61204	GARLIC	2.85519031581	0.110946767937
61177	GARLIC	2.60293831148	0.101407417318
6213	GARLIC	3.05054430714	0.118299444058
31249	GARLIC	2.63709272309	0.102702005712
8093	GARLIC	2.62120473565	0.10209990372
165675	GARLIC	3.39276164606	0.131106133208
61192	GARLIC	2.8480885897	0.110678900142
519539	GARLIC	3.04409962454	0.118057367972
565690	GARLIC	2.95594991913	0.114742940796
7463	GARLIC	2.7397406477	0.106587154381
8857	GARLIC	2.73298957498	0.106331890192
5363491	GARLIC	2.71456478832	0.105635046737
61151	GARLIC	2.64986564303	0.103185910551
6050	GARLIC	2.58572119602	0.100754466199
263	GARLIC	2.96194485034	0.114968547095
1001	GARLIC	2.69517188105	0.104901294655
5541	GARLIC	2.69370491594	0.104845778168
6997	GARLIC	2.72251927646	0.105935926574
440967	GARLIC	3.37343513784	0.130385379662
239	GARLIC	2.8967817312	0.112514731489
61130	GARLIC	2.94438519888	0.114307646275
10882	GARLIC	2.62787204291	0.102352597127
78925	GARLIC	3.93980122904	0.151383235672
23235	SPICES	6.02929467064	0.226630829135
7824	SPICES	5.52724825758	0.208869740983
6276	SPICES	5.38018400215	0.203628808127
14104	SPICES	7.69255716269	0.284032112227
8030	SPICES	7.63694457445	0.282148614005
61185	SPICES	5.1989352122	0.197145837552
13216	SPICES	7.10751250835	0.264093806711
14514	SPICES	6.9427063254	0.258427784568
12810	SPICES	5.72775039251	0.215987165877
7519	SPICES	7.10617136677	0.264047786073
170833	SPICES	6.4439038712	0.241146596008
8091	SPICES	5.34550589011	0.202390462316
93375	SPICES	6.68885900516	0.24965802629
62572	SPICES	5.77061810412	0.217504710843
325	SPICES	7.22046791545	0.267964653851
12580	SPICES	6.7496150186	0.251761679584
6501	SPICES	6.51621386794	0.243664137448
22386	SPICES	5.69954111372	0.214987736986
61918	SPICES	6.52140375203	0.243844667323
7151	SPICES	6.78468273609	0.252974541512
8063	SPICES	5.4728538457	0.206933302141
159055	SPICES	6.51924352201	0.243769526441
62374	SPICES	6.79095111768	0.253191237874
8078	SPICES	6.5623987723	0.245269919833
62444	SPICES	5.69688034176	0.214893435419
8918	SPICES	5.24844087271	0.198919182271
7991	SPICES	5.48032458756	0.207199400468
61138	SPICES	5.82800357983	0.219533892903
379	SPICES	5.24123564727	0.198661205447
6114390	SPICES	7.42499070724	0.274947433489
8077	SPICES	5.72859605482	0.216017117089
556940	SPICES	6.14982423042	0.230864833991
8892	SPICES	5.40406403591	0.204480998195
6826	SPICES	6.93359578394	0.258113931159
2346	SPICES	6.99465201755	0.260216017963
6943	SPICES	7.15090300941	0.265581954836
61199	SPICES	6.4523319776	0.241440243924
8697	SPICES	5.5408238947	0.209352664015
637776	SPICES	8.12970550345	0.298751375509
6057	SPICES	6.85545340296	0.255419239574
14228	SPICES	5.17572291544	0.196313673539
89440	SPICES	6.76572123647	0.252318855919
61337	SPICES	6.76919620208	0.252439041194
8193	SPICES	4.91898885268	0.187080973574
241	SPICES	7.27069206009	0.269682497191
176	SPICES	5.97084609531	0.224573442575
61204	SPICES	5.60467926737	0.211622198819
61177	SPICES	5.32264733953	0.201573663701
6213	SPICES	6.03974457616	0.226998377228
31249	SPICES	5.55002020806	0.209679718598
8093	SPICES	5.40909356716	0.204660425399
165675	SPICES	6.61704449715	0.247167668735
61192	SPICES	6.35387047639	0.238006151043
519539	SPICES	6.5351851536	0.244323948147
565690	SPICES	6.19207791196	0.232346384931
7463	SPICES	7.30976897048	0.271017669858
8857	SPICES	5.92693980743	0.223026146105
5363491	SPICES	6.12426833963	0.229968068507
61151	SPICES	7.3504684878	0.272406984716
6050	SPICES	5.47776628874	0.207108282144
263	SPICES	5.48546723183	0.207382548973
1001	SPICES	6.78447663431	0.252967416092
5541	SPICES	5.8762633952	0.221238347212
6997	SPICES	6.91720733916	0.257549190617
440967	SPICES	6.7093350192	0.250367330208
239	SPICES	5.58289333951	0.210848254364
61130	SPICES	6.69518173387	0.249877085975
10882	SPICES	5.45498072777	0.206296503214
78925	SPICES	6.09344545946	0.228885787351
23235	COLD	4.81090529559	0.183178287918
7824	COLD	4.81021183953	0.183153218405
6276	COLD	5.05846872416	0.192103506633
14104	COLD	4.7949047748	0.182599746272
8030	COLD	4.47505161212	0.170991629712
61185	COLD	4.95370261008	0.188332436583
13216	COLD	6.05634003138	0.227581899425
14514	COLD	4.58285611117	0.174913216393
12810	COLD	5.08142861294	0.192928777818
7519	COLD	4.72139720944	0.179939251734
170833	COLD	5.39201996753	0.204051246969
8091	COLD	4.92119295003	0.187160461981
93375	COLD	5.11659525287	0.194191991322
62572	COLD	4.60803072041	0.175827649968
325	COLD	4.75963754723	0.181323842057
12580	COLD	4.74274449765	0.180712329758
6501	COLD	4.64282665553	0.17709073048
22386	COLD	4.88802233062	0.185963788303
61918	COLD	4.35929083234	0.166770266669
7151	COLD	4.25593831092	0.162992328074
8063	COLD	4.85858256188	0.184900972671
159055	COLD	5.56204404889	0.210107228355
62374	COLD	4.91053396298	0.186776020999
8078	COLD	6.97086157511	0.259397298565
62444	COLD	4.44482880951	0.169890551122
8918	COLD	5.04632432634	0.191666817371
7991	COLD	4.61634300761	0.176129471199
61138	COLD	4.47962534776	0.171158196608
379	COLD	4.86095008471	0.184986469098
6114390	COLD	4.59036504649	0.175186021356
8077	COLD	4.65841594928	0.177656302309
556940	COLD	4.30889811362	0.164929283363
8892	COLD	4.72652019404	0.180124810504
6826	COLD	4.45055332999	0.170099163222
2346	COLD	4.38189664477	0.167595458509
6943	COLD	4.77499187694	0.181879456108
61199	COLD	4.56747359902	0.17435421793
8697	COLD	4.80772805955	0.183063422744
637776	COLD	4.67573129457	0.178284266527
6057	COLD	4.26081882568	0.163170922201
14228	COLD	4.94989503593	0.188195217091
89440	COLD	5.08638278621	0.193106795509
61337	COLD	4.45283811954	0.170182417854
8193	COLD	5.18179452943	0.196531383359
241	COLD	4.70524198693	0.179353958615
176	COLD	4.44250016963	0.169805683682
61204	COLD	5.13088375087	0.194704962809
61177	COLD	4.89634247593	0.18626403118
6213	COLD	4.45884927649	0.170401436311
31249	COLD	4.63804985343	0.17691739156
8093	COLD	5.08219590594	0.192956350147
165675	COLD	5.31004782842	0.201123269961
61192	COLD	4.16944584781	0.159824122441
519539	COLD	4.50269477109	0.171998086763
565690	COLD	5.03341786922	0.19120259659
7463	COLD	5.0351814223	0.19126603611
8857	COLD	4.69190789378	0.178870715878
5363491	COLD	4.79104040993	0.182459989113
61151	COLD	4.54843822899	0.17366221303
6050	COLD	4.74447603239	0.180775020167
263	COLD	4.93812322446	0.187770904586
1001	COLD	4.57026780384	0.174455773034
5541	COLD	4.655436141	0.177548211375
6997	COLD	4.756152109	0.181197691206
440967	COLD	5.7423755134	0.216505069921
239	COLD	4.16275607305	0.159578827672
61130	COLD	5.17861767345	0.196417474535
10882	COLD	4.79204594751	0.182496356155
78925	COLD	4.27905142049	0.163837944396
23235	SOUR	8.1430709668	0.299198996764
7824	SOUR	8.94674418717	0.325852074867
6276	SOUR	8.79575299316	0.32088401144
14104	SOUR	7.96813575329	0.293328955178
8030	SOUR	7.42779136797	0.275042820876
61185	SOUR	8.63247037773	0.31549099718
13216	SOUR	7.82067127677	0.288361691383
14514	SOUR	8.32282741527	0.305205314137
12810	SOUR	8.38805898466	0.307378545974
7519	SOUR	7.66986343302	0.283263815288
170833	SOUR	8.67673911323	0.316955243874
8091	SOUR	8.77115152199	0.320072821271
93375	SOUR	8.41799622907	0.308374784958
62572	SOUR	8.92458898164	0.325124243869
325	SOUR	8.03834960075	0.295687958308
12580	SOUR	8.00430778678	0.294544734213
6501	SOUR	8.12989151864	0.298757606304
22386	SOUR	9.02886017419	0.32854628055
61918	SOUR	8.51891760013	0.311727921174
7151	SOUR	8.25577468936	0.302967861286
8063	SOUR	9.1721993075	0.333236276245
159055	SOUR	8.28281382486	0.303870551051
62374	SOUR	8.25596617044	0.302974255855
8078	SOUR	7.20836660095	0.267550444416
62444	SOUR	9.35965370362	0.339344901164
8918	SOUR	8.56804301732	0.313357176234
7991	SOUR	12.4897332289	0.437191954704
61138	SOUR	12.5311569268	0.438434319504
379	SOUR	11.8650406335	0.418289949647
6114390	SOUR	7.99427067806	0.294207481653
8077	SOUR	9.34696115976	0.338932173222
556940	SOUR	8.53191121925	0.312159045149
8892	SOUR	12.136785522	0.426550795757
6826	SOUR	8.10465697967	0.297912093283
2346	SOUR	7.55497242778	0.279367853757
6943	SOUR	7.82628264138	0.288551025662
61199	SOUR	8.50616888241	0.311304791674
8697	SOUR	12.3916031913	0.434243395791
637776	SOUR	7.91264461005	0.291461806512
6057	SOUR	8.16446174518	0.299915095572
14228	SOUR	8.61900274022	0.315045226315
89440	SOUR	8.22266410588	0.301861682236
61337	SOUR	8.42227001556	0.308516947736
8193	SOUR	8.42830997298	0.308717835319
241	SOUR	7.4022151132	0.274171489095
176	SOUR	13.0462078004	0.453766896828
61204	SOUR	8.34063863158	0.30579904415
61177	SOUR	8.726308417	0.318592953245
6213	SOUR	9.39279924333	0.340422098683
31249	SOUR	8.93493519994	0.325464181187
8093	SOUR	8.81573244681	0.321542442443
165675	SOUR	8.54246088646	0.31250898026
61192	SOUR	8.52419682173	0.311903100287
519539	SOUR	8.52264082703	0.311851470415
565690	SOUR	8.78416406935	0.320501947415
7463	SOUR	7.87711062133	0.290264876157
8857	SOUR	8.98342332906	0.327056175279
5363491	SOUR	8.95747011363	0.326204296211
61151	SOUR	8.07931351879	0.297062417978
6050	SOUR	8.93545571586	0.325481281094
263	SOUR	8.91815534676	0.324912815955
1001	SOUR	7.65492228405	0.282757757292
5541	SOUR	8.9199888697	0.324973074214
6997	SOUR	7.83957748064	0.288999509195
440967	SOUR	8.21610399134	0.301642413735
239	SOUR	12.5473317786	0.438919057239
61130	SOUR	8.32806198338	0.305379832776
10882	SOUR	8.89853876192	0.324267953638
78925	SOUR	9.65309642793	0.348850948859
23235	BURNT	5.22288812118	0.198004100717
7824	BURNT	4.76873098066	0.18165292116
6276	BURNT	4.97030533422	0.188930639323
14104	BURNT	5.99966170163	0.225588091851
8030	BURNT	6.80295645694	0.253606171655
61185	BURNT	4.8143166867	0.183301609404
13216	BURNT	6.38257645097	0.239008145178
14514	BURNT	5.82033019271	0.219262710287
12810	BURNT	5.73106862607	0.216104686004
7519	BURNT	5.87303836896	0.221124502885
170833	BURNT	5.61143465217	0.211862106544
8091	BURNT	4.85495613273	0.184770005689
93375	BURNT	6.61869780669	0.247225048005
62572	BURNT	4.85166634118	0.184651187133
325	BURNT	5.9061608055	0.222293338036
12580	BURNT	5.90634642605	0.2222998858
6501	BURNT	5.38881792351	0.203936973495
22386	BURNT	5.07887550344	0.192837029586
61918	BURNT	5.87562844634	0.221215933998
7151	BURNT	5.87416263855	0.22116419086
8063	BURNT	4.93213492719	0.187555015111
159055	BURNT	6.06327301183	0.227825608627
62374	BURNT	6.37260755381	0.238660251339
8078	BURNT	5.95300014752	0.223944721598
62444	BURNT	4.90587188349	0.186607843765
8918	BURNT	4.87375368574	0.185448757434
7991	BURNT	4.92992247563	0.187475244779
61138	BURNT	4.95011386088	0.188203103541
379	BURNT	5.00737033189	0.190265310219
6114390	BURNT	5.44729494214	0.206022588811
8077	BURNT	5.03143852752	0.191131391638
556940	BURNT	5.55753632807	0.209946969108
8892	BURNT	4.92007690079	0.187120213348
6826	BURNT	5.63662624436	0.212756427607
2346	BURNT	6.02112299636	0.226343351
6943	BURNT	6.0756674227	0.228261203055
61199	BURNT	5.94262318904	0.223579019415
8697	BURNT	4.93886988853	0.187797821231
637776	BURNT	5.83184067158	0.219669480616
6057	BURNT	5.8793646093	0.221347813088
14228	BURNT	4.8451562893	0.184416035785
89440	BURNT	5.68896671667	0.214612931745
61337	BURNT	5.54904728581	0.20964512112
8193	BURNT	5.33973501316	0.202184292522
241	BURNT	6.22933098202	0.233651413488
176	BURNT	5.18645075514	0.196698321631
61204	BURNT	5.63558484113	0.212719467045
61177	BURNT	4.8535574821	0.184719491191
6213	BURNT	5.27522785754	0.199877902722
31249	BURNT	4.67981879571	0.178432470244
8093	BURNT	4.84015295333	0.184235285889
165675	BURNT	5.76726478276	0.217386054081
61192	BURNT	5.42109885091	0.205088628936
519539	BURNT	5.97353613435	0.224668191795
565690	BURNT	5.19771232442	0.197102007614
7463	BURNT	6.02604997668	0.226516687739
8857	BURNT	4.73827058379	0.180550340101
5363491	BURNT	4.73560469833	0.18045380719
61151	BURNT	5.71206621162	0.215431568302
6050	BURNT	4.75035317264	0.1809877848
263	BURNT	4.9854452944	0.189475945862
1001	BURNT	5.86673116722	0.220901832854
5541	BURNT	4.78795629073	0.182348441452
6997	BURNT	6.09151654431	0.228818032249
440967	BURNT	6.07957287349	0.22839843241
239	BURNT	5.00047169738	0.190016981017
61130	BURNT	5.75846112391	0.21707449515
10882	BURNT	4.64134436648	0.177036943648
78925	BURNT	5.4356079977	0.205605986186
23235	ACID	6.04839254922	0.227302480997
7824	ACID	6.08659090763	0.228645000755
6276	ACID	7.06333371024	0.262577075169
14104	ACID	6.6272795024	0.247522846655
8030	ACID	6.52087511225	0.243826279598
61185	ACID	5.64679658928	0.213117338883
13216	ACID	7.65827831213	0.282871441803
14514	ACID	6.71373104753	0.25051956807
12810	ACID	6.37173278966	0.238629720089
7519	ACID	6.7034248081	0.250162630661
170833	ACID	6.95250120525	0.258765139006
8091	ACID	6.0832750961	0.228528509486
93375	ACID	6.56654730993	0.245414074968
62572	ACID	6.891636514	0.256667599024
325	ACID	6.7454031759	0.251615941434
12580	ACID	6.75203991985	0.251845579562
6501	ACID	5.44143750618	0.205813803394
22386	ACID	7.13593513447	0.265068777281
61918	ACID	6.77327485387	0.252580093256
7151	ACID	6.6278571674	0.247542890444
8063	ACID	6.93929599597	0.258310308271
159055	ACID	6.98691847634	0.259949927136
62374	ACID	6.75396056629	0.251912029319
8078	ACID	8.50293843586	0.311197552617
62444	ACID	6.94616295153	0.258546846162
8918	ACID	6.18893998489	0.232236408141
7991	ACID	6.99192187096	0.260122086258
61138	ACID	6.70158021544	0.250098737664
379	ACID	6.6306666169	0.247640368762
6114390	ACID	4.79330533449	0.182541902968
8077	ACID	7.03452796006	0.261587284954
556940	ACID	6.74352240464	0.251550858417
8892	ACID	6.60038644714	0.246589417385
6826	ACID	6.69367118642	0.249824753876
2346	ACID	6.67708218639	0.249249916846
6943	ACID	6.79275681733	0.253253654622
61199	ACID	6.80121516148	0.25354599539
8697	ACID	6.65566105103	0.248507312431
637776	ACID	5.95844057977	0.224136417534
6057	ACID	6.02215649537	0.226379712273
14228	ACID	5.25219036824	0.199053413264
89440	ACID	5.84329608469	0.220074199734
61337	ACID	6.39971287447	0.239605985028
8193	ACID	7.2539266456	0.269109285112
241	ACID	6.68489530972	0.249520682268
176	ACID	6.85380588805	0.255362373462
61204	ACID	6.34384698623	0.237656121615
61177	ACID	6.16142109189	0.231271599727
6213	ACID	6.89923281001	0.256929547054
31249	ACID	6.78257892262	0.252901806168
8093	ACID	6.63517076407	0.247796634135
165675	ACID	7.07347422488	0.262925353951
61192	ACID	6.40930987499	0.23994069377
519539	ACID	6.90920663669	0.257273410928
565690	ACID	5.87503032662	0.221194820529
7463	ACID	6.70889774297	0.250352186149
8857	ACID	6.96045153993	0.259038907341
5363491	ACID	6.117839028	0.229742379371
61151	ACID	6.69252259301	0.249784960257
6050	ACID	5.00739777138	0.190266297879
263	ACID	7.0694920914	0.262788596284
1001	ACID	6.71835685694	0.250679746735
5541	ACID	6.30246370395	0.236210128662
6997	ACID	6.80822440734	0.253788208461
440967	ACID	7.0272430408	0.26133686373
239	ACID	6.80214491008	0.253578126252
61130	ACID	6.71256485851	0.250479183549
10882	ACID	6.88805749415	0.256544165349
78925	ACID	6.94169868242	0.258393075058
23235	WARM	5.81176400258	0.218959919775
7824	WARM	5.5490748213	0.209646100303
6276	WARM	5.44762354128	0.206034300752
14104	WARM	6.36145424148	0.238270929633
8030	WARM	6.43739117183	0.240919644833
61185	WARM	5.48647133694	0.207418306385
13216	WARM	6.46921663235	0.242028359759
14514	WARM	6.17473687553	0.231738524828
12810	WARM	5.93576785864	0.223337378317
7519	WARM	6.28359351197	0.235550321509
170833	WARM	6.02223897862	0.226382614219
8091	WARM	5.48894728094	0.207506474337
93375	WARM	6.45278807102	0.241456133285
62572	WARM	5.73082795094	0.216096162436
325	WARM	6.21041888232	0.232989034215
12580	WARM	6.11720489868	0.229720117638
6501	WARM	6.08142926441	0.228463657817
22386	WARM	5.56596151893	0.210246489705
61918	WARM	5.99426783085	0.225398214503
7151	WARM	6.15697616837	0.23111570452
8063	WARM	5.64169329805	0.212936250614
159055	WARM	6.25198574843	0.234444499618
62374	WARM	6.34450293521	0.23767903041
8078	WARM	5.89575307434	0.221926161248
62444	WARM	5.60868703095	0.211764533154
8918	WARM	5.41170830938	0.204753697645
7991	WARM	5.62412987211	0.212312860157
61138	WARM	5.80159832292	0.218600515677
379	WARM	5.51833592758	0.208552624539
6114390	WARM	6.25427560837	0.23452463898
8077	WARM	5.52853435062	0.208915497199
556940	WARM	6.02453255978	0.226463305366
8892	WARM	5.58901763124	0.211065858017
6826	WARM	6.16790851586	0.23149910245
2346	WARM	6.29973227608	0.236114640343
6943	WARM	6.32442014552	0.23697748975
61199	WARM	6.15909476505	0.231190011272
8697	WARM	5.59530511873	0.211289229001
637776	WARM	6.4412221088	0.24105314745
6057	WARM	6.23045297682	0.233690701354
14228	WARM	5.48692004423	0.207434285141
89440	WARM	6.21708355313	0.233222490963
61337	WARM	6.2051530021	0.232804550572
8193	WARM	5.34818475518	0.202486158137
241	WARM	6.33731726	0.237428054378
176	WARM	5.81887830333	0.21921139425
61204	WARM	5.83883963797	0.219916766192
61177	WARM	5.52454222479	0.208773462274
6213	WARM	5.78658205874	0.218069469581
31249	WARM	5.67647841167	0.214170173603
8093	WARM	5.46306490733	0.206584565021
165675	WARM	6.10852621149	0.229415411469
61192	WARM	5.89807300939	0.222008014286
519539	WARM	5.94380988242	0.223620844929
565690	WARM	5.94958958728	0.223824536988
7463	WARM	6.27801559427	0.23535523185
8857	WARM	5.646326318	0.213100652364
5363491	WARM	5.70499257089	0.215180926742
61151	WARM	6.21525937965	0.233158595524
6050	WARM	5.61860387002	0.212116671022
263	WARM	5.51054717187	0.208275434821
1001	WARM	6.19059597198	0.232294447484
5541	WARM	5.6766695692	0.214176951809
6997	WARM	6.26877950953	0.235032141765
440967	WARM	6.2371531278	0.233925293456
239	WARM	5.72398929873	0.215853950552
61130	WARM	6.30541213917	0.236313196669
10882	WARM	5.59810818107	0.21138880116
78925	WARM	5.7636614752	0.217258541568
23235	MUSKY	7.69588235496	0.28414465211
7824	MUSKY	7.64142446868	0.282300431583
6276	MUSKY	7.67638305759	0.283484579565
14104	MUSKY	7.9923048895	0.294141420601
8030	MUSKY	8.3878618421	0.307371983171
61185	MUSKY	7.57377205561	0.280006072964
13216	MUSKY	7.74831696247	0.285918112199
14514	MUSKY	8.04491394745	0.295908301729
12810	MUSKY	7.52434712906	0.278327565275
7519	MUSKY	7.94136362772	0.292428442602
170833	MUSKY	7.77677118307	0.286879579309
8091	MUSKY	7.61256303096	0.281322074878
93375	MUSKY	11.6806965054	0.412652391875
62572	MUSKY	7.84719119828	0.28925628405
325	MUSKY	8.14329766307	0.299206587791
12580	MUSKY	7.9360509569	0.29224967636
6501	MUSKY	7.82686020079	0.28857051179
22386	MUSKY	8.06151319848	0.296465329919
61918	MUSKY	8.07823202438	0.297026147919
7151	MUSKY	8.0381461305	0.295681127934
8063	MUSKY	13.0837911734	0.454877410348
159055	MUSKY	7.64926124062	0.282565970614
62374	MUSKY	7.89703416358	0.290936107111
8078	MUSKY	7.52198811623	0.278247402561
62444	MUSKY	7.97715958589	0.293632353412
8918	MUSKY	7.53259442157	0.278607785375
7991	MUSKY	8.08439704321	0.297232891508
61138	MUSKY	8.34290043139	0.305874422212
379	MUSKY	7.93359234932	0.292166938947
6114390	MUSKY	7.89752570539	0.290952663309
8077	MUSKY	7.87359749113	0.290146484664
556940	MUSKY	7.84612418587	0.289220301539
8892	MUSKY	7.98652931106	0.293947312268
6826	MUSKY	7.9187720211	0.291668100715
2346	MUSKY	8.16228429293	0.299842217766
6943	MUSKY	8.16626049908	0.299975295748
61199	MUSKY	7.89869510893	0.290992050588
8697	MUSKY	7.95811239402	0.292991874611
637776	MUSKY	7.63119175681	0.281953635221
6057	MUSKY	8.31547061891	0.304960004111
14228	MUSKY	7.61101971093	0.281269740021
89440	MUSKY	7.88794934335	0.290630075797
61337	MUSKY	7.91469683333	0.291530902948
8193	MUSKY	7.80087633532	0.287693584773
241	MUSKY	8.34873721057	0.306068923218
176	MUSKY	8.40385985277	0.307904449941
61204	MUSKY	7.51541668468	0.27802407221
61177	MUSKY	7.406207201	0.274307525998
6213	MUSKY	8.10974803619	0.298082716163
31249	MUSKY	7.59965417749	0.280884269653
8093	MUSKY	7.63166876699	0.281969803412
165675	MUSKY	7.98618018447	0.293935577803
61192	MUSKY	7.78264605668	0.28707801041
519539	MUSKY	8.16388499389	0.299895792478
565690	MUSKY	7.86795745664	0.28995639645
7463	MUSKY	8.16804966488	0.300035172464
8857	MUSKY	7.61385318212	0.281365823173
5363491	MUSKY	7.59023739248	0.280564814229
61151	MUSKY	7.91731896843	0.291619182878
6050	MUSKY	7.70639998177	0.284500558999
263	MUSKY	7.77245758436	0.286733864614
1001	MUSKY	8.09949576296	0.297739097873
5541	MUSKY	7.66813769706	0.283205373586
6997	MUSKY	8.01157027522	0.294788707699
440967	MUSKY	7.60848419693	0.281183755167
239	MUSKY	8.53757524484	0.312346933369
61130	MUSKY	11.4990042534	0.407069330608
10882	MUSKY	7.54090571661	0.278890125054
78925	MUSKY	8.35117748823	0.306150233353
23235	SWEATY	4.09122190184	0.156953637414
7824	SWEATY	3.75212559497	0.144453645207
6276	SWEATY	5.13417500832	0.194823099126
14104	SWEATY	2.90548746378	0.11284275559
8030	SWEATY	4.32116275098	0.165377531031
61185	SWEATY	4.35824981817	0.166732256136
13216	SWEATY	4.06969847758	0.156162960824
14514	SWEATY	5.14810174476	0.195322889161
12810	SWEATY	3.94121078428	0.151435174393
7519	SWEATY	2.31905251609	0.0906108988147
170833	SWEATY	1.56301873361	0.0615435383198
8091	SWEATY	4.19281647912	0.160680775154
93375	SWEATY	2.46910141771	0.0963254719841
62572	SWEATY	3.42240983583	0.132211237799
325	SWEATY	1.41175801029	0.0556730961398
12580	SWEATY	3.39128847402	0.131051203955
6501	SWEATY	3.65483354955	0.140850218672
22386	SWEATY	5.49507677828	0.207724723612
61918	SWEATY	3.48987145241	0.134723176995
7151	SWEATY	3.36505117964	0.130072619409
8063	SWEATY	5.23515681261	0.198443525763
159055	SWEATY	4.65139980059	0.177401783982
62374	SWEATY	4.77324375639	0.181816207872
8078	SWEATY	4.21321862903	0.161428260675
62444	SWEATY	5.64894547416	0.213193584978
8918	SWEATY	4.37668048904	0.16740508672
7991	SWEATY	5.80559384421	0.218741785815
61138	SWEATY	6.1604107934	0.231236167279
379	SWEATY	4.27281537833	0.16360983463
6114390	SWEATY	3.93740220881	0.151294833891
8077	SWEATY	5.22333553531	0.198020127767
556940	SWEATY	4.63213574204	0.176702757069
8892	SWEATY	3.42749170616	0.132400588488
6826	SWEATY	3.44249384151	0.132959448121
2346	SWEATY	4.09910273812	0.157243052222
6943	SWEATY	2.13858397581	0.0837139424637
61199	SWEATY	5.05313808587	0.191911841629
8697	SWEATY	3.68962722146	0.142139749245
637776	SWEATY	3.11359233008	0.120665910324
6057	SWEATY	4.01581969136	0.154182064537
14228	SWEATY	4.4177241028	0.168902449613
89440	SWEATY	2.92621195075	0.113623391478
61337	SWEATY	4.42439912968	0.169145842124
8193	SWEATY	4.83890944704	0.184190360027
241	SWEATY	4.34431516403	0.166223376864
176	SWEATY	6.0238972249	0.226440953885
61204	SWEATY	4.03150294406	0.154758911367
61177	SWEATY	4.31219459187	0.165049774796
6213	SWEATY	5.45920491267	0.206447029195
31249	SWEATY	4.20362841351	0.161076939805
8093	SWEATY	3.77920333751	0.145455182354
165675	SWEATY	1.44382659525	0.0569192097151
61192	SWEATY	3.79916090625	0.146192986813
519539	SWEATY	3.37526959936	0.130453806027
565690	SWEATY	3.0393121268	0.11787751779
7463	SWEATY	1.3264806328	0.0523554049643
8857	SWEATY	5.32373025199	0.201612368561
5363491	SWEATY	4.11895459768	0.157971869116
61151	SWEATY	3.41814441802	0.132052292216
6050	SWEATY	4.40961001928	0.168606536562
263	SWEATY	5.22141208637	0.197951225784
1001	SWEATY	3.70173576828	0.142588291652
5541	SWEATY	4.02773868358	0.154620475782
6997	SWEATY	2.32128070154	0.0906958904233
440967	SWEATY	4.51719105101	0.172525636044
239	SWEATY	6.27854977688	0.235373916155
61130	SWEATY	3.1076105341	0.120441524071
10882	SWEATY	4.48823093675	0.171471550693
78925	SWEATY	5.71647543795	0.215587780945
23235	AMMONIA/URINOUS	5.54914419123	0.209648567147
7824	AMMONIA/URINOUS	4.97241594872	0.189006669802
6276	AMMONIA/URINOUS	6.33926812214	0.237496196756
14104	AMMONIA/URINOUS	4.98601512979	0.189496466442
8030	AMMONIA/URINOUS	6.26494098804	0.234897845288
61185	AMMONIA/URINOUS	5.33578970183	0.202043327376
13216	AMMONIA/URINOUS	6.96087295908	0.259053417422
14514	AMMONIA/URINOUS	6.20935326947	0.232951703569
12810	AMMONIA/URINOUS	5.6064534119	0.211685208532
7519	AMMONIA/URINOUS	4.63940427999	0.17696654237
170833	AMMONIA/URINOUS	4.16496840055	0.159659951311
8091	AMMONIA/URINOUS	5.28217167154	0.200126331835
93375	AMMONIA/URINOUS	4.50560914157	0.172104160168
62572	AMMONIA/URINOUS	4.61914514222	0.176231204951
325	AMMONIA/URINOUS	3.95995998126	0.152125886029
12580	AMMONIA/URINOUS	5.36402636996	0.203051943239
6501	AMMONIA/URINOUS	5.33380916746	0.201972558604
22386	AMMONIA/URINOUS	6.36655841154	0.238449110059
61918	AMMONIA/URINOUS	5.03681413341	0.191324766691
7151	AMMONIA/URINOUS	5.09752925964	0.193507248565
8063	AMMONIA/URINOUS	6.34055331098	0.237541085923
159055	AMMONIA/URINOUS	6.43775814983	0.240932433995
62374	AMMONIA/URINOUS	6.28733721671	0.235681244958
8078	AMMONIA/URINOUS	8.33091927403	0.305475084581
62444	AMMONIA/URINOUS	6.20980287213	0.232967454201
8918	AMMONIA/URINOUS	5.50906832545	0.208222799492
7991	AMMONIA/URINOUS	6.21404718107	0.233116134295
61138	AMMONIA/URINOUS	6.04582469052	0.227212189145
379	AMMONIA/URINOUS	5.32782162758	0.201758591785
6114390	AMMONIA/URINOUS	5.63133717665	0.212568703707
8077	AMMONIA/URINOUS	6.30559586072	0.236319618765
556940	AMMONIA/URINOUS	5.75859444047	0.217079213647
8892	AMMONIA/URINOUS	4.77775699795	0.181979495145
6826	AMMONIA/URINOUS	5.24648721511	0.198849237365
2346	AMMONIA/URINOUS	6.15161540992	0.230927667536
6943	AMMONIA/URINOUS	4.6079547654	0.175824891768
61199	AMMONIA/URINOUS	6.23576351133	0.233876641825
8697	AMMONIA/URINOUS	4.90827946331	0.186694695616
637776	AMMONIA/URINOUS	5.10668395832	0.193836069913
6057	AMMONIA/URINOUS	5.48691944682	0.207434263866
14228	AMMONIA/URINOUS	5.36046177485	0.202924650818
89440	AMMONIA/URINOUS	4.93770799841	0.187755935825
61337	AMMONIA/URINOUS	5.69068912425	0.214673987886
8193	AMMONIA/URINOUS	5.91374918922	0.22256099578
241	AMMONIA/URINOUS	6.60544862112	0.24676516425
176	AMMONIA/URINOUS	6.047360643	0.227266197421
61204	AMMONIA/URINOUS	5.66037383403	0.213599020585
61177	AMMONIA/URINOUS	5.54456518947	0.209485726323
6213	AMMONIA/URINOUS	6.15074157662	0.230897014288
31249	AMMONIA/URINOUS	5.12412120356	0.194462200899
8093	AMMONIA/URINOUS	5.07612637429	0.192738231385
165675	AMMONIA/URINOUS	4.0150047709	0.154152085512
61192	AMMONIA/URINOUS	5.22131288022	0.197947671932
519539	AMMONIA/URINOUS	5.04490486132	0.191615768429
565690	AMMONIA/URINOUS	4.68211936515	0.178515877906
7463	AMMONIA/URINOUS	3.80212608251	0.146302578201
8857	AMMONIA/URINOUS	5.99902247375	0.225565590694
5363491	AMMONIA/URINOUS	5.13918471613	0.195002900827
61151	AMMONIA/URINOUS	5.27823651745	0.199985548405
6050	AMMONIA/URINOUS	5.30300782412	0.200871556172
263	AMMONIA/URINOUS	6.40060611986	0.239637141314
1001	AMMONIA/URINOUS	5.76877597579	0.217439528528
5541	AMMONIA/URINOUS	5.15403461637	0.195535755524
6997	AMMONIA/URINOUS	4.70248180487	0.179253938145
440967	AMMONIA/URINOUS	6.51010355833	0.243451562997
239	AMMONIA/URINOUS	6.05441174237	0.227514109076
61130	AMMONIA/URINOUS	5.00716039541	0.190257753726
10882	AMMONIA/URINOUS	5.44067193251	0.20578651287
78925	AMMONIA/URINOUS	6.52064521292	0.24381828292
23235	DECAYED	4.31496800639	0.165151140697
7824	DECAYED	4.61880320223	0.176218790881
6276	DECAYED	4.75052390009	0.180993965073
14104	DECAYED	4.39932942912	0.168231537395
8030	DECAYED	4.27637491763	0.163740043731
61185	DECAYED	4.47728279525	0.171072887319
13216	DECAYED	5.25767817322	0.199249855019
14514	DECAYED	4.5059338331	0.172115977441
12810	DECAYED	4.54980726744	0.173711992229
7519	DECAYED	4.20621807301	0.161171814729
170833	DECAYED	4.74623630477	0.180838748567
8091	DECAYED	4.52300105045	0.172737026617
93375	DECAYED	4.68738643911	0.178706820912
62572	DECAYED	4.73480494287	0.180424846576
325	DECAYED	4.55840774575	0.174024677359
12580	DECAYED	4.44597010628	0.169932144177
6501	DECAYED	4.32152016103	0.16539059184
22386	DECAYED	5.01112291899	0.190400375596
61918	DECAYED	4.66665478636	0.177955124696
7151	DECAYED	4.45566842424	0.170285544527
8063	DECAYED	4.84817931263	0.184525235446
159055	DECAYED	4.64041004601	0.177003039683
62374	DECAYED	4.52294248811	0.172734896024
8078	DECAYED	5.59906681343	0.211422852865
62444	DECAYED	7.92459877672	0.29186424476
8918	DECAYED	4.39381499871	0.168030355851
7991	DECAYED	4.81283411326	0.18324801565
61138	DECAYED	4.90254715086	0.186487898608
379	DECAYED	4.61159205877	0.175956969824
6114390	DECAYED	4.22019175568	0.161683662845
8077	DECAYED	10.2275750121	0.367261684233
556940	DECAYED	6.8275200972	0.254454791617
8892	DECAYED	4.72581457521	0.180099253649
6826	DECAYED	4.35838120822	0.166737053626
2346	DECAYED	4.21507738053	0.161496344292
6943	DECAYED	4.4728292401	0.170910689039
61199	DECAYED	4.66780370544	0.177996791644
8697	DECAYED	4.7986696758	0.182735894769
637776	DECAYED	4.20653492335	0.161183422509
6057	DECAYED	4.56383941024	0.174222124344
14228	DECAYED	4.48911614482	0.171503780288
89440	DECAYED	4.39665648548	0.168134024119
61337	DECAYED	4.40451988394	0.168420877194
8193	DECAYED	4.41221015011	0.168701366641
241	DECAYED	4.10359413453	0.157407971453
176	DECAYED	4.92355626069	0.187245687927
61204	DECAYED	4.49403195201	0.171682748806
61177	DECAYED	4.55049062993	0.173736839208
6213	DECAYED	4.96734302796	0.188823922415
31249	DECAYED	4.51956855751	0.172612142322
8093	DECAYED	4.56842668564	0.174388858473
165675	DECAYED	4.9620944609	0.188634825861
61192	DECAYED	4.56296683781	0.174190406967
519539	DECAYED	4.76959341047	0.181684127898
565690	DECAYED	4.74016375801	0.180618889339
7463	DECAYED	4.48962017004	0.171522131093
8857	DECAYED	4.58283891861	0.174912591723
5363491	DECAYED	4.56726596788	0.174346671347
61151	DECAYED	4.35475603228	0.166604681251
6050	DECAYED	4.53085468899	0.173022729875
263	DECAYED	4.85331942698	0.184710893295
1001	DECAYED	4.24798176592	0.162701131003
5541	DECAYED	4.48246902101	0.171261749431
6997	DECAYED	4.40494344065	0.16843632694
440967	DECAYED	4.69110018473	0.178841439012
239	DECAYED	4.96853609572	0.188866903455
61130	DECAYED	4.56525086433	0.174273428391
10882	DECAYED	4.59405348958	0.175320008597
78925	DECAYED	8.79660882343	0.32091222222
23235	WOOD	3.05519745466	0.118474205592
7824	WOOD	3.02281107662	0.117257488343
6276	WOOD	3.05553727602	0.118486967823
14104	WOOD	3.45480614223	0.133417971497
8030	WOOD	3.3141635417	0.128173069676
61185	WOOD	3.05440144597	0.118444310562
13216	WOOD	3.56438784676	0.137493569582
14514	WOOD	3.35233519905	0.129598147447
12810	WOOD	3.20770793434	0.124192561297
7519	WOOD	3.13412756133	0.121436000225
170833	WOOD	3.42097504285	0.132157773616
8091	WOOD	3.08002691372	0.119406450233
93375	WOOD	3.42417033161	0.132276836281
62572	WOOD	2.95997619635	0.114894464221
325	WOOD	3.22995876304	0.125025297077
12580	WOOD	3.13102705247	0.121319749938
6501	WOOD	3.06048904513	0.118672924527
22386	WOOD	3.04840834396	0.118219216386
61918	WOOD	3.52022633824	0.135852256141
7151	WOOD	3.31384686533	0.128161242195
8063	WOOD	3.07246786746	0.11912269118
159055	WOOD	3.45027078764	0.133249084102
62374	WOOD	3.52161039582	0.135903719921
8078	WOOD	3.30397526971	0.127792509755
62444	WOOD	3.01187533902	0.116846456338
8918	WOOD	3.10123180747	0.120202216809
7991	WOOD	3.03626857496	0.117763172255
61138	WOOD	3.02231768419	0.117238945694
379	WOOD	6.98959652743	0.260042077251
6114390	WOOD	3.10801431463	0.120456671393
8077	WOOD	3.0130970677	0.116892381132
556940	WOOD	3.060666702	0.118679595816
8892	WOOD	3.05617752446	0.118511012554
6826	WOOD	3.16579975006	0.122623074779
2346	WOOD	3.05471682505	0.118456155049
6943	WOOD	3.272333395	0.126610069461
61199	WOOD	3.31274903042	0.128120238761
8697	WOOD	3.05072206792	0.118306120662
637776	WOOD	3.38437347216	0.130793345367
6057	WOOD	3.16216650819	0.122486941517
14228	WOOD	3.07064370624	0.119054207141
89440	WOOD	3.54019318694	0.136594540357
61337	WOOD	3.05590210256	0.118500669038
8193	WOOD	3.26375459737	0.126289346266
241	WOOD	3.12079065919	0.120935892632
176	WOOD	3.19107983383	0.123569997151
61204	WOOD	3.23204056109	0.125103187968
61177	WOOD	3.03485143436	0.117709928083
6213	WOOD	3.19959102222	0.123888687805
31249	WOOD	2.93939056078	0.114119615684
8093	WOOD	3.10020803907	0.120163805609
165675	WOOD	3.48908555937	0.134693935159
61192	WOOD	3.21639009012	0.12451753752
519539	WOOD	3.4141925334	0.131905017074
565690	WOOD	3.29378077012	0.1274116341
7463	WOOD	3.36904242653	0.130221518312
8857	WOOD	2.95362357147	0.114655385978
5363491	WOOD	3.04507638423	0.118094059295
61151	WOOD	3.18538256711	0.123356637845
6050	WOOD	3.0468002731	0.118158814162
263	WOOD	3.02904173868	0.117491632005
1001	WOOD	3.02942342042	0.117505974313
5541	WOOD	3.08278746965	0.119510067353
6997	WOOD	3.22851050039	0.124971107995
440967	WOOD	3.47192663397	0.134055355538
239	WOOD	3.02557033029	0.117361182882
61130	WOOD	3.37161134288	0.130317348496
10882	WOOD	2.91832121262	0.113326209025
78925	WOOD	3.06194387867	0.11872755502
23235	GRASS	3.30830629329	0.127954295519
7824	GRASS	3.81436659277	0.146754906709
6276	GRASS	3.55830507853	0.137267589128
14104	GRASS	3.13095697828	0.121317122491
8030	GRASS	2.96627417616	0.115131454051
61185	GRASS	3.4844155557	0.134520161522
13216	GRASS	3.20768464357	0.124191689434
14514	GRASS	3.00006252016	0.116402350756
12810	GRASS	3.26126646852	0.126196315149
7519	GRASS	3.05142235872	0.118332422984
170833	GRASS	3.40653297881	0.131619532378
8091	GRASS	3.54954308789	0.136942021063
93375	GRASS	3.18422166638	0.123313159607
62572	GRASS	3.66266264059	0.141140466576
325	GRASS	3.07597529417	0.119254362163
12580	GRASS	3.05639148714	0.118519047916
6501	GRASS	3.15356697948	0.122164685301
22386	GRASS	3.22238570017	0.124741920167
61918	GRASS	3.23715352847	0.125294475952
7151	GRASS	3.01799996822	0.117076669206
8063	GRASS	3.52858053179	0.136162869044
159055	GRASS	3.49934839405	0.135075760089
62374	GRASS	3.22202972019	0.1247285986
8078	GRASS	2.56623879713	0.10001531926
62444	GRASS	3.29446009423	0.127437016844
8918	GRASS	3.47549933092	0.134188334997
7991	GRASS	3.31125031536	0.128064261154
61138	GRASS	3.35855231877	0.129830143279
379	GRASS	3.27947485521	0.126877012078
6114390	GRASS	3.13528328994	0.121479331074
8077	GRASS	3.33792814204	0.129060419969
556940	GRASS	3.26080195773	0.126178946546
8892	GRASS	3.41593749114	0.131970048068
6826	GRASS	3.03472373974	0.117705130319
2346	GRASS	3.02664701918	0.117401643896
6943	GRASS	3.01364278592	0.1169128943
61199	GRASS	3.16420023057	0.122563143983
8697	GRASS	3.62035851455	0.139571542273
637776	GRASS	3.25995749781	0.126147370758
6057	GRASS	2.90401606544	0.112787318894
14228	GRASS	3.39933698023	0.131351282447
89440	GRASS	3.23881131392	0.125356493066
61337	GRASS	3.14002254014	0.121657004985
8193	GRASS	3.29824253241	0.127578339775
241	GRASS	2.98389465978	0.115794335455
176	GRASS	2.89661365685	0.112508398003
61204	GRASS	3.27067317622	0.126548005838
61177	GRASS	3.58259521382	0.138169813166
6213	GRASS	3.04759833059	0.11818879099
31249	GRASS	3.69738617225	0.142427181087
8093	GRASS	3.52586444668	0.136061889829
165675	GRASS	3.4659915929	0.133834424627
61192	GRASS	3.39031354335	0.131014851365
519539	GRASS	3.19127220386	0.123577200843
565690	GRASS	3.3070849289	0.127908672865
7463	GRASS	3.06177605255	0.118721253064
8857	GRASS	3.60702125675	0.139076609331
5363491	GRASS	3.68112400287	0.141824690545
61151	GRASS	3.05157655271	0.118338214326
6050	GRASS	3.27567642175	0.126735034462
263	GRASS	3.4124614622	0.131840501196
1001	GRASS	3.02079702274	0.117181795049
5541	GRASS	3.29895506091	0.127604960639
6997	GRASS	3.03836451947	0.117841917197
440967	GRASS	3.52441219905	0.136007895423
239	GRASS	2.9354206236	0.113970147249
61130	GRASS	3.31362507668	0.128152958608
10882	GRASS	4.10903973962	0.157607906552
78925	GRASS	3.30225252214	0.127728152198
23235	FLOWER	7.33597889218	0.271912521165
7824	FLOWER	7.2165183604	0.267829479518
6276	FLOWER	5.13240798288	0.194759674634
14104	FLOWER	5.20463351462	0.197350056576
8030	FLOWER	6.0469289656	0.227251018658
61185	FLOWER	6.98817957077	0.259993321346
13216	FLOWER	6.40919345185	0.239936633793
14514	FLOWER	5.14889154529	0.195351228153
12810	FLOWER	7.33828613558	0.27199126806
7519	FLOWER	5.88372996657	0.221501887335
170833	FLOWER	5.20269745438	0.197280673854
8091	FLOWER	7.49872600152	0.277456683403
93375	FLOWER	5.0692295748	0.192490347599
62572	FLOWER	5.10990007264	0.193951571405
325	FLOWER	8.75656751333	0.319591710687
12580	FLOWER	10.7271422929	0.383057059008
6501	FLOWER	6.97185327716	0.259431435839
22386	FLOWER	4.75697127004	0.181227340536
61918	FLOWER	4.92908862619	0.187445179174
7151	FLOWER	10.7305620281	0.383164496548
8063	FLOWER	5.09033547982	0.193248813074
159055	FLOWER	5.29748646245	0.20067411337
62374	FLOWER	5.10096022106	0.193630490772
8078	FLOWER	5.62072452152	0.212191963202
62444	FLOWER	4.90860672228	0.18670650091
8918	FLOWER	7.02119493434	0.261128926051
7991	FLOWER	4.9066529707	0.186636021478
61138	FLOWER	5.10144795822	0.193648009821
379	FLOWER	7.8577824001	0.289613398305
6114390	FLOWER	8.92663665681	0.325191529471
8077	FLOWER	4.91003613507	0.186758063464
556940	FLOWER	7.61611789917	0.281442615225
8892	FLOWER	4.99914254357	0.189969131275
6826	FLOWER	8.38947989539	0.30742584665
2346	FLOWER	9.05675352162	0.329460227124
6943	FLOWER	5.23051821149	0.198277400155
61199	FLOWER	4.84574052387	0.184437140465
8697	FLOWER	4.94216605577	0.187916640102
637776	FLOWER	8.19451184293	0.30092046398
6057	FLOWER	9.01652132366	0.328141790234
14228	FLOWER	6.83998462771	0.254885229225
89440	FLOWER	7.89443672728	0.290848616595
61337	FLOWER	7.28413869077	0.270142077044
8193	FLOWER	5.91613617778	0.222645180201
241	FLOWER	6.49370160756	0.242880800075
176	FLOWER	4.7964075137	0.182654090533
61204	FLOWER	7.02757520862	0.26134828302
61177	FLOWER	7.13098063559	0.264898871494
6213	FLOWER	4.80259849962	0.182877959045
31249	FLOWER	7.96869727374	0.293347836453
8093	FLOWER	8.96052744307	0.326304676899
165675	FLOWER	4.9389785753	0.187801739265
61192	FLOWER	9.01892016308	0.32822043816
519539	FLOWER	4.79169025992	0.182483492178
565690	FLOWER	7.06103792123	0.262498214239
7463	FLOWER	5.2871269009	0.200303591689
8857	FLOWER	5.16269304889	0.195846362149
5363491	FLOWER	7.83245235693	0.288759170308
61151	FLOWER	8.35961573467	0.306431359294
6050	FLOWER	7.4931047935	0.277265543962
263	FLOWER	5.02111473401	0.190759952091
1001	FLOWER	12.1714701492	0.427600931732
5541	FLOWER	9.22416204324	0.33493241557
6997	FLOWER	5.33018493686	0.20184304889
440967	FLOWER	5.23340084804	0.198380640147
239	FLOWER	5.00504392132	0.190181570991
61130	FLOWER	5.27533638238	0.199881785716
10882	FLOWER	8.10928031161	0.298067041595
78925	FLOWER	4.63501035549	0.176807085821
23235	CHEMICAL	17.6895224155	0.582413215306
7824	CHEMICAL	17.5330975908	0.57836009918
6276	CHEMICAL	18.1385377766	0.593938889994
14104	CHEMICAL	17.7467414308	0.583890924667
8030	CHEMICAL	17.7220276297	0.583252999866
61185	CHEMICAL	17.3227717411	0.572879501325
13216	CHEMICAL	20.1835434508	0.644391567541
14514	CHEMICAL	17.6468215028	0.581308736451
12810	CHEMICAL	18.1878196211	0.595194071816
7519	CHEMICAL	18.004086786	0.590504615042
170833	CHEMICAL	18.3195443873	0.598539492869
8091	CHEMICAL	17.4341519125	0.575786215337
93375	CHEMICAL	18.0737756876	0.592286480462
62572	CHEMICAL	17.5984195022	0.580055032498
325	CHEMICAL	17.8241940996	0.585887005863
12580	CHEMICAL	17.9592835981	0.58935699698
6501	CHEMICAL	17.7725839012	0.584557460637
22386	CHEMICAL	18.5182526864	0.603559834432
61918	CHEMICAL	17.5309919521	0.578305406555
7151	CHEMICAL	17.3410466906	0.573357107493
8063	CHEMICAL	18.1448378046	0.594099456601
159055	CHEMICAL	18.9849513314	0.615226702433
62374	CHEMICAL	18.1522595021	0.594288570071
8078	CHEMICAL	22.7454888621	0.702876649054
62444	CHEMICAL	17.7765028463	0.584658492474
8918	CHEMICAL	17.6635778921	0.581742322103
7991	CHEMICAL	17.7473202639	0.583905859936
61138	CHEMICAL	16.807715325	0.559308895221
379	CHEMICAL	22.6261723845	0.700269424671
6114390	CHEMICAL	17.2077680216	0.569867808749
8077	CHEMICAL	18.3376876513	0.598999190694
556940	CHEMICAL	17.2940651292	0.572128729692
8892	CHEMICAL	17.6205992616	0.580629763128
6826	CHEMICAL	17.7171941497	0.583128178574
2346	CHEMICAL	17.9833159746	0.589972777606
6943	CHEMICAL	18.2087820521	0.595727384555
61199	CHEMICAL	17.9755058464	0.589772709684
8697	CHEMICAL	17.938091139	0.588813600077
637776	CHEMICAL	17.2092178618	0.569905842706
6057	CHEMICAL	17.2275379032	0.570386291246
14228	CHEMICAL	17.3005262268	0.572297765981
89440	CHEMICAL	17.7735966901	0.584583571884
61337	CHEMICAL	17.1721601002	0.568933171004
8193	CHEMICAL	23.5890756027	0.720985228992
241	CHEMICAL	18.0092619207	0.590637070856
176	CHEMICAL	17.4884911416	0.5772007167
61204	CHEMICAL	18.0749303498	0.592315971132
61177	CHEMICAL	17.7743619637	0.584603301263
6213	CHEMICAL	18.1414948797	0.5940142606
31249	CHEMICAL	17.3741023716	0.574220321577
8093	CHEMICAL	17.837692231	0.586234383589
165675	CHEMICAL	18.6532653718	0.606952891258
61192	CHEMICAL	17.3234776105	0.572897953812
519539	CHEMICAL	18.0711361577	0.592219061496
565690	CHEMICAL	17.6633064555	0.581735300244
7463	CHEMICAL	17.9876750821	0.590084421341
8857	CHEMICAL	17.9158084399	0.588241860775
5363491	CHEMICAL	17.2700017581	0.571498886034
61151	CHEMICAL	17.708729796	0.582909547445
6050	CHEMICAL	17.4676308822	0.576657983832
263	CHEMICAL	18.28777307	0.597733865257
1001	CHEMICAL	17.877405681	0.587255573688
5541	CHEMICAL	17.6169345737	0.58053482944
6997	CHEMICAL	18.2922469326	0.597847358166
440967	CHEMICAL	19.0079263559	0.615796548495
239	CHEMICAL	17.0816929147	0.566554023454
61130	CHEMICAL	18.1006335258	0.592972167418
10882	CHEMICAL	17.5955432919	0.57998047418
78925	CHEMICAL	17.4287385711	0.575645171571
