#oID	descriptor	value	sigma
23235	INTENSITY/STRENGTH	38.6308646345	0.948297104416
7824	INTENSITY/STRENGTH	60.4936798144	0.955953073581
6276	INTENSITY/STRENGTH	58.818919132	0.968890666138
14104	INTENSITY/STRENGTH	53.3035867376	0.995634525867
8030	INTENSITY/STRENGTH	40.2235989969	0.961768793371
61185	INTENSITY/STRENGTH	37.4850928514	0.937350839625
13216	INTENSITY/STRENGTH	46.9217697619	0.996209799441
14514	INTENSITY/STRENGTH	63.321427216	0.929015830771
12810	INTENSITY/STRENGTH	45.33742691	0.991304164872
7519	INTENSITY/STRENGTH	69.2232046416	0.852187361323
170833	INTENSITY/STRENGTH	49.0672367429	0.999651981082
8091	INTENSITY/STRENGTH	51.9097962021	0.998541071387
93375	INTENSITY/STRENGTH	55.5955812657	0.98747578812
62572	INTENSITY/STRENGTH	56.2777341372	0.984236021641
325	INTENSITY/STRENGTH	52.994769211	0.996412542949
12580	INTENSITY/STRENGTH	55.4407075503	0.988159480541
22386	INTENSITY/STRENGTH	33.3584549528	0.889223591376
61918	INTENSITY/STRENGTH	57.6637246381	0.976506929869
7151	INTENSITY/STRENGTH	57.4400727674	0.977858126886
159055	INTENSITY/STRENGTH	53.1453221899	0.996042779329
62374	INTENSITY/STRENGTH	69.1355680277	0.853532014503
8078	INTENSITY/STRENGTH	49.9419056717	0.99999865002
62444	INTENSITY/STRENGTH	60.4984896525	0.955912686007
8918	INTENSITY/STRENGTH	38.649244943	0.948464143855
61138	INTENSITY/STRENGTH	50.2791052497	0.999968840104
379	INTENSITY/STRENGTH	56.9985077446	0.98040835574
6114390	INTENSITY/STRENGTH	29.7875248044	0.836582338587
8077	INTENSITY/STRENGTH	56.017298107	0.985516849397
8892	INTENSITY/STRENGTH	44.9967077416	0.989986826631
6826	INTENSITY/STRENGTH	53.6161610069	0.994769351829
2346	INTENSITY/STRENGTH	55.4847214023	0.987967132456
6943	INTENSITY/STRENGTH	59.8386161563	0.961280652851
8697	INTENSITY/STRENGTH	57.3313488572	0.978500529574
637776	INTENSITY/STRENGTH	48.442214439	0.999029321658
6057	INTENSITY/STRENGTH	39.7506658666	0.957980459929
14228	INTENSITY/STRENGTH	36.0631062938	0.922305197529
89440	INTENSITY/STRENGTH	38.1997049371	0.944301214572
61337	INTENSITY/STRENGTH	56.2004199622	0.984621916917
8193	INTENSITY/STRENGTH	43.0853493181	0.980875042379
241	INTENSITY/STRENGTH	42.1047996898	0.975066324825
61204	INTENSITY/STRENGTH	39.8373549785	0.958688258467
61177	INTENSITY/STRENGTH	61.7212796195	0.945044641633
6213	INTENSITY/STRENGTH	35.4552786574	0.915380432426
31249	INTENSITY/STRENGTH	43.9899824152	0.985551875452
8093	INTENSITY/STRENGTH	64.2488343567	0.91878828779
165675	INTENSITY/STRENGTH	47.1817402645	0.996822964825
61192	INTENSITY/STRENGTH	47.8212592148	0.998101235436
519539	INTENSITY/STRENGTH	62.4105449533	0.938391349585
565690	INTENSITY/STRENGTH	37.7539414036	0.940013619541
7463	INTENSITY/STRENGTH	54.4988504909	0.991904137704
8857	INTENSITY/STRENGTH	35.2165240083	0.912579535041
5363491	INTENSITY/STRENGTH	56.763272351	0.981703258843
61151	INTENSITY/STRENGTH	52.3303574639	0.997827773636
6050	INTENSITY/STRENGTH	30.1430614378	0.842280796374
1001	INTENSITY/STRENGTH	56.6481143543	0.982321030213
5541	INTENSITY/STRENGTH	41.6654062361	0.972213818716
6997	INTENSITY/STRENGTH	62.3605485138	0.938886736175
440967	INTENSITY/STRENGTH	52.0666657898	0.998291557005
239	INTENSITY/STRENGTH	37.7349168644	0.939827094271
10882	INTENSITY/STRENGTH	62.265458221	0.939823413852
78925	INTENSITY/STRENGTH	40.8177488517	0.96627450554
23235	VALENCE/PLEASANTNESS	48.8564844258	0.999476948853
7824	VALENCE/PLEASANTNESS	51.6184637922	0.998952229981
6276	VALENCE/PLEASANTNESS	41.0606892865	0.968035489587
14104	VALENCE/PLEASANTNESS	46.2406772544	0.994346996998
8030	VALENCE/PLEASANTNESS	34.7794031157	0.907333372194
61185	VALENCE/PLEASANTNESS	45.1384648645	0.990546190451
13216	VALENCE/PLEASANTNESS	46.1659065891	0.994119891087
14514	VALENCE/PLEASANTNESS	40.5702784304	0.964432140448
12810	VALENCE/PLEASANTNESS	55.0536072067	0.98978442168
7519	VALENCE/PLEASANTNESS	44.2427913881	0.9867418196
170833	VALENCE/PLEASANTNESS	49.8845491298	0.999994668439
8091	VALENCE/PLEASANTNESS	52.7374086358	0.997002637584
93375	VALENCE/PLEASANTNESS	38.6259018896	0.94825195687
62572	VALENCE/PLEASANTNESS	53.2447589488	0.995788615746
325	VALENCE/PLEASANTNESS	46.6870603631	0.995609772385
12580	VALENCE/PLEASANTNESS	46.1098273374	0.993946622662
6501	VALENCE/PLEASANTNESS	50.4203050593	0.999929337463
22386	VALENCE/PLEASANTNESS	42.2144926501	0.975754350122
61918	VALENCE/PLEASANTNESS	38.9692915694	0.951329388607
7151	VALENCE/PLEASANTNESS	46.9519353399	0.996283720731
8063	VALENCE/PLEASANTNESS	29.1314867284	0.825802061534
159055	VALENCE/PLEASANTNESS	40.2839503345	0.962239351559
62374	VALENCE/PLEASANTNESS	42.2526689456	0.975991544613
8078	VALENCE/PLEASANTNESS	36.6137727868	0.928323568398
62444	VALENCE/PLEASANTNESS	26.9900246392	0.788216413559
8918	VALENCE/PLEASANTNESS	49.592429877	0.999933554638
7991	VALENCE/PLEASANTNESS	37.6377859551	0.938870265563
61138	VALENCE/PLEASANTNESS	34.9444637419	0.909332331192
379	VALENCE/PLEASANTNESS	37.0857343158	0.933288696735
6114390	VALENCE/PLEASANTNESS	46.5046665019	0.995113057495
8077	VALENCE/PLEASANTNESS	28.4254406415	0.813815355395
556940	VALENCE/PLEASANTNESS	34.9335405055	0.90920071932
8892	VALENCE/PLEASANTNESS	45.5308793338	0.992010784188
6826	VALENCE/PLEASANTNESS	48.2034059514	0.99870889993
2346	VALENCE/PLEASANTNESS	36.2186932477	0.92403023368
6943	VALENCE/PLEASANTNESS	42.8573937849	0.979593270583
61199	VALENCE/PLEASANTNESS	44.3092815225	0.987046289284
8697	VALENCE/PLEASANTNESS	43.8808091134	0.985022201157
637776	VALENCE/PLEASANTNESS	49.1791343741	0.99973047185
6057	VALENCE/PLEASANTNESS	51.544617979	0.99904566212
14228	VALENCE/PLEASANTNESS	44.3349585235	0.987162922028
89440	VALENCE/PLEASANTNESS	43.695559192	0.984101610439
61337	VALENCE/PLEASANTNESS	47.28836781	0.997058820346
8193	VALENCE/PLEASANTNESS	40.4179936937	0.963274062058
241	VALENCE/PLEASANTNESS	37.5160483169	0.937660380149
176	VALENCE/PLEASANTNESS	38.6118639415	0.948124142845
61204	VALENCE/PLEASANTNESS	53.8276026785	0.994139783094
61177	VALENCE/PLEASANTNESS	49.9830424125	0.999999884976
6213	VALENCE/PLEASANTNESS	35.0708257125	0.910847902038
31249	VALENCE/PLEASANTNESS	53.7196865779	0.994465572705
8093	VALENCE/PLEASANTNESS	49.3477986576	0.999829853364
165675	VALENCE/PLEASANTNESS	48.5089153834	0.999110666666
61192	VALENCE/PLEASANTNESS	49.2962094957	0.99980187157
519539	VALENCE/PLEASANTNESS	31.2080364245	0.858744841991
565690	VALENCE/PLEASANTNESS	51.8895858637	0.998571786105
7463	VALENCE/PLEASANTNESS	43.611287551	0.983673741298
8857	VALENCE/PLEASANTNESS	46.5134693508	0.995137641613
5363491	VALENCE/PLEASANTNESS	53.0561497221	0.996263979551
61151	VALENCE/PLEASANTNESS	48.6921972879	0.999315860827
6050	VALENCE/PLEASANTNESS	38.8815855289	0.950552343859
263	VALENCE/PLEASANTNESS	40.0605605299	0.960483017208
1001	VALENCE/PLEASANTNESS	43.7629339078	0.984439602625
5541	VALENCE/PLEASANTNESS	48.5071824913	0.999108598354
6997	VALENCE/PLEASANTNESS	43.0345534732	0.980593021873
440967	VALENCE/PLEASANTNESS	39.3761863925	0.954853833774
239	VALENCE/PLEASANTNESS	37.3573064073	0.936064919489
61130	VALENCE/PLEASANTNESS	37.9886942399	0.942291413575
10882	VALENCE/PLEASANTNESS	55.0689206573	0.989722417348
78925	VALENCE/PLEASANTNESS	32.0915307836	0.87171469213
23235	BAKERY	3.15034838005	0.122044057236
7824	BAKERY	2.88227296309	0.11196791955
6276	BAKERY	2.54917173273	0.0993675586999
14104	BAKERY	5.13532247243	0.194864284139
8030	BAKERY	3.20839493097	0.124218278026
61185	BAKERY	2.82367870675	0.109757883694
13216	BAKERY	3.29220358672	0.127352701686
14514	BAKERY	5.32052880429	0.201497941469
12810	BAKERY	3.91299759455	0.150395283712
7519	BAKERY	3.53257808007	0.136311480046
170833	BAKERY	2.89179420882	0.112326778854
8091	BAKERY	2.73802116328	0.106522142575
93375	BAKERY	3.7841793981	0.145639170437
62572	BAKERY	3.53324861743	0.13633640638
325	BAKERY	2.27127664818	0.0887875868822
12580	BAKERY	1.84988234182	0.0726264678015
6501	BAKERY	4.28913951929	0.164206893645
22386	BAKERY	2.72069052644	0.105866758281
61918	BAKERY	8.84218178407	0.322413599882
7151	BAKERY	4.09366569723	0.157043388353
8063	BAKERY	3.04247915646	0.117996494492
159055	BAKERY	3.17380346701	0.122922927302
62374	BAKERY	3.53874414564	0.136540681774
8078	BAKERY	2.92043517328	0.113405830291
62444	BAKERY	2.79173567878	0.108551911911
8918	BAKERY	2.83916361401	0.11034220455
7991	BAKERY	3.0206431572	0.117176012255
61138	BAKERY	2.80386858675	0.109010071849
379	BAKERY	2.65895343544	0.103530124069
6114390	BAKERY	6.34311168197	0.237630440955
8077	BAKERY	2.50508445945	0.0976931991185
556940	BAKERY	3.87194138047	0.148880883197
8892	BAKERY	2.85934560797	0.111103481397
6826	BAKERY	3.51960614903	0.135829194983
2346	BAKERY	2.81046155634	0.10925898459
6943	BAKERY	3.53057532268	0.136237028064
61199	BAKERY	10.9735001991	0.390772925316
8697	BAKERY	2.84611795986	0.110604563418
637776	BAKERY	7.99263654477	0.294152566216
6057	BAKERY	6.56369586334	0.245314993179
14228	BAKERY	2.80858662991	0.109188201653
89440	BAKERY	3.51304461809	0.135585191728
61337	BAKERY	4.081514118	0.156597061722
8193	BAKERY	2.39133714608	0.0933660885049
241	BAKERY	2.91064659181	0.113037118239
176	BAKERY	3.38908547286	0.130969058777
61204	BAKERY	3.63778378538	0.140217963067
61177	BAKERY	2.88305502981	0.111997398671
6213	BAKERY	3.27350242362	0.126653769698
31249	BAKERY	3.88060339717	0.149200502796
8093	BAKERY	2.86941438118	0.111483159691
165675	BAKERY	2.97288020158	0.115380001386
61192	BAKERY	4.13220758107	0.158458247445
519539	BAKERY	4.55805436644	0.174011830815
565690	BAKERY	3.01613944593	0.117006738974
7463	BAKERY	2.14593484361	0.0839953792033
8857	BAKERY	3.83920190892	0.147672287838
5363491	BAKERY	3.14978949902	0.122023110406
61151	BAKERY	4.60281626172	0.175638283453
6050	BAKERY	4.12826375111	0.158313525405
263	BAKERY	2.66148359695	0.103625945903
1001	BAKERY	2.78690693086	0.108369537138
5541	BAKERY	5.2013740123	0.197233243846
6997	BAKERY	4.3171587263	0.165231205265
440967	BAKERY	2.99120228018	0.116069174775
239	BAKERY	2.81384865309	0.109386848427
61130	BAKERY	3.55238396443	0.137047585845
10882	BAKERY	3.17014806874	0.122785987239
78925	BAKERY	2.64490894376	0.102998140422
23235	SWEET	16.9664996993	0.563515143153
7824	SWEET	29.0374321422	0.824228299523
6276	SWEET	12.686430653	0.443079017036
14104	SWEET	12.9689604173	0.45148084297
8030	SWEET	5.67143033707	0.213991164655
61185	SWEET	14.9430818204	0.508404995099
13216	SWEET	12.5786209749	0.439856156745
14514	SWEET	11.2629629813	0.399776785205
12810	SWEET	18.85846241	0.612081854613
7519	SWEET	12.3007578665	0.431506857024
170833	SWEET	12.5282502129	0.438347187157
8091	SWEET	26.4831559143	0.7787832177
93375	SWEET	8.09426742756	0.297563831027
62572	SWEET	28.6213052752	0.817180564745
325	SWEET	11.3809646301	0.403428042839
12580	SWEET	12.7497796835	0.444968434548
6501	SWEET	19.0549259936	0.616960957896
22386	SWEET	11.0616933462	0.393523309973
61918	SWEET	9.91272468576	0.357204143152
7151	SWEET	14.1106711867	0.484782430933
8063	SWEET	5.9662568492	0.224411785652
159055	SWEET	8.31588836271	0.304973934804
62374	SWEET	11.9076065744	0.419587825244
8078	SWEET	8.66854116607	0.316684204264
62444	SWEET	10.368158308	0.37172684964
8918	SWEET	18.3274678559	0.598740283032
7991	SWEET	11.7224905342	0.413932907638
61138	SWEET	7.53754852712	0.278776085965
379	SWEET	18.4479213659	0.601786533548
6114390	SWEET	15.5984223174	0.52661258118
8077	SWEET	6.37230195694	0.238649585385
556940	SWEET	18.2531725991	0.596855579991
8892	SWEET	17.1569681241	0.568534102879
6826	SWEET	16.3012277043	0.545757098305
2346	SWEET	18.7430111524	0.609200259273
6943	SWEET	9.314047496	0.337861307537
61199	SWEET	14.874329935	0.506474920994
8697	SWEET	22.7120922259	0.702148035725
637776	SWEET	17.9699031978	0.589629159538
6057	SWEET	20.0512532022	0.641229026096
14228	SWEET	14.1683779741	0.486437945196
89440	SWEET	10.8797891227	0.387843640366
61337	SWEET	18.4938349319	0.60294462508
8193	SWEET	8.32788869314	0.305374055692
241	SWEET	5.00673253149	0.190242353003
176	SWEET	9.71940600396	0.35098949893
61204	SWEET	16.9036029875	0.561851401916
61177	SWEET	23.6102509208	0.721432457414
6213	SWEET	11.1327208523	0.395733844661
31249	SWEET	29.6553311798	0.834437780238
8093	SWEET	26.0259682222	0.770098320126
165675	SWEET	11.156793756	0.396482131476
61192	SWEET	20.0585482154	0.641403786013
519539	SWEET	9.15813969388	0.332776978694
565690	SWEET	16.700477992	0.556456733616
7463	SWEET	7.31358543261	0.271148004552
8857	SWEET	20.6098205356	0.654486940421
5363491	SWEET	25.6156094322	0.762160598656
61151	SWEET	16.6465825873	0.555019818758
6050	SWEET	12.3244784386	0.432222030031
263	SWEET	11.4525060183	0.405636283093
1001	SWEET	11.2647560119	0.399832349273
5541	SWEET	21.0490770994	0.664737625282
6997	SWEET	10.6189948482	0.379654573295
440967	SWEET	5.46430483416	0.206628742438
239	SWEET	10.5872570263	0.378654276514
61130	SWEET	8.17506477517	0.300269917376
10882	SWEET	38.3725653116	0.945921105026
78925	SWEET	8.13192899164	0.298825852016
23235	FRUIT	7.1701941948	0.266243093876
7824	FRUIT	17.4079316752	0.575102832926
6276	FRUIT	5.06046604278	0.192175315083
14104	FRUIT	3.24171163286	0.12546498759
8030	FRUIT	1.91778296929	0.0752401621646
61185	FRUIT	9.60598536146	0.347329432553
13216	FRUIT	3.85284349059	0.148175978439
14514	FRUIT	7.50342145784	0.277616324884
12810	FRUIT	10.1190807848	0.363804913021
7519	FRUIT	4.930351065	0.187490697951
170833	FRUIT	4.35169101448	0.166492754705
8091	FRUIT	17.842829108	0.586366544088
93375	FRUIT	4.64147831134	0.177041804088
62572	FRUIT	16.2473527182	0.544303520588
325	FRUIT	3.71526500958	0.143089322747
12580	FRUIT	2.94216686119	0.114224136112
6501	FRUIT	7.44471058925	0.275618937267
22386	FRUIT	4.36158349527	0.166853975576
61918	FRUIT	3.66594520564	0.141262146525
7151	FRUIT	4.86045359082	0.184968539989
8063	FRUIT	4.94393552588	0.187980421642
159055	FRUIT	3.33078287896	0.128793669324
62374	FRUIT	3.11517159806	0.120725146288
8078	FRUIT	2.60323542494	0.101418683126
62444	FRUIT	4.94357979545	0.187967599341
8918	FRUIT	9.75848656675	0.352248238641
7991	FRUIT	3.97682437875	0.152746922294
61138	FRUIT	0.570520758143	0.0226906327515
379	FRUIT	14.4520595747	0.494537572608
6114390	FRUIT	1.46523418143	0.0577506027745
8077	FRUIT	2.41870604429	0.0944081862001
556940	FRUIT	8.72024084895	0.318392593773
8892	FRUIT	7.22606517695	0.268156199901
6826	FRUIT	4.83610448668	0.184089016825
2346	FRUIT	7.51171522409	0.277898262721
6943	FRUIT	2.11234037653	0.0827088223146
61199	FRUIT	4.66799775122	0.178003828847
8697	FRUIT	10.9771266398	0.390886141886
637776	FRUIT	4.26045378302	0.163157564746
6057	FRUIT	3.94851880066	0.151704431739
14228	FRUIT	8.71071819009	0.318078083049
89440	FRUIT	4.54965973933	0.173706628076
61337	FRUIT	8.53906165763	0.312396236708
8193	FRUIT	4.32947878883	0.16568139692
241	FRUIT	2.38427395115	0.0930970531363
176	FRUIT	1.55933525318	0.0614007995545
61204	FRUIT	9.03889671123	0.328875206947
61177	FRUIT	12.1689732725	0.427525366697
6213	FRUIT	1.46848944141	0.0578769931605
31249	FRUIT	17.9358722913	0.588756685712
8093	FRUIT	14.7291222083	0.502386071921
165675	FRUIT	4.149544552	0.159094294084
61192	FRUIT	9.34811069794	0.338969558469
519539	FRUIT	3.65234354337	0.140757896391
565690	FRUIT	7.73446983059	0.2854499838
7463	FRUIT	3.71565234768	0.14310366496
8857	FRUIT	11.6751831486	0.412483365322
5363491	FRUIT	15.0211056893	0.510590781121
61151	FRUIT	4.73490012722	0.180428293403
6050	FRUIT	5.36014046999	0.202913176457
263	FRUIT	3.83596273362	0.147552665307
1001	FRUIT	5.02018526567	0.190726506586
5541	FRUIT	11.2830165865	0.400398078145
6997	FRUIT	2.2284617174	0.0871520520455
440967	FRUIT	4.87395940712	0.185456184164
239	FRUIT	2.01254899766	0.0788818185192
61130	FRUIT	6.86823012043	0.255860170822
10882	FRUIT	23.2527788415	0.71383446412
78925	FRUIT	1.66426537966	0.0654627034848
23235	FISH	0.893342489913	0.0354144752748
7824	FISH	1.00922774057	0.0399616933697
6276	FISH	1.26132622819	0.0498166715862
14104	FISH	0.987476036095	0.039108997875
8030	FISH	4.88291881043	0.185779593973
61185	FISH	0.833857525872	0.0330761736855
13216	FISH	0.920627484492	0.0364860773936
14514	FISH	0.988148189799	0.039135352854
12810	FISH	0.851929356892	0.033786860824
7519	FISH	1.14061532349	0.0451042116131
170833	FISH	0.85238699354	0.0338048543069
8091	FISH	0.89855673351	0.0356193076591
93375	FISH	1.04947064224	0.041538270238
62572	FISH	1.14184444731	0.0451522543958
325	FISH	0.97486141181	0.0386143145635
12580	FISH	0.975652520333	0.0386453416772
6501	FISH	0.885027011641	0.0350877713411
22386	FISH	1.35223116531	0.0533578349627
61918	FISH	0.928622362564	0.0367999587057
7151	FISH	0.94683497618	0.0375148004583
8063	FISH	2.68449420032	0.104497164368
159055	FISH	0.819163400206	0.0324981245377
62374	FISH	0.958135836366	0.0379582237423
8078	FISH	2.4583092647	0.0959150568116
62444	FISH	5.16013203018	0.19575449618
8918	FISH	0.823547459035	0.0326706061945
7991	FISH	1.26789629372	0.0500728273443
61138	FISH	1.3333949865	0.0526246225841
379	FISH	0.925497044782	0.0366772638793
6114390	FISH	0.832692155881	0.0330303357446
8077	FISH	6.92308430924	0.257751733829
556940	FISH	5.73908737376	0.216388645397
8892	FISH	1.10830248914	0.0438407658026
6826	FISH	0.925237302403	0.0366670664698
2346	FISH	4.33813551236	0.165997652605
6943	FISH	0.969241230081	0.0383938777784
61199	FISH	1.05065479189	0.0415846414791
8697	FISH	1.10033512299	0.0435291099666
637776	FISH	0.945883563277	0.037477464245
6057	FISH	0.9737554165	0.0385709368155
14228	FISH	0.829124989615	0.0328900202852
89440	FISH	0.648612814278	0.025776233138
61337	FISH	1.03749755735	0.0410693418215
8193	FISH	0.724273553688	0.0287611132753
241	FISH	1.29804169998	0.0512477030974
176	FISH	1.18952110609	0.0470148600588
61204	FISH	0.793953243598	0.0315059850427
61177	FISH	1.10154598474	0.0435764779668
6213	FISH	3.94758200279	0.151669918644
31249	FISH	0.967931084568	0.0383424871489
8093	FISH	0.944994908401	0.0374425901853
165675	FISH	0.799765445272	0.0317347679039
61192	FISH	4.66077001238	0.177741689652
519539	FISH	3.77311401234	0.145230004754
565690	FISH	0.72162755759	0.0286568037709
7463	FISH	0.99747417219	0.0395009849979
8857	FISH	1.06856880937	0.0422860166546
5363491	FISH	1.00786203938	0.0399081672192
61151	FISH	0.949438572528	0.0376169694599
6050	FISH	0.834772637829	0.0331121673704
263	FISH	1.49871229806	0.0590500365016
1001	FISH	0.974737371497	0.0386094496825
5541	FISH	0.915102103308	0.0362691193885
6997	FISH	1.06074156094	0.0419795933739
440967	FISH	0.926359522721	0.0367111241227
239	FISH	1.24714995013	0.049263844806
61130	FISH	0.91104847592	0.0361099353066
10882	FISH	1.01569031424	0.0402149618439
78925	FISH	7.86716049984	0.289929534261
23235	GARLIC	2.18249696809	0.0853945615173
7824	GARLIC	1.84314166328	0.0723667980548
6276	GARLIC	4.10259834543	0.157371408544
14104	GARLIC	1.76077320757	0.0691907993874
8030	GARLIC	9.02119042403	0.328294866295
61185	GARLIC	2.24547724394	0.0878022225365
13216	GARLIC	1.88816230814	0.074100429565
14514	GARLIC	1.76318224472	0.0692837651375
12810	GARLIC	1.99121464873	0.0780626116383
7519	GARLIC	1.65196432445	0.0649869785263
170833	GARLIC	1.94723234873	0.0763726084211
8091	GARLIC	1.90451384648	0.0747296846628
93375	GARLIC	1.24422083999	0.0491495994001
62572	GARLIC	2.28558504211	0.0893338420906
325	GARLIC	1.83921297771	0.0722154373576
12580	GARLIC	1.77203646628	0.0696254133562
6501	GARLIC	2.08261415841	0.0815696536431
22386	GARLIC	2.73473043449	0.10639771716
61918	GARLIC	1.94435495002	0.0762619915322
7151	GARLIC	2.30514358802	0.0900802687364
8063	GARLIC	2.59796726531	0.101218917048
159055	GARLIC	1.83126809113	0.0719093065167
62374	GARLIC	1.1306476742	0.0447145613026
8078	GARLIC	5.47998388769	0.207187266144
62444	GARLIC	10.3061433736	0.369759098448
8918	GARLIC	2.01670474354	0.0790413505325
7991	GARLIC	3.01741448314	0.11705466326
61138	GARLIC	3.20583707373	0.124122526412
379	GARLIC	2.02978720073	0.0795434735971
6114390	GARLIC	2.51897806811	0.0982210225213
8077	GARLIC	13.3832193684	0.46368455047
556940	GARLIC	8.70457786765	0.317875244364
8892	GARLIC	2.74759079343	0.10688392967
6826	GARLIC	2.02964157687	0.0795378851024
2346	GARLIC	6.18012928254	0.231927572122
6943	GARLIC	1.8727673359	0.0735077904383
61199	GARLIC	1.81415483358	0.0712497302392
8697	GARLIC	2.00763646509	0.0786932169332
637776	GARLIC	1.95580156691	0.0767019987687
6057	GARLIC	2.01287409849	0.078894299085
14228	GARLIC	2.2754478272	0.0889468479622
89440	GARLIC	1.34677617175	0.0531455244475
61337	GARLIC	2.34843155822	0.0917312100153
8193	GARLIC	2.20374311505	0.0862071311151
241	GARLIC	4.49984070697	0.171894201723
176	GARLIC	4.2333673265	0.162166133492
61204	GARLIC	2.04786143506	0.0802369628195
61177	GARLIC	1.83264266515	0.0719622749506
6213	GARLIC	6.71461445887	0.250550159422
31249	GARLIC	2.21593085787	0.086673094488
8093	GARLIC	1.56613805599	0.0616644068752
165675	GARLIC	1.88221683229	0.07387157721
61192	GARLIC	7.1490425431	0.265518178011
519539	GARLIC	6.36381690641	0.238353410009
565690	GARLIC	1.95928987991	0.0768360684631
7463	GARLIC	1.98081182525	0.0776630268153
8857	GARLIC	3.22264829057	0.124751746821
5363491	GARLIC	2.21123839244	0.0864937056064
61151	GARLIC	2.07656391044	0.081337709348
6050	GARLIC	2.64587483595	0.103034731979
263	GARLIC	4.97536180768	0.18911278226
1001	GARLIC	2.36841458603	0.0924928283807
5541	GARLIC	2.25097114583	0.0880120973935
6997	GARLIC	1.55667647199	0.0612977622241
440967	GARLIC	1.89713050037	0.0744455783606
239	GARLIC	3.63954463665	0.140283271401
61130	GARLIC	0.857061932671	0.0339886552443
10882	GARLIC	1.98509629553	0.0778276089
78925	GARLIC	16.6969971159	0.556363999561
23235	SPICES	5.22484154965	0.198074074299
7824	SPICES	4.66177146424	0.177778013296
6276	SPICES	5.68656754597	0.214527881657
14104	SPICES	11.959846101	0.421178676537
8030	SPICES	9.73253501635	0.351412505516
61185	SPICES	4.54503188438	0.173538349443
13216	SPICES	6.98380781405	0.259842883928
14514	SPICES	7.49964838384	0.277488045001
12810	SPICES	5.34974267456	0.202541808309
7519	SPICES	7.39940173068	0.274075610838
170833	SPICES	6.72338418385	0.2508538094
8091	SPICES	4.62297200903	0.176370132283
93375	SPICES	6.94049458918	0.25835159751
62572	SPICES	4.58765032532	0.17508739881
325	SPICES	12.6322974642	0.441461922877
12580	SPICES	8.8108206675	0.321380602366
6501	SPICES	5.83538225581	0.219794615804
22386	SPICES	5.09285637272	0.193339380495
61918	SPICES	6.02841361922	0.226599836463
7151	SPICES	6.45069500941	0.241383213934
8063	SPICES	5.65286111032	0.21333250892
159055	SPICES	6.79608363804	0.253368644396
62374	SPICES	6.7901391592	0.253163170448
8078	SPICES	5.94526513849	0.223672134513
62444	SPICES	7.45467007034	0.27595796047
8918	SPICES	4.55073706197	0.173745799356
7991	SPICES	5.12837815141	0.194615021071
61138	SPICES	5.86475883549	0.22083219494
379	SPICES	4.76897847389	0.181661876682
6114390	SPICES	7.94202631007	0.292450739639
8077	SPICES	8.10510478107	0.297927101838
556940	SPICES	6.58955523837	0.246213314239
8892	SPICES	4.87387087118	0.18545298794
6826	SPICES	6.78148406175	0.252863952038
2346	SPICES	9.15578290527	0.332699971967
6943	SPICES	10.8739983922	0.387662399274
61199	SPICES	6.63989864401	0.247960644159
8697	SPICES	4.90511327067	0.186580476348
637776	SPICES	10.2544668196	0.368117036882
6057	SPICES	7.04646305229	0.261997465473
14228	SPICES	4.52806127012	0.172921115258
89440	SPICES	7.03549195368	0.261620419335
61337	SPICES	6.33942538516	0.237501689721
8193	SPICES	4.5470952787	0.173613380959
241	SPICES	7.25434818783	0.269123700461
176	SPICES	5.8135990395	0.219024788063
61204	SPICES	5.2006766499	0.197208250949
61177	SPICES	4.95451824143	0.188361829255
6213	SPICES	6.07472083159	0.228227939991
31249	SPICES	4.60778539636	0.175818741351
8093	SPICES	4.97093560926	0.188953344038
165675	SPICES	6.71489424918	0.250559848056
61192	SPICES	7.51129499393	0.277883978763
519539	SPICES	8.20664698838	0.301326257618
565690	SPICES	5.79931335308	0.218519719976
7463	SPICES	12.7674550084	0.445495037381
8857	SPICES	5.51595018042	0.20846772466
5363491	SPICES	6.54091967223	0.244523334826
61151	SPICES	7.23756683625	0.268549723966
6050	SPICES	4.76744373183	0.181606341379
263	SPICES	5.92839554042	0.223077472143
1001	SPICES	6.90772194689	0.257222228877
5541	SPICES	4.5782872341	0.174747203765
6997	SPICES	8.11973222098	0.298417268303
440967	SPICES	6.9043271578	0.257105192911
239	SPICES	6.0043357236	0.225752609951
61130	SPICES	6.81773291503	0.254116723761
10882	SPICES	4.27417715931	0.163659650217
78925	SPICES	8.84303374075	0.322441651334
23235	COLD	4.7465341103	0.180849529988
7824	COLD	4.76557712426	0.18153879484
6276	COLD	5.44083994032	0.20579250191
14104	COLD	5.13305191745	0.194782787903
8030	COLD	2.93306529276	0.113881462906
61185	COLD	5.01359138929	0.190489216124
13216	COLD	6.69954296243	0.250028168135
14514	COLD	4.8039850567	0.182928093298
12810	COLD	5.20785142445	0.197465370394
7519	COLD	5.05263351196	0.191893698316
170833	COLD	6.90411812786	0.257097986265
8091	COLD	4.90962877387	0.186743369076
93375	COLD	6.16288946201	0.231323095872
62572	COLD	4.58800199681	0.175100174943
325	COLD	5.03065847429	0.191103329098
12580	COLD	4.92197364358	0.187188615924
6501	COLD	5.13979793205	0.195024908169
22386	COLD	5.18428575256	0.196620702597
61918	COLD	4.37805179849	0.167455136919
7151	COLD	4.13908633979	0.1587106393
8063	COLD	5.0115162422	0.19041453167
159055	COLD	8.4181543211	0.308380043974
62374	COLD	5.7979690018	0.218472182254
8078	COLD	7.99316346104	0.294170273596
62444	COLD	2.65171925164	0.10325612407
8918	COLD	5.15769805464	0.195667182497
7991	COLD	3.47527435313	0.134179961393
61138	COLD	3.48258597351	0.134452076915
379	COLD	3.77282872754	0.145219454459
6114390	COLD	4.42192246533	0.169055539298
8077	COLD	2.41744456247	0.0943601672136
556940	COLD	1.8384359134	0.0721854978929
8892	COLD	3.63062362089	0.139952373685
6826	COLD	4.59358152478	0.175302864501
2346	COLD	2.72600669215	0.106067822692
6943	COLD	5.02913612923	0.191048561087
61199	COLD	4.6764456736	0.178310169289
8697	COLD	4.08816616331	0.156841405501
637776	COLD	4.75603814487	0.181193566261
6057	COLD	2.74228189415	0.106683231771
14228	COLD	5.07428981345	0.192672225694
89440	COLD	6.45533237396	0.241544768535
61337	COLD	4.25983342543	0.163134864692
8193	COLD	5.79789156699	0.218469444031
241	COLD	6.32088875716	0.236854096414
176	COLD	4.40237262865	0.168342551241
61204	COLD	5.19870621721	0.197137630155
61177	COLD	4.87257316116	0.185406138762
6213	COLD	6.37352634581	0.2386923186
31249	COLD	4.88565530685	0.185878361163
8093	COLD	5.27932465388	0.200024478635
165675	COLD	6.67060036944	0.249025251062
61192	COLD	2.58028669701	0.100548316105
519539	COLD	3.33603162983	0.128989622379
565690	COLD	6.0930998613	0.228873648084
7463	COLD	5.47656944015	0.207065652473
8857	COLD	4.74020130155	0.18062024871
5363491	COLD	4.77775396353	0.181979385367
61151	COLD	4.51153077029	0.172319666855
6050	COLD	4.33951837825	0.166048167228
263	COLD	5.26717716657	0.199589824541
1001	COLD	4.80891412158	0.183106302852
5541	COLD	4.31584374541	0.165183146923
6997	COLD	4.98192656778	0.18934922578
440967	COLD	7.60391780651	0.281028885857
239	COLD	4.2036586097	0.161078046105
61130	COLD	7.12022027741	0.264529796377
10882	COLD	4.73463845703	0.180418817754
78925	COLD	2.56092726426	0.0998137511893
23235	SOUR	7.45993921879	0.276137291492
7824	SOUR	10.7992324824	0.385319930413
6276	SOUR	8.16161378396	0.299819775535
14104	SOUR	6.76071389337	0.252145654796
8030	SOUR	9.10912582851	0.331174563797
61185	SOUR	7.60304766864	0.280999373205
13216	SOUR	6.56426951199	0.245334926789
14514	SOUR	7.35290826398	0.272490226584
12810	SOUR	6.61987181989	0.247265791631
7519	SOUR	7.18663209624	0.266806211495
170833	SOUR	6.51294771124	0.243550513294
8091	SOUR	7.91054774231	0.291391203459
93375	SOUR	10.5492799061	0.377456273629
62572	SOUR	10.4345829364	0.373831109033
325	SOUR	6.48475775381	0.242569476902
12580	SOUR	6.16274509458	0.231318032943
6501	SOUR	8.76156053687	0.319756444258
22386	SOUR	8.09518213686	0.297594495943
61918	SOUR	8.07693991259	0.296982813163
7151	SOUR	7.44801524304	0.275731437297
8063	SOUR	14.8554766438	0.505944991228
159055	SOUR	6.24347611659	0.234146647056
62374	SOUR	8.17270267237	0.300190879306
8078	SOUR	6.84634871229	0.255104952215
62444	SOUR	17.653486407	0.581481223351
8918	SOUR	7.93347001317	0.292162821947
7991	SOUR	16.0491198977	0.538935096113
61138	SOUR	16.5524052374	0.552503361838
379	SOUR	11.0412183975	0.39288533442
6114390	SOUR	8.7075529864	0.317973527852
8077	SOUR	11.913188342	0.41975791109
556940	SOUR	12.346637597	0.432889719901
8892	SOUR	14.3232536146	0.490867906939
6826	SOUR	7.50849006742	0.27778863346
2346	SOUR	9.45284833001	0.34237139658
6943	SOUR	6.63116055409	0.247657506046
61199	SOUR	8.59490508191	0.31424724593
8697	SOUR	13.310798556	0.461560998962
637776	SOUR	6.42710945301	0.240561283752
6057	SOUR	10.9088704912	0.388753437489
14228	SOUR	7.74920447553	0.28594811102
89440	SOUR	7.04070559643	0.261799609739
61337	SOUR	8.52708930818	0.311999071499
8193	SOUR	6.45388307408	0.24149428027
241	SOUR	7.17491385722	0.266404798745
176	SOUR	15.2904148892	0.518097880573
61204	SOUR	6.98478422272	0.259876484654
61177	SOUR	8.05127028181	0.296121630012
6213	SOUR	12.8895174119	0.449124832831
31249	SOUR	7.41585077403	0.27463609388
8093	SOUR	8.90341156906	0.324428167735
165675	SOUR	6.1967505926	0.232510136541
61192	SOUR	9.37772053637	0.339932164471
519539	SOUR	9.6103497366	0.34747046064
565690	SOUR	7.54767245554	0.279119954423
7463	SOUR	6.14646731526	0.230747068427
8857	SOUR	11.2594292341	0.399667270692
5363491	SOUR	7.82966387924	0.288665100585
61151	SOUR	7.67499925598	0.283437724807
6050	SOUR	12.8019024402	0.446520615172
263	SOUR	8.57111384901	0.313458956915
1001	SOUR	6.22829752668	0.233615225035
5541	SOUR	9.95488414236	0.358555478379
6997	SOUR	6.18956169215	0.232258198109
440967	SOUR	6.4358369377	0.240865478673
239	SOUR	15.0473811997	0.511325775599
61130	SOUR	9.74694759639	0.351876708877
10882	SOUR	9.58095209545	0.346520226596
78925	SOUR	15.5394436641	0.524988022807
23235	BURNT	3.73433083751	0.143795142779
7824	BURNT	3.45405182422	0.133389883367
6276	BURNT	4.76324999129	0.18145457946
14104	BURNT	6.66256652096	0.24874674378
8030	BURNT	7.31907227611	0.271335363451
61185	BURNT	6.80898143916	0.253814366271
13216	BURNT	6.49734320438	0.243007540689
14514	BURNT	6.23907674189	0.233992638239
12810	BURNT	3.85363829471	0.148205320546
7519	BURNT	5.84698848828	0.220204629779
170833	BURNT	5.74745930042	0.216685056653
8091	BURNT	3.29854482865	0.127589633952
93375	BURNT	5.32896104064	0.201799311316
62572	BURNT	3.09451427929	0.119950163722
325	BURNT	5.548051604	0.20960971352
12580	BURNT	6.27579527358	0.235277568417
6501	BURNT	3.86207638217	0.148516801694
22386	BURNT	4.70340089434	0.179287243784
61918	BURNT	8.42377006325	0.308566841699
7151	BURNT	5.32308100615	0.201589163687
8063	BURNT	4.57412972066	0.174596123746
159055	BURNT	5.90516117157	0.222258075478
62374	BURNT	6.84476516022	0.255050282369
8078	BURNT	5.87418587833	0.22116501124
62444	BURNT	13.0723569818	0.454539672449
8918	BURNT	3.99102464657	0.153269674771
7991	BURNT	4.88235944774	0.185759404399
61138	BURNT	4.10278516142	0.157378268025
379	BURNT	4.6006681894	0.17556026846
6114390	BURNT	4.65247826536	0.177440909011
8077	BURNT	8.22306372946	0.301875038339
556940	BURNT	14.6912759261	0.501317601708
8892	BURNT	4.5884539192	0.17511659302
6826	BURNT	3.40360302292	0.131510315502
2346	BURNT	16.8633925156	0.56078609777
6943	BURNT	6.64292094568	0.248065478351
61199	BURNT	5.78980364515	0.218183415306
8697	BURNT	4.64477773168	0.177161525196
637776	BURNT	5.50895749271	0.208218854646
6057	BURNT	11.067642881	0.393708627662
14228	BURNT	7.56281595553	0.27963416415
89440	BURNT	5.38633954532	0.203848520334
61337	BURNT	4.3885398966	0.167837882894
8193	BURNT	6.90378740997	0.257086584158
241	BURNT	5.50683598617	0.208143342416
176	BURNT	4.81043080596	0.183161134423
61204	BURNT	3.97598026777	0.152715843075
61177	BURNT	3.88017603675	0.14918473504
6213	BURNT	4.48810947326	0.171467128273
31249	BURNT	2.6998652047	0.105078899338
8093	BURNT	4.16590475044	0.159694285062
165675	BURNT	5.89880598665	0.222033874639
61192	BURNT	8.34267115469	0.30586678139
519539	BURNT	12.3959040332	0.434372786608
565690	BURNT	3.42804060314	0.132421039175
7463	BURNT	6.51198119687	0.243516888231
8857	BURNT	3.30470690754	0.127819841204
5363491	BURNT	2.69750200773	0.104989473476
61151	BURNT	4.0332327666	0.154822524044
6050	BURNT	3.46682748261	0.133865542187
263	BURNT	4.51762421474	0.172541397171
1001	BURNT	4.79007165912	0.182424951765
5541	BURNT	1.90603979033	0.0747883965401
6997	BURNT	6.83788336011	0.254812674866
440967	BURNT	5.96873163636	0.224498962516
239	BURNT	5.03996378627	0.191438057464
61130	BURNT	5.31873591543	0.201433855922
10882	BURNT	3.2814780489	0.126951882682
78925	BURNT	8.11630407005	0.298302406099
23235	ACID	4.81991541553	0.183503982776
7824	ACID	6.66325831224	0.248770727955
6276	ACID	8.0780032269	0.297018474622
14104	ACID	6.33504756923	0.237348771687
8030	ACID	8.28953516546	0.304094849315
61185	ACID	4.79376393314	0.182558488267
13216	ACID	7.45490268357	0.275965877734
14514	ACID	7.1086779647	0.264133797626
12810	ACID	5.61335367275	0.211930251128
7519	ACID	7.72335793699	0.28507421435
170833	ACID	6.67573502004	0.249203225579
8091	ACID	5.10956042283	0.193939373827
93375	ACID	6.07252265847	0.228150693764
62572	ACID	7.3273251361	0.271617127984
325	ACID	4.77341933152	0.181822560415
12580	ACID	5.4156684924	0.204894953608
6501	ACID	4.74522269447	0.180802052411
22386	ACID	8.94052628168	0.32564784719
61918	ACID	6.68930114826	0.24967334599
7151	ACID	6.69799901348	0.249974684225
8063	ACID	7.65108518646	0.282627765646
159055	ACID	7.13987693688	0.265203940406
62374	ACID	6.9425629554	0.25842284606
8078	ACID	10.8518185295	0.386967955022
62444	ACID	7.32967233211	0.271697254686
8918	ACID	5.58831233931	0.211040799652
7991	ACID	7.53842926527	0.278806004296
61138	ACID	6.77888843866	0.252774206161
379	ACID	7.00072114386	0.260424807141
6114390	ACID	4.33950508623	0.166047681692
8077	ACID	8.02219504116	0.295145556335
556940	ACID	5.39575431504	0.20418450675
8892	ACID	6.77315506688	0.252575950851
6826	ACID	6.1899492669	0.232271781905
2346	ACID	5.7005075173	0.21502198631
6943	ACID	7.34895607356	0.272355380794
61199	ACID	6.65714266175	0.248558687102
8697	ACID	7.7456045472	0.285826425967
637776	ACID	4.10656796195	0.157517158307
6057	ACID	3.30685640074	0.127900136328
14228	ACID	6.01019603235	0.225958858755
89440	ACID	5.21580244558	0.197750259763
61337	ACID	9.3944193532	0.340474728134
8193	ACID	7.65938025852	0.282908767963
241	ACID	10.4270721416	0.373593352284
176	ACID	7.26041071987	0.269331003266
61204	ACID	5.74212191392	0.216496090927
61177	ACID	5.95229640152	0.22391992308
6213	ACID	8.32626737192	0.305320003537
31249	ACID	6.36261004879	0.238311279298
8093	ACID	6.82577080112	0.254394373233
165675	ACID	7.29993152347	0.27068166084
61192	ACID	4.20553073298	0.161146633821
519539	ACID	7.29961520253	0.270670855259
565690	ACID	6.85342852922	0.255349348127
7463	ACID	6.7218719757	0.250801453885
8857	ACID	8.03849086272	0.295692700369
5363491	ACID	5.40395273581	0.204477027364
61151	ACID	6.46361537281	0.241833285437
6050	ACID	5.72063237421	0.215735041064
263	ACID	8.18773859401	0.300693918447
1001	ACID	7.11925761192	0.264496772899
5541	ACID	4.98798916436	0.189567552213
6997	ACID	7.42770750473	0.275039964679
440967	ACID	7.5507789271	0.279225452122
239	ACID	6.70349471609	0.25016505208
61130	ACID	7.13293428292	0.264965870723
10882	ACID	7.46600161659	0.276343592608
78925	ACID	7.12132042335	0.264567535105
23235	WARM	5.66482422468	0.213756875589
7824	WARM	5.15172644431	0.19545294363
6276	WARM	4.16668308658	0.159722824286
14104	WARM	6.7753777911	0.252652813959
8030	WARM	4.59972848452	0.175526138528
61185	WARM	4.84615274789	0.184452031333
13216	WARM	6.11539180571	0.229656465454
14514	WARM	6.38381239948	0.239051271678
12810	WARM	6.50217941109	0.243175841606
7519	WARM	6.01553493486	0.226146733173
170833	WARM	5.79757154692	0.21845812754
8091	WARM	4.93481226791	0.187651541869
93375	WARM	7.0450505701	0.26194892779
62572	WARM	5.74859168443	0.216725144836
325	WARM	6.12855182838	0.23011841413
12580	WARM	6.09512639661	0.228944829548
6501	WARM	6.70825335559	0.25032986899
22386	WARM	5.26542141981	0.199526991701
61918	WARM	6.51799856487	0.243726220478
7151	WARM	6.76042112461	0.252135527472
8063	WARM	6.347904589	0.237797826492
159055	WARM	6.86993951709	0.255919153096
62374	WARM	7.29885327261	0.270644827266
8078	WARM	5.54972893649	0.209669360952
62444	WARM	7.14763252362	0.265469840668
8918	WARM	4.08169854191	0.156603836482
7991	WARM	5.57960711421	0.210731478349
61138	WARM	5.77743683317	0.217745962782
379	WARM	5.12060388772	0.194335921839
6114390	WARM	7.01759025672	0.261004981064
8077	WARM	5.40856505978	0.204641571989
556940	WARM	6.46267553782	0.24180055147
8892	WARM	5.42565577537	0.205251134778
6826	WARM	6.53095987203	0.244177020141
2346	WARM	6.52915258266	0.244114169927
6943	WARM	6.58419474093	0.246027141482
61199	WARM	8.42198195906	0.308507366315
8697	WARM	5.97106133099	0.224581023872
637776	WARM	7.35880030211	0.27269123533
6057	WARM	7.19737184999	0.267174009381
14228	WARM	4.8535043086	0.184717570715
89440	WARM	6.12506417807	0.229996002649
61337	WARM	6.50951296975	0.243431015149
8193	WARM	3.76577934038	0.144958735999
241	WARM	5.10879779775	0.193911985935
176	WARM	5.09741043242	0.19350298005
61204	WARM	6.42602629888	0.240523526358
61177	WARM	5.28980865077	0.200399515806
6213	WARM	5.73698586114	0.216314231737
31249	WARM	5.34692225161	0.202441059039
8093	WARM	4.97649320118	0.189153534215
165675	WARM	5.78742823547	0.218099399187
61192	WARM	6.09023425178	0.228772988775
519539	WARM	5.87657859252	0.221249473319
565690	WARM	5.77235310159	0.217566099932
7463	WARM	5.8065328793	0.218774985541
8857	WARM	5.10828175834	0.193893453324
5363491	WARM	5.24912239394	0.198943581395
61151	WARM	7.11658579251	0.264405114364
6050	WARM	5.85130761957	0.220357184439
263	WARM	4.49651638314	0.171773191492
1001	WARM	5.44036771809	0.20577566836
5541	WARM	5.69954823186	0.214987989256
6997	WARM	6.64607907428	0.248175016147
440967	WARM	6.0808674294	0.228443917698
239	WARM	5.57735539494	0.210651458517
61130	WARM	7.29616373862	0.270552947425
10882	WARM	5.11259474746	0.194048339878
78925	WARM	6.61342794345	0.247042146073
23235	MUSKY	6.75478646493	0.251940602522
7824	MUSKY	7.17739000456	0.266489629271
6276	MUSKY	8.34339827534	0.305891013101
14104	MUSKY	7.02666353927	0.261316941373
8030	MUSKY	9.95743517366	0.358637200851
61185	MUSKY	7.00707453149	0.260643343864
13216	MUSKY	6.85105743102	0.255267502071
14514	MUSKY	11.0122932789	0.391983489853
12810	MUSKY	6.19280321331	0.232371803877
7519	MUSKY	8.01140381575	0.29478311619
170833	MUSKY	5.32404462692	0.201623604601
8091	MUSKY	6.43407451105	0.240804054517
93375	MUSKY	10.7686980013	0.384361977396
62572	MUSKY	5.66675072898	0.213825203629
325	MUSKY	5.80450361969	0.218703239879
12580	MUSKY	6.70962490492	0.250377369651
6501	MUSKY	6.00204691634	0.225672049779
22386	MUSKY	8.16418366121	0.299905788507
61918	MUSKY	8.54678971121	0.312652542701
7151	MUSKY	5.87806032989	0.221301775899
8063	MUSKY	14.1392451938	0.485602505892
159055	MUSKY	7.51393999128	0.277973881974
62374	MUSKY	7.65361470606	0.282713461015
8078	MUSKY	7.5693781167	0.279856930639
62444	MUSKY	13.0725753953	0.454546124827
8918	MUSKY	6.05582300445	0.227563723273
7991	MUSKY	14.1286774729	0.485299288062
61138	MUSKY	14.2085839412	0.487589814602
379	MUSKY	13.5566154718	0.468751889653
6114390	MUSKY	11.9975771503	0.422326343022
8077	MUSKY	10.7904815739	0.385045465918
556940	MUSKY	12.1196248159	0.426030870365
8892	MUSKY	12.1380850855	0.426590159602
6826	MUSKY	5.90853821706	0.222377199137
2346	MUSKY	11.4038709225	0.404135528094
6943	MUSKY	7.84523664457	0.289190370579
61199	MUSKY	8.05179962627	0.296139394162
8697	MUSKY	13.1037302001	0.45546610994
637776	MUSKY	6.80888901702	0.253811172822
6057	MUSKY	10.6312702439	0.380041246956
14228	MUSKY	7.36023519281	0.272740182875
89440	MUSKY	7.94251744379	0.292467264414
61337	MUSKY	8.03093972487	0.295439191849
8193	MUSKY	6.92247308883	0.257730670087
241	MUSKY	8.72286362693	0.318479205135
176	MUSKY	10.9382895597	0.389673110992
61204	MUSKY	6.33290129624	0.237273796318
61177	MUSKY	7.07545787553	0.262993473362
6213	MUSKY	10.0518494449	0.361658106891
31249	MUSKY	5.20889887904	0.197502904149
8093	MUSKY	7.1021546913	0.263909947148
165675	MUSKY	5.83956355962	0.219942341358
61192	MUSKY	8.11339186396	0.298204823543
519539	MUSKY	11.8717358286	0.418494188509
565690	MUSKY	6.92814204654	0.257926020975
7463	MUSKY	5.49053661905	0.207563067816
8857	MUSKY	6.3418961332	0.237587986702
5363491	MUSKY	5.94805697372	0.223770526244
61151	MUSKY	6.13352734681	0.230293030787
6050	MUSKY	10.733171068	0.383246458251
263	MUSKY	8.19766733398	0.301025993472
1001	MUSKY	7.1763019694	0.266452354794
5541	MUSKY	6.71755431426	0.250651958184
6997	MUSKY	7.53112979289	0.278558025333
440967	MUSKY	7.16308723402	0.265999561872
239	MUSKY	11.8507684953	0.417854454239
61130	MUSKY	9.57957016227	0.346475540693
10882	MUSKY	6.04140696742	0.227056839438
78925	MUSKY	10.2623139494	0.368366522938
23235	SWEATY	3.62068781514	0.139583760504
7824	SWEATY	3.45548086666	0.133443095459
6276	SWEATY	4.03832915568	0.155009925279
14104	SWEATY	2.4449239568	0.0954058970104
8030	SWEATY	5.5693019557	0.210365228519
61185	SWEATY	3.56533764536	0.137528852804
13216	SWEATY	3.16070481153	0.122432170499
14514	SWEATY	3.43838764182	0.132806501843
12810	SWEATY	2.86764197933	0.111416330964
7519	SWEATY	2.25545802105	0.088183484488
170833	SWEATY	2.28097578781	0.0891578912945
8091	SWEATY	2.98651302515	0.115892816986
93375	SWEATY	4.94186916142	0.187905938134
62572	SWEATY	4.78500193985	0.182241580168
325	SWEATY	1.33917326022	0.0528495764003
12580	SWEATY	2.67191289865	0.104020868531
6501	SWEATY	2.86171088049	0.111192679554
22386	SWEATY	4.59907357767	0.175502351998
61918	SWEATY	3.286469959	0.127138444443
7151	SWEATY	2.81239796026	0.109332085495
8063	SWEATY	6.56896077129	0.245497932606
159055	SWEATY	3.62358228518	0.139691151976
62374	SWEATY	3.22891320012	0.124986175823
8078	SWEATY	5.43530673668	0.205595245738
62444	SWEATY	6.40980830234	0.239958075104
8918	SWEATY	3.4029798878	0.131487086665
7991	SWEATY	10.0883488295	0.362824040339
61138	SWEATY	10.5292479504	0.376823893054
379	SWEATY	7.25305293208	0.269079406549
6114390	SWEATY	3.28467022307	0.127071185533
8077	SWEATY	5.3844531804	0.203781192795
556940	SWEATY	4.86032675718	0.184963959813
8892	SWEATY	8.48903768873	0.310736003197
6826	SWEATY	2.12594665464	0.0832300065143
2346	SWEATY	4.61831959668	0.176201233508
6943	SWEATY	2.6331100829	0.102551095832
61199	SWEATY	3.39820451015	0.131309062849
8697	SWEATY	9.87392628982	0.355959283442
637776	SWEATY	1.93277261336	0.0758166605443
6057	SWEATY	7.24090671708	0.268663976649
14228	SWEATY	3.83626314303	0.14756375976
89440	SWEATY	1.91067606927	0.0749667695543
61337	SWEATY	3.65336052538	0.140795603764
8193	SWEATY	5.11031730107	0.193966554876
241	SWEATY	4.60925034774	0.175871938402
176	SWEATY	7.90205742952	0.291105292533
61204	SWEATY	3.18527154488	0.123352479869
61177	SWEATY	3.50434712595	0.135261705526
6213	SWEATY	6.80377067028	0.253634308678
31249	SWEATY	2.96115542576	0.114938840448
8093	SWEATY	3.4666253345	0.133858016896
165675	SWEATY	2.36163267568	0.0922343834693
61192	SWEATY	3.88462678256	0.149348941206
519539	SWEATY	3.97443427461	0.152658919863
565690	SWEATY	4.03527532913	0.154897634373
7463	SWEATY	0.946832527687	0.0375147043733
8857	SWEATY	3.82066003727	0.146987424243
5363491	SWEATY	3.1777350246	0.12307020103
61151	SWEATY	2.27408655001	0.0888948741456
6050	SWEATY	3.94722062775	0.151656604836
263	SWEATY	5.45871286242	0.206429496051
1001	SWEATY	3.67213666347	0.141491631469
5541	SWEATY	2.60687581403	0.101556711957
6997	SWEATY	2.29042486709	0.0895185762548
440967	SWEATY	2.38290111837	0.0930447576388
239	SWEATY	9.91675844513	0.357333498582
61130	SWEATY	4.65984087568	0.177707988232
10882	SWEATY	3.84581473467	0.147916472998
78925	SWEATY	7.32764680115	0.271628108989
23235	AMMONIA/URINOUS	4.59573002181	0.175380907099
7824	AMMONIA/URINOUS	4.07702151434	0.156432018802
6276	AMMONIA/URINOUS	7.57640167242	0.280095321976
14104	AMMONIA/URINOUS	5.19662565234	0.197063058825
8030	AMMONIA/URINOUS	6.50488562525	0.243270010211
61185	AMMONIA/URINOUS	4.48966631183	0.171523811037
13216	AMMONIA/URINOUS	7.25628499385	0.269189930989
14514	AMMONIA/URINOUS	7.12996033862	0.264863879773
12810	AMMONIA/URINOUS	4.43722194273	0.169613302282
7519	AMMONIA/URINOUS	5.58355585891	0.210871795945
170833	AMMONIA/URINOUS	5.38392105643	0.20376219988
8091	AMMONIA/URINOUS	4.47487886152	0.170985338131
93375	AMMONIA/URINOUS	5.20508087472	0.197366088224
62572	AMMONIA/URINOUS	3.50894179508	0.135432602795
325	AMMONIA/URINOUS	4.64509901057	0.177173182496
12580	AMMONIA/URINOUS	6.1877378698	0.232194274814
6501	AMMONIA/URINOUS	4.49537628747	0.171731688312
22386	AMMONIA/URINOUS	7.42509695731	0.274951052362
61918	AMMONIA/URINOUS	5.17657218417	0.196344127535
7151	AMMONIA/URINOUS	3.95829123316	0.152064421532
8063	AMMONIA/URINOUS	7.44967742695	0.275788019572
159055	AMMONIA/URINOUS	6.87282394928	0.256018674356
62374	AMMONIA/URINOUS	6.33222555222	0.237250189911
8078	AMMONIA/URINOUS	10.2484114346	0.367924482611
62444	AMMONIA/URINOUS	6.99112886004	0.260094801306
8918	AMMONIA/URINOUS	4.94121432418	0.187882333368
7991	AMMONIA/URINOUS	6.90605366774	0.257164715805
61138	AMMONIA/URINOUS	6.71194184262	0.250457608385
379	AMMONIA/URINOUS	5.76276884373	0.217226951851
6114390	AMMONIA/URINOUS	8.90242945015	0.32439587796
8077	AMMONIA/URINOUS	7.86769280928	0.289947476315
556940	AMMONIA/URINOUS	4.84715472943	0.184488225589
8892	AMMONIA/URINOUS	5.2301620335	0.198264643381
6826	AMMONIA/URINOUS	3.89074806868	0.149574754534
2346	AMMONIA/URINOUS	6.33939576637	0.237500655182
6943	AMMONIA/URINOUS	5.60286569	0.211557786024
61199	AMMONIA/URINOUS	5.04712805933	0.191695721714
8697	AMMONIA/URINOUS	4.85880620244	0.184909049012
637776	AMMONIA/URINOUS	4.24533192115	0.162604139598
6057	AMMONIA/URINOUS	12.430848081	0.435423529635
14228	AMMONIA/URINOUS	4.58840745114	0.175114904871
89440	AMMONIA/URINOUS	6.16223207193	0.231300041234
61337	AMMONIA/URINOUS	4.74910547734	0.18094261796
8193	AMMONIA/URINOUS	7.29578084277	0.270539866468
241	AMMONIA/URINOUS	7.24979192549	0.268967883834
176	AMMONIA/URINOUS	6.59870896905	0.246531174739
61204	AMMONIA/URINOUS	4.62034622584	0.176274809335
61177	AMMONIA/URINOUS	4.62376960482	0.176399086049
6213	AMMONIA/URINOUS	7.04909445725	0.262087885223
31249	AMMONIA/URINOUS	3.34496488241	0.129323079271
8093	AMMONIA/URINOUS	5.40507616677	0.204517107323
165675	AMMONIA/URINOUS	5.69049277422	0.214667027763
61192	AMMONIA/URINOUS	6.11648412789	0.229694813881
519539	AMMONIA/URINOUS	5.96028027187	0.224201234507
565690	AMMONIA/URINOUS	4.74011776912	0.180617224179
7463	AMMONIA/URINOUS	5.51029668998	0.208266519755
8857	AMMONIA/URINOUS	5.85340247243	0.220431170695
5363491	AMMONIA/URINOUS	4.24625684769	0.162637995021
61151	AMMONIA/URINOUS	4.30853489844	0.164916006749
6050	AMMONIA/URINOUS	3.88603738156	0.14940098065
263	AMMONIA/URINOUS	7.47277853772	0.276574173879
1001	AMMONIA/URINOUS	6.36685840323	0.238459581759
5541	AMMONIA/URINOUS	2.70727344873	0.105359206139
6997	AMMONIA/URINOUS	5.71276456089	0.215456310864
440967	AMMONIA/URINOUS	7.50171580933	0.27755833634
239	AMMONIA/URINOUS	6.42327112956	0.240427480381
61130	AMMONIA/URINOUS	6.10272453737	0.229211682783
10882	AMMONIA/URINOUS	4.40731455931	0.168522813722
78925	AMMONIA/URINOUS	7.35891585823	0.272695177286
23235	DECAYED	3.149656954	0.122018142589
7824	DECAYED	4.14844288386	0.15905388401
6276	DECAYED	5.17552068231	0.196306421559
14104	DECAYED	3.91386190396	0.150427150157
8030	DECAYED	6.66974143465	0.248995477064
61185	DECAYED	3.64740290799	0.14057469713
13216	DECAYED	4.62403937016	0.176408878768
14514	DECAYED	4.67221628655	0.178156809451
12810	DECAYED	3.5652971875	0.137527349886
7519	DECAYED	4.52409340819	0.172776767861
170833	DECAYED	2.98129921349	0.115696710539
8091	DECAYED	3.72630826574	0.143498181313
93375	DECAYED	4.31121704738	0.165014044923
62572	DECAYED	5.47450685161	0.206992183957
325	DECAYED	2.74825315558	0.10690896806
12580	DECAYED	3.79802734538	0.146151089129
6501	DECAYED	2.88464565562	0.112057354001
22386	DECAYED	5.43417474831	0.205554887854
61918	DECAYED	6.40113090676	0.239655445516
7151	DECAYED	3.18258806577	0.123251975912
8063	DECAYED	7.81104440425	0.288036810296
159055	DECAYED	3.70569987019	0.142735110196
62374	DECAYED	4.57868265493	0.174761572255
8078	DECAYED	5.47601486421	0.207045899051
62444	DECAYED	11.8874240471	0.418972621695
8918	DECAYED	3.65283663427	0.14077617918
7991	DECAYED	7.29027342506	0.270351702358
61138	DECAYED	6.9130019332	0.257404239037
379	DECAYED	5.18096281404	0.19650156229
6114390	DECAYED	3.14705862132	0.121920753667
8077	DECAYED	12.3921864931	0.434260945292
556940	DECAYED	12.7498165234	0.444969532383
8892	DECAYED	6.08201510834	0.228484241223
6826	DECAYED	3.71892904709	0.143224988581
2346	DECAYED	6.94404973775	0.258474058806
6943	DECAYED	4.69662970296	0.179041855892
61199	DECAYED	4.6713389145	0.178124993678
8697	DECAYED	6.32239060285	0.23690657494
637776	DECAYED	3.59769952068	0.138730604091
6057	DECAYED	5.86002791163	0.220665145615
14228	DECAYED	4.5137634067	0.172400912231
89440	DECAYED	2.91685166541	0.113270857161
61337	DECAYED	4.03035095791	0.154716546779
8193	DECAYED	4.33892469389	0.166026480756
241	DECAYED	3.44128352357	0.132914368027
176	DECAYED	5.61298565775	0.211917183112
61204	DECAYED	3.53613414744	0.136443668014
61177	DECAYED	4.59415670659	0.175323757926
6213	DECAYED	8.51598723213	0.31163067387
31249	DECAYED	3.88485802527	0.14935747226
8093	DECAYED	4.04402736889	0.155219431812
165675	DECAYED	3.32602535839	0.128616036462
61192	DECAYED	9.01662610056	0.328145225527
519539	DECAYED	7.27988334635	0.26999665324
565690	DECAYED	3.2369156295	0.125285576063
7463	DECAYED	2.99583066462	0.116243226036
8857	DECAYED	5.08639575846	0.193107261614
5363491	DECAYED	4.05226245114	0.155522165656
61151	DECAYED	3.13408085014	0.121434248896
6050	DECAYED	3.9328750905	0.151128001029
263	DECAYED	5.19923693835	0.197156651638
1001	DECAYED	3.82201717655	0.147037560943
5541	DECAYED	3.03725036497	0.117800058687
6997	DECAYED	4.63422724096	0.17677866479
440967	DECAYED	4.06741211621	0.156078948119
239	DECAYED	7.04916390405	0.262090271464
61130	DECAYED	3.45292124299	0.133347783676
10882	DECAYED	4.17228997105	0.159928397401
78925	DECAYED	13.45363752	0.465745355791
23235	WOOD	2.87806913674	0.111809452687
7824	WOOD	2.44475435777	0.0953994447628
6276	WOOD	2.91663276501	0.113262611926
14104	WOOD	4.63852847128	0.1769347603
8030	WOOD	3.18226915704	0.123240031486
61185	WOOD	3.39799375401	0.13130120554
13216	WOOD	3.66833614349	0.141350769715
14514	WOOD	4.18190864352	0.16028100178
12810	WOOD	3.45501723388	0.133425831721
7519	WOOD	2.94362209288	0.114278919305
170833	WOOD	3.68810885496	0.142083495428
8091	WOOD	3.02662208936	0.117400707066
93375	WOOD	3.37366870408	0.130394091953
62572	WOOD	1.94737317155	0.0763780219543
325	WOOD	4.2575811636	0.163052447598
12580	WOOD	2.89110489954	0.112300800965
6501	WOOD	2.66276299104	0.103674396943
22386	WOOD	2.90202528668	0.112712311161
61918	WOOD	7.00494147709	0.260569977045
7151	WOOD	3.12809770495	0.121209910097
8063	WOOD	2.56791746274	0.100079018471
159055	WOOD	4.50424859026	0.172054641465
62374	WOOD	4.02611754768	0.154560852904
8078	WOOD	3.14431846241	0.121818043059
62444	WOOD	2.58193439573	0.100610821739
8918	WOOD	2.92288289791	0.113498018142
7991	WOOD	2.77667651466	0.1079830876
61138	WOOD	2.60193929283	0.10136953648
379	WOOD	4.37639726656	0.167394749449
6114390	WOOD	3.66251917182	0.141135148199
8077	WOOD	3.08734445883	0.11968110003
556940	WOOD	3.0133126959	0.116900486475
8892	WOOD	2.92522334059	0.113586160987
6826	WOOD	2.94328695877	0.114266303102
2346	WOOD	2.87271073703	0.11160744269
6943	WOOD	4.16702112826	0.159735219097
61199	WOOD	3.69195849737	0.142226116876
8697	WOOD	3.30598577268	0.127867614136
637776	WOOD	3.66365404922	0.141177217572
6057	WOOD	2.73806412126	0.106523766798
14228	WOOD	3.68609199332	0.142008770059
89440	WOOD	7.14699781295	0.265448081423
61337	WOOD	2.67117529144	0.103992940682
8193	WOOD	3.76612633481	0.144971570365
241	WOOD	2.95607445115	0.114747627582
176	WOOD	2.97301512539	0.115385077441
61204	WOOD	3.55178618681	0.137025373426
61177	WOOD	2.52579545538	0.0984799611423
6213	WOOD	3.02224632945	0.117236264028
31249	WOOD	2.18836608778	0.0856190650577
8093	WOOD	3.1025600079	0.120252048875
165675	WOOD	4.22878830105	0.161998471844
61192	WOOD	3.67697146408	0.141670810904
519539	WOOD	4.15177594836	0.159176140524
565690	WOOD	4.8693883721	0.185291157637
7463	WOOD	4.79309120483	0.182534158874
8857	WOOD	1.52823732367	0.06019528922
5363491	WOOD	2.2258518009	0.08705230554
61151	WOOD	2.87739512131	0.111784043779
6050	WOOD	4.48916847614	0.171505685603
263	WOOD	2.8701526806	0.11151099666
1001	WOOD	3.0196250481	0.117137747752
5541	WOOD	1.82780847863	0.0717759856114
6997	WOOD	3.59925259021	0.138788255925
440967	WOOD	4.03746369671	0.154978102628
239	WOOD	3.10629879554	0.120392314939
61130	WOOD	3.69153448968	0.142210408832
10882	WOOD	2.00089662894	0.0784344302298
78925	WOOD	2.89017858967	0.112265890675
23235	GRASS	3.11149745435	0.120587331611
7824	GRASS	3.10206390626	0.120233436059
6276	GRASS	6.10245918699	0.229202364228
14104	GRASS	4.48188925232	0.171240637585
8030	GRASS	2.4529115841	0.0957097532681
61185	GRASS	2.47453409665	0.096532036268
13216	GRASS	3.33371120038	0.128902995868
14514	GRASS	3.0055912002	0.116610216623
12810	GRASS	2.87362901862	0.11164206325
7519	GRASS	2.2864174235	0.0893656150862
170833	GRASS	4.22176504546	0.161741281779
8091	GRASS	3.26166223115	0.126211113042
93375	GRASS	3.63617244434	0.140158197756
62572	GRASS	3.49637673365	0.134965209241
325	GRASS	3.7834350578	0.145611649977
12580	GRASS	3.29664909827	0.12751880582
6501	GRASS	3.82985002159	0.147326900388
22386	GRASS	2.5707313088	0.100185788567
61918	GRASS	4.21802447458	0.161604286796
7151	GRASS	2.82989850077	0.109992609821
8063	GRASS	2.70924704838	0.105433874108
159055	GRASS	5.90352798356	0.222200462281
62374	GRASS	3.67815626231	0.141714717096
8078	GRASS	2.05664946169	0.0805740556642
62444	GRASS	1.67358360808	0.0658229914859
8918	GRASS	3.41904146388	0.132085720743
7991	GRASS	1.47758756217	0.0582301964852
61138	GRASS	2.97300741911	0.115384787519
379	GRASS	2.68656627936	0.104575595825
6114390	GRASS	2.90098432669	0.112673089042
8077	GRASS	2.73289889893	0.1063284614
556940	GRASS	2.8431524718	0.110492692481
8892	GRASS	2.26621542993	0.0885943242472
6826	GRASS	3.36660201592	0.130130476983
2346	GRASS	2.86267557771	0.111229058523
6943	GRASS	3.84220539857	0.147783199013
61199	GRASS	3.37730806283	0.130529838613
8697	GRASS	3.54539427522	0.136787842782
637776	GRASS	3.90921232957	0.150255716768
6057	GRASS	2.89949892884	0.112617119538
14228	GRASS	1.88637679605	0.0740317048753
89440	GRASS	4.64265154171	0.177084376333
61337	GRASS	3.33325784798	0.128886070767
8193	GRASS	3.17961250316	0.123140525858
241	GRASS	1.85200240167	0.0727081309084
176	GRASS	0.992502812581	0.0393060877701
61204	GRASS	2.69639714949	0.104947662944
61177	GRASS	3.03246479634	0.117620254757
6213	GRASS	2.5114092106	0.0979334979349
31249	GRASS	3.05254033393	0.118374412361
8093	GRASS	2.26944393206	0.088717606978
165675	GRASS	4.65696712999	0.17760374806
61192	GRASS	4.66915383824	0.178045754504
519539	GRASS	3.96194952504	0.152199163386
565690	GRASS	5.0656515535	0.192361731875
7463	GRASS	3.81221718677	0.146675487519
8857	GRASS	3.2207354972	0.124680165031
5363491	GRASS	4.74274816711	0.180712462614
61151	GRASS	3.5898428018	0.138438923535
6050	GRASS	2.56213218332	0.0998594788027
263	GRASS	4.43994804329	0.169712666281
1001	GRASS	3.31963298796	0.128377334248
5541	GRASS	3.7324429888	0.143725267286
6997	GRASS	3.48150331407	0.134411786432
440967	GRASS	4.83061820582	0.183890779333
239	GRASS	0.764993895406	0.0303656695522
61130	GRASS	4.10779764036	0.157562305033
10882	GRASS	3.22663373126	0.124900883156
78925	GRASS	2.77764789265	0.10801978458
23235	FLOWER	11.0588328608	0.393434200734
7824	FLOWER	7.17518027761	0.266413926298
6276	FLOWER	5.35416033926	0.202699600395
14104	FLOWER	4.52913283705	0.17296009578
8030	FLOWER	0.849026006811	0.0336727022083
61185	FLOWER	6.20240773012	0.232708364544
13216	FLOWER	7.89299428796	0.290800027986
14514	FLOWER	4.13916268587	0.158713440339
12810	FLOWER	9.10757312299	0.331123769644
7519	FLOWER	6.71658730275	0.250618474112
170833	FLOWER	5.17068740108	0.196133092763
8091	FLOWER	9.50250607276	0.343981194245
93375	FLOWER	5.54475688309	0.209492543767
62572	FLOWER	6.13600609843	0.230380015601
325	FLOWER	8.10870961081	0.298047915811
12580	FLOWER	9.24915681169	0.335747511777
6501	FLOWER	8.68622420559	0.317268771844
22386	FLOWER	4.56579002071	0.174293025423
61918	FLOWER	3.31992935012	0.128388401649
7151	FLOWER	7.83563396397	0.288866494712
8063	FLOWER	5.22863941453	0.19821010853
159055	FLOWER	5.0649040758	0.192334861713
62374	FLOWER	3.32664743941	0.128639264302
8078	FLOWER	3.06124804312	0.118701425892
62444	FLOWER	3.10962550328	0.120517111823
8918	FLOWER	8.86482441295	0.323158931769
7991	FLOWER	5.26258764163	0.199425574191
61138	FLOWER	4.71615776724	0.179749453055
379	FLOWER	4.39196595805	0.167962892331
6114390	FLOWER	9.59116917694	0.346850556605
8077	FLOWER	0.955530475662	0.0378560036305
556940	FLOWER	6.02157206489	0.226359150543
8892	FLOWER	5.62399842701	0.212308193758
6826	FLOWER	8.24738845846	0.302687771785
2346	FLOWER	6.83374980264	0.25466993756
6943	FLOWER	4.71823287003	0.179824626235
61199	FLOWER	4.5764749258	0.174681347934
8697	FLOWER	5.98229011504	0.224976486593
637776	FLOWER	7.10664048288	0.264063883734
6057	FLOWER	8.79721562896	0.320932224029
14228	FLOWER	5.8806610247	0.221393571353
89440	FLOWER	7.04413614467	0.261917504177
61337	FLOWER	5.6435108484	0.213000748057
8193	FLOWER	5.05312355606	0.191911319173
241	FLOWER	0.78890134204	0.0313071075506
176	FLOWER	2.74091641892	0.106631607631
61204	FLOWER	8.38773286591	0.307367689584
61177	FLOWER	7.81860059441	0.288291817674
6213	FLOWER	1.95898720062	0.076824435684
31249	FLOWER	6.94044248586	0.258349802675
8093	FLOWER	8.32887352395	0.305406887287
165675	FLOWER	5.37148594186	0.203318293185
61192	FLOWER	7.82573165202	0.288532435725
519539	FLOWER	1.61954868535	0.0637327722363
565690	FLOWER	9.71180317818	0.350744478738
7463	FLOWER	3.72370820354	0.143401927027
8857	FLOWER	5.01283522543	0.190462002218
5363491	FLOWER	7.88153511739	0.290413966373
61151	FLOWER	8.48669861621	0.310658323287
6050	FLOWER	5.93603736607	0.223346878798
263	FLOWER	4.25033443514	0.162787240281
1001	FLOWER	13.336561384	0.462316907541
5541	FLOWER	6.86994375214	0.255919299223
6997	FLOWER	5.18634207339	0.196694425295
440967	FLOWER	3.32594622216	0.128613081577
239	FLOWER	3.49526705759	0.134923925582
61130	FLOWER	6.42269287935	0.240407321645
10882	FLOWER	8.5272389722	0.312004037092
78925	FLOWER	3.52446942423	0.13601002308
23235	CHEMICAL	15.0484961686	0.511356951971
7824	CHEMICAL	14.6675916517	0.500648368123
6276	CHEMICAL	22.2606176311	0.692210666316
14104	CHEMICAL	21.6464807379	0.678431178183
8030	CHEMICAL	18.5130150808	0.603427912279
61185	CHEMICAL	14.7918654105	0.50415490349
13216	CHEMICAL	21.3859830819	0.672495214325
14514	CHEMICAL	20.337904684	0.648064040586
12810	CHEMICAL	15.0383334282	0.51107274821
7519	CHEMICAL	24.7021822488	0.74400816681
170833	CHEMICAL	20.9385230982	0.662172224114
8091	CHEMICAL	14.7288600273	0.502378674011
93375	CHEMICAL	17.2182781164	0.570143484138
62572	CHEMICAL	13.6735758227	0.472156362595
325	CHEMICAL	17.8263732696	0.585943097205
12580	CHEMICAL	18.0335299297	0.591257916497
6501	CHEMICAL	12.3255929909	0.432255622604
22386	CHEMICAL	26.3641355765	0.776538365182
61918	CHEMICAL	14.0596546802	0.483316631318
7151	CHEMICAL	12.8303190446	0.447365927069
8063	CHEMICAL	21.3453792881	0.671565084743
159055	CHEMICAL	25.0084057064	0.750168085865
62374	CHEMICAL	23.7445123347	0.724259746982
8078	CHEMICAL	24.809946874	0.746184489403
62444	CHEMICAL	23.3684409695	0.716304025442
8918	CHEMICAL	15.5503111853	0.525287576228
7991	CHEMICAL	19.9315718359	0.638355851096
61138	CHEMICAL	16.329156902	0.546509730027
379	CHEMICAL	19.5552437205	0.629246726034
6114390	CHEMICAL	11.9791403129	0.42176569146
8077	CHEMICAL	17.8136211929	0.585614807716
556940	CHEMICAL	9.22801365073	0.335058051654
8892	CHEMICAL	16.2472671077	0.54430120892
6826	CHEMICAL	18.0131883969	0.590737553387
2346	CHEMICAL	16.5428247514	0.552246969754
6943	CHEMICAL	25.6266104414	0.76237515257
61199	CHEMICAL	13.7130540322	0.473303020931
8697	CHEMICAL	17.5676057867	0.579255922238
637776	CHEMICAL	14.7410958291	0.502723870668
6057	CHEMICAL	9.06276718252	0.329657187699
14228	CHEMICAL	14.7890544881	0.504075726465
89440	CHEMICAL	18.7775033022	0.610062279983
61337	CHEMICAL	15.2471870752	0.516896797525
8193	CHEMICAL	27.3834802066	0.795397212974
241	CHEMICAL	24.8644950774	0.747282556913
176	CHEMICAL	14.1790656323	0.48674426441
61204	CHEMICAL	15.313212213	0.518730701209
61177	CHEMICAL	13.9556364949	0.480321543805
6213	CHEMICAL	13.1755310439	0.457583394442
31249	CHEMICAL	13.9640916527	0.480565323835
8093	CHEMICAL	20.6592603663	0.655648399099
165675	CHEMICAL	22.9910851903	0.70820740832
61192	CHEMICAL	8.15078579447	0.299457308152
519539	CHEMICAL	16.5724155463	0.553038639037
565690	CHEMICAL	15.2081575575	0.515811079783
7463	CHEMICAL	25.0803793602	0.751605002867
8857	CHEMICAL	18.8782461857	0.612574575808
5363491	CHEMICAL	13.484785428	0.466655641906
61151	CHEMICAL	19.3546281948	0.624344474767
6050	CHEMICAL	10.5045986302	0.376045308254
263	CHEMICAL	21.5756572829	0.67682269644
1001	CHEMICAL	23.5869283006	0.720939857361
5541	CHEMICAL	10.2591887999	0.368267170063
6997	CHEMICAL	28.5660411349	0.816234162948
440967	CHEMICAL	24.10470495	0.731773477709
239	CHEMICAL	12.4133741193	0.434898221961
61130	CHEMICAL	20.7140998809	0.656934421687
10882	CHEMICAL	18.2057428283	0.59565008436
78925	CHEMICAL	14.1777411848	0.486706309352
