#oID	descriptor	value	sigma
23235	INTENSITY/STRENGTH	28.8469892453	0.821020054405
7824	INTENSITY/STRENGTH	59.8490544299	0.961198450735
6276	INTENSITY/STRENGTH	61.4375972064	0.947672548058
14104	INTENSITY/STRENGTH	54.1160731531	0.993223176719
8030	INTENSITY/STRENGTH	38.1949665397	0.944256474
61185	INTENSITY/STRENGTH	17.4421328858	0.57599411559
13216	INTENSITY/STRENGTH	48.2098634338	0.99871816443
14514	INTENSITY/STRENGTH	62.5261971189	0.937237754296
12810	INTENSITY/STRENGTH	47.7663078473	0.998004247747
7519	INTENSITY/STRENGTH	65.993238916	0.89768652359
170833	INTENSITY/STRENGTH	50.3680529944	0.999945814797
8091	INTENSITY/STRENGTH	51.9390278225	0.998496068441
93375	INTENSITY/STRENGTH	58.7004680018	0.96972074262
62572	INTENSITY/STRENGTH	60.9854732902	0.951727750636
325	INTENSITY/STRENGTH	54.2971891333	0.992613666221
12580	INTENSITY/STRENGTH	54.8898057738	0.990435919798
22386	INTENSITY/STRENGTH	41.3982202242	0.970403753875
61918	INTENSITY/STRENGTH	69.4349239637	0.84891349221
7151	INTENSITY/STRENGTH	52.6748738943	0.99713801986
159055	INTENSITY/STRENGTH	55.0524880265	0.989788945897
62374	INTENSITY/STRENGTH	76.4011539277	0.721191628515
8078	INTENSITY/STRENGTH	53.69003429	0.994553458775
62444	INTENSITY/STRENGTH	70.9389284768	0.824624509697
8918	INTENSITY/STRENGTH	32.6447765024	0.879518486939
61138	INTENSITY/STRENGTH	48.238400414	0.998758706759
379	INTENSITY/STRENGTH	53.7900812895	0.994254113528
6114390	INTENSITY/STRENGTH	26.6774507611	0.7824234788
8077	INTENSITY/STRENGTH	58.4066252714	0.971731460618
8892	INTENSITY/STRENGTH	44.2759504731	0.986894102806
6826	INTENSITY/STRENGTH	51.872731092	0.998597151303
2346	INTENSITY/STRENGTH	60.0654915682	0.959474351796
6943	INTENSITY/STRENGTH	61.4461910478	0.947593884199
8697	INTENSITY/STRENGTH	44.4625114394	0.987734488176
637776	INTENSITY/STRENGTH	38.1181335007	0.943528499397
6057	INTENSITY/STRENGTH	24.2281534198	0.73432476954
14228	INTENSITY/STRENGTH	32.8994469325	0.883028433915
89440	INTENSITY/STRENGTH	21.0411352587	0.664553661157
61337	INTENSITY/STRENGTH	50.2598839787	0.999972984127
8193	INTENSITY/STRENGTH	40.1342501088	0.961066791634
241	INTENSITY/STRENGTH	39.6335126517	0.957014376023
61204	INTENSITY/STRENGTH	32.2491168045	0.873962458313
61177	INTENSITY/STRENGTH	59.4989098506	0.96390828466
6213	INTENSITY/STRENGTH	32.8381909754	0.882188924401
31249	INTENSITY/STRENGTH	42.8779989128	0.979710840205
8093	INTENSITY/STRENGTH	65.5988059387	0.902670901315
165675	INTENSITY/STRENGTH	48.5492853017	0.999158170746
61192	INTENSITY/STRENGTH	50.1331062639	0.999992913089
519539	INTENSITY/STRENGTH	68.3137144636	0.865843145018
565690	INTENSITY/STRENGTH	31.4015492101	0.861639051286
7463	INTENSITY/STRENGTH	55.1807306867	0.989264011821
8857	INTENSITY/STRENGTH	40.3138536918	0.962471427879
5363491	INTENSITY/STRENGTH	57.6988746691	0.976290931532
61151	INTENSITY/STRENGTH	50.9625572685	0.999629393402
6050	INTENSITY/STRENGTH	14.1910454481	0.48708750956
1001	INTENSITY/STRENGTH	47.2731395423	0.997025692818
5541	INTENSITY/STRENGTH	21.2703297502	0.669842418935
6997	INTENSITY/STRENGTH	63.4113114498	0.928054690079
440967	INTENSITY/STRENGTH	52.3944053642	0.997706729181
239	INTENSITY/STRENGTH	35.6019826971	0.917078839099
10882	INTENSITY/STRENGTH	64.3371259296	0.917778728031
78925	INTENSITY/STRENGTH	46.5395659248	0.995210158404
23235	VALENCE/PLEASANTNESS	49.7433383284	0.999973649915
7824	VALENCE/PLEASANTNESS	52.5735816631	0.997350670969
6276	VALENCE/PLEASANTNESS	40.8211837734	0.966299733071
14104	VALENCE/PLEASANTNESS	44.3492078535	0.987227419247
8030	VALENCE/PLEASANTNESS	35.3987949976	0.914721924992
61185	VALENCE/PLEASANTNESS	45.372617145	0.991434931165
13216	VALENCE/PLEASANTNESS	46.9219673169	0.996210285921
14514	VALENCE/PLEASANTNESS	40.0654196103	0.960521644992
12810	VALENCE/PLEASANTNESS	54.3967344369	0.992267490517
7519	VALENCE/PLEASANTNESS	44.1435986303	0.986281025199
170833	VALENCE/PLEASANTNESS	48.5073082685	0.999108748558
8091	VALENCE/PLEASANTNESS	55.6636607851	0.987169178604
93375	VALENCE/PLEASANTNESS	36.5380277295	0.927510121036
62572	VALENCE/PLEASANTNESS	50.3637474415	0.99994707512
325	VALENCE/PLEASANTNESS	46.0271518019	0.993686590878
12580	VALENCE/PLEASANTNESS	44.8194186012	0.989264630548
6501	VALENCE/PLEASANTNESS	50.3745815074	0.999943875478
22386	VALENCE/PLEASANTNESS	39.7311125524	0.957819980235
61918	VALENCE/PLEASANTNESS	36.6111110209	0.928295060762
7151	VALENCE/PLEASANTNESS	47.4090756424	0.997314844389
8063	VALENCE/PLEASANTNESS	26.8845557971	0.786270495721
159055	VALENCE/PLEASANTNESS	41.262294274	0.969460999458
62374	VALENCE/PLEASANTNESS	41.7293047524	0.972638240048
8078	VALENCE/PLEASANTNESS	37.4485492375	0.936984433503
62444	VALENCE/PLEASANTNESS	23.6911188374	0.723137108789
8918	VALENCE/PLEASANTNESS	51.2870410508	0.999337410133
7991	VALENCE/PLEASANTNESS	33.9912781689	0.897488330133
61138	VALENCE/PLEASANTNESS	33.4762109017	0.890785757534
379	VALENCE/PLEASANTNESS	41.5430841839	0.971392229952
6114390	VALENCE/PLEASANTNESS	45.3935869316	0.991512383457
8077	VALENCE/PLEASANTNESS	28.4814457305	0.81478072886
556940	VALENCE/PLEASANTNESS	30.0671085595	0.841071935529
8892	VALENCE/PLEASANTNESS	41.4141168908	0.970513044494
6826	VALENCE/PLEASANTNESS	48.4565970113	0.999047162886
2346	VALENCE/PLEASANTNESS	35.0329619115	0.910395108343
6943	VALENCE/PLEASANTNESS	38.765704233	0.949516239448
61199	VALENCE/PLEASANTNESS	47.3266111837	0.997141196895
8697	VALENCE/PLEASANTNESS	41.3513990983	0.970080680977
637776	VALENCE/PLEASANTNESS	51.1737232551	0.999448949488
6057	VALENCE/PLEASANTNESS	46.5170266961	0.995147558786
14228	VALENCE/PLEASANTNESS	44.2152942472	0.986614871742
89440	VALENCE/PLEASANTNESS	45.0174193471	0.990069556015
61337	VALENCE/PLEASANTNESS	44.2556034674	0.986800763391
8193	VALENCE/PLEASANTNESS	39.2216466434	0.953530839568
241	VALENCE/PLEASANTNESS	38.724549178	0.949145683504
176	VALENCE/PLEASANTNESS	38.5299186441	0.947374893475
61204	VALENCE/PLEASANTNESS	54.2412675564	0.992804659806
61177	VALENCE/PLEASANTNESS	50.655392693	0.999828184167
6213	VALENCE/PLEASANTNESS	34.6729547257	0.906032673264
31249	VALENCE/PLEASANTNESS	55.3667934409	0.988479011265
8093	VALENCE/PLEASANTNESS	52.011634406	0.998381330807
165675	VALENCE/PLEASANTNESS	47.2395512225	0.996951969019
61192	VALENCE/PLEASANTNESS	47.4111863989	0.997319217656
519539	VALENCE/PLEASANTNESS	29.6007080061	0.833547554459
565690	VALENCE/PLEASANTNESS	49.3713654351	0.999841927434
7463	VALENCE/PLEASANTNESS	41.3224820799	0.969880273099
8857	VALENCE/PLEASANTNESS	46.9751185169	0.996340036805
5363491	VALENCE/PLEASANTNESS	54.3099073292	0.992569879526
61151	VALENCE/PLEASANTNESS	49.8321194303	0.999988726446
6050	VALENCE/PLEASANTNESS	41.6458287915	0.972083129368
263	VALENCE/PLEASANTNESS	38.8109872753	0.949922397699
1001	VALENCE/PLEASANTNESS	44.3068071287	0.987035021972
5541	VALENCE/PLEASANTNESS	53.9138761496	0.993872629394
6997	VALENCE/PLEASANTNESS	39.9221153081	0.959374496055
440967	VALENCE/PLEASANTNESS	39.5283352662	0.956137695081
239	VALENCE/PLEASANTNESS	36.359519101	0.925574912338
61130	VALENCE/PLEASANTNESS	36.8318257477	0.930639674745
10882	VALENCE/PLEASANTNESS	57.3353227403	0.978477216118
78925	VALENCE/PLEASANTNESS	29.4676759321	0.831369467348
23235	BAKERY	3.1978592573	0.12382384876
7824	BAKERY	4.38704138745	0.167783202644
6276	BAKERY	2.32626343895	0.0908859369231
14104	BAKERY	1.12619442131	0.0445404513027
8030	BAKERY	2.82605767098	0.109847666055
61185	BAKERY	2.33975959262	0.0914005937241
13216	BAKERY	2.34059877171	0.0914325898244
14514	BAKERY	5.84301004884	0.220064095381
12810	BAKERY	3.43694522433	0.132752771983
7519	BAKERY	1.80069553244	0.0707308195373
170833	BAKERY	2.58553908414	0.100747558423
8091	BAKERY	2.39471536061	0.0934947497609
93375	BAKERY	3.68808271347	0.142082526898
62572	BAKERY	4.53659833252	0.173231643529
325	BAKERY	0.739978852437	0.0293801266167
12580	BAKERY	0.975367090426	0.0386341472326
6501	BAKERY	4.68995900433	0.178800073988
22386	BAKERY	2.6225978469	0.102152706089
61918	BAKERY	9.81772910463	0.354154042277
7151	BAKERY	3.63008363724	0.139932342604
8063	BAKERY	2.96917895462	0.115240748719
159055	BAKERY	1.98963541635	0.0780019570182
62374	BAKERY	3.34044078838	0.129154213671
8078	BAKERY	2.05496562289	0.080509471431
62444	BAKERY	2.84929009517	0.110724222188
8918	BAKERY	2.37084435294	0.0925854129392
7991	BAKERY	2.65908930705	0.103535269905
61138	BAKERY	2.5996698227	0.101283479633
379	BAKERY	3.05753993376	0.118562177172
6114390	BAKERY	7.36277127514	0.272826690666
8077	BAKERY	2.06000386389	0.0807027081879
556940	BAKERY	4.56492235865	0.17426148789
8892	BAKERY	2.61223847618	0.101760023105
6826	BAKERY	1.36601338473	0.0538941383623
2346	BAKERY	2.88882445851	0.11221485564
6943	BAKERY	0.407787691291	0.0162449913312
61199	BAKERY	12.4836934842	0.437010698165
8697	BAKERY	3.17264947363	0.122879697072
637776	BAKERY	7.51791893426	0.27810911533
6057	BAKERY	4.70508386661	0.179348228988
14228	BAKERY	2.2685653007	0.0886840566187
89440	BAKERY	1.90269557955	0.0746597229945
61337	BAKERY	5.38295744723	0.203727805538
8193	BAKERY	1.85752547398	0.0729208586044
241	BAKERY	2.0856735691	0.0816869290693
176	BAKERY	3.16317170954	0.122524606276
61204	BAKERY	3.10907050742	0.120496292529
61177	BAKERY	4.00102000628	0.153637535815
6213	BAKERY	2.29737526035	0.0897838371792
31249	BAKERY	4.66840078255	0.178018444955
8093	BAKERY	3.95626436443	0.151989763489
165675	BAKERY	2.07777657616	0.0813842008464
61192	BAKERY	5.13365890119	0.194804574562
519539	BAKERY	4.54953042965	0.173701926334
565690	BAKERY	1.92020246011	0.0753332274092
7463	BAKERY	0.0889057239993	0.00355306726887
8857	BAKERY	4.26693762269	0.163394802237
5363491	BAKERY	3.87279697521	0.148912456444
61151	BAKERY	0.0	0.0
6050	BAKERY	7.07906471033	0.263117325544
263	BAKERY	2.74353872722	0.10673074719
1001	BAKERY	2.05435589405	0.0804860845061
5541	BAKERY	7.46813152651	0.276416065661
6997	BAKERY	1.91249000945	0.0750365531636
440967	BAKERY	2.03584330441	0.0797758689924
239	BAKERY	2.39827244802	0.0936302136268
61130	BAKERY	3.03887840808	0.117861223532
10882	BAKERY	5.14390243452	0.195172204479
78925	BAKERY	2.98654335069	0.115893957553
23235	SWEET	16.6305085596	0.554590816404
7824	SWEET	30.330233621	0.845240116239
6276	SWEET	12.9748546835	0.451655445716
14104	SWEET	8.4321303486	0.308844885058
8030	SWEET	5.06091497568	0.192191454871
61185	SWEET	14.7419736551	0.502748631304
13216	SWEET	13.4748459919	0.466365249875
14514	SWEET	11.3113982458	0.401276837721
12810	SWEET	18.6036582234	0.605707889219
7519	SWEET	14.1687268618	0.486447946117
170833	SWEET	13.3063928955	0.461431679063
8091	SWEET	28.5628941732	0.816180197508
93375	SWEET	9.8785116724	0.356106469751
62572	SWEET	29.8295844598	0.837261734774
325	SWEET	8.95561156485	0.326143271194
12580	SWEET	13.9962101888	0.481490847691
6501	SWEET	15.9524703966	0.536306291162
22386	SWEET	10.6572201346	0.380858268984
61918	SWEET	9.99746156651	0.359918767551
7151	SWEET	17.3443807255	0.573444211919
8063	SWEET	5.37244859021	0.203352662067
159055	SWEET	8.34369156535	0.305900787039
62374	SWEET	12.6787196092	0.442848811997
8078	SWEET	8.33233399034	0.305522243723
62444	SWEET	5.88987533142	0.221718760689
8918	SWEET	15.6998063833	0.529398687142
7991	SWEET	12.2073346619	0.428685778656
61138	SWEET	7.12160953101	0.264577452316
379	SWEET	21.7442381603	0.680644769144
6114390	SWEET	15.4771231844	0.523268390549
8077	SWEET	3.77367836345	0.145250875182
556940	SWEET	10.813276721	0.385760287461
8892	SWEET	18.0280222505	0.591117055514
6826	SWEET	14.7459628339	0.502861145397
2346	SWEET	13.7580702624	0.474609011559
6943	SWEET	6.85681597498	0.255466268873
61199	SWEET	16.4939038448	0.550936608174
8697	SWEET	21.8290500352	0.682559031233
637776	SWEET	19.288130941	0.622712439562
6057	SWEET	17.9814225204	0.589924278474
14228	SWEET	15.3171777114	0.518840735238
89440	SWEET	10.8457634619	0.386778304448
61337	SWEET	18.6747498649	0.60749148159
8193	SWEET	7.98939930972	0.294043771857
241	SWEET	5.35339110586	0.202672125702
176	SWEET	11.5956986124	0.410043853972
61204	SWEET	17.4477578894	0.57614061343
61177	SWEET	23.7139824124	0.723618111753
6213	SWEET	11.1304210831	0.395662333929
31249	SWEET	29.2503463119	0.82778074873
8093	SWEET	27.0852402559	0.789965514348
165675	SWEET	11.3606192586	0.402799302369
61192	SWEET	14.4093127596	0.493321192703
519539	SWEET	4.90660118706	0.186634153399
565690	SWEET	14.8374955183	0.50543931143
7463	SWEET	4.23049772955	0.162061064766
8857	SWEET	22.1079880832	0.688814268493
5363491	SWEET	24.9508346273	0.749015725652
61151	SWEET	16.3968548615	0.54833145472
6050	SWEET	11.6548663747	0.411860290904
263	SWEET	11.2166722933	0.398341396799
1001	SWEET	14.9005778211	0.507212225083
5541	SWEET	18.0187773338	0.59088055871
6997	SWEET	11.0753084256	0.393947354336
440967	SWEET	6.67619531248	0.249219178959
239	SWEET	10.250537407	0.367992089427
61130	SWEET	10.3159361713	0.370070031216
10882	SWEET	44.2432709497	0.986744028257
78925	SWEET	3.9509798507	0.151795097316
23235	FRUIT	7.70262136756	0.28437270433
7824	FRUIT	18.3866153856	0.600237565288
6276	FRUIT	4.72693790555	0.180139939437
14104	FRUIT	3.61041549123	0.139202579642
8030	FRUIT	1.22225525466	0.0482926470235
61185	FRUIT	8.61906306083	0.315047223215
13216	FRUIT	2.93139708284	0.113818647771
14514	FRUIT	5.68696929601	0.214542123931
12810	FRUIT	9.27995789495	0.336751268385
7519	FRUIT	5.76871752323	0.217437460184
170833	FRUIT	4.68225094189	0.178520648123
8091	FRUIT	18.8691747421	0.612348687506
93375	FRUIT	4.84839414158	0.184532995362
62572	FRUIT	17.2724526653	0.571563058181
325	FRUIT	3.35141723868	0.129563890544
12580	FRUIT	3.35343961816	0.129639361817
6501	FRUIT	4.69506644292	0.178985198155
22386	FRUIT	3.93375448144	0.15116040953
61918	FRUIT	0.211512738878	0.00844261449962
7151	FRUIT	5.74362410178	0.216549276942
8063	FRUIT	4.79103446464	0.182459774089
159055	FRUIT	1.72486997125	0.0678047282829
62374	FRUIT	2.68336476855	0.104454412149
8078	FRUIT	1.68830506616	0.0663920530479
62444	FRUIT	3.8716384247	0.148869703351
8918	FRUIT	8.46852272297	0.310054558075
7991	FRUIT	3.58711128407	0.138337504417
61138	FRUIT	0.161800890376	0.0064615638038
379	FRUIT	13.2746196061	0.460498573969
6114390	FRUIT	0.847180373322	0.0336001290989
8077	FRUIT	1.56955946019	0.0617969716479
556940	FRUIT	6.11533856591	0.229654596326
8892	FRUIT	7.01668990808	0.260974021417
6826	FRUIT	4.40909566785	0.168587776871
2346	FRUIT	8.37521129418	0.306950786078
6943	FRUIT	1.02285476354	0.0404956977947
61199	FRUIT	4.67998333746	0.178438435883
8697	FRUIT	11.5583081961	0.408894532503
637776	FRUIT	3.25722983675	0.126045374986
6057	FRUIT	2.05098908733	0.0803569409986
14228	FRUIT	8.90996384949	0.32464357166
89440	FRUIT	2.79174792431	0.108552374383
61337	FRUIT	6.21935835974	0.233302167027
8193	FRUIT	4.06697577906	0.156062914367
241	FRUIT	2.03292320239	0.0796638173969
176	FRUIT	1.27922053544	0.0505142593463
61204	FRUIT	8.70542450752	0.317903213958
61177	FRUIT	12.8803792042	0.448853500791
6213	FRUIT	0.740403215139	0.0293968498372
31249	FRUIT	21.0776076116	0.665398087413
8093	FRUIT	15.5268375989	0.524640429627
165675	FRUIT	4.24580471149	0.1626214454
61192	FRUIT	7.16605596426	0.266101295337
519539	FRUIT	2.55754526599	0.0996853955244
565690	FRUIT	7.21651340907	0.26782931005
7463	FRUIT	3.94644398008	0.151627991168
8857	FRUIT	11.0734416773	0.393889222861
5363491	FRUIT	15.8578082811	0.533724297852
61151	FRUIT	4.87063625871	0.185336211323
6050	FRUIT	2.86764686461	0.111416515168
263	FRUIT	3.621338805	0.139607914304
1001	FRUIT	3.82813108223	0.147263408256
5541	FRUIT	8.98767727026	0.327195753725
6997	FRUIT	1.85827240637	0.0729496257205
440967	FRUIT	4.90483829216	0.186570556218
239	FRUIT	1.64968612032	0.0648988590945
61130	FRUIT	7.46983899431	0.276474161932
10882	FRUIT	25.4530641065	0.758979175296
78925	FRUIT	0.919050702466	0.0364241664211
23235	FISH	0.750576065492	0.0297976968476
7824	FISH	0.943812292441	0.0373961790403
6276	FISH	1.30769639163	0.051623827724
14104	FISH	1.10596308121	0.0437492615134
8030	FISH	4.15974083346	0.159468255818
61185	FISH	0.783239787333	0.0310842056675
13216	FISH	0.628589486658	0.0249855295692
14514	FISH	0.992537270311	0.0393074387193
12810	FISH	0.785115646236	0.0311580632183
7519	FISH	1.48130165655	0.058374364423
170833	FISH	0.72726437361	0.0288790095568
8091	FISH	0.770891029728	0.0305979319972
93375	FISH	1.07378081586	0.0424900305384
62572	FISH	1.13952215853	0.0450614820415
325	FISH	0.708627169291	0.0281442257856
12580	FISH	0.855999763928	0.0339468963188
6501	FISH	0.857389066773	0.0340015162662
22386	FISH	1.21957933537	0.0481882239128
61918	FISH	1.09989044151	0.043511714067
7151	FISH	0.816858559359	0.032407439212
8063	FISH	2.98657263682	0.115895059027
159055	FISH	0.495340703865	0.0197154831895
62374	FISH	0.947827338217	0.0375537428634
8078	FISH	2.3838323844	0.0930802326414
62444	FISH	5.84175408528	0.220019727094
8918	FISH	0.793373363701	0.0314831580303
7991	FISH	1.41263510133	0.0557071888816
61138	FISH	1.41974118626	0.0559833814361
379	FISH	0.77959899012	0.0309408497706
6114390	FISH	0.87727081	0.0347829907704
8077	FISH	6.22068716242	0.233348706988
556940	FISH	6.59902559448	0.24654216826
8892	FISH	1.0595089191	0.041931333104
6826	FISH	1.08168704452	0.0427994630359
2346	FISH	4.68691565654	0.178689754913
6943	FISH	0.953977754941	0.0377950807749
61199	FISH	1.07624721037	0.0425865651918
8697	FISH	1.13156992018	0.0447506166136
637776	FISH	1.11789470673	0.0442159128392
6057	FISH	0.912510106869	0.0361673343967
14228	FISH	0.839266811797	0.0332889249593
89440	FISH	0.32840793057	0.0130931765152
61337	FISH	1.05754799282	0.04185455661
8193	FISH	0.501633895109	0.0199647011785
241	FISH	1.46108914041	0.057589653026
176	FISH	1.44817089626	0.0570879562725
61204	FISH	0.730674007174	0.029013406485
61177	FISH	1.11391093627	0.0440601184212
6213	FISH	3.69477764622	0.142330553107
31249	FISH	1.35675916256	0.0535340483325
8093	FISH	0.691059842259	0.0274513682081
165675	FISH	0.661637602187	0.0262903983608
61192	FISH	3.52010871278	0.135847882371
519539	FISH	4.31579883325	0.165181505502
565690	FISH	0.622212490133	0.0247336402522
7463	FISH	0.705696393925	0.0280286527969
8857	FISH	1.36858773974	0.0539942966289
5363491	FISH	1.01370394362	0.0401371194706
61151	FISH	1.04397673578	0.0413231144614
6050	FISH	1.58518027286	0.0624020923154
263	FISH	1.55123880888	0.0610870156185
1001	FISH	0.82478808292	0.0327194131641
5541	FISH	1.62563017751	0.0639681377107
6997	FISH	1.07766188656	0.0426419334058
440967	FISH	0.752645811123	0.0298792421581
239	FISH	1.55585805389	0.0612660444422
61130	FISH	0.782235193343	0.0310446509746
10882	FISH	0.855916193836	0.0339436107411
78925	FISH	8.16441705648	0.29991359991
23235	GARLIC	2.06321664256	0.0808259205366
7824	GARLIC	1.68298469603	0.0661864128464
6276	GARLIC	3.73319543002	0.143753117953
14104	GARLIC	1.52764036132	0.0601721404233
8030	GARLIC	9.85321455705	0.355294247439
61185	GARLIC	2.7411844755	0.106641742088
13216	GARLIC	1.4601362169	0.0575526495672
14514	GARLIC	1.60578511069	0.0631999860991
12810	GARLIC	1.70959815208	0.0672148357465
7519	GARLIC	1.52506292959	0.0600721904079
170833	GARLIC	2.33977803398	0.0914012968598
8091	GARLIC	1.70912225057	0.0671964504757
93375	GARLIC	1.25845104569	0.0497045622139
62572	GARLIC	2.22121174848	0.0868749572865
325	GARLIC	1.76165509304	0.069224832255
12580	GARLIC	1.50967048797	0.059475177526
6501	GARLIC	1.8976294784	0.0744647800809
22386	GARLIC	2.71841225666	0.105780584188
61918	GARLIC	1.96982385483	0.0772408717855
7151	GARLIC	2.36714026369	0.0924442693363
8063	GARLIC	2.98298986908	0.11576030334
159055	GARLIC	1.43976577348	0.0567614607462
62374	GARLIC	1.47142494683	0.0579909613234
8078	GARLIC	5.42461641156	0.205214071177
62444	GARLIC	9.43146364245	0.341677543122
8918	GARLIC	1.80030762465	0.0707158619688
7991	GARLIC	3.06242851171	0.118745753112
61138	GARLIC	4.36847300043	0.167105497475
379	GARLIC	1.97613535936	0.0774833699909
6114390	GARLIC	2.3952625813	0.0935155901186
8077	GARLIC	13.111374106	0.455691711861
556940	GARLIC	8.71562166348	0.318240042147
8892	GARLIC	2.48072962142	0.0967675770748
6826	GARLIC	1.86090304336	0.0730509376798
2346	GARLIC	6.17054668357	0.231591608793
6943	GARLIC	1.67687840649	0.0659503677834
61199	GARLIC	1.81367688039	0.071231305685
8697	GARLIC	1.84182648469	0.0723161294678
637776	GARLIC	1.8569195248	0.0728975209434
6057	GARLIC	2.40009619542	0.0936996631179
14228	GARLIC	2.77280932023	0.107836984199
89440	GARLIC	1.73704553505	0.0682748905258
61337	GARLIC	3.39433842609	0.131164923703
8193	GARLIC	2.46315155513	0.096099215972
241	GARLIC	5.25465126533	0.199141506645
176	GARLIC	3.8498616986	0.148065893905
61204	GARLIC	1.78080438571	0.0699636697245
61177	GARLIC	1.79461634592	0.0704963947052
6213	GARLIC	6.1309758054	0.230203486485
31249	GARLIC	2.01868968183	0.0791175440604
8093	GARLIC	1.50953163377	0.0594697910494
165675	GARLIC	1.6658076819	0.0655223411828
61192	GARLIC	6.66145170921	0.248708092819
519539	GARLIC	5.76509316709	0.217309206994
565690	GARLIC	1.7061145281	0.0670802504109
7463	GARLIC	2.22883211739	0.0871662076524
8857	GARLIC	2.85398346531	0.110901249964
5363491	GARLIC	2.02962799955	0.0795373640554
61151	GARLIC	1.94959392813	0.0764633905313
6050	GARLIC	3.22351217997	0.124784074889
263	GARLIC	4.65260067708	0.177445349859
1001	GARLIC	2.05615389844	0.0805550483959
5541	GARLIC	2.30873904248	0.0902174513126
6997	GARLIC	1.22860627767	0.0485404617527
440967	GARLIC	2.6510377605	0.103230309937
239	GARLIC	4.04729935727	0.155339721456
61130	GARLIC	0.952359768614	0.037731595093
10882	GARLIC	1.6400137869	0.0645246933874
78925	GARLIC	14.9940315743	0.50983286983
23235	SPICES	4.1002536904	0.157285315486
7824	SPICES	4.0649636869	0.155988975566
6276	SPICES	5.59482866441	0.211272303463
14104	SPICES	13.2895800735	0.460938027528
8030	SPICES	11.520762237	0.407739304472
61185	SPICES	4.38188817076	0.167595149254
13216	SPICES	6.97709310109	0.259611792787
14514	SPICES	6.5343156893	0.244293714961
12810	SPICES	6.01030976379	0.225962861169
7519	SPICES	6.44990305718	0.241355622509
170833	SPICES	8.56027428653	0.313099653117
8091	SPICES	3.74543338946	0.144206027069
93375	SPICES	5.83125203379	0.219648681239
62572	SPICES	4.50863874676	0.172214420531
325	SPICES	14.7192341368	0.502107024041
12580	SPICES	7.71065934103	0.284644666652
6501	SPICES	5.80077021631	0.218571234611
22386	SPICES	5.29108381325	0.200445125362
61918	SPICES	6.90747655743	0.257213769341
7151	SPICES	6.62116035996	0.247310508593
8063	SPICES	5.70118376006	0.215045951896
159055	SPICES	8.00745492819	0.294650463357
62374	SPICES	9.46012624471	0.342607454362
8078	SPICES	5.02376681917	0.190855379546
62444	SPICES	7.15194241003	0.265617584307
8918	SPICES	4.53384930322	0.173131656327
7991	SPICES	4.73470671588	0.180421289561
61138	SPICES	5.71068890907	0.215382769236
379	SPICES	4.07908010702	0.156507646473
6114390	SPICES	7.88173296837	0.290420632901
8077	SPICES	7.90955121621	0.291357648472
556940	SPICES	6.54891648872	0.244801336678
8892	SPICES	4.09357468985	0.157040046097
6826	SPICES	7.46263318078	0.276228969635
2346	SPICES	9.21604779244	0.334667696933
6943	SPICES	9.2794859875	0.336735895423
61199	SPICES	6.73566771848	0.251279020894
8697	SPICES	4.32471442297	0.165507314983
637776	SPICES	12.6548420637	0.442135671486
6057	SPICES	7.24805703895	0.268908549222
14228	SPICES	4.13944539531	0.15872381254
89440	SPICES	6.7555176116	0.251965897184
61337	SPICES	7.15946356978	0.265875375349
8193	SPICES	4.30046780667	0.164621102924
241	SPICES	8.16587114642	0.299962265225
176	SPICES	5.65714744215	0.213484570813
61204	SPICES	5.44485441367	0.205935600712
61177	SPICES	4.39558753869	0.168095025623
6213	SPICES	6.08787850596	0.228690234357
31249	SPICES	5.39742562236	0.204244143555
8093	SPICES	4.30110134554	0.164644264708
165675	SPICES	9.36554829829	0.339536533961
61192	SPICES	8.94541420455	0.325808394066
519539	SPICES	7.329698099	0.271698134271
565690	SPICES	5.94485596612	0.223657713662
7463	SPICES	13.2962088542	0.461132686211
8857	SPICES	5.69474944316	0.214817909238
5363491	SPICES	8.08157027102	0.297138099623
61151	SPICES	8.30706754412	0.304679753292
6050	SPICES	3.18703970553	0.123418699387
263	SPICES	6.16712850459	0.231471750587
1001	SPICES	6.35182144414	0.237934603502
5541	SPICES	3.34593237169	0.129359189493
6997	SPICES	6.72811963017	0.251017747704
440967	SPICES	8.56334542345	0.313201463002
239	SPICES	5.70354414241	0.215129599383
61130	SPICES	8.53271367121	0.312185665811
10882	SPICES	3.84414012568	0.147854639705
78925	SPICES	9.89339806195	0.356584192393
23235	COLD	4.32725325261	0.16560008182
7824	COLD	5.20887228799	0.197501951314
6276	COLD	5.00453481066	0.190163244958
14104	COLD	5.14811097716	0.195323220433
8030	COLD	3.84439712008	0.147864129116
61185	COLD	3.88403272264	0.149327024829
13216	COLD	7.64322396355	0.282361409519
14514	COLD	4.60078840832	0.175564634741
12810	COLD	5.59179160246	0.211164410768
7519	COLD	4.90604511305	0.186614093062
170833	COLD	7.68197012913	0.283673739139
8091	COLD	5.520516436	0.208630216752
93375	COLD	6.13414195929	0.230314599341
62572	COLD	5.02828102349	0.191017796919
325	COLD	4.76583196875	0.181548017008
12580	COLD	4.6047120405	0.175707132429
6501	COLD	5.13656063133	0.194908723206
22386	COLD	4.71654660409	0.179763539416
61918	COLD	3.87550762702	0.149012481334
7151	COLD	6.02598831389	0.226514518492
8063	COLD	4.42437592425	0.169144996042
159055	COLD	9.00721607193	0.327836666331
62374	COLD	5.6636532586	0.213715343051
8078	COLD	7.23300963927	0.268393814194
62444	COLD	2.11331519246	0.0827461672572
8918	COLD	5.33089098455	0.201868279906
7991	COLD	2.47555094037	0.0965706966315
61138	COLD	2.35272579229	0.0918949042301
379	COLD	4.18778633326	0.160496431581
6114390	COLD	3.75753091191	0.144653621055
8077	COLD	1.89533389028	0.074376439389
556940	COLD	1.74670001535	0.0686476162364
8892	COLD	3.92086915015	0.150685480049
6826	COLD	5.54198100691	0.209393818884
2346	COLD	2.32248238857	0.0907417257649
6943	COLD	4.6988714302	0.179123100121
61199	COLD	4.32162756463	0.165394516662
8697	COLD	3.76018193286	0.144751690047
637776	COLD	4.49735214351	0.171803615219
6057	COLD	3.52389721274	0.135988747883
14228	COLD	3.81313933888	0.146709560908
89440	COLD	6.88369020627	0.256393531909
61337	COLD	4.87586885962	0.18552511553
8193	COLD	5.35762531441	0.202823352973
241	COLD	5.65778807799	0.213507296746
176	COLD	3.69165181485	0.142214755345
61204	COLD	5.36612270345	0.203126798991
61177	COLD	5.53317878522	0.209080724421
6213	COLD	4.61994280192	0.176260163479
31249	COLD	4.88117150163	0.185716525974
8093	COLD	6.03076873237	0.226682680693
165675	COLD	7.17265874324	0.266327536351
61192	COLD	2.84534919653	0.110575563041
519539	COLD	3.14768817252	0.121944350568
565690	COLD	6.45931442889	0.241683479999
7463	COLD	5.67060348669	0.213961841906
8857	COLD	4.2358463171	0.162256895075
5363491	COLD	4.91238772698	0.186842887807
61151	COLD	5.48133372759	0.20723534133
6050	COLD	3.49346572629	0.134856907939
263	COLD	4.71676581506	0.179771480701
1001	COLD	5.64877565046	0.213187559479
5541	COLD	4.15603992281	0.159332529777
6997	COLD	4.67634476838	0.178306510578
440967	COLD	7.1128099851	0.26427557305
239	COLD	2.85283136936	0.110857796045
61130	COLD	6.90838058509	0.25724493448
10882	COLD	5.37410931474	0.203411952219
78925	COLD	2.82496833797	0.109806555075
23235	SOUR	7.56902476301	0.279844936175
7824	SOUR	10.971897027	0.390722871331
6276	SOUR	8.55093679949	0.31279006392
14104	SOUR	6.28419632217	0.23557140352
8030	SOUR	11.4882447818	0.406737884004
61185	SOUR	7.41019602496	0.274443438947
13216	SOUR	5.48763412636	0.207459713733
14514	SOUR	6.53592679523	0.24434973618
12810	SOUR	5.9124906125	0.222516606403
7519	SOUR	6.23475812147	0.233841441326
170833	SOUR	6.34741353243	0.237780677877
8091	SOUR	7.43315912176	0.275225623059
93375	SOUR	12.0044758477	0.422536057757
62572	SOUR	10.5230993226	0.376629725162
325	SOUR	6.00426780704	0.225750219522
12580	SOUR	5.44997932419	0.206118263114
6501	SOUR	9.73757580259	0.351574879099
22386	SOUR	7.2446484122	0.268791964241
61918	SOUR	8.84653657291	0.322556979182
7151	SOUR	6.88498486488	0.25643818796
8063	SOUR	14.7605290669	0.503271875342
159055	SOUR	5.41429485553	0.204845958708
62374	SOUR	7.37286065051	0.273170796352
8078	SOUR	8.90699890464	0.324546104391
62444	SOUR	17.9092261877	0.588072894451
8918	SOUR	7.93771004402	0.292305505464
7991	SOUR	16.7138339522	0.556812459935
61138	SOUR	16.8728121747	0.561035770716
379	SOUR	10.0562298054	0.361798089056
6114390	SOUR	8.66240424785	0.316481270973
8077	SOUR	13.4558222586	0.465809229281
556940	SOUR	11.951720688	0.420931376559
8892	SOUR	14.2721656622	0.489408741412
6826	SOUR	6.85032628404	0.255242263283
2346	SOUR	9.08714274946	0.330455244639
6943	SOUR	6.36675004934	0.238455799497
61199	SOUR	8.37520067844	0.306950432576
8697	SOUR	12.4206313963	0.435116422139
637776	SOUR	5.96228382266	0.224271821554
6057	SOUR	10.6143546469	0.379508376049
14228	SOUR	7.26279144261	0.269412401889
89440	SOUR	5.74858402687	0.216724873749
61337	SOUR	10.1067421799	0.3634111922
8193	SOUR	6.00528846708	0.225786142854
241	SOUR	9.82344425066	0.354337747248
176	SOUR	14.5964058605	0.498634208801
61204	SOUR	6.44255371527	0.241099549261
61177	SOUR	8.08094917287	0.297117271101
6213	SOUR	15.1475258789	0.514122019055
31249	SOUR	7.45109883563	0.275836403882
8093	SOUR	8.64829140472	0.316014478501
165675	SOUR	5.97422707857	0.224692527468
61192	SOUR	9.41251111243	0.34106229832
519539	SOUR	9.9723924455	0.359116253385
565690	SOUR	7.9021270113	0.291107635931
7463	SOUR	5.77483436004	0.217653889647
8857	SOUR	10.4305858973	0.373704587028
5363491	SOUR	7.15854904481	0.265844032021
61151	SOUR	6.75497939761	0.25194727724
6050	SOUR	13.8455294721	0.477141704339
263	SOUR	9.68615475573	0.349917552648
1001	SOUR	5.90962044548	0.222415372295
5541	SOUR	9.59143866382	0.346859268296
6997	SOUR	5.7452847297	0.216608070538
440967	SOUR	5.53783701348	0.209246425024
239	SOUR	15.5158417992	0.524337133274
61130	SOUR	10.3951356521	0.372581887994
10882	SOUR	10.3249559112	0.370356350621
78925	SOUR	17.8106511217	0.585538327517
23235	BURNT	3.6207473205	0.139585968356
7824	BURNT	3.36390395692	0.130029818344
6276	BURNT	4.9223836104	0.187203400253
14104	BURNT	7.07247421772	0.262891012085
8030	BURNT	7.08483486991	0.263315440743
61185	BURNT	6.39136244011	0.239314692068
13216	BURNT	5.99844017212	0.225545093085
14514	BURNT	7.26812622741	0.269594785554
12810	BURNT	4.0740383662	0.156322419204
7519	BURNT	6.80716311999	0.253751536903
170833	BURNT	5.43771987524	0.205681276033
8091	BURNT	3.08468321015	0.119581220203
93375	BURNT	5.51594001307	0.208467362832
62572	BURNT	3.01491326931	0.116960649964
325	BURNT	5.46938162545	0.206809610872
12580	BURNT	5.8608808492	0.220695264237
6501	BURNT	3.53055920661	0.13623642894
22386	BURNT	4.6083048827	0.175837605751
61918	BURNT	11.4644892967	0.406005765935
7151	BURNT	6.42498384896	0.240487186974
8063	BURNT	4.54673390763	0.173600240614
159055	BURNT	5.94544538138	0.223678486942
62374	BURNT	6.53639902871	0.244366156243
8078	BURNT	5.51523434876	0.208442249982
62444	BURNT	14.8924226392	0.506983204742
8918	BURNT	3.47289719258	0.134091481739
7991	BURNT	4.68317730941	0.178554232492
61138	BURNT	4.10574551811	0.15748696222
379	BURNT	5.5628178343	0.210134736469
6114390	BURNT	4.61219059153	0.17597870284
8077	BURNT	7.8045606824	0.287817960318
556940	BURNT	16.8740847196	0.561069494733
8892	BURNT	4.45876118918	0.170398227031
6826	BURNT	3.26978730344	0.126514888534
2346	BURNT	17.8537610628	0.586647728876
6943	BURNT	7.25437923369	0.269124762121
61199	BURNT	6.71688505158	0.250628784145
8697	BURNT	4.62831054008	0.176563918221
637776	BURNT	5.29422796126	0.200557578568
6057	BURNT	11.2705007146	0.400010354042
14228	BURNT	6.96628624794	0.259239792282
89440	BURNT	5.48971800437	0.207533918668
61337	BURNT	4.15049265256	0.159129070399
8193	BURNT	6.20349570367	0.232746484569
241	BURNT	5.93750082423	0.223398466554
176	BURNT	4.8067060789	0.183026473825
61204	BURNT	4.26100395052	0.163177696154
61177	BURNT	3.74343277072	0.144131995265
6213	BURNT	4.52786455132	0.172913959095
31249	BURNT	2.59622321913	0.101152778764
8093	BURNT	3.86241514721	0.148529305581
165675	BURNT	5.84190522248	0.220025066248
61192	BURNT	8.90029753301	0.32432578285
519539	BURNT	11.3543132514	0.402604358293
565690	BURNT	2.68612254473	0.104558800059
7463	BURNT	6.8653517311	0.255760847487
8857	BURNT	2.81212828333	0.109321905141
5363491	BURNT	1.76641171951	0.0694083846352
61151	BURNT	3.79142065544	0.145906877983
6050	BURNT	4.2170392295	0.161568201235
263	BURNT	4.63344562787	0.17675029776
1001	BURNT	4.57751105413	0.174718999185
5541	BURNT	1.56624589743	0.0616685854126
6997	BURNT	7.45066477564	0.275821628786
440967	BURNT	5.94936572124	0.223816647855
239	BURNT	4.8958315714	0.186245596146
61130	BURNT	4.8847591301	0.1858460165
10882	BURNT	2.87221107296	0.111588604339
78925	BURNT	7.57806675584	0.280151831931
23235	ACID	4.48116009127	0.171214085345
7824	ACID	5.21530277614	0.197732357827
6276	ACID	8.43430924823	0.308917340931
14104	ACID	6.92554599759	0.257836564958
8030	ACID	7.58520699284	0.280394133664
61185	ACID	4.15693951165	0.159365522025
13216	ACID	8.09780840231	0.297682535724
14514	ACID	7.65574927651	0.282785772266
12810	ACID	5.03839775992	0.191381729602
7519	ACID	8.07699166215	0.296984548762
170833	ACID	6.82960091031	0.254526656975
8091	ACID	4.25316557755	0.16289085613
93375	ACID	6.71739904301	0.250646581759
62572	ACID	6.74004458595	0.25143050303
325	ACID	5.17768121875	0.196383895629
12580	ACID	6.02720733916	0.226557402243
6501	ACID	5.55981016378	0.210027810928
22386	ACID	9.07539618212	0.33007072094
61918	ACID	7.80106478176	0.287699946579
7151	ACID	6.56217748824	0.245262230175
8063	ACID	8.30401548554	0.304577950148
159055	ACID	7.07300330901	0.262909182037
62374	ACID	7.04976010043	0.262110757028
8078	ACID	11.8457877431	0.417702434823
62444	ACID	7.99721500367	0.294306421021
8918	ACID	4.96894499781	0.188881634156
7991	ACID	6.92400079819	0.257783317106
61138	ACID	6.29057789036	0.235794567536
379	ACID	7.80149440157	0.287714450104
6114390	ACID	6.15448344888	0.231028271346
8077	ACID	8.42408241517	0.308577230792
556940	ACID	4.98207075759	0.18935441869
8892	ACID	5.67218786791	0.214018028633
6826	ACID	6.22151916419	0.233377846284
2346	ACID	6.36711799292	0.238468643103
6943	ACID	7.64359482674	0.28237397632
61199	ACID	5.99421530446	0.225396365332
8697	ACID	6.84880939762	0.255189899839
637776	ACID	4.7071934014	0.179424668169
6057	ACID	2.68026121531	0.104336928539
14228	ACID	4.73355103997	0.18037943942
89440	ACID	7.31018627846	0.271031921768
61337	ACID	9.17577594314	0.333353092062
8193	ACID	10.2918464492	0.369305016635
241	ACID	10.3156689007	0.370061546081
176	ACID	6.59863624249	0.246528649595
61204	ACID	5.04002319529	0.191440194288
61177	ACID	4.71041923404	0.179541549617
6213	ACID	8.04739677816	0.295991633164
31249	ACID	5.9600802542	0.224194187513
8093	ACID	6.84783796239	0.255156364592
165675	ACID	7.65500032519	0.282760401016
61192	ACID	3.94796779844	0.151684132043
519539	ACID	7.50310440998	0.277605546084
565690	ACID	7.22419747668	0.268092287394
7463	ACID	7.21216599102	0.267680504328
8857	ACID	7.7678308812	0.286577556609
5363491	ACID	4.66260836085	0.177808367743
61151	ACID	6.82713529248	0.254441501178
6050	ACID	7.60271419626	0.28098806259
263	ACID	8.4066490387	0.307997262324
1001	ACID	7.66207427264	0.283000018042
5541	ACID	4.77711182705	0.181956154119
6997	ACID	7.65687721345	0.282823981073
440967	ACID	7.57506509864	0.280049959446
239	ACID	6.03747102139	0.226918418322
61130	ACID	7.44706177084	0.275698979226
10882	ACID	6.51698499356	0.24369096238
78925	ACID	7.54772889109	0.279121871078
23235	WARM	5.80624068813	0.218764655154
7824	WARM	4.98756187593	0.189552165651
6276	WARM	4.14973538229	0.159101293794
14104	WARM	7.14293540354	0.26530880567
8030	WARM	3.02929958072	0.117501320849
61185	WARM	4.99979907217	0.189992766582
13216	WARM	5.68401193899	0.214437280871
14514	WARM	6.43161324355	0.240718270176
12810	WARM	6.59838943361	0.246520080097
7519	WARM	5.74212254432	0.216496113247
170833	WARM	5.84318536367	0.220070288469
8091	WARM	4.70538391997	0.179359101665
93375	WARM	7.00736269692	0.26065325509
62572	WARM	5.78732453904	0.218095731434
325	WARM	6.28386310815	0.235559750101
12580	WARM	6.28783264421	0.235698570024
6501	WARM	6.24159056049	0.23408064133
22386	WARM	5.11856265942	0.194262632897
61918	WARM	7.50824019342	0.277780139416
7151	WARM	6.64265551971	0.248056271847
8063	WARM	6.07737368688	0.228321159103
159055	WARM	7.63944527484	0.282233361351
62374	WARM	7.66202284225	0.282998276076
8078	WARM	4.83486517511	0.1840442385
62444	WARM	6.97923359663	0.259685463227
8918	WARM	4.03947542156	0.15505207219
7991	WARM	5.52752161957	0.208879466681
61138	WARM	5.85587215013	0.22051839055
379	WARM	5.32018271859	0.20148557108
6114390	WARM	7.28846088859	0.270289770694
8077	WARM	5.18651805849	0.196700734511
556940	WARM	7.14558283179	0.265399571669
8892	WARM	5.53710508451	0.209220390294
6826	WARM	6.33167029146	0.237230792186
2346	WARM	8.01285776441	0.294831954755
6943	WARM	6.75299909494	0.251878765087
61199	WARM	8.19611943773	0.300974227974
8697	WARM	5.9209741319	0.222815791408
637776	WARM	7.53381605995	0.278649288628
6057	WARM	7.93882590056	0.292343053351
14228	WARM	5.17457419101	0.196272480417
89440	WARM	6.47264208576	0.242147645202
61337	WARM	6.71064786189	0.250412796585
8193	WARM	3.63618642248	0.14015871622
241	WARM	3.53929164588	0.136561031693
176	WARM	5.22209717931	0.197975767592
61204	WARM	6.56799650435	0.245464428942
61177	WARM	5.08468973794	0.193045961625
6213	WARM	6.02681802787	0.226543706899
31249	WARM	5.60564583054	0.211656527151
8093	WARM	4.7649344556	0.181515538077
165675	WARM	5.80637569777	0.218769428413
61192	WARM	6.45280714581	0.241456797808
519539	WARM	6.32184096088	0.236887369181
565690	WARM	6.3117933452	0.236536239715
7463	WARM	5.95402968594	0.223980999637
8857	WARM	4.31556482253	0.165172953006
5363491	WARM	4.83883857348	0.184187799443
61151	WARM	6.74810381514	0.251709390566
6050	WARM	6.25174020874	0.234435906094
263	WARM	4.39445877008	0.16805384365
1001	WARM	5.6480427606	0.213161555614
5541	WARM	6.02998797589	0.22665521704
6997	WARM	6.5095164723	0.243431137011
440967	WARM	6.73423059543	0.251229279132
239	WARM	5.52493177752	0.208787322642
61130	WARM	7.77467578957	0.28680879813
10882	WARM	5.01310307835	0.190471642144
78925	WARM	6.42675461331	0.240548914588
23235	MUSKY	7.61638354773	0.281451622571
7824	MUSKY	5.87785328703	0.221294467776
6276	MUSKY	7.98316677819	0.293834290404
14104	MUSKY	7.40180580838	0.274157540645
8030	MUSKY	9.93799425514	0.358014278279
61185	MUSKY	6.80086903532	0.253534033558
13216	MUSKY	6.69611223653	0.249909321827
14514	MUSKY	12.3170896738	0.43199930774
12810	MUSKY	5.70876816334	0.215314712957
7519	MUSKY	8.0465595375	0.295963533344
170833	MUSKY	5.16574829468	0.19595594961
8091	MUSKY	5.39713355813	0.204233722068
93375	MUSKY	11.4964216469	0.406989781603
62572	MUSKY	5.55315611761	0.209791227558
325	MUSKY	6.05179909709	0.227422254959
12580	MUSKY	7.2017448734	0.267323743247
6501	MUSKY	9.0816225374	0.330274554331
22386	MUSKY	8.24696731208	0.302673704545
61918	MUSKY	11.1323748567	0.395723086287
7151	MUSKY	5.74867546584	0.216728110789
8063	MUSKY	13.87226348	0.477914661575
159055	MUSKY	6.92309350029	0.257752050566
62374	MUSKY	6.29961272929	0.236110460956
8078	MUSKY	7.04332324738	0.261889568949
62444	MUSKY	13.1244601781	0.456077825137
8918	MUSKY	7.56874024223	0.279835278148
7991	MUSKY	14.1989840806	0.487314903657
61138	MUSKY	15.4946189306	0.523751470901
379	MUSKY	12.7701559396	0.445575484496
6114390	MUSKY	12.5009496214	0.437528488283
8077	MUSKY	10.9802835107	0.390984690038
556940	MUSKY	13.0900481297	0.455062181172
8892	MUSKY	11.8648887622	0.418285316351
6826	MUSKY	5.51538557648	0.208447631836
2346	MUSKY	10.9491502825	0.390012454536
6943	MUSKY	9.44205521762	0.342021246012
61199	MUSKY	7.38121590893	0.27345569704
8697	MUSKY	13.6654738208	0.471920882934
637776	MUSKY	6.53616329252	0.244357959466
6057	MUSKY	11.8544201855	0.417965896246
14228	MUSKY	7.14292849758	0.265308568895
89440	MUSKY	6.87849306223	0.256214255766
61337	MUSKY	8.83350046223	0.322127726323
8193	MUSKY	7.68279986102	0.283701828959
241	MUSKY	8.1488474034	0.299392410534
176	MUSKY	10.8772894496	0.387765407677
61204	MUSKY	7.50178949072	0.277560841403
61177	MUSKY	6.02971702149	0.226645685916
6213	MUSKY	9.86584876244	0.355699961776
31249	MUSKY	4.49372668311	0.171671635523
8093	MUSKY	5.96905565591	0.224510376067
165675	MUSKY	5.53644919338	0.209197059867
61192	MUSKY	8.16302733344	0.299867087239
519539	MUSKY	10.9958817256	0.391471503055
565690	MUSKY	8.32575887408	0.305303050631
7463	MUSKY	5.73998765195	0.21642052278
8857	MUSKY	5.69437367215	0.214804590279
5363491	MUSKY	4.59710229228	0.175430751897
61151	MUSKY	5.51404729204	0.208400004666
6050	MUSKY	12.5578934518	0.439235462893
263	MUSKY	8.69587232711	0.317587614873
1001	MUSKY	7.64464672463	0.282409619567
5541	MUSKY	7.71297907822	0.284723144624
6997	MUSKY	8.41397489877	0.308241006512
440967	MUSKY	6.45268016918	0.241452374221
239	MUSKY	14.76173462	0.503305861204
61130	MUSKY	9.93891535864	0.358043798943
10882	MUSKY	5.03616139483	0.191301287155
78925	MUSKY	11.2701911523	0.400000762647
23235	SWEATY	3.58338575523	0.138199168821
7824	SWEATY	3.54921580595	0.136929859103
6276	SWEATY	3.73792186815	0.143928050769
14104	SWEATY	2.09217773843	0.0819362264615
8030	SWEATY	5.91380429698	0.222562939374
61185	SWEATY	3.50632255801	0.135335183168
13216	SWEATY	2.76975065559	0.107721418746
14514	SWEATY	3.69128363378	0.142201115405
12810	SWEATY	2.61630855223	0.101914313913
7519	SWEATY	1.7930828138	0.0704372541613
170833	SWEATY	2.22460423562	0.0870046238229
8091	SWEATY	2.90681500724	0.112892770895
93375	SWEATY	5.44300944414	0.205869837042
62572	SWEATY	3.98590362844	0.153081174043
325	SWEATY	1.78258951078	0.0700325302856
12580	SWEATY	3.02233414713	0.117239564406
6501	SWEATY	3.3038030672	0.127786076805
22386	SWEATY	4.15592303239	0.159328242795
61918	SWEATY	3.6228624581	0.139664445368
7151	SWEATY	1.70795381153	0.0671513099721
8063	SWEATY	6.40369463658	0.239744863464
159055	SWEATY	3.33232219739	0.128851139405
62374	SWEATY	3.10193293281	0.120228522145
8078	SWEATY	4.42246589612	0.169075354004
62444	SWEATY	6.90364505059	0.25708167603
8918	SWEATY	3.02607627007	0.117380195766
7991	SWEATY	10.286796004	0.369144571349
61138	SWEATY	10.8174389592	0.385890764115
379	SWEATY	7.19871281879	0.267219926253
6114390	SWEATY	5.8319929124	0.219674859964
8077	SWEATY	5.87881887296	0.221328550382
556940	SWEATY	6.15521618485	0.231053972881
8892	SWEATY	8.22188306181	0.30183557804
6826	SWEATY	1.3881155943	0.0547538778106
2346	SWEATY	6.45567020333	0.241556537023
6943	SWEATY	3.18023115153	0.12316369799
61199	SWEATY	3.59979716626	0.138808470795
8697	SWEATY	10.4859224742	0.375455070914
637776	SWEATY	1.77564911472	0.0697647926773
6057	SWEATY	7.2501990328	0.268981806906
14228	SWEATY	3.72983508512	0.1436287355
89440	SWEATY	3.02920574977	0.117497795001
61337	SWEATY	4.01352104814	0.154097501444
8193	SWEATY	4.67487561857	0.178253239923
241	SWEATY	4.04975903006	0.155430141922
176	SWEATY	7.8404784497	0.28902989706
61204	SWEATY	2.87176834208	0.111571912319
61177	SWEATY	3.05499111933	0.118466456477
6213	SWEATY	7.496292099	0.277373925866
31249	SWEATY	3.06217801215	0.118736346815
8093	SWEATY	3.69184869734	0.142222049172
165675	SWEATY	2.44888876954	0.0955567282992
61192	SWEATY	4.70268732896	0.179261385913
519539	SWEATY	4.32336461285	0.165457991884
565690	SWEATY	4.49138007415	0.171586204978
7463	SWEATY	1.16498961056	0.0460567041052
8857	SWEATY	3.38284219159	0.130736239146
5363491	SWEATY	3.131432545	0.121334953886
61151	SWEATY	1.47164213207	0.0579993930569
6050	SWEATY	5.7453342485	0.216609823689
263	SWEATY	5.20342740911	0.197306833644
1001	SWEATY	3.43208036179	0.132571544228
5541	SWEATY	3.29530186437	0.127468468824
6997	SWEATY	2.74997406916	0.106974019814
440967	SWEATY	2.5433465471	0.0991464172206
239	SWEATY	10.5273338427	0.376763450574
61130	SWEATY	5.10445517985	0.193756022121
10882	SWEATY	3.60627437794	0.139048889162
78925	SWEATY	8.20735645654	0.30134997826
23235	AMMONIA/URINOUS	4.3711699188	0.167203946168
7824	AMMONIA/URINOUS	3.13653667791	0.121526322184
6276	AMMONIA/URINOUS	8.29226513451	0.304185940956
14104	AMMONIA/URINOUS	5.54632399887	0.209548275994
8030	AMMONIA/URINOUS	5.98807023767	0.225180015438
61185	AMMONIA/URINOUS	3.6201161053	0.139562547966
13216	AMMONIA/URINOUS	7.50797372431	0.277771081194
14514	AMMONIA/URINOUS	7.80947869872	0.28798396493
12810	AMMONIA/URINOUS	4.10609564151	0.157499817093
7519	AMMONIA/URINOUS	6.15473823296	0.231037208232
170833	AMMONIA/URINOUS	5.68248176563	0.214383031019
8091	AMMONIA/URINOUS	3.46641914277	0.133850341042
93375	AMMONIA/URINOUS	5.43423468448	0.205557024737
62572	AMMONIA/URINOUS	3.43964889252	0.132853481899
325	AMMONIA/URINOUS	4.32557108026	0.165538617142
12580	AMMONIA/URINOUS	6.68215772712	0.249425816329
6501	AMMONIA/URINOUS	4.13487238669	0.158556027606
22386	AMMONIA/URINOUS	7.8344241705	0.288825685987
61918	AMMONIA/URINOUS	5.40227881057	0.204417305884
7151	AMMONIA/URINOUS	3.95262357305	0.151855649678
8063	AMMONIA/URINOUS	8.52980802573	0.312089271047
159055	AMMONIA/URINOUS	7.65785926613	0.282857247229
62374	AMMONIA/URINOUS	6.60009775497	0.246579394049
8078	AMMONIA/URINOUS	10.7568078288	0.383988747287
62444	AMMONIA/URINOUS	6.93653403288	0.25821515956
8918	AMMONIA/URINOUS	4.7105804545	0.179547390893
7991	AMMONIA/URINOUS	6.29695168787	0.236017427291
61138	AMMONIA/URINOUS	6.51754735337	0.243710524733
379	AMMONIA/URINOUS	4.62411439758	0.176411602318
6114390	AMMONIA/URINOUS	9.40370828727	0.34077643967
8077	AMMONIA/URINOUS	7.7401597468	0.28564236071
556940	AMMONIA/URINOUS	6.21382335718	0.233108294002
8892	AMMONIA/URINOUS	4.10746750486	0.157550184473
6826	AMMONIA/URINOUS	3.94397587386	0.151537056677
2346	AMMONIA/URINOUS	7.33136703572	0.271755104384
6943	AMMONIA/URINOUS	5.49753727059	0.207812324407
61199	AMMONIA/URINOUS	4.57150892957	0.174500879626
8697	AMMONIA/URINOUS	3.67069762006	0.141438296395
637776	AMMONIA/URINOUS	5.04190318642	0.19150781236
6057	AMMONIA/URINOUS	12.1861481638	0.428045043723
14228	AMMONIA/URINOUS	3.98926092603	0.153204755947
89440	AMMONIA/URINOUS	7.03894852282	0.26173922239
61337	AMMONIA/URINOUS	5.1034611888	0.19372032111
8193	AMMONIA/URINOUS	7.51255079784	0.277926664117
241	AMMONIA/URINOUS	6.80431410264	0.253653087943
176	AMMONIA/URINOUS	5.20238187804	0.19726936424
61204	AMMONIA/URINOUS	4.34775983813	0.166349187281
61177	AMMONIA/URINOUS	4.47979871902	0.171164510135
6213	AMMONIA/URINOUS	5.88331831042	0.22148735868
31249	AMMONIA/URINOUS	3.18807263611	0.123457382591
8093	AMMONIA/URINOUS	5.00129479619	0.190046611992
165675	AMMONIA/URINOUS	5.78887477236	0.218150562442
61192	AMMONIA/URINOUS	7.0387691306	0.261733056874
519539	AMMONIA/URINOUS	6.07728525437	0.22831805175
565690	AMMONIA/URINOUS	4.07995855325	0.156539917411
7463	AMMONIA/URINOUS	5.1766460063	0.196346774702
8857	AMMONIA/URINOUS	5.57654825365	0.210622773976
5363491	AMMONIA/URINOUS	3.90660176294	0.150159455584
61151	AMMONIA/URINOUS	4.71582655336	0.179737454102
6050	AMMONIA/URINOUS	5.1524284997	0.19547813221
263	AMMONIA/URINOUS	7.27309496757	0.26976463454
1001	AMMONIA/URINOUS	7.60889556526	0.281197705921
5541	AMMONIA/URINOUS	2.89846001689	0.112577972488
6997	AMMONIA/URINOUS	5.6596849851	0.213574585752
440967	AMMONIA/URINOUS	7.24993747611	0.268972861681
239	AMMONIA/URINOUS	6.05116054364	0.227399804176
61130	AMMONIA/URINOUS	6.66933006022	0.248981217028
10882	AMMONIA/URINOUS	3.03631764463	0.11776501585
78925	AMMONIA/URINOUS	10.6901677189	0.381894834412
23235	DECAYED	3.19683785774	0.123785605394
7824	DECAYED	4.05397789568	0.155585221116
6276	DECAYED	6.79965877861	0.253492207342
14104	DECAYED	3.20930490619	0.124252341055
8030	DECAYED	4.93057746448	0.187498860926
61185	DECAYED	3.87003027276	0.148810357186
13216	DECAYED	4.36033786082	0.166808495929
14514	DECAYED	4.93794124736	0.187764344389
12810	DECAYED	2.98250946023	0.115742233337
7519	DECAYED	4.88660103006	0.185912493351
170833	DECAYED	3.20049570505	0.123922559099
8091	DECAYED	3.66948250042	0.141393259288
93375	DECAYED	4.37890237173	0.167486180477
62572	DECAYED	4.68684304141	0.178687122579
325	DECAYED	2.71662083622	0.105712821942
12580	DECAYED	3.53868077613	0.136538326391
6501	DECAYED	1.80246432529	0.0707990219541
22386	DECAYED	5.3046095858	0.200928830289
61918	DECAYED	6.86082500847	0.25560463242
7151	DECAYED	2.69470843906	0.104883756134
8063	DECAYED	9.22516046494	0.334964984356
159055	DECAYED	3.30919549022	0.127987509692
62374	DECAYED	3.79809740867	0.146153678777
8078	DECAYED	5.64052137308	0.212894662379
62444	DECAYED	14.4614991194	0.494805982063
8918	DECAYED	3.53340718986	0.136342301047
7991	DECAYED	8.34527893441	0.305953685179
61138	DECAYED	7.93301330465	0.292147452149
379	DECAYED	4.92092467265	0.187150787053
6114390	DECAYED	2.7357207928	0.10643516441
8077	DECAYED	13.7781484509	0.475190988141
556940	DECAYED	12.2120189448	0.428827395108
8892	DECAYED	5.88360546738	0.221497493377
6826	DECAYED	3.30310505934	0.12776000116
2346	DECAYED	8.59739766315	0.314329807895
6943	DECAYED	4.388430022	0.167833873657
61199	DECAYED	4.46014318472	0.170448576497
8697	DECAYED	5.5044471135	0.20805830933
637776	DECAYED	3.07277184483	0.119134103069
6057	DECAYED	5.58619132347	0.210965439538
14228	DECAYED	4.53180851575	0.173057425261
89440	DECAYED	2.06300021607	0.0808176206862
61337	DECAYED	3.83806357326	0.147630250133
8193	DECAYED	4.19553845007	0.160780520848
241	DECAYED	3.02626805974	0.117387403042
176	DECAYED	4.91330114405	0.186875834509
61204	DECAYED	2.98090935391	0.115682045926
61177	DECAYED	4.60237341069	0.175622200023
6213	DECAYED	8.23975542811	0.302432789319
31249	DECAYED	3.16085582752	0.122437829276
8093	DECAYED	3.88375352789	0.14931672453
165675	DECAYED	3.57919103897	0.138043398161
61192	DECAYED	7.09269496418	0.263585269825
519539	DECAYED	7.22035321831	0.267960728494
565690	DECAYED	3.93234492761	0.151108462452
7463	DECAYED	2.96987299189	0.11526686144
8857	DECAYED	4.60957507128	0.175883729916
5363491	DECAYED	3.74798543314	0.144300459403
61151	DECAYED	2.4757774743	0.0965793093312
6050	DECAYED	3.66181681484	0.14110911164
263	DECAYED	5.69006416339	0.214651834462
1001	DECAYED	3.36675096789	0.130136033884
5541	DECAYED	2.49821214491	0.0974320602282
6997	DECAYED	4.62035282157	0.176275048784
440967	DECAYED	3.55197302331	0.137032315989
239	DECAYED	7.18480394725	0.266743594786
61130	DECAYED	2.98108147614	0.115688520339
10882	DECAYED	4.59333809045	0.175294021693
78925	DECAYED	14.1860384108	0.486944062115
23235	WOOD	2.85904975067	0.111092323836
7824	WOOD	2.09161367224	0.081914607788
6276	WOOD	2.80788844424	0.109161842764
14104	WOOD	5.21090971823	0.197574956693
8030	WOOD	2.95801768643	0.114820760004
61185	WOOD	3.33660459389	0.129011011669
13216	WOOD	3.78936841203	0.145831011296
14514	WOOD	4.36570818519	0.167004564224
12810	WOOD	3.43317080488	0.132612167485
7519	WOOD	2.85266339574	0.11085146045
170833	WOOD	3.97668731683	0.152741875867
8091	WOOD	2.76926058263	0.107702901636
93375	WOOD	3.89178180683	0.14961288602
62572	WOOD	1.31094783068	0.0517504795413
325	WOOD	4.10393204143	0.157420378377
12580	WOOD	2.89895062079	0.112596458951
6501	WOOD	2.72573658378	0.106057607382
22386	WOOD	2.78226158138	0.108194071452
61918	WOOD	9.18872369484	0.333775890538
7151	WOOD	3.48037402946	0.134369759824
8063	WOOD	2.56040777103	0.0997940356595
159055	WOOD	4.75613934862	0.181197229344
62374	WOOD	4.11148139565	0.157697544119
8078	WOOD	2.92391622209	0.113536934454
62444	WOOD	2.17042691668	0.084932775467
8918	WOOD	2.72798866949	0.106142777907
7991	WOOD	2.27733684722	0.0890189686425
61138	WOOD	2.66333794355	0.103696170141
379	WOOD	4.12122149441	0.158055073134
6114390	WOOD	3.4524586165	0.13333055646
8077	WOOD	3.10852384988	0.120475785785
556940	WOOD	3.15585736532	0.122250520329
8892	WOOD	2.54998456953	0.0993984142591
6826	WOOD	3.17890780801	0.12311413038
2346	WOOD	2.71311046411	0.105580031208
6943	WOOD	4.31445733779	0.165132476664
61199	WOOD	3.59736020031	0.138718007848
8697	WOOD	2.93977678354	0.114134156327
637776	WOOD	3.96035139737	0.152140302619
6057	WOOD	2.95138350784	0.114571074469
14228	WOOD	3.38347223693	0.130759735726
89440	WOOD	7.27580635933	0.269857311102
61337	WOOD	2.66817781335	0.103879443396
8193	WOOD	3.81207750394	0.146670326199
241	WOOD	2.70890543717	0.10542095002
176	WOOD	2.84793247473	0.110673011237
61204	WOOD	3.49419517276	0.134884046948
61177	WOOD	2.45049610082	0.0956178715768
6213	WOOD	2.89401734258	0.112410559152
31249	WOOD	1.13804155112	0.045003606616
8093	WOOD	2.78046015353	0.108126022675
165675	WOOD	4.85810354635	0.184883673827
61192	WOOD	3.76328925366	0.144866631744
519539	WOOD	4.54389515579	0.173497012957
565690	WOOD	6.35545920782	0.238061623616
7463	WOOD	4.78146821338	0.182113753225
8857	WOOD	0.343651379258	0.0136988166621
5363491	WOOD	3.42608224534	0.132348073993
61151	WOOD	2.97121452008	0.115317334514
6050	WOOD	4.39956469289	0.168240119921
263	WOOD	2.64967090197	0.103178533723
1001	WOOD	2.93657580921	0.114013641375
5541	WOOD	2.28071602347	0.089147974707
6997	WOOD	3.40208417398	0.131453696268
440967	WOOD	3.94141968293	0.15144287167
239	WOOD	3.18507663704	0.123345180208
61130	WOOD	4.13745597103	0.158650822076
10882	WOOD	0.897055219369	0.0355603255481
78925	WOOD	2.84386775099	0.110519676526
23235	GRASS	3.00405170686	0.116552337611
7824	GRASS	2.72799551331	0.106143036724
6276	GRASS	6.19805904289	0.232555987356
14104	GRASS	4.60416139741	0.175687135027
8030	GRASS	2.39849073817	0.0936385263983
61185	GRASS	2.27226087585	0.0888251672387
13216	GRASS	3.83711544733	0.147595235911
14514	GRASS	2.87558833724	0.111715930176
12810	GRASS	2.49939291259	0.0974769305309
7519	GRASS	2.51855238861	0.0982048530906
170833	GRASS	4.68434793922	0.178596671323
8091	GRASS	3.24032035161	0.125412943672
93375	GRASS	4.1934815906	0.160705148484
62572	GRASS	2.62119775878	0.102099639275
325	GRASS	4.24428367131	0.162565769299
12580	GRASS	3.37310295531	0.130372988794
6501	GRASS	4.61600865077	0.176117331685
22386	GRASS	1.87816954433	0.0737157734381
61918	GRASS	4.42347511106	0.169112151619
7151	GRASS	3.00735379697	0.116676481135
8063	GRASS	2.47860688318	0.0966868784946
159055	GRASS	5.88601562214	0.221582552924
62374	GRASS	3.44921424256	0.133209738146
8078	GRASS	1.90409426236	0.0747135405102
62444	GRASS	0.786742384671	0.0312221099549
8918	GRASS	3.43087220582	0.132526534596
7991	GRASS	1.2432387622	0.0491112934402
61138	GRASS	2.69186389893	0.104776103457
379	GRASS	3.15653761537	0.122276012728
6114390	GRASS	2.81041779916	0.109257332684
8077	GRASS	2.81529629873	0.109441494649
556940	GRASS	2.63372283714	0.102574315092
8892	GRASS	2.62800797275	0.102357748548
6826	GRASS	3.27986518934	0.126891601309
2346	GRASS	3.11880436183	0.120861398214
6943	GRASS	3.73375303578	0.143773756738
61199	GRASS	3.10830922297	0.120467734429
8697	GRASS	3.36328430675	0.130006699739
637776	GRASS	4.09699754021	0.157165746071
6057	GRASS	3.03169996231	0.117591516628
14228	GRASS	1.51471848995	0.0596709907565
89440	GRASS	5.01637732599	0.190589476449
61337	GRASS	3.27948175281	0.126877269886
8193	GRASS	4.00494493628	0.153781963874
241	GRASS	1.71204825841	0.0673094866409
176	GRASS	0.813233688219	0.0322648079161
61204	GRASS	2.17780832452	0.0852151933416
61177	GRASS	3.12010795766	0.12091028884
6213	GRASS	2.79714571587	0.108756218972
31249	GRASS	2.58273413262	0.100641159065
8093	GRASS	1.88686604452	0.0740505363929
165675	GRASS	5.02958957933	0.191064874639
61192	GRASS	4.36920034379	0.167132049094
519539	GRASS	4.40377944615	0.168393868482
565690	GRASS	4.88399191636	0.185818325839
7463	GRASS	3.84543439546	0.147902429543
8857	GRASS	1.86020735495	0.0730241456368
5363491	GRASS	4.78398639228	0.182204845371
61151	GRASS	3.69973314455	0.142514115646
6050	GRASS	2.24848349686	0.0879170686601
263	GRASS	4.5718477335	0.174513192661
1001	GRASS	3.64459395341	0.140470532102
5541	GRASS	3.51968618446	0.135832171044
6997	GRASS	3.32526698776	0.128587719295
440967	GRASS	5.15861983642	0.19570025001
239	GRASS	0.545254987526	0.0216912783005
61130	GRASS	4.17035184078	0.159857339841
10882	GRASS	1.70377542892	0.0669898768719
78925	GRASS	2.9703652925	0.115285383712
23235	FLOWER	12.1503854115	0.426962670202
7824	FLOWER	7.00917234412	0.260715494985
6276	FLOWER	4.36656751765	0.167035935952
14104	FLOWER	4.60152306611	0.175591316833
8030	FLOWER	1.94650245956	0.0763445496525
61185	FLOWER	6.73247053639	0.251168357646
13216	FLOWER	8.24112393266	0.302478507837
14514	FLOWER	3.77683719642	0.145367688174
12810	FLOWER	10.6869423821	0.381793400293
7519	FLOWER	6.90315438159	0.257064759097
170833	FLOWER	6.25862362511	0.234676797132
8091	FLOWER	9.59949263603	0.347119601894
93375	FLOWER	3.54544418083	0.136789697457
62572	FLOWER	7.29686363213	0.270576857739
325	FLOWER	7.48777943008	0.277084440886
12580	FLOWER	8.91696916665	0.324873831018
6501	FLOWER	8.96570994014	0.326474815713
22386	FLOWER	4.87703798077	0.185567319444
61918	FLOWER	2.31455530488	0.0904393456915
7151	FLOWER	7.25007501178	0.268977565401
8063	FLOWER	1.93287931163	0.0758207634918
159055	FLOWER	4.76205614874	0.181411374444
62374	FLOWER	3.48317672245	0.134474060866
8078	FLOWER	2.166277222	0.0847739860789
62444	FLOWER	2.59951881449	0.101277753353
8918	FLOWER	10.5470411771	0.377385616049
7991	FLOWER	4.22160744761	0.161735510128
61138	FLOWER	3.23320015225	0.1251465728
379	FLOWER	3.83883608564	0.147658778429
6114390	FLOWER	10.0928135581	0.362966588117
8077	FLOWER	1.77195982442	0.0696224563291
556940	FLOWER	7.23257582624	0.268378971817
8892	FLOWER	5.24811490212	0.198907512075
6826	FLOWER	7.70521866157	0.284460588614
2346	FLOWER	3.61670942648	0.139436142229
6943	FLOWER	4.72863156179	0.180201279893
61199	FLOWER	4.19784786813	0.160865144035
8697	FLOWER	5.54350914403	0.209448168309
637776	FLOWER	6.29921893772	0.236096693819
6057	FLOWER	6.26019738364	0.234731866833
14228	FLOWER	5.33490826691	0.20201183219
89440	FLOWER	6.40412579447	0.239759900902
61337	FLOWER	5.13933867364	0.195008426145
8193	FLOWER	6.49097172172	0.242785783312
241	FLOWER	0.528226130167	0.0210174360688
176	FLOWER	2.67250532946	0.104043299284
61204	FLOWER	10.1438089138	0.364593612842
61177	FLOWER	8.09409554591	0.297558068754
6213	FLOWER	0.750796192628	0.029806369736
31249	FLOWER	8.23758930644	0.302360421225
8093	FLOWER	8.12751146072	0.298677881411
165675	FLOWER	5.97715011516	0.224795475207
61192	FLOWER	7.63143982155	0.281962043362
519539	FLOWER	1.55835138891	0.0613626719357
565690	FLOWER	9.49229250423	0.343650253375
7463	FLOWER	3.15040212924	0.122046071739
8857	FLOWER	5.47145467311	0.206883460429
5363491	FLOWER	7.83155232056	0.288728808123
61151	FLOWER	7.93963127256	0.292370153005
6050	FLOWER	5.0286271948	0.191030251206
263	FLOWER	4.19884457817	0.16090166481
1001	FLOWER	12.6914488174	0.443228803461
5541	FLOWER	7.99232196321	0.294141994383
6997	FLOWER	5.10072900745	0.193622185735
440967	FLOWER	2.4459844343	0.0954462414311
239	FLOWER	3.11447191381	0.120698902432
61130	FLOWER	4.58435287506	0.174967598489
10882	FLOWER	7.74492013957	0.285803290396
78925	FLOWER	2.00055379307	0.0784212655311
23235	CHEMICAL	14.1443869711	0.485750005729
7824	CHEMICAL	17.4019517793	0.57494690088
6276	CHEMICAL	25.8598105222	0.766900500791
14104	CHEMICAL	21.3057741035	0.670656560081
8030	CHEMICAL	15.9240741429	0.535532510794
61185	CHEMICAL	12.0564209658	0.424113924029
13216	CHEMICAL	22.7452544615	0.702871538253
14514	CHEMICAL	21.4712112751	0.674443285556
12810	CHEMICAL	14.5451908846	0.497182604236
7519	CHEMICAL	27.0399377699	0.789134216957
170833	CHEMICAL	21.6021846273	0.677425632823
8091	CHEMICAL	14.8939752213	0.507026809696
93375	CHEMICAL	15.8735164788	0.534153248992
62572	CHEMICAL	16.1383837659	0.541356378406
325	CHEMICAL	17.8161288077	0.585679374032
12580	CHEMICAL	17.9562513453	0.589279268862
6501	CHEMICAL	14.0151485442	0.482036186282
22386	CHEMICAL	26.7909368811	0.784535755656
61918	CHEMICAL	12.5554727605	0.439162951923
7151	CHEMICAL	13.2839031864	0.460771293911
8063	CHEMICAL	24.5333118166	0.740579117188
159055	CHEMICAL	25.6753727049	0.763325002783
62374	CHEMICAL	23.533430175	0.719808272679
8078	CHEMICAL	27.3320133354	0.794464952229
62444	CHEMICAL	19.0042370568	0.615705071827
8918	CHEMICAL	15.3386565285	0.519436507501
7991	CHEMICAL	20.4801465024	0.651431299792
61138	CHEMICAL	13.9236524623	0.479398859336
379	CHEMICAL	18.5308199401	0.603876282543
6114390	CHEMICAL	8.58836665977	0.314030649638
8077	CHEMICAL	15.895806739	0.534761600806
556940	CHEMICAL	4.06552382926	0.156009559568
8892	CHEMICAL	16.2503647274	0.544384847586
6826	CHEMICAL	16.5665302378	0.552881239863
2346	CHEMICAL	12.2251069239	0.429222981235
6943	CHEMICAL	27.6517297521	0.80022192677
61199	CHEMICAL	13.9051564008	0.478864906219
8697	CHEMICAL	12.6639258259	0.442407026106
637776	CHEMICAL	12.6383522824	0.44164291193
6057	CHEMICAL	5.25074476665	0.199001662424
14228	CHEMICAL	12.5317675584	0.438452623082
89440	CHEMICAL	20.9417411158	0.662247036246
61337	CHEMICAL	17.0941327829	0.566881561077
8193	CHEMICAL	27.0548803765	0.789408594186
241	CHEMICAL	29.9860805631	0.839777211509
176	CHEMICAL	11.9540641433	0.421002705914
61204	CHEMICAL	14.2790885703	0.489606594654
61177	CHEMICAL	18.243867915	0.59661923
6213	CHEMICAL	5.31015302618	0.201127030982
31249	CHEMICAL	12.7780948594	0.445811911081
8093	CHEMICAL	22.3792777595	0.694838281164
165675	CHEMICAL	24.468788825	0.739262902374
61192	CHEMICAL	1.88322781984	0.0739104939849
519539	CHEMICAL	13.9478377305	0.480096638276
565690	CHEMICAL	15.3924575569	0.52092720242
7463	CHEMICAL	25.9303716972	0.768261197345
8857	CHEMICAL	21.2117860772	0.668495495655
5363491	CHEMICAL	10.3744106464	0.371925067352
61151	CHEMICAL	19.7339965557	0.633587614204
6050	CHEMICAL	11.3204058685	0.401555599128
263	CHEMICAL	23.4917409237	0.718924880296
1001	CHEMICAL	24.9414291271	0.748827210322
5541	CHEMICAL	10.9772330292	0.390889463177
6997	CHEMICAL	29.5826589812	0.83325287429
440967	CHEMICAL	25.6876337734	0.763563539386
239	CHEMICAL	11.7089390588	0.413517860799
61130	CHEMICAL	19.9808493563	0.639540237853
10882	CHEMICAL	20.1793106997	0.644290595862
78925	CHEMICAL	10.3074194437	0.369799619513
