#oID	descriptor	value	sigma
23235	INTENSITY/STRENGTH	18.6962065346	0.608029005871
7824	INTENSITY/STRENGTH	62.7705535189	0.934765185128
6276	INTENSITY/STRENGTH	54.0825889567	0.993332986964
14104	INTENSITY/STRENGTH	50.1438061341	0.999991727918
8030	INTENSITY/STRENGTH	31.445048999	0.86228551734
61185	INTENSITY/STRENGTH	16.1946469106	0.542879241
13216	INTENSITY/STRENGTH	53.0497413627	0.996279631048
14514	INTENSITY/STRENGTH	66.6053524808	0.889704907595
12810	INTENSITY/STRENGTH	47.024360679	0.996458228253
7519	INTENSITY/STRENGTH	65.7993436054	0.900152296655
170833	INTENSITY/STRENGTH	55.043552436	0.98982503153
8091	INTENSITY/STRENGTH	47.6413004396	0.997774614553
93375	INTENSITY/STRENGTH	71.4972372385	0.815147516445
62572	INTENSITY/STRENGTH	60.9001206355	0.952474948052
325	INTENSITY/STRENGTH	61.0852072505	0.950847272085
12580	INTENSITY/STRENGTH	56.9861141777	0.980477683478
22386	INTENSITY/STRENGTH	43.5647235459	0.983434886784
61918	INTENSITY/STRENGTH	76.8940286903	0.710684488323
7151	INTENSITY/STRENGTH	59.1032997544	0.966851973433
159055	INTENSITY/STRENGTH	60.4850938653	0.956025122655
62374	INTENSITY/STRENGTH	72.0939711768	0.804742575056
8078	INTENSITY/STRENGTH	59.8976642976	0.960814496581
62444	INTENSITY/STRENGTH	77.4144935027	0.699378218395
8918	INTENSITY/STRENGTH	26.4690512344	0.778517780077
61138	INTENSITY/STRENGTH	43.038676183	0.980615988286
379	INTENSITY/STRENGTH	55.4254779436	0.988225675633
6114390	INTENSITY/STRENGTH	22.2430179234	0.691819978401
8077	INTENSITY/STRENGTH	69.7409868311	0.844117375574
8892	INTENSITY/STRENGTH	51.8236789262	0.99866967807
6826	INTENSITY/STRENGTH	52.0787141729	0.998271578955
2346	INTENSITY/STRENGTH	78.2885687859	0.679902750419
6943	INTENSITY/STRENGTH	64.8167886398	0.912185109762
8697	INTENSITY/STRENGTH	58.7722066417	0.969219356254
637776	INTENSITY/STRENGTH	32.0553213003	0.871195402546
6057	INTENSITY/STRENGTH	16.3551836559	0.547210533267
14228	INTENSITY/STRENGTH	20.8094670641	0.659165114766
89440	INTENSITY/STRENGTH	17.1868355564	0.569318495679
61337	INTENSITY/STRENGTH	51.2826116865	0.999341962905
8193	INTENSITY/STRENGTH	33.0088265797	0.884520010321
241	INTENSITY/STRENGTH	31.8715452416	0.868543651229
61204	INTENSITY/STRENGTH	29.8942640293	0.83830375243
61177	INTENSITY/STRENGTH	59.7939527356	0.961631395925
6213	INTENSITY/STRENGTH	26.630494551	0.781546486028
31249	INTENSITY/STRENGTH	33.6280617036	0.892783854567
8093	INTENSITY/STRENGTH	64.5085144953	0.915801202856
165675	INTENSITY/STRENGTH	53.4662013983	0.995194179147
61192	INTENSITY/STRENGTH	56.6061194791	0.982543674171
519539	INTENSITY/STRENGTH	79.675727128	0.64774048777
565690	INTENSITY/STRENGTH	26.0833520732	0.771197580778
7463	INTENSITY/STRENGTH	57.8076886505	0.975615999175
8857	INTENSITY/STRENGTH	43.4618024897	0.982900789327
5363491	INTENSITY/STRENGTH	61.5170464268	0.946943056642
61151	INTENSITY/STRENGTH	48.1505704999	0.99863184421
6050	INTENSITY/STRENGTH	4.57094535401	0.174480397589
1001	INTENSITY/STRENGTH	44.3239545614	0.987113003272
5541	INTENSITY/STRENGTH	23.310569814	0.715069726539
6997	INTENSITY/STRENGTH	69.0067702418	0.85549707399
440967	INTENSITY/STRENGTH	54.3197330315	0.992535962615
239	INTENSITY/STRENGTH	32.525005078	0.87784982099
10882	INTENSITY/STRENGTH	68.5146030077	0.862883790187
78925	INTENSITY/STRENGTH	62.2465614295	0.940008693261
23235	VALENCE/PLEASANTNESS	51.1843662291	0.999438910654
7824	VALENCE/PLEASANTNESS	53.5390312645	0.994990103084
6276	VALENCE/PLEASANTNESS	40.7306336716	0.965631539148
14104	VALENCE/PLEASANTNESS	45.0652652954	0.990259357358
8030	VALENCE/PLEASANTNESS	36.3961956225	0.925974602583
61185	VALENCE/PLEASANTNESS	46.2217196458	0.994289839026
13216	VALENCE/PLEASANTNESS	47.8555775285	0.998160580905
14514	VALENCE/PLEASANTNESS	40.3135028722	0.962468709358
12810	VALENCE/PLEASANTNESS	56.8492486324	0.981235117269
7519	VALENCE/PLEASANTNESS	43.2471839095	0.981759789939
170833	VALENCE/PLEASANTNESS	47.813196443	0.998087156081
8091	VALENCE/PLEASANTNESS	58.2100597619	0.973037967482
93375	VALENCE/PLEASANTNESS	35.2329163105	0.912773295723
62572	VALENCE/PLEASANTNESS	51.1529093006	0.999468320058
325	VALENCE/PLEASANTNESS	47.4660070569	0.997431551906
12580	VALENCE/PLEASANTNESS	44.484804194	0.987833046088
6501	VALENCE/PLEASANTNESS	48.2020391337	0.998706934689
22386	VALENCE/PLEASANTNESS	39.8905988778	0.95912000358
61918	VALENCE/PLEASANTNESS	35.2154382479	0.912566693519
7151	VALENCE/PLEASANTNESS	47.9658048723	0.998344820073
8063	VALENCE/PLEASANTNESS	26.8559238984	0.785740696562
159055	VALENCE/PLEASANTNESS	42.7742576772	0.979115459154
62374	VALENCE/PLEASANTNESS	39.544056091	0.956269294789
8078	VALENCE/PLEASANTNESS	34.5099560106	0.904023414883
62444	VALENCE/PLEASANTNESS	22.4217391002	0.695775810298
8918	VALENCE/PLEASANTNESS	51.6594686883	0.998898465469
7991	VALENCE/PLEASANTNESS	33.8398554761	0.895539891587
61138	VALENCE/PLEASANTNESS	31.7535995548	0.866827548318
379	VALENCE/PLEASANTNESS	45.6420198021	0.992403203438
6114390	VALENCE/PLEASANTNESS	41.7727695684	0.97292507177
8077	VALENCE/PLEASANTNESS	26.4136615953	0.777473856263
556940	VALENCE/PLEASANTNESS	27.8162676515	0.803152807636
8892	VALENCE/PLEASANTNESS	43.6279952319	0.983759022094
6826	VALENCE/PLEASANTNESS	48.151758852	0.998633601863
2346	VALENCE/PLEASANTNESS	30.9322037783	0.854567658899
6943	VALENCE/PLEASANTNESS	34.9867763646	0.90984124643
61199	VALENCE/PLEASANTNESS	49.5694695082	0.999925857398
8697	VALENCE/PLEASANTNESS	40.7742002986	0.965953847948
637776	VALENCE/PLEASANTNESS	52.2518301373	0.997971704413
6057	VALENCE/PLEASANTNESS	36.1888095171	0.923700406978
14228	VALENCE/PLEASANTNESS	42.5572204185	0.977842012841
89440	VALENCE/PLEASANTNESS	45.5868741255	0.992209728006
61337	VALENCE/PLEASANTNESS	42.0497278091	0.974717268836
8193	VALENCE/PLEASANTNESS	40.9226879653	0.96704096249
241	VALENCE/PLEASANTNESS	40.4894476536	0.963819757626
176	VALENCE/PLEASANTNESS	40.9695331321	0.967380267259
61204	VALENCE/PLEASANTNESS	55.2550367592	0.988953835464
61177	VALENCE/PLEASANTNESS	50.7081173492	0.999799427928
6213	VALENCE/PLEASANTNESS	37.3510798538	0.936001927654
31249	VALENCE/PLEASANTNESS	53.1899587058	0.995929665382
8093	VALENCE/PLEASANTNESS	51.7607154631	0.998759952423
165675	VALENCE/PLEASANTNESS	45.4485457802	0.991713705794
61192	VALENCE/PLEASANTNESS	43.2746839269	0.981908049487
519539	VALENCE/PLEASANTNESS	35.2021038755	0.912408908116
565690	VALENCE/PLEASANTNESS	47.5636107011	0.997625602874
7463	VALENCE/PLEASANTNESS	41.1492530278	0.968665711213
8857	VALENCE/PLEASANTNESS	48.7621976123	0.9993871381
5363491	VALENCE/PLEASANTNESS	54.2424118101	0.992800776813
61151	VALENCE/PLEASANTNESS	49.2932139556	0.999800181395
6050	VALENCE/PLEASANTNESS	36.4881514935	0.926971979974
263	VALENCE/PLEASANTNESS	41.0018491562	0.967613312557
1001	VALENCE/PLEASANTNESS	44.0670957897	0.985920259053
5541	VALENCE/PLEASANTNESS	53.0151494603	0.996363549493
6997	VALENCE/PLEASANTNESS	36.2946357341	0.924865196136
440967	VALENCE/PLEASANTNESS	43.5715169371	0.983469842204
239	VALENCE/PLEASANTNESS	36.5388652778	0.927519140796
61130	VALENCE/PLEASANTNESS	41.0319148729	0.967829379661
10882	VALENCE/PLEASANTNESS	58.0686068365	0.973959033487
78925	VALENCE/PLEASANTNESS	29.6895555651	0.834994338743
23235	BAKERY	0.787201695527	0.0312401932173
7824	BAKERY	4.34610741239	0.16628883664
6276	BAKERY	2.51327274447	0.0980042938234
14104	BAKERY	0.0	0.0
8030	BAKERY	2.55999538047	0.0997783846797
61185	BAKERY	3.66531427477	0.141238759498
13216	BAKERY	1.43793507092	0.0566903399295
14514	BAKERY	6.50267255701	0.243193002127
12810	BAKERY	3.82711102439	0.147225729458
7519	BAKERY	1.12149069054	0.044356531074
170833	BAKERY	1.65287022177	0.0650220168828
8091	BAKERY	2.49638296579	0.0973625474667
93375	BAKERY	4.46043946775	0.170459370612
62572	BAKERY	3.92727342786	0.150921546484
325	BAKERY	0.0	0.0
12580	BAKERY	0.680687427209	0.0270421629389
6501	BAKERY	4.24510016061	0.162595656275
22386	BAKERY	2.64684951598	0.103071655695
61918	BAKERY	9.81275834896	0.353994243392
7151	BAKERY	4.85446568243	0.184752292472
8063	BAKERY	2.49784593587	0.0974181437072
159055	BAKERY	1.26951187624	0.0501358108879
62374	BAKERY	3.91680354796	0.150535601905
8078	BAKERY	0.675071742622	0.0268205809618
62444	BAKERY	1.81756642111	0.0713812377665
8918	BAKERY	2.45209224343	0.0956785871889
7991	BAKERY	2.08815468702	0.081782031482
61138	BAKERY	2.13724776035	0.0836627792183
379	BAKERY	3.27312295452	0.126639584631
6114390	BAKERY	6.83432683208	0.254689863984
8077	BAKERY	2.70108724152	0.105125140746
556940	BAKERY	4.88882820632	0.185992871761
8892	BAKERY	2.80841249397	0.109181627464
6826	BAKERY	0.0	0.0
2346	BAKERY	2.83789932154	0.110294503838
6943	BAKERY	0.380017748482	0.0151429445436
61199	BAKERY	12.4839264504	0.43701769017
8697	BAKERY	3.43238000184	0.132582707083
637776	BAKERY	6.59047237428	0.246245164525
6057	BAKERY	4.85448621681	0.184753034101
14228	BAKERY	3.48292278363	0.134464610899
89440	BAKERY	2.27886189825	0.0890771913094
61337	BAKERY	4.5344764883	0.173154468723
8193	BAKERY	2.29323604924	0.0896258693384
241	BAKERY	2.46929193511	0.09633271634
176	BAKERY	4.07112437573	0.156215353556
61204	BAKERY	3.29405580728	0.127421910827
61177	BAKERY	4.13010405091	0.158381058248
6213	BAKERY	2.22173317872	0.0868948878218
31249	BAKERY	5.13131155178	0.194720318775
8093	BAKERY	3.65321139382	0.140790074358
165675	BAKERY	0.818574720155	0.0324749629772
61192	BAKERY	4.07558142468	0.156379111408
519539	BAKERY	3.61261423647	0.13928417681
565690	BAKERY	1.10962561052	0.0438925168227
7463	BAKERY	0.0	0.0
8857	BAKERY	4.11000573639	0.157643370594
5363491	BAKERY	4.0554176913	0.155638142592
61151	BAKERY	0.0	0.0
6050	BAKERY	7.87251044886	0.290109849647
263	BAKERY	2.90726594338	0.112909759629
1001	BAKERY	1.44274069506	0.056877027517
5541	BAKERY	9.64009827245	0.348431333017
6997	BAKERY	1.12138295465	0.0443523182937
440967	BAKERY	2.42083094508	0.0944890688175
239	BAKERY	2.94836829437	0.114457581535
61130	BAKERY	3.1090536251	0.120495659227
10882	BAKERY	6.0123551811	0.226034841315
78925	BAKERY	3.86381813726	0.148581089251
23235	SWEET	17.3124922734	0.57261073545
7824	SWEET	32.3342547629	0.875168578087
6276	SWEET	10.8448528267	0.386749779934
14104	SWEET	5.88222216773	0.221448671657
8030	SWEET	3.89304244003	0.149659385825
61185	SWEET	11.5295490836	0.408009762515
13216	SWEET	11.4231875414	0.404731816215
14514	SWEET	10.8423646886	0.386671838726
12810	SWEET	21.261238555	0.669633436244
7519	SWEET	13.8119801931	0.476170888982
170833	SWEET	15.605297072	0.526801764199
8091	SWEET	30.3029678473	0.844810769751
93375	SWEET	10.78580565	0.384898784591
62572	SWEET	27.9406079346	0.805353288682
325	SWEET	6.96491566751	0.259192606598
12580	SWEET	9.17898538885	0.333457906447
6501	SWEET	14.618554139	0.499261315513
22386	SWEET	10.0158379411	0.360506713778
61918	SWEET	8.1625505833	0.299851130522
7151	SWEET	15.774033119	0.531433276425
8063	SWEET	2.29402830413	0.0896561058211
159055	SWEET	11.7927486187	0.416082376754
62374	SWEET	13.7272562023	0.473715222954
8078	SWEET	5.77564469515	0.217682559148
62444	SWEET	5.92430333179	0.222933185285
8918	SWEET	14.4948165329	0.495752778788
7991	SWEET	6.89620536291	0.256825155153
61138	SWEET	1.36388475166	0.0538113174199
379	SWEET	19.6070924423	0.630508468076
6114390	SWEET	17.5772372349	0.57950578187
8077	SWEET	2.39382316335	0.093460770799
556940	SWEET	8.62621588813	0.315283995306
8892	SWEET	14.2183536041	0.487869512478
6826	SWEET	10.5371943281	0.3770747874
2346	SWEET	10.2679884515	0.368546903325
6943	SWEET	2.27870357796	0.08907114712
61199	SWEET	21.3879438642	0.672540097472
8697	SWEET	17.8228882626	0.585853392097
637776	SWEET	20.6582800929	0.655625389157
6057	SWEET	9.82515499855	0.354392731644
14228	SWEET	13.5613843044	0.468890914477
89440	SWEET	10.4658744401	0.374821166487
61337	SWEET	16.929618072	0.562539935656
8193	SWEET	7.83322832777	0.288785346697
241	SWEET	5.29274094666	0.200504395175
176	SWEET	9.02931535316	0.328561199828
61204	SWEET	18.4374761988	0.601522836519
61177	SWEET	24.1151178937	0.731989151337
6213	SWEET	13.1722081039	0.457485497623
31249	SWEET	28.936132275	0.822525390586
8093	SWEET	26.5802122055	0.780605415864
165675	SWEET	11.9962840597	0.422287029891
61192	SWEET	12.1215128772	0.426088085316
519539	SWEET	4.27944787132	0.163852445219
565690	SWEET	16.5402363024	0.55217768532
7463	SWEET	0.0	0.0
8857	SWEET	24.3552983216	0.736939710331
5363491	SWEET	24.5715182629	0.741356926619
61151	SWEET	14.6590981025	0.500408261228
6050	SWEET	10.6070511796	0.379278233292
263	SWEET	14.6957584685	0.501444211956
1001	SWEET	10.1509964314	0.364822765834
5541	SWEET	19.7481117481	0.633929302877
6997	SWEET	6.61451866883	0.247080003865
440967	SWEET	8.19829517498	0.301046989489
239	SWEET	8.28918747389	0.304083247365
61130	SWEET	14.6340271936	0.499699186983
10882	SWEET	43.4681914803	0.982934190985
78925	SWEET	8.22162378558	0.301826912354
23235	FRUIT	5.99891667447	0.225561866472
7824	FRUIT	20.2332240429	0.645575619648
6276	FRUIT	4.72546194224	0.180086481463
14104	FRUIT	2.3843624113	0.0931004228086
8030	FRUIT	0.0161501271068	0.000645900753629
61185	FRUIT	7.17847426556	0.26652677351
13216	FRUIT	3.4446190296	0.13303860108
14514	FRUIT	5.6141142852	0.211957259725
12810	FRUIT	10.7570106218	0.383995113864
7519	FRUIT	6.43026795372	0.240671379766
170833	FRUIT	5.02214790943	0.190797128528
8091	FRUIT	20.4162538398	0.649920785251
93375	FRUIT	5.96565699206	0.224390654344
62572	FRUIT	16.3188301607	0.546231519302
325	FRUIT	1.34118005854	0.0529276967618
12580	FRUIT	2.32705205753	0.09091601379
6501	FRUIT	3.62637679886	0.13979482848
22386	FRUIT	3.21694894489	0.12453845359
61918	FRUIT	0.441075081418	0.0175651843658
7151	FRUIT	6.98981394645	0.260049558255
8063	FRUIT	5.81128208312	0.218942883545
159055	FRUIT	2.6485127072	0.103134660464
62374	FRUIT	1.34093369849	0.0529181066662
8078	FRUIT	0.817217961444	0.0324215803792
62444	FRUIT	2.83706409096	0.110262990576
8918	FRUIT	8.15889066575	0.299728627872
7991	FRUIT	3.66895476667	0.141373699035
61138	FRUIT	0.927251599874	0.0367461457832
379	FRUIT	12.7415536339	0.444723269754
6114390	FRUIT	0.0	0.0
8077	FRUIT	0.491852845452	0.0195773461295
556940	FRUIT	4.04662993739	0.155315111956
8892	FRUIT	6.99902955484	0.26036661631
6826	FRUIT	3.68915508925	0.142122257461
2346	FRUIT	3.59319904321	0.138563529983
6943	FRUIT	0.267598785565	0.0106753077786
61199	FRUIT	4.4096757049	0.168608932267
8697	FRUIT	10.4308460356	0.373712821817
637776	FRUIT	2.99022523997	0.116032430804
6057	FRUIT	0.0	0.0
14228	FRUIT	6.78002627478	0.252813548477
89440	FRUIT	2.63951485958	0.102793778906
61337	FRUIT	9.16746703608	0.3330817007
8193	FRUIT	2.80135415769	0.108915132261
241	FRUIT	1.48956658066	0.0586951397869
176	FRUIT	1.00941532501	0.0399690452811
61204	FRUIT	8.89469141437	0.324141442432
61177	FRUIT	14.1692196637	0.486462072198
6213	FRUIT	2.48838774222	0.0970586802666
31249	FRUIT	20.7408967246	0.657561950207
8093	FRUIT	14.8806940323	0.506653739338
165675	FRUIT	4.2578592042	0.163062622167
61192	FRUIT	2.54013704788	0.0990245634264
519539	FRUIT	1.82099780408	0.0715134989622
565690	FRUIT	8.27092695646	0.303473785171
7463	FRUIT	0.155016145375	0.00619103381287
8857	FRUIT	12.0402172565	0.423621957625
5363491	FRUIT	16.4866779991	0.550742899385
61151	FRUIT	5.2820311155	0.200121303538
6050	FRUIT	1.10988360584	0.0439026075861
263	FRUIT	4.75023723871	0.180983588019
1001	FRUIT	3.46523264197	0.133806170774
5541	FRUIT	5.32635859477	0.201706305439
6997	FRUIT	0.865865349472	0.0343347248575
440967	FRUIT	4.95756108264	0.18847147855
239	FRUIT	2.52979661867	0.0986319163742
61130	FRUIT	10.2228287482	0.367110658882
10882	FRUIT	26.4347247992	0.777871121883
78925	FRUIT	1.61699525572	0.063633940766
23235	FISH	0.869305027781	0.0344699246187
7824	FISH	0.6601911849	0.0262333064357
6276	FISH	1.30663477125	0.0515824730798
14104	FISH	1.72164698339	0.0676802520013
8030	FISH	4.53206062185	0.173066595482
61185	FISH	1.45050967379	0.0571787956261
13216	FISH	0.637405293736	0.025333697546
14514	FISH	0.534367733439	0.0212604897877
12810	FISH	0.456658468239	0.0181829239469
7519	FISH	2.11479921941	0.0828030184809
170833	FISH	0.18088235615	0.0072222068753
8091	FISH	0.156375983486	0.00624525796015
93375	FISH	0.918314290194	0.0363952511535
62572	FISH	0.848556441434	0.0336542384436
325	FISH	0.746994660852	0.0296565860247
12580	FISH	0.682683942748	0.0271209347637
6501	FISH	0.735845558577	0.0292172348686
22386	FISH	1.14194175009	0.0451560576193
61918	FISH	0.694877061434	0.0276019408052
7151	FISH	0.226840624835	0.00905304232576
8063	FISH	3.47799906982	0.134281371781
159055	FISH	0.0	0.0
62374	FISH	0.9255273486	0.0366784535948
8078	FISH	3.55706327162	0.137221451218
62444	FISH	5.60311575946	0.211566667893
8918	FISH	0.906500187401	0.0359313104601
7991	FISH	1.48130668708	0.0583745596827
61138	FISH	2.00454543483	0.0785745364331
379	FISH	0.618753083681	0.0245969811958
6114390	FISH	1.59743799796	0.0628767966554
8077	FISH	6.04667529234	0.227242098857
556940	FISH	6.47646699351	0.242280829853
8892	FISH	0.923942984024	0.0366162511059
6826	FISH	1.04280432296	0.0412771965759
2346	FISH	4.72266527353	0.179985184027
6943	FISH	0.929738825696	0.0368437873142
61199	FISH	0.94803328708	0.0375618246378
8697	FISH	0.699007906061	0.0277648714213
637776	FISH	1.38184635807	0.0545100545799
6057	FISH	1.1869055606	0.0469127245001
14228	FISH	1.41380554224	0.055752683245
89440	FISH	0.669280831739	0.0265920585369
61337	FISH	0.885773658183	0.0351171083379
8193	FISH	0.651133067481	0.0258757329906
241	FISH	1.59348502176	0.0627237230645
176	FISH	0.753173657208	0.0299000380651
61204	FISH	0.726995079838	0.0288683944551
61177	FISH	1.19831870883	0.0473583612621
6213	FISH	3.68249152199	0.141875363356
31249	FISH	1.59945555106	0.0629549188185
8093	FISH	0.311952911254	0.0124391906026
165675	FISH	0.0	0.0
61192	FISH	3.71351501081	0.143024522938
519539	FISH	3.95035220057	0.151771975019
565690	FISH	0.77849403975	0.030897340402
7463	FISH	1.29575279966	0.0511585218591
8857	FISH	1.16111402161	0.0459052865561
5363491	FISH	0.780593333262	0.0309800029497
61151	FISH	1.24425519483	0.0491509393973
6050	FISH	2.10048742326	0.0822546779641
263	FISH	1.59718182612	0.0628668771307
1001	FISH	0.720253598594	0.0286026378453
5541	FISH	1.42122369214	0.0560409969725
6997	FISH	1.18539979028	0.0468539225461
440967	FISH	0.724200546599	0.0287582352913
239	FISH	2.07054173325	0.0811068121022
61130	FISH	0.643116920408	0.025559237067
10882	FISH	0.59665764627	0.0237239057121
78925	FISH	8.41576855807	0.308300678154
23235	GARLIC	3.47136795486	0.134034560003
7824	GARLIC	1.57506202629	0.0620101528969
6276	GARLIC	3.66178817385	0.141108049902
14104	GARLIC	1.96345372073	0.0769960886238
8030	GARLIC	9.89278859516	0.356564637331
61185	GARLIC	2.88404014306	0.112034530704
13216	GARLIC	0.953937458311	0.0377934996627
14514	GARLIC	0.914048185843	0.0362277337993
12810	GARLIC	1.49628782765	0.0589559622008
7519	GARLIC	1.43849735899	0.0567121844989
170833	GARLIC	2.81638281814	0.109482507854
8091	GARLIC	1.90432527071	0.0747224289338
93375	GARLIC	1.0478229914	0.0414737464477
62572	GARLIC	2.35223614086	0.0918762396896
325	GARLIC	1.73756441976	0.0682949247451
12580	GARLIC	1.28912287365	0.0509001798327
6501	GARLIC	1.98219796826	0.0777162752163
22386	GARLIC	2.37158025289	0.0926134529572
61918	GARLIC	1.86154588265	0.0730756940768
7151	GARLIC	2.63825317437	0.10274597505
8063	GARLIC	2.42880032539	0.0947923846074
159055	GARLIC	1.77300984835	0.0696629683651
62374	GARLIC	1.38737096382	0.0547249192762
8078	GARLIC	4.99632066089	0.189867538377
62444	GARLIC	10.1574151604	0.365027373319
8918	GARLIC	1.83801633685	0.0721693318521
7991	GARLIC	3.07024507644	0.119039241126
61138	GARLIC	4.58219945272	0.174889357379
379	GARLIC	2.12200882263	0.083079184328
6114390	GARLIC	2.2709132757	0.0887737121855
8077	GARLIC	12.6315507455	0.441439600124
556940	GARLIC	8.83121114191	0.322052329583
8892	GARLIC	2.48347196024	0.0968718252187
6826	GARLIC	2.22267195496	0.0869307699507
2346	GARLIC	5.90711869791	0.222327127392
6943	GARLIC	1.59197680726	0.0626653162286
61199	GARLIC	2.07739552945	0.0813695923039
8697	GARLIC	1.75953227464	0.0691429094554
637776	GARLIC	1.99676100519	0.0782756184029
6057	GARLIC	3.2506848208	0.12580061211
14228	GARLIC	2.58375951804	0.100680055423
89440	GARLIC	1.60599131853	0.063207969495
61337	GARLIC	3.32862127547	0.128712963181
8193	GARLIC	2.20785991477	0.0863645384295
241	GARLIC	7.2632813304	0.269429150942
176	GARLIC	3.41361316698	0.131883424738
61204	GARLIC	1.52109851125	0.0599184441778
61177	GARLIC	1.82420401109	0.0716370723342
6213	GARLIC	6.03639325638	0.226880512837
31249	GARLIC	1.72987636234	0.0679980656019
8093	GARLIC	1.35668572125	0.0535311903915
165675	GARLIC	1.1945248731	0.0472102390552
61192	GARLIC	8.3988200855	0.307736731889
519539	GARLIC	4.81790364205	0.18343126748
565690	GARLIC	1.34729977639	0.0531659043806
7463	GARLIC	1.92638822267	0.0755711402731
8857	GARLIC	3.13899429892	0.121618457873
5363491	GARLIC	2.16608968103	0.0847668094388
61151	GARLIC	2.0103688813	0.0787981220363
6050	GARLIC	2.79031170689	0.108498132507
263	GARLIC	5.22845921135	0.198203654164
1001	GARLIC	1.60025446928	0.0629858530248
5541	GARLIC	2.68646675842	0.104571828879
6997	GARLIC	0.962942958426	0.0381468146806
440967	GARLIC	3.43663101074	0.132741067348
239	GARLIC	4.65703707076	0.177606285119
61130	GARLIC	0.89693205897	0.0355554875115
10882	GARLIC	1.5492118455	0.0610084508833
78925	GARLIC	16.4637065814	0.550126809497
23235	SPICES	3.87948363735	0.149159188177
7824	SPICES	4.06248413572	0.155897854487
6276	SPICES	5.45043339682	0.206134446188
14104	SPICES	13.7602674156	0.474672712885
8030	SPICES	12.6734554369	0.442691628392
61185	SPICES	4.83654082127	0.184104782005
13216	SPICES	7.07735100902	0.263058481439
14514	SPICES	4.85064228187	0.184614199056
12810	SPICES	6.15872080045	0.231176895259
7519	SPICES	5.44632679185	0.205988081465
170833	SPICES	9.89309769148	0.356574554886
8091	SPICES	3.39512090054	0.13119409765
93375	SPICES	6.19078309118	0.232301005535
62572	SPICES	4.91273774699	0.186855513011
325	SPICES	17.4055118311	0.575039736404
12580	SPICES	7.65354786552	0.282711196649
6501	SPICES	5.17591524028	0.196320570181
22386	SPICES	4.7012684465	0.179209967858
61918	SPICES	6.99469094686	0.260217357298
7151	SPICES	6.58295136196	0.245983955025
8063	SPICES	5.11704496516	0.194208138936
159055	SPICES	8.15108882738	0.299467453467
62374	SPICES	9.38109604379	0.340041856559
8078	SPICES	4.56210360833	0.1741590286
62444	SPICES	6.63904457504	0.247931017854
8918	SPICES	4.38013072991	0.167531011112
7991	SPICES	4.51105066635	0.172302195408
61138	SPICES	5.57940447462	0.210724277268
379	SPICES	3.67909956072	0.141749672998
6114390	SPICES	9.75151691522	0.35202384375
8077	SPICES	6.61114761877	0.246962995616
556940	SPICES	6.60874322694	0.246879534262
8892	SPICES	4.15870692494	0.159430339682
6826	SPICES	5.86318641186	0.220776674514
2346	SPICES	9.09208724997	0.330617069774
6943	SPICES	9.6747529942	0.349549781568
61199	SPICES	7.63793335914	0.282182123966
8697	SPICES	3.95755811717	0.152037418187
637776	SPICES	13.7386962401	0.474047139854
6057	SPICES	7.34623435161	0.272262510405
14228	SPICES	4.76416425252	0.181487665691
89440	SPICES	6.29268609559	0.235868284505
61337	SPICES	7.46663158	0.276365028339
8193	SPICES	3.74627962451	0.144237340571
241	SPICES	9.76767980768	0.352544164777
176	SPICES	6.52075864389	0.243822228439
61204	SPICES	5.24786251885	0.198898476347
61177	SPICES	3.88731697692	0.149448185765
6213	SPICES	5.71990032887	0.215709109246
31249	SPICES	5.85837236586	0.220606683923
8093	SPICES	4.70823951643	0.17946257292
165675	SPICES	10.9009112986	0.388504505087
61192	SPICES	10.598865405	0.379020237052
519539	SPICES	6.96535366313	0.259207685864
565690	SPICES	7.00413066491	0.260542088048
7463	SPICES	14.0886736624	0.484150656269
8857	SPICES	5.99390815482	0.225385552205
5363491	SPICES	8.79075605083	0.320719285255
61151	SPICES	7.89107808236	0.290735477974
6050	SPICES	2.65704332487	0.103457781303
263	SPICES	6.10739530826	0.22937570135
1001	SPICES	4.83482288598	0.184042710504
5541	SPICES	2.35655864792	0.0920409984526
6997	SPICES	6.90057825269	0.256975938019
440967	SPICES	9.04872693536	0.329197293754
239	SPICES	6.02209549166	0.226377566022
61130	SPICES	9.2306734877	0.335144806293
10882	SPICES	4.1662358239	0.15970642458
78925	SPICES	11.3639876074	0.402903418558
23235	COLD	5.83766182701	0.219875154838
7824	COLD	5.01850923519	0.19066619543
6276	COLD	5.27915167769	0.200018290133
14104	COLD	4.11375193303	0.157780895335
8030	COLD	4.12465996434	0.158181270645
61185	COLD	3.1206683256	0.120931304705
13216	COLD	9.31286072115	0.337822678921
14514	COLD	4.26531119033	0.163335295793
12810	COLD	5.26680813695	0.199576618297
7519	COLD	5.772794378	0.217581713148
170833	COLD	8.85758672952	0.322920732112
8091	COLD	6.21766597361	0.233242890881
93375	COLD	5.87312241389	0.2211274698
62572	COLD	4.68176868949	0.178503164355
325	COLD	3.85733043173	0.148341618045
12580	COLD	4.22888204568	0.162001904485
6501	COLD	5.81397177295	0.219037963807
22386	COLD	4.66728836777	0.177978102428
61918	COLD	3.42684840445	0.132376620183
7151	COLD	6.09984969636	0.229110721327
8063	COLD	3.49299430761	0.134839368611
159055	COLD	11.2061446184	0.398014713854
62374	COLD	5.86364966682	0.220793031707
8078	COLD	7.01702552264	0.260985562031
62444	COLD	1.41169508189	0.055670650074
8918	COLD	5.35884858234	0.202867040042
7991	COLD	1.37939239612	0.0544146064918
61138	COLD	1.52940624596	0.0602406164523
379	COLD	4.02420468566	0.154490498086
6114390	COLD	5.95916861236	0.224162068274
8077	COLD	1.88159941529	0.0738478100676
556940	COLD	0.19381459739	0.00773755825635
8892	COLD	2.68879867246	0.104660091578
6826	COLD	5.31787241183	0.201402989678
2346	COLD	3.56409651557	0.137482747034
6943	COLD	5.01445016029	0.190520122248
61199	COLD	3.44844562023	0.133181113931
8697	COLD	3.56785011354	0.137622182768
637776	COLD	3.21716302274	0.124546465744
6057	COLD	3.00567573535	0.116613394764
14228	COLD	3.74401400657	0.14415350391
89440	COLD	6.5468659155	0.244730055294
61337	COLD	5.33855345224	0.202142076905
8193	COLD	6.04659201755	0.227239170691
241	COLD	5.76028722927	0.217139125585
176	COLD	3.3681785143	0.13018928997
61204	COLD	4.16679625802	0.159726973898
61177	COLD	5.64788945173	0.213156115966
6213	COLD	4.34561030629	0.166270680678
31249	COLD	5.15125075066	0.195435876308
8093	COLD	6.06688302201	0.227952493039
165675	COLD	8.90376275177	0.324439713615
61192	COLD	2.39185132227	0.0933856717915
519539	COLD	2.91879058009	0.113343887824
565690	COLD	7.59463813338	0.280714113984
7463	COLD	5.34064137358	0.202216674831
8857	COLD	4.27992811789	0.163870010838
5363491	COLD	5.37405712932	0.203410089161
61151	COLD	5.29266472958	0.200501669207
6050	COLD	4.85897337606	0.184915086135
263	COLD	4.43226718117	0.169432690301
1001	COLD	4.68284364107	0.178542135816
5541	COLD	4.07730891228	0.156442577305
6997	COLD	4.7424875757	0.180703027666
440967	COLD	5.96537518484	0.224380726955
239	COLD	2.41821108353	0.0943893454033
61130	COLD	6.75455318802	0.251932532013
10882	COLD	5.23608088375	0.198476618142
78925	COLD	2.42910114369	0.0948038328013
23235	SOUR	6.51461084462	0.243608372002
7824	SOUR	11.9661110603	0.42136931685
6276	SOUR	8.23043068966	0.302121231851
14104	SOUR	6.72321691419	0.250848018298
8030	SOUR	10.8402960421	0.386607034373
61185	SOUR	7.14563541813	0.265401374514
13216	SOUR	4.93216815675	0.187556213179
14514	SOUR	6.60374455107	0.246706005205
12810	SOUR	5.0804066357	0.192892052794
7519	SOUR	5.80030893557	0.218554923924
170833	SOUR	5.69088649433	0.214680984137
8091	SOUR	7.54430259094	0.279005503004
93375	SOUR	11.571788853	0.409309035217
62572	SOUR	11.5490960743	0.408611194919
325	SOUR	5.72157527852	0.215768441674
12580	SOUR	5.37103855456	0.203302320121
6501	SOUR	10.5404319532	0.377176995825
22386	SOUR	6.78452838945	0.252969205391
61918	SOUR	8.7285604976	0.31866731256
7151	SOUR	6.76399833839	0.252259264127
8063	SOUR	14.5498191985	0.497313872457
159055	SOUR	4.57385140116	0.17458600939
62374	SOUR	7.68203220893	0.283675840813
8078	SOUR	11.1194715485	0.395321802934
62444	SOUR	20.2620068156	0.646260704545
8918	SOUR	7.11548429978	0.264367325263
7991	SOUR	17.3076457464	0.572483989342
61138	SOUR	19.3218030825	0.623539293557
379	SOUR	10.9679827837	0.390600652811
6114390	SOUR	8.72172574165	0.318441629701
8077	SOUR	12.3223026207	0.432156448076
556940	SOUR	12.7146831816	0.443922059899
8892	SOUR	13.6320901478	0.470950053192
6826	SOUR	9.13852145192	0.332135828346
2346	SOUR	8.26020290806	0.303115735489
6943	SOUR	5.90161427133	0.22213295045
61199	SOUR	8.27387691205	0.30357226082
8697	SOUR	12.8662409547	0.448433575667
637776	SOUR	7.81172472579	0.288059771755
6057	SOUR	10.5839293838	0.378549350872
14228	SOUR	7.121706697	0.264580785369
89440	SOUR	6.66990171141	0.24900103292
61337	SOUR	10.7630635163	0.38418512615
8193	SOUR	6.01038234635	0.225965415474
241	SOUR	11.19319521	0.397612760798
176	SOUR	14.1060400402	0.484649455361
61204	SOUR	5.48390906285	0.20732705907
61177	SOUR	8.89838784428	0.32426299128
6213	SOUR	21.61342969	0.677681050415
31249	SOUR	6.82195832182	0.254262686735
8093	SOUR	9.3511856109	0.339069555504
165675	SOUR	5.09876948518	0.193551799302
61192	SOUR	8.09409753498	0.297558135437
519539	SOUR	9.83644065477	0.354755400289
565690	SOUR	7.87544747066	0.290208829681
7463	SOUR	6.13181510306	0.230232941539
8857	SOUR	8.91834534511	0.324919060326
5363491	SOUR	7.91083231555	0.291400785452
61151	SOUR	8.52934565575	0.312073931304
6050	SOUR	15.9781866344	0.537006486128
263	SOUR	8.95392227199	0.326087801259
1001	SOUR	5.86844326198	0.220962279952
5541	SOUR	10.8862152284	0.388044736335
6997	SOUR	5.74584182917	0.216627793837
440967	SOUR	5.81736478952	0.219157898343
239	SOUR	14.7312627923	0.502446470311
61130	SOUR	9.66421943759	0.349209922568
10882	SOUR	10.9988041978	0.3915626904
78925	SOUR	18.2806302752	0.597552633703
23235	BURNT	2.67558778771	0.104160003504
7824	BURNT	3.09794620169	0.1200789398
6276	BURNT	4.92834045886	0.187418202483
14104	BURNT	6.70466622388	0.250205629286
8030	BURNT	4.26222654721	0.163222431833
61185	BURNT	5.39135904055	0.2040276607
13216	BURNT	4.38338912511	0.167649924916
14514	BURNT	7.28401699317	0.270137918304
12810	BURNT	3.45511881608	0.13342961423
7519	BURNT	5.64163818855	0.212934294962
170833	BURNT	4.32451840782	0.165500152529
8091	BURNT	2.68509987724	0.104520090549
93375	BURNT	5.19630694621	0.197051635497
62572	BURNT	2.62695988633	0.102318028155
325	BURNT	5.74614646943	0.216638579078
12580	BURNT	5.72072536557	0.215738335139
6501	BURNT	4.02799474183	0.154629893017
22386	BURNT	4.85864834133	0.184903348171
61918	BURNT	13.301913618	0.461300182358
7151	BURNT	7.76658663103	0.286535518082
8063	BURNT	5.17596831224	0.196322473302
159055	BURNT	5.65215364237	0.213307409376
62374	BURNT	15.0062732891	0.510175636353
8078	BURNT	3.94441229037	0.151553136288
62444	BURNT	12.5557994705	0.439172738683
8918	BURNT	2.77274027517	0.107834375553
7991	BURNT	3.57527508785	0.137897966733
61138	BURNT	3.10922627172	0.120502135665
379	BURNT	6.19628243725	0.232493731073
6114390	BURNT	6.44582874279	0.241213666439
8077	BURNT	6.98179584746	0.259773644596
556940	BURNT	19.1923683652	0.620355933222
8892	BURNT	3.46247307371	0.133703435034
6826	BURNT	3.53862560884	0.136536275874
2346	BURNT	20.5663377955	0.653463811691
6943	BURNT	7.19505086284	0.267094531746
61199	BURNT	7.73284704473	0.285395112422
8697	BURNT	4.16919867217	0.15981505986
637776	BURNT	6.25732779639	0.234631451395
6057	BURNT	12.246422938	0.429866967611
14228	BURNT	6.18173063565	0.231983707965
89440	BURNT	5.14057940251	0.195052953463
61337	BURNT	4.11492738328	0.157824044383
8193	BURNT	5.87486858572	0.221189111069
241	BURNT	4.69641902157	0.179034220212
176	BURNT	4.12782679344	0.158297490123
61204	BURNT	3.59732492196	0.138716698241
61177	BURNT	4.43814644099	0.169647000107
6213	BURNT	4.85927787105	0.184926082271
31249	BURNT	2.90643861816	0.11287859055
8093	BURNT	3.52273300116	0.135945460927
165675	BURNT	5.29398599356	0.200548924662
61192	BURNT	11.4958259905	0.406971433538
519539	BURNT	10.8608306822	0.387250170046
565690	BURNT	1.99429269225	0.078180826353
7463	BURNT	6.44164106888	0.241067746891
8857	BURNT	2.75312494878	0.107093119158
5363491	BURNT	1.71640872866	0.0674779255769
61151	BURNT	2.65008437238	0.103194196023
6050	BURNT	5.0177513765	0.190638923509
263	BURNT	4.16474249347	0.159651667724
1001	BURNT	3.68899845063	0.142116454198
5541	BURNT	2.61589919585	0.101898796393
6997	BURNT	7.21245135768	0.267690272472
440967	BURNT	4.93117022021	0.187520232912
239	BURNT	5.39129653415	0.204025430038
61130	BURNT	4.7772922222	0.181962680498
10882	BURNT	2.39695253661	0.0935799488793
78925	BURNT	6.98168913841	0.259769972246
23235	ACID	4.60823013807	0.175834891521
7824	ACID	4.39365041505	0.168024351014
6276	ACID	8.77367205645	0.320155953716
14104	ACID	7.2140552424	0.26774517248
8030	ACID	7.30560308846	0.270875388944
61185	ACID	3.23639478302	0.125266090844
13216	ACID	7.65905898244	0.282897885499
14514	ACID	8.04193851416	0.29580843054
12810	ACID	5.02358520209	0.19084884477
7519	ACID	7.85036417393	0.289363279892
170833	ACID	6.91411830093	0.257442719286
8091	ACID	3.75916065949	0.144713910834
93375	ACID	6.20650327328	0.232851857779
62572	ACID	6.41368328212	0.240093197987
325	ACID	4.90552488619	0.186595325684
12580	ACID	7.04288629755	0.261874552942
6501	ACID	5.55696378369	0.20992661275
22386	ACID	9.20955969971	0.334455992043
61918	ACID	7.31625347853	0.271239113156
7151	ACID	6.43832574253	0.240952214355
8063	ACID	8.02425520692	0.295214739626
159055	ACID	6.24911255897	0.234343939249
62374	ACID	6.31900710836	0.236788344
8078	ACID	13.3537513241	0.462820983192
62444	ACID	8.14235713978	0.299175093674
8918	ACID	5.33308889	0.201946820757
7991	ACID	7.95337633701	0.292832575417
61138	ACID	6.09180771225	0.228828260009
379	ACID	6.88054022817	0.256284875594
6114390	ACID	5.68984649541	0.21464411856
8077	ACID	7.06073179994	0.262487698577
556940	ACID	4.92035586699	0.187130273937
8892	ACID	6.35972646657	0.238210610371
6826	ACID	5.42324501438	0.205165165981
2346	ACID	5.20029718476	0.197194651066
6943	ACID	8.69680084336	0.317618295771
61199	ACID	5.50504312834	0.208079525196
8697	ACID	7.32911575847	0.271678255218
637776	ACID	4.04317195542	0.155187982432
6057	ACID	2.53899742185	0.0989812937108
14228	ACID	3.91313270568	0.150400265198
89440	ACID	6.77844838195	0.252758990291
61337	ACID	10.8856831548	0.388028087093
8193	ACID	10.0127414222	0.360407660574
241	ACID	10.409136526	0.373025411755
176	ACID	6.45044418125	0.241374475196
61204	ACID	5.08605716785	0.193095095708
61177	ACID	4.5127484149	0.172363977293
6213	ACID	7.61913299602	0.281544844796
31249	ACID	6.13837502832	0.230463141938
8093	ACID	7.42827956359	0.275059447634
165675	ACID	7.96426879969	0.293198920982
61192	ACID	2.83331914923	0.110121687009
519539	ACID	6.8791559314	0.256237122725
565690	ACID	7.95415678076	0.292858827193
7463	ACID	7.31634191157	0.271242132876
8857	ACID	7.94196739335	0.292448757303
5363491	ACID	3.86642188962	0.148677188293
61151	ACID	6.25816867537	0.234660876947
6050	ACID	7.92474651837	0.291869217783
263	ACID	7.81679432706	0.288230863662
1001	ACID	7.27191027216	0.269724139284
5541	ACID	4.72638810672	0.180120026455
6997	ACID	7.71383212941	0.284752002728
440967	ACID	7.12870245381	0.264820738683
239	ACID	4.90988422255	0.18675258367
61130	ACID	6.96859789542	0.259319373166
10882	ACID	5.4662564501	0.206698274173
78925	ACID	6.18135591623	0.231970572264
23235	WARM	5.23966763726	0.198605058711
7824	WARM	5.22415279558	0.19804940285
6276	WARM	4.40154377374	0.168312315913
14104	WARM	7.40929683971	0.274412801725
8030	WARM	2.58066343475	0.100562607885
61185	WARM	5.86586806472	0.220871359328
13216	WARM	6.21406068471	0.233116607311
14514	WARM	6.08844156335	0.228710014266
12810	WARM	7.1683107741	0.266178559222
7519	WARM	5.1155289567	0.194153703665
170833	WARM	6.19975178929	0.232615302672
8091	WARM	3.89555109473	0.149751916456
93375	WARM	7.31923789454	0.271341018439
62572	WARM	6.05866683607	0.22766369591
325	WARM	6.89093750111	0.256643492187
12580	WARM	5.70317728245	0.215116598852
6501	WARM	6.53333935121	0.244259764817
22386	WARM	5.13246243568	0.194761629166
61918	WARM	8.57762942229	0.313674886289
7151	WARM	6.77059851352	0.252487538848
8063	WARM	6.40608757399	0.239828319757
159055	WARM	8.20261175522	0.301191334366
62374	WARM	8.71172581662	0.318111365983
8078	WARM	5.20477922647	0.19735527834
62444	WARM	6.66331116328	0.248772560268
8918	WARM	3.1457815936	0.12187288701
7991	WARM	5.53062042893	0.208989712226
61138	WARM	5.89529564016	0.221910021333
379	WARM	5.52034160962	0.20862399579
6114390	WARM	6.30452372154	0.236282141119
8077	WARM	5.16082154186	0.195779230079
556940	WARM	7.60115398974	0.280935142799
8892	WARM	5.65586551949	0.21343909487
6826	WARM	6.48255725044	0.242492870616
2346	WARM	7.48176868734	0.276880002417
6943	WARM	6.31847562379	0.236769771268
61199	WARM	8.52951791699	0.312079646321
8697	WARM	5.96670380641	0.224427530531
637776	WARM	7.72603176779	0.285164643961
6057	WARM	6.76267045508	0.252213333529
14228	WARM	6.8987907929	0.256914305954
89440	WARM	9.03279875134	0.328675368741
61337	WARM	7.35037788629	0.272403893423
8193	WARM	1.92663076887	0.0755804683071
241	WARM	3.19986964538	0.123899119516
176	WARM	4.33037816239	0.165714256484
61204	WARM	6.46060194087	0.24172832666
61177	WARM	5.8431291443	0.220068302493
6213	WARM	4.49260457988	0.171630784831
31249	WARM	6.68179414979	0.249413216767
8093	WARM	4.81447945818	0.183307493346
165675	WARM	6.62820367856	0.247554913541
61192	WARM	6.20460979798	0.232785518821
519539	WARM	6.27282090307	0.23517352329
565690	WARM	6.89636682284	0.256830722771
7463	WARM	5.75583892813	0.216981684419
8857	WARM	3.91681947103	0.150536188934
5363491	WARM	4.69299938394	0.178910278071
61151	WARM	6.93426648502	0.258137038727
6050	WARM	5.67212902101	0.214015941788
263	WARM	4.53103621136	0.173029332795
1001	WARM	5.58916783766	0.211071194659
5541	WARM	6.32708527772	0.237070607864
6997	WARM	6.03126188578	0.226700027457
440967	WARM	7.28063396433	0.270022306204
239	WARM	4.08168985329	0.156603517308
61130	WARM	8.79508352086	0.320861943179
10882	WARM	5.27488840125	0.199865756992
78925	WARM	6.93018706361	0.25799648545
23235	MUSKY	8.31481052046	0.304937991222
7824	MUSKY	6.06155751033	0.227765308633
6276	MUSKY	7.18332114597	0.266692804764
14104	MUSKY	7.42896096294	0.275082654122
8030	MUSKY	9.62753585806	0.348025655643
61185	MUSKY	6.98997001244	0.260054928188
13216	MUSKY	5.24684260321	0.198861961207
14514	MUSKY	11.8287159991	0.41718123109
12810	MUSKY	5.69410319756	0.214795003413
7519	MUSKY	7.69756190564	0.284201492509
170833	MUSKY	5.26863543045	0.199642009498
8091	MUSKY	4.84605197423	0.184448391074
93375	MUSKY	10.7182007902	0.382776100336
62572	MUSKY	6.47418270359	0.242201291472
325	MUSKY	6.37485835832	0.238738806697
12580	MUSKY	7.18162744471	0.266634788687
6501	MUSKY	8.08671883165	0.297310744681
22386	MUSKY	7.332200572	0.271783556789
61918	MUSKY	10.8314150024	0.386328779716
7151	MUSKY	5.51483201871	0.208427931871
8063	MUSKY	13.2550113901	0.459922324825
159055	MUSKY	6.0533320332	0.227476149846
62374	MUSKY	5.38390085507	0.203761478836
8078	MUSKY	8.93149514892	0.325351163719
62444	MUSKY	13.3437876039	0.46252883711
8918	MUSKY	7.18514842264	0.266755393763
7991	MUSKY	15.2504269666	0.5169868696
61138	MUSKY	16.3233420478	0.546353083669
379	MUSKY	11.9199721692	0.419964592162
6114390	MUSKY	11.8604702537	0.418150508294
8077	MUSKY	10.7475539868	0.383698192792
556940	MUSKY	12.8109122844	0.446788701951
8892	MUSKY	12.882172785	0.448906761134
6826	MUSKY	6.57288798052	0.245634376659
2346	MUSKY	12.3939779859	0.434314843309
6943	MUSKY	9.69332117018	0.350148656684
61199	MUSKY	7.15741889221	0.265805297609
8697	MUSKY	14.5816152364	0.498215208294
637776	MUSKY	4.91384000712	0.186895270839
6057	MUSKY	12.1769158282	0.427765721494
14228	MUSKY	7.71295834503	0.284722443228
89440	MUSKY	6.95863134642	0.258976233771
61337	MUSKY	9.67141835448	0.349442200984
8193	MUSKY	7.21072234906	0.267631087244
241	MUSKY	8.20241683125	0.3011848165
176	MUSKY	12.0605643188	0.424239688078
61204	MUSKY	7.31218703317	0.271100249644
61177	MUSKY	6.03923372506	0.226980411408
6213	MUSKY	12.4584580699	0.436253051804
31249	MUSKY	4.01687085356	0.154220733561
8093	MUSKY	5.96211336874	0.224265816421
165675	MUSKY	5.40973536957	0.204683320075
61192	MUSKY	8.13307142398	0.298864116644
519539	MUSKY	10.3748940125	0.371940390192
565690	MUSKY	7.34364988685	0.27217431801
7463	MUSKY	6.3725868225	0.238659527776
8857	MUSKY	5.83507304925	0.219783690974
5363491	MUSKY	4.1808738181	0.160243070371
61151	MUSKY	5.02654282381	0.190955259849
6050	MUSKY	12.419151445	0.435071928754
263	MUSKY	8.50469125304	0.311255740798
1001	MUSKY	8.59278122561	0.314176893348
5541	MUSKY	6.8231579171	0.254304123099
6997	MUSKY	8.76165224093	0.319759469641
440967	MUSKY	4.85507022298	0.184774126171
239	MUSKY	15.4529279142	0.522599924119
61130	MUSKY	8.61865908013	0.315033849469
10882	MUSKY	4.75487640776	0.181151516449
78925	MUSKY	12.1251943191	0.426199637855
23235	SWEATY	2.26576499809	0.0885771235128
7824	SWEATY	4.04367676139	0.155206541755
6276	SWEATY	3.70399028323	0.142671793722
14104	SWEATY	1.33069093406	0.0525193420178
8030	SWEATY	5.42788908601	0.205330771468
61185	SWEATY	3.12479127552	0.121085922814
13216	SWEATY	2.09701556244	0.0821216327901
14514	SWEATY	3.85858189096	0.148387813955
12810	SWEATY	1.80007858246	0.0707070301372
7519	SWEATY	1.78714571699	0.070208272754
170833	SWEATY	1.7057547291	0.0670663494857
8091	SWEATY	2.67084988253	0.103980619663
93375	SWEATY	5.35571459685	0.202755112337
62572	SWEATY	5.46867079778	0.206784287793
325	SWEATY	1.70377896088	0.0669900133363
12580	SWEATY	2.97845621453	0.115589768012
6501	SWEATY	5.5026220506	0.207993342251
22386	SWEATY	3.47702572408	0.134245145809
61918	SWEATY	3.91066884354	0.15030942142
7151	SWEATY	1.48277688352	0.0584316244262
8063	SWEATY	6.1257780199	0.230021058256
159055	SWEATY	3.33506952633	0.128953705555
62374	SWEATY	2.42869287398	0.0947882953287
8078	SWEATY	3.97846450786	0.152807308378
62444	SWEATY	7.5328045028	0.278614922641
8918	SWEATY	3.27276867715	0.12662634116
7991	SWEATY	11.3714521161	0.403134115352
61138	SWEATY	11.8221110989	0.416979519623
379	SWEATY	6.18616424919	0.23213911872
6114390	SWEATY	5.97995868368	0.224894385004
8077	SWEATY	5.10326906011	0.193713420365
556940	SWEATY	6.72767836455	0.251002472111
8892	SWEATY	8.36652070474	0.306661360708
6826	SWEATY	0.799847576546	0.0317380006035
2346	SWEATY	6.36290541365	0.238321590425
6943	SWEATY	3.98621701272	0.15309271008
61199	SWEATY	3.75804761899	0.144672735997
8697	SWEATY	10.9488439546	0.390002884606
637776	SWEATY	0.805297137342	0.0319524841019
6057	SWEATY	9.1889713614	0.333783976584
14228	SWEATY	3.44471539188	0.133042190023
89440	SWEATY	2.69054745308	0.104726279884
61337	SWEATY	3.38934617027	0.130978779826
8193	SWEATY	4.40419134917	0.168408893391
241	SWEATY	3.88691071204	0.149433198528
176	SWEATY	7.95261081019	0.292806824928
61204	SWEATY	2.46269976669	0.0960820346111
61177	SWEATY	2.94199082774	0.114217509097
6213	SWEATY	8.43783214405	0.309034481246
31249	SWEATY	3.12690101003	0.121165036431
8093	SWEATY	3.85197380808	0.148143871436
165675	SWEATY	2.26468435765	0.0885358562099
61192	SWEATY	3.9414751809	0.151444916595
519539	SWEATY	3.94725370439	0.151657823453
565690	SWEATY	4.64387473455	0.177128760362
7463	SWEATY	1.21945348763	0.0481833127817
8857	SWEATY	2.86063810353	0.111152223998
5363491	SWEATY	2.90824349376	0.112946587663
61151	SWEATY	0.269494492023	0.0107507287684
6050	SWEATY	5.80583510439	0.218750315672
263	SWEATY	4.64622252096	0.177213947353
1001	SWEATY	3.27304702245	0.126636746173
5541	SWEATY	2.50821219015	0.0978120362498
6997	SWEATY	2.74186838063	0.106667598338
440967	SWEATY	2.43964084006	0.0952048946309
239	SWEATY	9.86869148632	0.355791230792
61130	SWEATY	4.34846934374	0.166375099496
10882	SWEATY	3.84958530213	0.148055689286
78925	SWEATY	7.51473596044	0.278000935796
23235	AMMONIA/URINOUS	3.94562866918	0.151597952529
7824	AMMONIA/URINOUS	2.92868280704	0.113716439088
6276	AMMONIA/URINOUS	8.62725714635	0.315318459506
14104	AMMONIA/URINOUS	5.36960957051	0.203251300044
8030	AMMONIA/URINOUS	5.32168373397	0.201539222253
61185	AMMONIA/URINOUS	3.20193519098	0.123976452052
13216	AMMONIA/URINOUS	7.2330075325	0.268393742114
14514	AMMONIA/URINOUS	7.99259905577	0.294151306364
12810	AMMONIA/URINOUS	3.66309739791	0.141156582898
7519	AMMONIA/URINOUS	5.87736848592	0.221277355309
170833	AMMONIA/URINOUS	5.74159208259	0.216477331446
8091	AMMONIA/URINOUS	2.8476852263	0.110663684593
93375	AMMONIA/URINOUS	4.71226477367	0.179608415228
62572	AMMONIA/URINOUS	3.71176352856	0.142959665746
325	AMMONIA/URINOUS	4.00790068095	0.153890720091
12580	AMMONIA/URINOUS	7.46114070117	0.276178179822
6501	AMMONIA/URINOUS	3.95770266879	0.152042742586
22386	AMMONIA/URINOUS	8.4981167986	0.311037476295
61918	AMMONIA/URINOUS	4.99944242936	0.189979927333
7151	AMMONIA/URINOUS	3.68689420161	0.142038492523
8063	AMMONIA/URINOUS	8.77126178472	0.32007645807
159055	AMMONIA/URINOUS	9.31995126457	0.338053453953
62374	AMMONIA/URINOUS	6.01343393547	0.22607280234
8078	AMMONIA/URINOUS	10.9034127865	0.388582747302
62444	AMMONIA/URINOUS	7.85199186654	0.289418164153
8918	AMMONIA/URINOUS	4.48639363848	0.171404654387
7991	AMMONIA/URINOUS	6.05003324373	0.227360168849
61138	AMMONIA/URINOUS	6.17979279019	0.231915776036
379	AMMONIA/URINOUS	6.52359527048	0.243920892718
6114390	AMMONIA/URINOUS	8.71998163452	0.318384033498
8077	AMMONIA/URINOUS	8.07905614463	0.29705378651
556940	AMMONIA/URINOUS	7.66363450299	0.283052862602
8892	AMMONIA/URINOUS	3.92238265879	0.150741272063
6826	AMMONIA/URINOUS	4.327933411	0.165624933396
2346	AMMONIA/URINOUS	7.61098381598	0.28126852278
6943	AMMONIA/URINOUS	5.33725052758	0.202095523825
61199	AMMONIA/URINOUS	3.78553528645	0.145689300496
8697	AMMONIA/URINOUS	3.47253100343	0.134077851509
637776	AMMONIA/URINOUS	3.74888200543	0.144333633701
6057	AMMONIA/URINOUS	10.8674157507	0.38745633999
14228	AMMONIA/URINOUS	3.54917942536	0.136928507177
89440	AMMONIA/URINOUS	7.34620467459	0.272261497735
61337	AMMONIA/URINOUS	5.87966946595	0.221358573427
8193	AMMONIA/URINOUS	8.19564884952	0.300958489955
241	AMMONIA/URINOUS	6.85042944975	0.255245824532
176	AMMONIA/URINOUS	4.04124392278	0.155117095934
61204	AMMONIA/URINOUS	3.93074292891	0.151049421167
61177	AMMONIA/URINOUS	3.82699198155	0.147221332211
6213	AMMONIA/URINOUS	6.04510290486	0.227186808542
31249	AMMONIA/URINOUS	3.06869989701	0.118981228257
8093	AMMONIA/URINOUS	5.03115143933	0.191121063651
165675	AMMONIA/URINOUS	6.15783239639	0.231145735927
61192	AMMONIA/URINOUS	6.96254838082	0.259111103251
519539	AMMONIA/URINOUS	6.11303915374	0.229573867072
565690	AMMONIA/URINOUS	3.99515793478	0.153421802622
7463	AMMONIA/URINOUS	5.10550682885	0.193793793162
8857	AMMONIA/URINOUS	5.53030831781	0.208978608676
5363491	AMMONIA/URINOUS	1.8731345217	0.0735219276935
61151	AMMONIA/URINOUS	4.76156697127	0.181393670842
6050	AMMONIA/URINOUS	6.53938132466	0.244469849743
263	AMMONIA/URINOUS	7.4026732468	0.274187101392
1001	AMMONIA/URINOUS	8.06519003412	0.29658868525
5541	AMMONIA/URINOUS	3.64103372809	0.14033849848
6997	AMMONIA/URINOUS	6.13228712977	0.230249507014
440967	AMMONIA/URINOUS	6.82599683162	0.254402180167
239	AMMONIA/URINOUS	5.04935609144	0.191775844882
61130	AMMONIA/URINOUS	5.86645016854	0.22089191171
10882	AMMONIA/URINOUS	3.26339154406	0.126275772014
78925	AMMONIA/URINOUS	9.80263353063	0.353668691571
23235	DECAYED	3.22846463656	0.124969391898
7824	DECAYED	5.12292520943	0.194419263297
6276	DECAYED	6.71471211495	0.250553541083
14104	DECAYED	3.0832358586	0.119526897
8030	DECAYED	4.30474879142	0.164777606794
61185	DECAYED	4.18913066694	0.16054570038
13216	DECAYED	2.98744076479	0.115927709662
14514	DECAYED	5.71329991966	0.215475278398
12810	DECAYED	2.65006206178	0.103193350899
7519	DECAYED	5.09687308627	0.193483677348
170833	DECAYED	3.01654124753	0.117021841462
8091	DECAYED	3.82544118337	0.147164047236
93375	DECAYED	4.61941419817	0.176240972913
62572	DECAYED	4.11074130303	0.157670374497
325	DECAYED	3.31079000097	0.128047067866
12580	DECAYED	3.57514537031	0.137893149045
6501	DECAYED	1.50473230704	0.0592836045552
22386	DECAYED	3.99615221147	0.15345839546
61918	DECAYED	8.25401115079	0.302908966001
7151	DECAYED	3.49543037807	0.134930001712
8063	DECAYED	9.75556478627	0.352154173731
159055	DECAYED	3.9636715502	0.152262585145
62374	DECAYED	3.33524230733	0.128960155794
8078	DECAYED	8.43164667211	0.308828800643
62444	DECAYED	14.9399898717	0.508318275921
8918	DECAYED	3.18319537635	0.123274721932
7991	DECAYED	8.74730022465	0.319285904498
61138	DECAYED	7.74025680264	0.285645641957
379	DECAYED	4.02168064849	0.154397659844
6114390	DECAYED	3.41536593071	0.131948747452
8077	DECAYED	14.0107124259	0.481908471964
556940	DECAYED	11.8497599807	0.417823674588
8892	DECAYED	6.40963561901	0.239952053253
6826	DECAYED	3.59487829137	0.138625871683
2346	DECAYED	9.73960482307	0.351640232079
6943	DECAYED	4.68938634656	0.178779316139
61199	DECAYED	4.2739059207	0.1636497281
8697	DECAYED	5.41925462604	0.205022856761
637776	DECAYED	2.7474218732	0.106877544148
6057	DECAYED	4.40497127154	0.1684373421
14228	DECAYED	4.80477627306	0.182956700909
89440	DECAYED	2.69181639452	0.10477430558
61337	DECAYED	4.27056155053	0.163527383638
8193	DECAYED	3.05943737977	0.118633432358
241	DECAYED	2.33082802922	0.091060017448
176	DECAYED	4.27407121774	0.1636557748
61204	DECAYED	2.67319917351	0.104069569412
61177	DECAYED	4.58585520601	0.175022181052
6213	DECAYED	7.18123507439	0.266621348098
31249	DECAYED	2.20709683112	0.0863353626759
8093	DECAYED	4.08633755173	0.156774240235
165675	DECAYED	3.33166721085	0.128826685872
61192	DECAYED	7.27859886958	0.269952754182
519539	DECAYED	6.82776238867	0.254463159852
565690	DECAYED	3.86452554112	0.148607198582
7463	DECAYED	3.63545392264	0.140131546816
8857	DECAYED	3.05431499546	0.118441063782
5363491	DECAYED	2.97390965937	0.11541873091
61151	DECAYED	2.48814267842	0.0970493655417
6050	DECAYED	4.83551610316	0.184067757733
263	DECAYED	5.36553038191	0.203105648765
1001	DECAYED	2.62050362006	0.102073329113
5541	DECAYED	1.82281281349	0.0715834539185
6997	DECAYED	4.68191093438	0.178508321376
440967	DECAYED	3.30479658013	0.127823191031
239	DECAYED	9.21305343116	0.334569995836
61130	DECAYED	2.37618279761	0.0927888140293
10882	DECAYED	4.68716821042	0.178698910084
78925	DECAYED	14.5258559729	0.496634042218
23235	WOOD	3.33914714919	0.129105924494
7824	WOOD	2.30540076098	0.0900900813718
6276	WOOD	2.77859431968	0.10805553823
14104	WOOD	5.43078318514	0.205433965004
8030	WOOD	2.82135255832	0.10967009023
61185	WOOD	2.71520324528	0.105659198346
13216	WOOD	3.01701988928	0.117039831966
14514	WOOD	4.36238553308	0.166883258308
12810	WOOD	2.88539486185	0.11208559307
7519	WOOD	2.62860913446	0.102380530986
170833	WOOD	3.87951016018	0.149160166774
8091	WOOD	2.47285239343	0.0964680961533
93375	WOOD	3.99313022711	0.15334717348
62572	WOOD	1.1539308213	0.045624610316
325	WOOD	3.6896191636	0.142139450715
12580	WOOD	2.75533113914	0.107176505691
6501	WOOD	3.07232744139	0.119117419293
22386	WOOD	2.49709673657	0.0973896726181
61918	WOOD	9.93012623072	0.357762086445
7151	WOOD	5.97706251952	0.224792390236
8063	WOOD	3.03125992706	0.117574982384
159055	WOOD	4.31729631285	0.165236233533
62374	WOOD	4.18003193246	0.160212210516
8078	WOOD	2.55267949613	0.0995007108011
62444	WOOD	2.34130313963	0.0914594454287
8918	WOOD	2.73346093531	0.106349713938
7991	WOOD	2.18581704578	0.0855215633681
61138	WOOD	2.58631686724	0.100777060714
379	WOOD	4.16812822587	0.159775811872
6114390	WOOD	3.87306453012	0.148922329663
8077	WOOD	2.40834149146	0.0940136161627
556940	WOOD	3.29934310511	0.127619458234
8892	WOOD	2.27587446963	0.0889631369447
6826	WOOD	3.93762781256	0.151303147386
2346	WOOD	2.77505360059	0.107921775029
6943	WOOD	4.37890560726	0.167486298564
61199	WOOD	3.85819726788	0.148373616252
8697	WOOD	2.57872358677	0.100489017336
637776	WOOD	4.45878215704	0.170398990952
6057	WOOD	3.67324557841	0.141532729904
14228	WOOD	3.27434450822	0.126685247545
89440	WOOD	7.68356424609	0.283727706034
61337	WOOD	2.61030128613	0.101686582323
8193	WOOD	3.66043446587	0.141057866443
241	WOOD	2.58269122549	0.100639531433
176	WOOD	3.29755465819	0.127552639638
61204	WOOD	3.74712432015	0.144268596538
61177	WOOD	2.14942598376	0.0841290265265
6213	WOOD	3.28510764437	0.127087532881
31249	WOOD	1.31991092748	0.0520995711566
8093	WOOD	3.14389505495	0.121802171751
165675	WOOD	4.63872769702	0.176941990022
61192	WOOD	4.68722404869	0.178700934235
519539	WOOD	5.37541501076	0.203458565815
565690	WOOD	7.80799913564	0.287934025225
7463	WOOD	4.62974934491	0.176616142198
8857	WOOD	0.416466064141	0.0165892649726
5363491	WOOD	2.98115912996	0.115691441295
61151	WOOD	3.6531294594	0.140787036437
6050	WOOD	4.37342733374	0.167286346692
263	WOOD	2.65812927733	0.103498910591
1001	WOOD	2.95926831673	0.114867825081
5541	WOOD	3.36336572178	0.13000973728
6997	WOOD	3.33191043788	0.128835766649
440967	WOOD	3.79640848303	0.146091252373
239	WOOD	3.93717488935	0.15128645713
61130	WOOD	4.16313319889	0.159592656743
10882	WOOD	0.642275300366	0.02552600499
78925	WOOD	2.34890790262	0.0917493687708
23235	GRASS	2.86553672851	0.111336948843
7824	GRASS	3.34624282309	0.129370776511
6276	GRASS	6.62126114776	0.247314006236
14104	GRASS	4.81344516229	0.183270104759
8030	GRASS	2.40924032947	0.0940478375929
61185	GRASS	1.21037024733	0.047828811439
13216	GRASS	4.40875324214	0.168575287625
14514	GRASS	2.97505725527	0.115461903942
12810	GRASS	3.20504650469	0.124092930949
7519	GRASS	2.83151612709	0.110053651653
170833	GRASS	4.89773476764	0.186314268364
8091	GRASS	3.47746574176	0.134261522476
93375	GRASS	4.02727189462	0.15460330822
62572	GRASS	2.1028627002	0.0823456953936
325	GRASS	2.459347553	0.0959545459654
12580	GRASS	2.45166812668	0.095662454426
6501	GRASS	3.04818706825	0.118210904969
22386	GRASS	1.73871097205	0.0683391925444
61918	GRASS	4.34925466579	0.166403780173
7151	GRASS	3.12323776783	0.121027665051
8063	GRASS	2.39857238158	0.0936416354752
159055	GRASS	6.10446145547	0.229272678354
62374	GRASS	3.61959486576	0.139543207833
8078	GRASS	1.90768864918	0.0748518355744
62444	GRASS	0.866153223947	0.0343460403949
8918	GRASS	3.81835854946	0.146902397174
7991	GRASS	1.28253002336	0.0506432476301
61138	GRASS	3.31062786815	0.128041011973
379	GRASS	3.06643698986	0.118896265269
6114390	GRASS	2.04399626883	0.0800886824543
8077	GRASS	3.16440232858	0.122570716304
556940	GRASS	2.18769558852	0.0855934187455
8892	GRASS	2.73323265021	0.10634108172
6826	GRASS	4.3292560988	0.165673260605
2346	GRASS	2.9650938822	0.115087042596
6943	GRASS	3.48752265981	0.134635780671
61199	GRASS	2.9052810701	0.112834979565
8697	GRASS	3.7687919464	0.145070160762
637776	GRASS	4.64565190401	0.177193243515
6057	GRASS	2.18794023979	0.0856027765943
14228	GRASS	0.525040171971	0.020891340006
89440	GRASS	4.08917758921	0.156878554226
61337	GRASS	3.32801186114	0.128690209267
8193	GRASS	4.23856883228	0.162356566993
241	GRASS	1.63730758808	0.0644199930679
176	GRASS	1.81803560354	0.0713993227592
61204	GRASS	2.81077770115	0.109270919532
61177	GRASS	2.86592437249	0.111351565896
6213	GRASS	4.591540885	0.17522873632
31249	GRASS	2.93040242614	0.113781193694
8093	GRASS	1.99150282617	0.0780736796443
165675	GRASS	4.69330769196	0.178921452842
61192	GRASS	4.48705280261	0.171428654963
519539	GRASS	5.29344494204	0.20052957394
565690	GRASS	3.28743480629	0.127174501209
7463	GRASS	3.29870455592	0.127595601538
8857	GRASS	1.62848378383	0.0640785675794
5363491	GRASS	4.74624255073	0.180838974689
61151	GRASS	4.47773990223	0.171089534236
6050	GRASS	0.0	0.0
263	GRASS	4.74299655469	0.180721455661
1001	GRASS	3.90399840599	0.150063454818
5541	GRASS	1.7155137111	0.0674433535268
6997	GRASS	3.3453991626	0.129339288281
440967	GRASS	5.14358065902	0.195160657563
239	GRASS	1.05690310098	0.0418293063734
61130	GRASS	4.16594847061	0.15969588816
10882	GRASS	1.50080394148	0.0591311926709
78925	GRASS	2.02465767854	0.0793466116554
23235	FLOWER	9.75007530523	0.351977424826
7824	FLOWER	7.2086380744	0.267559737821
6276	FLOWER	6.35138289734	0.23791929001
14104	FLOWER	3.72941241031	0.143613089642
8030	FLOWER	3.35047967791	0.129528901488
61185	FLOWER	8.5341790546	0.31223427733
13216	FLOWER	8.75754666959	0.319624017316
14514	FLOWER	3.36507115311	0.130073364578
12810	FLOWER	12.9024067768	0.449507430817
7519	FLOWER	6.24960592781	0.234361207411
170833	FLOWER	6.23009686029	0.233678231656
8091	FLOWER	10.2090368148	0.366671699517
93375	FLOWER	3.6480806263	0.14059982815
62572	FLOWER	7.17874086455	0.266535906422
325	FLOWER	7.42380462136	0.274907034832
12580	FLOWER	7.79681760298	0.287556558225
6501	FLOWER	10.6825151223	0.381654153157
22386	FLOWER	4.39425557608	0.168046430216
61918	FLOWER	0.97482611298	0.038612930139
7151	FLOWER	7.25016679429	0.268980704354
8063	FLOWER	1.7204177081	0.0676327734879
159055	FLOWER	5.55493487712	0.209854474489
62374	FLOWER	3.88481034042	0.149355713064
8078	FLOWER	2.37751765882	0.0928396702657
62444	FLOWER	2.62337293574	0.102182083206
8918	FLOWER	10.6369951896	0.380221540917
7991	FLOWER	3.6127402932	0.139288854757
61138	FLOWER	2.30661084631	0.090136252414
379	FLOWER	5.07669417234	0.192758637406
6114390	FLOWER	9.69258108596	0.350124792195
8077	FLOWER	2.46411723633	0.0961359399514
556940	FLOWER	4.616459392	0.176133696753
8892	FLOWER	4.71117841714	0.179569055854
6826	FLOWER	8.26645145694	0.303324370402
2346	FLOWER	3.97858119991	0.152811604651
6943	FLOWER	3.38324264394	0.130751173442
61199	FLOWER	4.08086670479	0.156573278967
8697	FLOWER	4.42500958001	0.169168099287
637776	FLOWER	6.4282160232	0.240599856432
6057	FLOWER	0.747734912292	0.0296857534921
14228	FLOWER	5.97488963486	0.224715862935
89440	FLOWER	7.80881558316	0.287961583002
61337	FLOWER	4.42406938127	0.169133819295
8193	FLOWER	7.17825908379	0.266519401962
241	FLOWER	0.19521434698	0.0077933304227
176	FLOWER	1.8238350203	0.0716228511396
61204	FLOWER	12.4562351774	0.436186289177
61177	FLOWER	7.64424032622	0.282395848983
6213	FLOWER	0.681586076302	0.0270776192203
31249	FLOWER	7.18138082613	0.266626340817
8093	FLOWER	8.06828569291	0.296692534107
165675	FLOWER	5.89411202681	0.221868258439
61192	FLOWER	6.65059435273	0.248331612011
519539	FLOWER	1.54182100566	0.060721955421
565690	FLOWER	10.0913657779	0.362920365811
7463	FLOWER	3.42004542565	0.132123132741
8857	FLOWER	6.04813205915	0.227293321804
5363491	FLOWER	6.38823585323	0.239205611203
61151	FLOWER	7.49865555887	0.277454288278
6050	FLOWER	5.06602460883	0.192375142218
263	FLOWER	5.94113968401	0.223526731063
1001	FLOWER	9.36901178032	0.339649118517
5541	FLOWER	8.59126760548	0.314126752592
6997	FLOWER	3.93992743471	0.151387886112
440967	FLOWER	3.47022907356	0.133992167013
239	FLOWER	3.28513131172	0.127088417375
61130	FLOWER	4.9398859777	0.187834449719
10882	FLOWER	7.76810673484	0.286586876496
78925	FLOWER	3.00794009535	0.116698522367
23235	CHEMICAL	11.5325067614	0.408100785576
7824	CHEMICAL	15.8500109616	0.53351129947
6276	CHEMICAL	25.1528785935	0.753048223124
14104	CHEMICAL	21.5524403814	0.676294540698
8030	CHEMICAL	17.3471482201	0.573516508257
61185	CHEMICAL	12.745926919	0.444853615549
13216	CHEMICAL	25.1413706604	0.752819418943
14514	CHEMICAL	21.3891505301	0.672567717045
12810	CHEMICAL	14.3160616023	0.490662616171
7519	CHEMICAL	27.45825041	0.796747810169
170833	CHEMICAL	22.3952550124	0.695191221667
8091	CHEMICAL	13.5776902884	0.469366142109
93375	CHEMICAL	16.4673671975	0.550225014933
62572	CHEMICAL	17.0094808154	0.564650257572
325	CHEMICAL	14.6921003314	0.501340888396
12580	CHEMICAL	17.3133236188	0.57263247486
6501	CHEMICAL	13.9207700367	0.479315666102
22386	CHEMICAL	29.7872643755	0.836578127429
61918	CHEMICAL	9.60738431163	0.347374639141
7151	CHEMICAL	12.7082895669	0.443731333189
8063	CHEMICAL	23.9441606223	0.728437293729
159055	CHEMICAL	26.0497235146	0.770553702509
62374	CHEMICAL	24.9577585346	0.749154456956
8078	CHEMICAL	29.8258851637	0.837202036229
62444	CHEMICAL	17.1634346272	0.568703989808
8918	CHEMICAL	14.5365089677	0.49693632152
7991	CHEMICAL	20.4857208419	0.651562930311
61138	CHEMICAL	10.7081110301	0.38245898447
379	CHEMICAL	17.8815690638	0.587362557678
6114390	CHEMICAL	11.5788433922	0.409525889967
8077	CHEMICAL	14.8207041799	0.504966858239
556940	CHEMICAL	0.263610466483	0.0105166224681
8892	CHEMICAL	16.6894113374	0.556161873182
6826	CHEMICAL	16.4917087368	0.550877766648
2346	CHEMICAL	7.75562923844	0.286165255584
6943	CHEMICAL	30.7757944176	0.85217196789
61199	CHEMICAL	12.1510365205	0.42698238541
8697	CHEMICAL	13.2485306147	0.459731799209
637776	CHEMICAL	10.790164477	0.385035519304
6057	CHEMICAL	8.40658003816	0.307994966351
14228	CHEMICAL	13.6435785261	0.471284247046
89440	CHEMICAL	21.1560227052	0.667209989527
61337	CHEMICAL	17.0086307931	0.564627823142
8193	CHEMICAL	30.6481377562	0.850202171078
241	CHEMICAL	27.9919057928	0.806257515746
176	CHEMICAL	14.7423708473	0.502759834613
61204	CHEMICAL	13.3863367626	0.463775865734
61177	CHEMICAL	17.2708845355	0.571522000365
6213	CHEMICAL	7.00045253349	0.26041556707
31249	CHEMICAL	14.0529964833	0.483125175269
8093	CHEMICAL	21.6893830927	0.679403588132
165675	CHEMICAL	27.3934688411	0.795577899585
61192	CHEMICAL	2.58192358224	0.100610411536
519539	CHEMICAL	16.2879454269	0.545398950584
565690	CHEMICAL	18.8917892157	0.612911688719
7463	CHEMICAL	24.7984113561	0.745951971929
8857	CHEMICAL	24.5302389209	0.740516508229
5363491	CHEMICAL	10.8267701204	0.38618322432
61151	CHEMICAL	19.2510526934	0.621800895814
6050	CHEMICAL	12.906798865	0.449637771823
263	CHEMICAL	21.4355411865	0.673628677076
1001	CHEMICAL	24.8133685146	0.746253437767
5541	CHEMICAL	13.6662702524	0.471944033051
6997	CHEMICAL	33.5402251561	0.891630324835
440967	CHEMICAL	25.0427302353	0.750853874357
239	CHEMICAL	9.95456708617	0.358545321097
61130	CHEMICAL	19.447277293	0.626612454077
10882	CHEMICAL	16.5798528979	0.55323750707
78925	CHEMICAL	6.04684029081	0.227247900631
