#oID	descriptor	value	sigma
23235	INTENSITY/STRENGTH	48.316858237	0.998866813522
7824	INTENSITY/STRENGTH	47.8770062817	0.998197159069
6276	INTENSITY/STRENGTH	48.6414193002	0.999261703393
14104	INTENSITY/STRENGTH	52.116666651	0.998207888915
8030	INTENSITY/STRENGTH	51.4400299142	0.999170525538
61185	INTENSITY/STRENGTH	45.4750636035	0.991809980243
13216	INTENSITY/STRENGTH	47.9055373795	0.998245290532
14514	INTENSITY/STRENGTH	50.2231842817	0.999980075511
12810	INTENSITY/STRENGTH	49.1813733901	0.999731940189
7519	INTENSITY/STRENGTH	50.596861726	0.999857502432
170833	INTENSITY/STRENGTH	49.3825498511	0.999847502125
8091	INTENSITY/STRENGTH	46.4277469477	0.994895603252
93375	INTENSITY/STRENGTH	51.3330623059	0.999289177955
62572	INTENSITY/STRENGTH	53.8356878299	0.994114999549
325	INTENSITY/STRENGTH	48.7701001178	0.999394938512
12580	INTENSITY/STRENGTH	49.5521984241	0.999919789499
22386	INTENSITY/STRENGTH	48.9720298149	0.999577310919
61918	INTENSITY/STRENGTH	55.138031888	0.989440251327
7151	INTENSITY/STRENGTH	51.8084481527	0.998691806112
159055	INTENSITY/STRENGTH	49.4702765124	0.999887757211
62374	INTENSITY/STRENGTH	55.3697337042	0.988466383978
8078	INTENSITY/STRENGTH	51.0541800077	0.999555481805
62444	INTENSITY/STRENGTH	54.0587918206	0.993410483583
8918	INTENSITY/STRENGTH	45.3268475484	0.991264658466
61138	INTENSITY/STRENGTH	46.1861768829	0.994181901293
379	INTENSITY/STRENGTH	44.2450279203	0.986752118545
6114390	INTENSITY/STRENGTH	49.08516376	0.999665229862
8077	INTENSITY/STRENGTH	47.7921012743	0.998050073287
8892	INTENSITY/STRENGTH	47.2855124219	0.997052622875
6826	INTENSITY/STRENGTH	51.7937772389	0.998712945287
2346	INTENSITY/STRENGTH	49.5625392321	0.999923451231
6943	INTENSITY/STRENGTH	52.6756505757	0.997136357599
8697	INTENSITY/STRENGTH	48.7941986807	0.999418417271
637776	INTENSITY/STRENGTH	51.6299473215	0.998937308692
6057	INTENSITY/STRENGTH	45.5461646085	0.992065340122
14228	INTENSITY/STRENGTH	45.0131864692	0.990052676324
89440	INTENSITY/STRENGTH	49.7449254163	0.999973974783
61337	INTENSITY/STRENGTH	52.3348280782	0.997819431138
8193	INTENSITY/STRENGTH	43.9232360179	0.985229175802
241	INTENSITY/STRENGTH	49.4815671566	0.999892490955
61204	INTENSITY/STRENGTH	48.2967570692	0.998839585407
61177	INTENSITY/STRENGTH	47.945878989	0.998312234749
6213	INTENSITY/STRENGTH	46.2890262545	0.994491469544
31249	INTENSITY/STRENGTH	48.2088922667	0.998716773235
8093	INTENSITY/STRENGTH	47.4781503361	0.997456109709
165675	INTENSITY/STRENGTH	47.4706872595	0.997441030824
61192	INTENSITY/STRENGTH	47.7520062169	0.99797860958
519539	INTENSITY/STRENGTH	51.67847358	0.998873090576
565690	INTENSITY/STRENGTH	48.0564938651	0.998489113561
7463	INTENSITY/STRENGTH	50.084774438	0.999997125318
8857	INTENSITY/STRENGTH	49.7540579292	0.999975804999
5363491	INTENSITY/STRENGTH	47.8631293547	0.998173513538
61151	INTENSITY/STRENGTH	51.4270896325	0.999185366072
6050	INTENSITY/STRENGTH	48.1682022249	0.998657806764
1001	INTENSITY/STRENGTH	49.6078842483	0.999938498095
5541	INTENSITY/STRENGTH	46.452204264	0.994965258166
6997	INTENSITY/STRENGTH	51.9061708988	0.998546605002
440967	INTENSITY/STRENGTH	50.9027828887	0.999673993222
239	INTENSITY/STRENGTH	51.8204983287	0.998674314334
10882	INTENSITY/STRENGTH	50.7290297722	0.999787406237
78925	INTENSITY/STRENGTH	46.9738341738	0.996336928157
23235	VALENCE/PLEASANTNESS	46.5098970584	0.995127672583
7824	VALENCE/PLEASANTNESS	46.5066466135	0.995118592847
6276	VALENCE/PLEASANTNESS	45.6357512568	0.992381333163
14104	VALENCE/PLEASANTNESS	45.3816703191	0.991468412383
8030	VALENCE/PLEASANTNESS	42.8913896879	0.979787063772
61185	VALENCE/PLEASANTNESS	46.4913036277	0.995075619907
13216	VALENCE/PLEASANTNESS	42.5772535836	0.977961134255
14514	VALENCE/PLEASANTNESS	45.4956614346	0.991884373635
12810	VALENCE/PLEASANTNESS	45.870285738	0.993178184046
7519	VALENCE/PLEASANTNESS	45.9574362175	0.993463071226
170833	VALENCE/PLEASANTNESS	44.9159198452	0.989660851592
8091	VALENCE/PLEASANTNESS	46.5270440096	0.995175430675
93375	VALENCE/PLEASANTNESS	36.5834783032	0.927998778224
62572	VALENCE/PLEASANTNESS	45.8332713743	0.993055349024
325	VALENCE/PLEASANTNESS	44.9717577196	0.989886711828
12580	VALENCE/PLEASANTNESS	45.4050818882	0.991554691018
6501	VALENCE/PLEASANTNESS	46.2677880499	0.994428237584
22386	VALENCE/PLEASANTNESS	44.5711186927	0.988210899101
61918	VALENCE/PLEASANTNESS	45.1970976159	0.990772851476
7151	VALENCE/PLEASANTNESS	45.6231200348	0.992337168708
8063	VALENCE/PLEASANTNESS	32.1593751005	0.872684841278
159055	VALENCE/PLEASANTNESS	45.0784230762	0.990311232233
62374	VALENCE/PLEASANTNESS	45.1998348511	0.990783365817
8078	VALENCE/PLEASANTNESS	41.8099443433	0.973169195336
62444	VALENCE/PLEASANTNESS	29.0690271852	0.82475775081
8918	VALENCE/PLEASANTNESS	46.4382952763	0.994925703784
7991	VALENCE/PLEASANTNESS	45.2752597139	0.991070731692
61138	VALENCE/PLEASANTNESS	44.9659643672	0.989863394099
379	VALENCE/PLEASANTNESS	45.6763705485	0.992522491346
6114390	VALENCE/PLEASANTNESS	46.2897734414	0.994493687554
8077	VALENCE/PLEASANTNESS	34.7737358786	0.907264352362
556940	VALENCE/PLEASANTNESS	28.6608405826	0.817856110144
8892	VALENCE/PLEASANTNESS	45.606096115	0.99227744346
6826	VALENCE/PLEASANTNESS	46.0594700226	0.993788889399
2346	VALENCE/PLEASANTNESS	28.5739140103	0.816369135665
6943	VALENCE/PLEASANTNESS	44.8805705013	0.989516576643
61199	VALENCE/PLEASANTNESS	45.1037932779	0.990410863894
8697	VALENCE/PLEASANTNESS	45.3424004623	0.991322706619
637776	VALENCE/PLEASANTNESS	46.2859783198	0.994482417184
6057	VALENCE/PLEASANTNESS	45.0029484618	0.99001179037
14228	VALENCE/PLEASANTNESS	46.3808806736	0.994760790121
89440	VALENCE/PLEASANTNESS	45.7901033812	0.992910708184
61337	VALENCE/PLEASANTNESS	45.9895684005	0.993566575354
8193	VALENCE/PLEASANTNESS	44.9327433083	0.989729163848
241	VALENCE/PLEASANTNESS	45.3442040897	0.991329425777
176	VALENCE/PLEASANTNESS	44.5101894023	0.987944791841
61204	VALENCE/PLEASANTNESS	46.0066136266	0.993621146109
61177	VALENCE/PLEASANTNESS	46.5231143113	0.995164506363
6213	VALENCE/PLEASANTNESS	40.6065764246	0.964705437413
31249	VALENCE/PLEASANTNESS	46.662848558	0.995545368101
8093	VALENCE/PLEASANTNESS	46.3131330972	0.994562804976
165675	VALENCE/PLEASANTNESS	44.077189165	0.985968124725
61192	VALENCE/PLEASANTNESS	41.7119343431	0.972523187067
519539	VALENCE/PLEASANTNESS	31.2438308201	0.859282447078
565690	VALENCE/PLEASANTNESS	45.4895120784	0.991862199484
7463	VALENCE/PLEASANTNESS	44.9762356413	0.989904716667
8857	VALENCE/PLEASANTNESS	46.3622890907	0.994706823736
5363491	VALENCE/PLEASANTNESS	46.4879348074	0.995066159233
61151	VALENCE/PLEASANTNESS	46.0872036189	0.993876009792
6050	VALENCE/PLEASANTNESS	46.1782938078	0.994157824712
263	VALENCE/PLEASANTNESS	45.2783179288	0.991082287367
1001	VALENCE/PLEASANTNESS	45.802872045	0.992953646772
5541	VALENCE/PLEASANTNESS	46.309794612	0.994552953678
6997	VALENCE/PLEASANTNESS	45.1995829972	0.99078239864
440967	VALENCE/PLEASANTNESS	44.8159792215	0.989250371427
239	VALENCE/PLEASANTNESS	44.6414674804	0.988514451695
61130	VALENCE/PLEASANTNESS	36.9566664596	0.931948580062
10882	VALENCE/PLEASANTNESS	46.7204946074	0.995697937752
78925	VALENCE/PLEASANTNESS	38.6724310731	0.948674472883
23235	BAKERY	3.3524080718	0.12960086692
7824	BAKERY	3.03773726026	0.117818351346
6276	BAKERY	2.84683252563	0.110631518854
14104	BAKERY	5.56465117885	0.210199910057
8030	BAKERY	3.77804750325	0.145412442955
61185	BAKERY	2.87403127809	0.111657228809
13216	BAKERY	3.5273488676	0.13611707869
14514	BAKERY	4.25121668643	0.162819530131
12810	BAKERY	3.18809542851	0.123458236156
7519	BAKERY	4.23923010049	0.162380775282
170833	BAKERY	3.29753279274	0.127551822702
8091	BAKERY	2.89108172569	0.11229992761
93375	BAKERY	3.85441543957	0.14823401023
62572	BAKERY	3.34266993962	0.129237420655
325	BAKERY	4.02689055213	0.154589283078
12580	BAKERY	4.45682095034	0.17032753682
6501	BAKERY	3.73272148724	0.143735575609
22386	BAKERY	2.96637849995	0.115135379436
61918	BAKERY	3.88155487942	0.149235607864
7151	BAKERY	4.07153365275	0.156230391596
8063	BAKERY	3.33548901638	0.128969365864
159055	BAKERY	3.39370939443	0.131141470396
62374	BAKERY	3.7978379183	0.14614408759
8078	BAKERY	3.19777289888	0.12382061535
62444	BAKERY	3.05605342043	0.118506351814
8918	BAKERY	2.85239307517	0.110841264505
7991	BAKERY	3.05775033072	0.118570078395
61138	BAKERY	3.15049293924	0.122049475266
379	BAKERY	2.83813034361	0.110303220205
6114390	BAKERY	4.71477998823	0.179699539394
8077	BAKERY	2.96910774162	0.115238069352
556940	BAKERY	3.662355215	0.141129070312
8892	BAKERY	2.98990977846	0.116020566945
6826	BAKERY	4.16590900188	0.15969444095
2346	BAKERY	3.34684334308	0.129393189578
6943	BAKERY	4.66341477201	0.177837615946
61199	BAKERY	9.9229303246	0.357531394493
8697	BAKERY	2.99130527193	0.116073047985
637776	BAKERY	7.0814369401	0.263198777949
6057	BAKERY	5.80458992674	0.218706291383
14228	BAKERY	2.86211854026	0.111208052595
89440	BAKERY	3.72401321617	0.143413218873
61337	BAKERY	3.90495791794	0.150098838181
8193	BAKERY	2.66921548089	0.103918734722
241	BAKERY	3.39494943389	0.131187704692
176	BAKERY	3.31808446747	0.128319504886
61204	BAKERY	3.10048202335	0.120174085423
61177	BAKERY	3.19210546569	0.123608403706
6213	BAKERY	3.36081774005	0.129914671249
31249	BAKERY	3.19974270565	0.123894366873
8093	BAKERY	2.91156658361	0.113071775356
165675	BAKERY	3.21644773618	0.124519695031
61192	BAKERY	3.55527283907	0.137154927579
519539	BAKERY	3.60922640681	0.13915845017
565690	BAKERY	3.19247177586	0.123622120618
7463	BAKERY	3.84483073143	0.147880139916
8857	BAKERY	3.41365382746	0.131884940117
5363491	BAKERY	3.30047291503	0.127661668016
61151	BAKERY	4.88738960985	0.185940953515
6050	BAKERY	3.05262401811	0.118377555366
263	BAKERY	2.92537743432	0.11359196412
1001	BAKERY	3.33455717389	0.128934578337
5541	BAKERY	3.16126290965	0.122453083112
6997	BAKERY	5.2648728415	0.199507359245
440967	BAKERY	3.44958865408	0.13322368141
239	BAKERY	3.06388924498	0.118800602877
61130	BAKERY	3.96339661245	0.152252459415
10882	BAKERY	3.16117976197	0.122449967484
78925	BAKERY	2.98736561804	0.115924883387
23235	SWEET	15.7191309241	0.529928806162
7824	SWEET	17.3529189581	0.573667239777
6276	SWEET	14.6077663477	0.498955918841
14104	SWEET	14.6478273479	0.50008955551
8030	SWEET	12.8992532789	0.449413837095
61185	SWEET	15.9766997795	0.536966016841
13216	SWEET	11.56501982	0.409100919426
14514	SWEET	14.4667909881	0.494956422928
12810	SWEET	17.9504964241	0.589131728216
7519	SWEET	13.8488655146	0.477238190168
170833	SWEET	13.5100058062	0.467392129494
8091	SWEET	18.3478759624	0.599257217562
93375	SWEET	13.8843401217	0.478263644623
62572	SWEET	19.1284458376	0.618778857438
325	SWEET	13.59353742	0.469827792964
12580	SWEET	14.8441707247	0.505627067187
6501	SWEET	16.4925147156	0.550899371967
22386	SWEET	15.8543121634	0.533628800865
61918	SWEET	14.0870026321	0.48410264802
7151	SWEET	14.166204715	0.486375646188
8063	SWEET	15.7099149688	0.52967602742
159055	SWEET	13.5891609894	0.469700321017
62374	SWEET	13.8347888208	0.476831000144
8078	SWEET	10.8365705523	0.386490317558
62444	SWEET	16.0018001971	0.537648964065
8918	SWEET	16.2375994735	0.544040124274
7991	SWEET	16.3996335651	0.548406150177
61138	SWEET	14.0146745713	0.482022541515
379	SWEET	18.6181461746	0.606071700194
6114390	SWEET	15.5444493883	0.525126012818
8077	SWEET	13.8108372373	0.476137799413
556940	SWEET	16.5310685974	0.551932252308
8892	SWEET	15.9352828546	0.535838018322
6826	SWEET	14.7182367679	0.502078873293
2346	SWEET	18.6983228112	0.608082002067
6943	SWEET	13.8875500337	0.478356382974
61199	SWEET	15.0510868012	0.51142938649
8697	SWEET	17.4583256868	0.576415773157
637776	SWEET	17.4283122455	0.57563406273
6057	SWEET	19.9881029559	0.639714414325
14228	SWEET	15.9526505352	0.536311197767
89440	SWEET	16.1387577674	0.541366509786
61337	SWEET	17.8764400706	0.587230758984
8193	SWEET	13.3210385775	0.461861515585
241	SWEET	12.8241877818	0.447183594367
176	SWEET	13.6386250357	0.471140164281
61204	SWEET	16.1755440449	0.542362471737
61177	SWEET	17.636012706	0.581028930574
6213	SWEET	13.6601485374	0.471766078271
31249	SWEET	17.7209791682	0.583225925656
8093	SWEET	16.358835595	0.54730882299
165675	SWEET	12.5186517233	0.438059412546
61192	SWEET	16.5470116673	0.552359028644
519539	SWEET	12.9771883657	0.451724567476
565690	SWEET	18.4317589637	0.60137846315
7463	SWEET	13.2535741752	0.459880075642
8857	SWEET	19.2992540705	0.622985679748
5363491	SWEET	18.8071314302	0.610801980154
61151	SWEET	14.9739147974	0.509269342151
6050	SWEET	16.5357695624	0.552058112489
263	SWEET	14.7606291893	0.503274697946
1001	SWEET	13.2366988785	0.459383876261
5541	SWEET	15.9347136315	0.535822505853
6997	SWEET	15.1654279833	0.514621036965
440967	SWEET	13.11320784	0.455745825659
239	SWEET	13.8717886884	0.477900938969
61130	SWEET	14.228568114	0.488161864331
10882	SWEET	20.8809906848	0.6608333186
78925	SWEET	12.0714940222	0.424571373716
23235	FRUIT	7.71340554265	0.28473757168
7824	FRUIT	16.3969586779	0.548334245562
6276	FRUIT	8.48713461117	0.310672802884
14104	FRUIT	4.46732166304	0.170710081385
8030	FRUIT	3.55985251273	0.137325080544
61185	FRUIT	10.8245030994	0.386112177037
13216	FRUIT	3.78666234872	0.145730969252
14514	FRUIT	5.01159168704	0.190417246986
12810	FRUIT	8.43538151492	0.308952996076
7519	FRUIT	5.28149649243	0.200102177617
170833	FRUIT	5.42584776316	0.205257980947
8091	FRUIT	13.5353680681	0.46813224723
93375	FRUIT	4.92326711073	0.187235260812
62572	FRUIT	9.7585124236	0.352249071055
325	FRUIT	4.35791522365	0.166720038908
12580	FRUIT	4.65668963102	0.177593681913
6501	FRUIT	6.55973258641	0.245177266814
22386	FRUIT	5.82821669957	0.219541424024
61918	FRUIT	5.28125932569	0.200093693002
7151	FRUIT	5.00610304863	0.190219694852
8063	FRUIT	7.36140265332	0.272780006523
159055	FRUIT	5.17126550839	0.196153825552
62374	FRUIT	4.8413332017	0.1842779252
8078	FRUIT	3.45666937747	0.133487349825
62444	FRUIT	7.84804752031	0.28928516086
8918	FRUIT	9.22760087177	0.335044587731
7991	FRUIT	9.02309247892	0.328357220004
61138	FRUIT	6.14944102974	0.230851391198
379	FRUIT	12.3575367821	0.433217985157
6114390	FRUIT	5.18852597873	0.196772718416
8077	FRUIT	6.21145844435	0.233025451372
556940	FRUIT	8.55974219154	0.313082013107
8892	FRUIT	12.3539987488	0.433111435917
6826	FRUIT	5.23949923444	0.198599028487
2346	FRUIT	6.56458939577	0.245346042257
6943	FRUIT	4.37264641338	0.167257841873
61199	FRUIT	5.0444024555	0.191597699767
8697	FRUIT	8.99262980439	0.327358235856
637776	FRUIT	5.10552473385	0.193794436231
6057	FRUIT	7.17285825242	0.266334371893
14228	FRUIT	10.2993578759	0.369543605974
89440	FRUIT	6.33063957708	0.237194784101
61337	FRUIT	7.14337639002	0.265323925101
8193	FRUIT	6.2272538988	0.233578679504
241	FRUIT	3.98349033234	0.152992335202
176	FRUIT	5.45175668297	0.206181606947
61204	FRUIT	7.48842406107	0.277106364475
61177	FRUIT	10.1743036024	0.365565562579
6213	FRUIT	5.52758563769	0.208881744315
31249	FRUIT	11.5517476845	0.408692757555
8093	FRUIT	12.1992686582	0.42844188401
165675	FRUIT	5.06136110689	0.192207493774
61192	FRUIT	7.23230149108	0.2683695857
519539	FRUIT	4.84445377111	0.184390657908
565690	FRUIT	8.773426525	0.320147855804
7463	FRUIT	4.29025633072	0.164247733475
8857	FRUIT	9.53562775936	0.345053831669
5363491	FRUIT	9.19216495115	0.33388823945
61151	FRUIT	5.17561482258	0.196309797387
6050	FRUIT	8.31624674511	0.304985885834
263	FRUIT	6.97569068244	0.259563523099
1001	FRUIT	5.03191039483	0.191148366904
5541	FRUIT	7.13878796741	0.265166601239
6997	FRUIT	4.50804986763	0.172192989262
440967	FRUIT	5.11416536792	0.194104739753
239	FRUIT	6.10075535431	0.229142527815
61130	FRUIT	5.16748836344	0.196018360143
10882	FRUIT	20.267091022	0.646381649483
78925	FRUIT	4.94760970583	0.188112851513
23235	FISH	0.994101375446	0.03936876
7824	FISH	1.01268047241	0.0400970102007
6276	FISH	1.02846369019	0.0407154525827
14104	FISH	1.12363599861	0.0444404168013
8030	FISH	4.15763260408	0.159390940615
61185	FISH	0.97459008214	0.0386036729543
13216	FISH	1.76387531041	0.0693105099721
14514	FISH	1.04040766778	0.041183327465
12810	FISH	1.04522456338	0.0413719847802
7519	FISH	1.08127334433	0.0427832729553
170833	FISH	1.15552633876	0.0456869571027
8091	FISH	0.974235213832	0.0385897548525
93375	FISH	1.13846579413	0.0450201900194
62572	FISH	1.06721535377	0.0422330347061
325	FISH	1.09550526808	0.0433401580064
12580	FISH	1.07301135633	0.0424599129048
6501	FISH	1.02673958573	0.0406479057583
22386	FISH	1.0955523543	0.0433420001874
61918	FISH	1.0463984132	0.0414179566722
7151	FISH	1.04662225051	0.0414267227665
8063	FISH	1.77964207184	0.0699188325121
159055	FISH	1.08276257931	0.0428415532513
62374	FISH	1.07226796098	0.0424308150072
8078	FISH	2.53327743942	0.0987640997427
62444	FISH	5.43582555411	0.205613742382
8918	FISH	0.933533449082	0.036992744083
7991	FISH	1.09497559916	0.0433194353415
61138	FISH	1.13677992341	0.0449542894987
379	FISH	0.982431542394	0.0389111930016
6114390	FISH	1.05148691424	0.0416172266775
8077	FISH	5.97439338631	0.224698384919
556940	FISH	4.98949293437	0.189621701478
8892	FISH	1.03897911932	0.0411273737285
6826	FISH	1.03722411889	0.0410586312064
2346	FISH	4.84547182992	0.184427434295
6943	FISH	1.0814332737	0.0427895317778
61199	FISH	1.06412048557	0.0421118784597
8697	FISH	1.04827607217	0.0414914897973
637776	FISH	1.08415266527	0.0428959518101
6057	FISH	1.08806301686	0.0430489682229
14228	FISH	0.977898410402	0.0387334222956
89440	FISH	1.03082120573	0.040807811286
61337	FISH	1.08787677098	0.0430416804916
8193	FISH	0.908868979669	0.0360243420579
241	FISH	1.14689958346	0.0453498318767
176	FISH	1.03671537051	0.0410387033167
61204	FISH	1.01743142912	0.0402831904795
61177	FISH	1.06431819776	0.04211961862
6213	FISH	4.39630331961	0.168121139633
31249	FISH	1.03970364904	0.0411557524905
8093	FISH	0.976386893289	0.0386741431854
165675	FISH	1.18627610417	0.0468881437688
61192	FISH	4.05581155547	0.155652619269
519539	FISH	3.86258810057	0.148535689289
565690	FISH	1.10386416764	0.0436671602654
7463	FISH	1.1122368688	0.043994646411
8857	FISH	1.00926306329	0.0399630777591
5363491	FISH	1.05498198919	0.0417540847688
61151	FISH	1.053208997	0.0416846602035
6050	FISH	1.04055318584	0.0411890270606
263	FISH	1.0888745211	0.043080721755
1001	FISH	1.06422302796	0.0421158928572
5541	FISH	1.03416542498	0.0409388177487
6997	FISH	1.07987374292	0.0427284987967
440967	FISH	1.17275823825	0.0463601847758
239	FISH	1.08572176751	0.0429573539978
61130	FISH	1.10979966782	0.0438993245917
10882	FISH	1.02068887348	0.0404108326286
78925	FISH	6.01399955944	0.226092706097
23235	GARLIC	2.17014625928	0.0849220364566
7824	GARLIC	2.24713133965	0.0878654138829
6276	GARLIC	2.26673082777	0.0886140056525
14104	GARLIC	2.22836853252	0.0871484907741
8030	GARLIC	6.40496096626	0.239789028659
61185	GARLIC	2.2569592058	0.0882408222892
13216	GARLIC	3.70159987671	0.142583258409
14514	GARLIC	2.23378910188	0.0873556385745
12810	GARLIC	2.50856133219	0.0978253013047
7519	GARLIC	2.15844586861	0.0844742793175
170833	GARLIC	2.73145753767	0.106273957395
8091	GARLIC	2.25394795651	0.0881258057042
93375	GARLIC	2.46181834774	0.0960485140785
62572	GARLIC	2.32607384131	0.0908787058463
325	GARLIC	2.26635607813	0.088599695176
12580	GARLIC	2.17689655949	0.0851803109273
6501	GARLIC	2.18816865032	0.0856115131959
22386	GARLIC	2.35833422283	0.0921086727906
61918	GARLIC	2.32434854862	0.0908129034745
7151	GARLIC	2.29660042384	0.0897542675507
8063	GARLIC	2.26438350643	0.0885243671916
159055	GARLIC	2.60945967069	0.101654674918
62374	GARLIC	2.28011649682	0.0891250873771
8078	GARLIC	3.43350795465	0.132624727436
62444	GARLIC	10.0025018674	0.360080057253
8918	GARLIC	2.25830940745	0.0882923917461
7991	GARLIC	2.34001417791	0.0914103005751
61138	GARLIC	2.47244415088	0.0964525740037
379	GARLIC	2.30088419914	0.0899177407265
6114390	GARLIC	2.20055416314	0.0860851910756
8077	GARLIC	12.2873781348	0.43110326082
556940	GARLIC	8.91950393813	0.324957137324
8892	GARLIC	2.30270493908	0.0899872175485
6826	GARLIC	2.18850323678	0.0856243109041
2346	GARLIC	7.01788111925	0.261014982608
6943	GARLIC	2.19982573501	0.0860573360945
61199	GARLIC	2.2937149829	0.089644147947
8697	GARLIC	2.30896112153	0.0902259242771
637776	GARLIC	2.20744163102	0.086348545819
6057	GARLIC	2.2985935858	0.089830330443
14228	GARLIC	2.2635227037	0.0884914941359
89440	GARLIC	2.26020622288	0.0883648360474
61337	GARLIC	2.29816334111	0.0898139117473
8193	GARLIC	2.30285629449	0.0899929929344
241	GARLIC	2.30800366601	0.0901893942713
176	GARLIC	2.48033623756	0.096752622362
61204	GARLIC	2.43763040828	0.0951283995284
61177	GARLIC	2.22884004409	0.0871665105869
6213	GARLIC	7.20515641911	0.267440545155
31249	GARLIC	2.27041129901	0.0887545449736
8093	GARLIC	2.24555619921	0.087805238911
165675	GARLIC	2.69065363966	0.104730298783
61192	GARLIC	7.36410471923	0.272872173443
519539	GARLIC	6.89860070724	0.256907751602
565690	GARLIC	2.471133693	0.0964027470286
7463	GARLIC	2.22420534557	0.0869893780549
8857	GARLIC	2.27589128036	0.0889637787665
5363491	GARLIC	2.32250231352	0.0907424857424
61151	GARLIC	2.18894477511	0.0856411993129
6050	GARLIC	2.31782700539	0.0905641514048
263	GARLIC	2.31708746464	0.0905359408581
1001	GARLIC	2.15128081558	0.0842000289641
5541	GARLIC	2.34015967084	0.0914158479194
6997	GARLIC	2.16473761507	0.0847150690258
440967	GARLIC	2.60864273481	0.101623702625
239	GARLIC	2.47887121443	0.096696927578
61130	GARLIC	2.31959313178	0.0906315203526
10882	GARLIC	2.22627509895	0.0870684836314
78925	GARLIC	11.5713207785	0.409294645317
23235	SPICES	5.91650917673	0.222658334734
7824	SPICES	5.42571650896	0.205253300504
6276	SPICES	5.35804322286	0.202838278043
14104	SPICES	11.3680273861	0.403028276784
8030	SPICES	7.40373504158	0.274223284637
61185	SPICES	5.13249504036	0.194762799479
13216	SPICES	7.07419979963	0.262950270863
14514	SPICES	7.4280361202	0.275051156567
12810	SPICES	5.64711915422	0.213128784272
7519	SPICES	7.09458132439	0.263650019308
170833	SPICES	6.33274445038	0.237268317106
8091	SPICES	5.25672379577	0.199215693805
93375	SPICES	6.56349286887	0.245307939299
62572	SPICES	5.7654612541	0.217322232775
325	SPICES	9.62392301639	0.347908962966
12580	SPICES	7.19864117082	0.26721747295
6501	SPICES	6.42029867186	0.24032385286
22386	SPICES	5.820147881	0.219256266697
61918	SPICES	6.44361654635	0.241136584175
7151	SPICES	6.66543419669	0.248846162656
8063	SPICES	5.40229580632	0.204417912261
159055	SPICES	6.40048044692	0.239632757896
62374	SPICES	6.89598239439	0.256817466502
8078	SPICES	6.56030745803	0.245197244744
62444	SPICES	5.59612192143	0.211318244633
8918	SPICES	5.17030106766	0.196119237454
7991	SPICES	5.40361632013	0.204465025071
61138	SPICES	5.75782784293	0.21705208113
379	SPICES	5.16954783076	0.196092223321
6114390	SPICES	7.27223464867	0.269735227233
8077	SPICES	5.63118022398	0.212563132673
556940	SPICES	6.01581733662	0.226156670174
8892	SPICES	5.32864166483	0.201787897796
6826	SPICES	7.03892558758	0.261738434132
2346	SPICES	6.81328890297	0.253963193849
6943	SPICES	10.4487277642	0.374278745813
61199	SPICES	6.73755507663	0.251344343701
8697	SPICES	5.4838191722	0.207323857802
637776	SPICES	8.44933876717	0.309417020446
6057	SPICES	7.02444301005	0.261240600561
14228	SPICES	5.11239607263	0.194041205464
89440	SPICES	6.76456076433	0.252278717639
61337	SPICES	6.59039035385	0.246242316148
8193	SPICES	4.86924608054	0.185286020265
241	SPICES	7.04679511037	0.262008875884
176	SPICES	5.85475939516	0.220479092776
61204	SPICES	5.53018172787	0.208974105137
61177	SPICES	5.25065275701	0.19899836853
6213	SPICES	5.90162079007	0.222133180423
31249	SPICES	5.45741499158	0.206383248307
8093	SPICES	5.3227294447	0.201576598291
165675	SPICES	6.64432717585	0.248114253586
61192	SPICES	6.25915391711	0.234695353581
519539	SPICES	6.60143781287	0.246625920036
565690	SPICES	6.09690192844	0.229007191888
7463	SPICES	10.9736816975	0.390778591901
8857	SPICES	5.80080233375	0.218572370264
5363491	SPICES	6.85209768741	0.255303410409
61151	SPICES	7.42149792806	0.274828464524
6050	SPICES	5.38938320823	0.203957147783
263	SPICES	5.47879261923	0.207144837343
1001	SPICES	6.65732339305	0.248564953818
5541	SPICES	5.76003973967	0.217130366466
6997	SPICES	7.77267028893	0.286741050189
440967	SPICES	6.57970858935	0.245871317526
239	SPICES	5.51107300138	0.208294149805
61130	SPICES	6.52824318747	0.244082543853
10882	SPICES	5.35912064952	0.202876756326
78925	SPICES	6.05792116538	0.227637483077
23235	COLD	4.80012456065	0.182788504107
7824	COLD	4.79984605357	0.182778433288
6276	COLD	5.05050894101	0.191817301415
14104	COLD	4.78199276284	0.1821327286
8030	COLD	4.46752644227	0.170717540686
61185	COLD	4.94305403192	0.187948648012
13216	COLD	5.91008560798	0.222431779562
14514	COLD	4.697021089	0.179056040716
12810	COLD	5.05940385618	0.192137127295
7519	COLD	4.70552882877	0.179364352527
170833	COLD	5.43616385427	0.20562580319
8091	COLD	4.91049325222	0.186774552497
93375	COLD	5.14593762555	0.195245235404
62572	COLD	4.59451612008	0.175336813452
325	COLD	4.74844351667	0.180918654334
12580	COLD	4.73066191236	0.180274811643
6501	COLD	4.70164017219	0.179223438764
22386	COLD	4.86705076424	0.185206757313
61918	COLD	4.39911521298	0.168223722656
7151	COLD	4.24854456872	0.162721730368
8063	COLD	4.84540669003	0.184425081204
159055	COLD	6.65233223711	0.248391879807
62374	COLD	5.16794552975	0.196034756791
8078	COLD	6.64620392709	0.248179346427
62444	COLD	4.43676334563	0.169596586231
8918	COLD	5.03717607063	0.191337785719
7991	COLD	4.6032157875	0.175652793266
61138	COLD	4.46504200973	0.17062704033
379	COLD	4.85032886533	0.184602878572
6114390	COLD	4.57577857133	0.17465604304
8077	COLD	4.63897107502	0.176950821947
556940	COLD	4.29509060842	0.164424503003
8892	COLD	4.71425430594	0.179680494773
6826	COLD	4.46154120599	0.170499508266
2346	COLD	4.36995962919	0.167159766303
6943	COLD	4.76555160707	0.181537871435
61199	COLD	4.61396487269	0.176043126169
8697	COLD	4.79568024736	0.18262779028
637776	COLD	4.65513359754	0.177537236377
6057	COLD	4.25089594535	0.162807791279
14228	COLD	4.93953417375	0.187821767809
89440	COLD	5.28008953111	0.200051843062
61337	COLD	4.44131375973	0.169762443224
8193	COLD	5.17900236206	0.196431268296
241	COLD	4.69815684005	0.179097202525
176	COLD	4.44496302759	0.169895442577
61204	COLD	5.10897454	0.19391833326
61177	COLD	4.8861365763	0.185895730795
6213	COLD	6.14829067862	0.230811035837
31249	COLD	4.62273491947	0.176361525525
8093	COLD	5.08334735519	0.192997726074
165675	COLD	5.22952396561	0.198241790262
61192	COLD	4.21665327666	0.161554065124
519539	COLD	4.48850983728	0.171481705267
565690	COLD	4.9903679958	0.189653210739
7463	COLD	5.02837496424	0.191021176657
8857	COLD	4.70823333988	0.179462349122
5363491	COLD	4.77661551749	0.181938198379
61151	COLD	4.55814717891	0.174015204875
6050	COLD	4.72956445358	0.180235066175
263	COLD	4.92792644518	0.187403274187
1001	COLD	4.55839999947	0.174024395757
5541	COLD	4.63551632236	0.176825448265
6997	COLD	4.74462793084	0.180780519553
440967	COLD	5.88556568818	0.221566674139
239	COLD	4.14745747343	0.15901773754
61130	COLD	5.41499913021	0.204871078976
10882	COLD	4.78132426609	0.182108545949
78925	COLD	4.26603524017	0.163361786939
23235	SOUR	7.9115497188	0.291424941171
7824	SOUR	8.95489385945	0.326119704764
6276	SOUR	8.63763599962	0.31566193772
14104	SOUR	7.67995339108	0.283605462007
8030	SOUR	7.77485470731	0.286814842004
61185	SOUR	8.44196522871	0.309171898379
13216	SOUR	7.63147780341	0.281963330751
14514	SOUR	8.94327327202	0.325738076154
12810	SOUR	8.07964606912	0.297073570524
7519	SOUR	7.6505990543	0.282611295816
170833	SOUR	8.25820715142	0.303049091914
8091	SOUR	8.57373334732	0.313545772489
93375	SOUR	11.55771333	0.408876238232
62572	SOUR	9.36747009114	0.339599005282
325	SOUR	7.6974921996	0.284199133519
12580	SOUR	7.73670263638	0.285525478382
6501	SOUR	7.97529390684	0.293569631113
22386	SOUR	8.88815076195	0.323926340891
61918	SOUR	8.2452183043	0.302615282218
7151	SOUR	8.20291658295	0.301201527131
8063	SOUR	13.773057458	0.475043453624
159055	SOUR	7.83078798639	0.288703023261
62374	SOUR	7.42169989593	0.274835344099
8078	SOUR	7.16412874019	0.266035253365
62444	SOUR	9.86546268014	0.355687565648
8918	SOUR	8.27251950215	0.303526948521
7991	SOUR	13.3715413484	0.463342406724
61138	SOUR	16.5339356971	0.552009016031
379	SOUR	11.8564907583	0.418029081091
6114390	SOUR	7.80278671839	0.287758076506
8077	SOUR	9.91129396128	0.357158259256
556940	SOUR	9.07143190226	0.329940925388
8892	SOUR	12.5780834485	0.439840064644
6826	SOUR	7.90383163033	0.291165043437
2346	SOUR	7.21536393376	0.267789966672
6943	SOUR	7.58345086173	0.28033454368
61199	SOUR	8.62695815645	0.315308563445
8697	SOUR	12.0895785303	0.425119977595
637776	SOUR	7.79533517064	0.287506506657
6057	SOUR	8.01064489712	0.294757623218
14228	SOUR	8.42845373894	0.308722616586
89440	SOUR	7.07866030302	0.263103439447
61337	SOUR	9.12150604973	0.331579492943
8193	SOUR	8.17978111097	0.30042771683
241	SOUR	7.37580042419	0.273271044208
176	SOUR	14.2639826675	0.489174826086
61204	SOUR	8.03853537651	0.29569419466
61177	SOUR	8.41808497733	0.308377737219
6213	SOUR	10.1584205919	0.365059420109
31249	SOUR	9.2139284629	0.334598547428
8093	SOUR	8.1861710474	0.300641483329
165675	SOUR	8.12860035006	0.298714356542
61192	SOUR	9.0491462653	0.32921103136
519539	SOUR	8.4462310417	0.309313714144
565690	SOUR	8.05971881092	0.296405125512
7463	SOUR	7.55931096751	0.279515165779
8857	SOUR	9.87681369647	0.356051968341
5363491	SOUR	9.11718694448	0.331438238667
61151	SOUR	8.03456373714	0.295560863707
6050	SOUR	9.0051663303	0.327769444958
263	SOUR	8.8669071085	0.323227467672
1001	SOUR	7.48697729231	0.277057160102
5541	SOUR	9.37317049612	0.339784289785
6997	SOUR	7.62630906736	0.281788126698
440967	SOUR	7.51596826859	0.278042819138
239	SOUR	13.8209337181	0.476430065189
61130	SOUR	10.9144571779	0.388928136922
10882	SOUR	9.03048846982	0.328599649991
78925	SOUR	10.4213846592	0.37341328308
23235	BURNT	5.03672878153	0.191321696534
7824	BURNT	4.60477098811	0.175709273183
6276	BURNT	4.7916553815	0.182482230742
14104	BURNT	5.90190770222	0.222143302279
8030	BURNT	6.67071232041	0.249029131672
61185	BURNT	7.65519485833	0.282766991006
13216	BURNT	6.37899983021	0.238883337675
14514	BURNT	5.73103325751	0.216103433421
12810	BURNT	5.60384478203	0.211592560745
7519	BURNT	5.72881534242	0.216024883606
170833	BURNT	5.58015149565	0.21075082354
8091	BURNT	4.62119630061	0.176305669925
93375	BURNT	6.56791087343	0.245461453641
62572	BURNT	4.72876731713	0.180206196549
325	BURNT	5.77476809047	0.217651545019
12580	BURNT	5.77305344263	0.217590879285
6501	BURNT	5.2596624632	0.199320878837
22386	BURNT	4.95091512054	0.188231980609
61918	BURNT	5.79253739452	0.218280099994
7151	BURNT	5.77698068496	0.217729825065
8063	BURNT	4.79245706004	0.182511224533
159055	BURNT	6.03464325842	0.226818962634
62374	BURNT	6.33012492465	0.237176804361
8078	BURNT	5.95298424567	0.223944161255
62444	BURNT	8.66192482233	0.316465416242
8918	BURNT	4.57638140162	0.174677949372
7991	BURNT	4.79464308973	0.182590282646
61138	BURNT	4.84152777763	0.184284954617
379	BURNT	4.76923397147	0.181671121789
6114390	BURNT	5.33929589128	0.202168603405
8077	BURNT	4.92216172945	0.187195398742
556940	BURNT	7.51069472594	0.277863574931
8892	BURNT	4.75426124436	0.181129249783
6826	BURNT	5.52442208569	0.208769187675
2346	BURNT	6.77976126267	0.252804385395
6943	BURNT	5.93996565708	0.22348534948
61199	BURNT	5.86831244072	0.220957661268
8697	BURNT	4.79428349343	0.182577278051
637776	BURNT	5.75005030005	0.216776780621
6057	BURNT	5.77198898634	0.21755321671
14228	BURNT	7.69233353066	0.284024543168
89440	BURNT	5.64080502739	0.212904728553
61337	BURNT	5.37717278398	0.2035213165
8193	BURNT	4.85246528085	0.184680043513
241	BURNT	6.07404555974	0.228204210605
176	BURNT	5.14450660517	0.195193884923
61204	BURNT	5.47641778154	0.207060250574
61177	BURNT	4.64938313079	0.177328619833
6213	BURNT	5.24450780661	0.198778367411
31249	BURNT	4.54362228086	0.173487089862
8093	BURNT	4.65101696652	0.177387895132
165675	BURNT	5.72562389744	0.215911848291
61192	BURNT	5.32665538367	0.201716912316
519539	BURNT	6.45800759128	0.241637958832
565690	BURNT	5.1114859081	0.194008521048
7463	BURNT	5.91635575585	0.222652924062
8857	BURNT	4.65391752857	0.177493121798
5363491	BURNT	4.65450547727	0.177514450596
61151	BURNT	5.59489924157	0.211274810654
6050	BURNT	7.07422863721	0.262951261164
263	BURNT	4.83752116185	0.184140202077
1001	BURNT	5.69397821456	0.214790573419
5541	BURNT	4.69312314615	0.1789147639
6997	BURNT	5.94530600593	0.223673574836
440967	BURNT	6.05795938456	0.227638826621
239	BURNT	4.90518144514	0.186582935802
61130	BURNT	5.70574963537	0.215207753854
10882	BURNT	4.4756499077	0.17101341947
78925	BURNT	5.32185311047	0.201545276207
23235	ACID	6.12857012803	0.230119056395
7824	ACID	6.05006643495	0.227361335851
6276	ACID	7.02367507536	0.261214198389
14104	ACID	6.49157259973	0.242806698062
8030	ACID	6.40486473988	0.239785672661
61185	ACID	5.60873806953	0.211766345688
13216	ACID	7.39750351067	0.274010917151
14514	ACID	6.88793584782	0.256539969815
12810	ACID	6.53754000503	0.244405828474
7519	ACID	6.69071433303	0.249722310007
170833	ACID	6.9014083798	0.257004560142
8091	ACID	6.04323081178	0.227120977013
93375	ACID	6.58609013386	0.246092972054
62572	ACID	7.10334750348	0.263950881837
325	ACID	6.70558142575	0.250237328127
12580	ACID	6.72346431403	0.250856583608
6501	ACID	5.78409782319	0.217981597876
22386	ACID	7.11624436621	0.264393401097
61918	ACID	6.80641941735	0.25372583858
7151	ACID	6.8638645387	0.255709526986
8063	ACID	6.89653218917	0.256836425072
159055	ACID	7.06133462126	0.262508406197
62374	ACID	6.719032998	0.250703158149
8078	ACID	7.93459421411	0.292200654427
62444	ACID	6.95328789897	0.258792230917
8918	ACID	6.15368639604	0.231000313337
7991	ACID	6.99713858559	0.260301564069
61138	ACID	6.66661899633	0.248887236316
379	ACID	6.60595724736	0.246782821433
6114390	ACID	4.52978620242	0.172983862881
8077	ACID	7.00361251402	0.260524265262
556940	ACID	7.38963398345	0.273742683174
8892	ACID	6.57953219423	0.245865190211
6826	ACID	6.81618627752	0.254063292953
2346	ACID	6.59658102302	0.246457288444
6943	ACID	6.75584480387	0.251977216549
61199	ACID	6.78444744405	0.252966406914
8697	ACID	6.63208772562	0.247689673985
637776	ACID	5.37026295055	0.203274628359
6057	ACID	6.01506348239	0.226130143817
14228	ACID	5.22384937455	0.198038534067
89440	ACID	5.79312614051	0.218300921429
61337	ACID	9.20048284399	0.334159759935
8193	ACID	7.256653935	0.269202546867
241	ACID	6.57963254269	0.245868675949
176	ACID	6.82610348732	0.254405863965
61204	ACID	6.46172528513	0.241767453941
61177	ACID	6.09190838151	0.228831796169
6213	ACID	6.85738107562	0.255485772938
31249	ACID	6.82433394142	0.254344744159
8093	ACID	6.60067553929	0.246599454542
165675	ACID	7.0389210059	0.261738276665
61192	ACID	6.41227457212	0.24004407681
519539	ACID	6.87495164074	0.256092081605
565690	ACID	5.84865810812	0.220263603658
7463	ACID	6.64853411447	0.24826016223
8857	ACID	7.44264393887	0.275548578034
5363491	ACID	6.09127824288	0.228809661462
61151	ACID	6.77554022452	0.252658430847
6050	ACID	4.98255411402	0.189371826361
263	ACID	7.04062667844	0.261796897527
1001	ACID	6.66157302096	0.248712298793
5541	ACID	6.26895223388	0.235038184511
6997	ACID	6.85453581183	0.255387567995
440967	ACID	7.01892649172	0.26105092803
239	ACID	6.76539241819	0.252307482899
61130	ACID	6.67330382926	0.249118959571
10882	ACID	7.02981554337	0.261425299105
78925	ACID	6.92314727218	0.257753903626
23235	WARM	5.77285060471	0.217583702547
7824	WARM	5.49166653192	0.207603300758
6276	WARM	5.40397736347	0.204477906001
14104	WARM	6.81148505153	0.253900870618
8030	WARM	6.21392627752	0.233111899188
61185	WARM	5.42512409341	0.205232175165
13216	WARM	6.4533080271	0.241474247287
14514	WARM	6.20876782215	0.232931193738
12810	WARM	5.8735660446	0.221143130552
7519	WARM	6.33909231869	0.237490056178
170833	WARM	5.95351148374	0.223962739755
8091	WARM	5.4249067634	0.205224425179
93375	WARM	6.36327226293	0.23833439696
62572	WARM	5.71164392238	0.215416606377
325	WARM	6.24690478367	0.234266663596
12580	WARM	6.311572503	0.236528521136
6501	WARM	6.0474736287	0.227270170232
22386	WARM	5.50506937052	0.208080459311
61918	WARM	5.93494326625	0.22330831002
7151	WARM	6.14587896618	0.230726427341
8063	WARM	5.64197948078	0.212946406246
159055	WARM	6.15982405639	0.231215589293
62374	WARM	6.23107051361	0.233712324646
8078	WARM	5.89540987905	0.221914052105
62444	WARM	6.50097812666	0.243134038425
8918	WARM	5.34260415475	0.202286798528
7991	WARM	5.58249558127	0.210834120485
61138	WARM	5.72690177149	0.215957109299
379	WARM	5.46777455836	0.206752358886
6114390	WARM	6.44044549875	0.241026084661
8077	WARM	5.46116441276	0.206516849813
556940	WARM	5.9616451887	0.224249322206
8892	WARM	5.5435244914	0.209448714141
6826	WARM	6.24100053402	0.234059986294
2346	WARM	6.11837980374	0.229761363581
6943	WARM	6.54138561333	0.244539534236
61199	WARM	6.22100043772	0.23335967893
8697	WARM	5.5348711006	0.209140924784
637776	WARM	7.18411508522	0.266719999586
6057	WARM	6.24933983024	0.234351893884
14228	WARM	5.42716699604	0.2053050232
89440	WARM	6.08215831075	0.228489272543
61337	WARM	6.13721835904	0.230422554687
8193	WARM	5.31101939201	0.201158004887
241	WARM	6.13294517809	0.230272600501
176	WARM	5.72987807421	0.21606252187
61204	WARM	5.77946645778	0.217817765297
61177	WARM	5.51392145608	0.208395526314
6213	WARM	5.68051815903	0.214313411739
31249	WARM	5.60231200665	0.211538120338
8093	WARM	5.39349637508	0.204103933744
165675	WARM	6.04726178531	0.227262721373
61192	WARM	5.80821266551	0.218834372873
519539	WARM	5.83318436341	0.219716958609
565690	WARM	5.8680288506	0.220947648987
7463	WARM	6.20003506706	0.232625228749
8857	WARM	5.61354693092	0.211937113578
5363491	WARM	5.59940240853	0.211434773408
61151	WARM	6.52251026172	0.243883154423
6050	WARM	5.54674754603	0.209563338505
263	WARM	5.46593832627	0.206686940336
1001	WARM	6.04327928446	0.227122681575
5541	WARM	5.57465389081	0.210555449232
6997	WARM	6.65538126586	0.248497610717
440967	WARM	6.16043522166	0.231237024018
239	WARM	5.64811783859	0.213164219496
61130	WARM	6.2380778663	0.233957668465
10882	WARM	5.55033360901	0.209690863092
78925	WARM	5.69438148858	0.214804867328
23235	MUSKY	7.46339446045	0.276254875669
7824	MUSKY	7.3304849784	0.271724995129
6276	MUSKY	7.48166333456	0.276876418882
14104	MUSKY	7.84731956869	0.289260612982
8030	MUSKY	8.36165565221	0.30649931199
61185	MUSKY	7.20797416858	0.267537010097
13216	MUSKY	7.60571710746	0.281089911211
14514	MUSKY	7.79523566309	0.287503146906
12810	MUSKY	7.31173792041	0.27108491225
7519	MUSKY	7.85764496066	0.289608764695
170833	MUSKY	7.49331324509	0.277272632448
8091	MUSKY	7.24236589748	0.268713890382
93375	MUSKY	11.4616462738	0.405918116829
62572	MUSKY	7.37633159327	0.273289156621
325	MUSKY	7.86969353165	0.290014910753
12580	MUSKY	7.77248078025	0.286734648218
6501	MUSKY	7.61278222531	0.281329507728
22386	MUSKY	7.70930385154	0.284598807712
61918	MUSKY	7.81204455712	0.28807056622
7151	MUSKY	7.82840151327	0.28862251243
8063	MUSKY	13.8727129031	0.477927650807
159055	MUSKY	7.46544730973	0.276324730976
62374	MUSKY	7.73892659376	0.285600669821
8078	MUSKY	7.51072684735	0.277864666784
62444	MUSKY	7.68394236753	0.283740506578
8918	MUSKY	7.1534559853	0.265669466399
7991	MUSKY	12.9005500355	0.449452324933
61138	MUSKY	12.6716810834	0.442638642744
379	MUSKY	12.4880696515	0.437142032611
6114390	MUSKY	7.73115879064	0.285338025127
8077	MUSKY	7.66300798569	0.283031642872
556940	MUSKY	7.62392677566	0.281707367234
8892	MUSKY	12.5422007863	0.438765311227
6826	MUSKY	7.71520537968	0.284798457567
2346	MUSKY	8.05949992827	0.296397781493
6943	MUSKY	7.91809171398	0.291645198003
61199	MUSKY	7.62035014341	0.281586111213
8697	MUSKY	15.7763906297	0.531497824669
637776	MUSKY	7.56731670543	0.279786955369
6057	MUSKY	10.4458171939	0.374186649017
14228	MUSKY	7.24358260359	0.26875550857
89440	MUSKY	7.70873123621	0.284579434539
61337	MUSKY	7.70442868561	0.284433858876
8193	MUSKY	7.37891839285	0.273377361055
241	MUSKY	8.30753791702	0.304695442184
176	MUSKY	10.0237629714	0.360760189215
61204	MUSKY	7.28132723672	0.270045998937
61177	MUSKY	7.28487317645	0.270167176179
6213	MUSKY	7.75962485843	0.28630028316
31249	MUSKY	7.24814439509	0.268911536935
8093	MUSKY	7.27329684589	0.269771535032
165675	MUSKY	7.61018625346	0.281241476213
61192	MUSKY	7.53776385518	0.278783400632
519539	MUSKY	7.93402684195	0.292181560907
565690	MUSKY	7.4368709337	0.275352017634
7463	MUSKY	7.99180995799	0.294124787758
8857	MUSKY	7.25696080785	0.269213040247
5363491	MUSKY	7.25755486813	0.26923335366
61151	MUSKY	7.72138904579	0.285007622313
6050	MUSKY	7.37612711537	0.273282184126
263	MUSKY	7.64270983882	0.282343988081
1001	MUSKY	7.96565221832	0.293245442627
5541	MUSKY	7.31904296972	0.271334362792
6997	MUSKY	7.83777037855	0.288938557339
440967	MUSKY	7.50418196982	0.277642179978
239	MUSKY	10.0362353598	0.361159006314
61130	MUSKY	11.2584145208	0.399635821824
10882	MUSKY	7.23445650646	0.268443315881
78925	MUSKY	8.03807963811	0.295678895817
23235	SWEATY	3.73923721838	0.143976730745
7824	SWEATY	3.41384835081	0.131892189807
6276	SWEATY	4.63468498505	0.176795277438
14104	SWEATY	2.71112643731	0.105504974869
8030	SWEATY	4.87647411771	0.18554696478
61185	SWEATY	4.01733923827	0.154237963709
13216	SWEATY	3.92126661044	0.150700131685
14514	SWEATY	4.61320506279	0.176015538131
12810	SWEATY	3.63822516208	0.140234333551
7519	SWEATY	2.13995163123	0.0837663080556
170833	SWEATY	1.54632769802	0.0608966561811
8091	SWEATY	3.81176332239	0.146658717045
93375	SWEATY	4.42521904505	0.169175736363
62572	SWEATY	3.08199768619	0.119480423553
325	SWEATY	1.32288340256	0.0522153279037
12580	SWEATY	3.12741975559	0.121184488493
6501	SWEATY	3.33454294189	0.128934047023
22386	SWEATY	4.77824215479	0.181997046956
61918	SWEATY	3.21355629966	0.12441147435
7151	SWEATY	3.09012971557	0.119785627959
8063	SWEATY	6.81130831492	0.253894764212
159055	SWEATY	4.27323249122	0.163625093279
62374	SWEATY	4.3969100247	0.168143273882
8078	SWEATY	4.17353772342	0.159974142085
62444	SWEATY	6.35056039668	0.237890568927
8918	SWEATY	4.00005157946	0.153601898123
7991	SWEATY	8.91649898673	0.324858377797
61138	SWEATY	8.95165817119	0.326013453242
379	SWEATY	7.27527169462	0.269839036493
6114390	SWEATY	3.66319329341	0.141160137694
8077	SWEATY	6.03110973168	0.226694675429
556940	SWEATY	5.43520447799	0.205591600033
8892	SWEATY	6.66928432999	0.24897963181
6826	SWEATY	3.14509374806	0.121847104049
2346	SWEATY	4.34124214556	0.166111132476
6943	SWEATY	1.92591316829	0.0755528701187
61199	SWEATY	4.52724190669	0.172891308555
8697	SWEATY	11.0397081178	0.392838262582
637776	SWEATY	2.94238648044	0.114232403938
6057	SWEATY	6.56678112567	0.245422199286
14228	SWEATY	4.0811547873	0.156583861733
89440	SWEATY	2.76192163687	0.107425581024
61337	SWEATY	4.10283275133	0.157380015419
8193	SWEATY	4.49272385456	0.171635127129
241	SWEATY	4.14188441343	0.15881329394
176	SWEATY	5.27179649711	0.199755124562
61204	SWEATY	3.72536936037	0.143463423667
61177	SWEATY	3.93680571865	0.151272853039
6213	SWEATY	6.00773488999	0.225872244196
31249	SWEATY	3.88192126051	0.149249125351
8093	SWEATY	3.4229371542	0.132230886663
165675	SWEATY	1.4795200907	0.0583052117486
61192	SWEATY	4.55620136684	0.173944466315
519539	SWEATY	4.04769087052	0.155354114267
565690	SWEATY	2.81604356382	0.109469702011
7463	SWEATY	1.27602488713	0.0503896996802
8857	SWEATY	4.72889247137	0.180210729252
5363491	SWEATY	3.78508599012	0.145672689224
61151	SWEATY	3.12581537372	0.121124326249
6050	SWEATY	4.1219015214	0.158080031995
263	SWEATY	4.7094123581	0.179505068421
1001	SWEATY	3.41710055338	0.132013391659
5541	SWEATY	3.713998215	0.143042415503
6997	SWEATY	2.12824675502	0.0833180965008
440967	SWEATY	4.21256408612	0.161404284973
239	SWEATY	5.4820852515	0.207262106578
61130	SWEATY	4.93957757145	0.187823332224
10882	SWEATY	4.06501117728	0.155990720743
78925	SWEATY	6.45791925821	0.24163488187
23235	AMMONIA/URINOUS	5.39097212288	0.204013852743
7824	AMMONIA/URINOUS	4.83548214454	0.184066530754
6276	AMMONIA/URINOUS	6.45867746901	0.241661292901
14104	AMMONIA/URINOUS	5.31739567703	0.201385948367
8030	AMMONIA/URINOUS	6.68681052822	0.249587047113
61185	AMMONIA/URINOUS	5.22287019271	0.198003458488
13216	AMMONIA/URINOUS	7.01580250225	0.26094350619
14514	AMMONIA/URINOUS	6.19491124764	0.232445679759
12810	AMMONIA/URINOUS	5.46779737432	0.206753171722
7519	AMMONIA/URINOUS	4.89050345063	0.186053328425
170833	AMMONIA/URINOUS	4.33322752813	0.165818356801
8091	AMMONIA/URINOUS	5.14784525194	0.195313685783
93375	AMMONIA/URINOUS	4.6866331572	0.178679514148
62572	AMMONIA/URINOUS	4.27363728522	0.16363990115
325	AMMONIA/URINOUS	4.35137665618	0.166481274726
12580	AMMONIA/URINOUS	6.54343906377	0.244610924638
6501	AMMONIA/URINOUS	4.97130748033	0.188966739988
22386	AMMONIA/URINOUS	6.50013823175	0.243104810457
61918	AMMONIA/URINOUS	4.78176766135	0.182124585667
7151	AMMONIA/URINOUS	4.83873075187	0.184183903959
8063	AMMONIA/URINOUS	6.47049776134	0.242072973942
159055	AMMONIA/URINOUS	6.6351414603	0.247795617533
62374	AMMONIA/URINOUS	6.1957080936	0.232473604232
8078	AMMONIA/URINOUS	8.5435970117	0.312546660509
62444	AMMONIA/URINOUS	6.53468588479	0.244306587547
8918	AMMONIA/URINOUS	5.38735069528	0.203884608806
7991	AMMONIA/URINOUS	6.07498707903	0.228237295957
61138	AMMONIA/URINOUS	5.97753547475	0.224809046849
379	AMMONIA/URINOUS	5.2011263065	0.197224366317
6114390	AMMONIA/URINOUS	5.28811101493	0.200338793355
8077	AMMONIA/URINOUS	7.26527943782	0.269497463389
556940	AMMONIA/URINOUS	5.50390870528	0.208039143797
8892	AMMONIA/URINOUS	4.64326826716	0.177106754606
6826	AMMONIA/URINOUS	4.96496384873	0.188738207542
2346	AMMONIA/URINOUS	6.52377560967	0.243927165105
6943	AMMONIA/URINOUS	4.99243411051	0.189727605081
61199	AMMONIA/URINOUS	5.89803873316	0.222006804967
8697	AMMONIA/URINOUS	4.76409139881	0.18148502921
637776	AMMONIA/URINOUS	4.97310784297	0.189031593072
6057	AMMONIA/URINOUS	5.60429129537	0.211608419445
14228	AMMONIA/URINOUS	5.25137366212	0.199024176349
89440	AMMONIA/URINOUS	5.10015312573	0.193601500267
61337	AMMONIA/URINOUS	5.43609260251	0.205623262987
8193	AMMONIA/URINOUS	6.0098764355	0.225947611512
241	AMMONIA/URINOUS	6.97326732048	0.25948010997
176	AMMONIA/URINOUS	5.9764562818	0.224771039397
61204	AMMONIA/URINOUS	5.52043207263	0.208627214798
61177	AMMONIA/URINOUS	5.39023093552	0.203987401605
6213	AMMONIA/URINOUS	6.10082865915	0.229145102235
31249	AMMONIA/URINOUS	4.749036596	0.180940124404
8093	AMMONIA/URINOUS	5.25215830829	0.199052265574
165675	AMMONIA/URINOUS	4.1992078486	0.160914975322
61192	AMMONIA/URINOUS	5.01301077755	0.19046832028
519539	AMMONIA/URINOUS	5.43903291804	0.205728085088
565690	AMMONIA/URINOUS	4.62115153069	0.17630404464
7463	AMMONIA/URINOUS	5.34551002814	0.202390610141
8857	AMMONIA/URINOUS	5.87229053489	0.221098102945
5363491	AMMONIA/URINOUS	5.05805290807	0.192088556635
61151	AMMONIA/URINOUS	4.94796547351	0.18812567401
6050	AMMONIA/URINOUS	4.90621806794	0.186620332426
263	AMMONIA/URINOUS	6.52174826843	0.243856650546
1001	AMMONIA/URINOUS	5.99381158129	0.225382152343
5541	AMMONIA/URINOUS	4.7331203654	0.180363843259
6997	AMMONIA/URINOUS	5.12060600859	0.194335997986
440967	AMMONIA/URINOUS	6.97059075966	0.259387976171
239	AMMONIA/URINOUS	5.86803248423	0.220947777275
61130	AMMONIA/URINOUS	5.17782426669	0.196389025013
10882	AMMONIA/URINOUS	5.29848453821	0.200709806168
78925	AMMONIA/URINOUS	6.73457584437	0.251241229053
23235	DECAYED	4.31104496373	0.165007755078
7824	DECAYED	4.60730422803	0.175801268221
6276	DECAYED	4.74301989076	0.180722300557
14104	DECAYED	4.36318082249	0.166912294144
8030	DECAYED	4.35720357172	0.166694053683
61185	DECAYED	4.44939036913	0.170056784902
13216	DECAYED	5.15279785642	0.195491383957
14514	DECAYED	4.51011078417	0.172267991653
12810	DECAYED	4.53570487774	0.173199147614
7519	DECAYED	4.205724103	0.161153718028
170833	DECAYED	4.69075317959	0.178828861027
8091	DECAYED	4.49861594314	0.171849619564
93375	DECAYED	4.68614045002	0.178661653074
62572	DECAYED	4.75000269477	0.18097509755
325	DECAYED	4.53682206069	0.173239780663
12580	DECAYED	4.42619725083	0.169211401192
6501	DECAYED	4.29127762061	0.164285079377
22386	DECAYED	5.12241541405	0.194400960692
61918	DECAYED	4.64267278358	0.177085147113
7151	DECAYED	4.43724708957	0.169614218889
8063	DECAYED	4.82531390875	0.183699094623
159055	DECAYED	4.62621175811	0.176487736232
62374	DECAYED	4.52960685659	0.172977338954
8078	DECAYED	5.55780905657	0.209956665659
62444	DECAYED	8.11069009783	0.298114286368
8918	DECAYED	4.36616823913	0.167021359528
7991	DECAYED	4.78323677187	0.182177729268
61138	DECAYED	4.89265230304	0.186130873498
379	DECAYED	4.57682039998	0.17469390201
6114390	DECAYED	4.20053650482	0.160963657421
8077	DECAYED	10.1768559125	0.365646877995
556940	DECAYED	6.7454509235	0.251617593676
8892	DECAYED	4.69382588501	0.178940234825
6826	DECAYED	4.33843532929	0.166008604729
2346	DECAYED	4.44014268242	0.169719760481
6943	DECAYED	4.44356943983	0.169844653846
61199	DECAYED	4.66184126092	0.17778054486
8697	DECAYED	4.80297888187	0.182891712819
637776	DECAYED	4.18526466851	0.160404010602
6057	DECAYED	4.54793692074	0.173643984736
14228	DECAYED	4.46272939153	0.170542794212
89440	DECAYED	4.35926894673	0.166769467569
61337	DECAYED	4.39161834159	0.167950209
8193	DECAYED	4.3864488323	0.167761579949
241	DECAYED	4.09581204644	0.15712221133
176	DECAYED	4.95179878275	0.188263826836
61204	DECAYED	4.47974483972	0.171162548057
61177	DECAYED	4.52518649667	0.172816534735
6213	DECAYED	5.09394011219	0.193378314141
31249	DECAYED	4.48724309599	0.171435583599
8093	DECAYED	4.55017362167	0.173725312872
165675	DECAYED	4.87663938189	0.185552930611
61192	DECAYED	4.65971257753	0.177703334579
519539	DECAYED	4.95160471139	0.188256832769
565690	DECAYED	4.68202994819	0.178512636153
7463	DECAYED	4.46797610424	0.170733919982
8857	DECAYED	4.62938555827	0.176602938072
5363491	DECAYED	4.55132854091	0.173767305041
61151	DECAYED	4.34876773252	0.166385996984
6050	DECAYED	4.50538889453	0.172096144145
263	DECAYED	4.86713605432	0.185209836824
1001	DECAYED	4.24077039216	0.162437162279
5541	DECAYED	4.45656729454	0.170318294961
6997	DECAYED	4.3808831462	0.167558470992
440967	DECAYED	4.67313455627	0.178190107618
239	DECAYED	4.95195941353	0.188269615728
61130	DECAYED	4.55189326656	0.173787837738
10882	DECAYED	4.5742010722	0.174598716708
78925	DECAYED	9.02939524586	0.328563818432
23235	WOOD	3.01783950121	0.117070637947
7824	WOOD	2.99634550361	0.116262585594
6276	WOOD	3.03406602624	0.117680418389
14104	WOOD	4.15012031953	0.159115413315
8030	WOOD	3.22640350294	0.124892268292
61185	WOOD	3.0320313113	0.117603966903
13216	WOOD	3.55799553376	0.137256088463
14514	WOOD	3.55804366495	0.137257876709
12810	WOOD	3.18366022264	0.12329213194
7519	WOOD	3.10447620087	0.120323939042
170833	WOOD	3.37831267204	0.130567308277
8091	WOOD	3.05453604846	0.11844936575
93375	WOOD	3.40428840979	0.131535864561
62572	WOOD	2.95832768539	0.114832426338
325	WOOD	3.88446420568	0.149342943361
12580	WOOD	3.22044234515	0.124669194246
6501	WOOD	3.02752343902	0.117434578291
22386	WOOD	3.08675242616	0.11965888083
61918	WOOD	4.5355670272	0.173194133785
7151	WOOD	3.31198376073	0.128091655857
8063	WOOD	3.05384024546	0.11842323372
159055	WOOD	3.41663400868	0.131996005168
62374	WOOD	3.63454712811	0.140097911994
8078	WOOD	3.30287332525	0.127751344129
62444	WOOD	2.99013628446	0.116029085379
8918	WOOD	3.07717489182	0.119299393547
7991	WOOD	3.0086769425	0.116726222922
61138	WOOD	3.00162827244	0.116461221983
379	WOOD	6.9865204788	0.259936231792
6114390	WOOD	3.05835357198	0.118592732251
8077	WOOD	2.98437162677	0.115812275468
556940	WOOD	3.01564818884	0.116988273954
8892	WOOD	3.03040660893	0.117542918671
6826	WOOD	3.18699688532	0.123417095754
2346	WOOD	2.98529662116	0.11584706648
6943	WOOD	3.93007662749	0.15102486418
61199	WOOD	3.46106335902	0.133650950531
8697	WOOD	3.0323417091	0.117615629868
637776	WOOD	3.46309173665	0.133726467715
6057	WOOD	3.16557174173	0.122614531888
14228	WOOD	3.04938961834	0.118256073916
89440	WOOD	3.54495731868	0.136771603791
61337	WOOD	2.99550499733	0.116230979817
8193	WOOD	3.25190385296	0.125846202651
241	WOOD	3.04240972004	0.11799388604
176	WOOD	3.14036484245	0.12166983716
61204	WOOD	3.2102692086	0.124288436987
61177	WOOD	3.01656641203	0.117022787314
6213	WOOD	3.15006991102	0.122033620263
31249	WOOD	2.90607974523	0.112865070015
8093	WOOD	3.07851237434	0.119349599598
165675	WOOD	3.48997808316	0.134727144518
61192	WOOD	3.40861946905	0.131697304088
519539	WOOD	3.70732548987	0.14279531468
565690	WOOD	3.26600661088	0.126373544762
7463	WOOD	4.37918434485	0.167496471584
8857	WOOD	2.93320003709	0.113886536501
5363491	WOOD	3.00277652631	0.116504394306
61151	WOOD	3.20550699108	0.124110169615
6050	WOOD	3.01862729684	0.117100247571
263	WOOD	3.00530858032	0.116599591348
1001	WOOD	2.97399112444	0.115421795694
5541	WOOD	3.04682623558	0.118159789379
6997	WOOD	3.43802770474	0.13279309439
440967	WOOD	3.42405016142	0.132272358654
239	WOOD	3.00298873413	0.11651237283
61130	WOOD	3.32616946192	0.128621417161
10882	WOOD	2.89101741438	0.112297503899
78925	WOOD	3.025836785	0.1173711961
23235	GRASS	3.27403991818	0.126673861773
7824	GRASS	3.89065794128	0.149571429965
6276	GRASS	5.39337714223	0.20409967889
14104	GRASS	3.10362203233	0.120291893405
8030	GRASS	2.96386584702	0.115040833577
61185	GRASS	3.40549364705	0.13158079109
13216	GRASS	3.11843795161	0.120847655961
14514	GRASS	2.97724425444	0.115544176837
12810	GRASS	3.30335039447	0.127769166247
7519	GRASS	3.0364963804	0.117771731109
170833	GRASS	3.46211070334	0.133689943925
8091	GRASS	3.52655036402	0.136087391573
93375	GRASS	3.19358216338	0.123663699721
62572	GRASS	3.65120575923	0.140715708971
325	GRASS	3.05079772801	0.11830896241
12580	GRASS	3.03015365545	0.117533413748
6501	GRASS	3.16392581885	0.122552862119
22386	GRASS	3.24194387764	0.125473675063
61918	GRASS	3.18283063382	0.123261061015
7151	GRASS	2.99953826527	0.116382638689
8063	GRASS	3.75692283986	0.144631125905
159055	GRASS	4.94536513618	0.188031950915
62374	GRASS	3.27499888913	0.126709708476
8078	GRASS	2.48141741157	0.0967937235146
62444	GRASS	3.25430826309	0.125936121615
8918	GRASS	3.41103265044	0.131787248521
7991	GRASS	3.42201264008	0.1321964374
61138	GRASS	4.18423903618	0.160366418922
379	GRASS	3.35440421465	0.129675357532
6114390	GRASS	3.11192477057	0.120603360512
8077	GRASS	3.29100883353	0.127308057684
556940	GRASS	3.21973931409	0.124642884063
8892	GRASS	3.68490440629	0.141964768058
6826	GRASS	3.01603387015	0.117002770684
2346	GRASS	3.01409022139	0.11692971291
6943	GRASS	2.98716622578	0.115917384207
61199	GRASS	3.18023614131	0.123163884887
8697	GRASS	3.7171056017	0.143157474446
637776	GRASS	3.22846213607	0.124969298337
6057	GRASS	2.87704106901	0.111770696635
14228	GRASS	3.31681174394	0.1282719737
89440	GRASS	3.36057600243	0.12990565167
61337	GRASS	3.14796004797	0.121954540933
8193	GRASS	3.37750475438	0.130537174829
241	GRASS	2.98202218324	0.115723904809
176	GRASS	2.85335646853	0.110877601487
61204	GRASS	3.26867623019	0.126473351489
61177	GRASS	3.6538492003	0.140813722421
6213	GRASS	3.0181446309	0.117082106431
31249	GRASS	3.64855824902	0.140617539042
8093	GRASS	3.59100340328	0.138482013954
165675	GRASS	3.57203628187	0.137777673995
61192	GRASS	3.34533818444	0.12933701235
519539	GRASS	3.14776459276	0.121947214938
565690	GRASS	3.35960009202	0.12986923857
7463	GRASS	3.03561230528	0.117738515384
8857	GRASS	3.58797755101	0.138369668878
5363491	GRASS	3.63357091915	0.140061701716
61151	GRASS	3.03196961819	0.117601648821
6050	GRASS	3.21175053187	0.124343884683
263	GRASS	4.39927152252	0.168229424929
1001	GRASS	3.00212343688	0.116479839423
5541	GRASS	3.25194319968	0.125847674158
6997	GRASS	3.024641493	0.117326277255
440967	GRASS	3.8636015506	0.148573095247
239	GRASS	2.91334277793	0.113138684661
61130	GRASS	3.46080426589	0.133641304169
10882	GRASS	4.12149311216	0.158065042297
78925	GRASS	3.45509341853	0.133428668529
23235	FLOWER	8.22731349507	0.302017064864
7824	FLOWER	6.93640997388	0.258210885625
6276	FLOWER	5.40638686772	0.204563867123
14104	FLOWER	2.89802674123	0.112561646052
8030	FLOWER	2.88292769334	0.1119925989
61185	FLOWER	7.24034455024	0.268644746327
13216	FLOWER	7.19063280671	0.266943232204
14514	FLOWER	6.15297867682	0.230975488434
12810	FLOWER	8.93594716238	0.32549742582
7519	FLOWER	2.61487417658	0.10185994028
170833	FLOWER	3.36846842275	0.130200105104
8091	FLOWER	8.77167969012	0.32009024177
93375	FLOWER	6.22745512452	0.23358572605
62572	FLOWER	6.14129044891	0.230565438605
325	FLOWER	8.14833959783	0.299375408633
12580	FLOWER	9.39705948028	0.340560488461
6501	FLOWER	8.56591439153	0.313286619916
22386	FLOWER	3.79665890094	0.146100508513
61918	FLOWER	5.84940922757	0.220290133778
7151	FLOWER	9.63028296015	0.348114378449
8063	FLOWER	5.42387720527	0.205187710636
159055	FLOWER	3.54490209433	0.13676955143
62374	FLOWER	3.04887436558	0.118236720664
8078	FLOWER	4.00945383144	0.153947865247
62444	FLOWER	3.46135581381	0.133661838925
8918	FLOWER	7.65845732145	0.28287750544
7991	FLOWER	5.43725441597	0.205664682405
61138	FLOWER	5.55885038542	0.209993688374
379	FLOWER	9.33107562396	0.338415436038
6114390	FLOWER	9.27959563148	0.336739467226
8077	FLOWER	3.22920036497	0.1249969206
556940	FLOWER	8.53665058151	0.312316262
8892	FLOWER	5.39493383287	0.204155228891
6826	FLOWER	8.32123939993	0.305152365937
2346	FLOWER	6.03126720341	0.226700214505
6943	FLOWER	2.72569840217	0.106056163375
61199	FLOWER	5.71762549756	0.21562852337
8697	FLOWER	5.69676946988	0.214889505838
637776	FLOWER	8.84309630476	0.322443711288
6057	FLOWER	11.1029944255	0.394809182935
14228	FLOWER	7.3048052387	0.270848137718
89440	FLOWER	9.22693427736	0.335022844631
61337	FLOWER	9.36383200494	0.339480740271
8193	FLOWER	6.02522436921	0.226487643289
241	FLOWER	2.66147724621	0.103625705395
176	FLOWER	3.10406519654	0.120308519564
61204	FLOWER	8.02932344833	0.295384923918
61177	FLOWER	8.36434631798	0.306588936988
6213	FLOWER	3.04347191764	0.11803378818
31249	FLOWER	6.03214375662	0.226731046944
8093	FLOWER	7.91039033582	0.291385903327
165675	FLOWER	3.39309986093	0.131118743771
61192	FLOWER	9.8007701919	0.353608769134
519539	FLOWER	2.98211015589	0.115727213843
565690	FLOWER	9.44163652613	0.342007660928
7463	FLOWER	2.83565456869	0.110209808014
8857	FLOWER	4.00043725046	0.15361609074
5363491	FLOWER	9.47000797543	0.342927898595
61151	FLOWER	8.25480095159	0.302935342563
6050	FLOWER	8.2618123563	0.303169476888
263	FLOWER	3.43375659642	0.132633990112
1001	FLOWER	6.3887476278	0.239223466611
5541	FLOWER	9.19205872634	0.333884771602
6997	FLOWER	2.68157578213	0.104386691815
440967	FLOWER	3.44016330196	0.132872642661
239	FLOWER	3.32804900734	0.128691596216
61130	FLOWER	6.27167946908	0.235133593418
10882	FLOWER	7.94620113949	0.29259120056
78925	FLOWER	3.01905747122	0.117116415643
23235	CHEMICAL	17.3111018195	0.572574374297
7824	CHEMICAL	17.4732674262	0.57680466723
6276	CHEMICAL	18.7221758779	0.608679087275
14104	CHEMICAL	18.2346535416	0.596385105751
8030	CHEMICAL	18.1141205933	0.593316277785
61185	CHEMICAL	17.054979469	0.565850248884
13216	CHEMICAL	19.9060399976	0.637741428549
14514	CHEMICAL	18.1267642805	0.593638737907
12810	CHEMICAL	17.386629932	0.574547237122
7519	CHEMICAL	18.8574637384	0.612056974078
170833	CHEMICAL	18.3812735485	0.600102455035
8091	CHEMICAL	17.069898076	0.566243354909
93375	CHEMICAL	18.2015676724	0.595543880602
62572	CHEMICAL	18.3230906354	0.598629365244
325	CHEMICAL	16.6003683263	0.553785841624
12580	CHEMICAL	17.1121189256	0.567354911375
6501	CHEMICAL	15.4619935368	0.522850443819
22386	CHEMICAL	19.4157347642	0.625841087993
61918	CHEMICAL	17.9946085182	0.59026196644
7151	CHEMICAL	17.6719149121	0.581957965819
8063	CHEMICAL	18.8182152503	0.61107851993
159055	CHEMICAL	19.3842303194	0.625069858746
62374	CHEMICAL	18.524694414	0.603722055306
8078	CHEMICAL	23.366670803	0.716266310354
62444	CHEMICAL	18.3803178678	0.600078280744
8918	CHEMICAL	17.8644815771	0.586923382276
7991	CHEMICAL	18.3874493643	0.600258656922
61138	CHEMICAL	17.2458297978	0.570865733746
379	CHEMICAL	22.0826225395	0.68824801429
6114390	CHEMICAL	16.9018890386	0.561806020314
8077	CHEMICAL	18.889330597	0.612850499718
556940	CHEMICAL	15.7856498367	0.531751297162
8892	CHEMICAL	17.9470186973	0.589042555843
6826	CHEMICAL	18.2005281959	0.595517437191
2346	CHEMICAL	13.9234886234	0.479394130757
6943	CHEMICAL	18.9098246607	0.613360398948
61199	CHEMICAL	18.4147756237	0.60094944044
8697	CHEMICAL	18.4101660043	0.600832955251
637776	CHEMICAL	16.8682584315	0.560915080255
6057	CHEMICAL	15.674836548	0.528713261599
14228	CHEMICAL	17.1599550818	0.568612579909
89440	CHEMICAL	17.3517586365	0.573636934348
61337	CHEMICAL	16.5040600408	0.551208802499
8193	CHEMICAL	23.8236230923	0.725918916794
241	CHEMICAL	18.6021499244	0.605670004251
176	CHEMICAL	17.7372447852	0.58364585038
61204	CHEMICAL	17.793825131	0.585104920124
61177	CHEMICAL	17.2050242444	0.569795826076
6213	CHEMICAL	18.3128135973	0.598368887153
31249	CHEMICAL	16.7471090134	0.557698096412
8093	CHEMICAL	16.7649351543	0.558172185882
165675	CHEMICAL	18.6898822436	0.607870610432
61192	CHEMICAL	15.6418258345	0.527806347206
519539	CHEMICAL	18.5278544237	0.60380162113
565690	CHEMICAL	17.4403128985	0.575946710341
7463	CHEMICAL	18.4918445278	0.602894455495
8857	CHEMICAL	18.8083571055	0.610832565417
5363491	CHEMICAL	16.6077004371	0.553981731961
61151	CHEMICAL	18.2231717125	0.596093273595
6050	CHEMICAL	17.2241618986	0.570297774701
263	CHEMICAL	18.8672215658	0.612300042786
1001	CHEMICAL	18.7037629507	0.608218218621
5541	CHEMICAL	15.1578246455	0.514409126627
6997	CHEMICAL	19.0788521886	0.617553047209
440967	CHEMICAL	19.2106956959	0.620807496189
239	CHEMICAL	17.4442732451	0.576049862185
61130	CHEMICAL	18.5012222298	0.603130799594
10882	CHEMICAL	17.6917749145	0.582471436729
78925	CHEMICAL	17.6507453443	0.581410289289
