#oID	descriptor	value	sigma
10895	INTENSITY/STRENGTH	46.9331944985	0.996237881606
62444	INTENSITY/STRENGTH	52.2150992066	0.998037334202
5541	INTENSITY/STRENGTH	48.0077966513	0.998412450327
24020	INTENSITY/STRENGTH	52.0158810926	0.998374489368
14328	INTENSITY/STRENGTH	51.5102756098	0.999087627033
8048	INTENSITY/STRENGTH	45.9018396007	0.993282032537
2345	INTENSITY/STRENGTH	48.3659305972	0.998931926875
887	INTENSITY/STRENGTH	46.5408916651	0.995213827811
8125	INTENSITY/STRENGTH	48.3447093472	0.998904005142
61386	INTENSITY/STRENGTH	41.5411011637	0.971378812191
7136	INTENSITY/STRENGTH	50.8720798407	0.999695790701
61204	INTENSITY/STRENGTH	49.2994444204	0.999803688752
5363491	INTENSITY/STRENGTH	48.7098190106	0.999334173206
520108	INTENSITY/STRENGTH	54.5986133429	0.991541102129
6374	INTENSITY/STRENGTH	37.3182512194	0.935669299146
8892	INTENSITY/STRENGTH	48.0687207137	0.998508064127
11525	INTENSITY/STRENGTH	50.3570412583	0.999949008616
6050	INTENSITY/STRENGTH	46.2500945907	0.994375283769
33032	INTENSITY/STRENGTH	44.7549458147	0.988995762637
89440	INTENSITY/STRENGTH	50.2359230152	0.999977736132
18827	INTENSITY/STRENGTH	49.1971020432	0.999742141948
6054	INTENSITY/STRENGTH	52.6958546706	0.997092947038
5367706	INTENSITY/STRENGTH	50.0022676931	0.999999997943
6569	INTENSITY/STRENGTH	50.7874868243	0.999751945801
2758	INTENSITY/STRENGTH	49.6186633397	0.999941832941
104721	INTENSITY/STRENGTH	55.6482487734	0.987238914318
11419	INTENSITY/STRENGTH	50.6911658876	0.999808915886
7122	INTENSITY/STRENGTH	50.2683553694	0.999971194158
240	INTENSITY/STRENGTH	52.7939459081	0.996877546505
650	INTENSITY/STRENGTH	47.8048384768	0.998072506355
643820	INTENSITY/STRENGTH	49.9934127011	0.999999982643
2214	INTENSITY/STRENGTH	52.8086368044	0.99684462372
5610	INTENSITY/STRENGTH	51.9833954987	0.998426456918
7194	INTENSITY/STRENGTH	49.1532171188	0.999713183501
12748	INTENSITY/STRENGTH	56.8461882384	0.981251882642
8467	INTENSITY/STRENGTH	51.6632996042	0.998893373771
31260	INTENSITY/STRENGTH	49.945998284	0.999998833526
126	INTENSITY/STRENGTH	53.2079677087	0.995883577272
6386	INTENSITY/STRENGTH	46.4606869858	0.994989305355
9261	INTENSITY/STRENGTH	53.8965374515	0.993926798355
7768	INTENSITY/STRENGTH	51.1737969763	0.999448880263
325	INTENSITY/STRENGTH	50.7015121555	0.999803152278
61252	INTENSITY/STRENGTH	50.8853421685	0.999686467698
6137	INTENSITY/STRENGTH	48.7686271094	0.999393488322
8914	INTENSITY/STRENGTH	43.6898130014	0.984072616017
1549778	INTENSITY/STRENGTH	49.0042610409	0.99960340157
638024	INTENSITY/STRENGTH	50.0635681328	0.999998383637
8785	INTENSITY/STRENGTH	49.2309664995	0.99976343499
31210	INTENSITY/STRENGTH	48.8864690675	0.999504019545
7803	INTENSITY/STRENGTH	49.2574305722	0.999779436258
7915	INTENSITY/STRENGTH	53.2872183361	0.995677678244
1551246	INTENSITY/STRENGTH	51.8814862579	0.998584003784
244	INTENSITY/STRENGTH	52.9423431574	0.996537046698
165675	INTENSITY/STRENGTH	47.023009418	0.99645501083
638014	INTENSITY/STRENGTH	49.7603745839	0.999977031864
356	INTENSITY/STRENGTH	45.5623309571	0.992122837386
7921	INTENSITY/STRENGTH	52.6940188743	0.997096904922
93375	INTENSITY/STRENGTH	53.1514519743	0.996027340181
14296	INTENSITY/STRENGTH	52.4393493273	0.997619829944
2346	INTENSITY/STRENGTH	53.4563714424	0.995221398581
7410	INTENSITY/STRENGTH	50.9045474574	0.999672717559
7695	INTENSITY/STRENGTH	50.0854782087	0.99999707739
6287	INTENSITY/STRENGTH	48.8333840419	0.999455602883
10895	VALENCE/PLEASANTNESS	47.3586243038	0.997209253773
62444	VALENCE/PLEASANTNESS	43.1027688574	0.980971281026
5541	VALENCE/PLEASANTNESS	51.9865925666	0.99842137999
24020	VALENCE/PLEASANTNESS	48.4230868701	0.999005337992
14328	VALENCE/PLEASANTNESS	43.5175624428	0.983191201327
8048	VALENCE/PLEASANTNESS	53.7527048285	0.994366882588
9609	VALENCE/PLEASANTNESS	41.1111784434	0.968395540534
2345	VALENCE/PLEASANTNESS	46.0720674937	0.99382853849
887	VALENCE/PLEASANTNESS	41.6226139648	0.971927761287
8125	VALENCE/PLEASANTNESS	44.0239791871	0.985714870097
61386	VALENCE/PLEASANTNESS	47.5045167973	0.997509025434
7136	VALENCE/PLEASANTNESS	46.5286903303	0.995180003671
61204	VALENCE/PLEASANTNESS	47.6598074406	0.997809399514
5363491	VALENCE/PLEASANTNESS	46.4708648236	0.995018081963
520108	VALENCE/PLEASANTNESS	42.1517841442	0.975362203152
6374	VALENCE/PLEASANTNESS	38.0718384006	0.943087584343
8892	VALENCE/PLEASANTNESS	41.0989539212	0.968308551481
11525	VALENCE/PLEASANTNESS	42.9958189827	0.980376579311
6050	VALENCE/PLEASANTNESS	52.0394574629	0.998336245303
33032	VALENCE/PLEASANTNESS	37.6224415596	0.938718418821
89440	VALENCE/PLEASANTNESS	43.3913934683	0.982530527884
18827	VALENCE/PLEASANTNESS	43.0371150399	0.980607293213
6054	VALENCE/PLEASANTNESS	41.9354140599	0.973984981446
5367706	VALENCE/PLEASANTNESS	46.5896009484	0.995347671324
6569	VALENCE/PLEASANTNESS	42.8470675168	0.979534222756
2758	VALENCE/PLEASANTNESS	43.1329184134	0.981137276193
104721	VALENCE/PLEASANTNESS	42.4574112227	0.977243741814
11419	VALENCE/PLEASANTNESS	42.8217880829	0.979389309469
7122	VALENCE/PLEASANTNESS	42.8602379222	0.979609518989
7969	VALENCE/PLEASANTNESS	42.1264535349	0.975202906425
240	VALENCE/PLEASANTNESS	43.1141501856	0.981034028933
650	VALENCE/PLEASANTNESS	42.8434745661	0.979513657486
643820	VALENCE/PLEASANTNESS	43.2146306092	0.981583504892
2214	VALENCE/PLEASANTNESS	43.2306512207	0.981670366842
5610	VALENCE/PLEASANTNESS	42.5051295745	0.977530766922
7194	VALENCE/PLEASANTNESS	46.2567087475	0.99439510824
12748	VALENCE/PLEASANTNESS	41.6496089348	0.972108387623
8467	VALENCE/PLEASANTNESS	43.6417684573	0.98382915666
31260	VALENCE/PLEASANTNESS	40.7695680945	0.965919650735
126	VALENCE/PLEASANTNESS	43.7262004943	0.984255775905
6386	VALENCE/PLEASANTNESS	42.3769958102	0.976755922849
9261	VALENCE/PLEASANTNESS	42.1630560981	0.975432924111
7768	VALENCE/PLEASANTNESS	43.0475484129	0.980665366772
7894	VALENCE/PLEASANTNESS	40.8601609122	0.96658533658
325	VALENCE/PLEASANTNESS	42.1563684659	0.975390977743
61252	VALENCE/PLEASANTNESS	43.2501423632	0.981775768753
61199	VALENCE/PLEASANTNESS	46.2994981478	0.994522514417
6137	VALENCE/PLEASANTNESS	41.4868387226	0.971010434026
8914	VALENCE/PLEASANTNESS	42.7991855445	0.979259308471
1549778	VALENCE/PLEASANTNESS	43.6944290703	0.9840959101
638024	VALENCE/PLEASANTNESS	49.0255070866	0.999620145425
8785	VALENCE/PLEASANTNESS	46.3318654248	0.994617915495
31210	VALENCE/PLEASANTNESS	47.1326745743	0.996711377961
7803	VALENCE/PLEASANTNESS	49.2414562562	0.999769844556
7915	VALENCE/PLEASANTNESS	46.088216555	0.993879180112
1551246	VALENCE/PLEASANTNESS	43.2470210776	0.981758910269
244	VALENCE/PLEASANTNESS	42.009901796	0.974463332276
61130	VALENCE/PLEASANTNESS	36.0387929802	0.92203387942
165675	VALENCE/PLEASANTNESS	42.7386149036	0.978908914593
638014	VALENCE/PLEASANTNESS	43.3412077628	0.982264194377
356	VALENCE/PLEASANTNESS	44.7748591855	0.989079161387
7921	VALENCE/PLEASANTNESS	46.5047168235	0.995113198207
93375	VALENCE/PLEASANTNESS	35.637056477	0.917482341342
14296	VALENCE/PLEASANTNESS	42.4213405022	0.977025568086
2346	VALENCE/PLEASANTNESS	42.1536686865	0.975374033968
7410	VALENCE/PLEASANTNESS	42.4145282627	0.976984247409
7695	VALENCE/PLEASANTNESS	46.6479310314	0.995505453452
6287	VALENCE/PLEASANTNESS	30.0083185735	0.840133069496
7916	VALENCE/PLEASANTNESS	46.1813871948	0.994167278498
10895	BAKERY	4.15890678245	0.159437669048
62444	BAKERY	3.28476311144	0.127074656978
5541	BAKERY	3.49960938095	0.13508546891
24020	BAKERY	4.57575878897	0.174655324161
14328	BAKERY	5.06848226043	0.192463485447
8048	BAKERY	3.13390235945	0.121427556779
9609	BAKERY	2.96577652392	0.115112728801
2345	BAKERY	3.21510020731	0.124469260555
887	BAKERY	3.37860128304	0.13057807267
8125	BAKERY	2.56070132581	0.0998051765203
61386	BAKERY	3.01617203711	0.117007963981
7136	BAKERY	5.64510641557	0.213057366046
61204	BAKERY	2.96797220239	0.115195344498
5363491	BAKERY	3.26979630922	0.126515225207
520108	BAKERY	3.65339164343	0.140796757537
6374	BAKERY	2.84711694746	0.110642247933
8892	BAKERY	3.04902941997	0.118242544637
11525	BAKERY	3.49295508113	0.134837909166
6050	BAKERY	3.23161272399	0.12508718064
33032	BAKERY	3.54090727629	0.136621081316
89440	BAKERY	3.56906923209	0.13766746721
18827	BAKERY	2.81641941707	0.10948388935
6054	BAKERY	3.29579282279	0.127486812779
5367706	BAKERY	3.45742521041	0.133515492782
6569	BAKERY	3.46341704258	0.133738578659
2758	BAKERY	3.0985970851	0.120103361846
104721	BAKERY	3.64678387727	0.140551742032
11419	BAKERY	3.48091878567	0.13439003319
7122	BAKERY	3.71267602411	0.142993455661
7969	BAKERY	3.51794417085	0.135767394358
240	BAKERY	4.85070856345	0.184616593111
650	BAKERY	3.34661075616	0.129384508825
643820	BAKERY	3.3881260448	0.130933282554
2214	BAKERY	8.94270891452	0.325719539489
5610	BAKERY	3.579917461	0.138070374829
7194	BAKERY	3.17006041517	0.122782703392
12748	BAKERY	3.84141366246	0.147753962928
8467	BAKERY	13.721888401	0.473559447523
31260	BAKERY	3.1854315415	0.123358472018
126	BAKERY	6.31013230273	0.236478184238
6386	BAKERY	3.14390750682	0.121802638508
9261	BAKERY	4.09966186811	0.157263583751
7768	BAKERY	3.51346284041	0.135600745164
7894	BAKERY	3.02511846422	0.11734420188
325	BAKERY	3.59920373253	0.138786442298
61252	BAKERY	3.66378617285	0.141182115266
61199	BAKERY	6.41081515542	0.239993185834
6137	BAKERY	3.66502566804	0.141228061463
8914	BAKERY	2.45364368041	0.0957376002921
1549778	BAKERY	3.0544629246	0.118446619481
638024	BAKERY	3.89473326829	0.149721751839
8785	BAKERY	3.53012492519	0.136220284213
31210	BAKERY	3.2636368887	0.126284945251
7803	BAKERY	3.7369281864	0.143891274548
7915	BAKERY	3.52154413907	0.135901256313
1551246	BAKERY	2.98976150941	0.116014990823
244	BAKERY	3.41927914609	0.132094577892
61130	BAKERY	3.63275691584	0.14003150751
165675	BAKERY	3.11656561179	0.120777431987
638014	BAKERY	3.34948325436	0.129491714946
356	BAKERY	2.54244186714	0.0991120704266
7921	BAKERY	3.69339940183	0.142279496417
93375	BAKERY	3.6449174048	0.140482527037
14296	BAKERY	3.72453584839	0.143432567021
2346	BAKERY	3.29813406374	0.127574287229
7410	BAKERY	3.60779613703	0.139105368295
7695	BAKERY	3.82680333066	0.147214363734
6287	BAKERY	3.93247953755	0.151113423377
7916	BAKERY	3.28283690096	0.127002668791
10895	SWEET	17.5925349709	0.579902484156
62444	SWEET	16.1944022909	0.542872625412
5541	SWEET	14.8430711159	0.505596140575
24020	SWEET	25.6524800239	0.762879308405
14328	SWEET	14.1034136921	0.484574036576
8048	SWEET	24.9933312254	0.749866606719
9609	SWEET	12.6688696666	0.442554683213
2345	SWEET	13.3334867457	0.462226722309
887	SWEET	11.4939435215	0.40691344579
8125	SWEET	14.7320446812	0.502468531053
61386	SWEET	15.7048395614	0.529536788196
7136	SWEET	14.9692580151	0.509138846395
61204	SWEET	16.0321449357	0.538473928932
5363491	SWEET	17.1810447604	0.569166470792
520108	SWEET	12.7402347122	0.44468395628
6374	SWEET	9.22876561766	0.335082578776
8892	SWEET	21.3737960932	0.672216179956
11525	SWEET	13.3955700289	0.464046282595
6050	SWEET	15.6696590776	0.528571076861
33032	SWEET	12.57328969	0.439696542148
89440	SWEET	15.1353497302	0.513782464625
18827	SWEET	14.0534564031	0.483138401374
6054	SWEET	11.8820386002	0.418808407488
5367706	SWEET	14.2057446544	0.487508513702
6569	SWEET	14.9122597778	0.50754019444
2758	SWEET	12.6686550872	0.442548274799
104721	SWEET	13.1570973713	0.457040210355
11419	SWEET	13.2923472062	0.461019290548
7122	SWEET	18.3536392662	0.599403140922
7969	SWEET	12.2584693318	0.430230745129
240	SWEET	13.1932171784	0.458104295329
650	SWEET	13.856729035	0.477465585581
643820	SWEET	15.428720324	0.521930648625
2214	SWEET	13.7866950512	0.475438617874
5610	SWEET	12.4208667174	0.435123496692
7194	SWEET	13.8277932918	0.476628584743
12748	SWEET	11.8834090645	0.418850198182
8467	SWEET	14.0436946676	0.482857642736
31260	SWEET	11.5164905365	0.40760779975
126	SWEET	13.6551771639	0.471621541204
6386	SWEET	11.9806287078	0.421810962617
9261	SWEET	11.8160318746	0.41679383128
7768	SWEET	13.4053154692	0.464331625635
7894	SWEET	11.8791679864	0.418720866636
325	SWEET	12.0262696938	0.423198322653
61252	SWEET	13.611810521	0.470359866576
61199	SWEET	13.5870341347	0.469638366757
6137	SWEET	12.457208234	0.436215514566
8914	SWEET	13.1144496252	0.45578246942
1549778	SWEET	15.1648540701	0.514605043216
638024	SWEET	15.0239514563	0.510670411308
8785	SWEET	19.2718596782	0.622312556945
31210	SWEET	15.4612581942	0.522830125788
7803	SWEET	20.881691578	0.660849645856
7915	SWEET	14.6640313559	0.500547727992
1551246	SWEET	15.3768885224	0.520496060644
244	SWEET	11.9570257624	0.421092844462
61130	SWEET	13.4613600672	0.465971116744
165675	SWEET	12.1685692399	0.427513138658
638014	SWEET	18.2604023026	0.597039175204
356	SWEET	16.6332229835	0.554663276612
7921	SWEET	14.3619701045	0.491972330066
93375	SWEET	13.3916367814	0.463931096982
14296	SWEET	12.7342343112	0.44450508305
2346	SWEET	17.3265283471	0.572977700058
7410	SWEET	12.7966848865	0.446365337827
7695	SWEET	20.2062097781	0.644932025685
6287	SWEET	12.8197239739	0.447050829849
7916	SWEET	14.4140038405	0.493454750933
10895	FRUIT	8.97148416552	0.326664355368
62444	FRUIT	7.34332686675	0.272163294881
5541	FRUIT	9.91047729835	0.357132067822
24020	FRUIT	15.3232661502	0.519009651803
14328	FRUIT	5.8888235252	0.221681644004
8048	FRUIT	15.3867788168	0.52076996773
9609	FRUIT	5.08500828225	0.193057407598
2345	FRUIT	6.25467837132	0.234538734241
887	FRUIT	3.93269674075	0.151121428168
8125	FRUIT	8.54615960064	0.312631646458
61386	FRUIT	8.29855577608	0.304395819856
7136	FRUIT	6.96092477717	0.259055201586
61204	FRUIT	9.07009065293	0.329897008336
5363491	FRUIT	9.44586397836	0.342144820615
520108	FRUIT	4.27477976028	0.163681693612
6374	FRUIT	4.00424125882	0.153756071129
8892	FRUIT	9.00182767969	0.327659946558
11525	FRUIT	4.34431306408	0.166223300164
6050	FRUIT	9.03537405501	0.328759768475
33032	FRUIT	3.14019339833	0.121663410102
89440	FRUIT	6.05827064111	0.22764976838
18827	FRUIT	7.8875756195	0.290617485119
6054	FRUIT	4.06846237641	0.156117540613
5367706	FRUIT	8.32837426099	0.305390243307
6569	FRUIT	6.13159322363	0.230225154761
2758	FRUIT	4.5600617438	0.174084804509
104721	FRUIT	5.18363960541	0.196597536393
11419	FRUIT	4.25540422459	0.162972782938
7122	FRUIT	5.33776734851	0.202113989834
7969	FRUIT	3.79148800133	0.145909367547
240	FRUIT	4.17477878098	0.160019640091
650	FRUIT	5.09860650741	0.193545944969
643820	FRUIT	10.039323546	0.361257734936
2214	FRUIT	5.27581707845	0.1998989848
5610	FRUIT	4.43732352441	0.169617004952
7194	FRUIT	6.19922630424	0.232596889461
12748	FRUIT	3.71988854903	0.143260513634
8467	FRUIT	5.69727470286	0.214907412498
31260	FRUIT	4.43934861073	0.169690817994
126	FRUIT	4.04570210134	0.155281001856
6386	FRUIT	4.18111096672	0.160251763102
9261	FRUIT	3.43043403624	0.132510210379
7768	FRUIT	4.52780708211	0.172911868495
7894	FRUIT	4.73412563806	0.1804002473
325	FRUIT	4.67880006552	0.178395534599
61252	FRUIT	4.63978322962	0.176980293818
61199	FRUIT	4.23503632357	0.162227239878
6137	FRUIT	5.82412478037	0.219396819432
8914	FRUIT	7.75444653354	0.286125284925
1549778	FRUIT	7.66008696848	0.282932705793
638024	FRUIT	5.74613320096	0.216638109333
8785	FRUIT	5.92062018296	0.222803309978
31210	FRUIT	8.08141155539	0.297132777125
7803	FRUIT	11.2932012721	0.400713492895
7915	FRUIT	6.00213400306	0.225675115086
1551246	FRUIT	10.2918511154	0.369305164862
244	FRUIT	3.78391043932	0.145629226288
61130	FRUIT	4.38404331999	0.167673798467
165675	FRUIT	4.6329311865	0.176731626908
638014	FRUIT	5.70887514632	0.215318503678
356	FRUIT	9.19897230842	0.334110455724
7921	FRUIT	4.39858276939	0.168204298624
93375	FRUIT	4.27810691268	0.163803397005
14296	FRUIT	4.15268622171	0.159209527726
2346	FRUIT	4.72787539975	0.180173893672
7410	FRUIT	4.24131270152	0.162457014688
7695	FRUIT	6.96289237384	0.25912294687
6287	FRUIT	0.193764834864	0.00773557547005
7916	FRUIT	5.48357167891	0.207315043813
10895	FISH	1.09120729735	0.0431719985478
62444	FISH	5.80192689615	0.218612133563
5541	FISH	1.12443079605	0.0444714939959
24020	FISH	1.09564726271	0.0433457133387
14328	FISH	1.1757731253	0.0464779480352
8048	FISH	0.989048360333	0.0391706477497
9609	FISH	6.06121308656	0.22775320183
2345	FISH	1.28706711776	0.0508200680043
887	FISH	1.28569000891	0.0507664008369
8125	FISH	1.08111140535	0.0427769354658
61386	FISH	0.983942344205	0.0389704367535
7136	FISH	1.20470661768	0.0476077374932
61204	FISH	1.08139216664	0.0427879230584
5363491	FISH	1.11101286541	0.0439467747814
520108	FISH	3.52625307504	0.136076338702
6374	FISH	1.36166514263	0.0537249529208
8892	FISH	1.08164062611	0.0427976464666
11525	FISH	1.2741808024	0.0503178174091
6050	FISH	1.08691944421	0.0430042202169
33032	FISH	1.22690117209	0.048473932289
89440	FISH	1.13146986313	0.0447467049046
18827	FISH	1.09515429801	0.0433264267458
6054	FISH	1.46095580777	0.057584475562
5367706	FISH	1.24836056421	0.049311060929
6569	FISH	1.11206458576	0.0439879083734
2758	FISH	1.24477305319	0.0491711381462
104721	FISH	1.13563936612	0.0449097039369
11419	FISH	1.46717173351	0.0578258321822
7122	FISH	1.22732706904	0.048490550068
7969	FISH	4.52832033889	0.172930539519
240	FISH	1.38347980246	0.0545735855529
650	FISH	1.11672417376	0.0441701377984
643820	FISH	1.15104026584	0.0455116531563
2214	FISH	1.18996912788	0.0470323545052
5610	FISH	1.46640808489	0.057796182327
7194	FISH	1.29305581515	0.0510534352696
12748	FISH	3.69608720056	0.142379063785
8467	FISH	1.21728524075	0.0480986962872
31260	FISH	1.18604661601	0.0468791820104
126	FISH	1.28678865414	0.0508092161495
6386	FISH	1.18759089151	0.0469394868101
9261	FISH	1.41012692562	0.0556096938462
7768	FISH	2.5329838189	0.0987529499451
7894	FISH	1.27633428039	0.0504017595376
325	FISH	1.25047567315	0.0493935511622
61252	FISH	4.16549985335	0.159679438523
61199	FISH	1.15754328134	0.0457657686743
6137	FISH	6.01476459993	0.22611962672
8914	FISH	0.979070979492	0.0387794071865
1549778	FISH	1.11959313267	0.0442823297936
638024	FISH	1.31459533367	0.0518925489904
8785	FISH	1.27911079024	0.0505099818442
31210	FISH	1.21569385663	0.0480365896438
7803	FISH	1.08657704955	0.0429908221083
7915	FISH	1.06554968633	0.0421678289995
1551246	FISH	1.18596935489	0.0468761648713
244	FISH	1.45376861904	0.0573053674823
61130	FISH	1.21348869217	0.0479505257644
165675	FISH	1.18510437006	0.0468423858551
638014	FISH	1.16369883115	0.0460062752583
356	FISH	1.01391160861	0.0401452576444
7921	FISH	1.20790285086	0.0477325023157
93375	FISH	1.24102514538	0.0490249484505
14296	FISH	1.20297818382	0.0475402647485
2346	FISH	1.88318215272	0.0739087361005
7410	FISH	1.27273899188	0.0502616138588
7695	FISH	1.18964968711	0.0470198809333
6287	FISH	1.13383151826	0.0448390311656
7916	FISH	1.11284087159	0.0440182689413
10895	GARLIC	2.7366226875	0.106469266007
62444	GARLIC	8.38973288133	0.307434268125
5541	GARLIC	2.72181747798	0.105909382966
24020	GARLIC	2.73889093563	0.106555028002
14328	GARLIC	2.5952612303	0.10111629687
8048	GARLIC	2.5091060165	0.0978459954592
9609	GARLIC	7.92366293251	0.291832743593
2345	GARLIC	2.5875720477	0.100824670267
887	GARLIC	3.60550699402	0.139020407487
8125	GARLIC	2.71398545972	0.105613131559
61386	GARLIC	2.53058474388	0.0986618460968
7136	GARLIC	2.65862838889	0.103517813592
61204	GARLIC	2.67012487512	0.103953168265
5363491	GARLIC	2.70780048058	0.105379145846
520108	GARLIC	2.87744988254	0.111786108171
6374	GARLIC	2.99699535369	0.116287021688
8892	GARLIC	2.86680466331	0.111384758941
11525	GARLIC	3.5132569438	0.135593088011
6050	GARLIC	2.58817577447	0.100847569443
33032	GARLIC	2.93386837515	0.113911701549
89440	GARLIC	2.66037218889	0.103583855482
18827	GARLIC	2.88016912794	0.111888615435
6054	GARLIC	3.09964621411	0.120142725903
5367706	GARLIC	2.56983353001	0.100151723451
6569	GARLIC	2.80462660766	0.109038692143
2758	GARLIC	3.37223740458	0.130340702138
104721	GARLIC	2.71661019783	0.105712419526
11419	GARLIC	4.30526795616	0.164796585377
7122	GARLIC	2.58289490805	0.10064725788
7969	GARLIC	2.70747085958	0.105366675001
240	GARLIC	2.61120856848	0.101720978664
650	GARLIC	2.758624534	0.107300977632
643820	GARLIC	2.98775345908	0.11593947007
2214	GARLIC	2.62307104457	0.102170641101
5610	GARLIC	2.81560682258	0.109453216192
7194	GARLIC	2.6016941869	0.101360242419
12748	GARLIC	3.14891887571	0.121990478994
8467	GARLIC	2.65905200856	0.103533857309
31260	GARLIC	4.62111250552	0.176302627905
126	GARLIC	2.62090802936	0.102088657615
6386	GARLIC	3.11452069092	0.120700731983
9261	GARLIC	3.05072326486	0.118306165619
7768	GARLIC	2.93758116068	0.114051493197
7894	GARLIC	3.16965657427	0.122767573851
325	GARLIC	2.90017702229	0.112642670187
61252	GARLIC	3.31878487898	0.12834566193
61199	GARLIC	2.79097719367	0.108523266269
6137	GARLIC	8.97177894435	0.326674030804
8914	GARLIC	2.92268766853	0.113490665458
1549778	GARLIC	2.6840561884	0.104480584487
638024	GARLIC	2.62256215347	0.102151353239
8785	GARLIC	2.63498556447	0.102622163009
31210	GARLIC	2.57179801415	0.100226262556
7803	GARLIC	2.68745243	0.104609136974
7915	GARLIC	2.70301102994	0.105197933746
1551246	GARLIC	2.84354260668	0.110507410445
244	GARLIC	2.86335589876	0.111254713149
61130	GARLIC	2.75760946192	0.107262614499
165675	GARLIC	3.25063758731	0.125798845603
638014	GARLIC	2.71452099389	0.105633390065
356	GARLIC	2.76134167689	0.107403663933
7921	GARLIC	2.94876859665	0.114472649372
93375	GARLIC	2.89876056412	0.112589297442
14296	GARLIC	2.83496937429	0.110183954431
2346	GARLIC	2.71732958462	0.105739631356
7410	GARLIC	2.62708071939	0.102322607533
7695	GARLIC	2.60230329255	0.101383338731
6287	GARLIC	2.84947179256	0.110731075904
7916	GARLIC	2.74735792135	0.106875126635
10895	SPICES	5.96808005199	0.224476010277
62444	SPICES	5.65744315881	0.213495061114
5541	SPICES	5.81124830521	0.218941689462
24020	SPICES	5.81859161166	0.219201261129
14328	SPICES	7.40699525944	0.274334378868
8048	SPICES	5.12424671626	0.194466706887
9609	SPICES	5.87694372421	0.221262361954
2345	SPICES	6.42549388178	0.240504966621
887	SPICES	6.29112831021	0.235813814242
8125	SPICES	5.23479014883	0.198430394792
61386	SPICES	5.20480186013	0.197356089444
7136	SPICES	7.0028343837	0.260497499586
61204	SPICES	5.55108856911	0.209717709044
5363491	SPICES	6.77527252529	0.252649173895
520108	SPICES	6.34893085402	0.237833664965
6374	SPICES	6.6942119641	0.249843489036
8892	SPICES	5.33603790098	0.202052195847
11525	SPICES	6.59555313144	0.246421596814
6050	SPICES	5.50760875226	0.208170848423
33032	SPICES	5.66326547698	0.213701588734
89440	SPICES	6.849713748	0.255221118548
18827	SPICES	5.53627280594	0.209190785605
6054	SPICES	6.82931694359	0.254516849777
5367706	SPICES	6.19596780005	0.23248270521
6569	SPICES	5.70736089821	0.21526484856
2758	SPICES	6.69934431807	0.250021287006
104721	SPICES	6.60688682616	0.246815091633
11419	SPICES	6.557667587	0.245105501807
7122	SPICES	6.90379785262	0.257086944189
7969	SPICES	7.16112530097	0.265932325808
240	SPICES	7.02136570244	0.261134797567
650	SPICES	5.82033610176	0.219262919135
643820	SPICES	5.98044124998	0.224911378981
2214	SPICES	7.94983593127	0.292713480717
5610	SPICES	7.24238146769	0.268714422978
7194	SPICES	6.34131899038	0.237567829
12748	SPICES	7.06922289367	0.262779350819
8467	SPICES	7.81202075699	0.288069762956
31260	SPICES	6.49601009343	0.242961144884
126	SPICES	7.70643726005	0.284501820305
6386	SPICES	6.41895337726	0.240276950106
9261	SPICES	7.55855614924	0.279489537545
7768	SPICES	6.33165036152	0.23723009594
7894	SPICES	6.19709655658	0.232522259971
325	SPICES	9.5125107187	0.344305284679
61252	SPICES	6.52515625714	0.243975184613
61199	SPICES	6.73610637112	0.251294203227
6137	SPICES	5.95511613974	0.224019282295
8914	SPICES	5.0429037827	0.191543799883
1549778	SPICES	5.703058527	0.215112390455
638024	SPICES	8.3826386862	0.307198094911
8785	SPICES	6.44544606612	0.241200332648
31210	SPICES	6.01861695551	0.226255178198
7803	SPICES	5.50160822151	0.207957251651
7915	SPICES	6.28349678758	0.235546938751
1551246	SPICES	5.89368699426	0.221853261216
244	SPICES	7.01142542945	0.260792982557
61130	SPICES	6.67630637813	0.249223028383
165675	SPICES	7.10662887549	0.26406348543
638014	SPICES	6.4931114064	0.242860257962
356	SPICES	5.1559999422	0.195606263526
7921	SPICES	6.51948397157	0.24377789036
93375	SPICES	6.72962164677	0.251069742867
14296	SPICES	6.95416975933	0.258822599557
2346	SPICES	6.85244723213	0.255315476058
7410	SPICES	6.67488959625	0.249173923401
7695	SPICES	6.65504952912	0.248486107471
6287	SPICES	6.23504883107	0.233851619672
7916	SPICES	5.83572653557	0.219806779744
10895	COLD	4.42674329014	0.169231309143
62444	COLD	4.41936669006	0.168962346826
5541	COLD	4.78132109342	0.182108431177
24020	COLD	4.67495455083	0.178256102012
14328	COLD	4.897528764	0.186306835362
8048	COLD	4.78447806187	0.182222630345
9609	COLD	4.50313342297	0.172014052669
2345	COLD	4.52110128522	0.172667908676
887	COLD	4.56829001605	0.174383891174
8125	COLD	4.71001160806	0.179526780583
61386	COLD	4.81030815066	0.183156700225
7136	COLD	4.75614186397	0.181197320387
61204	COLD	5.0046967409	0.190169073848
5363491	COLD	4.66594628081	0.177929429354
520108	COLD	4.44152285701	0.169770064165
6374	COLD	5.11333711573	0.194074998046
8892	COLD	4.55329017935	0.173838626591
11525	COLD	5.821220817	0.21929418796
6050	COLD	4.6740903518	0.178224765825
33032	COLD	4.50878468858	0.172219731796
89440	COLD	6.02953988037	0.226639454747
18827	COLD	4.74291625408	0.180718548326
6054	COLD	4.55159620861	0.173777037126
5367706	COLD	4.6239279711	0.176404834891
6569	COLD	4.50168871728	0.171961468168
2758	COLD	6.94280887206	0.258431316869
104721	COLD	4.69875435267	0.17911885712
11419	COLD	5.80583968443	0.218750477601
7122	COLD	4.68287150425	0.17854314596
7969	COLD	4.55478547778	0.173892990812
240	COLD	4.50918598063	0.172234335942
650	COLD	4.73647194247	0.180485211114
643820	COLD	4.90162546855	0.186454645849
2214	COLD	4.84221121881	0.184309644958
5610	COLD	4.68360735753	0.17856982315
7194	COLD	4.55227253755	0.1738016274
12748	COLD	4.46576903832	0.170653524292
8467	COLD	4.6138024329	0.17603722816
31260	COLD	4.67177639143	0.178140857797
126	COLD	4.62635805666	0.176493046719
6386	COLD	4.57900282891	0.174773206394
9261	COLD	4.6203324073	0.17627430767
7768	COLD	6.08237792919	0.228496988658
7894	COLD	4.61302363219	0.176008950475
325	COLD	4.8973987573	0.186302144457
61252	COLD	5.184947367	0.196644423001
61199	COLD	4.94531581059	0.188030173037
6137	COLD	4.55320142573	0.17383539974
8914	COLD	4.88455779414	0.185838749828
1549778	COLD	4.80322118032	0.18290047373
638024	COLD	4.93076949828	0.187505784793
8785	COLD	4.59478805841	0.175346691416
31210	COLD	4.57858373006	0.174757977613
7803	COLD	4.46071322025	0.170469343837
7915	COLD	4.73563346837	0.180454848996
1551246	COLD	4.78113488419	0.182101695055
244	COLD	4.55566059314	0.173924806349
61130	COLD	6.21404821834	0.23311617063
165675	COLD	6.31388027214	0.236609177249
638014	COLD	5.71996941822	0.21571155667
356	COLD	4.77248977472	0.181788927529
7921	COLD	4.94114811734	0.187879946807
93375	COLD	5.61240799144	0.211896670273
14296	COLD	5.02798176691	0.191007030417
2346	COLD	4.51059629403	0.17228566019
7410	COLD	4.68488972213	0.178616312202
7695	COLD	4.86772607295	0.185231140069
6287	COLD	4.930611121	0.187500074429
7916	COLD	4.80050941367	0.182802420295
10895	SOUR	8.36259092921	0.306530466349
62444	SOUR	11.31847898	0.401495972631
5541	SOUR	8.78697927958	0.320594769239
24020	SOUR	8.8698560768	0.323324504343
14328	SOUR	8.08950693611	0.297404228457
8048	SOUR	8.00973507863	0.294727060733
9609	SOUR	9.0869752399	0.330449761992
2345	SOUR	7.82485648288	0.288502907724
887	SOUR	8.03582390865	0.29560316999
8125	SOUR	9.12242224891	0.331609454881
61386	SOUR	7.90028246427	0.291045513365
7136	SOUR	8.18373276564	0.300559917834
61204	SOUR	7.93449829626	0.292197426565
5363491	SOUR	8.63624558772	0.315615928368
520108	SOUR	10.070203244	0.36224453241
6374	SOUR	9.62987438966	0.348101183282
8892	SOUR	13.6379212372	0.471119691218
11525	SOUR	7.85867409743	0.289643460469
6050	SOUR	8.56792756021	0.313353349338
33032	SOUR	13.5595383608	0.46883710221
89440	SOUR	8.01862891744	0.295025792811
18827	SOUR	9.23619870654	0.335325001643
6054	SOUR	8.10004256397	0.297757426743
5367706	SOUR	8.16281727696	0.29986005672
6569	SOUR	9.35878818377	0.339316760843
2758	SOUR	8.1302138076	0.298768401681
104721	SOUR	8.4783594593	0.310381346724
11419	SOUR	7.85551809913	0.289537058123
7122	SOUR	7.70245095811	0.284366938019
7969	SOUR	8.51388880922	0.311561031307
240	SOUR	7.71106965993	0.284658548277
650	SOUR	9.33229265101	0.338455031591
643820	SOUR	9.09450237156	0.330696105508
2214	SOUR	8.09597656563	0.297621128005
5610	SOUR	7.96967623612	0.293380753721
7194	SOUR	7.99524100693	0.294240088774
12748	SOUR	9.91903221084	0.357406408434
8467	SOUR	7.82673810496	0.288566392453
31260	SOUR	9.0182992459	0.328200081321
126	SOUR	7.45176831119	0.275859192062
6386	SOUR	8.52795518055	0.312027799397
9261	SOUR	7.66403467801	0.283066416102
7768	SOUR	7.69069751013	0.283969169128
7894	SOUR	8.75872793412	0.319662991355
325	SOUR	7.94723600033	0.292626015995
61252	SOUR	7.72264113313	0.285049970897
61199	SOUR	8.61350464873	0.314863201016
6137	SOUR	11.4271464848	0.404853988677
8914	SOUR	7.93810204795	0.292318696269
1549778	SOUR	8.8307640987	0.322037606121
638024	SOUR	7.83228255259	0.28875344211
8785	SOUR	8.02307469135	0.295175096653
31210	SOUR	8.06739105299	0.296662522759
7803	SOUR	8.57459602042	0.313574362051
7915	SOUR	9.38898487654	0.340298180257
1551246	SOUR	9.29969794699	0.337394165118
244	SOUR	8.00307989256	0.294503480596
61130	SOUR	12.9584867776	0.451170519278
165675	SOUR	7.92608845871	0.291914387046
638014	SOUR	8.07895210409	0.297050297324
356	SOUR	7.97396904652	0.293525088919
7921	SOUR	8.08630240932	0.297296781711
93375	SOUR	12.8410749653	0.447685716107
14296	SOUR	8.02656280388	0.295292227977
2346	SOUR	8.8376015672	0.322262782104
7410	SOUR	7.99996345428	0.294398772063
7695	SOUR	7.96215108351	0.29312770339
6287	SOUR	9.30585465753	0.337594613938
7916	SOUR	9.94815394222	0.358339850945
10895	BURNT	4.79724861648	0.182684506944
62444	BURNT	8.1187393945	0.298384004038
5541	BURNT	4.79696303183	0.182674179542
24020	BURNT	4.7440944619	0.180761205571
14328	BURNT	5.69572381398	0.214852444653
8048	BURNT	4.78297124223	0.182168124128
9609	BURNT	4.99897120748	0.189962963046
2345	BURNT	5.74152571416	0.216474981556
887	BURNT	5.44114117372	0.20580324004
8125	BURNT	4.84431861	0.184385775282
61386	BURNT	4.95819086002	0.188494171759
7136	BURNT	5.57113335007	0.210430323281
61204	BURNT	5.48179609189	0.207251808318
5363491	BURNT	4.73079795944	0.180279738644
520108	BURNT	6.12617322199	0.230034929541
6374	BURNT	5.9774739029	0.224806878412
8892	BURNT	4.79996045954	0.182782570216
11525	BURNT	7.32534093866	0.271549389599
6050	BURNT	4.73063215129	0.180273733831
33032	BURNT	5.10645769269	0.193827943641
89440	BURNT	5.56094424012	0.210068129268
18827	BURNT	4.96195409898	0.188629768567
6054	BURNT	6.16572536028	0.231422546724
5367706	BURNT	5.41869389648	0.205002858442
6569	BURNT	4.84561685418	0.184432673088
2758	BURNT	5.25859243345	0.199282579585
104721	BURNT	5.74939180153	0.216753469626
11419	BURNT	7.90149649522	0.291086401063
7122	BURNT	5.98939014352	0.225226488024
7969	BURNT	6.73119457234	0.251124190745
240	BURNT	6.16863386274	0.231524537016
650	BURNT	4.99950637445	0.189982229383
643820	BURNT	4.8570782172	0.184846645165
2214	BURNT	5.81312999838	0.219008207784
5610	BURNT	6.29421773381	0.2359218386
7194	BURNT	5.62410992237	0.212312151927
12748	BURNT	6.59685091833	0.246466659918
8467	BURNT	5.8507018952	0.220335790742
31260	BURNT	5.30773874971	0.201040713734
126	BURNT	6.28019730743	0.235431541009
6386	BURNT	5.15721397457	0.195649816591
9261	BURNT	7.48484692604	0.276984703639
7768	BURNT	5.86624883415	0.220884803212
7894	BURNT	5.23491981097	0.198435038268
325	BURNT	6.11536058811	0.229655369475
61252	BURNT	6.63362210714	0.247742907381
61199	BURNT	5.89802024697	0.222006152745
6137	BURNT	7.42984785519	0.275112858547
8914	BURNT	5.05188251264	0.191866693737
1549778	BURNT	4.72015708817	0.179894330352
638024	BURNT	5.7709008387	0.217514714952
8785	BURNT	5.67050277885	0.213958270448
31210	BURNT	5.35304212391	0.202659660964
7803	BURNT	4.58680362472	0.175056637992
7915	BURNT	4.86500134378	0.185132758521
1551246	BURNT	4.81536481717	0.183339497358
244	BURNT	6.34227267586	0.237601137957
61130	BURNT	5.60310405671	0.21156625224
165675	BURNT	5.65358696218	0.213358260272
638014	BURNT	5.37757193616	0.203535565475
356	BURNT	4.84089846377	0.184262219376
7921	BURNT	8.10092947496	0.297787155655
93375	BURNT	6.50060420316	0.243121026124
14296	BURNT	5.94660050884	0.223719197309
2346	BURNT	6.40734544353	0.239872187488
7410	BURNT	5.95812030749	0.22412513326
7695	BURNT	5.5291377746	0.208936965172
6287	BURNT	5.09537017324	0.193429688049
7916	BURNT	4.71852712909	0.179835285856
10895	ACID	6.94757841787	0.258595598366
62444	ACID	6.58595434497	0.246088255945
5541	ACID	6.05448400375	0.227516649529
24020	ACID	6.99624259811	0.260270739728
14328	ACID	6.4238861322	0.240448920072
8048	ACID	6.1886299663	0.232225542308
9609	ACID	7.04845127858	0.262065784973
2345	ACID	6.29212462852	0.235848652204
887	ACID	6.85844242195	0.255522403896
8125	ACID	7.11133115596	0.264224833914
61386	ACID	5.61803328816	0.212096412316
7136	ACID	5.7939192362	0.218328969402
61204	ACID	6.48264691161	0.242495992072
5363491	ACID	6.06117571744	0.227751888267
520108	ACID	6.76143286755	0.252170524933
6374	ACID	8.70235888902	0.317801935468
8892	ACID	6.40076958431	0.239642842864
11525	ACID	8.8222567221	0.321757383416
6050	ACID	4.99356722761	0.189768403642
33032	ACID	6.13122945664	0.230212388406
89440	ACID	6.1022956329	0.229196620519
18827	ACID	7.03562287555	0.261624919323
6054	ACID	7.11962979263	0.264509540352
5367706	ACID	6.14779688967	0.230793712948
6569	ACID	6.98500876164	0.259884211506
2758	ACID	7.27321748106	0.269768822232
104721	ACID	6.25059707065	0.23439589733
11419	ACID	8.77838078325	0.32031124366
7122	ACID	6.53455188847	0.244301928186
7969	ACID	7.18697137777	0.266817832077
240	ACID	6.97699914069	0.259608558824
650	ACID	6.57412781525	0.245677449997
643820	ACID	6.78780478485	0.253082473875
2214	ACID	6.67026346739	0.249013572806
5610	ACID	6.67380784843	0.249136429458
7194	ACID	5.88902477665	0.221688745938
12748	ACID	6.67303985298	0.249109809767
8467	ACID	6.60337295683	0.24669310451
31260	ACID	7.30580224464	0.270882191211
126	ACID	6.60064702398	0.246598464505
6386	ACID	7.04372506742	0.261903377567
9261	ACID	6.69240566419	0.249780909138
7768	ACID	8.16988228046	0.300096500628
7894	ACID	7.30997946755	0.271024858776
325	ACID	7.45385443454	0.275930199009
61252	ACID	7.8763036916	0.290237683727
61199	ACID	6.66779906338	0.248928144795
6137	ACID	6.12926373984	0.230143399996
8914	ACID	7.30473136122	0.270845614345
1549778	ACID	6.24670401329	0.23425963612
638024	ACID	5.69769469438	0.214922297843
8785	ACID	6.15939728414	0.231200621404
31210	ACID	5.7664809464	0.217358316854
7803	ACID	6.71878334414	0.250694513915
7915	ACID	6.93301520417	0.258093928238
1551246	ACID	6.47562189003	0.242251404056
244	ACID	7.14221086376	0.265283964141
61130	ACID	6.98744698962	0.259968113412
165675	ACID	7.32063119083	0.27138859122
638014	ACID	5.95074794536	0.223865357371
356	ACID	7.37790833682	0.273342920902
7921	ACID	7.10637381907	0.26405473322
93375	ACID	6.85466308047	0.25539196084
14296	ACID	6.8380696905	0.254819108783
2346	ACID	6.78620260776	0.253027085977
7410	ACID	7.14175684148	0.265268397346
7695	ACID	6.0618818703	0.227776710088
6287	ACID	6.54304500979	0.244597225191
7916	ACID	6.68530161339	0.249534761471
10895	WARM	5.82437191108	0.21940555318
62444	WARM	6.82794695848	0.254469534472
5541	WARM	5.8451496947	0.220139677807
24020	WARM	5.79206247029	0.218263303748
14328	WARM	6.50849221826	0.243395500348
8048	WARM	5.43475518631	0.205575581878
9609	WARM	6.45636778439	0.241580837389
2345	WARM	6.1814831994	0.231975034158
887	WARM	4.61881928982	0.17621937494
8125	WARM	5.14865812366	0.195342852757
61386	WARM	5.47312805946	0.206943070076
7136	WARM	6.44097062115	0.241044383829
61204	WARM	5.8879586301	0.221651122472
5363491	WARM	5.55281347617	0.209779044046
520108	WARM	6.0457067988	0.227208043673
6374	WARM	5.53865834125	0.209275639162
8892	WARM	5.40292303978	0.204440290642
11525	WARM	6.88349157695	0.256386680562
6050	WARM	5.69504272391	0.214828304306
33032	WARM	5.77978798747	0.217829139827
89440	WARM	6.53215340704	0.244218525028
18827	WARM	5.27149634114	0.199744384176
6054	WARM	5.98990404337	0.225244581555
5367706	WARM	6.02194615013	0.226372311831
6569	WARM	5.4634027462	0.206596602021
2758	WARM	6.3130881248	0.236581492323
104721	WARM	6.20894278301	0.232937323127
11419	WARM	7.04671805926	0.262006228208
7122	WARM	6.42804798349	0.240593998988
7969	WARM	6.38668434845	0.239151479151
240	WARM	6.81444992388	0.254003305849
650	WARM	6.29127990156	0.235819114942
643820	WARM	5.55552850218	0.209875581312
2214	WARM	7.09169354024	0.263550894702
5610	WARM	6.18518479351	0.232104787369
7194	WARM	6.10252515387	0.229204680853
12748	WARM	6.03173410862	0.226716637802
8467	WARM	11.9291165112	0.420243132154
31260	WARM	5.45480569209	0.206290265628
126	WARM	7.34065946549	0.272072266064
6386	WARM	5.95488341617	0.224011082047
9261	WARM	6.20825811906	0.232913337213
7768	WARM	6.34296368427	0.237625272051
7894	WARM	5.35585911863	0.202760273986
325	WARM	6.25228045774	0.234454813941
61252	WARM	6.89916067093	0.256927059652
61199	WARM	6.57044997746	0.245549673936
6137	WARM	6.42480178527	0.240480840219
8914	WARM	5.01654459634	0.190595495979
1549778	WARM	5.67095240783	0.213974215828
638024	WARM	6.45346217931	0.241479617533
8785	WARM	6.08870255089	0.228719182534
31210	WARM	5.9363209095	0.223356874004
7803	WARM	5.36876255094	0.203221057506
7915	WARM	5.84982912214	0.220304964582
1551246	WARM	5.88268985606	0.221465178265
244	WARM	6.13829813538	0.230460443816
61130	WARM	6.92173369436	0.25770518884
165675	WARM	6.15585005892	0.231076206378
638014	WARM	6.26002698082	0.234725904112
356	WARM	4.89751870132	0.186306472281
7921	WARM	7.13918284546	0.265180141138
93375	WARM	6.73400479389	0.25122146353
14296	WARM	6.20633453434	0.232845946033
2346	WARM	6.29920800204	0.2360963115
7410	WARM	6.20820487502	0.232911471893
7695	WARM	6.12246406265	0.229904736027
6287	WARM	6.01941608007	0.226283295225
7916	WARM	5.76662826789	0.217363530084
10895	MUSKY	7.0021230597	0.260473031451
62444	MUSKY	9.80424718195	0.353720582156
5541	MUSKY	7.57340899779	0.279993750373
24020	MUSKY	7.52789972741	0.278448279374
14328	MUSKY	7.8700464127	0.290026804293
8048	MUSKY	6.95371455803	0.258806923859
9609	MUSKY	7.8155613288	0.288189253598
2345	MUSKY	7.71293806047	0.284721757009
887	MUSKY	7.28172518234	0.270059598641
8125	MUSKY	7.75294730056	0.286074615284
61386	MUSKY	7.0317898217	0.261493165629
7136	MUSKY	7.61316431919	0.281342464387
61204	MUSKY	7.12658433346	0.264748091633
5363491	MUSKY	7.32551306501	0.271555265934
520108	MUSKY	10.2379266801	0.36759101012
6374	MUSKY	8.83182597022	0.322072578822
8892	MUSKY	13.1121920382	0.455715849509
11525	MUSKY	7.4342056447	0.275261260361
6050	MUSKY	7.27815754821	0.26993767101
33032	MUSKY	12.627377748	0.441314842404
89440	MUSKY	7.72012072019	0.284964723234
18827	MUSKY	7.90858570124	0.291325136932
6054	MUSKY	8.35298005934	0.306210292025
5367706	MUSKY	7.68883172903	0.283906015818
6569	MUSKY	8.00916142541	0.294707790321
2758	MUSKY	7.43007869335	0.275120719978
104721	MUSKY	8.26509318887	0.303279021387
11419	MUSKY	7.43674612049	0.275347767675
7122	MUSKY	7.79195620522	0.287392415607
7969	MUSKY	10.078839338	0.362520372559
240	MUSKY	8.19310448579	0.300873394986
650	MUSKY	8.12998003599	0.298760571285
643820	MUSKY	7.76722185164	0.286556979949
2214	MUSKY	7.8724463675	0.290107689976
5610	MUSKY	8.21652424306	0.301656461468
7194	MUSKY	8.01008292321	0.294738745554
12748	MUSKY	10.5634114122	0.377902192223
8467	MUSKY	7.56145958062	0.279588114829
31260	MUSKY	7.95315985442	0.292825293509
126	MUSKY	7.72365516386	0.285084266918
6386	MUSKY	7.55505167676	0.279370544735
9261	MUSKY	8.71385031122	0.31818153755
7768	MUSKY	7.60390511801	0.281028455503
7894	MUSKY	7.65559884996	0.282780676498
325	MUSKY	7.84002692892	0.289014668258
61252	MUSKY	7.46113792007	0.276178085178
61199	MUSKY	8.0250991455	0.295243079302
6137	MUSKY	9.95333394249	0.358505815071
8914	MUSKY	7.17642407669	0.266456538056
1549778	MUSKY	7.46569628147	0.276333202872
638024	MUSKY	7.80690204815	0.28789699409
8785	MUSKY	7.6956942775	0.284138286935
31210	MUSKY	7.46685497695	0.276372629779
7803	MUSKY	7.08110391729	0.263187343616
7915	MUSKY	8.27334416945	0.303554477279
1551246	MUSKY	8.00867099951	0.294691315509
244	MUSKY	8.43923195141	0.309081023684
61130	MUSKY	12.0401551761	0.423620072378
165675	MUSKY	7.20432954812	0.26741223623
638014	MUSKY	7.4225479008	0.274864229096
356	MUSKY	6.8857373262	0.256464141638
7921	MUSKY	7.56625508385	0.279750916956
93375	MUSKY	11.9373126504	0.420492732692
14296	MUSKY	7.82898762639	0.288642286154
2346	MUSKY	10.4676702234	0.374877960973
7410	MUSKY	8.02859125371	0.295360339141
7695	MUSKY	7.49418862132	0.277302399616
6287	MUSKY	17.6276077567	0.580811288179
7916	MUSKY	8.74228556403	0.319120399808
10895	SWEATY	3.92245433401	0.150743914159
62444	SWEATY	5.55472589383	0.209847043851
5541	SWEATY	3.71231391609	0.142980046799
24020	SWEATY	4.02915642372	0.154672616354
14328	SWEATY	2.41289762375	0.0941870749729
8048	SWEATY	4.12639384558	0.158244903356
9609	SWEATY	5.1139165092	0.194095803543
2345	SWEATY	3.697656407	0.142437191118
887	SWEATY	5.18875444628	0.19678090877
8125	SWEATY	4.33160657777	0.165759136893
61386	SWEATY	3.87402251545	0.148957680438
7136	SWEATY	3.33442258743	0.128929553901
61204	SWEATY	3.73127977908	0.143682211647
5363491	SWEATY	3.82944859013	0.147312073003
520108	SWEATY	4.75572512464	0.181182236401
6374	SWEATY	5.68928296569	0.214624142362
8892	SWEATY	7.41522415669	0.27461474655
11525	SWEATY	4.36201554874	0.166869750091
6050	SWEATY	4.08418655006	0.156695230092
33032	SWEATY	7.15294734109	0.265652031378
89440	SWEATY	2.78549458165	0.10831619124
18827	SWEATY	3.68009571707	0.141786586888
6054	SWEATY	3.75259268726	0.14447092674
5367706	SWEATY	3.94096990048	0.151426298517
6569	SWEATY	5.16960632271	0.196094321096
2758	SWEATY	4.2476703842	0.162689733891
104721	SWEATY	1.59754574688	0.0628809689097
11419	SWEATY	4.41660529651	0.168861650922
7122	SWEATY	3.08299457423	0.119517840751
7969	SWEATY	4.29182186083	0.164304980479
240	SWEATY	2.47679275451	0.096617909241
650	SWEATY	5.08665509192	0.193116579667
643820	SWEATY	3.27846230141	0.126839166032
2214	SWEATY	2.11251316213	0.0827154417411
5610	SWEATY	3.44091594281	0.132900676702
7194	SWEATY	3.99270785658	0.153331627852
12748	SWEATY	4.55451931883	0.173883314263
8467	SWEATY	3.26513278293	0.126340874481
31260	SWEATY	5.46351008724	0.2066004265
126	SWEATY	2.40411202565	0.0938525791731
6386	SWEATY	4.98822270696	0.189575961969
9261	SWEATY	4.14250311301	0.158835991704
7768	SWEATY	4.49838874776	0.17184134938
7894	SWEATY	5.24421592537	0.198767916746
325	SWEATY	1.54391110776	0.0608029797069
61252	SWEATY	4.25280061607	0.162877499411
61199	SWEATY	4.71697032448	0.179778889362
6137	SWEATY	4.02426794786	0.154492824908
8914	SWEATY	4.33464650065	0.165870195912
1549778	SWEATY	3.05974615569	0.118645027613
638024	SWEATY	3.9847525348	0.153038800287
8785	SWEATY	3.56308845572	0.137445298491
31210	SWEATY	4.12998765361	0.158376786937
7803	SWEATY	4.03970456333	0.15506049735
7915	SWEATY	4.97420947658	0.189071275097
1551246	SWEATY	3.25757495176	0.126058280244
244	SWEATY	2.46146377148	0.0960350292999
61130	SWEATY	5.18493835865	0.196644100033
165675	SWEATY	1.43232077339	0.0564722138165
638014	SWEATY	2.43377886903	0.0949818429279
356	SWEATY	3.78974626811	0.145844980014
7921	SWEATY	4.32141146444	0.16538661976
93375	SWEATY	4.6165680389	0.176137641373
14296	SWEATY	4.49340735681	0.171660010403
2346	SWEATY	4.08434222215	0.156700948331
7410	SWEATY	2.25877687544	0.0883102458284
7695	SWEATY	3.19569827265	0.123742935926
6287	SWEATY	14.0694654798	0.483598675638
7916	SWEATY	5.01276084798	0.190459325392
10895	AMMONIA/URINOUS	5.01790762486	0.190644546222
62444	AMMONIA/URINOUS	6.11262287935	0.229559251788
5541	AMMONIA/URINOUS	4.59789477999	0.175459536637
24020	AMMONIA/URINOUS	5.18381060524	0.196603667253
14328	AMMONIA/URINOUS	4.92017303057	0.187123680162
8048	AMMONIA/URINOUS	4.94183190847	0.187904595294
9609	AMMONIA/URINOUS	6.39523577274	0.239449814674
2345	AMMONIA/URINOUS	6.63550073539	0.247808081412
887	AMMONIA/URINOUS	5.50629317636	0.208124021237
8125	AMMONIA/URINOUS	6.12424319845	0.229967186037
61386	AMMONIA/URINOUS	5.028562901	0.1910279381
7136	AMMONIA/URINOUS	4.91818587785	0.187052014182
61204	AMMONIA/URINOUS	5.26406122784	0.199478312869
5363491	AMMONIA/URINOUS	4.97967857905	0.189268263662
520108	AMMONIA/URINOUS	6.05675782278	0.227596586782
6374	AMMONIA/URINOUS	8.46102315278	0.309805360995
8892	AMMONIA/URINOUS	5.32283332536	0.201580311171
11525	AMMONIA/URINOUS	6.84056107994	0.254905132842
6050	AMMONIA/URINOUS	4.56344258973	0.174207700281
33032	AMMONIA/URINOUS	5.07154268152	0.192573489192
89440	AMMONIA/URINOUS	5.58064386963	0.210768320385
18827	AMMONIA/URINOUS	5.67295854307	0.21404535827
6054	AMMONIA/URINOUS	6.67550035726	0.249195092283
5367706	AMMONIA/URINOUS	5.413703284	0.204824858061
6569	AMMONIA/URINOUS	5.8395268761	0.219941045389
2758	AMMONIA/URINOUS	7.01312374562	0.260851387956
104721	AMMONIA/URINOUS	5.08725575354	0.193138161701
11419	AMMONIA/URINOUS	6.63839877173	0.247908615568
7122	AMMONIA/URINOUS	6.10448603964	0.229273541662
7969	AMMONIA/URINOUS	7.19515705461	0.267098168168
240	AMMONIA/URINOUS	6.153636149	0.230998550818
650	AMMONIA/URINOUS	5.33409923566	0.201982923564
643820	AMMONIA/URINOUS	5.67049332087	0.213957935034
2214	AMMONIA/URINOUS	5.02910035309	0.191047273979
5610	AMMONIA/URINOUS	5.84017634697	0.219963989973
7194	AMMONIA/URINOUS	6.45737506863	0.241615925634
12748	AMMONIA/URINOUS	7.43909793879	0.275427846294
8467	AMMONIA/URINOUS	4.97289435534	0.189023902906
31260	AMMONIA/URINOUS	6.49609671545	0.242964159603
126	AMMONIA/URINOUS	5.43269967635	0.205502296745
6386	AMMONIA/URINOUS	6.93051199615	0.258007681235
9261	AMMONIA/URINOUS	5.65481051652	0.21340166787
7768	AMMONIA/URINOUS	6.78958387706	0.253143975393
7894	AMMONIA/URINOUS	6.27542384454	0.23526457601
325	AMMONIA/URINOUS	6.2847481936	0.235590703801
61252	AMMONIA/URINOUS	6.17294377552	0.231675657079
61199	AMMONIA/URINOUS	5.5743674465	0.210545268889
6137	AMMONIA/URINOUS	5.69072650317	0.214675312873
8914	AMMONIA/URINOUS	5.79379895334	0.218324715609
1549778	AMMONIA/URINOUS	5.33451738434	0.201997865084
638024	AMMONIA/URINOUS	5.13323098657	0.194789215318
8785	AMMONIA/URINOUS	6.10956051056	0.229451728569
31210	AMMONIA/URINOUS	6.01366987713	0.226081104929
7803	AMMONIA/URINOUS	4.88630517049	0.185901815532
7915	AMMONIA/URINOUS	5.36770654191	0.203183352268
1551246	AMMONIA/URINOUS	5.77329492662	0.217599423341
244	AMMONIA/URINOUS	6.72247766326	0.250822424157
61130	AMMONIA/URINOUS	6.83709844494	0.254785571739
165675	AMMONIA/URINOUS	6.14771465253	0.230790827922
638014	AMMONIA/URINOUS	5.7185893204	0.21566266729
356	AMMONIA/URINOUS	6.09233095279	0.228846639536
7921	AMMONIA/URINOUS	5.75913631759	0.217098392254
93375	AMMONIA/URINOUS	6.45328437741	0.241473423394
14296	AMMONIA/URINOUS	5.45445732292	0.206277851042
2346	AMMONIA/URINOUS	7.42876505337	0.275075982048
7410	AMMONIA/URINOUS	6.1726998633	0.231667105091
7695	AMMONIA/URINOUS	5.21285770057	0.19764475386
6287	AMMONIA/URINOUS	6.17806733376	0.231855286958
7916	AMMONIA/URINOUS	5.24690550741	0.198864213335
10895	DECAYED	3.97776608409	0.152781594156
62444	DECAYED	9.84468094053	0.355020140493
5541	DECAYED	4.26977655059	0.163498665307
24020	DECAYED	5.19487725378	0.197000390279
14328	DECAYED	4.02123241815	0.154381172662
8048	DECAYED	3.96249248715	0.152219160802
9609	DECAYED	8.8624208144	0.323079831499
2345	DECAYED	3.72147279374	0.143319167848
887	DECAYED	5.91687839306	0.222671355755
8125	DECAYED	4.91473011671	0.18692737582
61386	DECAYED	3.65109035583	0.140711429919
7136	DECAYED	4.10992987762	0.157640585665
61204	DECAYED	3.93836251372	0.151330220833
5363491	DECAYED	4.79435352731	0.182579810795
520108	DECAYED	5.34606664351	0.202410494318
6374	DECAYED	6.57660700165	0.245763576204
8892	DECAYED	5.31922864749	0.201451468538
11525	DECAYED	5.13478613561	0.194845033961
6050	DECAYED	4.23206522373	0.162118458526
33032	DECAYED	5.80254548988	0.21863400593
89440	DECAYED	3.89826051428	0.149851846556
18827	DECAYED	4.2552943536	0.16296876213
6054	DECAYED	4.90846151581	0.186701262851
5367706	DECAYED	4.23883286583	0.162366233008
6569	DECAYED	5.94985850905	0.223834013851
2758	DECAYED	5.22796108041	0.198185812393
104721	DECAYED	2.06614159868	0.0809380875049
11419	DECAYED	5.2227218494	0.19799814457
7122	DECAYED	3.43592305046	0.132714695135
7969	DECAYED	4.7400453994	0.180614603821
240	DECAYED	4.8524524126	0.184679578737
650	DECAYED	5.62166042107	0.212225190487
643820	DECAYED	2.77191156028	0.107803064932
2214	DECAYED	3.11961606675	0.120891840908
5610	DECAYED	4.51012009464	0.172268330478
7194	DECAYED	4.16286065599	0.159582662703
12748	DECAYED	5.28754786123	0.200318649495
8467	DECAYED	3.99663258784	0.153476074697
31260	DECAYED	6.40766404295	0.239883298323
126	DECAYED	5.01805225383	0.190649750784
6386	DECAYED	5.80448679907	0.218702645162
9261	DECAYED	4.83512887565	0.184053766528
7768	DECAYED	5.23087877648	0.19829031395
7894	DECAYED	6.29877761451	0.236081264806
325	DECAYED	2.7630669626	0.107468862888
61252	DECAYED	5.73991693109	0.216418018693
61199	DECAYED	6.24358325356	0.234150397405
6137	DECAYED	8.02932699265	0.295385042924
8914	DECAYED	4.06623235934	0.156035596134
1549778	DECAYED	2.95551531521	0.114726584297
638024	DECAYED	3.89276596789	0.149649187963
8785	DECAYED	3.65724953274	0.140939791652
31210	DECAYED	3.51653582582	0.135715023347
7803	DECAYED	4.61798522991	0.176189094163
7915	DECAYED	5.80373998035	0.21867624011
1551246	DECAYED	2.45848861728	0.0959218781786
244	DECAYED	5.78622144403	0.218056714322
61130	DECAYED	5.17659550852	0.196344963917
165675	DECAYED	3.33797315524	0.129062100295
638014	DECAYED	2.6089853417	0.101636691863
356	DECAYED	4.22618047606	0.161902978476
7921	DECAYED	4.99626584258	0.189865564755
93375	DECAYED	4.91308859474	0.186868167974
14296	DECAYED	5.90784288337	0.222352672321
2346	DECAYED	2.51473248995	0.0980597477996
7410	DECAYED	6.06352434034	0.227834442643
7695	DECAYED	3.28355044321	0.127029336323
6287	DECAYED	6.26936126054	0.235052494176
7916	DECAYED	5.69226188753	0.214729737343
10895	WOOD	3.1797789195	0.123146759189
62444	WOOD	3.01161016688	0.116836488356
5541	WOOD	3.16621555181	0.122638653704
24020	WOOD	3.14743405768	0.121934825848
14328	WOOD	3.60093467021	0.138850694609
8048	WOOD	3.37202245427	0.130332683998
9609	WOOD	3.12452822386	0.121076058306
2345	WOOD	3.15347146666	0.12216110575
887	WOOD	3.19674107638	0.123781981651
8125	WOOD	3.17017270337	0.122786910147
61386	WOOD	3.66011789178	0.141046130479
7136	WOOD	3.39998016905	0.131375260702
61204	WOOD	3.35305745316	0.129625100413
5363491	WOOD	3.03405887659	0.117680149757
520108	WOOD	3.65851883431	0.140986849348
6374	WOOD	2.96202498647	0.114971562651
8892	WOOD	3.0860832694	0.119633766798
11525	WOOD	3.46263201499	0.133709352411
6050	WOOD	3.28572426517	0.127110577028
33032	WOOD	3.24967812445	0.125762961813
89440	WOOD	3.89510650195	0.149735518213
18827	WOOD	3.07791101837	0.11932702624
6054	WOOD	3.26213103941	0.126228642009
5367706	WOOD	3.15635700023	0.122269244204
6569	WOOD	3.09524285507	0.11997750287
2758	WOOD	3.65277454522	0.140773877058
104721	WOOD	3.98616449963	0.153090777018
11419	WOOD	3.45627904878	0.133472816006
7122	WOOD	3.39034028891	0.131015848646
7969	WOOD	3.41605518266	0.131974434102
240	WOOD	3.30471569921	0.127820169627
650	WOOD	3.19167219202	0.123592179128
643820	WOOD	3.26930040495	0.126496686143
2214	WOOD	3.73778241282	0.143922889566
5610	WOOD	3.6393260169	0.140275163133
7194	WOOD	3.10281060908	0.120261450893
12748	WOOD	3.87135755373	0.148859338426
8467	WOOD	3.53959092027	0.136572155257
31260	WOOD	3.19641289051	0.123769693474
126	WOOD	3.50631782914	0.135335007278
6386	WOOD	3.42051199562	0.1321405189
9261	WOOD	4.07879604622	0.156497210974
7768	WOOD	3.38744848661	0.130908016565
7894	WOOD	3.50037509338	0.135113953417
325	WOOD	4.21071552794	0.161336571015
61252	WOOD	3.4810405766	0.134394565665
61199	WOOD	3.47065246401	0.13400792715
6137	WOOD	3.20297622787	0.124015426428
8914	WOOD	3.3636715231	0.130021146478
1549778	WOOD	3.33432069394	0.128925749961
638024	WOOD	3.34954717674	0.129494100554
8785	WOOD	3.19433082451	0.123691733214
31210	WOOD	3.14777354373	0.121947550436
7803	WOOD	2.99719545756	0.116294546058
7915	WOOD	3.29493335219	0.12745469977
1551246	WOOD	3.48849946906	0.134672127344
244	WOOD	3.32693330634	0.128649938164
61130	WOOD	3.50517195569	0.135292386052
165675	WOOD	3.61011613655	0.139191470054
638014	WOOD	3.55153764162	0.137016137817
356	WOOD	3.32130412903	0.128439740714
7921	WOOD	3.45869545883	0.133562788643
93375	WOOD	3.49855808345	0.135046359873
14296	WOOD	3.98643021509	0.15310055826
2346	WOOD	3.31992210701	0.128388131162
7410	WOOD	3.35084052505	0.129542368112
7695	WOOD	3.31046171166	0.128034805769
6287	WOOD	3.48338084143	0.134481656823
7916	WOOD	3.11099491839	0.120568480983
10895	GRASS	5.01293971731	0.190465762849
62444	GRASS	3.37054277528	0.130277487571
5541	GRASS	3.36805982619	0.130184862251
24020	GRASS	4.44699602217	0.169969531438
14328	GRASS	3.11387079399	0.120676355231
8048	GRASS	3.34606676938	0.129364205645
9609	GRASS	3.27508816898	0.126713045753
2345	GRASS	3.00545858347	0.11660523082
887	GRASS	3.0741383868	0.119185404744
8125	GRASS	5.62199001291	0.212236891834
61386	GRASS	3.35733564799	0.129784744858
7136	GRASS	3.17514184586	0.122973063538
61204	GRASS	3.25771368686	0.126063468088
5363491	GRASS	3.82895605541	0.147293880427
520108	GRASS	3.17191860053	0.122852316978
6374	GRASS	2.83911089263	0.110340215441
8892	GRASS	3.61226141436	0.139271083564
11525	GRASS	3.2775567538	0.126805318842
6050	GRASS	3.22531558594	0.124851559186
33032	GRASS	2.86221258862	0.111211599184
89440	GRASS	3.45122098572	0.133284468912
18827	GRASS	3.89794158599	0.149840083997
6054	GRASS	3.12855692702	0.121227129703
5367706	GRASS	7.09005936016	0.263494797714
6569	GRASS	3.61777132055	0.139475545091
2758	GRASS	4.97135186461	0.18896833884
104721	GRASS	3.23084418376	0.125058425694
11419	GRASS	3.24866658919	0.125725129724
7122	GRASS	2.92688657868	0.113648797129
7969	GRASS	2.96710851423	0.115162847395
240	GRASS	2.91532427676	0.113213324815
650	GRASS	3.03612135885	0.117757641192
643820	GRASS	3.84145914011	0.147755642274
2214	GRASS	3.04721395075	0.118174352885
5610	GRASS	3.00321234086	0.116520779889
7194	GRASS	3.0307368675	0.117555328316
12748	GRASS	3.32123166204	0.128437034581
8467	GRASS	3.03391177547	0.117674622754
31260	GRASS	3.51425398297	0.135630166896
126	GRASS	2.90519795029	0.112831847959
6386	GRASS	3.41860127889	0.132069317274
9261	GRASS	3.24653740211	0.125645494043
7768	GRASS	3.01653554878	0.117021627264
7894	GRASS	3.25793748967	0.126071836912
325	GRASS	3.12792745971	0.121203526311
61252	GRASS	3.1825184617	0.123249368965
61199	GRASS	3.22453070156	0.124822188764
6137	GRASS	3.01869267334	0.117102704751
8914	GRASS	3.68331366954	0.141905826946
1549778	GRASS	3.66228463242	0.141126453805
638024	GRASS	2.95906755548	0.1148602699
8785	GRASS	3.11271589174	0.120633035581
31210	GRASS	3.45253956317	0.133333570753
7803	GRASS	6.2965015343	0.236001688743
7915	GRASS	3.6366348887	0.140175350222
1551246	GRASS	3.58131007151	0.138122090129
244	GRASS	3.06351489984	0.118786546577
61130	GRASS	3.63654071845	0.140171857379
165675	GRASS	3.76411591104	0.144897209005
638014	GRASS	3.64803296955	0.140598060963
356	GRASS	3.44154640992	0.13292415972
7921	GRASS	3.23955385528	0.125384270539
93375	GRASS	3.32876010296	0.128718146589
14296	GRASS	3.48244341977	0.134446771922
2346	GRASS	3.04352540657	0.118035797503
7410	GRASS	2.9394805173	0.114123002408
7695	GRASS	3.19786901147	0.123824213973
6287	GRASS	3.12445612573	0.121073354597
7916	GRASS	3.21831685219	0.124589648743
10895	FLOWER	5.42161363178	0.205106987522
62444	FLOWER	4.90057455909	0.18641672996
5541	FLOWER	8.31822274242	0.30505177786
24020	FLOWER	7.10093674664	0.263868148794
14328	FLOWER	6.7121813448	0.25046590243
8048	FLOWER	6.95696081234	0.258918710996
9609	FLOWER	4.4930663957	0.171647597574
2345	FLOWER	7.38421570227	0.273557971476
887	FLOWER	4.33729375808	0.165966903466
8125	FLOWER	7.19044840963	0.266936917053
61386	FLOWER	6.42036431658	0.24032614148
7136	FLOWER	7.8746319258	0.290181345845
61204	FLOWER	6.71883874837	0.250696432284
5363491	FLOWER	7.12711641946	0.264766341396
520108	FLOWER	4.58768325064	0.175088594982
6374	FLOWER	3.98849951523	0.153176729256
8892	FLOWER	5.33752721905	0.202105410036
11525	FLOWER	4.87240056181	0.185399907578
6050	FLOWER	7.1051528235	0.264012834282
33032	FLOWER	4.54271853167	0.173454224604
89440	FLOWER	7.18250185618	0.266664741082
18827	FLOWER	6.42173277942	0.240373850421
6054	FLOWER	11.2265842516	0.39864889248
5367706	FLOWER	7.27237530626	0.269740035213
6569	FLOWER	4.74188263503	0.180681125032
2758	FLOWER	5.07589413462	0.192729884878
104721	FLOWER	4.61169573975	0.175960734552
11419	FLOWER	4.8534417753	0.184715312185
7122	FLOWER	7.08735240146	0.263401870433
7969	FLOWER	5.53513138645	0.209150183672
240	FLOWER	5.60058856035	0.211476905525
650	FLOWER	4.66498835431	0.177894687634
643820	FLOWER	6.41371120888	0.240094171767
2214	FLOWER	4.82194472024	0.183577328456
5610	FLOWER	8.7258125602	0.318576580474
7194	FLOWER	9.0578097969	0.329494824549
12748	FLOWER	4.38070475204	0.167551960432
8467	FLOWER	7.0133576667	0.260859432364
31260	FLOWER	4.39322404673	0.168008794859
126	FLOWER	4.84691459549	0.184479551381
6386	FLOWER	10.2758990127	0.368798320301
9261	FLOWER	4.65368742734	0.177484774425
7768	FLOWER	5.21849793218	0.19784682902
7894	FLOWER	4.56364388285	0.174215017118
325	FLOWER	7.4796151513	0.276806748927
61252	FLOWER	5.08564813726	0.1930803987
61199	FLOWER	4.48168458626	0.171233184758
6137	FLOWER	4.46738035385	0.170712219264
8914	FLOWER	6.06329313337	0.227826315886
1549778	FLOWER	6.24344142253	0.234145432582
638024	FLOWER	6.43398479416	0.240800927634
8785	FLOWER	8.78345360981	0.320478521466
31210	FLOWER	8.93210525615	0.325371208523
7803	FLOWER	5.91127160463	0.222473611392
7915	FLOWER	4.97447426818	0.189080813029
1551246	FLOWER	6.37001624547	0.238569807032
244	FLOWER	6.01109129125	0.225990364245
61130	FLOWER	4.90606847689	0.186614935916
165675	FLOWER	4.77822404488	0.181996391786
638014	FLOWER	5.63039909093	0.212535406068
356	FLOWER	7.40807795265	0.274371270525
7921	FLOWER	4.86051816702	0.18497087194
93375	FLOWER	4.73745629179	0.180520854825
14296	FLOWER	4.61550295153	0.176098971063
2346	FLOWER	8.08530963534	0.297263492654
7410	FLOWER	5.79618159266	0.218408975284
7695	FLOWER	7.11883212215	0.264482176573
6287	FLOWER	4.52546193596	0.172826555145
7916	FLOWER	4.92973070695	0.187468330341
10895	CHEMICAL	17.9086790939	0.588058849002
62444	CHEMICAL	16.7423416261	0.557571263794
5541	CHEMICAL	13.4635290599	0.466034516497
24020	CHEMICAL	18.034139042	0.591273493285
14328	CHEMICAL	15.6051833364	0.526798634671
8048	CHEMICAL	17.3437878803	0.573428723998
9609	CHEMICAL	18.9379171407	0.614058803376
2345	CHEMICAL	17.0705436027	0.566260360553
887	CHEMICAL	17.7397999911	0.583711798155
8125	CHEMICAL	18.552630375	0.604425177469
61386	CHEMICAL	17.7201081141	0.583203431935
7136	CHEMICAL	15.4956909433	0.523781062608
61204	CHEMICAL	17.487777445	0.577182153813
5363491	CHEMICAL	16.0288599741	0.538384658135
520108	CHEMICAL	14.9098786902	0.507473354587
6374	CHEMICAL	20.2338117018	0.645589613678
8892	CHEMICAL	17.2112919394	0.569960249486
11525	CHEMICAL	20.1247151654	0.642986942421
6050	CHEMICAL	16.3915824423	0.548189707707
33032	CHEMICAL	14.3535331342	0.491731759994
89440	CHEMICAL	18.1324471709	0.593783630673
18827	CHEMICAL	18.1595453731	0.59447417966
6054	CHEMICAL	21.0812001328	0.665481205695
5367706	CHEMICAL	17.6660783119	0.581807003307
6569	CHEMICAL	18.519094886	0.603581045281
2758	CHEMICAL	20.4073075839	0.649709022227
104721	CHEMICAL	16.2554335805	0.544521694863
11419	CHEMICAL	20.2055499357	0.644916298147
7122	CHEMICAL	18.5429788809	0.604182328926
7969	CHEMICAL	21.3605457649	0.671912664445
240	CHEMICAL	20.6578429096	0.655615126912
650	CHEMICAL	16.699876605	0.556440712751
643820	CHEMICAL	23.415117161	0.717297601774
2214	CHEMICAL	18.0793488004	0.592428810798
5610	CHEMICAL	16.5347911002	0.552031917316
7194	CHEMICAL	16.442504289	0.549557792643
12748	CHEMICAL	16.7827069088	0.558644575877
8467	CHEMICAL	16.261620726	0.544688705586
31260	CHEMICAL	18.957350073	0.614541554204
126	CHEMICAL	18.5922312552	0.60542082499
6386	CHEMICAL	18.7169988561	0.608549535773
9261	CHEMICAL	17.2995275215	0.572271639874
7768	CHEMICAL	19.8959466036	0.637498387643
7894	CHEMICAL	19.1202768693	0.61857707975
325	CHEMICAL	18.6149860213	0.605992359022
61252	CHEMICAL	18.3663609867	0.59972515311
61199	CHEMICAL	17.792182901	0.585062607087
6137	CHEMICAL	14.0778463842	0.483839551841
8914	CHEMICAL	24.2195542068	0.734147445882
1549778	CHEMICAL	17.123518224	0.567654778412
638024	CHEMICAL	16.5344441422	0.552022628452
8785	CHEMICAL	17.1825115315	0.569204980248
31210	CHEMICAL	18.7152571368	0.608505945594
7803	CHEMICAL	17.6729738804	0.581985352905
7915	CHEMICAL	17.7065360818	0.582852875266
1551246	CHEMICAL	16.4843251192	0.550679814915
244	CHEMICAL	22.1617025613	0.690011678287
61130	CHEMICAL	19.367660987	0.624663922638
165675	CHEMICAL	19.8519436754	0.636437879939
638014	CHEMICAL	18.0803275386	0.592453803984
356	CHEMICAL	19.3814698788	0.625002245287
7921	CHEMICAL	18.1420293699	0.594027882932
93375	CHEMICAL	18.9057320011	0.613258599044
14296	CHEMICAL	18.237859732	0.596466578238
2346	CHEMICAL	13.3305767559	0.462141359577
7410	CHEMICAL	21.3378406156	0.67139224777
7695	CHEMICAL	16.9149443367	0.562151636702
6287	CHEMICAL	15.9146226612	0.53527482067
7916	CHEMICAL	17.2114300365	0.569963871901
