#oID	descriptor	value	sigma
10895	INTENSITY/STRENGTH	58.9973179828	0.967619307647
62444	INTENSITY/STRENGTH	82.1687548119	0.58606848554
5541	INTENSITY/STRENGTH	25.0444278445	0.750887767357
24020	INTENSITY/STRENGTH	64.8670508203	0.911588319963
14328	INTENSITY/STRENGTH	42.2911456473	0.976229425828
8048	INTENSITY/STRENGTH	16.7760734229	0.558468281119
2345	INTENSITY/STRENGTH	43.4682752382	0.982934628654
887	INTENSITY/STRENGTH	27.4412128305	0.796440448576
8125	INTENSITY/STRENGTH	62.9308117783	0.933117642702
61386	INTENSITY/STRENGTH	10.9984332258	0.391551115662
7136	INTENSITY/STRENGTH	37.9672394202	0.942085069132
61204	INTENSITY/STRENGTH	40.0789865482	0.960629396836
5363491	INTENSITY/STRENGTH	60.8450177605	0.95295423591
520108	INTENSITY/STRENGTH	67.5455031512	0.876862127669
6374	INTENSITY/STRENGTH	19.3573183444	0.624410424381
8892	INTENSITY/STRENGTH	59.2534020712	0.965749820043
11525	INTENSITY/STRENGTH	58.59629678	0.970441472668
6050	INTENSITY/STRENGTH	27.8738370628	0.80417316547
33032	INTENSITY/STRENGTH	7.51345020436	0.277957234585
89440	INTENSITY/STRENGTH	19.1872298782	0.620229278969
18827	INTENSITY/STRENGTH	69.8798820604	0.841916115705
6054	INTENSITY/STRENGTH	64.6133311446	0.914580221143
5367706	INTENSITY/STRENGTH	33.7316355256	0.894136126931
6569	INTENSITY/STRENGTH	35.1761212439	0.91210104745
2758	INTENSITY/STRENGTH	38.0141448932	0.942535710944
104721	INTENSITY/STRENGTH	68.8018609284	0.858596010251
11419	INTENSITY/STRENGTH	57.5166892483	0.977399753098
7122	INTENSITY/STRENGTH	56.0990089369	0.985120835995
240	INTENSITY/STRENGTH	58.1033123473	0.973734531601
650	INTENSITY/STRENGTH	34.8571717698	0.908277901277
643820	INTENSITY/STRENGTH	64.280125965	0.918431200969
2214	INTENSITY/STRENGTH	52.5988314196	0.997298430101
5610	INTENSITY/STRENGTH	55.6406562159	0.987273198982
7194	INTENSITY/STRENGTH	39.5009519768	0.955907996243
12748	INTENSITY/STRENGTH	52.0114931966	0.998381558048
8467	INTENSITY/STRENGTH	50.6115717023	0.999850392021
31260	INTENSITY/STRENGTH	47.7558418891	0.997985501749
126	INTENSITY/STRENGTH	62.1491777043	0.940958992444
6386	INTENSITY/STRENGTH	11.8963973016	0.419246184561
9261	INTENSITY/STRENGTH	31.9391471962	0.8695222384
7768	INTENSITY/STRENGTH	61.2288792189	0.949564908595
325	INTENSITY/STRENGTH	58.585667328	0.970514526613
61252	INTENSITY/STRENGTH	49.6573395677	0.999953033531
6137	INTENSITY/STRENGTH	61.2216182354	0.949630113671
8914	INTENSITY/STRENGTH	53.7290102488	0.994437793026
1549778	INTENSITY/STRENGTH	31.9814419151	0.870132625817
638024	INTENSITY/STRENGTH	34.6536333005	0.905795611649
8785	INTENSITY/STRENGTH	61.1060840384	0.950661958933
31210	INTENSITY/STRENGTH	39.6720861883	0.957333678519
7803	INTENSITY/STRENGTH	63.3898983897	0.928284248445
7915	INTENSITY/STRENGTH	33.0341097276	0.884863426907
1551246	INTENSITY/STRENGTH	71.1452084769	0.821152063388
244	INTENSITY/STRENGTH	57.3808130289	0.978209439613
165675	INTENSITY/STRENGTH	38.2246850277	0.944536782922
638014	INTENSITY/STRENGTH	40.4523445241	0.963536909965
356	INTENSITY/STRENGTH	45.0190598664	0.990076094154
7921	INTENSITY/STRENGTH	45.9082830418	0.993303140933
93375	INTENSITY/STRENGTH	71.1078032211	0.821784257272
14296	INTENSITY/STRENGTH	66.3965371717	0.892461427511
2346	INTENSITY/STRENGTH	71.4344675342	0.816225440611
7410	INTENSITY/STRENGTH	66.4672152321	0.891532328999
7695	INTENSITY/STRENGTH	37.1327200899	0.933773243086
6287	INTENSITY/STRENGTH	32.1298049136	0.872262451029
10895	VALENCE/PLEASANTNESS	49.3522092603	0.999832146863
62444	VALENCE/PLEASANTNESS	23.873906738	0.726970900346
5541	VALENCE/PLEASANTNESS	54.227172338	0.99285240561
24020	VALENCE/PLEASANTNESS	55.2181439862	0.989108389336
14328	VALENCE/PLEASANTNESS	53.5041781525	0.99508829419
8048	VALENCE/PLEASANTNESS	55.5192641715	0.987815089202
9609	VALENCE/PLEASANTNESS	35.1357809957	0.911621997357
2345	VALENCE/PLEASANTNESS	43.190153445	0.981450395959
887	VALENCE/PLEASANTNESS	44.7189458172	0.988844186687
8125	VALENCE/PLEASANTNESS	41.6237080805	0.971935093472
61386	VALENCE/PLEASANTNESS	42.7889190829	0.979200124803
7136	VALENCE/PLEASANTNESS	47.8210122449	0.998100804945
61204	VALENCE/PLEASANTNESS	59.4007624744	0.96465026596
5363491	VALENCE/PLEASANTNESS	52.3480606447	0.997794644484
520108	VALENCE/PLEASANTNESS	36.0261785093	0.921892925179
6374	VALENCE/PLEASANTNESS	26.6843875079	0.782552885647
8892	VALENCE/PLEASANTNESS	41.5141062993	0.97119584324
11525	VALENCE/PLEASANTNESS	41.6437921825	0.972069516365
6050	VALENCE/PLEASANTNESS	39.8017187144	0.958398023528
33032	VALENCE/PLEASANTNESS	43.5593130239	0.98340702051
89440	VALENCE/PLEASANTNESS	50.4190065951	0.999929773389
18827	VALENCE/PLEASANTNESS	38.5761925294	0.94779864915
6054	VALENCE/PLEASANTNESS	39.8831790243	0.959059973338
5367706	VALENCE/PLEASANTNESS	46.9791857544	0.996349872517
6569	VALENCE/PLEASANTNESS	42.584818783	0.978006035007
2758	VALENCE/PLEASANTNESS	50.3152093974	0.999960257214
104721	VALENCE/PLEASANTNESS	44.4608776409	0.987727249396
11419	VALENCE/PLEASANTNESS	41.739300008	0.972704334257
7122	VALENCE/PLEASANTNESS	56.584821871	0.982656048371
7969	VALENCE/PLEASANTNESS	24.810440428	0.746194435428
240	VALENCE/PLEASANTNESS	45.1357735437	0.990535720393
650	VALENCE/PLEASANTNESS	42.5913728338	0.978044897405
643820	VALENCE/PLEASANTNESS	56.5121076404	0.983036981632
2214	VALENCE/PLEASANTNESS	63.9624243861	0.922020282105
5610	VALENCE/PLEASANTNESS	41.149020349	0.968664063687
7194	VALENCE/PLEASANTNESS	47.7306202315	0.997939966187
12748	VALENCE/PLEASANTNESS	39.2297299641	0.953600513342
8467	VALENCE/PLEASANTNESS	72.752554971	0.792928496917
31260	VALENCE/PLEASANTNESS	32.8041678589	0.88172134279
126	VALENCE/PLEASANTNESS	55.7762061146	0.986654177169
6386	VALENCE/PLEASANTNESS	50.5683242423	0.999870803022
9261	VALENCE/PLEASANTNESS	45.6830153963	0.992545457573
7768	VALENCE/PLEASANTNESS	39.7381444795	0.957877728511
7894	VALENCE/PLEASANTNESS	35.0935936285	0.911119619635
325	VALENCE/PLEASANTNESS	46.2432330961	0.994354680972
61252	VALENCE/PLEASANTNESS	33.3692567876	0.889367352081
61199	VALENCE/PLEASANTNESS	46.7284175837	0.995718699397
6137	VALENCE/PLEASANTNESS	25.3307401353	0.75657104709
8914	VALENCE/PLEASANTNESS	43.1125525615	0.981025227113
1549778	VALENCE/PLEASANTNESS	49.2066134965	0.999748215142
638024	VALENCE/PLEASANTNESS	41.0596678807	0.968028184639
8785	VALENCE/PLEASANTNESS	49.7809329702	0.999980803855
31210	VALENCE/PLEASANTNESS	41.4307646299	0.970627282069
7803	VALENCE/PLEASANTNESS	49.8738540148	0.999993634876
7915	VALENCE/PLEASANTNESS	38.4839780225	0.946952495125
1551246	VALENCE/PLEASANTNESS	54.2291282096	0.992845789835
244	VALENCE/PLEASANTNESS	37.0432000337	0.932848533853
61130	VALENCE/PLEASANTNESS	43.1548730957	0.981257695065
165675	VALENCE/PLEASANTNESS	47.234712736	0.996941274539
638014	VALENCE/PLEASANTNESS	56.3068485874	0.984089464358
356	VALENCE/PLEASANTNESS	43.8066719946	0.984657075287
7921	VALENCE/PLEASANTNESS	44.3360362385	0.987167805803
93375	VALENCE/PLEASANTNESS	41.4337618505	0.970647825586
14296	VALENCE/PLEASANTNESS	37.8909891733	0.941348742719
2346	VALENCE/PLEASANTNESS	28.0495726737	0.807271496078
7410	VALENCE/PLEASANTNESS	40.8972527387	0.966855996919
7695	VALENCE/PLEASANTNESS	55.3347551598	0.988616154954
6287	VALENCE/PLEASANTNESS	31.9345234747	0.869455423166
7916	VALENCE/PLEASANTNESS	37.3963780465	0.936459485462
10895	BAKERY	5.07986015753	0.192872414613
62444	BAKERY	0.844976060533	0.0335134486042
5541	BAKERY	9.90008111413	0.356798602139
24020	BAKERY	7.55944770009	0.279519808191
14328	BAKERY	11.1347517509	0.395796991413
8048	BAKERY	2.66458702835	0.103743471521
9609	BAKERY	3.11275601629	0.120634540645
2345	BAKERY	0.728519223478	0.0289284728355
887	BAKERY	4.99392340207	0.189781227705
8125	BAKERY	1.30815489303	0.0516416880314
61386	BAKERY	2.91265894511	0.113112924952
7136	BAKERY	7.55864245845	0.279492468012
61204	BAKERY	4.20906612956	0.161276150109
5363491	BAKERY	4.29105243776	0.164276845101
520108	BAKERY	9.69543401961	0.350216784453
6374	BAKERY	3.37906786291	0.130595474668
8892	BAKERY	2.28720612053	0.0893957200861
11525	BAKERY	1.71738631516	0.0675156863041
6050	BAKERY	7.92632471567	0.291922339227
33032	BAKERY	7.460039664	0.276140709845
89440	BAKERY	1.85225811037	0.0727179803718
18827	BAKERY	2.09142493675	0.0819073741634
6054	BAKERY	3.2815732494	0.126955440779
5367706	BAKERY	1.3296306504	0.0524780589495
6569	BAKERY	2.45492128056	0.0957861958247
2758	BAKERY	0.0	0.0
104721	BAKERY	9.4030210838	0.340754121151
11419	BAKERY	2.87207192147	0.11158335801
7122	BAKERY	5.80845794454	0.218843044304
7969	BAKERY	1.15804182378	0.0457852486051
240	BAKERY	5.09644309932	0.193468231067
650	BAKERY	7.46831844381	0.276422425601
643820	BAKERY	2.71929246919	0.105813878154
2214	BAKERY	17.2795002486	0.571747558406
5610	BAKERY	0.0	0.0
7194	BAKERY	1.25119318239	0.0494215335436
12748	BAKERY	7.76978669361	0.286643633639
8467	BAKERY	28.9891025817	0.823416875871
31260	BAKERY	1.74582797262	0.0686139527808
126	BAKERY	15.6974697013	0.529334566042
6386	BAKERY	1.64390975258	0.0646754143933
9261	BAKERY	7.24023354087	0.268640948944
7768	BAKERY	3.05223105088	0.11836279628
7894	BAKERY	2.20078432292	0.0860939922625
325	BAKERY	0.0	0.0
61252	BAKERY	2.876291787	0.111742449702
61199	BAKERY	10.777641112	0.384642625303
6137	BAKERY	7.29135679171	0.270388718123
8914	BAKERY	0.782352376339	0.0310492649573
1549778	BAKERY	1.97604734626	0.0774799886043
638024	BAKERY	2.98761827134	0.115934385679
8785	BAKERY	2.15585612171	0.0843751586213
31210	BAKERY	2.49081875068	0.0971510788078
7803	BAKERY	2.3275911992	0.0909365756519
7915	BAKERY	2.91130358519	0.113061867982
1551246	BAKERY	3.37018154154	0.130264012212
244	BAKERY	3.74243330228	0.144095009282
61130	BAKERY	1.95342932003	0.076610818358
165675	BAKERY	0.87849041181	0.0348309183109
638014	BAKERY	3.9772090218	0.152761084231
356	BAKERY	1.85092284178	0.0726665475248
7921	BAKERY	5.96538260722	0.224380988429
93375	BAKERY	4.6546291671	0.177518937611
14296	BAKERY	6.28257487424	0.235514696149
2346	BAKERY	4.62646877698	0.176497065742
7410	BAKERY	5.00482303309	0.190173619887
7695	BAKERY	3.54352996538	0.136718556769
6287	BAKERY	3.44131769075	0.13291564065
7916	BAKERY	3.68052432993	0.14180246946
10895	SWEET	29.9038623942	0.838458101332
62444	SWEET	6.53719062782	0.244393680591
5541	SWEET	19.0698547921	0.617330446968
24020	SWEET	40.5591315475	0.964348001145
14328	SWEET	23.3873879826	0.716707552644
8048	SWEET	28.8016425748	0.820251856989
9609	SWEET	0.807326234725	0.0320323391293
2345	SWEET	11.9568486527	0.421087454225
887	SWEET	9.47684086065	0.343149429347
8125	SWEET	8.97177321197	0.326673842652
61386	SWEET	15.0522084265	0.511460745653
7136	SWEET	20.9809659906	0.663158266064
61204	SWEET	24.8696580206	0.747386364799
5363491	SWEET	24.273359288	0.73525598307
520108	SWEET	8.7361349782	0.318917377385
6374	SWEET	1.96070835176	0.0768905831741
8892	SWEET	15.5018256324	0.523950386122
11525	SWEET	13.8502588911	0.477278487104
6050	SWEET	14.9066033385	0.507381404304
33032	SWEET	12.3132404111	0.431883260675
89440	SWEET	11.3883452131	0.403656045847
18827	SWEET	12.5754678218	0.439761756497
6054	SWEET	12.3381592375	0.432634300153
5367706	SWEET	14.3664642258	0.492100451292
6569	SWEET	11.8129747425	0.416700440793
2758	SWEET	9.18602843842	0.333687890148
104721	SWEET	15.6756308204	0.528735072169
11419	SWEET	12.8416348206	0.447702358876
7122	SWEET	19.4953668862	0.627786943437
7969	SWEET	3.63196515999	0.14000213803
240	SWEET	18.7373754217	0.609059321789
650	SWEET	13.2336698182	0.459294785984
643820	SWEET	18.9551127446	0.614485990119
2214	SWEET	29.0423256205	0.824310353841
5610	SWEET	3.93373808548	0.151159805289
7194	SWEET	14.9165741726	0.507661292887
12748	SWEET	7.24066151523	0.268655588938
8467	SWEET	43.5182694579	0.983194867672
31260	SWEET	4.28571071527	0.164081502077
126	SWEET	32.6634196897	0.879777193258
6386	SWEET	12.9794731015	0.451792235264
9261	SWEET	7.86197834559	0.289754852421
7768	SWEET	11.1282424859	0.395594587104
7894	SWEET	5.54893890706	0.209641267085
325	SWEET	6.31990825352	0.236819834008
61252	SWEET	3.70077066392	0.142552545154
61199	SWEET	20.7108411856	0.656858070378
6137	SWEET	5.67215168715	0.214016745581
8914	SWEET	13.0724943755	0.45454373134
1549778	SWEET	12.4780141582	0.436840231396
638024	SWEET	13.5563465462	0.468744049176
8785	SWEET	25.0291856053	0.750583371386
31210	SWEET	16.3183799635	0.546219388688
7803	SWEET	25.9999375071	0.769598800135
7915	SWEET	9.06678829646	0.329788871853
1551246	SWEET	18.2249485251	0.596138441508
244	SWEET	10.1396050847	0.36445956688
61130	SWEET	13.2239854294	0.45900990092
165675	SWEET	11.2942911603	0.400747241287
638014	SWEET	17.3722276132	0.574171387629
356	SWEET	10.0892100812	0.362851539221
7921	SWEET	14.1067418593	0.484669608019
93375	SWEET	12.34661992	0.432889187419
14296	SWEET	6.22509085155	0.233502931618
2346	SWEET	13.3893313962	0.463863577753
7410	SWEET	10.5429007968	0.377254928989
7695	SWEET	25.8905393139	0.76749356217
6287	SWEET	4.22880800305	0.161999193271
7916	SWEET	11.3525339944	0.402549348538
10895	FRUIT	14.8046263928	0.504514270659
62444	FRUIT	3.60579108828	0.139030951782
5541	FRUIT	4.94866789212	0.188150990122
24020	FRUIT	19.2858215759	0.622655697492
14328	FRUIT	3.43208504958	0.132571718868
8048	FRUIT	14.9525181052	0.508669605132
9609	FRUIT	0.576558671487	0.0229293788988
2345	FRUIT	2.40446508117	0.093866022316
887	FRUIT	0.711648079442	0.0282633459821
8125	FRUIT	8.09839532127	0.297702210139
61386	FRUIT	6.15645165021	0.23109730724
7136	FRUIT	4.23185908527	0.162110910884
61204	FRUIT	13.8093967037	0.47609609322
5363491	FRUIT	16.184939127	0.542616663262
520108	FRUIT	1.37466164516	0.0542305879511
6374	FRUIT	1.21670984163	0.0480762405296
8892	FRUIT	7.96785299675	0.293319447319
11525	FRUIT	4.85745726794	0.184860334274
6050	FRUIT	5.88752418451	0.221635790971
33032	FRUIT	3.84307299785	0.147815235887
89440	FRUIT	3.06940602006	0.119007739476
18827	FRUIT	7.65571498725	0.282784610704
6054	FRUIT	2.31962628749	0.0906327850541
5367706	FRUIT	9.39253361964	0.340413469667
6569	FRUIT	3.12883095086	0.121237404787
2758	FRUIT	1.91641213455	0.0751874311941
104721	FRUIT	4.31321740637	0.165087158497
11419	FRUIT	3.77499868702	0.145299701446
7122	FRUIT	6.45262928472	0.241450601515
7969	FRUIT	2.07870000654	0.0814196027746
240	FRUIT	6.7975690247	0.25341998313
650	FRUIT	0.514755015169	0.0204842115165
643820	FRUIT	11.2324055823	0.398829449225
2214	FRUIT	3.28077073397	0.126925446715
5610	FRUIT	1.39817556736	0.0551450647275
7194	FRUIT	3.97971585778	0.152853378988
12748	FRUIT	0.881026594582	0.0349305806391
8467	FRUIT	7.86066911656	0.289710717078
31260	FRUIT	1.02915801385	0.040742654067
126	FRUIT	5.40653146081	0.204569025458
6386	FRUIT	0.291811279327	0.011638389644
9261	FRUIT	1.32904163535	0.0524551247464
7768	FRUIT	3.9036832866	0.150051834183
7894	FRUIT	1.02874878285	0.0407266216907
325	FRUIT	1.2697743839	0.0501460445616
61252	FRUIT	0.0	0.0
61199	FRUIT	5.33512421381	0.202019548402
6137	FRUIT	3.00750449885	0.11668214663
8914	FRUIT	4.74520113376	0.180801271831
1549778	FRUIT	7.61835067996	0.281518320365
638024	FRUIT	2.33215138889	0.0911104835153
8785	FRUIT	10.0383177864	0.361225581865
31210	FRUIT	6.23125293482	0.233718712138
7803	FRUIT	14.3052950738	0.490355216094
7915	FRUIT	1.6054388191	0.0631865792432
1551246	FRUIT	13.3956739995	0.464049327219
244	FRUIT	2.01220691116	0.0788686857849
61130	FRUIT	7.55831594152	0.279481381712
165675	FRUIT	2.50124195917	0.0975471938315
638014	FRUIT	6.84754085946	0.25514610805
356	FRUIT	6.51566773897	0.243645139125
7921	FRUIT	3.77704661192	0.145375432033
93375	FRUIT	5.95557829692	0.224035566736
14296	FRUIT	1.3606194874	0.0536842653402
2346	FRUIT	0.676171173507	0.0268639639579
7410	FRUIT	2.44938224886	0.0955755005938
7695	FRUIT	6.51192335097	0.243514875747
6287	FRUIT	1.12847662607	0.0446296812444
7916	FRUIT	1.73083027076	0.0680349014599
10895	FISH	0.313341448825	0.0124943848076
62444	FISH	5.25167812006	0.199035075572
5541	FISH	1.59032797674	0.0626014618402
24020	FISH	0.318020200667	0.0126803532875
14328	FISH	1.4377180671	0.0566819093879
8048	FISH	0.768746833323	0.0305134846554
9609	FISH	6.53363854188	0.244270168637
2345	FISH	0.963815957351	0.0381810618142
887	FISH	1.66194870696	0.0653731188764
8125	FISH	0.798019602587	0.031666049989
61386	FISH	0.405170796955	0.0161411665283
7136	FISH	1.39575255588	0.0550508521564
61204	FISH	0.673353309079	0.0267527704916
5363491	FISH	0.692598195842	0.0275120509293
520108	FISH	3.19430732447	0.123690853265
6374	FISH	2.14041565544	0.0837840745465
8892	FISH	1.6615579084	0.0653580064629
11525	FISH	0.915494364106	0.036284522592
6050	FISH	1.48936609444	0.0586873592321
33032	FISH	1.76031734578	0.0691732069679
89440	FISH	0.151121963502	0.00603574340094
18827	FISH	0.57763211395	0.0229718210144
6054	FISH	5.04343635984	0.191562954267
5367706	FISH	1.22527348591	0.0484104213902
6569	FISH	0.60340845671	0.0239906975621
2758	FISH	0.424793564863	0.0169195627654
104721	FISH	0.0	0.0
11419	FISH	1.06006166518	0.0419529743135
7122	FISH	0.0	0.0
7969	FISH	5.37987673487	0.203617839922
240	FISH	1.82671357727	0.0717337900933
650	FISH	0.677056996878	0.0268989174043
643820	FISH	0.438572479445	0.0174659608499
2214	FISH	0.582830879534	0.0231773584477
5610	FISH	5.02177561742	0.190783732556
7194	FISH	1.15280777694	0.0455807247695
12748	FISH	3.52317542669	0.135961911033
8467	FISH	0.617379385646	0.0245427125035
31260	FISH	1.35548448617	0.05348444417
126	FISH	1.35386197393	0.0534213020592
6386	FISH	0.669312036203	0.0265932900074
9261	FISH	1.43004502005	0.0563837892981
7768	FISH	2.52224089074	0.0983449559854
7894	FISH	3.22752413165	0.124934200458
325	FISH	1.10269760248	0.0436215272983
61252	FISH	6.04007660047	0.227010053883
61199	FISH	1.21299377901	0.0479312095972
6137	FISH	5.94299679199	0.223592187332
8914	FISH	0.308132889479	0.0122873372281
1549778	FISH	0.973063590216	0.0385438025084
638024	FISH	1.07045144385	0.0423597112366
8785	FISH	1.96944512746	0.0772263194542
31210	FISH	1.57246390576	0.0619094991365
7803	FISH	0.596672625229	0.0237244977205
7915	FISH	1.08062213792	0.042757787835
1551246	FISH	1.04841355684	0.0414968738793
244	FISH	4.00120019579	0.153644166629
61130	FISH	0.90787554854	0.035985326737
165675	FISH	0.0414740612589	0.00165827441126
638014	FISH	0.686837176466	0.0272847889358
356	FISH	0.459993581182	0.0183151056094
7921	FISH	1.46890404374	0.0578930901138
93375	FISH	1.35892782291	0.0536184389852
14296	FISH	0.967301529967	0.0383177922987
2346	FISH	5.28620789332	0.200270718176
7410	FISH	1.35106563409	0.0533124740245
7695	FISH	1.4273103963	0.0562775298649
6287	FISH	0.937375153589	0.0371435372721
7916	FISH	1.63495657113	0.0643290296493
10895	GARLIC	1.02736275932	0.0406723206771
62444	GARLIC	9.87123986288	0.355873043943
5541	GARLIC	3.81523505847	0.146786994918
24020	GARLIC	1.85433528692	0.0727979877343
14328	GARLIC	2.39060406695	0.0933381675559
8048	GARLIC	2.50021364887	0.0975081186388
9609	GARLIC	13.2654204289	0.460228265494
2345	GARLIC	2.47212470786	0.0964404280859
887	GARLIC	6.24097816469	0.234059203207
8125	GARLIC	2.85302700613	0.110865175006
61386	GARLIC	2.61847262178	0.101996345323
7136	GARLIC	2.46182840037	0.0960488963857
61204	GARLIC	1.32745442865	0.0523933230418
5363491	GARLIC	2.28714524118	0.0893933963056
520108	GARLIC	7.07437451685	0.262956270752
6374	GARLIC	4.58651298576	0.175046078883
8892	GARLIC	2.48248845122	0.0968344384845
11525	GARLIC	0.147237703471	0.00588083656231
6050	GARLIC	4.35261561642	0.166526519575
33032	GARLIC	3.18976619455	0.123520804432
89440	GARLIC	2.39329374906	0.0934406079745
18827	GARLIC	3.10489016449	0.120339469406
6054	GARLIC	2.56474027668	0.0999584539925
5367706	GARLIC	1.34692405856	0.0531512805745
6569	GARLIC	2.43374681574	0.0949806232042
2758	GARLIC	0.0	0.0
104721	GARLIC	1.31036911511	0.0517279377171
11419	GARLIC	1.13440940162	0.0448616221886
7122	GARLIC	0.824393677028	0.0327038971072
7969	GARLIC	7.3344003079	0.271858641165
240	GARLIC	2.80789839961	0.109162218615
650	GARLIC	2.80996785572	0.109240346489
643820	GARLIC	2.35882906376	0.0921275327296
2214	GARLIC	1.77646288624	0.069796187295
5610	GARLIC	2.12742323722	0.0832865576365
7194	GARLIC	2.13621455792	0.0836232172617
12748	GARLIC	7.67590471401	0.283468383289
8467	GARLIC	2.33792424057	0.0913306137208
31260	GARLIC	5.25448833801	0.199135674443
126	GARLIC	2.73623189092	0.106454489653
6386	GARLIC	3.38634189298	0.130866751153
9261	GARLIC	6.61049416882	0.24694031349
7768	GARLIC	1.96330654668	0.0769904328286
7894	GARLIC	3.99841507911	0.153541673906
325	GARLIC	2.93052598721	0.113785846464
61252	GARLIC	8.56601330514	0.313289898628
61199	GARLIC	2.09348267061	0.0819862389477
6137	GARLIC	10.7502252149	0.383782071728
8914	GARLIC	1.80848516903	0.0710311593185
1549778	GARLIC	1.71915416079	0.0675839700203
638024	GARLIC	2.75342863865	0.107104597839
8785	GARLIC	1.34304491311	0.0530002886688
31210	GARLIC	1.80183301689	0.0707746797874
7803	GARLIC	1.20984676461	0.0478083789067
7915	GARLIC	3.80870602422	0.146545744337
1551246	GARLIC	2.66701454223	0.103835395062
244	GARLIC	2.33027886299	0.0910390746879
61130	GARLIC	0.724404651125	0.0287662812056
165675	GARLIC	1.10778455387	0.0438205075076
638014	GARLIC	1.47850691536	0.058265883535
356	GARLIC	1.71390514084	0.067381217301
7921	GARLIC	2.79598283078	0.108712305235
93375	GARLIC	1.1654931222	0.0460763752008
14296	GARLIC	1.87297672574	0.0735158523036
2346	GARLIC	5.73625586902	0.216288382203
7410	GARLIC	1.48755768116	0.0586171761044
7695	GARLIC	2.12603966552	0.0832335687572
6287	GARLIC	2.4844029059	0.0969072131165
7916	GARLIC	5.64185775783	0.212942086729
10895	SPICES	4.7853694484	0.182254873633
62444	SPICES	7.3108948845	0.271056121775
5541	SPICES	5.20770983503	0.197460296711
24020	SPICES	4.24370270855	0.16254450327
14328	SPICES	9.96634019636	0.358922433091
8048	SPICES	4.03352186463	0.154833155132
9609	SPICES	6.33151748125	0.237225453804
2345	SPICES	5.99254583797	0.225337591271
887	SPICES	6.99484691579	0.260222723281
8125	SPICES	4.45707472378	0.170336782914
61386	SPICES	4.13029796147	0.158388173958
7136	SPICES	10.1876140812	0.36598957098
61204	SPICES	5.35855555671	0.202856575207
5363491	SPICES	7.25161371238	0.269030187922
520108	SPICES	7.32073092324	0.271391996429
6374	SPICES	6.65986237004	0.248652988086
8892	SPICES	3.58375556892	0.138212901166
11525	SPICES	5.64905302753	0.213197401058
6050	SPICES	5.44322656267	0.205877576342
33032	SPICES	5.84637078673	0.220182810919
89440	SPICES	9.41791717415	0.341237821406
18827	SPICES	5.54399301208	0.209465377076
6054	SPICES	6.52503789433	0.243971067964
5367706	SPICES	4.88786543657	0.185958126053
6569	SPICES	4.96917512191	0.188889924319
2758	SPICES	6.46314111168	0.241816767255
104721	SPICES	8.83421120388	0.322151133117
11419	SPICES	6.06646650353	0.227937853806
7122	SPICES	8.23790746683	0.3023710509
7969	SPICES	7.53657257171	0.278742932417
240	SPICES	7.23380834173	0.268421140419
650	SPICES	4.92845820239	0.187422447994
643820	SPICES	6.06136551459	0.227758559823
2214	SPICES	10.3565956923	0.371360197959
5610	SPICES	8.74257955915	0.319130103427
7194	SPICES	5.46291205982	0.206579119123
12748	SPICES	8.02236218419	0.295151169362
8467	SPICES	10.8011652788	0.385380542601
31260	SPICES	6.37153013642	0.238622646945
126	SPICES	7.78784865329	0.287253711473
6386	SPICES	4.2908941167	0.16427105574
9261	SPICES	9.28481337982	0.336909431394
7768	SPICES	4.17771795302	0.160127387203
7894	SPICES	5.40232474498	0.204418944739
325	SPICES	19.195153504	0.620424572943
61252	SPICES	7.82115696667	0.288378080148
61199	SPICES	7.55909132622	0.279507708378
6137	SPICES	7.3016234632	0.270739456449
8914	SPICES	2.88062293215	0.111905721895
1549778	SPICES	4.79078763244	0.182450846842
638024	SPICES	9.78655851312	0.353151649513
8785	SPICES	6.80336028428	0.253620126908
31210	SPICES	5.00125219691	0.190045078462
7803	SPICES	4.06917977862	0.156143901517
7915	SPICES	4.77402323911	0.181844410409
1551246	SPICES	5.30207754244	0.200838291191
244	SPICES	7.02712315682	0.261332742328
61130	SPICES	9.65535902754	0.348923977921
165675	SPICES	13.0811731598	0.454800089897
638014	SPICES	8.7397541331	0.319036844401
356	SPICES	2.74848011566	0.106917547448
7921	SPICES	6.33763286346	0.237439078413
93375	SPICES	7.44955873231	0.27578397917
14296	SPICES	2.80833645353	0.109178756687
2346	SPICES	9.3138887592	0.337856140841
7410	SPICES	4.66866867855	0.17802816025
7695	SPICES	7.68721563756	0.283851311799
6287	SPICES	5.82543874867	0.219443255301
7916	SPICES	4.82618760563	0.183730669503
10895	COLD	5.29852179962	0.20071113868
62444	COLD	1.61500476874	0.0635568945883
5541	COLD	5.10990939194	0.19395190608
24020	COLD	5.50806594229	0.208187121522
14328	COLD	4.42670981656	0.169230088742
8048	COLD	5.12752909702	0.194584542025
9609	COLD	3.34599414626	0.12936149512
2345	COLD	3.02911386789	0.117494342386
887	COLD	5.65050236847	0.213248823933
8125	COLD	4.93559946371	0.187679921722
61386	COLD	3.75350570146	0.144504706038
7136	COLD	4.76603619075	0.181555407242
61204	COLD	3.55766010389	0.13724362599
5363491	COLD	4.90488865488	0.186572373108
520108	COLD	1.94222586847	0.0761801382092
6374	COLD	6.63277437391	0.247713496598
8892	COLD	3.30571060544	0.127857335175
11525	COLD	8.27637206852	0.303655548894
6050	COLD	5.66425540112	0.213736700345
33032	COLD	5.39555509924	0.204177398038
89440	COLD	6.42367353612	0.240441508765
18827	COLD	5.36626972123	0.203132048561
6054	COLD	5.05693982346	0.192048536787
5367706	COLD	4.56956890254	0.17443037212
6569	COLD	4.06627307613	0.156037092353
2758	COLD	10.8946750508	0.388309424247
104721	COLD	7.25673931503	0.269205466407
11419	COLD	5.77375297071	0.217615629482
7122	COLD	4.35668670028	0.16667518041
7969	COLD	1.48592511128	0.0585538150766
240	COLD	4.17666249191	0.160088695848
650	COLD	4.97155189348	0.188975544447
643820	COLD	5.68799985138	0.214578657132
2214	COLD	6.02940210777	0.2266346084
5610	COLD	5.08596785166	0.193091886471
7194	COLD	3.36083212361	0.129915207919
12748	COLD	2.70618011297	0.105317840197
8467	COLD	3.24966175967	0.125762349766
31260	COLD	5.00931970607	0.190335474676
126	COLD	4.75238532101	0.181061346345
6386	COLD	6.39054441706	0.239286153504
9261	COLD	5.39937711138	0.204313775179
7768	COLD	6.46024257104	0.241715809211
7894	COLD	5.11243481753	0.194042596796
325	COLD	4.98546452853	0.189476638515
61252	COLD	4.14617012586	0.158970514349
61199	COLD	3.98133553105	0.152913008198
6137	COLD	2.6108763722	0.101708384716
8914	COLD	7.25972962205	0.269307715208
1549778	COLD	4.49898678305	0.171863118492
638024	COLD	4.26233352538	0.163226346182
8785	COLD	7.42065331736	0.274799694432
31210	COLD	4.2612690249	0.163187395515
7803	COLD	5.25405492209	0.199120159634
7915	COLD	4.40824739027	0.168556837589
1551246	COLD	5.02985180648	0.191074308581
244	COLD	3.22189290234	0.124723478544
61130	COLD	6.86288771127	0.255675817356
165675	COLD	9.75057536998	0.351993526781
638014	COLD	6.97835312476	0.259655160057
356	COLD	4.10970091784	0.15763218006
7921	COLD	4.18276041444	0.160312222704
93375	COLD	5.57410287502	0.210535865856
14296	COLD	6.02399412125	0.226444362781
2346	COLD	1.36803013384	0.0539726027746
7410	COLD	3.78858604009	0.14580208793
7695	COLD	4.95313413561	0.188311950318
6287	COLD	4.42920053823	0.169320894566
7916	COLD	4.62048692831	0.17627991735
10895	SOUR	8.80659904404	0.321241487073
62444	SOUR	18.6239727968	0.606217966777
5541	SOUR	10.3197170943	0.370190059408
24020	SOUR	9.40207801897	0.340723492329
14328	SOUR	5.91629674375	0.222650842886
8048	SOUR	7.20401138451	0.267401343369
9609	SOUR	10.5341092956	0.376977388363
2345	SOUR	8.81147272628	0.321402088409
887	SOUR	10.3837151418	0.372219989614
8125	SOUR	10.3657742629	0.371651260089
61386	SOUR	7.42636211154	0.274994142777
7136	SOUR	6.94097175447	0.25836803462
61204	SOUR	4.54011277242	0.173359461302
5363491	SOUR	8.20816817224	0.301377116992
520108	SOUR	9.19747190102	0.334061480293
6374	SOUR	13.9251346221	0.479441635187
8892	SOUR	13.4566059228	0.465832139727
11525	SOUR	4.95127967688	0.1882451189
6050	SOUR	13.6264741186	0.470786645983
33032	SOUR	13.9425977768	0.479945497967
89440	SOUR	6.22042726831	0.233339604572
18827	SOUR	10.1155708929	0.363692925919
6054	SOUR	9.18029831407	0.333500781709
5367706	SOUR	8.19208217726	0.300839202931
6569	SOUR	12.9995239519	0.452385908886
2758	SOUR	3.61669716864	0.139435687382
104721	SOUR	4.34368572624	0.166200386774
11419	SOUR	4.92153295341	0.187172723492
7122	SOUR	3.84589646827	0.147919490873
7969	SOUR	12.0249867497	0.423159347454
240	SOUR	7.26934917124	0.2696365919
650	SOUR	8.68593407538	0.317259182711
643820	SOUR	7.34327449795	0.272161507777
2214	SOUR	2.41369304406	0.0942173561179
5610	SOUR	5.81571723762	0.21909966271
7194	SOUR	7.65159142209	0.282644916367
12748	SOUR	9.45777381318	0.342531158327
8467	SOUR	2.14808878734	0.0840778373182
31260	SOUR	12.3453849206	0.43285198529
126	SOUR	5.47018154911	0.206838107492
6386	SOUR	4.29142129814	0.164290333222
9261	SOUR	10.9225635226	0.389181583342
7768	SOUR	5.98620409596	0.225114308047
7894	SOUR	9.04239001489	0.328989673723
325	SOUR	6.6830187618	0.249455654564
61252	SOUR	11.7224602071	0.413931978961
61199	SOUR	9.84464893237	0.355019112254
6137	SOUR	16.8545137674	0.560550696963
8914	SOUR	5.98490514169	0.225068569845
1549778	SOUR	9.32818079896	0.338321249151
638024	SOUR	8.83297603662	0.322110455199
8785	SOUR	7.07584705994	0.263006837751
31210	SOUR	9.73578388957	0.351517160405
7803	SOUR	9.45744047853	0.342520346979
7915	SOUR	8.86069188938	0.323022931272
1551246	SOUR	8.16977166579	0.300092799003
244	SOUR	9.76680448656	0.352515991511
61130	SOUR	10.034450284	0.361101934359
165675	SOUR	4.74878837563	0.18093113861
638014	SOUR	4.4803908611	0.171186073537
356	SOUR	7.74434823088	0.285783957427
7921	SOUR	7.49836248441	0.277444323397
93375	SOUR	11.8160658799	0.416794870045
14296	SOUR	7.1052283941	0.264015427551
2346	SOUR	9.85315230915	0.355292248195
7410	SOUR	7.48138111006	0.276866819077
7695	SOUR	6.40253700316	0.239704488095
6287	SOUR	16.679287484	0.555892046971
7916	SOUR	10.5328597455	0.376937936054
10895	BURNT	3.11509563719	0.120722297156
62444	BURNT	13.5135111091	0.467494451364
5541	BURNT	4.44807929394	0.170009007996
24020	BURNT	2.78577537178	0.108326797103
14328	BURNT	5.98442229752	0.225051567807
8048	BURNT	2.76887504209	0.107688334084
9609	BURNT	2.82670095359	0.109871942831
2345	BURNT	3.53689462481	0.136471935558
887	BURNT	4.92686709786	0.187365076154
8125	BURNT	5.16492816136	0.19592653329
61386	BURNT	6.44609510434	0.241222947336
7136	BURNT	4.43493730514	0.169530024645
61204	BURNT	4.91248636877	0.186846445821
5363491	BURNT	2.72620212066	0.106075213625
520108	BURNT	11.7417281492	0.414521853996
6374	BURNT	8.04725644041	0.295986923129
8892	BURNT	4.29071372855	0.164264459422
11525	BURNT	8.09045760899	0.29743610263
6050	BURNT	4.88235780149	0.185759344979
33032	BURNT	5.14482912148	0.195205458184
89440	BURNT	4.5730256603	0.174556000936
18827	BURNT	4.77383597461	0.181837635019
6054	BURNT	5.27616343622	0.199911377207
5367706	BURNT	3.03248407221	0.117620979029
6569	BURNT	3.26567957659	0.126361317825
2758	BURNT	2.91545568198	0.113218274546
104721	BURNT	6.05584226448	0.227564400366
11419	BURNT	9.39627886728	0.340535132071
7122	BURNT	4.80965162641	0.183132965549
7969	BURNT	15.7995981627	0.532133005667
240	BURNT	6.60927424448	0.246897967364
650	BURNT	12.7235599486	0.444186806837
643820	BURNT	2.4048588701	0.09388101633
2214	BURNT	8.4306728508	0.308796416145
5610	BURNT	4.89038547291	0.186049070887
7194	BURNT	2.68763315356	0.104615977355
12748	BURNT	6.32564068461	0.237020135356
8467	BURNT	5.00247528246	0.190089107718
31260	BURNT	6.13161000365	0.230225743651
126	BURNT	9.38576135448	0.340193447698
6386	BURNT	4.15103435573	0.15914893974
9261	BURNT	8.36513732705	0.306615284082
7768	BURNT	5.66104025888	0.21362265963
7894	BURNT	5.52941501944	0.208946828595
325	BURNT	5.49453592172	0.207705466871
61252	BURNT	14.2459715574	0.488659780052
61199	BURNT	7.67843284887	0.283553981549
6137	BURNT	12.6142948752	0.440923620928
8914	BURNT	4.61833081268	0.176201640709
1549778	BURNT	2.62538902483	0.10225849398
638024	BURNT	8.37130733665	0.306820778856
8785	BURNT	3.02969156367	0.117516050159
31210	BURNT	3.80033639264	0.146236433027
7803	BURNT	2.83426087832	0.110157221242
7915	BURNT	4.41743799831	0.168892016545
1551246	BURNT	4.48715091098	0.17143222712
244	BURNT	7.55529714691	0.279378879885
61130	BURNT	3.5264403594	0.136083301733
165675	BURNT	4.69043755443	0.178817420396
638014	BURNT	3.46840489298	0.133924262718
356	BURNT	5.08259526123	0.192970700614
7921	BURNT	9.2086415641	0.334426030781
93375	BURNT	5.63155740873	0.21257652081
14296	BURNT	6.60509743907	0.246752972691
2346	BURNT	19.6776544611	0.632222144409
7410	BURNT	8.72410589206	0.318520226236
7695	BURNT	3.83774435271	0.147618461422
6287	BURNT	5.92085908179	0.222811734365
7916	BURNT	4.34726098404	0.166330968136
10895	ACID	7.71094513198	0.284654335348
62444	ACID	9.27698014009	0.336654261396
5541	ACID	3.67298903814	0.141523222136
24020	ACID	7.13363247184	0.264989813976
14328	ACID	3.29037687086	0.127284442853
8048	ACID	3.91292414257	0.150392575565
9609	ACID	8.53248766823	0.312178168406
2345	ACID	6.83698994343	0.254781825143
887	ACID	7.56664345558	0.27976410095
8125	ACID	6.44945350512	0.241339959999
61386	ACID	5.11106987309	0.193993580825
7136	ACID	4.19552494774	0.160780026075
61204	ACID	4.92165640236	0.187177175397
5363491	ACID	3.67238434089	0.141500810937
520108	ACID	5.248839662	0.198933459361
6374	ACID	13.8059707028	0.475996897292
8892	ACID	6.44143829493	0.241060680874
11525	ACID	10.5418286307	0.377221084878
6050	ACID	7.38366710661	0.273539268288
33032	ACID	5.07140810625	0.192568652178
89440	ACID	7.29366717501	0.270467654656
18827	ACID	6.43680443477	0.240899196858
6054	ACID	6.2296326143	0.233661975568
5367706	ACID	4.72139067617	0.17993901508
6569	ACID	8.38573325433	0.307301121288
2758	ACID	8.18705725577	0.300671127627
104721	ACID	4.43185359703	0.169417613359
11419	ACID	8.79504509167	0.320860676401
7122	ACID	7.06413897624	0.262604735259
7969	ACID	9.94048974404	0.358094255221
240	ACID	8.21959776281	0.30175919556
650	ACID	9.10102373081	0.330909496053
643820	ACID	4.2547308579	0.162948140447
2214	ACID	3.41234080012	0.13183600411
5610	ACID	5.67035877417	0.213953163516
7194	ACID	5.53361679613	0.209096305907
12748	ACID	3.57860909599	0.138021786615
8467	ACID	1.42210052804	0.056075073157
31260	ACID	8.39929441507	0.307752517935
126	ACID	4.67717367185	0.178336565451
6386	ACID	7.03752156273	0.261690178611
9261	ACID	3.68042202975	0.141798678663
7768	ACID	7.6873249273	0.283855011277
7894	ACID	7.96637920602	0.293269889179
325	ACID	6.78955682576	0.253143040274
61252	ACID	9.97550105423	0.359215793656
61199	ACID	5.73205768997	0.216139713454
6137	ACID	5.97671784414	0.22478025129
8914	ACID	9.90876440237	0.357077131302
1549778	ACID	6.22682935489	0.23356381267
638024	ACID	6.51245706049	0.243533443634
8785	ACID	4.12714835717	0.158272592862
31210	ACID	5.27256683637	0.199782689037
7803	ACID	8.97198697206	0.326680858792
7915	ACID	8.85980834228	0.322993852146
1551246	ACID	5.21524370688	0.197730241507
244	ACID	7.22959263274	0.268276901455
61130	ACID	7.22856539216	0.268241752635
165675	ACID	8.07367206329	0.296873210297
638014	ACID	6.13257630321	0.230259655283
356	ACID	7.88778217453	0.290624443928
7921	ACID	5.92974203127	0.223124945028
93375	ACID	6.21794291897	0.233252591101
14296	ACID	10.3851488899	0.372265428609
2346	ACID	5.53250990681	0.209056929925
7410	ACID	8.61737224244	0.314991247952
7695	ACID	3.42549291351	0.13232611586
6287	ACID	7.29213277164	0.270415230722
7916	ACID	7.3855902563	0.273604832878
10895	WARM	4.93294047122	0.187584058172
62444	WARM	6.92547958642	0.257834276456
5541	WARM	6.64836713255	0.24825437109
24020	WARM	6.44434159556	0.241161848382
14328	WARM	7.60380639707	0.281025107193
8048	WARM	4.3240984737	0.165484807904
9609	WARM	4.28114031731	0.163914347726
2345	WARM	5.57666319437	0.210626858822
887	WARM	3.71706375947	0.143155925182
8125	WARM	4.42783998393	0.169271292588
61386	WARM	6.73519032679	0.251262497576
7136	WARM	8.34661125361	0.305998082377
61204	WARM	6.07461124885	0.228224089224
5363491	WARM	5.07010601543	0.192521850614
520108	WARM	6.73953949521	0.251413022765
6374	WARM	5.37363551367	0.203395037093
8892	WARM	5.52744058467	0.20887658362
11525	WARM	6.94606463632	0.25854345988
6050	WARM	5.62393047557	0.212305781425
33032	WARM	3.76414115094	0.144898142596
89440	WARM	9.68393842165	0.349846071524
18827	WARM	5.33066584406	0.201860234426
6054	WARM	5.59392938798	0.21124035712
5367706	WARM	6.36525415659	0.238403582072
6569	WARM	3.98406783641	0.153013594846
2758	WARM	6.6910925863	0.249735415453
104721	WARM	6.81004597613	0.253851148566
11419	WARM	7.57316413692	0.279985439459
7122	WARM	7.24507193678	0.268806450523
7969	WARM	5.26634738057	0.19956012933
240	WARM	7.48704419516	0.277059435494
650	WARM	7.2389441958	0.268596842604
643820	WARM	5.2515707708	0.199031232608
2214	WARM	10.200986585	0.366415412476
5610	WARM	6.51064013534	0.243470231425
7194	WARM	5.93574565132	0.223336595478
12748	WARM	5.15353730891	0.195517913639
8467	WARM	14.1230801841	0.485138649811
31260	WARM	4.69470639263	0.17897214846
126	WARM	10.2729159716	0.368703517839
6386	WARM	6.48452816853	0.242561484514
9261	WARM	3.57445997321	0.137867693288
7768	WARM	6.05427176422	0.227509187931
7894	WARM	3.95671364785	0.152006312758
325	WARM	6.40624030319	0.239833646199
61252	WARM	7.20923044969	0.267580016517
61199	WARM	8.03364648915	0.295530069201
6137	WARM	6.89664807355	0.256840421082
8914	WARM	3.80432916812	0.146383998557
1549778	WARM	4.62622976299	0.176488389792
638024	WARM	6.143404961	0.230639628634
8785	WARM	6.5907535592	0.246254929377
31210	WARM	6.76996398928	0.252465594605
7803	WARM	4.45379179888	0.1702171674
7915	WARM	5.62778474399	0.21244260531
1551246	WARM	7.35149949938	0.272442162019
244	WARM	6.10582501463	0.229320560942
61130	WARM	8.82734207712	0.321924895826
165675	WARM	5.47621652814	0.20705308214
638014	WARM	5.40801084705	0.204621801353
356	WARM	2.7003290484	0.105096451148
7921	WARM	8.70946824151	0.31803679484
93375	WARM	8.43328288806	0.308883211414
14296	WARM	6.06698306278	0.227956009117
2346	WARM	7.0342566552	0.261577959531
7410	WARM	6.30339234236	0.236242591686
7695	WARM	6.42526956365	0.24049714696
6287	WARM	7.38049229817	0.273431025301
7916	WARM	5.3654296564	0.203102052097
10895	MUSKY	4.56778010818	0.17436535828
62444	MUSKY	14.0367366991	0.482657477101
5541	MUSKY	6.70762536962	0.250308119545
24020	MUSKY	3.60289085497	0.138923305194
14328	MUSKY	6.61800219714	0.247200906653
8048	MUSKY	6.13425527022	0.230318575721
9609	MUSKY	10.0031076531	0.360099441035
2345	MUSKY	10.9866813155	0.391184386088
887	MUSKY	8.47008029177	0.310106307611
8125	MUSKY	8.35344496425	0.306225781462
61386	MUSKY	7.09331078963	0.263606408402
7136	MUSKY	8.16966632891	0.300089273986
61204	MUSKY	7.49962501986	0.277487250619
5363491	MUSKY	4.8240417955	0.183653120122
520108	MUSKY	11.6374411907	0.411325632642
6374	MUSKY	11.1304855787	0.395664339461
8892	MUSKY	12.0048014178	0.422545953879
11525	MUSKY	6.66113429827	0.248697087875
6050	MUSKY	12.1465639656	0.426846952156
33032	MUSKY	9.97596735924	0.359230724468
89440	MUSKY	6.33639463747	0.237395826698
18827	MUSKY	8.30797195079	0.304709918857
6054	MUSKY	11.0616025719	0.393520482291
5367706	MUSKY	8.00736279473	0.294647368219
6569	MUSKY	7.20193123992	0.267330124163
2758	MUSKY	4.55574333438	0.173927814444
104721	MUSKY	8.60109640848	0.314452312568
11419	MUSKY	4.07315009068	0.156289782963
7122	MUSKY	4.74582105081	0.180823715054
7969	MUSKY	12.5166097995	0.437998183632
240	MUSKY	6.90514822426	0.257133500171
650	MUSKY	6.69901249492	0.250009792434
643820	MUSKY	5.38481552287	0.203794125629
2214	MUSKY	2.43924041931	0.095189659243
5610	MUSKY	8.73701613527	0.318946465032
7194	MUSKY	8.22267624401	0.301862087915
12748	MUSKY	10.2874911322	0.369166655771
8467	MUSKY	1.38540818072	0.0546485848978
31260	MUSKY	13.4841825915	0.466638031596
126	MUSKY	6.06963805269	0.228049319671
6386	MUSKY	7.28737356473	0.270252617201
9261	MUSKY	10.3869265416	0.372321764471
7768	MUSKY	7.06929438185	0.262781806051
7894	MUSKY	10.3047806468	0.369715824201
325	MUSKY	6.39574987224	0.239467748318
61252	MUSKY	11.6180151448	0.410729295429
61199	MUSKY	9.11951443051	0.331514359841
6137	MUSKY	11.2092764849	0.398111907669
8914	MUSKY	7.20575088995	0.267460897243
1549778	MUSKY	6.46293938443	0.241809741183
638024	MUSKY	9.4224849602	0.341386109278
8785	MUSKY	6.35652710159	0.238098909346
31210	MUSKY	10.3376625516	0.370759595253
7803	MUSKY	5.32587671771	0.201689083583
7915	MUSKY	10.6008166957	0.379081741981
1551246	MUSKY	5.1923121418	0.196908443521
244	MUSKY	10.6194772984	0.379669772698
61130	MUSKY	8.44374927122	0.309231210147
165675	MUSKY	4.0345823395	0.154872151718
638014	MUSKY	4.87428785747	0.185468041452
356	MUSKY	7.14893620149	0.265514532535
7921	MUSKY	4.68944623075	0.17878148685
93375	MUSKY	10.1764719217	0.365634644559
14296	MUSKY	9.2376343472	0.335371818555
2346	MUSKY	13.5458579185	0.468438210041
7410	MUSKY	9.3949275263	0.340491235762
7695	MUSKY	6.64554122243	0.248156361642
6287	MUSKY	13.3769641449	0.463501297904
7916	MUSKY	10.6212931919	0.379726980047
10895	SWEATY	2.62986208623	0.102428013612
62444	SWEATY	8.12589099052	0.298623597865
5541	SWEATY	2.96925412021	0.115243576796
24020	SWEATY	2.75951342968	0.10733457144
14328	SWEATY	1.07502215425	0.0425386171173
8048	SWEATY	3.01342244006	0.116904611682
9609	SWEATY	6.31088963846	0.236504654327
2345	SWEATY	4.64308627323	0.177100150873
887	SWEATY	4.35736605681	0.166699986691
8125	SWEATY	2.57303372213	0.100273147871
61386	SWEATY	5.06942454357	0.192497355662
7136	SWEATY	1.96343496824	0.0769953679797
61204	SWEATY	1.64269689823	0.0646284946893
5363491	SWEATY	2.37050490244	0.0925724787007
520108	SWEATY	4.79963021291	0.182770628444
6374	SWEATY	6.24996452886	0.234373758509
8892	SWEATY	6.639959495	0.247962754962
11525	SWEATY	3.71872637002	0.143217484475
6050	SWEATY	6.40562928648	0.239812336837
33032	SWEATY	4.71227283113	0.179608707151
89440	SWEATY	2.58797246768	0.10083985811
18827	SWEATY	2.90819825434	0.112944883339
6054	SWEATY	5.48067947072	0.207212039845
5367706	SWEATY	2.86031453029	0.111140021527
6569	SWEATY	4.5128929592	0.172369237224
2758	SWEATY	1.3316929662	0.0525583561854
104721	SWEATY	1.62072752459	0.0637783978999
11419	SWEATY	2.33075484161	0.0910572264118
7122	SWEATY	1.67095835875	0.0657214936155
7969	SWEATY	4.37635380915	0.167393163301
240	SWEATY	3.2678628129	0.12644294157
650	SWEATY	4.39984847196	0.168250472248
643820	SWEATY	3.66088696366	0.141074641202
2214	SWEATY	0.0	0.0
5610	SWEATY	3.51927252628	0.135816789405
7194	SWEATY	4.23956862986	0.162393168328
12748	SWEATY	5.40967503721	0.204681167885
8467	SWEATY	0.58999783438	0.0234606743974
31260	SWEATY	10.9743862198	0.390800587631
126	SWEATY	1.81635864126	0.071334682165
6386	SWEATY	0.354325478497	0.014122800522
9261	SWEATY	4.5462914266	0.17358415077
7768	SWEATY	2.67688959304	0.104209288564
7894	SWEATY	6.37780590339	0.238841672879
325	SWEATY	3.28059229412	0.126918777445
61252	SWEATY	6.82437637467	0.254346209826
61199	SWEATY	6.3928635318	0.239367059618
6137	SWEATY	6.90211825105	0.257029035501
8914	SWEATY	2.89436785678	0.112423768155
1549778	SWEATY	2.05465624307	0.0804976048118
638024	SWEATY	5.47943070182	0.207167563746
8785	SWEATY	3.13182410058	0.121349635145
31210	SWEATY	4.85453982913	0.184754970384
7803	SWEATY	2.23112378483	0.0872537860559
7915	SWEATY	8.24000789456	0.302441223741
1551246	SWEATY	2.27463392203	0.0889157730897
244	SWEATY	4.97629049485	0.189146232958
61130	SWEATY	4.90172773821	0.1864583356
165675	SWEATY	1.95293342218	0.0765917573067
638014	SWEATY	0.303800318552	0.0121150948887
356	SWEATY	1.6388517704	0.0644797367657
7921	SWEATY	3.68575287541	0.141996205313
93375	SWEATY	5.82172240483	0.21931191549
14296	SWEATY	3.71918979508	0.14323464271
2346	SWEATY	6.3438294225	0.237655508203
7410	SWEATY	3.27199579674	0.126597449272
7695	SWEATY	2.25285905721	0.0880842127159
6287	SWEATY	13.1673671186	0.45734286201
7916	SWEATY	6.93343674543	0.258108451776
10895	AMMONIA/URINOUS	4.02848749722	0.154648015283
62444	AMMONIA/URINOUS	9.83212006804	0.354616568709
5541	AMMONIA/URINOUS	1.53451141223	0.0604385663794
24020	AMMONIA/URINOUS	4.22669600255	0.161921856463
14328	AMMONIA/URINOUS	3.71863899539	0.143214249424
8048	AMMONIA/URINOUS	2.14335844869	0.0838967437716
9609	AMMONIA/URINOUS	5.70270293093	0.21509978895
2345	AMMONIA/URINOUS	6.53310830625	0.244251730594
887	AMMONIA/URINOUS	5.47538364641	0.207023415426
8125	AMMONIA/URINOUS	5.40400189653	0.204478781262
61386	AMMONIA/URINOUS	3.98090461584	0.15289714401
7136	AMMONIA/URINOUS	4.32596282989	0.165552931433
61204	AMMONIA/URINOUS	2.81304912081	0.10935666669
5363491	AMMONIA/URINOUS	2.14121937652	0.0838148468935
520108	AMMONIA/URINOUS	5.93874989377	0.22344249563
6374	AMMONIA/URINOUS	10.9626734565	0.390434854535
8892	AMMONIA/URINOUS	4.74178568196	0.180677614697
11525	AMMONIA/URINOUS	10.6752354604	0.381425157562
6050	AMMONIA/URINOUS	6.15283345939	0.230970394544
33032	AMMONIA/URINOUS	1.81146021936	0.071145853524
89440	AMMONIA/URINOUS	6.55710310491	0.245085883745
18827	AMMONIA/URINOUS	5.2297073009	0.198248356655
6054	AMMONIA/URINOUS	6.38783788787	0.239191726362
5367706	AMMONIA/URINOUS	2.8762941697	0.111742539528
6569	AMMONIA/URINOUS	5.94529650853	0.223673240111
2758	AMMONIA/URINOUS	8.28989624468	0.304106897888
104721	AMMONIA/URINOUS	2.88880053184	0.112213953868
11419	AMMONIA/URINOUS	7.84889485606	0.289313734058
7122	AMMONIA/URINOUS	5.93887720255	0.223446983131
7969	AMMONIA/URINOUS	11.239828286	0.39905963548
240	AMMONIA/URINOUS	7.08455490385	0.26330582888
650	AMMONIA/URINOUS	5.69221803678	0.214728183
643820	AMMONIA/URINOUS	3.69195859665	0.142226120554
2214	AMMONIA/URINOUS	3.8579256095	0.148363588377
5610	AMMONIA/URINOUS	5.73684867864	0.216309374041
7194	AMMONIA/URINOUS	3.7193701446	0.143241320075
12748	AMMONIA/URINOUS	6.1748162964	0.231741309338
8467	AMMONIA/URINOUS	2.14911814788	0.0841172423897
31260	AMMONIA/URINOUS	8.67615863056	0.316936053789
126	AMMONIA/URINOUS	5.6544067984	0.213387345439
6386	AMMONIA/URINOUS	6.25583158327	0.234579091812
9261	AMMONIA/URINOUS	5.22034863784	0.197913129553
7768	AMMONIA/URINOUS	9.23548549472	0.33530174286
7894	AMMONIA/URINOUS	7.82044596618	0.288354088603
325	AMMONIA/URINOUS	4.88373267453	0.185808969047
61252	AMMONIA/URINOUS	6.86268748064	0.255668907443
61199	AMMONIA/URINOUS	4.77391218954	0.181840392544
6137	AMMONIA/URINOUS	5.71098351117	0.215393207381
8914	AMMONIA/URINOUS	8.36465178914	0.306599111744
1549778	AMMONIA/URINOUS	2.80876208492	0.109194825617
638024	AMMONIA/URINOUS	5.70083368409	0.215033545486
8785	AMMONIA/URINOUS	5.72236025928	0.215796247596
31210	AMMONIA/URINOUS	9.95536997908	0.358571042595
7803	AMMONIA/URINOUS	5.17211893751	0.196184431779
7915	AMMONIA/URINOUS	7.1006549629	0.263858478155
1551246	AMMONIA/URINOUS	3.13196069368	0.121354756632
244	AMMONIA/URINOUS	9.45352482639	0.342393340398
61130	AMMONIA/URINOUS	6.6073817732	0.246832273369
165675	AMMONIA/URINOUS	7.42083721913	0.274805958752
638014	AMMONIA/URINOUS	3.07301298548	0.119143155896
356	AMMONIA/URINOUS	5.92822978952	0.223071628206
7921	AMMONIA/URINOUS	5.25855041157	0.19928107549
93375	AMMONIA/URINOUS	5.12739350074	0.194579674385
14296	AMMONIA/URINOUS	7.02688971483	0.261324716967
2346	AMMONIA/URINOUS	8.18897329674	0.300735218408
7410	AMMONIA/URINOUS	6.4966584847	0.242983710801
7695	AMMONIA/URINOUS	4.16761625948	0.159757040265
6287	AMMONIA/URINOUS	7.60590742285	0.281096365824
7916	AMMONIA/URINOUS	6.95810004509	0.258957939309
10895	DECAYED	3.13930710961	0.121630184733
62444	DECAYED	14.88368296	0.506737711019
5541	DECAYED	0.967414940455	0.0383222409514
24020	DECAYED	3.18642334713	0.123395616386
14328	DECAYED	3.61461208283	0.13935831511
8048	DECAYED	2.24908961983	0.087940223146
9609	DECAYED	9.05816784342	0.329506551865
2345	DECAYED	2.17730779541	0.0851960441222
887	DECAYED	9.79842514999	0.353533351832
8125	DECAYED	7.03306987835	0.261537166368
61386	DECAYED	2.97147210667	0.115327025675
7136	DECAYED	3.15078157673	0.122060293251
61204	DECAYED	1.88613953109	0.0740225723115
5363491	DECAYED	2.8901491415	0.112264780836
520108	DECAYED	6.6710321538	0.249040218153
6374	DECAYED	10.1539503613	0.364916931276
8892	DECAYED	7.41626001847	0.274650035674
11525	DECAYED	6.00879348289	0.225909499668
6050	DECAYED	3.64790574524	0.140593343279
33032	DECAYED	4.83260640676	0.183962622397
89440	DECAYED	2.12716607758	0.0832767088947
18827	DECAYED	4.35742540252	0.166702153645
6054	DECAYED	5.32943083921	0.20181610034
5367706	DECAYED	4.40822990349	0.168556199787
6569	DECAYED	5.06398050275	0.192301660697
2758	DECAYED	1.64214835199	0.0646072735957
104721	DECAYED	5.53758537682	0.209237474351
11419	DECAYED	3.37195796214	0.130330278286
7122	DECAYED	1.7200431392	0.0676183062077
7969	DECAYED	9.110641196	0.331224134639
240	DECAYED	3.06602407209	0.118880761439
650	DECAYED	3.68816185073	0.142085458894
643820	DECAYED	3.46796128382	0.133907749166
2214	DECAYED	2.65078255351	0.103220642882
5610	DECAYED	4.78368544602	0.182193959262
7194	DECAYED	3.14055492134	0.121676962768
12748	DECAYED	6.36240978706	0.238304288163
8467	DECAYED	1.43240462541	0.0564754718121
31260	DECAYED	7.03291443783	0.261531823317
126	DECAYED	2.88407681624	0.112035913017
6386	DECAYED	1.15988686247	0.0458573394852
9261	DECAYED	3.80246697405	0.146315176926
7768	DECAYED	4.3285039043	0.165645777752
7894	DECAYED	6.39099491361	0.23930187015
325	DECAYED	3.26598038972	0.126372564426
61252	DECAYED	10.7858563402	0.384900374812
61199	DECAYED	4.2272311361	0.161941452213
6137	DECAYED	9.6533457207	0.348858995387
8914	DECAYED	3.58059197028	0.138095423268
1549778	DECAYED	1.88927651725	0.0741433143865
638024	DECAYED	2.66141700079	0.103623423851
8785	DECAYED	3.58794314751	0.138368391488
31210	DECAYED	3.90043328852	0.149931979606
7803	DECAYED	3.99106622129	0.153271205019
7915	DECAYED	5.79429755056	0.218342348381
1551246	DECAYED	5.15226057816	0.1954721075
244	DECAYED	5.66955498513	0.213924657913
61130	DECAYED	2.97012071744	0.115276181867
165675	DECAYED	2.99486266344	0.116206825588
638014	DECAYED	1.42011292509	0.0559978287158
356	DECAYED	6.20232098365	0.232705325112
7921	DECAYED	3.85083873843	0.148101965941
93375	DECAYED	3.71397309547	0.143041485357
14296	DECAYED	5.90851258558	0.222376295034
2346	DECAYED	9.62346995657	0.347894328661
7410	DECAYED	4.84011744683	0.184234003113
7695	DECAYED	2.44890041222	0.095557171197
6287	DECAYED	9.35666197181	0.339247629571
7916	DECAYED	5.95550929279	0.224033135337
10895	WOOD	0.864852513843	0.0342949126055
62444	WOOD	1.92599369395	0.0755559670743
5541	WOOD	3.05651684203	0.118523755599
24020	WOOD	0.761221146094	0.0302170627904
14328	WOOD	4.75352196014	0.181102489995
8048	WOOD	3.15295344874	0.122141691769
9609	WOOD	2.99497684954	0.11621111945
2345	WOOD	3.53480354838	0.136394207485
887	WOOD	2.62845329972	0.102374625289
8125	WOOD	4.44625624608	0.169942572001
61386	WOOD	4.06324718918	0.155925896479
7136	WOOD	4.03508166304	0.154890512911
61204	WOOD	3.69340857667	0.142279836301
5363491	WOOD	2.79800426448	0.108788639434
520108	WOOD	5.18535286216	0.196658960764
6374	WOOD	1.89072673194	0.0741991302475
8892	WOOD	2.22120287497	0.0868746181142
11525	WOOD	3.43044015545	0.132510438354
6050	WOOD	4.55472930604	0.173890948621
33032	WOOD	4.35243192943	0.166519811697
89440	WOOD	7.30668453446	0.270912325824
18827	WOOD	3.28589564945	0.12711698189
6054	WOOD	3.21540170183	0.124480544832
5367706	WOOD	2.71417432409	0.105620276059
6569	WOOD	2.60358599001	0.101431975597
2758	WOOD	4.90859713206	0.18670615496
104721	WOOD	6.39234780079	0.239349067869
11419	WOOD	3.547022347	0.136848346868
7122	WOOD	3.48516549137	0.134548068254
7969	WOOD	3.11594672027	0.120754219225
240	WOOD	2.47280855283	0.0964664292574
650	WOOD	4.07408236356	0.156324035701
643820	WOOD	3.81259989911	0.146689628768
2214	WOOD	4.81238874422	0.183231915599
5610	WOOD	4.30113559635	0.164645516887
7194	WOOD	3.50260213268	0.135196796627
12748	WOOD	3.97553696481	0.152699520929
8467	WOOD	3.37546744098	0.130461185461
31260	WOOD	2.30737170909	0.0901652826822
126	WOOD	2.61794465987	0.101976332698
6386	WOOD	4.07913908988	0.156509813309
9261	WOOD	4.68823541292	0.178737596002
7768	WOOD	2.85056982619	0.110772493714
7894	WOOD	4.5106693484	0.172288318748
325	WOOD	4.10759001741	0.157554682396
61252	WOOD	2.72393406437	0.10598943586
61199	WOOD	4.09167959558	0.156970447058
6137	WOOD	4.50354700215	0.172029105846
8914	WOOD	3.46987457035	0.133978971
1549778	WOOD	4.59436322335	0.175331259563
638024	WOOD	3.3921594549	0.131083679889
8785	WOOD	1.98640637187	0.0778779307652
31210	WOOD	2.00565605004	0.0786171795253
7803	WOOD	0.729775440747	0.0289779887523
7915	WOOD	3.10593819263	0.120378786883
1551246	WOOD	4.57008304969	0.174449058355
244	WOOD	2.68440263786	0.104493698506
61130	WOOD	4.68795288777	0.1787273546
165675	WOOD	4.14902518693	0.159075243476
638014	WOOD	5.59207408898	0.211174446512
356	WOOD	5.60841198537	0.211754765416
7921	WOOD	3.46241251098	0.133701180281
93375	WOOD	4.12837270237	0.158317523627
14296	WOOD	6.16495745079	0.231395617884
2346	WOOD	2.8129187806	0.109351746398
7410	WOOD	3.44547673409	0.133070545394
7695	WOOD	2.866311362	0.111366158151
6287	WOOD	4.37284709096	0.167265166966
7916	WOOD	3.584249221	0.138231231849
10895	GRASS	2.48963528367	0.0971060978083
62444	GRASS	0.532828643254	0.0211995831849
5541	GRASS	3.09724328158	0.120052564885
24020	GRASS	2.09100173616	0.0818911541423
14328	GRASS	2.52258618428	0.0983580709483
8048	GRASS	3.0366826446	0.11777872919
9609	GRASS	2.16604605078	0.0847651398337
2345	GRASS	3.1704810986	0.122798463785
887	GRASS	3.02988843348	0.117523447772
8125	GRASS	6.92232092612	0.257725426243
61386	GRASS	2.58408177746	0.100692279645
7136	GRASS	2.34294001268	0.091521853346
61204	GRASS	2.19110336242	0.0857237609188
5363491	GRASS	5.01427935455	0.190513975204
520108	GRASS	6.42943486599	0.240642341561
6374	GRASS	1.13478835016	0.0448764361665
8892	GRASS	2.13222111348	0.0834702977884
11525	GRASS	1.50778943076	0.0594022056433
6050	GRASS	0.676950349616	0.0268947092743
33032	GRASS	2.28421144652	0.0892814090878
89440	GRASS	4.66286677611	0.177817740416
18827	GRASS	5.02997784446	0.191078842932
6054	GRASS	3.83297339858	0.147442261914
5367706	GRASS	9.69861851436	0.35031946014
6569	GRASS	0.722160710915	0.0286778219997
2758	GRASS	8.91938543846	0.324953242898
104721	GRASS	5.04498882875	0.191618788237
11419	GRASS	1.36868354557	0.0539980239637
7122	GRASS	1.42555103744	0.0562091631936
7969	GRASS	1.05497455268	0.0417537935846
240	GRASS	0.786094578618	0.0311966052701
650	GRASS	2.41270241573	0.0941796434504
643820	GRASS	7.04424077841	0.261921099879
2214	GRASS	2.27267695462	0.0888410539689
5610	GRASS	2.09155772667	0.081912463577
7194	GRASS	2.76700979751	0.107617854612
12748	GRASS	2.56598117171	0.100005543119
8467	GRASS	1.91618669014	0.075178759033
31260	GRASS	2.76349529234	0.107485049201
126	GRASS	1.66917931581	0.0656527087969
6386	GRASS	4.46883539468	0.170765219873
9261	GRASS	2.44709013913	0.0954883055057
7768	GRASS	2.64019835284	0.102819675177
7894	GRASS	2.24445602565	0.0877632078854
325	GRASS	2.43132574578	0.0948884918783
61252	GRASS	0.301458442637	0.0120219868284
61199	GRASS	3.32506512161	0.128580181639
6137	GRASS	1.07404766663	0.0425004753091
8914	GRASS	5.28335480825	0.200168657118
1549778	GRASS	4.77296988475	0.181806298782
638024	GRASS	2.58929818743	0.100890141456
8785	GRASS	3.32277036039	0.128494493268
31210	GRASS	2.34617202266	0.0916450716424
7803	GRASS	4.2534118043	0.162899867381
7915	GRASS	2.69361320282	0.104842307278
1551246	GRASS	6.51306296996	0.243554523098
244	GRASS	1.54791630952	0.0609582344203
61130	GRASS	5.53872982069	0.209278181617
165675	GRASS	5.70214740373	0.215080102144
638014	GRASS	6.68177329265	0.249412493972
356	GRASS	3.89922196263	0.14988730574
7921	GRASS	1.4405569563	0.0567921965142
93375	GRASS	4.49947558724	0.171880911265
14296	GRASS	4.48848391277	0.171480761377
2346	GRASS	2.29894783788	0.0898438490505
7410	GRASS	2.83180766048	0.110064652569
7695	GRASS	3.07312035929	0.119147186874
6287	GRASS	1.01800870487	0.0403058115055
7916	GRASS	3.80769326104	0.146508319254
10895	FLOWER	6.63502718371	0.247791653057
62444	FLOWER	3.12346314585	0.121036117025
5541	FLOWER	9.38148616835	0.340054533643
24020	FLOWER	8.53334159395	0.312206496254
14328	FLOWER	7.29863439529	0.270637350197
8048	FLOWER	9.83709667377	0.354776478563
9609	FLOWER	2.76070020815	0.10737942207
2345	FLOWER	10.1342590992	0.364289080973
887	FLOWER	2.96309315151	0.115011757651
8125	FLOWER	5.44028633485	0.205772767232
61386	FLOWER	5.80668110805	0.218780226126
7136	FLOWER	9.80066354841	0.353605339541
61204	FLOWER	10.8948031773	0.388313432582
5363491	FLOWER	7.09104852037	0.263528753167
520108	FLOWER	1.8734202278	0.0735329277722
6374	FLOWER	1.21116385135	0.0478597869039
8892	FLOWER	3.66172508756	0.141105711256
11525	FLOWER	5.29746889736	0.200673485207
6050	FLOWER	8.8991372524	0.324287632561
33032	FLOWER	2.66498134621	0.103758403618
89440	FLOWER	6.65734664002	0.248565759887
18827	FLOWER	6.04536488323	0.227196020701
6054	FLOWER	12.7247211922	0.44422143592
5367706	FLOWER	10.6824968409	0.381653578133
6569	FLOWER	3.8478406403	0.147991274575
2758	FLOWER	8.68656313571	0.317279973784
104721	FLOWER	4.81787906441	0.183430379105
11419	FLOWER	4.67812842833	0.178371182896
7122	FLOWER	12.9890146455	0.452074785236
7969	FLOWER	2.52086697755	0.0982927709746
240	FLOWER	7.59206919428	0.280626961911
650	FLOWER	2.21310803131	0.0865651823889
643820	FLOWER	12.3892351787	0.434172147822
2214	FLOWER	7.92287639622	0.291806267693
5610	FLOWER	2.87650008561	0.111750302327
7194	FLOWER	14.4457945309	0.494359389384
12748	FLOWER	2.35529254655	0.0919927406702
8467	FLOWER	6.71378584534	0.250521465663
31260	FLOWER	2.78854639585	0.108431459433
126	FLOWER	6.40890956028	0.23992673371
6386	FLOWER	8.33438289446	0.305590540486
9261	FLOWER	1.87907036574	0.0737504524539
7768	FLOWER	3.6865897884	0.142027213829
7894	FLOWER	3.40573623682	0.131589833747
325	FLOWER	5.83309966895	0.219713966059
61252	FLOWER	1.97398104737	0.0774006014247
61199	FLOWER	2.77910078659	0.108074670991
6137	FLOWER	0.0	0.0
8914	FLOWER	6.69940468049	0.250023377991
1549778	FLOWER	8.53710547879	0.312331351169
638024	FLOWER	5.62583773244	0.212373489221
8785	FLOWER	11.7180457944	0.413796792882
31210	FLOWER	9.64990371208	0.348747891822
7803	FLOWER	7.63842891882	0.282198918214
7915	FLOWER	3.96743673855	0.152401247832
1551246	FLOWER	5.6553842078	0.213422020097
244	FLOWER	6.79422732847	0.253304483142
61130	FLOWER	6.43751726291	0.240924039112
165675	FLOWER	6.31147347792	0.236525060132
638014	FLOWER	7.39386418603	0.273886876401
356	FLOWER	5.49196249549	0.207613838999
7921	FLOWER	3.90210690986	0.14999370106
93375	FLOWER	5.4314690071	0.205458418054
14296	FLOWER	1.24728668013	0.0492691775804
2346	FLOWER	3.44901648578	0.133202373544
7410	FLOWER	7.46412743586	0.276279818083
7695	FLOWER	11.9656557754	0.421355463763
6287	FLOWER	1.36070990732	0.0536877837119
7916	FLOWER	3.9417271301	0.151454200097
10895	CHEMICAL	23.1741377901	0.712149246679
62444	CHEMICAL	19.5745459284	0.629716697815
5541	CHEMICAL	9.39086011692	0.340359103182
24020	CHEMICAL	21.661712809	0.678776591633
14328	CHEMICAL	13.3736349732	0.463403753969
8048	CHEMICAL	13.280661125	0.460676061034
9609	CHEMICAL	19.5641733709	0.62946418296
2345	CHEMICAL	17.0952002727	0.566909661963
887	CHEMICAL	11.8343358402	0.417352831698
8125	CHEMICAL	24.8286804904	0.746561869658
61386	CHEMICAL	8.75542506344	0.319554015321
7136	CHEMICAL	10.0467262975	0.361494368182
61204	CHEMICAL	13.540015822	0.468267821497
5363491	CHEMICAL	9.17521318971	0.333334712758
520108	CHEMICAL	12.6823741655	0.442957920831
6374	CHEMICAL	18.6284850699	0.606331220396
8892	CHEMICAL	19.5049879944	0.628021697112
11525	CHEMICAL	33.9690910702	0.897203983553
6050	CHEMICAL	13.3904576461	0.463896563454
33032	CHEMICAL	7.59739540622	0.280807649466
89440	CHEMICAL	18.9061561719	0.613269150397
18827	CHEMICAL	24.9506193237	0.749011411094
6054	CHEMICAL	17.6053770743	0.580235362201
5367706	CHEMICAL	14.3690930969	0.492175389304
6569	CHEMICAL	24.8531192907	0.747053756236
2758	CHEMICAL	33.1251080283	0.886095208378
104721	CHEMICAL	7.83838887074	0.288959418794
11419	CHEMICAL	28.8454068684	0.820993275774
7122	CHEMICAL	22.2193219246	0.691293570269
7969	CHEMICAL	22.3261289406	0.693662744235
240	CHEMICAL	21.9070093359	0.684313550219
650	CHEMICAL	19.2162324306	0.620943861694
643820	CHEMICAL	19.8015108509	0.635220501244
2214	CHEMICAL	16.6035391968	0.553870562328
5610	CHEMICAL	19.0274183835	0.616279675204
7194	CHEMICAL	14.58243624	0.498238470922
12748	CHEMICAL	8.95925137052	0.326262780773
8467	CHEMICAL	10.0693734339	0.362218024816
31260	CHEMICAL	19.2560255108	0.621923213042
126	CHEMICAL	18.1570048795	0.594409464703
6386	CHEMICAL	11.8319784262	0.417280851658
9261	CHEMICAL	9.06724861505	0.329803945623
7768	CHEMICAL	19.7745868601	0.634569760208
7894	CHEMICAL	20.1160601827	0.642780056399
325	CHEMICAL	18.9471038104	0.614287055294
61252	CHEMICAL	18.0918947239	0.592749127075
61199	CHEMICAL	8.61933671171	0.315056282329
6137	CHEMICAL	12.0326651904	0.423392594983
8914	CHEMICAL	32.5927687295	0.878795319798
1549778	CHEMICAL	14.0354163895	0.482619490291
638024	CHEMICAL	15.8352981889	0.533109260064
8785	CHEMICAL	20.1615197383	0.643866038269
31210	CHEMICAL	16.7483599916	0.557731374701
7803	CHEMICAL	24.0483957443	0.730605694622
7915	CHEMICAL	19.4771472206	0.627342183282
1551246	CHEMICAL	15.3997002257	0.521127702212
244	CHEMICAL	18.1492317803	0.594211425526
61130	CHEMICAL	19.1005599515	0.618089841875
165675	CHEMICAL	32.3520543714	0.875420006035
638014	CHEMICAL	17.133913754	0.567928149947
356	CHEMICAL	29.9260093428	0.838813959638
7921	CHEMICAL	12.42743181	0.435320847842
93375	CHEMICAL	17.4223608031	0.575478969741
14296	CHEMICAL	21.8126356229	0.68218899579
2346	CHEMICAL	9.19812824697	0.33408290458
7410	CHEMICAL	22.3626209674	0.694470112083
7695	CHEMICAL	14.5477812485	0.497256074239
6287	CHEMICAL	15.5003186564	0.523908794877
7916	CHEMICAL	15.4196700235	0.521680311486
