#oID	descriptor	value	sigma
10895	INTENSITY/STRENGTH	49.3396856569	0.999825593987
62444	INTENSITY/STRENGTH	63.1588143083	0.930738242399
5541	INTENSITY/STRENGTH	47.5863344502	0.997669687445
24020	INTENSITY/STRENGTH	54.8172709788	0.990717560127
14328	INTENSITY/STRENGTH	50.3412693821	0.999953414084
8048	INTENSITY/STRENGTH	46.2754116281	0.994450976584
2345	INTENSITY/STRENGTH	48.1500939709	0.998631139073
887	INTENSITY/STRENGTH	39.0392675226	0.951944937424
8125	INTENSITY/STRENGTH	50.5856135687	0.999862822699
61386	INTENSITY/STRENGTH	41.1050545871	0.96835197844
7136	INTENSITY/STRENGTH	49.644586571	0.999949472518
61204	INTENSITY/STRENGTH	48.3116742837	0.99885982251
5363491	INTENSITY/STRENGTH	50.8288740216	0.999725187143
520108	INTENSITY/STRENGTH	54.9957218731	0.990017105187
6374	INTENSITY/STRENGTH	34.3176342275	0.901625361511
8892	INTENSITY/STRENGTH	50.024835304	0.999999753283
11525	INTENSITY/STRENGTH	50.8883115067	0.999684361067
6050	INTENSITY/STRENGTH	44.6406484131	0.988510940227
33032	INTENSITY/STRENGTH	44.949494332	0.989796956999
89440	INTENSITY/STRENGTH	48.0494535718	0.998478147453
18827	INTENSITY/STRENGTH	50.2438950857	0.999976206075
6054	INTENSITY/STRENGTH	53.3325576724	0.995557623744
5367706	INTENSITY/STRENGTH	49.6296584984	0.999945138869
6569	INTENSITY/STRENGTH	39.8129382594	0.958489509238
2758	INTENSITY/STRENGTH	47.9848879675	0.998375729399
104721	INTENSITY/STRENGTH	54.4495258	0.992080688062
11419	INTENSITY/STRENGTH	50.8673984738	0.999699047955
7122	INTENSITY/STRENGTH	49.3284320557	0.999819598598
240	INTENSITY/STRENGTH	53.2705803524	0.995721321664
650	INTENSITY/STRENGTH	39.0542023277	0.952075805327
643820	INTENSITY/STRENGTH	50.0180707867	0.999999869379
2214	INTENSITY/STRENGTH	51.6325082359	0.998933966744
5610	INTENSITY/STRENGTH	51.9653682849	0.998454931002
7194	INTENSITY/STRENGTH	49.0741590307	0.9996571274
12748	INTENSITY/STRENGTH	59.6200360572	0.962981962503
8467	INTENSITY/STRENGTH	50.8475695783	0.999712650324
31260	INTENSITY/STRENGTH	39.8419565697	0.958725661468
126	INTENSITY/STRENGTH	53.1784619996	0.995958951727
6386	INTENSITY/STRENGTH	37.7675272113	0.940146643789
9261	INTENSITY/STRENGTH	54.6285484455	0.991430615715
7768	INTENSITY/STRENGTH	51.362288399	0.999257668127
325	INTENSITY/STRENGTH	49.7604217034	0.999977040896
61252	INTENSITY/STRENGTH	52.3183215321	0.997850154109
6137	INTENSITY/STRENGTH	52.2411655496	0.997990870792
8914	INTENSITY/STRENGTH	44.7253877938	0.98887138643
1549778	INTENSITY/STRENGTH	48.5023610543	0.999102831035
638024	INTENSITY/STRENGTH	49.3906208425	0.999851462817
8785	INTENSITY/STRENGTH	49.4940954239	0.999897624224
31210	INTENSITY/STRENGTH	48.2540740494	0.99878069703
7803	INTENSITY/STRENGTH	53.7666730061	0.994324869786
7915	INTENSITY/STRENGTH	42.4851472021	0.97741079497
1551246	INTENSITY/STRENGTH	52.1114272625	0.998216749966
244	INTENSITY/STRENGTH	53.6619435523	0.994636067768
165675	INTENSITY/STRENGTH	45.8694022628	0.993175264933
638014	INTENSITY/STRENGTH	48.3532331996	0.998915263642
356	INTENSITY/STRENGTH	48.3010362078	0.998845408813
7921	INTENSITY/STRENGTH	54.3844276272	0.992310717753
93375	INTENSITY/STRENGTH	52.5631507976	0.997372103195
14296	INTENSITY/STRENGTH	51.6305449398	0.99893652928
2346	INTENSITY/STRENGTH	53.8209484896	0.994160141056
7410	INTENSITY/STRENGTH	51.4114468429	0.999203127124
7695	INTENSITY/STRENGTH	49.34992077	0.999830958798
6287	INTENSITY/STRENGTH	38.5371189857	0.947440943541
10895	VALENCE/PLEASANTNESS	48.012875363	0.998420534271
62444	VALENCE/PLEASANTNESS	30.8070029918	0.852651546338
5541	VALENCE/PLEASANTNESS	54.5199813338	0.991827907497
24020	VALENCE/PLEASANTNESS	49.4635858334	0.999884903937
14328	VALENCE/PLEASANTNESS	44.0834907643	0.985997967386
8048	VALENCE/PLEASANTNESS	54.4652038262	0.992024781916
9609	VALENCE/PLEASANTNESS	38.5820850631	0.947852487398
2345	VALENCE/PLEASANTNESS	46.4011420783	0.994819288664
887	VALENCE/PLEASANTNESS	41.5681107079	0.971561297186
8125	VALENCE/PLEASANTNESS	44.8418094497	0.989357228099
61386	VALENCE/PLEASANTNESS	48.6612485069	0.999283097776
7136	VALENCE/PLEASANTNESS	47.8964468582	0.998230025672
61204	VALENCE/PLEASANTNESS	47.8089533758	0.998079725876
5363491	VALENCE/PLEASANTNESS	48.2502417867	0.998775338478
520108	VALENCE/PLEASANTNESS	41.0405090782	0.967891008969
6374	VALENCE/PLEASANTNESS	37.5734011778	0.938231856685
8892	VALENCE/PLEASANTNESS	42.4336292852	0.977100013682
11525	VALENCE/PLEASANTNESS	43.2629027816	0.981844608428
6050	VALENCE/PLEASANTNESS	50.0588026386	0.9999986169
33032	VALENCE/PLEASANTNESS	37.0858462956	0.93328985364
89440	VALENCE/PLEASANTNESS	41.8524624821	0.973447052957
18827	VALENCE/PLEASANTNESS	43.615280794	0.983694144264
6054	VALENCE/PLEASANTNESS	42.6861010485	0.978602752851
5367706	VALENCE/PLEASANTNESS	47.0555728649	0.996532139538
6569	VALENCE/PLEASANTNESS	43.5631249637	0.983426655907
2758	VALENCE/PLEASANTNESS	43.8312929223	0.984778821196
104721	VALENCE/PLEASANTNESS	43.8772362367	0.98500470556
11419	VALENCE/PLEASANTNESS	43.0643068068	0.980758463972
7122	VALENCE/PLEASANTNESS	42.9728338429	0.98024757432
7969	VALENCE/PLEASANTNESS	27.6895041304	0.800896709621
240	VALENCE/PLEASANTNESS	52.1409443346	0.998166542942
650	VALENCE/PLEASANTNESS	42.9036817898	0.979856907144
643820	VALENCE/PLEASANTNESS	45.1042072534	0.990412485353
2214	VALENCE/PLEASANTNESS	42.3976817561	0.976881902927
5610	VALENCE/PLEASANTNESS	42.2489965016	0.975968777907
7194	VALENCE/PLEASANTNESS	46.8207551564	0.99595696089
12748	VALENCE/PLEASANTNESS	41.1451838004	0.968636892029
8467	VALENCE/PLEASANTNESS	56.0304454993	0.985453490832
31260	VALENCE/PLEASANTNESS	40.2081635614	0.961647975664
126	VALENCE/PLEASANTNESS	53.6772022039	0.994591273581
6386	VALENCE/PLEASANTNESS	43.0243061397	0.980535878067
9261	VALENCE/PLEASANTNESS	42.6532236978	0.978409951186
7768	VALENCE/PLEASANTNESS	43.1505718764	0.981234133752
7894	VALENCE/PLEASANTNESS	40.5868503171	0.964557045219
325	VALENCE/PLEASANTNESS	41.7585236441	0.97283122699
61252	VALENCE/PLEASANTNESS	42.6369578927	0.97831424437
61199	VALENCE/PLEASANTNESS	46.6203695376	0.995431239175
6137	VALENCE/PLEASANTNESS	28.4365676479	0.814007354078
8914	VALENCE/PLEASANTNESS	43.0721566156	0.980801994416
1549778	VALENCE/PLEASANTNESS	45.6974943462	0.99259537804
638024	VALENCE/PLEASANTNESS	49.2793431971	0.999792261509
8785	VALENCE/PLEASANTNESS	47.3765279691	0.997246957801
31210	VALENCE/PLEASANTNESS	48.4572241537	0.999047937075
7803	VALENCE/PLEASANTNESS	50.1837822489	0.999986489634
7915	VALENCE/PLEASANTNESS	46.6900654122	0.99561773321
1551246	VALENCE/PLEASANTNESS	44.3353388416	0.987164645584
244	VALENCE/PLEASANTNESS	42.8518061424	0.97956132983
61130	VALENCE/PLEASANTNESS	35.9334315521	0.92085266084
165675	VALENCE/PLEASANTNESS	42.6836567492	0.978588448575
638014	VALENCE/PLEASANTNESS	43.8083472237	0.984665374359
356	VALENCE/PLEASANTNESS	45.0016498212	0.990006598196
7921	VALENCE/PLEASANTNESS	46.6312591417	0.995460634012
93375	VALENCE/PLEASANTNESS	36.6550417159	0.928764835358
14296	VALENCE/PLEASANTNESS	43.686305414	0.98405490427
2346	VALENCE/PLEASANTNESS	28.1624121648	0.809247903017
7410	VALENCE/PLEASANTNESS	42.700791375	0.978688621379
7695	VALENCE/PLEASANTNESS	48.173651062	0.998665779823
6287	VALENCE/PLEASANTNESS	30.4730796175	0.84747975215
7916	VALENCE/PLEASANTNESS	47.1847404498	0.996829725466
10895	BAKERY	3.53565875658	0.136425997126
62444	BAKERY	3.10363231542	0.120292279197
5541	BAKERY	4.11583354163	0.157857307368
24020	BAKERY	4.36839021521	0.167102475379
14328	BAKERY	6.59874512354	0.246532430059
8048	BAKERY	3.16187503877	0.122476020046
9609	BAKERY	2.68348831617	0.10445908883
2345	BAKERY	2.53753681176	0.098925835242
887	BAKERY	3.57789117342	0.137995124837
8125	BAKERY	2.47475403856	0.096540398522
61386	BAKERY	2.82271684925	0.109721581806
7136	BAKERY	8.13882402782	0.299056778491
61204	BAKERY	2.89031798261	0.112271144088
5363491	BAKERY	3.41456702885	0.131918973956
520108	BAKERY	4.31391287719	0.165112577363
6374	BAKERY	2.82389597421	0.109766083579
8892	BAKERY	2.89551785321	0.112467104673
11525	BAKERY	3.0562705533	0.118514506254
6050	BAKERY	3.22102176429	0.124690878089
33032	BAKERY	4.35096049818	0.166466077025
89440	BAKERY	3.22782003967	0.124945272704
18827	BAKERY	2.65785098198	0.103488370542
6054	BAKERY	3.20308008566	0.124019314612
5367706	BAKERY	3.37736377242	0.130531916476
6569	BAKERY	3.35006384336	0.129513382633
2758	BAKERY	2.98361000977	0.115783628915
104721	BAKERY	6.0741972533	0.228209541223
11419	BAKERY	3.08835211033	0.11971891691
7122	BAKERY	4.04134120951	0.155120672872
7969	BAKERY	3.13767581562	0.121569028815
240	BAKERY	4.54173791347	0.173418563229
650	BAKERY	3.13409938573	0.121434943845
643820	BAKERY	2.86851660607	0.111449309235
2214	BAKERY	10.8562499886	0.387106734018
5610	BAKERY	3.31695358002	0.12827727078
7194	BAKERY	2.7844371966	0.108276251663
12748	BAKERY	4.62049656777	0.176280267298
8467	BAKERY	15.811184926	0.532449969533
31260	BAKERY	2.73329917441	0.106343597226
126	BAKERY	5.76676595383	0.217368402327
6386	BAKERY	2.3765915935	0.0928043886989
9261	BAKERY	4.92304052012	0.18722708962
7768	BAKERY	3.44833120026	0.133176852784
7894	BAKERY	2.62386439746	0.102200710148
325	BAKERY	3.18815704065	0.1234605435
61252	BAKERY	3.07531552725	0.119229594853
61199	BAKERY	8.84040705926	0.322355163581
6137	BAKERY	4.52524395189	0.172818624946
8914	BAKERY	2.3798368914	0.0929280262043
1549778	BAKERY	2.63624289998	0.102669805348
638024	BAKERY	3.73448171017	0.143800726949
8785	BAKERY	3.88024077544	0.149187123627
31210	BAKERY	3.42200472357	0.132196142411
7803	BAKERY	3.66341688128	0.141168425953
7915	BAKERY	4.29086275644	0.16426990898
1551246	BAKERY	2.4800287503	0.0967409329709
244	BAKERY	2.88482496118	0.112064112425
61130	BAKERY	2.94923421174	0.114490175495
165675	BAKERY	2.81703356185	0.109507071239
638014	BAKERY	2.96395853553	0.115044321341
356	BAKERY	2.48605800441	0.0969701264158
7921	BAKERY	3.57248147521	0.137794209452
93375	BAKERY	3.09987688315	0.12015138065
14296	BAKERY	6.04659798572	0.227239380548
2346	BAKERY	2.68134635115	0.104378006744
7410	BAKERY	4.42074707493	0.169012681117
7695	BAKERY	4.24424622475	0.162564398583
6287	BAKERY	4.53425266631	0.173146327756
7916	BAKERY	4.14928808259	0.159084886667
10895	SWEET	25.0702024565	0.751402077777
62444	SWEET	15.6269947903	0.527398605141
5541	SWEET	17.3432490926	0.573414648068
24020	SWEET	33.4802263372	0.890838831252
14328	SWEET	13.6630848554	0.47185143911
8048	SWEET	24.7486969592	0.744948677896
9609	SWEET	10.184563772	0.365892415191
2345	SWEET	12.8031983505	0.44655917882
887	SWEET	10.1143465055	0.363653858126
8125	SWEET	13.4103947289	0.464480314442
61386	SWEET	15.46056544	0.522810984111
7136	SWEET	16.2845659942	0.545307803921
61204	SWEET	14.830058606	0.505230088938
5363491	SWEET	22.8481763605	0.705111389221
520108	SWEET	14.581354895	0.49820783157
6374	SWEET	8.77078525233	0.320060740516
8892	SWEET	18.4008339111	0.600597080994
11525	SWEET	14.5669627775	0.497799949277
6050	SWEET	13.5444913278	0.468398354981
33032	SWEET	15.2554069008	0.517125300148
89440	SWEET	11.420135204	0.404637612928
18827	SWEET	16.2810589491	0.545213205762
6054	SWEET	11.4373787096	0.405169695686
5367706	SWEET	13.9713961096	0.480775880683
6569	SWEET	13.659409487	0.471744592466
2758	SWEET	12.6101583727	0.440799897234
104721	SWEET	13.0560990523	0.454059273105
11419	SWEET	14.4479523397	0.494420762864
7122	SWEET	17.0532884282	0.565805678642
7969	SWEET	11.7555006964	0.414943309206
240	SWEET	12.7910425921	0.446197395446
650	SWEET	12.1717920066	0.427610672002
643820	SWEET	18.5744426267	0.60497373751
2214	SWEET	11.7186520971	0.413815361093
5610	SWEET	11.1809285782	0.397231877578
7194	SWEET	13.6413837792	0.471220410603
12748	SWEET	11.5102645124	0.407416104839
8467	SWEET	12.946612367	0.450818585967
31260	SWEET	8.57517740299	0.313593629122
126	SWEET	12.8777481657	0.448775367501
6386	SWEET	11.0571953398	0.39338318608
9261	SWEET	11.8760336958	0.418625277294
7768	SWEET	13.8725847431	0.477923946742
7894	SWEET	8.90212740937	0.32438594741
325	SWEET	10.3368503493	0.370733823916
61252	SWEET	13.1498861112	0.456827642553
61199	SWEET	12.3457102126	0.432861784242
6137	SWEET	17.9841534454	0.589994227757
8914	SWEET	11.1135657878	0.395138093703
1549778	SWEET	15.332185178	0.519257046187
638024	SWEET	15.2829964045	0.517891864541
8785	SWEET	19.810307719	0.635432991991
31210	SWEET	16.980688023	0.563890014627
7803	SWEET	21.5878527101	0.67709995455
7915	SWEET	13.6897172759	0.472625347398
1551246	SWEET	17.7082004507	0.582895872747
244	SWEET	12.5969263612	0.44040403295
61130	SWEET	11.5618618605	0.409003814547
165675	SWEET	10.7429647367	0.383554072933
638014	SWEET	17.2028680684	0.569739254824
356	SWEET	14.5703300074	0.497895393687
7921	SWEET	13.1527585013	0.456912317574
93375	SWEET	13.5700756387	0.469144244413
14296	SWEET	13.0780543091	0.454707970558
2346	SWEET	16.79425152	0.558951307153
7410	SWEET	11.5149286534	0.407559713377
7695	SWEET	21.2818752304	0.670107723886
6287	SWEET	10.5398249025	0.377157832509
7916	SWEET	15.6181164698	0.527154433967
10895	FRUIT	10.7450393388	0.383619225397
62444	FRUIT	6.58161847973	0.245937658464
5541	FRUIT	10.0864777504	0.362764296653
24020	FRUIT	16.6384223973	0.554802055942
14328	FRUIT	6.40516011607	0.239795974198
8048	FRUIT	15.6628853283	0.528385022409
9609	FRUIT	3.52252231189	0.1359376271
2345	FRUIT	5.15119478493	0.195433868312
887	FRUIT	2.63932261702	0.10278649513
8125	FRUIT	9.68932745752	0.350019871669
61386	FRUIT	7.54859308157	0.279151220258
7136	FRUIT	7.09458811569	0.263650252415
61204	FRUIT	9.10576852577	0.331064732853
5363491	FRUIT	9.38443110661	0.340150225387
520108	FRUIT	2.98592926723	0.115870861254
6374	FRUIT	3.73596669354	0.143855688887
8892	FRUIT	10.4899647862	0.375582846961
11525	FRUIT	3.08106142871	0.119445281337
6050	FRUIT	8.14272267711	0.299187334046
33032	FRUIT	4.34228062986	0.166149064767
89440	FRUIT	5.32016052003	0.201484777618
18827	FRUIT	8.492111444	0.310838075049
6054	FRUIT	4.43008379935	0.169353094986
5367706	FRUIT	7.57606553364	0.280083913758
6569	FRUIT	5.11527639426	0.194144634734
2758	FRUIT	3.17626736845	0.123015224979
104721	FRUIT	6.19748491648	0.232535868943
11419	FRUIT	3.0533674441	0.118405476664
7122	FRUIT	5.85931411119	0.220639939706
7969	FRUIT	2.95997860034	0.114894554688
240	FRUIT	3.13392803257	0.121428519337
650	FRUIT	4.0092737347	0.153941239036
643820	FRUIT	9.45645432609	0.342488361675
2214	FRUIT	6.85352269994	0.255352598638
5610	FRUIT	4.60366953136	0.175669271993
7194	FRUIT	5.86722384157	0.22091922742
12748	FRUIT	2.74164513396	0.106659158142
8467	FRUIT	6.60350964632	0.246697849993
31260	FRUIT	2.87566854686	0.111718954038
126	FRUIT	3.10321578324	0.120276652051
6386	FRUIT	2.60505588115	0.101487708789
9261	FRUIT	2.82589132452	0.109841388269
7768	FRUIT	3.49896467258	0.135061485391
7894	FRUIT	3.04706158056	0.118168629512
325	FRUIT	5.00596702145	0.19021479853
61252	FRUIT	3.46645617366	0.133851719585
61199	FRUIT	2.92454677655	0.113560681523
6137	FRUIT	7.06375107524	0.262591411308
8914	FRUIT	6.85093171239	0.255263162364
1549778	FRUIT	7.81706541625	0.288240011961
638024	FRUIT	5.33737343035	0.20209991516
8785	FRUIT	6.46859823823	0.242006824262
31210	FRUIT	8.04601076193	0.295945114805
7803	FRUIT	13.8747927415	0.477987760213
7915	FRUIT	4.50957707781	0.172248568944
1551246	FRUIT	9.57683967645	0.346387243783
244	FRUIT	2.72614545922	0.106073070743
61130	FRUIT	3.12828258752	0.121216842722
165675	FRUIT	4.51208825917	0.172339954184
638014	FRUIT	5.60845712657	0.211756368527
356	FRUIT	9.22791624239	0.335054874425
7921	FRUIT	3.03145887687	0.117582457906
93375	FRUIT	2.9691988947	0.115241498958
14296	FRUIT	2.89180632564	0.112327235495
2346	FRUIT	4.6806559192	0.178462820834
7410	FRUIT	3.02751007632	0.117434076148
7695	FRUIT	7.0026114277	0.260489830385
6287	FRUIT	0.0	0.0
7916	FRUIT	4.16589459329	0.159693912626
10895	FISH	1.04963380392	0.0415446597077
62444	FISH	5.8329280603	0.219707902509
5541	FISH	1.0365890337	0.041033754618
24020	FISH	1.1360016017	0.0449238642125
14328	FISH	1.06701969254	0.0422253752918
8048	FISH	0.902653700697	0.0357802345465
9609	FISH	5.5911573782	0.211141878797
2345	FISH	1.49090608767	0.0587471231219
887	FISH	1.26822604002	0.0500856826854
8125	FISH	1.05298173991	0.0416757613785
61386	FISH	0.909612743519	0.0360535516035
7136	FISH	1.0664312231	0.0422023387027
61204	FISH	1.03570256473	0.040999030668
5363491	FISH	1.05407024205	0.0417183840519
520108	FISH	3.58367192657	0.138209795272
6374	FISH	1.32560369522	0.052321257746
8892	FISH	1.05673619343	0.0418227711841
11525	FISH	1.33002410983	0.0524933787403
6050	FISH	1.00033767916	0.0396132369776
33032	FISH	1.15928574155	0.0458338522898
89440	FISH	1.01668663518	0.0402540047215
18827	FISH	1.05999917842	0.0419505278334
6054	FISH	4.05710009888	0.15569997947
5367706	FISH	1.36013862741	0.0536655542621
6569	FISH	1.17175259252	0.0463209020457
2758	FISH	1.24183857741	0.0490566778754
104721	FISH	1.05292149353	0.0416734022727
11419	FISH	1.52720971443	0.0601554407725
7122	FISH	1.15505541251	0.0456685552982
7969	FISH	5.86390514011	0.220802052207
240	FISH	1.98659897376	0.0778853287573
650	FISH	1.14080632558	0.0451116773944
643820	FISH	1.10839811539	0.0438445060626
2214	FISH	1.0742944685	0.0425101352981
5610	FISH	2.51465969725	0.0980569825329
7194	FISH	1.69237281824	0.0665492624274
12748	FISH	3.73384953807	0.143777328574
8467	FISH	1.12084558586	0.0443313055036
31260	FISH	1.26020433281	0.0497729273281
126	FISH	1.13424965286	0.0448553772045
6386	FISH	1.23830356797	0.048918784428
9261	FISH	1.17465078591	0.0464341096489
7768	FISH	2.60992272324	0.101672230281
7894	FISH	1.31938092367	0.0520789305381
325	FISH	1.19476490582	0.0472196109608
61252	FISH	4.67662846416	0.17831679705
61199	FISH	1.12558780923	0.0445167332029
6137	FISH	5.78199957494	0.217907375364
8914	FISH	0.907118856548	0.035955608414
1549778	FISH	1.05072096624	0.04158723283
638024	FISH	1.20374890208	0.0475703515156
8785	FISH	2.29648377373	0.0897498158602
31210	FISH	1.75317331652	0.0688974859899
7803	FISH	1.05696780548	0.0418318398424
7915	FISH	1.05800614944	0.0418724951727
1551246	FISH	1.19479173081	0.0472206583205
244	FISH	3.2919410222	0.12734289061
61130	FISH	1.227667572	0.0485038358132
165675	FISH	1.0988146837	0.0434696298644
638014	FISH	1.08379989797	0.0428821470314
356	FISH	1.01220874092	0.0400785230225
7921	FISH	1.41379375175	0.0557522249611
93375	FISH	1.24213654279	0.0490683004351
14296	FISH	1.12818619815	0.0446183262868
2346	FISH	3.78349845005	0.145613993794
7410	FISH	1.86086336969	0.0730494097952
7695	FISH	1.10875688387	0.0438585386238
6287	FISH	1.11797350698	0.0442189943741
7916	FISH	1.09564303413	0.0433455479018
10895	GARLIC	2.39716589736	0.0935880741585
62444	GARLIC	12.4388634607	0.435664408751
5541	GARLIC	2.48864797102	0.0970685713515
24020	GARLIC	2.40051439874	0.0937155881981
14328	GARLIC	2.29940046472	0.08986112159
8048	GARLIC	2.32017826269	0.0906538396395
9609	GARLIC	11.8149397985	0.416760470964
2345	GARLIC	2.36194483784	0.0922462801467
887	GARLIC	3.19755788664	0.12381256489
8125	GARLIC	2.45455396644	0.095772224588
61386	GARLIC	2.37400157795	0.0927057097213
7136	GARLIC	2.34363013367	0.0915481644654
61204	GARLIC	2.15827855932	0.0844678758368
5363491	GARLIC	2.51290235336	0.0979902228394
520108	GARLIC	6.41837889436	0.240256920722
6374	GARLIC	2.98464638933	0.115822609946
8892	GARLIC	2.50367562609	0.0976396683874
11525	GARLIC	2.72862176734	0.106166719994
6050	GARLIC	2.39150763874	0.093372582035
33032	GARLIC	2.73612218284	0.106450341474
89440	GARLIC	2.3559925975	0.0920194234522
18827	GARLIC	2.57411575256	0.100314201339
6054	GARLIC	2.74591038159	0.106820405734
5367706	GARLIC	2.28260033914	0.0892199078421
6569	GARLIC	2.45628674377	0.0958381319239
2758	GARLIC	2.91129769952	0.113061646263
104721	GARLIC	2.37112450026	0.0925960874522
11419	GARLIC	3.38464125504	0.130803331631
7122	GARLIC	2.32175072908	0.0907138185839
7969	GARLIC	7.01056916583	0.260763534621
240	GARLIC	2.49046016462	0.0971374498522
650	GARLIC	2.57457931101	0.100331788989
643820	GARLIC	2.67603945797	0.104177103446
2214	GARLIC	2.31376776817	0.0904093022128
5610	GARLIC	2.4002425106	0.0937052347802
7194	GARLIC	2.35512753605	0.0919864511577
12748	GARLIC	7.02279290652	0.261183868178
8467	GARLIC	2.22958154923	0.0871948484155
31260	GARLIC	3.8980639958	0.149844598666
126	GARLIC	2.30442918459	0.0900530098371
6386	GARLIC	2.75057857632	0.106996870051
9261	GARLIC	2.70893103494	0.105421918457
7768	GARLIC	2.52336081655	0.0983874927379
7894	GARLIC	2.76455926542	0.107525255444
325	GARLIC	2.47221856315	0.0964439966764
61252	GARLIC	6.92623746357	0.257860392382
61199	GARLIC	2.24404703216	0.0877475824535
6137	GARLIC	12.7311125093	0.444412010082
8914	GARLIC	2.59264132644	0.101016937439
1549778	GARLIC	2.43773618581	0.0951324243479
638024	GARLIC	2.34318795967	0.0915313064612
8785	GARLIC	2.39037996654	0.0933296321079
31210	GARLIC	2.2727440114	0.0888436143193
7803	GARLIC	2.33045441942	0.0910457696563
7915	GARLIC	2.53888117902	0.0989768801042
1551246	GARLIC	2.58650719419	0.100784279982
244	GARLIC	2.62597522243	0.10228071055
61130	GARLIC	2.34376805862	0.0915534228598
165675	GARLIC	2.83865678105	0.110323082314
638014	GARLIC	2.32095203644	0.0906833541153
356	GARLIC	2.43383249187	0.0949838834355
7921	GARLIC	2.30537304994	0.0900890240377
93375	GARLIC	2.38172381781	0.0929999093748
14296	GARLIC	2.43721302756	0.0951125181656
2346	GARLIC	2.4671879003	0.0962527095579
7410	GARLIC	2.47301209934	0.0964741684361
7695	GARLIC	2.28202306797	0.0891978710057
6287	GARLIC	2.68477303065	0.104507718735
7916	GARLIC	2.60893987193	0.101634967975
10895	SPICES	5.46769822696	0.206749639518
62444	SPICES	6.71946516245	0.25071812167
5541	SPICES	5.19144389442	0.196877319893
24020	SPICES	5.28836014484	0.200347704585
14328	SPICES	7.50797435585	0.277771102663
8048	SPICES	4.87244970884	0.185401681888
9609	SPICES	6.85955949089	0.255560957072
2345	SPICES	6.6054195874	0.246764156326
887	SPICES	5.00894394617	0.190321950065
8125	SPICES	5.1977377903	0.197102920357
61386	SPICES	5.02086104469	0.190750823535
7136	SPICES	7.08210292327	0.263221644204
61204	SPICES	5.45622417769	0.206340814197
5363491	SPICES	6.65972796183	0.248648327863
520108	SPICES	7.05769886645	0.262383509342
6374	SPICES	6.73290528448	0.251183405951
8892	SPICES	5.270369152	0.199704049681
11525	SPICES	6.73328438719	0.251196528032
6050	SPICES	5.17779633665	0.196388023505
33032	SPICES	5.79590174595	0.218399079019
89440	SPICES	6.93300669545	0.258093635082
18827	SPICES	5.55675851474	0.209919314513
6054	SPICES	7.13555252628	0.265055657109
5367706	SPICES	6.29945811812	0.236105055692
6569	SPICES	5.3274481742	0.201745245349
2758	SPICES	6.7270573611	0.250980974148
104721	SPICES	6.68342971598	0.249469895532
11419	SPICES	6.96699390545	0.259264154587
7122	SPICES	7.2712181521	0.269700480718
7969	SPICES	7.16686185127	0.266128910533
240	SPICES	7.19065288829	0.266943919948
650	SPICES	5.66140761745	0.213635690214
643820	SPICES	6.08069474801	0.228437850473
2214	SPICES	8.48123100318	0.310476728396
5610	SPICES	7.5758878644	0.280077883802
7194	SPICES	6.53584867263	0.244347019757
12748	SPICES	7.46417157158	0.276281319963
8467	SPICES	8.24320864314	0.302548150232
31260	SPICES	6.58094784772	0.245914364079
126	SPICES	8.06896927728	0.296715465012
6386	SPICES	5.91702354732	0.222676474829
9261	SPICES	7.40168628793	0.274153467555
7768	SPICES	6.27506786404	0.235252123882
7894	SPICES	5.88931595596	0.221699021267
325	SPICES	9.99610420208	0.359875328396
61252	SPICES	6.88036396667	0.256278795341
61199	SPICES	6.85642866838	0.255452901101
6137	SPICES	7.53175747685	0.278579350798
8914	SPICES	5.00865614095	0.190311591103
1549778	SPICES	5.73264682674	0.216160577214
638024	SPICES	8.31692744809	0.305008585053
8785	SPICES	6.54013065618	0.244495902647
31210	SPICES	6.09815924406	0.229051351296
7803	SPICES	4.91064544064	0.186780042168
7915	SPICES	5.7183654963	0.215654738272
1551246	SPICES	6.06853402251	0.228010518827
244	SPICES	7.25207499538	0.26904596312
61130	SPICES	6.86034557719	0.255588086512
165675	SPICES	7.10952760298	0.264162951024
638014	SPICES	6.5754880965	0.245724706377
356	SPICES	4.9112057708	0.186800253983
7921	SPICES	6.30428192625	0.236273688808
93375	SPICES	6.75180582819	0.251837480351
14296	SPICES	6.85112387296	0.255269795589
2346	SPICES	7.12859152733	0.264816934228
7410	SPICES	6.97495616731	0.259538241278
7695	SPICES	6.61026300298	0.246932289332
6287	SPICES	6.19321287654	0.232386160768
7916	SPICES	5.4864739378	0.207418399004
10895	COLD	4.49869370304	0.171852450108
62444	COLD	2.87377902804	0.111647718761
5541	COLD	4.92298577938	0.187225115582
24020	COLD	4.81798669893	0.183434269625
14328	COLD	5.14414541532	0.195180923791
8048	COLD	4.8811031509	0.185714058848
9609	COLD	3.12323276569	0.121027477464
2345	COLD	4.64845099424	0.177294801111
887	COLD	4.64207575724	0.177063483355
8125	COLD	4.8023880058	0.182870348009
61386	COLD	4.90016990504	0.186402130162
7136	COLD	4.96413803469	0.188708454817
61204	COLD	5.15393669904	0.195532242563
5363491	COLD	4.77548915801	0.181897447641
520108	COLD	2.9015909263	0.112695945091
6374	COLD	5.12235066278	0.194398635986
8892	COLD	4.62109513761	0.176301997396
11525	COLD	6.00512947217	0.225780546896
6050	COLD	4.74064636644	0.180636363469
33032	COLD	4.57814195239	0.174741924601
89440	COLD	6.56971458015	0.24552412334
18827	COLD	4.84162324591	0.184288403574
6054	COLD	4.73194472237	0.180321268553
5367706	COLD	4.76165856029	0.181396985514
6569	COLD	4.6137095606	0.17603385606
2758	COLD	7.47869852784	0.276775568445
104721	COLD	4.90836406528	0.186697747492
11419	COLD	6.05500984452	0.227535136094
7122	COLD	4.85674699146	0.184834683123
7969	COLD	2.56057780376	0.0998004886748
240	COLD	4.6282854363	0.17656300702
650	COLD	4.86436708878	0.185109856682
643820	COLD	5.10255124768	0.193687638213
2214	COLD	5.07330980124	0.192637003114
5610	COLD	4.85859525278	0.184901430979
7194	COLD	4.70328227843	0.179282945461
12748	COLD	3.02226312501	0.117236895242
8467	COLD	4.77080095137	0.181727821368
31260	COLD	4.83856705008	0.184177989564
126	COLD	4.7357441785	0.18045885797
6386	COLD	4.63269056305	0.176722893781
9261	COLD	4.72595814385	0.180104453603
7768	COLD	6.27505443347	0.235251654082
7894	COLD	4.76895661022	0.181661085549
325	COLD	5.12461724609	0.194480009076
61252	COLD	3.280910689	0.12693067758
61199	COLD	5.18165115067	0.196526242568
6137	COLD	3.10133794417	0.120206198949
8914	COLD	4.9796072664	0.189265695245
1549778	COLD	4.96464373697	0.188726674505
638024	COLD	5.1294461045	0.194653357244
8785	COLD	4.75470025824	0.181145140511
31210	COLD	4.69955478514	0.179147865334
7803	COLD	4.54381084023	0.173493946828
7915	COLD	4.87085370703	0.185344061947
1551246	COLD	4.9581494425	0.188492679342
244	COLD	4.71863060778	0.179839034386
61130	COLD	6.66571450678	0.248855880317
165675	COLD	6.75633570939	0.251994199488
638014	COLD	6.17843776145	0.231868273189
356	COLD	4.87990909475	0.185670958681
7921	COLD	5.0390283181	0.191404410168
93375	COLD	5.98533555017	0.225083725348
14296	COLD	5.34443063514	0.20235204988
2346	COLD	2.65166089505	0.103253913601
7410	COLD	4.86268632227	0.185049165583
7695	COLD	5.08925452913	0.1932099765
6287	COLD	5.09967182351	0.193584211857
7916	COLD	4.96413313068	0.188708278131
10895	SOUR	9.31249356343	0.33781072799
62444	SOUR	12.2029579948	0.428553446263
5541	SOUR	8.67581448899	0.316924676741
24020	SOUR	9.33232669152	0.33845613907
14328	SOUR	7.87099242012	0.290058688134
8048	SOUR	7.7419529579	0.285702984075
9609	SOUR	9.64256454966	0.348510961549
2345	SOUR	7.50473110433	0.277660848594
887	SOUR	8.65528874707	0.316245940565
8125	SOUR	8.81318488236	0.321458504186
61386	SOUR	7.61681880533	0.281466380728
7136	SOUR	7.77464106967	0.286807625282
61204	SOUR	7.57071028231	0.279902149621
5363491	SOUR	8.75221336904	0.319448039219
520108	SOUR	10.5829377612	0.378518081785
6374	SOUR	9.8273345216	0.354462779344
8892	SOUR	14.3955099263	0.492928114637
11525	SOUR	7.05200036026	0.262187730778
6050	SOUR	8.30905892051	0.304746172763
33032	SOUR	14.2071018087	0.487547375626
89440	SOUR	6.78978849201	0.253151048574
18827	SOUR	8.86227839836	0.32307514457
6054	SOUR	7.81616791438	0.288209724229
5367706	SOUR	7.7759612958	0.286852222203
6569	SOUR	10.3934921741	0.372529815135
2758	SOUR	7.52915620194	0.278490970832
104721	SOUR	7.69126855585	0.283988497435
11419	SOUR	7.05365858708	0.262244703698
7122	SOUR	6.49814593615	0.243035477203
7969	SOUR	8.67646094801	0.316946048087
240	SOUR	7.19014555737	0.26692654504
650	SOUR	9.56691504324	0.346066256352
643820	SOUR	8.78070260258	0.320387808825
2214	SOUR	7.90815987067	0.291310797811
5610	SOUR	7.65991033798	0.282926722965
7194	SOUR	7.61947040999	0.281556284668
12748	SOUR	10.3580002516	0.371404742381
8467	SOUR	7.50393775175	0.277633877357
31260	SOUR	9.70130629327	0.350406114213
126	SOUR	7.06371129146	0.262590044775
6386	SOUR	8.41095488474	0.30814053056
9261	SOUR	7.73580762167	0.285495217043
7768	SOUR	7.52149560521	0.278230665753
7894	SOUR	9.02300181314	0.328354247838
325	SOUR	7.65319799052	0.282699343828
61252	SOUR	8.16719580697	0.300006597339
61199	SOUR	9.54742847272	0.345435782732
6137	SOUR	11.527783044	0.407955408996
8914	SOUR	7.65498367215	0.282759836878
1549778	SOUR	8.10907930181	0.298060305223
638024	SOUR	7.34635296492	0.272266557843
8785	SOUR	7.73935666968	0.285615210123
31210	SOUR	7.76372210755	0.286438731917
7803	SOUR	9.10760675744	0.331124869958
7915	SOUR	10.4042419472	0.372870377688
1551246	SOUR	8.69776386737	0.317650116178
244	SOUR	7.74243249462	0.285719195411
61130	SOUR	11.7106743868	0.413571017634
165675	SOUR	7.35813139091	0.27266841661
638014	SOUR	6.971052603	0.259403874363
356	SOUR	7.71777390296	0.284885342512
7921	SOUR	8.29060024331	0.304130388775
93375	SOUR	12.1031561957	0.425531691868
14296	SOUR	7.70373335992	0.284410331324
2346	SOUR	8.72274551454	0.318475304857
7410	SOUR	7.28152826312	0.270052868986
7695	SOUR	7.80608415532	0.287869386277
6287	SOUR	16.0325891368	0.538485999699
7916	SOUR	10.8419258144	0.386658090429
10895	BURNT	3.8683772009	0.148749351169
62444	BURNT	14.3303624376	0.491070782465
5541	BURNT	4.20789102727	0.161233102332
24020	BURNT	4.21416250585	0.161462833984
14328	BURNT	5.85582031927	0.220516560126
8048	BURNT	4.07930021175	0.156515732383
9609	BURNT	5.81412479154	0.219043372825
2345	BURNT	5.46005725973	0.206477400277
887	BURNT	5.08161442297	0.192935454861
8125	BURNT	6.10858623234	0.22941751899
61386	BURNT	7.35123946797	0.272433290032
7136	BURNT	5.32671010784	0.201718868085
61204	BURNT	4.76137752933	0.181386814783
5363491	BURNT	3.7585520704	0.14469139735
520108	BURNT	5.83838256778	0.219900618308
6374	BURNT	7.18060093219	0.266599625389
8892	BURNT	4.5549363793	0.173898477004
11525	BURNT	7.08973082017	0.263483519566
6050	BURNT	4.91715627832	0.187014880787
33032	BURNT	3.80014314395	0.146229290592
89440	BURNT	5.96166730103	0.224250101238
18827	BURNT	4.26356314432	0.163271337499
6054	BURNT	5.56228592557	0.210115827136
5367706	BURNT	4.06890320298	0.156133738809
6569	BURNT	4.56593295068	0.174298220543
2758	BURNT	5.07909798743	0.192845024951
104721	BURNT	5.76363068117	0.217257451795
11419	BURNT	7.75162518352	0.286029930147
7122	BURNT	5.73335616249	0.216185697345
7969	BURNT	16.0875607128	0.539978584637
240	BURNT	5.83308552591	0.219713466335
650	BURNT	4.37683258811	0.167410638123
643820	BURNT	4.00832735712	0.153906419004
2214	BURNT	6.79653787359	0.253384344117
5610	BURNT	6.03906292564	0.226974404618
7194	BURNT	4.78145213051	0.18211317143
12748	BURNT	5.97749304975	0.224807552726
8467	BURNT	6.50012869665	0.243104478637
31260	BURNT	4.7093095461	0.179501343283
126	BURNT	6.48556745041	0.242597663955
6386	BURNT	5.17927102599	0.196440901695
9261	BURNT	6.94349446194	0.25845493234
7768	BURNT	5.37297665288	0.20337151487
7894	BURNT	4.11917925022	0.157980114931
325	BURNT	5.81525084145	0.219083176719
61252	BURNT	6.48016180457	0.242409473377
61199	BURNT	5.46664000908	0.206711939168
6137	BURNT	13.2417647816	0.45953285745
8914	BURNT	4.7811714406	0.182103017486
1549778	BURNT	3.95578378824	0.151972061378
638024	BURNT	5.15173833646	0.195453370304
8785	BURNT	5.24131460302	0.198664032614
31210	BURNT	4.91621618185	0.186980974655
7803	BURNT	3.94142287042	0.15144298912
7915	BURNT	4.25783271441	0.163061652807
1551246	BURNT	4.629306657	0.17660007423
244	BURNT	5.97665565638	0.224778061121
61130	BURNT	5.27862846991	0.199999571387
165675	BURNT	6.10437338106	0.229269585492
638014	BURNT	5.08053277924	0.192896585841
356	BURNT	7.10204933241	0.263906331408
7921	BURNT	7.43041606117	0.27513220931
93375	BURNT	5.7198084059	0.215705852956
14296	BURNT	5.45348591498	0.206243233149
2346	BURNT	15.6009991531	0.526683496293
7410	BURNT	5.8354008847	0.219795273994
7695	BURNT	5.32223824725	0.201559041906
6287	BURNT	4.48589163537	0.171386375909
7916	BURNT	4.20501889975	0.161127882411
10895	ACID	7.32639915837	0.271585516484
62444	ACID	6.94857479341	0.258629915073
5541	ACID	5.05813450877	0.192091490467
24020	ACID	7.41245237209	0.274520314816
14328	ACID	6.69228438427	0.249776707259
8048	ACID	6.20710389278	0.232872900217
9609	ACID	7.35390507627	0.272524235103
2345	ACID	6.51850620661	0.243743878998
887	ACID	6.9735381204	0.259489431249
8125	ACID	7.33042404276	0.271722915052
61386	ACID	5.73714361319	0.216319817792
7136	ACID	5.19993375893	0.197181625918
61204	ACID	6.13485839016	0.230339740619
5363491	ACID	4.98024695683	0.189288734373
520108	ACID	6.99188060369	0.260120666397
6374	ACID	8.81910293046	0.321653486619
8892	ACID	6.56873574202	0.245490113981
11525	ACID	9.01563930689	0.328112871431
6050	ACID	5.01152863296	0.190414977623
33032	ACID	5.76245321035	0.217215781613
89440	ACID	5.44548567979	0.205958101476
18827	ACID	7.11167825749	0.264236743244
6054	ACID	7.21503244634	0.267778620573
5367706	ACID	6.07859217425	0.228363973842
6569	ACID	7.45532470785	0.275980241714
2758	ACID	7.479032368	0.276786924655
104721	ACID	6.43089838244	0.240693353695
11419	ACID	8.98009508848	0.32694696042
7122	ACID	5.09896244478	0.193558730586
7969	ACID	7.6895370055	0.283929888477
240	ACID	7.5059329692	0.277701706873
650	ACID	6.87268134196	0.256013754147
643820	ACID	5.34384667688	0.202331188153
2214	ACID	6.74446949568	0.251583632316
5610	ACID	6.97749576035	0.25962565158
7194	ACID	5.70317981208	0.215116688496
12748	ACID	6.84886307894	0.255191752968
8467	ACID	6.322952537	0.236926209966
31260	ACID	7.67205921213	0.283338171463
126	ACID	6.70243931672	0.250128495551
6386	ACID	7.25463286903	0.269133435535
9261	ACID	6.80923339767	0.253823072121
7768	ACID	8.38180533211	0.307170349034
7894	ACID	7.6673247322	0.283177841868
325	ACID	9.18913056534	0.333789174395
61252	ACID	8.09543604267	0.297603007819
61199	ACID	6.952602966	0.258768643439
6137	ACID	6.02188354406	0.226370109195
8914	ACID	7.2059393444	0.267467349042
1549778	ACID	5.56403245315	0.21017791527
638024	ACID	5.44153366996	0.205817231326
8785	ACID	4.70055240568	0.17918401906
31210	ACID	6.09205981253	0.228837115397
7803	ACID	7.12811824821	0.264800702024
7915	ACID	7.37086897646	0.273102875271
1551246	ACID	5.1392288095	0.195004483277
244	ACID	7.66202589274	0.282998379397
61130	ACID	7.28704704878	0.270241460075
165675	ACID	7.52289410106	0.27827818978
638014	ACID	4.5171928745	0.172525702394
356	ACID	7.65700987312	0.282828474846
7921	ACID	7.3228494131	0.271464327113
93375	ACID	6.9239588829	0.257781872671
14296	ACID	7.04031116804	0.261786054184
2346	ACID	4.50750678105	0.172173224289
7410	ACID	7.81926309061	0.288314173512
7695	ACID	4.14867613164	0.159062439807
6287	ACID	6.88748879305	0.256524550972
7916	ACID	7.05062088186	0.262140333346
10895	WARM	5.74361784626	0.216549055465
62444	WARM	6.82611193706	0.254406155812
5541	WARM	5.84700224694	0.220205115767
24020	WARM	5.7111855102	0.215400364435
14328	WARM	7.69735814422	0.284194596809
8048	WARM	5.17845009949	0.196411465807
9609	WARM	6.34908959741	0.23783920841
2345	WARM	6.11112949339	0.229506818262
887	WARM	4.69279375994	0.178902825088
8125	WARM	5.09368643229	0.193369200703
61386	WARM	5.26007885628	0.199335782421
7136	WARM	7.72875768021	0.285256829097
61204	WARM	5.82756287122	0.219518319241
5363491	WARM	5.44022828362	0.205770697833
520108	WARM	6.12848299764	0.230115998365
6374	WARM	5.52253660495	0.208702099977
8892	WARM	5.42484292404	0.205222148661
11525	WARM	6.86561405165	0.255769899544
6050	WARM	5.91055920463	0.222448484141
33032	WARM	5.64429891261	0.213028712418
89440	WARM	6.28634331855	0.235646487815
18827	WARM	5.20985875745	0.197537298989
6054	WARM	5.900223701	0.222083892151
5367706	WARM	5.93595105581	0.223343836258
6569	WARM	5.54407425059	0.209468266305
2758	WARM	6.35066658512	0.237894276975
104721	WARM	6.31786155769	0.236748312443
11419	WARM	7.04409258283	0.261916007187
7122	WARM	6.54113308065	0.244530754435
7969	WARM	6.28814610891	0.235709531762
240	WARM	7.12286818767	0.264620627019
650	WARM	6.31496823859	0.236647200002
643820	WARM	5.5020972138	0.207974659052
2214	WARM	8.79023820947	0.320702213267
5610	WARM	6.09837165959	0.229058811624
7194	WARM	5.88226743562	0.221450269351
12748	WARM	5.97706852583	0.224792601768
8467	WARM	12.5428318323	0.438784221141
31260	WARM	5.37880511241	0.203579586721
126	WARM	8.09360251578	0.297541539958
6386	WARM	6.50073091872	0.243125435758
9261	WARM	6.12072212033	0.229843589103
7768	WARM	6.30230013276	0.236204410525
7894	WARM	5.28140750142	0.200098993978
325	WARM	6.15402743631	0.231012275978
61252	WARM	6.85798230257	0.255506523598
61199	WARM	6.45344887623	0.24147915409
6137	WARM	6.34125608877	0.237565632037
8914	WARM	4.90816708591	0.186690641779
1549778	WARM	5.47763905677	0.207103750416
638024	WARM	6.41122436034	0.240007455294
8785	WARM	6.12772277601	0.230089316472
31210	WARM	5.74350613352	0.216545100259
7803	WARM	5.32167256489	0.201538823041
7915	WARM	5.84814004442	0.220245304985
1551246	WARM	5.74821960946	0.216711972907
244	WARM	6.29167989508	0.235833101442
61130	WARM	6.80016663215	0.253509758796
165675	WARM	5.96672732771	0.224428359107
638014	WARM	6.08000647931	0.228413667657
356	WARM	4.7982194304	0.182719613335
7921	WARM	7.00699943085	0.260640760825
93375	WARM	6.87200700497	0.255990488088
14296	WARM	6.18165115606	0.231980921836
2346	WARM	6.17438109884	0.231726051172
7410	WARM	6.33531241824	0.237358023355
7695	WARM	6.33483990835	0.237341517668
6287	WARM	6.04011565098	0.227011427208
7916	WARM	5.82251975962	0.219340095844
10895	MUSKY	6.22061399176	0.233346144297
62444	MUSKY	11.4620916737	0.405931848734
5541	MUSKY	7.14085935809	0.265237625375
24020	MUSKY	7.98462455835	0.293883290599
14328	MUSKY	7.06548724759	0.262651045885
8048	MUSKY	6.93812675039	0.258270028894
9609	MUSKY	9.08730161233	0.330460444256
2345	MUSKY	7.78472924633	0.287148366078
887	MUSKY	8.42697548424	0.308673453045
8125	MUSKY	7.60383013044	0.281025912157
61386	MUSKY	6.5843112976	0.246031189799
7136	MUSKY	8.30580802962	0.304637742375
61204	MUSKY	6.85997903114	0.255575436322
5363491	MUSKY	7.24613195324	0.268842706816
520108	MUSKY	11.2321474612	0.398821443811
6374	MUSKY	9.33727662825	0.338617171197
8892	MUSKY	11.0251475326	0.392384350059
11525	MUSKY	8.8009087367	0.321053951631
6050	MUSKY	9.07081194029	0.329920625909
33032	MUSKY	11.3503337664	0.402481320014
89440	MUSKY	7.63389584873	0.282045287617
18827	MUSKY	6.94669827649	0.258565284282
6054	MUSKY	8.45249944568	0.309522079076
5367706	MUSKY	7.40450162738	0.274249407355
6569	MUSKY	9.18789510766	0.333748837703
2758	MUSKY	8.16010101709	0.29976914124
104721	MUSKY	3.57346986741	0.137830919939
11419	MUSKY	8.06667421401	0.29663847541
7122	MUSKY	5.75651592708	0.217005646836
7969	MUSKY	11.159182275	0.396556351381
240	MUSKY	6.85797607782	0.255506308759
650	MUSKY	9.27329757972	0.336534283988
643820	MUSKY	5.4341858073	0.205555282137
2214	MUSKY	5.29701391205	0.200657213928
5610	MUSKY	7.98035282273	0.293739700439
7194	MUSKY	8.17836230832	0.300380248314
12748	MUSKY	10.771051669	0.384435845136
8467	MUSKY	7.12865492159	0.264819108467
31260	MUSKY	9.38714532695	0.340238414122
126	MUSKY	6.95898819264	0.25898852104
6386	MUSKY	8.82904230649	0.32198089704
9261	MUSKY	9.47677403627	0.343147262997
7768	MUSKY	8.17337390737	0.300213339883
7894	MUSKY	9.02653205376	0.328469969784
325	MUSKY	4.34118483951	0.166109039256
61252	MUSKY	7.92522135122	0.291885200662
61199	MUSKY	10.325723671	0.370380719107
6137	MUSKY	8.84878208471	0.322630905635
8914	MUSKY	7.19808879525	0.267198558888
1549778	MUSKY	5.20837074779	0.197483979573
638024	MUSKY	7.84716129461	0.289255275631
8785	MUSKY	7.50992673373	0.277837469531
31210	MUSKY	8.75426758322	0.319515822961
7803	MUSKY	6.9375755467	0.258251040081
7915	MUSKY	9.48408769184	0.343384339935
1551246	MUSKY	5.14539562581	0.195225786574
244	MUSKY	8.47112353138	0.310140967702
61130	MUSKY	11.5407410323	0.408354159861
165675	MUSKY	4.58967308631	0.175160883837
638014	MUSKY	4.96259268192	0.188652776826
356	MUSKY	6.70195234939	0.250111627858
7921	MUSKY	7.94469905053	0.29254066482
93375	MUSKY	10.5374044078	0.377081419651
14296	MUSKY	9.5710596383	0.346200312492
2346	MUSKY	8.29688766253	0.304340168547
7410	MUSKY	7.76363638372	0.286435835389
7695	MUSKY	6.49245406287	0.242837378612
6287	MUSKY	18.3337236734	0.598898777442
7916	MUSKY	10.0021154702	0.360067693255
10895	SWEATY	5.20952494334	0.19752533768
62444	SWEATY	7.2368147625	0.268523995337
5541	SWEATY	3.44076295848	0.132894978445
24020	SWEATY	4.43451857292	0.169514760927
14328	SWEATY	2.36017838032	0.092178958418
8048	SWEATY	3.840073734	0.147704482847
9609	SWEATY	6.2463290332	0.234246510772
2345	SWEATY	3.47326594245	0.134105207175
887	SWEATY	4.44543859406	0.169912774045
8125	SWEATY	3.80540855595	0.146423888527
61386	SWEATY	4.96945174863	0.188899889672
7136	SWEATY	3.09471012124	0.119957512556
61204	SWEATY	3.42675143195	0.132373007127
5363491	SWEATY	3.57722512128	0.137970389024
520108	SWEATY	5.24331676282	0.198735722243
6374	SWEATY	5.09773400186	0.193514603293
8892	SWEATY	8.51621425776	0.311638208197
11525	SWEATY	3.95495703948	0.151941607505
6050	SWEATY	3.68884307692	0.142110697778
33032	SWEATY	6.98476747585	0.259875908357
89440	SWEATY	2.58449012734	0.100707769406
18827	SWEATY	3.37306844946	0.130371701673
6054	SWEATY	3.50420396145	0.135256380297
5367706	SWEATY	3.60328670749	0.138937998261
6569	SWEATY	5.4430867626	0.205872593102
2758	SWEATY	3.81073247354	0.146620626148
104721	SWEATY	1.80276406825	0.0708105794158
11419	SWEATY	4.03033268321	0.154715874714
7122	SWEATY	2.89562824236	0.112471264527
7969	SWEATY	4.61819433605	0.176196685872
240	SWEATY	2.39333472832	0.093442168684
650	SWEATY	4.82986420049	0.183863532742
643820	SWEATY	3.08376733432	0.119546844984
2214	SWEATY	2.26935108892	0.0887140618107
5610	SWEATY	3.2079511092	0.12420166424
7194	SWEATY	3.70615430647	0.142751940361
12748	SWEATY	5.15379666704	0.195527218648
8467	SWEATY	2.99285897367	0.116131477012
31260	SWEATY	7.24327159252	0.268744870355
126	SWEATY	2.29521635512	0.0897014469582
6386	SWEATY	4.25824902703	0.163076887171
9261	SWEATY	4.03711384977	0.154965238697
7768	SWEATY	4.33580507071	0.165912520584
7894	SWEATY	6.24387363209	0.23416056211
325	SWEATY	2.111160003	0.0826636014967
61252	SWEATY	4.70986882602	0.179521607297
61199	SWEATY	4.18124090591	0.160256526031
6137	SWEATY	7.60511298169	0.281069421882
8914	SWEATY	3.80038695642	0.146238301849
1549778	SWEATY	2.86246810798	0.111221234852
638024	SWEATY	3.83528742999	0.147527725331
8785	SWEATY	3.37253451714	0.130351785058
31210	SWEATY	3.77153871739	0.145171746977
7803	SWEATY	3.9841866556	0.153017968902
7915	SWEATY	5.7340000204	0.216208498322
1551246	SWEATY	2.98441631585	0.115813956336
244	SWEATY	2.3883766048	0.0932533270696
61130	SWEATY	5.07975366056	0.192868587521
165675	SWEATY	1.69033015682	0.0664703198571
638014	SWEATY	2.31071436119	0.090292814104
356	SWEATY	3.28376517973	0.127037361687
7921	SWEATY	3.85655926004	0.148313150671
93375	SWEATY	4.62279067517	0.176363549556
14296	SWEATY	4.00584314945	0.153815014243
2346	SWEATY	4.40666334447	0.168499061046
7410	SWEATY	2.33792538667	0.0913306574214
7695	SWEATY	3.11724317254	0.120802844903
6287	SWEATY	12.2853372551	0.431041685616
7916	SWEATY	4.5965738842	0.175411558779
10895	AMMONIA/URINOUS	4.1919252175	0.160648113888
62444	AMMONIA/URINOUS	6.78858944371	0.253109599094
5541	AMMONIA/URINOUS	3.54371353591	0.136725379187
24020	AMMONIA/URINOUS	4.0555425425	0.155642731574
14328	AMMONIA/URINOUS	4.31730354914	0.165236497991
8048	AMMONIA/URINOUS	5.03888448952	0.191399236821
9609	AMMONIA/URINOUS	7.29353866596	0.27046326413
2345	AMMONIA/URINOUS	6.77665016458	0.252696811602
887	AMMONIA/URINOUS	6.09437080257	0.228918289911
8125	AMMONIA/URINOUS	5.81033040196	0.218909240327
61386	AMMONIA/URINOUS	5.23767956961	0.198533867875
7136	AMMONIA/URINOUS	5.2808295267	0.200078316872
61204	AMMONIA/URINOUS	5.02705553238	0.190973706365
5363491	AMMONIA/URINOUS	4.28462621579	0.164041839908
520108	AMMONIA/URINOUS	6.5314937328	0.244195585159
6374	AMMONIA/URINOUS	8.7537157905	0.319497615564
8892	AMMONIA/URINOUS	5.15640800897	0.195620902937
11525	AMMONIA/URINOUS	7.37654808322	0.273296538679
6050	AMMONIA/URINOUS	5.63129441671	0.212567185945
33032	AMMONIA/URINOUS	4.02034096688	0.154348382079
89440	AMMONIA/URINOUS	6.08161517919	0.228470189892
18827	AMMONIA/URINOUS	5.3602130142	0.202915767145
6054	AMMONIA/URINOUS	6.19521299252	0.232456254092
5367706	AMMONIA/URINOUS	5.35602912089	0.202766345658
6569	AMMONIA/URINOUS	6.56848494972	0.245481400175
2758	AMMONIA/URINOUS	7.47697183406	0.276716830239
104721	AMMONIA/URINOUS	4.08592075898	0.15675893098
11419	AMMONIA/URINOUS	7.13525196714	0.265045350432
7122	AMMONIA/URINOUS	5.33550599666	0.20203319017
7969	AMMONIA/URINOUS	7.60357604653	0.281017294383
240	AMMONIA/URINOUS	6.64460555425	0.248123908981
650	AMMONIA/URINOUS	5.84520214117	0.220141530418
643820	AMMONIA/URINOUS	4.76026243985	0.181346458195
2214	AMMONIA/URINOUS	3.70730918629	0.14279471089
5610	AMMONIA/URINOUS	5.48308317489	0.207297646555
7194	AMMONIA/URINOUS	5.95843281717	0.224136144032
12748	AMMONIA/URINOUS	7.51600584544	0.27804409627
8467	AMMONIA/URINOUS	4.04513156811	0.155260026963
31260	AMMONIA/URINOUS	7.09472168203	0.263654836983
126	AMMONIA/URINOUS	6.07232732014	0.228143829172
6386	AMMONIA/URINOUS	7.2319236722	0.268356658888
9261	AMMONIA/URINOUS	5.82825574303	0.219542803719
7768	AMMONIA/URINOUS	7.12605256837	0.264729852652
7894	AMMONIA/URINOUS	6.92328989975	0.257758818776
325	AMMONIA/URINOUS	5.58630381509	0.210969436478
61252	AMMONIA/URINOUS	6.69938772233	0.250022790551
61199	AMMONIA/URINOUS	6.10137779618	0.229164387442
6137	AMMONIA/URINOUS	4.41459039941	0.168788172619
8914	AMMONIA/URINOUS	5.96984282157	0.224538103537
1549778	AMMONIA/URINOUS	4.58197268772	0.174881118025
638024	AMMONIA/URINOUS	5.32009499837	0.201482435618
8785	AMMONIA/URINOUS	5.78263985632	0.21793002477
31210	AMMONIA/URINOUS	7.14820358085	0.265489417461
7803	AMMONIA/URINOUS	4.34447078149	0.166229060711
7915	AMMONIA/URINOUS	5.98131191692	0.224942039778
1551246	AMMONIA/URINOUS	4.793902477	0.182563498696
244	AMMONIA/URINOUS	7.22985818567	0.268285987673
61130	AMMONIA/URINOUS	7.27891415384	0.26996352965
165675	AMMONIA/URINOUS	5.96408508451	0.224335279022
638014	AMMONIA/URINOUS	5.42838219017	0.205348354326
356	AMMONIA/URINOUS	6.02972151573	0.226645844006
7921	AMMONIA/URINOUS	6.27367364325	0.235203353337
93375	AMMONIA/URINOUS	6.89597603549	0.256817247227
14296	AMMONIA/URINOUS	5.85361450996	0.220438659266
2346	AMMONIA/URINOUS	7.03501658874	0.261604080188
7410	AMMONIA/URINOUS	6.66571170943	0.24885578334
7695	AMMONIA/URINOUS	4.8708888299	0.185345329999
6287	AMMONIA/URINOUS	6.51397964825	0.243586413587
7916	AMMONIA/URINOUS	5.82448487069	0.219409545224
10895	DECAYED	3.93856132998	0.151337547059
62444	DECAYED	10.7610643785	0.384122372517
5541	DECAYED	4.15304658376	0.15922274498
24020	DECAYED	5.06150621802	0.192212710643
14328	DECAYED	4.0009154555	0.153633688427
8048	DECAYED	3.8631797277	0.148557526065
9609	DECAYED	9.54620599638	0.345396220285
2345	DECAYED	3.6132031285	0.139306030401
887	DECAYED	5.71300294636	0.215464756788
8125	DECAYED	4.80392481389	0.182925915108
61386	DECAYED	3.57347398928	0.137831073031
7136	DECAYED	4.03756286343	0.154981748987
61204	DECAYED	3.84196001177	0.147774137778
5363491	DECAYED	4.67814161871	0.178371661146
520108	DECAYED	6.68888566612	0.249658950063
6374	DECAYED	8.35650710525	0.30632779981
8892	DECAYED	5.2791908129	0.20001969026
11525	DECAYED	4.9805370325	0.189299181647
6050	DECAYED	4.12116259655	0.158052911403
33032	DECAYED	5.73415856126	0.216214112688
89440	DECAYED	3.79187654814	0.145923730823
18827	DECAYED	4.18383037739	0.160351440445
6054	DECAYED	4.67867389129	0.178390959899
5367706	DECAYED	4.1221521964	0.158089232364
6569	DECAYED	5.94484547461	0.223657343898
2758	DECAYED	5.00113052222	0.190040698289
104721	DECAYED	2.6669355141	0.103832402549
11419	DECAYED	5.22049855458	0.19791850012
7122	DECAYED	3.38488125477	0.130812281747
7969	DECAYED	6.23851088132	0.233972828046
240	DECAYED	4.57914539433	0.174778386756
650	DECAYED	5.47076322381	0.206858828852
643820	DECAYED	2.78589823711	0.108331437889
2214	DECAYED	3.1922503595	0.123613829437
5610	DECAYED	4.31820100634	0.165269296281
7194	DECAYED	4.01853662927	0.154282010515
12748	DECAYED	6.32613846606	0.237037527486
8467	DECAYED	3.88103489872	0.149216423195
31260	DECAYED	6.12391548273	0.229955682974
126	DECAYED	4.83098317254	0.183903967536
6386	DECAYED	5.5424673807	0.209411117362
9261	DECAYED	4.64806752421	0.177280888284
7768	DECAYED	5.1367385773	0.194915109807
7894	DECAYED	5.94752533214	0.223751790255
325	DECAYED	2.76016232164	0.107359094449
61252	DECAYED	6.57393115886	0.245670618002
61199	DECAYED	5.94082077877	0.223515490541
6137	DECAYED	8.86294214588	0.323096988443
8914	DECAYED	3.95624894425	0.151989195486
1549778	DECAYED	2.93323854911	0.11388798661
638024	DECAYED	3.80451124809	0.146390727589
8785	DECAYED	3.60626838785	0.13904866684
31210	DECAYED	3.45114386057	0.133281596844
7803	DECAYED	4.54226315584	0.173437664403
7915	DECAYED	5.58148545603	0.210798226283
1551246	DECAYED	2.48220748482	0.0968237577939
244	DECAYED	5.5036907231	0.208031384294
61130	DECAYED	4.88872739903	0.185989233728
165675	DECAYED	3.30707971195	0.12790847799
638014	DECAYED	2.61932325454	0.102028588457
356	DECAYED	4.08239036093	0.156629250014
7921	DECAYED	4.79039009809	0.182436469007
93375	DECAYED	4.68521981802	0.178628278824
14296	DECAYED	5.53168194092	0.209027475599
2346	DECAYED	4.28071999399	0.163898974293
7410	DECAYED	5.89009267411	0.221726430281
7695	DECAYED	3.29874929063	0.127597272872
6287	DECAYED	6.0536016802	0.227485629887
7916	DECAYED	5.49843295938	0.207844212372
10895	WOOD	2.73013220105	0.106223839308
62444	WOOD	2.81716338352	0.109511971529
5541	WOOD	3.17916418967	0.123123733609
24020	WOOD	1.80524335116	0.0709061726238
14328	WOOD	3.67958819717	0.141767780167
8048	WOOD	3.20186124376	0.123973683581
9609	WOOD	3.17584149879	0.122999272262
2345	WOOD	3.18729436403	0.123428236416
887	WOOD	3.24448194904	0.125568612714
8125	WOOD	3.03864180958	0.117852334765
61386	WOOD	3.60735598026	0.139089032343
7136	WOOD	3.35421078643	0.129668139457
61204	WOOD	3.40749766472	0.131655490455
5363491	WOOD	2.95227149563	0.114604497032
520108	WOOD	3.74609314911	0.144230440412
6374	WOOD	2.97377188142	0.115413547576
8892	WOOD	2.94138887719	0.114194847677
11525	WOOD	3.51995595043	0.13584220206
6050	WOOD	3.34394148043	0.129284881367
33032	WOOD	3.28077552081	0.126925625625
89440	WOOD	3.99881565557	0.153556415564
18827	WOOD	2.98914576968	0.115991833814
6054	WOOD	3.30016973937	0.127650341451
5367706	WOOD	3.13434966585	0.121444327503
6569	WOOD	2.77694830496	0.107993355443
2758	WOOD	3.71080135588	0.142924035554
104721	WOOD	4.18861431136	0.160526776515
11419	WOOD	3.51299511276	0.135583350645
7122	WOOD	3.4412882827	0.13291454529
7969	WOOD	3.41386216233	0.131892704548
240	WOOD	3.32402602873	0.128541381533
650	WOOD	3.19887280817	0.12386179743
643820	WOOD	3.3420308223	0.129213564885
2214	WOOD	3.78785955447	0.145775230177
5610	WOOD	3.67791512714	0.141705781213
7194	WOOD	3.14066800272	0.121681201907
12748	WOOD	3.95505808593	0.151945329652
8467	WOOD	3.54264471674	0.136685656034
31260	WOOD	3.21151510534	0.124335072505
126	WOOD	3.52613192524	0.136071834468
6386	WOOD	3.51527853109	0.135668267983
9261	WOOD	4.06336069489	0.155930067741
7768	WOOD	3.39985359949	0.13137054218
7894	WOOD	3.53012960318	0.136220458121
325	WOOD	4.25134469919	0.162824215267
61252	WOOD	3.5061095847	0.13532726162
61199	WOOD	3.56378237753	0.137471077167
6137	WOOD	3.17737088354	0.123056561049
8914	WOOD	3.34025273301	0.129147193992
1549778	WOOD	3.38601351323	0.130854505524
638024	WOOD	3.39055841269	0.131023981968
8785	WOOD	3.15681158715	0.122286279727
31210	WOOD	3.14044835542	0.121672967868
7803	WOOD	2.62845575904	0.102374718491
7915	WOOD	3.13431324387	0.121442961951
1551246	WOOD	3.56026009548	0.13734022304
244	WOOD	3.35605344572	0.129736899936
61130	WOOD	3.5892183524	0.138415738743
165675	WOOD	3.6947778947	0.142330562312
638014	WOOD	3.61782166973	0.139477413336
356	WOOD	3.37058674735	0.130279127885
7921	WOOD	3.51884363459	0.135800841174
93375	WOOD	3.58465721793	0.138246381769
14296	WOOD	4.09489852285	0.157088663349
2346	WOOD	3.33899626424	0.129100292148
7410	WOOD	3.37969105702	0.130618717625
7695	WOOD	3.31974905535	0.128381668698
6287	WOOD	3.43238506904	0.132582895857
7916	WOOD	2.97269170824	0.115372909933
10895	GRASS	5.2498348594	0.198969087956
62444	GRASS	3.32716766119	0.128658688589
5541	GRASS	3.34046585866	0.129155149485
24020	GRASS	4.60646035862	0.175770623531
14328	GRASS	3.03051235277	0.117546892063
8048	GRASS	3.27378089597	0.126664179297
9609	GRASS	3.11268177144	0.120631755733
2345	GRASS	2.89539317733	0.112462406433
887	GRASS	2.97203479317	0.115348195402
8125	GRASS	5.56104254454	0.210071624109
61386	GRASS	3.35140112071	0.12956328904
7136	GRASS	3.08261054357	0.119503426637
61204	GRASS	3.13037682534	0.121295369386
5363491	GRASS	4.02689320104	0.154589380501
520108	GRASS	7.03387660952	0.261564896318
6374	GRASS	2.7310177569	0.106257327081
8892	GRASS	3.56950712081	0.137683732398
11525	GRASS	3.17325158244	0.122902253056
6050	GRASS	3.1255142306	0.121113033542
33032	GRASS	2.62118325015	0.102099089353
89440	GRASS	3.3149880387	0.128203863269
18827	GRASS	3.78808871874	0.145783702293
6054	GRASS	3.04024588064	0.11791259722
5367706	GRASS	7.89316421389	0.290805752033
6569	GRASS	3.62353895226	0.139689544275
2758	GRASS	4.87466044434	0.185481491995
104721	GRASS	3.09897012739	0.120117358755
11419	GRASS	3.14655725575	0.121901961205
7122	GRASS	2.81562096144	0.109453749898
7969	GRASS	2.92256815072	0.113486164191
240	GRASS	2.82762830199	0.109906939354
650	GRASS	2.944840606	0.114324789762
643820	GRASS	3.89708685676	0.149808559883
2214	GRASS	2.94835583978	0.114457112728
5610	GRASS	2.89551946641	0.112467165464
7194	GRASS	2.93031162473	0.113777774502
12748	GRASS	3.2693184107	0.12649735928
8467	GRASS	2.92495041362	0.113575882576
31260	GRASS	3.41969523983	0.13211008338
126	GRASS	2.80704699136	0.10913007453
6386	GRASS	3.26632856156	0.126385581553
9261	GRASS	3.1362926792	0.12151717446
7768	GRASS	3.53376281728	0.136355520832
7894	GRASS	3.1333363747	0.121406336253
325	GRASS	3.06472569713	0.118832010446
61252	GRASS	3.08723481851	0.119676985211
61199	GRASS	3.09004243905	0.119782352652
6137	GRASS	2.83741668951	0.110276294193
8914	GRASS	3.5537551399	0.137098535358
1549778	GRASS	3.72730057832	0.143534915292
638024	GRASS	3.80456221476	0.146392611132
8785	GRASS	3.06292246869	0.118764301128
31210	GRASS	3.46650807419	0.133853651676
7803	GRASS	6.26591792211	0.234932025922
7915	GRASS	3.66942318666	0.141391060857
1551246	GRASS	3.55447430726	0.13712525725
244	GRASS	2.99375620386	0.116165217671
61130	GRASS	3.50708902449	0.135363691609
165675	GRASS	3.63425412397	0.140087043744
638014	GRASS	3.56952276828	0.137684313614
356	GRASS	3.30821648038	0.127950940703
7921	GRASS	3.13169888108	0.121344940091
93375	GRASS	3.19215243169	0.123610162409
14296	GRASS	3.27962903496	0.126882774756
2346	GRASS	2.97221648851	0.115355031198
7410	GRASS	2.848068225	0.110678131954
7695	GRASS	3.13381438433	0.121424258335
6287	GRASS	2.98040499027	0.115663074049
7916	GRASS	3.16920358695	0.122750602928
10895	FLOWER	5.84505878348	0.220136466466
62444	FLOWER	5.28472244279	0.200217581193
5541	FLOWER	8.32934939268	0.305422751185
24020	FLOWER	7.57338394228	0.279992899956
14328	FLOWER	7.98322366918	0.293836202706
8048	FLOWER	7.4563604888	0.276015494857
9609	FLOWER	2.56369838871	0.099918915777
2345	FLOWER	9.54226521299	0.345268678361
887	FLOWER	3.45364044508	0.133374564874
8125	FLOWER	5.75113573513	0.216815204508
61386	FLOWER	7.23303730309	0.268394760672
7136	FLOWER	8.89341384152	0.324099429758
61204	FLOWER	7.37381638613	0.273203388207
5363491	FLOWER	7.00203653588	0.260470055175
520108	FLOWER	5.06134446376	0.192206895438
6374	FLOWER	3.39099000138	0.131040074779
8892	FLOWER	5.29270104856	0.200502968187
11525	FLOWER	5.27737203022	0.199954618991
6050	FLOWER	7.76871485115	0.286607421871
33032	FLOWER	4.53313156343	0.173105549829
89440	FLOWER	8.1845151149	0.300586089529
18827	FLOWER	6.44186348409	0.241075497305
6054	FLOWER	10.1289147393	0.364118624055
5367706	FLOWER	8.82717154371	0.321919278764
6569	FLOWER	4.68790663612	0.178725677993
2758	FLOWER	4.80618679833	0.183007699317
104721	FLOWER	5.39626289135	0.204202654377
11419	FLOWER	5.50166838314	0.207959393326
7122	FLOWER	8.58064071789	0.313774670664
7969	FLOWER	3.35903544476	0.129848170143
240	FLOWER	6.08575744804	0.228615720435
650	FLOWER	4.5156227336	0.172468569875
643820	FLOWER	6.79339201316	0.253275610509
2214	FLOWER	6.14820466235	0.230808018266
5610	FLOWER	8.186980689	0.300668566439
7194	FLOWER	10.8523822917	0.386985611105
12748	FLOWER	3.02633438241	0.117389895379
8467	FLOWER	7.35132227994	0.272436115492
31260	FLOWER	4.03959277462	0.155056387071
126	FLOWER	5.22729305529	0.198161885137
6386	FLOWER	9.60784500743	0.347389526023
9261	FLOWER	3.08920518303	0.119750931856
7768	FLOWER	5.65764584114	0.21350225106
7894	FLOWER	3.34906925586	0.129476264282
325	FLOWER	7.08947059955	0.263474586629
61252	FLOWER	5.13083653204	0.194703267874
61199	FLOWER	5.08253510181	0.192968538848
6137	FLOWER	4.61262342513	0.17599441906
8914	FLOWER	5.9340446724	0.223276632426
1549778	FLOWER	6.84945870581	0.255212314407
638024	FLOWER	8.00990749616	0.294732852608
8785	FLOWER	9.4686047298	0.34288239898
31210	FLOWER	10.5606154294	0.377813977876
7803	FLOWER	6.12268420911	0.229912463594
7915	FLOWER	4.97785858132	0.189202712831
1551246	FLOWER	6.34474559024	0.237687504968
244	FLOWER	6.11027965283	0.229476979139
61130	FLOWER	5.35920589179	0.202879800555
165675	FLOWER	5.29741947538	0.200671717776
638014	FLOWER	6.19214836596	0.232348854084
356	FLOWER	5.55402450931	0.209822105072
7921	FLOWER	5.01157040422	0.190416481002
93375	FLOWER	5.10675624033	0.193838665894
14296	FLOWER	3.5064478903	0.135339844889
2346	FLOWER	5.4066422406	0.204572977497
7410	FLOWER	7.00031909316	0.260410976764
7695	FLOWER	7.92621645887	0.291918695414
6287	FLOWER	4.56859063801	0.174394817353
7916	FLOWER	4.90094065207	0.186429938373
10895	CHEMICAL	19.264618064	0.6221345189
62444	CHEMICAL	18.4918275427	0.60289402736
5541	CHEMICAL	11.5316326002	0.408073883837
24020	CHEMICAL	19.6945670277	0.632632292946
14328	CHEMICAL	14.4535100589	0.494578821148
8048	CHEMICAL	16.0111370839	0.537902879068
9609	CHEMICAL	18.311816018	0.598343598369
2345	CHEMICAL	14.7718694685	0.503591527701
887	CHEMICAL	15.8192926401	0.532671697751
8125	CHEMICAL	21.7196086281	0.680087785542
61386	CHEMICAL	14.8229797088	0.505030897372
7136	CHEMICAL	13.2683118066	0.460313232985
61204	CHEMICAL	15.8661802964	0.533952940977
5363491	CHEMICAL	16.1890304097	0.542727334146
520108	CHEMICAL	16.4023269979	0.548478547538
6374	CHEMICAL	20.0698342112	0.641674070343
8892	CHEMICAL	20.4145255543	0.64987988073
11525	CHEMICAL	22.0512865651	0.687547766934
6050	CHEMICAL	13.1469009143	0.456739635113
33032	CHEMICAL	14.3860945861	0.492659896469
89440	CHEMICAL	15.6270953273	0.527401369743
18827	CHEMICAL	20.0085052623	0.640204097359
6054	CHEMICAL	22.0664223319	0.687886095463
5367706	CHEMICAL	15.0551099054	0.51154186251
6569	CHEMICAL	17.5459943571	0.578695007092
2758	CHEMICAL	21.3151541306	0.670871846979
104721	CHEMICAL	15.6231181892	0.527291998786
11419	CHEMICAL	21.6328716879	0.678122412529
7122	CHEMICAL	17.0253352668	0.565068594292
7969	CHEMICAL	24.8254934714	0.746497688417
240	CHEMICAL	23.0455328451	0.709382680157
650	CHEMICAL	15.666488089	0.528483983943
643820	CHEMICAL	23.5369481531	0.71988275478
2214	CHEMICAL	16.7085405263	0.556671490446
5610	CHEMICAL	18.0182773158	0.590867765659
7194	CHEMICAL	14.2728339681	0.489427842933
12748	CHEMICAL	15.4624653891	0.522863481201
8467	CHEMICAL	16.0509094112	0.538983699278
31260	CHEMICAL	19.1346049847	0.618930956221
126	CHEMICAL	19.6419547394	0.631355635183
6386	CHEMICAL	17.5293644661	0.578263131211
9261	CHEMICAL	16.6049290729	0.553907695109
7768	CHEMICAL	21.3868545488	0.672515162956
7894	CHEMICAL	18.8910132842	0.612892378207
325	CHEMICAL	20.2566275551	0.646132718242
61252	CHEMICAL	22.7122018676	0.702150429233
61199	CHEMICAL	17.874491729	0.587180687332
6137	CHEMICAL	14.8611041768	0.506103200129
8914	CHEMICAL	26.2207230592	0.773818395268
1549778	CHEMICAL	16.0888055855	0.540012357352
638024	CHEMICAL	13.5201319319	0.467687690293
8785	CHEMICAL	17.174393849	0.568991832327
31210	CHEMICAL	16.4846596944	0.550688785681
7803	CHEMICAL	21.0338721709	0.664385375434
7915	CHEMICAL	19.3994605668	0.625442794559
1551246	CHEMICAL	16.2212683565	0.543598915421
244	CHEMICAL	22.242461319	0.691807618548
61130	CHEMICAL	19.789583418	0.634932291977
165675	CHEMICAL	22.963511812	0.707611322583
638014	CHEMICAL	17.1953116436	0.569540968737
356	CHEMICAL	22.8129907615	0.704346611465
7921	CHEMICAL	21.9014678072	0.684188995445
93375	CHEMICAL	19.0731703861	0.617412484013
14296	CHEMICAL	18.7721515674	0.609928592909
2346	CHEMICAL	15.0631501518	0.511766609074
7410	CHEMICAL	21.9340905992	0.684921891802
7695	CHEMICAL	15.2233159003	0.516232897211
6287	CHEMICAL	18.1735687765	0.59483131023
7916	CHEMICAL	18.9616529262	0.61464840437
