#oID	descriptor	value	sigma
10895	INTENSITY/STRENGTH	58.0562769714	0.974038560544
62444	INTENSITY/STRENGTH	75.4543755542	0.740829906058
5541	INTENSITY/STRENGTH	28.6999381691	0.8185229464
24020	INTENSITY/STRENGTH	64.2955599558	0.91825478622
14328	INTENSITY/STRENGTH	41.0157613273	0.967713382189
8048	INTENSITY/STRENGTH	24.2026157894	0.733797987155
2345	INTENSITY/STRENGTH	40.6712334996	0.965189646232
887	INTENSITY/STRENGTH	31.6789908582	0.86573624961
8125	INTENSITY/STRENGTH	57.3066712405	0.978645022153
61386	INTENSITY/STRENGTH	23.494244914	0.718977978928
7136	INTENSITY/STRENGTH	46.7939424322	0.995888477949
61204	INTENSITY/STRENGTH	41.4997200414	0.97109809625
5363491	INTENSITY/STRENGTH	60.7882356982	0.953445588208
520108	INTENSITY/STRENGTH	60.472123536	0.956133851459
6374	INTENSITY/STRENGTH	23.627379066	0.721793946029
8892	INTENSITY/STRENGTH	57.4562910851	0.977761489302
11525	INTENSITY/STRENGTH	56.1671522604	0.984786493199
6050	INTENSITY/STRENGTH	24.3871071334	0.737591887602
33032	INTENSITY/STRENGTH	15.6051258117	0.526797051829
89440	INTENSITY/STRENGTH	25.1873008383	0.753731984125
18827	INTENSITY/STRENGTH	62.701295271	0.935470839375
6054	INTENSITY/STRENGTH	65.176735824	0.907866675891
5367706	INTENSITY/STRENGTH	40.6410915938	0.964964333378
6569	INTENSITY/STRENGTH	37.7818895033	0.940287110356
2758	INTENSITY/STRENGTH	38.7951441885	0.949780482497
104721	INTENSITY/STRENGTH	69.9460412622	0.840862175186
11419	INTENSITY/STRENGTH	56.4266790964	0.983479118317
7122	INTENSITY/STRENGTH	50.0624429429	0.999998440352
240	INTENSITY/STRENGTH	58.0949418378	0.973788766657
650	INTENSITY/STRENGTH	34.6643677048	0.905927352843
643820	INTENSITY/STRENGTH	62.9799281935	0.932608585636
2214	INTENSITY/STRENGTH	48.4979325485	0.999097517348
5610	INTENSITY/STRENGTH	62.2934741486	0.939548197343
7194	INTENSITY/STRENGTH	35.0169030296	0.91020272207
12748	INTENSITY/STRENGTH	49.5846464134	0.999930992559
8467	INTENSITY/STRENGTH	46.0801253099	0.993853832966
31260	INTENSITY/STRENGTH	40.4778708868	0.96373162286
126	INTENSITY/STRENGTH	62.1207169397	0.941235288347
6386	INTENSITY/STRENGTH	19.5509940745	0.62914321526
9261	INTENSITY/STRENGTH	37.503462898	0.937534624184
7768	INTENSITY/STRENGTH	56.4261285446	0.983481948771
325	INTENSITY/STRENGTH	64.4761068347	0.916176932364
61252	INTENSITY/STRENGTH	49.0684633371	0.999652895778
6137	INTENSITY/STRENGTH	60.0932511933	0.95925051214
8914	INTENSITY/STRENGTH	55.0786606605	0.989682882358
1549778	INTENSITY/STRENGTH	30.8170737845	0.852806136724
638024	INTENSITY/STRENGTH	22.7636004202	0.703271415172
8785	INTENSITY/STRENGTH	59.6312246873	0.962895804409
31210	INTENSITY/STRENGTH	36.4031022449	0.926049748575
7803	INTENSITY/STRENGTH	57.4742498115	0.977654235902
7915	INTENSITY/STRENGTH	33.1911343967	0.886984814853
1551246	INTENSITY/STRENGTH	65.84391222	0.899588178226
244	INTENSITY/STRENGTH	56.1281307128	0.984978405587
165675	INTENSITY/STRENGTH	51.8157784354	0.998681179469
638014	INTENSITY/STRENGTH	42.7262328507	0.978836924583
356	INTENSITY/STRENGTH	51.4127777202	0.999201623645
7921	INTENSITY/STRENGTH	43.8897752992	0.985066061642
93375	INTENSITY/STRENGTH	67.9298557466	0.871408109162
14296	INTENSITY/STRENGTH	63.8538418354	0.92322842656
2346	INTENSITY/STRENGTH	69.6078783348	0.846212442884
7410	INTENSITY/STRENGTH	66.5493084466	0.890448155976
7695	INTENSITY/STRENGTH	39.909370901	0.959271681755
6287	INTENSITY/STRENGTH	32.6613956605	0.879749119823
10895	VALENCE/PLEASANTNESS	47.8035613922	0.998070262977
62444	VALENCE/PLEASANTNESS	24.9706620001	0.749412895714
5541	VALENCE/PLEASANTNESS	50.4351028137	0.999924274217
24020	VALENCE/PLEASANTNESS	53.5150569925	0.995057749736
14328	VALENCE/PLEASANTNESS	48.8476865792	0.999468869512
8048	VALENCE/PLEASANTNESS	55.7632921358	0.986713785503
9609	VALENCE/PLEASANTNESS	34.9203129974	0.909041215962
2345	VALENCE/PLEASANTNESS	45.1825509173	0.990716873734
887	VALENCE/PLEASANTNESS	42.3616345745	0.976662149451
8125	VALENCE/PLEASANTNESS	41.0936128601	0.968270507246
61386	VALENCE/PLEASANTNESS	42.2777731682	0.976146885103
7136	VALENCE/PLEASANTNESS	51.3939856481	0.999222721605
61204	VALENCE/PLEASANTNESS	58.0089810762	0.974342488848
5363491	VALENCE/PLEASANTNESS	52.4367190558	0.997624960097
520108	VALENCE/PLEASANTNESS	33.7516457061	0.894396393096
6374	VALENCE/PLEASANTNESS	25.7015463033	0.763834059179
8892	VALENCE/PLEASANTNESS	41.1238795817	0.968485794528
11525	VALENCE/PLEASANTNESS	41.3983743368	0.97040481438
6050	VALENCE/PLEASANTNESS	43.3603556011	0.982366048903
33032	VALENCE/PLEASANTNESS	43.9947897681	0.985574980028
89440	VALENCE/PLEASANTNESS	44.555795525	0.988144255054
18827	VALENCE/PLEASANTNESS	43.493030966	0.983063741596
6054	VALENCE/PLEASANTNESS	41.9857827806	0.974308928944
5367706	VALENCE/PLEASANTNESS	47.7120688265	0.997906148378
6569	VALENCE/PLEASANTNESS	43.227930177	0.981655628125
2758	VALENCE/PLEASANTNESS	46.9421795178	0.99625989356
104721	VALENCE/PLEASANTNESS	45.2919944667	0.991133873559
11419	VALENCE/PLEASANTNESS	41.3566282297	0.970116849776
7122	VALENCE/PLEASANTNESS	50.800151252	0.99974390319
7969	VALENCE/PLEASANTNESS	26.5384017446	0.779821362922
240	VALENCE/PLEASANTNESS	49.1006085149	0.999676437983
650	VALENCE/PLEASANTNESS	40.6859607601	0.965299469215
643820	VALENCE/PLEASANTNESS	53.4719448395	0.995178239612
2214	VALENCE/PLEASANTNESS	56.2903268876	0.984172715059
5610	VALENCE/PLEASANTNESS	42.3672232374	0.976696287557
7194	VALENCE/PLEASANTNESS	46.6512983303	0.995514478851
12748	VALENCE/PLEASANTNESS	34.4119128463	0.902804615556
8467	VALENCE/PLEASANTNESS	70.1974944013	0.836824487963
31260	VALENCE/PLEASANTNESS	37.7127192372	0.939609092582
126	VALENCE/PLEASANTNESS	54.5622994936	0.991674169332
6386	VALENCE/PLEASANTNESS	48.6848501404	0.999308152339
9261	VALENCE/PLEASANTNESS	40.577543135	0.964486922651
7768	VALENCE/PLEASANTNESS	40.7331472924	0.965650176358
7894	VALENCE/PLEASANTNESS	39.5983669509	0.956722411965
325	VALENCE/PLEASANTNESS	44.4872226019	0.987843714144
61252	VALENCE/PLEASANTNESS	33.1203810841	0.886031386102
61199	VALENCE/PLEASANTNESS	45.4832425043	0.99183956069
6137	VALENCE/PLEASANTNESS	24.0415963045	0.730464511032
8914	VALENCE/PLEASANTNESS	44.0641493313	0.985906270736
1549778	VALENCE/PLEASANTNESS	49.7902711689	0.999982405527
638024	VALENCE/PLEASANTNESS	47.7906344704	0.998047481583
8785	VALENCE/PLEASANTNESS	52.6896020753	0.997106416271
31210	VALENCE/PLEASANTNESS	48.7958119704	0.999419972476
7803	VALENCE/PLEASANTNESS	48.6531280675	0.999274374399
7915	VALENCE/PLEASANTNESS	40.3973852374	0.963115915888
1551246	VALENCE/PLEASANTNESS	52.3535928945	0.997784240195
244	VALENCE/PLEASANTNESS	37.8761272477	0.941204683795
61130	VALENCE/PLEASANTNESS	40.3950387704	0.963097887911
165675	VALENCE/PLEASANTNESS	46.9621270446	0.996308531163
638014	VALENCE/PLEASANTNESS	53.642312526	0.994693423785
356	VALENCE/PLEASANTNESS	41.3054455945	0.969761889476
7921	VALENCE/PLEASANTNESS	44.3098795684	0.98704901179
93375	VALENCE/PLEASANTNESS	37.9554987724	0.941971996071
14296	VALENCE/PLEASANTNESS	38.4820450463	0.946934685474
2346	VALENCE/PLEASANTNESS	37.7609508453	0.940082270316
7410	VALENCE/PLEASANTNESS	40.562787039	0.964375604611
7695	VALENCE/PLEASANTNESS	54.2179610407	0.992883521864
6287	VALENCE/PLEASANTNESS	29.2112816193	0.827131675236
7916	VALENCE/PLEASANTNESS	40.0110729196	0.960088534313
10895	BAKERY	5.23231891102	0.198341891966
62444	BAKERY	2.8434652946	0.110504493832
5541	BAKERY	8.16251976926	0.299850099177
24020	BAKERY	6.85982871896	0.255570248737
14328	BAKERY	11.8570734521	0.418046861746
8048	BAKERY	2.64171741057	0.102877228072
9609	BAKERY	2.12391218518	0.083152086219
2345	BAKERY	1.47353700004	0.0580729554852
887	BAKERY	5.43143929122	0.205457358539
8125	BAKERY	1.45007165758	0.0571617831784
61386	BAKERY	2.13671054811	0.0836422091378
7136	BAKERY	7.21701665443	0.267846534421
61204	BAKERY	2.88515325368	0.112076486428
5363491	BAKERY	4.44411349888	0.169864482039
520108	BAKERY	8.85714441895	0.322906173855
6374	BAKERY	2.95237788932	0.114608501492
8892	BAKERY	2.31839999247	0.0905860082887
11525	BAKERY	3.07204552576	0.119106835546
6050	BAKERY	6.58030217231	0.245891936221
33032	BAKERY	7.77227512928	0.286727700897
89440	BAKERY	1.99406204889	0.0781719685736
18827	BAKERY	2.8569073393	0.111011525754
6054	BAKERY	2.54659522397	0.0992697500648
5367706	BAKERY	2.4170759472	0.0943461354343
6569	BAKERY	2.99436942745	0.116188277791
2758	BAKERY	2.01436463849	0.0789515195808
104721	BAKERY	6.99219844951	0.260131602317
11419	BAKERY	3.70417802406	0.142678747029
7122	BAKERY	4.59241958746	0.175260656432
7969	BAKERY	1.87128222576	0.0734506101631
240	BAKERY	4.12119396058	0.158054062559
650	BAKERY	5.88598361107	0.221581423215
643820	BAKERY	2.40807736778	0.0940035600676
2214	BAKERY	18.0839442187	0.592546153345
5610	BAKERY	1.60001109327	0.0629764295312
7194	BAKERY	1.77791055202	0.0698520357086
12748	BAKERY	6.92197276823	0.257713427928
8467	BAKERY	27.6404897246	0.800020920097
31260	BAKERY	1.67808230064	0.0659969079424
126	BAKERY	13.5397697562	0.468260644227
6386	BAKERY	1.50123848093	0.0591480524466
9261	BAKERY	7.43930387435	0.27543485812
7768	BAKERY	3.99677259382	0.153481227286
7894	BAKERY	1.79428437497	0.0704835924316
325	BAKERY	0.638680640458	0.0253840604341
61252	BAKERY	3.20561298544	0.124114137573
61199	BAKERY	10.285250766	0.369095477314
6137	BAKERY	6.65366497677	0.248438096022
8914	BAKERY	1.48444565027	0.0584963944553
1549778	BAKERY	1.58957827278	0.062572427277
638024	BAKERY	3.47116773047	0.134027107054
8785	BAKERY	2.67351674053	0.104081592916
31210	BAKERY	2.25462468689	0.0881516544839
7803	BAKERY	3.06858389211	0.118976872843
7915	BAKERY	3.92943670185	0.151001278956
1551246	BAKERY	2.34685214892	0.0916709999533
244	BAKERY	3.75808035888	0.144673947162
61130	BAKERY	2.03413318787	0.0797102483843
165675	BAKERY	1.42972248828	0.0563712569737
638014	BAKERY	1.92860621033	0.0756564396472
356	BAKERY	1.38453719646	0.0546147105592
7921	BAKERY	4.36285292365	0.166900322693
93375	BAKERY	2.91619284861	0.113246041652
14296	BAKERY	6.06822941882	0.227999813441
2346	BAKERY	2.54583791675	0.0992410003908
7410	BAKERY	4.99225649198	0.189721209727
7695	BAKERY	5.76150209221	0.217182121145
6287	BAKERY	3.48325669155	0.13447703679
7916	BAKERY	4.42402758321	0.169132295305
10895	SWEET	26.8849512759	0.786277808993
62444	SWEET	7.60076825131	0.280922058848
5541	SWEET	21.2509563731	0.669396996215
24020	SWEET	33.6551764395	0.893138697111
14328	SWEET	26.5551066769	0.780134790827
8048	SWEET	26.7543362471	0.783855646674
9609	SWEET	3.77849235254	0.145428892318
2345	SWEET	13.2520186985	0.459834348107
887	SWEET	10.1915869114	0.366116098946
8125	SWEET	12.1749234321	0.427705433054
61386	SWEET	11.7804500406	0.41570640036
7136	SWEET	20.8506954711	0.660127218193
61204	SWEET	24.8373323007	0.746736061702
5363491	SWEET	23.8896178011	0.727299176571
520108	SWEET	8.04560479968	0.29593148935
6374	SWEET	5.21147973022	0.197595380817
8892	SWEET	15.9903064361	0.537336297475
11525	SWEET	12.9190672483	0.450001770505
6050	SWEET	16.1147743991	0.54071659439
33032	SWEET	13.5133391625	0.467489432371
89440	SWEET	10.6734346663	0.381368503623
18827	SWEET	15.8156521021	0.532572143519
6054	SWEET	12.2775556121	0.430806875761
5367706	SWEET	15.3960916796	0.521027811581
6569	SWEET	13.5869775753	0.46963671916
2758	SWEET	8.30223035437	0.304518402632
104721	SWEET	13.3859970248	0.463765914454
11419	SWEET	13.6723497582	0.472120731165
7122	SWEET	19.7594331155	0.634203245801
7969	SWEET	2.44101272835	0.095257091878
240	SWEET	18.2263492064	0.596174046098
650	SWEET	9.08349739051	0.330335925683
643820	SWEET	19.0133985241	0.615932211589
2214	SWEET	28.3604653996	0.812692216911
5610	SWEET	8.28803406747	0.304044759217
7194	SWEET	14.6679993829	0.500659892958
12748	SWEET	5.78005076311	0.217838435795
8467	SWEET	44.4644846609	0.987743227972
31260	SWEET	5.16473662969	0.195919663406
126	SWEET	28.8863021596	0.821684705402
6386	SWEET	13.1572476615	0.457044640049
9261	SWEET	6.63105438075	0.24765382235
7768	SWEET	11.9455832819	0.420744547298
7894	SWEET	6.31413661278	0.236618136045
325	SWEET	8.3123411997	0.3048556415
61252	SWEET	6.52434498491	0.243946968404
61199	SWEET	15.9000986078	0.534878690016
6137	SWEET	9.20820796178	0.334411880924
8914	SWEET	12.524720042	0.438241356829
1549778	SWEET	15.5445983458	0.525130118739
638024	SWEET	17.7269826698	0.583380940962
8785	SWEET	21.4820836699	0.674691379275
31210	SWEET	17.3078541326	0.572489439433
7803	SWEET	23.0957071066	0.710463609564
7915	SWEET	8.55807046424	0.313026590541
1551246	SWEET	18.2459667432	0.596672548771
244	SWEET	10.993511087	0.391397529071
61130	SWEET	10.4826826422	0.375352651537
165675	SWEET	10.9747502116	0.390811951581
638014	SWEET	18.0029822587	0.590476342265
356	SWEET	12.3059293782	0.431662815984
7921	SWEET	13.648447133	0.471425841663
93375	SWEET	10.3410526827	0.370867159073
14296	SWEET	5.17011092863	0.196112418339
2346	SWEET	13.6498405621	0.471466363534
7410	SWEET	10.816829869	0.385871671394
7695	SWEET	29.731417835	0.835673830808
6287	SWEET	0.0	0.0
7916	SWEET	10.0874978813	0.36279686985
10895	FRUIT	14.0967175961	0.484381725052
62444	FRUIT	3.75624221451	0.144605946351
5541	FRUIT	10.2625672944	0.368374576786
24020	FRUIT	16.8717996911	0.561008937717
14328	FRUIT	4.97918845706	0.189250611206
8048	FRUIT	13.8578851483	0.477499013618
9609	FRUIT	1.88657947945	0.074039506325
2345	FRUIT	2.77126319231	0.10777856782
887	FRUIT	0.818956431916	0.0324899814217
8125	FRUIT	8.85283838261	0.322764436333
61386	FRUIT	5.57674546545	0.210629782624
7136	FRUIT	5.48843805886	0.207488341424
61204	FRUIT	14.9841438475	0.509555927162
5363491	FRUIT	16.2780027058	0.545130759396
520108	FRUIT	2.53860233629	0.0989662927228
6374	FRUIT	2.17117180282	0.0849612773139
8892	FRUIT	7.4805256812	0.276837721461
11525	FRUIT	3.40559490798	0.131584565648
6050	FRUIT	7.47190136208	0.276544330497
33032	FRUIT	4.1440536638	0.158892874245
89440	FRUIT	2.8105919062	0.109263905503
18827	FRUIT	8.93618080875	0.325505101371
6054	FRUIT	2.35438961647	0.0919583244724
5367706	FRUIT	9.60009933658	0.347139210554
6569	FRUIT	3.76369926298	0.144881797662
2758	FRUIT	1.75856971744	0.069105761717
104721	FRUIT	4.76746314047	0.1816070437
11419	FRUIT	3.21499143048	0.12446518926
7122	FRUIT	5.70776757812	0.215279258834
7969	FRUIT	1.52882223934	0.060217970598
240	FRUIT	5.71096057616	0.215392394765
650	FRUIT	1.24220196672	0.0490708523782
643820	FRUIT	11.9858757254	0.421970542254
2214	FRUIT	2.35317442805	0.0919120051666
5610	FRUIT	1.33807070985	0.0528066551041
7194	FRUIT	3.87043555495	0.148825313644
12748	FRUIT	0.729381429991	0.0289624582915
8467	FRUIT	7.62305820643	0.28167792169
31260	FRUIT	1.17100313624	0.0462916261117
126	FRUIT	5.38582527072	0.20383016529
6386	FRUIT	0.000527559680343	2.1102275886e-05
9261	FRUIT	1.59695666176	0.0628581582386
7768	FRUIT	3.8724154565	0.148898377673
7894	FRUIT	1.45348046256	0.0572941763204
325	FRUIT	3.06664463155	0.118904061544
61252	FRUIT	0.841635029997	0.0333820613904
61199	FRUIT	4.93545924056	0.187674866456
6137	FRUIT	3.42335411592	0.132246423276
8914	FRUIT	6.68738722221	0.249607029744
1549778	FRUIT	9.05375992267	0.329362169412
638024	FRUIT	3.73888043089	0.143963526485
8785	FRUIT	9.50874460538	0.344183294627
31210	FRUIT	7.81013604701	0.288006151851
7803	FRUIT	13.792789845	0.475615173115
7915	FRUIT	2.67038625279	0.103963065016
1551246	FRUIT	13.6279641904	0.470830004427
244	FRUIT	1.64305430669	0.0646423212856
61130	FRUIT	6.19373496671	0.232404457533
165675	FRUIT	2.69840828058	0.105023768324
638014	FRUIT	7.37988215163	0.273410221836
356	FRUIT	7.18409798445	0.266719413838
7921	FRUIT	2.68593254346	0.104551608287
93375	FRUIT	4.68222910642	0.178519856495
14296	FRUIT	2.52701713066	0.0985263589948
2346	FRUIT	3.26018362128	0.126155825953
7410	FRUIT	2.74585867347	0.106818450997
7695	FRUIT	8.37435652901	0.30692232225
6287	FRUIT	0.0	0.0
7916	FRUIT	2.2291946871	0.0871800639027
10895	FISH	0.685264985078	0.0272227641632
62444	FISH	5.12630217491	0.194540497401
5541	FISH	1.39056567304	0.0548491577653
24020	FISH	0.82396451244	0.0326870134905
14328	FISH	0.722505180533	0.028691401727
8048	FISH	0.692910057447	0.0275243525588
9609	FISH	6.38857066929	0.239217292693
2345	FISH	0.981883552317	0.0388897039686
887	FISH	1.75888372606	0.0691178802579
8125	FISH	0.91280085316	0.0361787519674
61386	FISH	0.761619070673	0.0302327373834
7136	FISH	0.861937684878	0.0341803327661
61204	FISH	0.530015912234	0.0210882697425
5363491	FISH	0.889399884019	0.0352595824993
520108	FISH	3.60359520861	0.138949448973
6374	FISH	1.96156000313	0.076923313067
8892	FISH	1.49409267936	0.0588707820006
11525	FISH	1.04279853982	0.0412769700748
6050	FISH	1.29872917003	0.0512744878184
33032	FISH	1.53076461968	0.060293288659
89440	FISH	0.00878095350255	0.000351207298044
18827	FISH	0.556835496351	0.022149393546
6054	FISH	4.74654389992	0.180849884399
5367706	FISH	1.58714807361	0.0624783073412
6569	FISH	0.98744894675	0.039107935701
2758	FISH	0.624606069251	0.0248281896733
104721	FISH	0.454842054531	0.0181109296634
11419	FISH	1.21680491639	0.0480799509738
7122	FISH	0.216188356835	0.00862883931113
7969	FISH	5.28639800999	0.200277518832
240	FISH	1.60251077978	0.0630732148714
650	FISH	0.737634944913	0.0292877556717
643820	FISH	0.797059376521	0.031628253601
2214	FISH	0.501391816035	0.0199551151401
5610	FISH	3.7314532668	0.143688633279
7194	FISH	0.968950156006	0.0383824604783
12748	FISH	3.47151160316	0.134039907002
8467	FISH	0.896945061424	0.0355559982797
31260	FISH	1.63481699419	0.0643236291257
126	FISH	1.21982317189	0.0481977394474
6386	FISH	0.728289754524	0.0289194277943
9261	FISH	1.71019779719	0.0672380012856
7768	FISH	2.66349292436	0.103702039151
7894	FISH	2.82687707037	0.109878589227
325	FISH	0.752492983835	0.0298732210771
61252	FISH	5.98324504872	0.225010113423
61199	FISH	1.20313286884	0.0475463032735
6137	FISH	6.26431258447	0.234875858517
8914	FISH	0.474633245716	0.0188952191415
1549778	FISH	0.703910473823	0.0279582229709
638024	FISH	1.12208308075	0.0443796950539
8785	FISH	1.70570812214	0.0670645488064
31210	FISH	1.4840621738	0.0584815107376
7803	FISH	0.815425641495	0.0323510580691
7915	FISH	1.19373248031	0.0471793003187
1551246	FISH	1.0212257583	0.0404318695124
244	FISH	3.83698674755	0.147590482982
61130	FISH	0.725369913956	0.0288043319534
165675	FISH	0.579119444905	0.0230306260636
638014	FISH	0.393159815168	0.0156645627506
356	FISH	0.46732776999	0.0186057527018
7921	FISH	1.29952695377	0.0513055700293
93375	FISH	1.16685620046	0.0461296266614
14296	FISH	1.35821006959	0.0535905089462
2346	FISH	4.44580232534	0.169926029687
7410	FISH	1.54899774526	0.0610001522044
7695	FISH	0.998554713681	0.0395433439408
6287	FISH	1.18359191626	0.0467833207207
7916	FISH	1.30261533189	0.0514258905943
10895	GARLIC	1.60692387897	0.0632440734176
62444	GARLIC	10.648558745	0.380585628461
5541	GARLIC	3.0035153394	0.116532171818
24020	GARLIC	2.04172766845	0.080001645989
14328	GARLIC	2.03676224909	0.0798111297798
8048	GARLIC	1.92770365822	0.0756217297711
9609	GARLIC	14.242844856	0.488570342404
2345	GARLIC	2.59922583181	0.101266643302
887	GARLIC	6.85496779593	0.255402478444
8125	GARLIC	3.296583592	0.127516358329
61386	GARLIC	3.04554026392	0.118111484357
7136	GARLIC	2.19702278657	0.0859501478129
61204	GARLIC	1.37196188463	0.0541255636201
5363491	GARLIC	2.3204298001	0.0906634342211
520108	GARLIC	6.54676207332	0.244726445475
6374	GARLIC	4.30187086037	0.164672397255
8892	GARLIC	2.30826515502	0.0901993709903
11525	GARLIC	1.36977936082	0.054040656234
6050	GARLIC	3.88515215148	0.149368323163
33032	GARLIC	3.11420989036	0.120689074318
89440	GARLIC	1.93772140324	0.0760069504348
18827	GARLIC	2.56221026626	0.0998624420709
6054	GARLIC	2.89689066915	0.112518836546
5367706	GARLIC	2.044193912	0.0800962649802
6569	GARLIC	2.86898475847	0.111466960921
2758	GARLIC	1.56220008613	0.0615118158017
104721	GARLIC	1.65470299716	0.0650929030829
11419	GARLIC	2.11820733917	0.0829335726342
7122	GARLIC	1.26312661716	0.0498868691461
7969	GARLIC	8.36035846468	0.306456101124
240	GARLIC	3.07160656483	0.119090355838
650	GARLIC	3.09151249103	0.119837519848
643820	GARLIC	2.49679623078	0.0973782526641
2214	GARLIC	1.84800634437	0.0725542027951
5610	GARLIC	2.13480533057	0.0835692557032
7194	GARLIC	2.50471444995	0.0976791402079
12748	GARLIC	7.73834584054	0.285581035083
8467	GARLIC	1.9413877539	0.0761479155916
31260	GARLIC	5.20045312381	0.197200239875
126	GARLIC	2.68081756008	0.104357989287
6386	GARLIC	3.26011980834	0.126153439868
9261	GARLIC	4.95312637783	0.188311670747
7768	GARLIC	2.09904000103	0.0821992124706
7894	GARLIC	4.29996042118	0.164602552998
325	GARLIC	1.9759077232	0.0774746243957
61252	GARLIC	8.23787478234	0.302369958922
61199	GARLIC	1.94100918217	0.0761333606289
6137	GARLIC	10.790141289	0.385034791946
8914	GARLIC	2.27061135843	0.088762183961
1549778	GARLIC	1.79532762764	0.0705238245894
638024	GARLIC	1.91806769762	0.0752511144276
8785	GARLIC	1.87368225804	0.0735430162398
31210	GARLIC	1.95036789554	0.0764931418505
7803	GARLIC	1.76927229791	0.0695187621309
7915	GARLIC	3.46013627222	0.13361643368
1551246	GARLIC	2.95423913185	0.114678553735
244	GARLIC	2.4259436625	0.0946836654384
61130	GARLIC	0.73280039093	0.029097217072
165675	GARLIC	1.69104628751	0.0664979964817
638014	GARLIC	0.863794432127	0.0342533209567
356	GARLIC	2.65946082927	0.10354934041
7921	GARLIC	2.29232495026	0.0895910965392
93375	GARLIC	1.10791214963	0.0438254982525
14296	GARLIC	1.85050037925	0.0726502745085
2346	GARLIC	5.72762367821	0.215982677929
7410	GARLIC	1.87663493161	0.0736566937978
7695	GARLIC	2.02003965942	0.0791693622864
6287	GARLIC	2.46135177479	0.0960307699678
7916	GARLIC	4.05896426745	0.155768494328
10895	SPICES	4.68140547085	0.178489995961
62444	SPICES	6.97035047263	0.259379704621
5541	SPICES	4.58858761913	0.17512145023
24020	SPICES	4.6904363174	0.178817375557
14328	SPICES	9.82816837799	0.354489577653
8048	SPICES	4.53994306423	0.173353289359
9609	SPICES	7.98118408655	0.293767643693
2345	SPICES	6.18245711266	0.232009174126
887	SPICES	5.92604193982	0.222994488364
8125	SPICES	4.60768038971	0.175814928159
61386	SPICES	4.06982207124	0.156167502173
7136	SPICES	9.71313735371	0.350787479248
61204	SPICES	5.49302330484	0.207651610183
5363491	SPICES	6.58596650661	0.246088678334
520108	SPICES	7.53200039292	0.278587603749
6374	SPICES	6.79428895135	0.253306613112
8892	SPICES	4.07038677046	0.156188251434
11525	SPICES	6.16807205972	0.231504837215
6050	SPICES	4.8255386632	0.183707217172
33032	SPICES	4.95448024622	0.188360460045
89440	SPICES	8.85340604117	0.322783122235
18827	SPICES	5.22707002104	0.19815389644
6054	SPICES	6.61647403173	0.247147869824
5367706	SPICES	5.08819890715	0.193172049039
6569	SPICES	5.05700026587	0.192050709959
2758	SPICES	7.80305555793	0.287767151901
104721	SPICES	7.75168453069	0.286031936002
11419	SPICES	6.44127004329	0.241054817824
7122	SPICES	7.82579964619	0.288534729807
7969	SPICES	7.69272449509	0.284037775741
240	SPICES	7.32070396522	0.27139107599
650	SPICES	5.43373058374	0.205539052127
643820	SPICES	6.64993002648	0.248308573316
2214	SPICES	9.9248741469	0.357593715143
5610	SPICES	9.25681515229	0.335997155386
7194	SPICES	5.64029499605	0.212886628785
12748	SPICES	8.11946527494	0.298408324457
8467	SPICES	10.0912878527	0.362917877898
31260	SPICES	6.89770873114	0.25687699495
126	SPICES	8.02781974019	0.295334433695
6386	SPICES	5.44863578664	0.206070378691
9261	SPICES	8.82475006102	0.321839516985
7768	SPICES	4.0275366774	0.154613046421
7894	SPICES	6.03295984843	0.226759752124
325	SPICES	16.1978051136	0.542964648344
61252	SPICES	7.5010129289	0.277534439172
61199	SPICES	6.01349652091	0.226075004674
6137	SPICES	8.15932475611	0.299743158054
8914	SPICES	3.84169280298	0.147764270682
1549778	SPICES	6.32032672035	0.236834456873
638024	SPICES	8.98098584107	0.326976190972
8785	SPICES	6.52889298956	0.244105142115
31210	SPICES	4.96880306955	0.188876521204
7803	SPICES	4.17682451508	0.160094635391
7915	SPICES	5.06393813323	0.192300137562
1551246	SPICES	6.76512277036	0.252298156375
244	SPICES	6.58294161663	0.245983616534
61130	SPICES	8.94152763194	0.325680738721
165675	SPICES	10.3374553193	0.370753019782
638014	SPICES	7.53002186799	0.278520382987
356	SPICES	3.50962350062	0.135457957178
7921	SPICES	5.83602509004	0.219817328061
93375	SPICES	6.44621913554	0.241227268964
14296	SPICES	4.38632806624	0.167757173088
2346	SPICES	8.35324653177	0.306219170223
7410	SPICES	5.09880938385	0.193553232501
7695	SPICES	7.30727923429	0.270932637449
6287	SPICES	6.06519049173	0.227893005389
7916	SPICES	5.04777131237	0.191718854406
10895	COLD	5.31786072285	0.201402571847
62444	COLD	1.85697294456	0.0728995783758
5541	COLD	4.5970047658	0.175427209505
24020	COLD	5.56504068039	0.210213756106
14328	COLD	5.46949280486	0.206813571578
8048	COLD	4.94336964071	0.187960024267
9609	COLD	3.89503584097	0.149732911958
2345	COLD	3.96054488065	0.152147428925
887	COLD	4.59464498588	0.175341494417
8125	COLD	5.02364170151	0.190850877682
61386	COLD	4.25238254064	0.162862198717
7136	COLD	4.66012657461	0.177718351108
61204	COLD	4.74094713968	0.180647253675
5363491	COLD	4.74000485142	0.18061313566
520108	COLD	2.19388543111	0.0858301639304
6374	COLD	5.32554767381	0.201677323742
8892	COLD	3.85670191426	0.148318416708
11525	COLD	8.24414384742	0.302579390786
6050	COLD	5.01958755458	0.190704998496
33032	COLD	5.54482832966	0.209495084704
89440	COLD	7.83248827988	0.288760382133
18827	COLD	5.02746309884	0.19098836987
6054	COLD	5.68107885118	0.214333291282
5367706	COLD	4.5805158402	0.174828183463
6569	COLD	4.26546182611	0.163340807208
2758	COLD	9.71654691012	0.350897362862
104721	COLD	7.18123260629	0.266621263553
11419	COLD	5.84325111186	0.220072611052
7122	COLD	5.01739864975	0.190626230306
7969	COLD	1.99214493411	0.0780983407891
240	COLD	4.15847373443	0.159421787857
650	COLD	4.92826880453	0.187415618817
643820	COLD	5.55573587998	0.209882954732
2214	COLD	6.82062571092	0.254216654401
5610	COLD	4.63759939865	0.176901044673
7194	COLD	4.15705632126	0.159369805947
12748	COLD	2.41990258687	0.0944537320629
8467	COLD	4.64019913543	0.176995386211
31260	COLD	4.8664646935	0.185185596295
126	COLD	4.40048079751	0.168273539401
6386	COLD	4.84091710175	0.184262892716
9261	COLD	5.32819122448	0.201771800289
7768	COLD	6.6725767715	0.249093758551
7894	COLD	4.81128950196	0.18319217741
325	COLD	4.96981155298	0.18891285137
61252	COLD	3.55311177419	0.137074629656
61199	COLD	4.84754071025	0.184502168035
6137	COLD	2.57534947801	0.100361009147
8914	COLD	5.16718218438	0.196007378685
1549778	COLD	5.42651080477	0.205281624385
638024	COLD	4.22684711984	0.161927390164
8785	COLD	7.48465581187	0.276978203426
31210	COLD	5.25131329994	0.199022015448
7803	COLD	5.16813497452	0.196041551335
7915	COLD	4.11557249786	0.15784772512
1551246	COLD	5.50700246478	0.208149268132
244	COLD	4.38418272425	0.167678885706
61130	COLD	6.84805361543	0.255163809289
165675	COLD	7.4258503098	0.274976711263
638014	COLD	7.70245478949	0.284367067666
356	COLD	4.99277177303	0.18973976293
7921	COLD	4.43434289932	0.169508357193
93375	COLD	5.73317226944	0.216179185069
14296	COLD	6.34502444684	0.237697243781
2346	COLD	0.736170985902	0.0292300603479
7410	COLD	4.48904565335	0.171501213783
7695	COLD	5.67335538801	0.214059430977
6287	COLD	4.11919712144	0.157980770887
7916	COLD	4.25267086293	0.16287275073
10895	SOUR	8.67259219109	0.316818145518
62444	SOUR	18.3547950355	0.599432401103
5541	SOUR	8.89429027096	0.324128251069
24020	SOUR	9.81391879484	0.354031550949
14328	SOUR	5.63010621176	0.212525010088
8048	SOUR	7.1370597708	0.265107341963
9609	SOUR	11.0253185665	0.392389682862
2345	SOUR	8.13007043602	0.298763599323
887	SOUR	9.03887599324	0.328874528041
8125	SOUR	10.5338432941	0.376968989946
61386	SOUR	8.07547099265	0.296933547005
7136	SOUR	6.22792848428	0.233602302089
61204	SOUR	5.65833207394	0.213526594214
5363491	SOUR	8.01992029948	0.295069163335
520108	SOUR	10.6745977514	0.381405095196
6374	SOUR	12.7727801219	0.445653640059
8892	SOUR	15.2067822109	0.515772798352
11525	SOUR	6.40115807207	0.239656393017
6050	SOUR	11.0450371759	0.393004348549
33032	SOUR	13.0479043934	0.453817052113
89440	SOUR	5.85553460157	0.220506469875
18827	SOUR	9.47965458197	0.343240642881
6054	SOUR	8.42146365553	0.308490126181
5367706	SOUR	8.03369288454	0.295531626836
6569	SOUR	12.2044124707	0.428597425325
2758	SOUR	5.05538449395	0.191992614805
104721	SOUR	5.82765123069	0.219521441681
11419	SOUR	6.44463028126	0.241171907466
7122	SOUR	5.247801225	0.198896281921
7969	SOUR	11.7309981719	0.414193399633
240	SOUR	7.49437693097	0.277308803005
650	SOUR	10.5290819503	0.376818651326
643820	SOUR	8.24655141049	0.302659812353
2214	SOUR	4.16815557104	0.159776814496
5610	SOUR	5.56142845694	0.210085343685
7194	SOUR	7.57547334952	0.280063815393
12748	SOUR	10.8900858431	0.388165845856
8467	SOUR	2.68605501451	0.104556243964
31260	SOUR	11.5829715334	0.409652769517
126	SOUR	6.34083092712	0.237550782346
6386	SOUR	6.20868923712	0.232928440668
9261	SOUR	10.1681370107	0.36536907632
7768	SOUR	7.14825667369	0.265491237558
7894	SOUR	9.34814159638	0.338970563333
325	SOUR	6.21630940118	0.233195375019
61252	SOUR	11.8726171248	0.418521070035
61199	SOUR	9.74031638921	0.351663150224
6137	SOUR	16.8669507014	0.56088041767
8914	SOUR	6.40463722869	0.239777737935
1549778	SOUR	7.17113765464	0.266275420081
638024	SOUR	7.95076147863	0.292744615909
8785	SOUR	7.25674214136	0.269205563052
31210	SOUR	8.51984743548	0.31175877729
7803	SOUR	9.6708948238	0.349425310275
7915	SOUR	9.96741815788	0.358956956422
1551246	SOUR	8.00600179357	0.294601645855
244	SOUR	8.23563046288	0.302294974867
61130	SOUR	10.4661979693	0.374831398798
165675	SOUR	5.19441444348	0.196983801175
638014	SOUR	5.30212409453	0.200839955816
356	SOUR	8.43955583929	0.309091792466
7921	SOUR	8.82455802115	0.321833191139
93375	SOUR	11.5014979257	0.407146135214
14296	SOUR	6.46856784853	0.242005765937
2346	SOUR	10.2034131088	0.366492668725
7410	SOUR	7.49525985623	0.277338826124
7695	SOUR	6.71841888579	0.250681894501
6287	SOUR	17.0021767458	0.564457464194
7916	SOUR	12.7096413954	0.443771662056
10895	BURNT	3.20775231209	0.124194222525
62444	BURNT	15.0938282806	0.512623670358
5541	BURNT	4.88800360633	0.185963112551
24020	BURNT	3.39988935222	0.131371875046
14328	BURNT	5.56229822686	0.210116264448
8048	BURNT	3.21907642683	0.124618075857
9609	BURNT	5.02859548651	0.191029110434
2345	BURNT	3.66388841667	0.141185905335
887	BURNT	4.65788473261	0.177637033232
8125	BURNT	4.78456124394	0.182225639239
61386	BURNT	7.73072373416	0.285323313585
7136	BURNT	4.21133326397	0.161359199415
61204	BURNT	4.46426630467	0.170598782731
5363491	BURNT	2.83436328117	0.110161085163
520108	BURNT	11.1630721721	0.396677214755
6374	BURNT	7.64021923085	0.282259589276
8892	BURNT	4.29034781383	0.164251078808
11525	BURNT	7.49959443168	0.277486210611
6050	BURNT	6.68920040373	0.249669855333
33032	BURNT	4.73965946568	0.180600629887
89440	BURNT	4.74653535462	0.180849575036
18827	BURNT	4.07644334387	0.15641077762
6054	BURNT	5.35898632772	0.202871959325
5367706	BURNT	3.03707337259	0.117793409036
6569	BURNT	4.34771700478	0.16634762293
2758	BURNT	4.21850553731	0.161621905905
104721	BURNT	4.89969450417	0.186384977673
11419	BURNT	8.69338065636	0.31750527936
7122	BURNT	5.16896993713	0.196071497401
7969	BURNT	14.7984362937	0.504339965054
240	BURNT	5.84974455792	0.220301977759
650	BURNT	10.78097093	0.384747103523
643820	BURNT	2.79988047366	0.10885948668
2214	BURNT	7.64726658642	0.282498388959
5610	BURNT	5.41215655278	0.204769686691
7194	BURNT	3.17721334065	0.123050659781
12748	BURNT	6.82786225373	0.254466608967
8467	BURNT	6.73590359526	0.251287184912
31260	BURNT	6.14152928795	0.23057381872
126	BURNT	8.30417884929	0.304583399427
6386	BURNT	5.4085215316	0.204640019201
9261	BURNT	6.27648356041	0.235301644063
7768	BURNT	5.46739613951	0.206738877362
7894	BURNT	5.37173166263	0.203327066083
325	BURNT	4.70745966717	0.17943431608
61252	BURNT	11.9809495652	0.421820721613
61199	BURNT	7.30784814752	0.270952068082
6137	BURNT	14.781377869	0.503859462078
8914	BURNT	4.55128337885	0.173765662996
1549778	BURNT	2.58806273859	0.100843282048
638024	BURNT	6.84201754412	0.254955420135
8785	BURNT	3.92869502659	0.150973943219
31210	BURNT	3.78801205168	0.145780867946
7803	BURNT	3.04289992307	0.118012300946
7915	BURNT	4.06496536083	0.155989037079
1551246	BURNT	4.4632348197	0.170561206766
244	BURNT	7.93986562308	0.292378038478
61130	BURNT	4.8784850535	0.185619555573
165675	BURNT	5.1757503446	0.196314657132
638014	BURNT	3.71497948742	0.14307875046
356	BURNT	5.46732975157	0.206736512218
7921	BURNT	7.81151641069	0.288052740974
93375	BURNT	5.98640667402	0.225121441014
14296	BURNT	6.322212508	0.236900351921
2346	BURNT	18.7358678597	0.609021616606
7410	BURNT	8.74809403684	0.319312101762
7695	BURNT	3.6254992727	0.139762272918
6287	BURNT	5.30028187853	0.200774079945
7916	BURNT	4.27274777706	0.163607361656
10895	ACID	7.23893736993	0.268596609099
62444	ACID	8.67269151131	0.316821429232
5541	ACID	3.45937415023	0.133588058205
24020	ACID	6.75105688549	0.251811567791
14328	ACID	4.28159364728	0.163930928227
8048	ACID	4.91246808703	0.186845786399
9609	ACID	8.48320969161	0.310542448996
2345	ACID	5.78754407551	0.21810349645
887	ACID	7.57662652011	0.280102953034
8125	ACID	6.99917251578	0.260371534269
61386	ACID	5.65534087379	0.213420482792
7136	ACID	3.82842727948	0.147274349005
61204	ACID	5.21118692757	0.197584889425
5363491	ACID	4.44202647761	0.169788419413
520108	ACID	5.7563418655	0.216999485951
6374	ACID	13.9868310611	0.481220665192
8892	ACID	6.01535543766	0.22614041709
11525	ACID	10.7979557023	0.385279889152
6050	ACID	6.15059289098	0.230891798475
33032	ACID	5.68153866492	0.214349593956
89440	ACID	7.51208735059	0.277910911478
18827	ACID	6.60211454082	0.246649415069
6054	ACID	6.30127481539	0.236168566896
5367706	ACID	4.96141820188	0.188610459846
6569	ACID	7.79960396691	0.28765062986
2758	ACID	8.94253954407	0.325713976364
104721	ACID	5.47502944089	0.207010798684
11419	ACID	8.38836474725	0.307388724637
7122	ACID	5.60500494737	0.211633765711
7969	ACID	8.6871379985	0.317298973298
240	ACID	7.88569535282	0.290554137634
650	ACID	7.41324442033	0.274547299679
643820	ACID	5.1786352438	0.196418104556
2214	ACID	4.38494170102	0.167706582552
5610	ACID	5.56670454136	0.210272901874
7194	ACID	5.51816013518	0.208546368896
12748	ACID	5.99237083676	0.225331430172
8467	ACID	3.26225873969	0.126233416754
31260	ACID	8.79212480555	0.320764408784
126	ACID	5.93994555308	0.223484640854
6386	ACID	8.48820337756	0.310708296471
9261	ACID	6.97292682965	0.259468389757
7768	ACID	7.76512160353	0.286486018734
7894	ACID	8.45755353895	0.309690056812
325	ACID	7.58209323686	0.280288474333
61252	ACID	9.55969085918	0.345832558638
61199	ACID	5.78516037646	0.218019182826
6137	ACID	4.44011230387	0.169718653247
8914	ACID	9.53972586809	0.345186486868
1549778	ACID	6.21549613759	0.233166888609
638024	ACID	5.59012540286	0.211105215306
8785	ACID	4.26366774727	0.163275164827
31210	ACID	4.91046624493	0.1867735783
7803	ACID	7.5623451384	0.279618179939
7915	ACID	8.82007648213	0.321685559625
1551246	ACID	6.57563221383	0.245729712949
244	ACID	8.13201658167	0.298828785793
61130	ACID	8.04496771451	0.29591010637
165675	ACID	8.25308118654	0.302877907833
638014	ACID	5.41351956359	0.204818304917
356	ACID	8.20006625458	0.301106215551
7921	ACID	6.88786389995	0.256537488356
93375	ACID	6.37054622579	0.238588305346
14296	ACID	9.8859997313	0.356346792977
2346	ACID	5.90864127467	0.222380834302
7410	ACID	8.37439192911	0.306923501091
7695	ACID	4.04679162784	0.155321056122
6287	ACID	6.88416163691	0.256409792899
7916	ACID	8.07015686671	0.296755301927
10895	WARM	4.72231560981	0.179972518505
62444	WARM	7.00163168753	0.260456128986
5541	WARM	5.87614177976	0.221234054304
24020	WARM	5.62846855627	0.212466878935
14328	WARM	7.50287372784	0.277597703443
8048	WARM	4.88079899787	0.185703080372
9609	WARM	4.74394472022	0.180755784205
2345	WARM	6.30998690135	0.236473102176
887	WARM	3.95645528391	0.151996795991
8125	WARM	4.23392776894	0.162186653017
61386	WARM	6.44723528861	0.241262674398
7136	WARM	8.36889285159	0.306740367039
61204	WARM	6.55293640029	0.244941065825
5363491	WARM	4.91293572798	0.186862654132
520108	WARM	6.4407848825	0.241037911339
6374	WARM	5.47375869891	0.206965534239
8892	WARM	5.19586935063	0.197035950702
11525	WARM	7.01386774479	0.260876973495
6050	WARM	7.16230855609	0.265972876703
33032	WARM	5.22433472669	0.198055919733
89440	WARM	7.75979214299	0.286305936079
18827	WARM	5.04855778347	0.191747137062
6054	WARM	5.58958418124	0.211085986722
5367706	WARM	6.03994390566	0.227005387273
6569	WARM	4.5016099148	0.171958599862
2758	WARM	6.87211843768	0.255994332779
104721	WARM	6.38772502989	0.239187788773
11419	WARM	7.5330893464	0.278624599816
7122	WARM	7.06283824904	0.262560056309
7969	WARM	5.65206913311	0.21330441113
240	WARM	7.92341310851	0.291824334225
650	WARM	6.62375722123	0.247400624959
643820	WARM	5.37794360118	0.203548833096
2214	WARM	9.21457031057	0.33461949002
5610	WARM	6.39892251011	0.239578416688
7194	WARM	5.62748730618	0.212432046895
12748	WARM	5.17181430592	0.196173506951
8467	WARM	13.4489924746	0.465609539551
31260	WARM	5.00568111871	0.190204507364
126	WARM	9.54480410021	0.345350849884
6386	WARM	6.42288612535	0.240414058542
9261	WARM	4.04074616701	0.155098794846
7768	WARM	6.15126538356	0.230915389015
7894	WARM	4.44263815126	0.169810712553
325	WARM	6.01473998869	0.226118760695
61252	WARM	7.09967274125	0.263824768437
61199	WARM	7.89223306175	0.29077438539
6137	WARM	6.92033393921	0.257656948836
8914	WARM	3.47531187149	0.134181357818
1549778	WARM	5.28535152063	0.200240084547
638024	WARM	7.38576269245	0.273610711478
8785	WARM	6.14320541712	0.230632627566
31210	WARM	6.88484053642	0.256433209772
7803	WARM	4.58743175249	0.175079458066
7915	WARM	5.30672505707	0.20100446995
1551246	WARM	6.93932706544	0.258311378569
244	WARM	6.72005847746	0.250738664722
61130	WARM	8.32259210323	0.305197468402
165675	WARM	6.12871167379	0.230124024239
638014	WARM	6.34400667695	0.237661698791
356	WARM	2.89858402092	0.112582645106
7921	WARM	8.38792466219	0.307374074432
93375	WARM	8.32766681092	0.305366658631
14296	WARM	5.8102057687	0.218904834318
2346	WARM	6.84852520862	0.255180089332
7410	WARM	6.07790884112	0.228339963292
7695	WARM	6.46299807425	0.241811785327
6287	WARM	6.84610515893	0.255096544018
7916	WARM	5.28885120621	0.200365269416
10895	MUSKY	5.02660394268	0.190957458829
62444	MUSKY	13.9173490293	0.479216919569
5541	MUSKY	5.20242272613	0.197270828157
24020	MUSKY	4.81593184121	0.183359993849
14328	MUSKY	5.31952888439	0.201462200355
8048	MUSKY	5.55074755136	0.209705582703
9609	MUSKY	9.4969698038	0.34380181797
2345	MUSKY	9.74939276933	0.351955447025
887	MUSKY	8.37134837397	0.306822145519
8125	MUSKY	7.83844391106	0.288961275264
61386	MUSKY	7.75564350711	0.286165737801
7136	MUSKY	6.92989890352	0.257986556615
61204	MUSKY	6.22225090221	0.233403473572
5363491	MUSKY	4.85717429388	0.184850114907
520108	MUSKY	10.7062955279	0.382401915545
6374	MUSKY	10.4357898785	0.373869310986
8892	MUSKY	12.4810723871	0.436932028311
11525	MUSKY	7.10142877994	0.263885034911
6050	MUSKY	10.2877684148	0.36917546501
33032	MUSKY	8.97977015276	0.326936297312
89440	MUSKY	7.92128006289	0.291752531382
18827	MUSKY	6.87230444978	0.256000750611
6054	MUSKY	8.9784229251	0.326892085715
5367706	MUSKY	6.99713760894	0.26030153047
6569	MUSKY	8.22125994871	0.301814751891
2758	MUSKY	5.02582475497	0.190929424412
104721	MUSKY	4.08948593598	0.156889879351
11419	MUSKY	5.12163367765	0.194372894495
7122	MUSKY	6.07785239683	0.22833797997
7969	MUSKY	13.6915651707	0.472679024098
240	MUSKY	7.18722962552	0.266826677145
650	MUSKY	8.30179348791	0.30450382947
643820	MUSKY	5.05410446808	0.191946589934
2214	MUSKY	3.15210630056	0.12210994237
5610	MUSKY	8.05872951901	0.296371932176
7194	MUSKY	8.82364155357	0.321803002036
12748	MUSKY	11.5325107289	0.408100907671
8467	MUSKY	2.74517011382	0.106792420971
31260	MUSKY	12.3002838872	0.431492562005
126	MUSKY	7.89716101384	0.290940379722
6386	MUSKY	7.89256529472	0.290785577016
9261	MUSKY	9.78587387539	0.353129624014
7768	MUSKY	5.50157667438	0.207956128614
7894	MUSKY	10.547829157	0.377410486309
325	MUSKY	5.43374253095	0.205539478081
61252	MUSKY	8.60321391009	0.314522440571
61199	MUSKY	9.46626998889	0.342806692555
6137	MUSKY	11.5085326953	0.407362777892
8914	MUSKY	7.09866073231	0.263790035615
1549778	MUSKY	4.90531646423	0.186587806724
638024	MUSKY	8.88882179174	0.323948410531
8785	MUSKY	6.38613216896	0.239132213127
31210	MUSKY	8.95524066134	0.326131092333
7803	MUSKY	5.84583056171	0.220163728486
7915	MUSKY	8.77287517414	0.320129671437
1551246	MUSKY	4.85167708716	0.184651575263
244	MUSKY	9.77166716978	0.35267249508
61130	MUSKY	9.25915708398	0.336073487397
165675	MUSKY	4.25012962476	0.16277974426
638014	MUSKY	4.40994622294	0.168618798642
356	MUSKY	7.14956456125	0.265536073084
7921	MUSKY	6.42397791039	0.240452119538
93375	MUSKY	10.7450957126	0.383620995754
14296	MUSKY	8.77200988198	0.320101132331
2346	MUSKY	11.759323712	0.415060270814
7410	MUSKY	9.16006927641	0.332840023397
7695	MUSKY	5.25465972784	0.199141809571
6287	MUSKY	15.541389686	0.525041670092
7916	MUSKY	8.34849791369	0.306060949582
10895	SWEATY	3.02651702041	0.117396758706
62444	SWEATY	8.42494820011	0.308606027135
5541	SWEATY	2.27479947268	0.088922093851
24020	SWEATY	3.26314741715	0.12626664426
14328	SWEATY	1.18250588958	0.0467409075116
8048	SWEATY	3.3754130403	0.130459156335
9609	SWEATY	7.13185972384	0.264929019705
2345	SWEATY	4.68029655038	0.178449791695
887	SWEATY	4.83193996762	0.183938541165
8125	SWEATY	3.7975203265	0.146132348808
61386	SWEATY	5.55684260739	0.20992230439
7136	SWEATY	2.18957131282	0.085665163499
61204	SWEATY	2.66218439079	0.103652485339
5363491	SWEATY	2.41722348498	0.0943517516486
520108	SWEATY	5.1975613556	0.197096596606
6374	SWEATY	6.87545501999	0.256109448107
8892	SWEATY	7.00958708701	0.260729759028
11525	SWEATY	3.8160645774	0.146817643552
6050	SWEATY	4.84029079151	0.184240265682
33032	SWEATY	5.36151139902	0.202962134168
89440	SWEATY	2.16761558419	0.0848252004393
18827	SWEATY	2.94191744303	0.114214746425
6054	SWEATY	4.27422473845	0.163661390692
5367706	SWEATY	4.06907244428	0.156139957549
6569	SWEATY	4.91183268034	0.186822867102
2758	SWEATY	1.76263956475	0.0692628232958
104721	SWEATY	0.896183968334	0.0355261004513
11419	SWEATY	2.96464252809	0.115070058996
7122	SWEATY	1.76387133499	0.069310356565
7969	SWEATY	5.28213760859	0.200125113257
240	SWEATY	2.97161879595	0.115332544531
650	SWEATY	4.46893683054	0.170768914663
643820	SWEATY	2.43063528049	0.094862216073
2214	SWEATY	0.0969205591076	0.00387306492639
5610	SWEATY	3.17801334424	0.123080626243
7194	SWEATY	4.60708577492	0.175793335262
12748	SWEATY	5.55370136962	0.209810615224
8467	SWEATY	1.36278630814	0.0537685777169
31260	SWEATY	8.89632970921	0.32419531545
126	SWEATY	2.05548501393	0.0805293931003
6386	SWEATY	3.03788545538	0.117823918999
9261	SWEATY	4.59648858212	0.175408460371
7768	SWEATY	3.87664726643	0.149054533046
7894	SWEATY	7.26181908849	0.26937915695
325	SWEATY	1.66260070472	0.0653983317476
61252	SWEATY	7.0106163932	0.260765158843
61199	SWEATY	4.85767079271	0.184868045496
6137	SWEATY	7.14000896508	0.265208467395
8914	SWEATY	2.67721684061	0.10422167762
1549778	SWEATY	1.97102951164	0.0772871975314
638024	SWEATY	4.85350903945	0.18471774158
8785	SWEATY	2.58757708471	0.100824861321
31210	SWEATY	4.05981399857	0.155799724061
7803	SWEATY	2.93337678643	0.113893191709
7915	SWEATY	7.2303031272	0.268301211764
1551246	SWEATY	2.19052912014	0.0857017976753
244	SWEATY	3.44599603316	0.133089885862
61130	SWEATY	4.84721192334	0.184490291562
165675	SWEATY	2.0903983377	0.081868027424
638014	SWEATY	0.568330966468	0.0226040386238
356	SWEATY	2.70055054863	0.105104832639
7921	SWEATY	3.95167269894	0.15182062111
93375	SWEATY	5.5779072417	0.210671069989
14296	SWEATY	3.88550164008	0.149381216405
2346	SWEATY	6.59932455413	0.246552548337
7410	SWEATY	2.95204299895	0.114595896811
7695	SWEATY	2.15707911961	0.0844219686532
6287	SWEATY	12.9750085891	0.45166000441
7916	SWEATY	6.32810991484	0.237106406556
10895	AMMONIA/URINOUS	3.99974752181	0.153590708777
62444	AMMONIA/URINOUS	9.66267018641	0.349159929404
5541	AMMONIA/URINOUS	1.6884852387	0.0663990165874
24020	AMMONIA/URINOUS	3.47022887387	0.13399215958
14328	AMMONIA/URINOUS	3.24016014142	0.12540695056
8048	AMMONIA/URINOUS	3.52710644151	0.136108065721
9609	AMMONIA/URINOUS	7.12428356831	0.264669176188
2345	AMMONIA/URINOUS	6.42888444307	0.24062315565
887	AMMONIA/URINOUS	6.70766087011	0.250309349065
8125	AMMONIA/URINOUS	5.77927391719	0.217810953884
61386	AMMONIA/URINOUS	4.04422362089	0.155226646957
7136	AMMONIA/URINOUS	3.71603885918	0.143117976446
61204	AMMONIA/URINOUS	3.86114212487	0.148482317591
5363491	AMMONIA/URINOUS	3.21667805703	0.124528315192
520108	AMMONIA/URINOUS	7.04303678745	0.261879724622
6374	AMMONIA/URINOUS	11.1105534921	0.395044380124
8892	AMMONIA/URINOUS	4.33464500828	0.165870141392
11525	AMMONIA/URINOUS	8.73565790054	0.31890162844
6050	AMMONIA/URINOUS	4.93810756803	0.18777034018
33032	AMMONIA/URINOUS	3.16178478174	0.122472638067
89440	AMMONIA/URINOUS	6.23262939425	0.233766908104
18827	AMMONIA/URINOUS	5.83138909852	0.219653524414
6054	AMMONIA/URINOUS	7.20394284109	0.26739899666
5367706	AMMONIA/URINOUS	4.3525767334	0.166525099648
6569	AMMONIA/URINOUS	6.70132462313	0.250089884243
2758	AMMONIA/URINOUS	7.7010835221	0.284320665918
104721	AMMONIA/URINOUS	3.81610845724	0.146819264786
11419	AMMONIA/URINOUS	7.96021047881	0.293062438806
7122	AMMONIA/URINOUS	5.59655977419	0.211333798445
7969	AMMONIA/URINOUS	10.8051110365	0.385504271656
240	AMMONIA/URINOUS	7.2928203161	0.270438721379
650	AMMONIA/URINOUS	5.75413152374	0.216921249113
643820	AMMONIA/URINOUS	4.20381002131	0.161083593374
2214	AMMONIA/URINOUS	3.59741855217	0.138720173991
5610	AMMONIA/URINOUS	6.09812860678	0.229050275269
7194	AMMONIA/URINOUS	5.19197548884	0.196896375763
12748	AMMONIA/URINOUS	7.30314049898	0.2707912755
8467	AMMONIA/URINOUS	3.09042021591	0.119796529792
31260	AMMONIA/URINOUS	9.23416274056	0.335258605015
126	AMMONIA/URINOUS	6.77743527517	0.252723959443
6386	AMMONIA/URINOUS	7.70903923451	0.284589855013
9261	AMMONIA/URINOUS	6.17480051781	0.231740756139
7768	AMMONIA/URINOUS	8.18094433908	0.300466633452
7894	AMMONIA/URINOUS	8.82563965509	0.321868820075
325	AMMONIA/URINOUS	4.74913507395	0.180943689378
61252	AMMONIA/URINOUS	8.60424721525	0.314556660554
61199	AMMONIA/URINOUS	4.16217598228	0.159557555728
6137	AMMONIA/URINOUS	5.65372623636	0.213363201312
8914	AMMONIA/URINOUS	7.59246557558	0.280640409617
1549778	AMMONIA/URINOUS	4.11754228956	0.15792002978
638024	AMMONIA/URINOUS	5.96914980969	0.224513692607
8785	AMMONIA/URINOUS	5.44326155118	0.205878823521
31210	AMMONIA/URINOUS	8.44915078609	0.309410771841
7803	AMMONIA/URINOUS	4.77293478791	0.18180502892
7915	AMMONIA/URINOUS	7.20396657377	0.267399809192
1551246	AMMONIA/URINOUS	3.28122941856	0.126942590144
244	AMMONIA/URINOUS	8.27805339163	0.303711668483
61130	AMMONIA/URINOUS	6.18429931183	0.232073749282
165675	AMMONIA/URINOUS	7.12098142889	0.264555906551
638014	AMMONIA/URINOUS	3.9723366769	0.152581683606
356	AMMONIA/URINOUS	6.41189809838	0.240030949046
7921	AMMONIA/URINOUS	5.86953361217	0.221000774557
93375	AMMONIA/URINOUS	5.74120442798	0.216463605806
14296	AMMONIA/URINOUS	6.81528194371	0.254032050559
2346	AMMONIA/URINOUS	7.65854816769	0.282880582693
7410	AMMONIA/URINOUS	6.67569904115	0.249201978571
7695	AMMONIA/URINOUS	3.42450502881	0.132289307275
6287	AMMONIA/URINOUS	7.02389853092	0.261221881008
7916	AMMONIA/URINOUS	7.0003665704	0.260412609968
10895	DECAYED	4.08466138742	0.156712672037
62444	DECAYED	14.7251653584	0.502274416403
5541	DECAYED	1.78380336063	0.0700793526533
24020	DECAYED	4.65706404248	0.177607263501
14328	DECAYED	2.74267066583	0.106697929681
8048	DECAYED	3.04986546173	0.118273946735
9609	DECAYED	9.75401853417	0.352104390341
2345	DECAYED	2.94606091033	0.114370726458
887	DECAYED	6.27068338214	0.235098747254
8125	DECAYED	5.03343043554	0.191203048642
61386	DECAYED	2.83536787686	0.110198990675
7136	DECAYED	2.82002090084	0.109619828881
61204	DECAYED	2.63481967871	0.102615877253
5363491	DECAYED	3.46664489147	0.133858744937
520108	DECAYED	7.51606534318	0.27804611843
6374	DECAYED	9.42638222934	0.3415126164
8892	DECAYED	8.00056845316	0.294419099897
11525	DECAYED	4.64826120271	0.177287915225
6050	DECAYED	3.11623951713	0.120765201194
33032	DECAYED	6.56533816777	0.245372060608
89440	DECAYED	2.33597049433	0.0912561165129
18827	DECAYED	3.94772887495	0.15167532969
6054	DECAYED	4.96919382971	0.188890598261
5367706	DECAYED	3.8518413983	0.148138983069
6569	DECAYED	4.60945277276	0.175879288965
2758	DECAYED	2.93494052364	0.113952070595
104721	DECAYED	3.11901422287	0.120869269026
11419	DECAYED	3.92961752459	0.151007943428
7122	DECAYED	2.31327649195	0.0903905604266
7969	DECAYED	8.41906582458	0.30841036524
240	DECAYED	3.45416909698	0.133394250219
650	DECAYED	3.87689953907	0.149063841548
643820	DECAYED	3.0488740141	0.118236707463
2214	DECAYED	2.60305701836	0.101411918398
5610	DECAYED	4.3874723239	0.167798927599
7194	DECAYED	3.28039578119	0.126911432655
12748	DECAYED	6.9606838518	0.259046906198
8467	DECAYED	3.22259149259	0.124749621332
31260	DECAYED	6.77629538843	0.252684543861
126	DECAYED	4.51741022623	0.172533610988
6386	DECAYED	3.36983780358	0.130251189414
9261	DECAYED	4.04548271401	0.155272936405
7768	DECAYED	4.61260106549	0.175993607184
7894	DECAYED	5.77338895116	0.217602750054
325	DECAYED	2.3402390662	0.0914188750932
61252	DECAYED	10.3149918984	0.370040052789
61199	DECAYED	5.16732766714	0.196012596598
6137	DECAYED	11.787062166	0.415908552838
8914	DECAYED	3.65135464381	0.140721229458
1549778	DECAYED	2.25770433051	0.0882692816828
638024	DECAYED	2.37802614671	0.0928590425265
8785	DECAYED	2.75392855145	0.107123493071
31210	DECAYED	3.27429390571	0.126683355996
7803	DECAYED	4.87826675264	0.185611675502
7915	DECAYED	5.72877324888	0.21602339278
1551246	DECAYED	3.18766472385	0.123442106397
244	DECAYED	4.8657936705	0.185161367602
61130	DECAYED	3.55308885505	0.137073778037
165675	DECAYED	2.87583237302	0.111725130186
638014	DECAYED	1.6299371586	0.0641348082875
356	DECAYED	4.04503935832	0.155256636969
7921	DECAYED	4.33467267908	0.165871152269
93375	DECAYED	4.02364732949	0.154469998047
14296	DECAYED	5.37779798319	0.203543634868
2346	DECAYED	8.05673125481	0.296304882787
7410	DECAYED	5.18962333212	0.196812057153
7695	DECAYED	2.08458837241	0.0816453314233
6287	DECAYED	9.15409822408	0.332644923245
7916	DECAYED	5.26646772401	0.199564436045
10895	WOOD	2.05747219861	0.080605611205
62444	WOOD	2.16406802899	0.0846894449859
5541	WOOD	2.83059253004	0.110018799573
24020	WOOD	0.899878608931	0.0356712317529
14328	WOOD	4.09646129605	0.157146053782
8048	WOOD	3.09872496398	0.120108159998
9609	WOOD	2.8570069668	0.111015283149
2345	WOOD	2.75399598175	0.107126041723
887	WOOD	2.18426888849	0.0854623433088
8125	WOOD	3.24608675584	0.125628638543
61386	WOOD	4.41263041881	0.168716693867
7136	WOOD	3.45003552736	0.133240323038
61204	WOOD	3.62399719804	0.139706545645
5363491	WOOD	2.3298248618	0.0910217609172
520108	WOOD	4.50956088166	0.172247979528
6374	WOOD	2.23383510301	0.0873573964134
8892	WOOD	2.45742720222	0.0958815087071
11525	WOOD	3.42071141056	0.132147949801
6050	WOOD	4.21866352185	0.16162769211
33032	WOOD	4.04992175105	0.155436123566
89440	WOOD	6.53123151921	0.244186466705
18827	WOOD	3.06714607541	0.118922888997
6054	WOOD	3.50343988239	0.135227958892
5367706	WOOD	2.73255231791	0.106315355848
6569	WOOD	2.27367432248	0.0888791349293
2758	WOOD	5.09184594279	0.193303079669
104721	WOOD	5.53437982449	0.209123448963
11419	WOOD	3.52189754841	0.135914397
7122	WOOD	3.73513968741	0.143825080103
7969	WOOD	3.22577468117	0.124868738329
240	WOOD	2.91826679161	0.113324159238
650	WOOD	3.53129999418	0.136263967908
643820	WOOD	3.89328613017	0.14966837445
2214	WOOD	4.4208196504	0.169015327464
5610	WOOD	4.54902946073	0.173683710815
7194	WOOD	2.67121607468	0.10399448486
12748	WOOD	3.75758326999	0.144655557987
8467	WOOD	3.8728712466	0.148915197187
31260	WOOD	3.0399495682	0.117901465377
126	WOOD	3.09135757912	0.119831706492
6386	WOOD	4.1607354605	0.159504730591
9261	WOOD	3.9374580724	0.151296892467
7768	WOOD	2.93804491641	0.114068953484
7894	WOOD	4.07975003469	0.156532257249
325	WOOD	4.91931940825	0.187092894954
61252	WOOD	3.13245398782	0.121373252318
61199	WOOD	3.91326056606	0.150404979339
6137	WOOD	3.59603724435	0.138668896229
8914	WOOD	3.48817956284	0.134660223849
1549778	WOOD	4.15564653328	0.159318102087
638024	WOOD	3.92570397275	0.150863698237
8785	WOOD	2.58652904519	0.100785108807
31210	WOOD	2.32349165613	0.0907802208547
7803	WOOD	0.649185314703	0.025798835959
7915	WOOD	3.07930235988	0.119379253186
1551246	WOOD	4.28634491039	0.164104695339
244	WOOD	3.11398821907	0.120680759711
61130	WOOD	4.69411573387	0.178950740346
165675	WOOD	4.76535828244	0.181530875474
638014	WOOD	4.99782597848	0.189921733335
356	WOOD	3.68437412028	0.141945119748
7921	WOOD	3.50131076217	0.135148759666
93375	WOOD	3.81374308951	0.146731869039
14296	WOOD	4.96500670487	0.188739751563
2346	WOOD	3.4156996544	0.131961184525
7410	WOOD	3.69495791345	0.142337230945
7695	WOOD	2.84922339111	0.110721706072
6287	WOOD	4.05351832673	0.155568328739
7916	WOOD	2.96380232212	0.115038443203
10895	GRASS	3.66915127928	0.141380982727
62444	GRASS	0.881406834809	0.034945522189
5541	GRASS	3.26314704515	0.126266630351
24020	GRASS	3.82275529816	0.147064828698
14328	GRASS	2.81581250386	0.109460980132
8048	GRASS	2.56494388651	0.0999661806039
9609	GRASS	2.31323111235	0.0903888292222
2345	GRASS	2.83859126391	0.110320610411
887	GRASS	2.43561190346	0.0950515940006
8125	GRASS	6.56755257097	0.24544900413
61386	GRASS	2.81720989136	0.109513727025
7136	GRASS	3.24319836409	0.125520600312
61204	GRASS	2.4187686685	0.0944105699914
5363491	GRASS	5.80535944723	0.218733498565
520108	GRASS	6.46332110105	0.24182303618
6374	GRASS	1.36099153991	0.0536987424079
8892	GRASS	1.66504464753	0.0654928364298
11525	GRASS	2.00911737755	0.0787500740474
6050	GRASS	1.9062269141	0.0747955961447
33032	GRASS	3.01057268323	0.116797488177
89440	GRASS	5.49139902192	0.20759377559
18827	GRASS	4.35758192389	0.166707868866
6054	GRASS	3.29566749241	0.127482130008
5367706	GRASS	9.30089407245	0.337433110679
6569	GRASS	0.555336822782	0.0220901133166
2758	GRASS	7.23917962744	0.268604896426
104721	GRASS	4.53943577513	0.173334840143
11419	GRASS	1.86153841286	0.0730754064093
7122	GRASS	1.76988089359	0.0695422443924
7969	GRASS	1.45757517219	0.0574531967347
240	GRASS	1.24009014862	0.0489884765142
650	GRASS	1.63818151088	0.0644538049701
643820	GRASS	6.40380881804	0.23974884577
2214	GRASS	2.49605991717	0.0973502706427
5610	GRASS	2.62568026719	0.102269531941
7194	GRASS	2.33528480925	0.0912299703138
12748	GRASS	2.27677303872	0.0889974433609
8467	GRASS	2.63063763615	0.102457403697
31260	GRASS	2.99162455566	0.116085055234
126	GRASS	2.40018281673	0.0937029616479
6386	GRASS	4.79563263812	0.182626068565
9261	GRASS	2.26031304071	0.0883689156117
7768	GRASS	3.39671394902	0.1312534917
7894	GRASS	2.32302294449	0.0907623435394
325	GRASS	3.57083555276	0.137733075493
61252	GRASS	1.33318688993	0.0526165206838
61199	GRASS	2.75003418122	0.10697629205
6137	GRASS	1.57688696165	0.06208084947
8914	GRASS	4.83455450799	0.184033013403
1549778	GRASS	5.08332363579	0.192996873757
638024	GRASS	3.58365347202	0.138209109998
8785	GRASS	3.59558487723	0.138652102846
31210	GRASS	3.46156227616	0.13366952569
7803	GRASS	4.55031319765	0.173730387827
7915	GRASS	2.95514122381	0.114712505091
1551246	GRASS	6.36191323936	0.238286953548
244	GRASS	2.15384646761	0.0842982368618
61130	GRASS	5.20648565375	0.197416429005
165675	GRASS	5.44389535175	0.20590141543
638014	GRASS	5.66079857283	0.21361408672
356	GRASS	3.55405282535	0.13710959642
7921	GRASS	1.83175802867	0.0719281861566
93375	GRASS	4.57460261287	0.174613308889
14296	GRASS	4.00983150224	0.153961760619
2346	GRASS	2.84412655904	0.110529440008
7410	GRASS	2.35350325243	0.0919245390734
7695	GRASS	3.60134605711	0.138865964915
6287	GRASS	1.58653762413	0.0624546643121
7916	GRASS	3.23503881102	0.125215361997
10895	FLOWER	6.82976660138	0.254532379324
62444	FLOWER	3.39901665607	0.131339340552
5541	FLOWER	10.9999369082	0.391598031535
24020	FLOWER	8.29316662413	0.304216019903
14328	FLOWER	7.01064978291	0.260766307165
8048	FLOWER	9.23063042134	0.335143401663
9609	FLOWER	2.4020337287	0.0937734427346
2345	FLOWER	9.45241634075	0.342357383758
887	FLOWER	2.3198585331	0.0906416438785
8125	FLOWER	5.10582498233	0.193805219793
61386	FLOWER	6.9876851216	0.259976307521
7136	FLOWER	9.93035300871	0.357769355997
61204	FLOWER	9.5795174356	0.346473835704
5363491	FLOWER	7.71579698925	0.284818470298
520108	FLOWER	1.33375283802	0.0526385548675
6374	FLOWER	1.54421081453	0.0608145977654
8892	FLOWER	3.72595095276	0.143484953909
11525	FLOWER	5.15619257585	0.195613174282
6050	FLOWER	9.77255847675	0.352701179397
33032	FLOWER	3.52212578498	0.135922883381
89440	FLOWER	7.52850238643	0.278468756184
18827	FLOWER	6.44911232903	0.241328073228
6054	FLOWER	10.4591162754	0.374607405712
5367706	FLOWER	11.6569544321	0.41192434263
6569	FLOWER	3.61148696521	0.139242343369
2758	FLOWER	7.54618399484	0.27906940264
104721	FLOWER	4.72397340044	0.180032566142
11419	FLOWER	4.07226802914	0.156257374405
7122	FLOWER	10.7231810714	0.38293259794
7969	FLOWER	1.74548153585	0.0686005791171
240	FLOWER	6.70040047347	0.250057872337
650	FLOWER	2.88416121072	0.112039094073
643820	FLOWER	9.27003924116	0.336428118633
2214	FLOWER	6.40111091456	0.239654748206
5610	FLOWER	6.45550702642	0.241550852669
7194	FLOWER	13.7221502761	0.473567047763
12748	FLOWER	1.17203806826	0.0463320534368
8467	FLOWER	7.22566024981	0.268142343574
31260	FLOWER	2.75301515866	0.107088969361
126	FLOWER	5.18817738923	0.19676022172
6386	FLOWER	9.28392544518	0.336880509139
9261	FLOWER	1.25701284676	0.0496484813515
7768	FLOWER	3.68212217381	0.141861677471
7894	FLOWER	2.83806064119	0.110300590366
325	FLOWER	6.42723263127	0.240565577532
61252	FLOWER	2.1596908005	0.0845219262785
61199	FLOWER	3.97027525036	0.152505775789
6137	FLOWER	0.436398422895	0.0173797594824
8914	FLOWER	7.11064900099	0.264201428354
1549778	FLOWER	8.530505589	0.312112413318
638024	FLOWER	8.48310965807	0.310539126535
8785	FLOWER	10.8250563095	0.386129514737
31210	FLOWER	11.3363391003	0.402048530334
7803	FLOWER	7.40731926667	0.27434541918
7915	FLOWER	4.60726615096	0.175799885484
1551246	FLOWER	7.5249462074	0.278347922126
244	FLOWER	7.1695778752	0.266221976245
61130	FLOWER	5.49967622519	0.207888473575
165675	FLOWER	5.56101245173	0.210070554274
638014	FLOWER	6.80495264694	0.253675153667
356	FLOWER	4.96489266409	0.188735642897
7921	FLOWER	3.47463562312	0.134156187839
93375	FLOWER	4.56592622575	0.174297976111
14296	FLOWER	2.58323640292	0.100660211992
2346	FLOWER	2.5638999192	0.0999265636495
7410	FLOWER	7.22591627601	0.268151104629
7695	FLOWER	10.7039439216	0.382327990675
6287	FLOWER	1.07140399931	0.0423969973604
7916	FLOWER	3.66567543947	0.141252147008
10895	CHEMICAL	22.8419986074	0.704977184144
62444	CHEMICAL	17.9557898381	0.589267438039
5541	CHEMICAL	8.87347932522	0.323443718875
24020	CHEMICAL	21.3523761449	0.671725458983
14328	CHEMICAL	14.0911519617	0.484221853026
8048	CHEMICAL	15.680168093	0.52885965515
9609	CHEMICAL	23.6597783795	0.722477089993
2345	CHEMICAL	17.8452993515	0.586430090482
887	CHEMICAL	13.959463765	0.480431899156
8125	CHEMICAL	24.4126749029	0.73811551775
61386	CHEMICAL	14.0921431151	0.484250325573
7136	CHEMICAL	8.4079138557	0.308039348066
61204	CHEMICAL	14.3112910164	0.490526420435
5363491	CHEMICAL	9.54771388531	0.345445019238
520108	CHEMICAL	14.97704391	0.509357018687
6374	CHEMICAL	19.5330671317	0.628706400638
8892	CHEMICAL	18.6325928422	0.60643430728
11525	CHEMICAL	35.6129041599	0.917204589316
6050	CHEMICAL	8.63154903787	0.315460505998
33032	CHEMICAL	10.4609487393	0.374665370161
89440	CHEMICAL	18.0571541141	0.591861838684
18827	CHEMICAL	23.9458784297	0.72847309968
6054	CHEMICAL	21.9769233218	0.685882869396
5367706	CHEMICAL	12.3604973717	0.433307136757
6569	CHEMICAL	23.2433097025	0.71363180973
2758	CHEMICAL	31.3903427338	0.861472262574
104721	CHEMICAL	11.2444711936	0.399203594775
11419	CHEMICAL	28.2903293002	0.811476079243
7122	CHEMICAL	23.6311913408	0.721874371959
7969	CHEMICAL	26.3059212899	0.775436253632
240	CHEMICAL	23.1728668366	0.712121970494
650	CHEMICAL	21.8420729054	0.682852456694
643820	CHEMICAL	22.9189794727	0.70664733088
2214	CHEMICAL	15.1973426666	0.515510017014
5610	CHEMICAL	18.10822901	0.593165977248
7194	CHEMICAL	14.6786489994	0.500960865396
12748	CHEMICAL	12.5158108732	0.437974226201
8467	CHEMICAL	10.2335222115	0.367450897718
31260	CHEMICAL	20.5531499923	0.653153209851
126	CHEMICAL	20.2343449044	0.645602310692
6386	CHEMICAL	16.9056668537	0.561906045441
9261	CHEMICAL	12.1438780286	0.426765611713
7768	CHEMICAL	20.2724744567	0.646509690028
7894	CHEMICAL	20.9927057287	0.663430751623
325	CHEMICAL	20.6829501798	0.656204235935
61252	CHEMICAL	19.7714289725	0.634493397454
61199	CHEMICAL	13.2772042703	0.460574509517
6137	CHEMICAL	10.4032987288	0.372840499375
8914	CHEMICAL	28.9156755811	0.82218050552
1549778	CHEMICAL	16.0920083366	0.540099240543
638024	CHEMICAL	10.9413251984	0.389767969099
8785	CHEMICAL	21.4246612962	0.673380007185
31210	CHEMICAL	18.7363576899	0.609033867803
7803	CHEMICAL	23.0849884344	0.71023286097
7915	CHEMICAL	21.5417087232	0.676050263042
1551246	CHEMICAL	14.7945824494	0.504231430036
244	CHEMICAL	24.1906135348	0.733550228116
61130	CHEMICAL	18.6020784584	0.605668209148
165675	CHEMICAL	28.4512358777	0.81426030592
638014	CHEMICAL	18.4213689974	0.6011160256
356	CHEMICAL	28.5385956675	0.815763249631
7921	CHEMICAL	15.1316978426	0.513680601864
93375	CHEMICAL	17.4856995842	0.577128107389
14296	CHEMICAL	20.6505322344	0.655443496751
2346	CHEMICAL	13.441271595	0.465383750964
7410	CHEMICAL	22.6658220953	0.701137087309
7695	CHEMICAL	14.0170342259	0.482090469641
6287	CHEMICAL	17.540250184	0.578545856753
7916	CHEMICAL	18.796913237	0.610546950584
