#oID	descriptor	value	sigma
11980	INTENSITY/STRENGTH	64.8316326531	0.912009069138
650	INTENSITY/STRENGTH	27.7193877551	0.801429727197
89440	INTENSITY/STRENGTH	48.4040816326	0.998981217826
7601	INTENSITY/STRENGTH	41.3897959184	0.970345754269
5363388	INTENSITY/STRENGTH	64.4285714286	0.916726530612
444539	INTENSITY/STRENGTH	48.6173469388	0.999235308205
6054	INTENSITY/STRENGTH	52.3795918367	0.997735017076
62374	INTENSITY/STRENGTH	67.0448979592	0.883788581424
235414	INTENSITY/STRENGTH	31.6989795918	0.866029060808
78925	INTENSITY/STRENGTH	51.0877551021	0.999526715535
6549	INTENSITY/STRENGTH	62.1653061224	0.940802130779
7194	INTENSITY/STRENGTH	12.2673469388	0.430498757185
8857	INTENSITY/STRENGTH	40.8204081633	0.966294037484
1136	INTENSITY/STRENGTH	71.1142857143	0.82167477551
8467	INTENSITY/STRENGTH	47.9673469388	0.998347328613
61209	INTENSITY/STRENGTH	52.2816326531	0.997917660975
5365027	INTENSITY/STRENGTH	55.0571428571	0.989770122449
22873	INTENSITY/STRENGTH	16.2897959184	0.54544885631
637776	INTENSITY/STRENGTH	34.7653061224	0.907161640983
7795	INTENSITY/STRENGTH	56.1285714286	0.984976244898
565690	INTENSITY/STRENGTH	24.9234693878	0.748467044981
24834	INTENSITY/STRENGTH	57.0591836735	0.980067170346
5364729	INTENSITY/STRENGTH	40.9010204081	0.966883428155
8038	INTENSITY/STRENGTH	34.3591836735	0.902145945856
62572	INTENSITY/STRENGTH	57.7204081632	0.976158119117
6386	INTENSITY/STRENGTH	15.1020408163	0.512852977926
6826	INTENSITY/STRENGTH	48.9010204082	0.999516897543
8175	INTENSITY/STRENGTH	55.0244897959	0.989901800916
8452	INTENSITY/STRENGTH	37.8193877551	0.940653074136
241	INTENSITY/STRENGTH	32.0244897959	0.870752413161
4133	INTENSITY/STRENGTH	53.9653061225	0.993710538942
8294	INTENSITY/STRENGTH	46.8183673469	0.995950885464
18827	INTENSITY/STRENGTH	62.9306122449	0.933119706789
1183	INTENSITY/STRENGTH	45.1755102041	0.990689719284
61252	INTENSITY/STRENGTH	42.6397959184	0.978330958351
7151	INTENSITY/STRENGTH	66.2969387755	0.893763914619
61155	INTENSITY/STRENGTH	37.5367346939	0.937866807164
7583	INTENSITY/STRENGTH	36.2142857143	0.923981632653
8785	INTENSITY/STRENGTH	60.8081632653	0.953273442732
1549778	INTENSITY/STRENGTH	46.8959183674	0.996145870887
6140	INTENSITY/STRENGTH	32.4204081633	0.876383180342
61659	INTENSITY/STRENGTH	45.8510204082	0.993114387339
61177	INTENSITY/STRENGTH	64.5632653061	0.915164521449
69963	INTENSITY/STRENGTH	31.7612244898	0.866938827155
2969	INTENSITY/STRENGTH	47.2306122449	0.996932196585
8375	INTENSITY/STRENGTH	79.3632653061	0.655119460225
660	INTENSITY/STRENGTH	53.1693877551	0.995981992503
679	INTENSITY/STRENGTH	23.5775510204	0.720741675969
24197	INTENSITY/STRENGTH	41.3081632653	0.969780789671
6057	INTENSITY/STRENGTH	25.5326530612	0.760539573511
196	INTENSITY/STRENGTH	21.2877551021	0.670242797168
7635	INTENSITY/STRENGTH	51.0102040816	0.999591795085
6998	INTENSITY/STRENGTH	26.5071428571	0.779234265306
311	INTENSITY/STRENGTH	24.187755102	0.733491205331
7047	INTENSITY/STRENGTH	49.3918367347	0.999852054977
5368076	INTENSITY/STRENGTH	47.3897959184	0.997274733861
261	INTENSITY/STRENGTH	46.006122449	0.993619576843
61138	INTENSITY/STRENGTH	28.3040816326	0.811714850479
170833	INTENSITY/STRENGTH	36.1204081633	0.922942772178
228769	INTENSITY/STRENGTH	15.1755102041	0.514901964182
5960	INTENSITY/STRENGTH	21.0918367347	0.665727238651
11980	VALENCE/PLEASANTNESS	37.3350351701	0.935839466343
650	VALENCE/PLEASANTNESS	41.1448199327	0.96863431439
89440	VALENCE/PLEASANTNESS	47.1157269933	0.996672387689
7601	VALENCE/PLEASANTNESS	43.7718763401	0.984484190271
5363388	VALENCE/PLEASANTNESS	51.354659662	0.99926595888
444539	VALENCE/PLEASANTNESS	47.5754533737	0.997648629463
6054	VALENCE/PLEASANTNESS	39.5958818442	0.95670173016
62374	VALENCE/PLEASANTNESS	36.9645956431	0.932031293301
235414	VALENCE/PLEASANTNESS	50.2193236408	0.999980758856
78925	VALENCE/PLEASANTNESS	26.5588055992	0.780204162025
6549	VALENCE/PLEASANTNESS	52.8037999561	0.996855482323
7194	VALENCE/PLEASANTNESS	45.6184103817	0.992320668967
8857	VALENCE/PLEASANTNESS	51.105820722	0.999510864212
1136	VALENCE/PLEASANTNESS	31.4281719584	0.862034881277
8467	VALENCE/PLEASANTNESS	48.6981681097	0.999322093492
61209	VALENCE/PLEASANTNESS	43.7032147722	0.984140198318
5365027	VALENCE/PLEASANTNESS	39.6960471812	0.957531422523
22873	VALENCE/PLEASANTNESS	48.0832608357	0.99853044439
637776	VALENCE/PLEASANTNESS	51.3048713857	0.999318924267
7795	VALENCE/PLEASANTNESS	59.2847132004	0.965517640315
565690	VALENCE/PLEASANTNESS	48.9870968835	0.999589610911
24834	VALENCE/PLEASANTNESS	51.6595621345	0.998898341409
5364729	VALENCE/PLEASANTNESS	43.0585889705	0.980726725168
7916	VALENCE/PLEASANTNESS	46.7956483408	0.995892852178
8038	VALENCE/PLEASANTNESS	44.329989732	0.987140393424
62572	VALENCE/PLEASANTNESS	51.485558473	0.999117246409
6386	VALENCE/PLEASANTNESS	46.3270655983	0.994603821152
6826	VALENCE/PLEASANTNESS	46.5505955273	0.995240643514
8175	VALENCE/PLEASANTNESS	33.8536478258	0.895718124586
8452	VALENCE/PLEASANTNESS	37.6516223047	0.939007027318
241	VALENCE/PLEASANTNESS	35.2223006707	0.912647841014
4133	VALENCE/PLEASANTNESS	58.9914829142	0.967661294001
8294	VALENCE/PLEASANTNESS	48.9853946695	0.999588230409
18827	VALENCE/PLEASANTNESS	40.5134069324	0.964001820788
1183	VALENCE/PLEASANTNESS	44.5667265359	0.988191815786
61252	VALENCE/PLEASANTNESS	31.5914719115	0.864450437446
7151	VALENCE/PLEASANTNESS	51.2480169055	0.999376981521
61155	VALENCE/PLEASANTNESS	53.3207295228	0.995589102175
7583	VALENCE/PLEASANTNESS	37.2009534924	0.934473763399
10430	VALENCE/PLEASANTNESS	41.0933790639	0.968268841401
8785	VALENCE/PLEASANTNESS	54.5164695811	0.991840601009
1549778	VALENCE/PLEASANTNESS	47.4823762357	0.997464628233
6140	VALENCE/PLEASANTNESS	44.4210177865	0.987549982985
61659	VALENCE/PLEASANTNESS	30.2792928961	0.84443748453
61177	VALENCE/PLEASANTNESS	37.8346050718	0.940801266497
69963	VALENCE/PLEASANTNESS	34.7716217638	0.907238598518
9016	VALENCE/PLEASANTNESS	49.5443383086	0.999916948969
12587	VALENCE/PLEASANTNESS	25.7812855816	0.765381548768
2969	VALENCE/PLEASANTNESS	28.5360678101	0.815719845979
8375	VALENCE/PLEASANTNESS	48.6345461118	0.999254214272
15717	VALENCE/PLEASANTNESS	49.9491761148	0.999998966773
18635	VALENCE/PLEASANTNESS	25.2267746229	0.754514921766
526618	VALENCE/PLEASANTNESS	33.810861129	0.895164713047
660	VALENCE/PLEASANTNESS	44.4524964436	0.987690081717
679	VALENCE/PLEASANTNESS	37.8938252977	0.941376213631
24197	VALENCE/PLEASANTNESS	53.333192001	0.995555932434
6057	VALENCE/PLEASANTNESS	43.4863344988	0.983028864696
196	VALENCE/PLEASANTNESS	38.0075232404	0.942472200468
7635	VALENCE/PLEASANTNESS	54.0807657323	0.993338940415
6998	VALENCE/PLEASANTNESS	40.9366924871	0.96714258277
311	VALENCE/PLEASANTNESS	45.0721786658	0.990286630759
7047	VALENCE/PLEASANTNESS	39.3223376614	0.954395010793
5368076	VALENCE/PLEASANTNESS	59.7197680073	0.962210443954
261	VALENCE/PLEASANTNESS	39.0359352074	0.951915713289
61138	VALENCE/PLEASANTNESS	33.4829240945	0.890874481413
7894	VALENCE/PLEASANTNESS	42.2034900219	0.975685772864
170833	VALENCE/PLEASANTNESS	49.3218886626	0.999816066006
228769	VALENCE/PLEASANTNESS	42.9627307833	0.980190736789
5960	VALENCE/PLEASANTNESS	40.9461432345	0.967211071068
11980	BAKERY	3.38681052856	0.13088422692
650	BAKERY	8.11492159802	0.298256082904
89440	BAKERY	3.55925641558	0.13730293413
7601	BAKERY	1.50158245194	0.0591613981335
5363388	BAKERY	4.23065015658	0.162066645964
444539	BAKERY	6.31527305951	0.236657852854
6054	BAKERY	0.532480611038	0.0211858102011
62374	BAKERY	1.85957173779	0.0729996666923
235414	BAKERY	3.41253288206	0.131843163014
78925	BAKERY	1.25877593961	0.0497172308378
6549	BAKERY	2.8390357109	0.110337378929
7194	BAKERY	3.21648427799	0.124521062675
8857	BAKERY	3.01989552207	0.117147913297
1136	BAKERY	2.1897621617	0.0856724631381
8467	BAKERY	10.5677631338	0.378039478292
61209	BAKERY	12.1196253055	0.426030885202
5365027	BAKERY	0.673128337147	0.0267438927826
22873	BAKERY	4.70436676323	0.179322243872
637776	BAKERY	6.33391899535	0.237309347878
7795	BAKERY	2.85050860522	0.110770184486
565690	BAKERY	2.41407790012	0.0942320071616
24834	BAKERY	4.45011355171	0.170083137819
5364729	BAKERY	2.15902173913	0.0844963196172
7916	BAKERY	3.43428932856	0.132653835865
8038	BAKERY	3.73735478435	0.14390706306
62572	BAKERY	4.3133727694	0.165092836917
6386	BAKERY	2.41858480642	0.0944035712704
6826	BAKERY	2.16480495116	0.0847176458558
8175	BAKERY	0.145785647921	0.00582292453479
8452	BAKERY	0.653644934829	0.0259748967128
241	BAKERY	1.46427107593	0.0577132071238
4133	BAKERY	2.59949316911	0.10127678087
8294	BAKERY	3.358007926	0.129809830148
18827	BAKERY	0.960714285714	0.038059382653
1183	BAKERY	13.1022636668	0.455422821394
61252	BAKERY	2.16038004442	0.0845483050022
7151	BAKERY	4.17769055739	0.160126382938
61155	BAKERY	14.8582743916	0.506023648506
7583	BAKERY	1.52090530398	0.0599109509818
10430	BAKERY	4.24270696755	0.162508053737
8785	BAKERY	3.05307666245	0.118394555655
1549778	BAKERY	2.4535463451	0.0957338979369
6140	BAKERY	2.81517216045	0.109436808701
61659	BAKERY	3.76675411106	0.144994789829
61177	BAKERY	2.77508770761	0.10792306359
69963	BAKERY	3.20169681254	0.12396752751
9016	BAKERY	0.5395864647	0.0214669971668
12587	BAKERY	3.49650909227	0.134970133358
2969	BAKERY	0.0192326584854	0.000769158381354
8375	BAKERY	3.49686904762	0.13498352465
15717	BAKERY	1.71347689358	0.0673646745171
18635	BAKERY	3.60692069043	0.13907287687
526618	BAKERY	3.36052285938	0.12990366882
660	BAKERY	7.66124307557	0.282971864837
679	BAKERY	6.81154423838	0.253902915571
24197	BAKERY	2.97816449514	0.115578794301
6057	BAKERY	4.61600959655	0.176117366024
196	BAKERY	0.944450215454	0.0374212141344
7635	BAKERY	2.06365387862	0.0808426882124
6998	BAKERY	9.26499786407	0.336263840394
311	BAKERY	7.32780606936	0.271633546058
7047	BAKERY	2.90288770707	0.112744805467
5368076	BAKERY	2.99409582939	0.116177989241
261	BAKERY	4.57156061296	0.174502757943
61138	BAKERY	1.12597038816	0.0445316918002
7894	BAKERY	0.980298513177	0.0388275464571
170833	BAKERY	1.11497585016	0.0441017655478
228769	BAKERY	1.03146425779	0.0408330029055
5960	BAKERY	4.82119859758	0.183550361536
11980	SWEET	11.8664848388	0.41833400858
650	SWEET	20.7851397784	0.658596776893
89440	SWEET	5.97876853752	0.224852472211
7601	SWEET	15.2248064136	0.51627436441
5363388	SWEET	12.7083095659	0.443731929826
444539	SWEET	25.1004669923	0.752005302399
6054	SWEET	11.5570660464	0.408856331615
62374	SWEET	22.3418765289	0.694011282423
235414	SWEET	9.26593875452	0.33629450178
78925	SWEET	6.84173512842	0.25494566931
6549	SWEET	13.6771646266	0.472260652175
7194	SWEET	21.3466036631	0.671593151345
8857	SWEET	22.7008626103	0.70190283911
1136	SWEET	7.64796964795	0.282522210024
8467	SWEET	15.8917287851	0.534650333891
61209	SWEET	17.5891047563	0.5798135478
5365027	SWEET	8.55437911343	0.312904203731
22873	SWEET	18.8441448025	0.611725074766
637776	SWEET	18.2200350295	0.59601353059
7795	SWEET	25.5295756155	0.760479332178
565690	SWEET	10.1688145247	0.365390665451
24834	SWEET	22.0109867915	0.686646055845
5364729	SWEET	9.40885762048	0.34094366413
7916	SWEET	17.7010061126	0.582709997544
8038	SWEET	12.8234532474	0.447161748621
62572	SWEET	24.4199992763	0.73826542519
6386	SWEET	8.61727722682	0.314988102351
6826	SWEET	21.2157746043	0.668587347349
8175	SWEET	4.28422927459	0.164027322793
8452	SWEET	8.10746609787	0.298006241304
241	SWEET	3.32904805552	0.128728897838
4133	SWEET	23.3935603484	0.716838947626
8294	SWEET	15.6227349499	0.527281459071
18827	SWEET	4.57781168989	0.174729923648
1183	SWEET	26.336362303	0.776012900377
61252	SWEET	8.64474167361	0.315897043503
7151	SWEET	10.7586277506	0.384045881593
61155	SWEET	22.5782284397	0.699218577798
7583	SWEET	2.33853710127	0.0913539817412
10430	SWEET	10.3793287125	0.372080962692
8785	SWEET	29.519125399	0.83221351023
1549778	SWEET	18.2656148011	0.59717151842
6140	SWEET	13.7404623984	0.474098373167
61659	SWEET	6.74764188765	0.251693407088
61177	SWEET	10.8352040707	0.386447503927
69963	SWEET	5.70724431105	0.215260717392
9016	SWEET	16.6084291018	0.55400119718
12587	SWEET	8.72759651687	0.31863548429
2969	SWEET	2.13531335939	0.0835887091184
8375	SWEET	16.3730482802	0.547691247215
15717	SWEET	15.5339120198	0.524835511736
18635	SWEET	6.57390130758	0.245669580942
526618	SWEET	4.50257834447	0.171993849079
660	SWEET	8.38412928443	0.307247721834
679	SWEET	7.47742692822	0.276732311742
24197	SWEET	27.113620198	0.790485447823
6057	SWEET	13.6934450183	0.472733626143
196	SWEET	6.16131627119	0.23126792357
7635	SWEET	22.0720968169	0.688012889518
6998	SWEET	20.8612828868	0.660374065998
311	SWEET	8.71302408152	0.318154247803
7047	SWEET	6.70014305711	0.25004895549
5368076	SWEET	25.5025179739	0.759949349753
261	SWEET	7.52035802175	0.27819200696
61138	SWEET	6.18123286864	0.231966258835
7894	SWEET	12.2769386058	0.430788255621
170833	SWEET	11.4205103591	0.404649191619
228769	SWEET	15.9980593885	0.537547213861
5960	SWEET	14.0557691258	0.483204906746
11980	FRUIT	11.8471237653	0.417743214007
650	FRUIT	1.86990338164	0.073397519803
89440	FRUIT	1.9735020329	0.0773821972065
7601	FRUIT	2.62980987217	0.102426034901
5363388	FRUIT	14.190424401	0.487069718167
444539	FRUIT	7.24347588232	0.26875185815
6054	FRUIT	2.17176848481	0.0849841080517
62374	FRUIT	2.55848825875	0.0997211854819
235414	FRUIT	2.37876716211	0.0928872731996
78925	FRUIT	1.11876170509	0.0442498171024
6549	FRUIT	12.3796785597	0.43388456589
7194	FRUIT	1.51261465349	0.0595893849035
8857	FRUIT	19.8732632615	0.636951893396
1136	FRUIT	2.3599297812	0.0921694838192
8467	FRUIT	3.61399822695	0.139335535804
61209	FRUIT	2.39925974042	0.0936678106962
5365027	FRUIT	4.40186380874	0.168323990353
22873	FRUIT	11.7512597753	0.414813548488
637776	FRUIT	2.32373082212	0.0907893429112
7795	FRUIT	13.5343144282	0.468101510312
565690	FRUIT	6.65790478892	0.248585113085
24834	FRUIT	8.97887064427	0.326906778552
5364729	FRUIT	10.1503996765	0.364803741623
7916	FRUIT	2.4364599686	0.0950838638727
8038	FRUIT	6.16028441899	0.23123173511
62572	FRUIT	20.6702936754	0.655907330766
6386	FRUIT	1.75099876314	0.0688135518583
6826	FRUIT	11.797524304	0.41622834028
8175	FRUIT	4.93728809211	0.187740798203
8452	FRUIT	1.73400230999	0.0681573867951
241	FRUIT	1.53014246312	0.0602691641417
4133	FRUIT	11.4026846029	0.404098897655
8294	FRUIT	8.31535549049	0.304956164846
18827	FRUIT	5.14161259583	0.195090031799
1183	FRUIT	2.93225299171	0.113850876625
61252	FRUIT	1.84798976964	0.0725535643101
7151	FRUIT	2.15339441355	0.0842809335419
61155	FRUIT	5.10866985092	0.193907390978
7583	FRUIT	1.8192563389	0.0714463761053
10430	FRUIT	5.07742654654	0.192784957727
8785	FRUIT	11.7258558282	0.414035955166
1549778	FRUIT	10.4559638103	0.374507680732
6140	FRUIT	3.06852963526	0.118974835761
61659	FRUIT	1.75610295527	0.0690105591749
61177	FRUIT	5.97488712331	0.224715774478
69963	FRUIT	3.12144882675	0.120960575959
9016	FRUIT	4.82122386931	0.183551274933
12587	FRUIT	6.69862171487	0.249996255443
2969	FRUIT	4.51443355691	0.172425298141
8375	FRUIT	9.54875406685	0.345478680982
15717	FRUIT	6.72896871293	0.251047140542
18635	FRUIT	1.11888724936	0.0442547265037
526618	FRUIT	0.927221849206	0.0367449778252
660	FRUIT	0.889760754492	0.0352737604996
679	FRUIT	1.29459677209	0.0511134785629
24197	FRUIT	17.676040366	0.582064653432
6057	FRUIT	4.28142510881	0.163924763968
196	FRUIT	2.96251664015	0.114990063669
7635	FRUIT	7.74088463206	0.285666867328
6998	FRUIT	6.23128896147	0.23371997361
311	FRUIT	4.86607893932	0.185171667875
7047	FRUIT	1.96829333878	0.0771820620844
5368076	FRUIT	13.8023399643	0.475891763175
261	FRUIT	4.57673032155	0.174690628688
61138	FRUIT	1.9407082457	0.0761217904298
7894	FRUIT	2.6536058915	0.103327585969
170833	FRUIT	4.42434227975	0.169143769347
228769	FRUIT	4.17999849816	0.160210984949
5960	FRUIT	2.31528511405	0.0904671864981
11980	FISH	2.63189370974	0.10250500259
650	FISH	0.437391357002	0.0174191298004
89440	FISH	0.686783543205	0.0272826730741
7601	FISH	1.86143795008	0.0730715375063
5363388	FISH	0.374804153469	0.0149359748774
444539	FISH	0.846818970705	0.0335859178805
6054	FISH	19.0198420374	0.616091925044
62374	FISH	0.158466409282	0.00632861173014
235414	FISH	2.30954813301	0.090248320289
78925	FISH	6.29442616882	0.235929126435
6549	FISH	0.403227761751	0.0160640734189
7194	FISH	0.861912336515	0.0341793363103
8857	FISH	0.486106826451	0.0193497531193
1136	FISH	4.00631813619	0.153832491444
8467	FISH	0.728409121955	0.0289241329386
61209	FISH	0.498943716044	0.019858170709
5365027	FISH	0.868219631266	0.0344272631194
22873	FISH	1.08809536835	0.0430502341219
637776	FISH	0.613463451934	0.0243880031146
7795	FISH	1.25330118806	0.0495037419752
565690	FISH	0.336891092884	0.013430245472
24834	FISH	0.482147496583	0.01919291338
5364729	FISH	0.254990528562	0.0101736130746
7916	FISH	0.194614443084	0.00776942781078
8038	FISH	1.2019119004	0.0474986391296
62572	FISH	0.408950838939	0.0162911372421
6386	FISH	1.83551299469	0.0720728766061
6826	FISH	0.693190628635	0.0275354198463
8175	FISH	0.24885521937	0.00992943720671
8452	FISH	1.57316058002	0.0619364895166
241	FISH	2.6867960498	0.104584292787
4133	FISH	0.435647835656	0.0173499978116
8294	FISH	1.08256129686	0.0428336762898
18827	FISH	0.308055921515	0.0122842774803
1183	FISH	1.70275116575	0.0669503020171
61252	FISH	3.79831646982	0.146161775591
7151	FISH	1.55896085971	0.0613862908034
61155	FISH	1.03296617294	0.040891839272
7583	FISH	1.99505949537	0.0782102748587
10430	FISH	0.647372500606	0.0257272635624
8785	FISH	0.887611477305	0.0351893174383
1549778	FISH	0.76361280971	0.0303112705791
6140	FISH	1.23332908163	0.0487247230159
61659	FISH	3.45657101605	0.133483687366
61177	FISH	1.2798304263	0.0505380306839
69963	FISH	1.50168154194	0.0591652426963
9016	FISH	1.32392125348	0.052255743145
12587	FISH	0.981056765579	0.0388572816722
2969	FISH	0.227193410893	0.00906708969735
8375	FISH	0.232859011682	0.00929267113953
15717	FISH	0.853897558364	0.0338642459185
18635	FISH	7.11815890835	0.264459081836
526618	FISH	4.69359341484	0.178931808936
660	FISH	0.194031682265	0.0077462079731
679	FISH	0.916753028304	0.0363339466862
24197	FISH	0.386034072042	0.0153817539598
6057	FISH	0.341904594531	0.0136294242806
196	FISH	3.88299356699	0.149288687063
7635	FISH	0.393063189668	0.0156607281183
6998	FISH	0.144484882504	0.00577104494764
311	FISH	1.20258815288	0.047525038809
7047	FISH	1.15494866163	0.0456643839008
5368076	FISH	0.297316258643	0.0118572915627
261	FISH	1.73309799733	0.0681224684259
61138	FISH	2.51549281524	0.0980886309682
7894	FISH	0.676084035903	0.0268605255867
170833	FISH	0.349899920006	0.0139470248186
228769	FISH	0.310195548998	0.0123693334485
5960	FISH	1.40841290139	0.0555430652954
11980	GARLIC	1.60706260028	0.0632494439306
650	GARLIC	3.6100028714	0.139187266563
89440	GARLIC	1.59653670447	0.0628418963993
7601	GARLIC	3.62826367375	0.139864828036
5363388	GARLIC	0.298886508908	0.0119197270982
444539	GARLIC	1.71941773703	0.0675941505393
6054	GARLIC	1.40162957164	0.0552793566831
62374	GARLIC	2.65487433862	0.103375630443
235414	GARLIC	2.84904969068	0.110715153971
78925	GARLIC	16.6075874399	0.553978713365
6549	GARLIC	0.894448455361	0.0354579229987
7194	GARLIC	3.775	0.14529975
8857	GARLIC	5.20419467787	0.197334330217
1136	GARLIC	7.33166097309	0.271765137874
8467	GARLIC	0.996758803275	0.0394729408862
61209	GARLIC	2.18773846591	0.0855950587984
5365027	GARLIC	2.0669260588	0.080968169019
22873	GARLIC	2.51455086144	0.0980528480438
637776	GARLIC	2.40204786392	0.0937739809808
7795	GARLIC	2.07762819061	0.0813785120651
565690	GARLIC	1.91196847678	0.0750164896889
24834	GARLIC	1.06807205996	0.0422665712281
5364729	GARLIC	1.79195845659	0.0703938922196
7916	GARLIC	4.10683209605	0.157526855896
8038	GARLIC	1.81506293469	0.071284736005
62572	GARLIC	1.96337253369	0.0769929686651
6386	GARLIC	4.12453162423	0.158176560522
6826	GARLIC	0.827734453664	0.0328353204163
8175	GARLIC	1.85033181785	0.0726437815794
8452	GARLIC	3.94711444154	0.151652692696
241	GARLIC	7.08484440336	0.263315768047
4133	GARLIC	0.92796094067	0.0367739930239
8294	GARLIC	2.55845637577	0.09971997542
18827	GARLIC	2.5302454324	0.0986489605168
1183	GARLIC	1.25555813235	0.0495917548043
61252	GARLIC	12.5836523931	0.440006772705
7151	GARLIC	1.98266589371	0.0777342501299
61155	GARLIC	1.63511813306	0.0643352807988
7583	GARLIC	4.24925170068	0.162747612021
10430	GARLIC	1.91417034484	0.0751011945499
8785	GARLIC	1.56210185284	0.0615080092342
1549778	GARLIC	1.48498821708	0.0585174526811
6140	GARLIC	2.19904081633	0.0860273204484
61659	GARLIC	9.17144107	0.33321151028
61177	GARLIC	1.99142486381	0.078070685357
69963	GARLIC	3.65317087338	0.140788571963
9016	GARLIC	1.43970399702	0.0567590608413
12587	GARLIC	3.13585313553	0.121500695466
2969	GARLIC	3.23086038396	0.12505903183
8375	GARLIC	1.3665541224	0.0539151768284
15717	GARLIC	2.2990488278	0.0898477029068
18635	GARLIC	16.1540130901	0.541779668037
526618	GARLIC	5.08136675045	0.192926554797
660	GARLIC	1.6690453017	0.0656475271805
679	GARLIC	9.18828245119	0.333761484286
24197	GARLIC	3.0895485803	0.11976381904
6057	GARLIC	2.12637403804	0.0832463749018
196	GARLIC	3.8188106808	0.146919101226
7635	GARLIC	1.89398629149	0.0743245780305
6998	GARLIC	1.41275517044	0.0557118559488
311	GARLIC	6.04017528919	0.227013524558
7047	GARLIC	3.6899087567	0.142150179615
5368076	GARLIC	1.67607861164	0.0659194486608
261	GARLIC	3.83730048601	0.147602069432
61138	GARLIC	4.97857752701	0.189228607404
7894	GARLIC	2.36589677885	0.0923968841269
170833	GARLIC	1.29166994967	0.0509994334834
228769	GARLIC	2.59547697045	0.101124478536
5960	GARLIC	3.27127008258	0.126570320122
11980	SPICES	5.45390314307	0.206258101925
650	SPICES	6.11529952729	0.229653225768
89440	SPICES	9.26704769745	0.336330638687
7601	SPICES	7.37616591619	0.273283507198
5363388	SPICES	4.23866488048	0.162360083232
444539	SPICES	6.21863602429	0.233276867371
6054	SPICES	6.99114390701	0.260095319029
62374	SPICES	7.01717762734	0.260990792352
235414	SPICES	3.76714199793	0.145009136384
78925	SPICES	12.379899914	0.433891227807
6549	SPICES	6.9573656589	0.258932651591
7194	SPICES	6.34025851471	0.237530789375
8857	SPICES	8.97279404205	0.326707348514
1136	SPICES	8.31916970232	0.305083354278
8467	SPICES	9.48215523469	0.34332170223
61209	SPICES	6.80974067022	0.25384059961
5365027	SPICES	4.04281830463	0.155174980247
22873	SPICES	6.1308901742	0.230200481237
637776	SPICES	15.4013388035	0.521173057363
7795	SPICES	5.51640047324	0.208483749257
565690	SPICES	9.87567232027	0.3560153313
24834	SPICES	5.50926514702	0.208229804897
5364729	SPICES	4.99233718854	0.1897241153
7916	SPICES	5.91606575116	0.222642696458
8038	SPICES	5.31466580596	0.201288363187
62572	SPICES	2.95508954213	0.114710560004
6386	SPICES	5.62698137928	0.212414087394
6826	SPICES	6.15568908624	0.231070560199
8175	SPICES	3.51944214644	0.135823096649
8452	SPICES	2.78339951722	0.10823705554
241	SPICES	11.689615729	0.412925782802
4133	SPICES	6.70822679096	0.250328948967
8294	SPICES	6.50356150793	0.243223935402
18827	SPICES	6.47609078192	0.242267730551
1183	SPICES	8.22921861931	0.302080729139
61252	SPICES	7.63778209109	0.282176997535
7151	SPICES	6.32644724323	0.237048315841
61155	SPICES	8.70931138529	0.318031613489
7583	SPICES	7.63482159662	0.28207666354
10430	SPICES	5.60465264357	0.211621253241
8785	SPICES	5.27037735193	0.199704343105
1549778	SPICES	6.52872433672	0.244099276883
6140	SPICES	4.9653629227	0.188752585326
61659	SPICES	5.45378876815	0.206254025955
61177	SPICES	4.02294484575	0.154444159737
69963	SPICES	8.64801303854	0.316005269736
9016	SPICES	10.0546090203	0.361746295792
12587	SPICES	4.04563513636	0.155278539992
2969	SPICES	3.8460281352	0.147924352441
8375	SPICES	7.8894576333	0.290680888633
15717	SPICES	7.59613480613	0.280764886648
18635	SPICES	10.5193139519	0.376510171669
526618	SPICES	6.12014131343	0.229823200659
660	SPICES	4.71872855929	0.179842582685
679	SPICES	6.27152737481	0.235128272747
24197	SPICES	5.85023103844	0.220319160256
6057	SPICES	5.57170992178	0.21045081629
196	SPICES	3.90114320439	0.149958160855
7635	SPICES	5.78509319175	0.218016806375
6998	SPICES	5.45438650267	0.206275327259
311	SPICES	4.90952806123	0.186739736136
7047	SPICES	9.96474227562	0.358871255577
5368076	SPICES	4.20160432825	0.161002781557
261	SPICES	6.26363911156	0.234852294495
61138	SPICES	5.93064015671	0.223156609201
7894	SPICES	4.66457240834	0.177879602032
170833	SPICES	7.26599362267	0.269521879577
228769	SPICES	3.80851781421	0.146538789392
5960	SPICES	4.37063116551	0.167184279906
11980	COLD	4.46060565779	0.170465425178
650	COLD	5.16158253734	0.195806527778
89440	COLD	4.27918532527	0.163842842191
7601	COLD	2.08846320346	0.0817938567176
5363388	COLD	6.33855070941	0.237471138338
444539	COLD	3.27501347271	0.12671025361
6054	COLD	3.17249329191	0.122873846202
62374	COLD	3.53547174521	0.136419045624
235414	COLD	9.45050320496	0.342295323867
78925	COLD	2.09421370007	0.082014255594
6549	COLD	5.65385638298	0.213367818519
7194	COLD	3.23431879277	0.125188424489
8857	COLD	5.31963004581	0.201465816303
1136	COLD	1.14532749022	0.0452883895848
8467	COLD	3.45429932524	0.133399099478
61209	COLD	4.42967582821	0.169338221951
5365027	COLD	7.01841385765	0.261033301075
22873	COLD	4.95566218483	0.188403052317
637776	COLD	5.06439812929	0.192316673807
7795	COLD	3.87263272763	0.148906395408
565690	COLD	8.26082877996	0.303136634346
24834	COLD	4.15875285512	0.159432024081
5364729	COLD	6.09801181271	0.229046173281
7916	COLD	5.05695679513	0.192049146994
8038	COLD	4.29433216205	0.164396770995
62572	COLD	3.65532209692	0.140868332024
6386	COLD	4.82426229	0.183661088943
6826	COLD	5.27569770858	0.199894713818
8175	COLD	7.58409969134	0.280356560402
8452	COLD	7.5595806095	0.279524320784
241	COLD	5.21573919907	0.197747993806
4133	COLD	5.81992319309	0.219248325334
8294	COLD	3.91694000844	0.150540632726
18827	COLD	6.16331431121	0.231337995129
1183	COLD	3.43846973113	0.132809559608
61252	COLD	4.3893349658	0.167866894055
7151	COLD	4.47218999432	0.170887406435
61155	COLD	4.69420920164	0.178954128054
7583	COLD	4.57562845377	0.174650587852
10430	COLD	3.03679331521	0.117782887153
8785	COLD	6.39010413419	0.239270793029
1549778	COLD	5.90912845369	0.222398018515
6140	COLD	2.41543048644	0.0942834976835
61659	COLD	2.98253199139	0.115743080824
61177	COLD	5.76613868287	0.217346205191
69963	COLD	5.00904072409	0.190325433373
9016	COLD	5.83427473572	0.219755484752
12587	COLD	2.0709462224	0.0811223215938
2969	COLD	4.35637665391	0.166663859136
8375	COLD	2.94220380424	0.114225526879
15717	COLD	5.29146346344	0.200458704304
18635	COLD	1.87778315045	0.0737008981939
526618	COLD	1.8875778611	0.0740779343715
660	COLD	3.73321376395	0.143753796555
679	COLD	3.26052845528	0.126168719888
24197	COLD	6.81170097111	0.253908330796
6057	COLD	3.11194644122	0.120604173388
196	COLD	3.0884291808	0.11972180931
7635	COLD	4.63503119336	0.176807842069
6998	COLD	3.37102356362	0.130295422598
311	COLD	3.36888048323	0.130215477045
7047	COLD	6.72136228121	0.250783806882
5368076	COLD	4.68916079522	0.178771140223
261	COLD	2.55341293503	0.0995285503545
61138	COLD	2.5948792626	0.101101811149
7894	COLD	2.20349736383	0.0861977343002
170833	COLD	12.6760784802	0.442769952953
228769	COLD	5.72069840665	0.215737380162
5960	COLD	2.54111203809	0.0990615813674
11980	SOUR	9.65720509482	0.348983559695
650	SOUR	11.8845713082	0.418885638256
89440	SOUR	5.43609627184	0.205623393803
7601	SOUR	9.03141924565	0.32863015639
5363388	SOUR	6.92115457354	0.257685230689
444539	SOUR	10.6591696315	0.380919626368
6054	SOUR	11.0740166315	0.393907127519
62374	SOUR	5.98264600979	0.22498901908
235414	SOUR	10.7889679606	0.384997986562
78925	SOUR	18.4803366604	0.602604329182
6549	SOUR	11.0919741732	0.394466210506
7194	SOUR	8.17793234578	0.30036586285
8857	SOUR	14.2469560435	0.488687939138
1136	SOUR	7.6516971468	0.282648498181
8467	SOUR	4.62270754655	0.176360531838
61209	SOUR	8.16204114485	0.299834079534
5365027	SOUR	6.64951517505	0.248294186177
22873	SOUR	7.02505003566	0.261261470225
637776	SOUR	6.75830900432	0.252062463934
7795	SOUR	4.46700967251	0.170698716735
565690	SOUR	6.30963679415	0.236460865177
24834	SOUR	4.78308370299	0.182172192236
5364729	SOUR	9.31693656717	0.337955339888
7916	SOUR	9.34674847602	0.338925256211
8038	SOUR	8.58426751737	0.313894841171
62572	SOUR	6.17101975557	0.231608196293
6386	SOUR	6.74309422657	0.251536041163
6826	SOUR	6.51283304065	0.24354652394
8175	SOUR	8.77981727465	0.320358614435
8452	SOUR	8.64837228811	0.316017154231
241	SOUR	12.5609267538	0.439326317785
4133	SOUR	5.34249667694	0.20228295878
8294	SOUR	9.13242499983	0.331936525442
18827	SOUR	9.6837878421	0.349841214896
1183	SOUR	4.55464062435	0.173887724487
61252	SOUR	13.2231477374	0.458985255061
7151	SOUR	7.80528554176	0.287842428715
61155	SOUR	4.59966377526	0.175523788272
7583	SOUR	10.5411635489	0.377200090371
10430	SOUR	14.4682808458	0.49499877358
8785	SOUR	8.06628173868	0.296625309112
1549778	SOUR	10.6107057483	0.379393399341
6140	SOUR	9.67488973092	0.349554192715
61659	SOUR	10.5459933555	0.377352543877
61177	SOUR	9.06839635619	0.329841529258
69963	SOUR	9.91286592396	0.357208672628
9016	SOUR	5.1840995116	0.196614025366
12587	SOUR	17.4133001208	0.575242796392
2969	SOUR	13.4044625186	0.464306654578
8375	SOUR	4.2748872847	0.163685626869
15717	SOUR	8.8232330694	0.321789546057
18635	SOUR	16.3260283769	0.546425454052
526618	SOUR	11.9715764146	0.421535599843
660	SOUR	4.79047394213	0.182439501449
679	SOUR	14.0801777666	0.48390654829
24197	SOUR	5.50113561777	0.207940427477
6057	SOUR	7.28076450327	0.27002676743
196	SOUR	13.4290392028	0.465025930547
7635	SOUR	5.33550667607	0.202033214447
6998	SOUR	4.77244917594	0.181787458583
311	SOUR	12.0024418444	0.422474229686
7047	SOUR	10.5374979948	0.377084374194
5368076	SOUR	8.17603475897	0.300302372607
261	SOUR	17.0006202241	0.564416373762
61138	SOUR	19.8330431085	0.635981884763
7894	SOUR	6.99619915033	0.260269244993
170833	SOUR	6.15328749352	0.230986320949
228769	SOUR	7.50530631389	0.27768040341
5960	SOUR	11.2276803831	0.398682892611
11980	BURNT	7.18455721346	0.266735143597
650	BURNT	3.76120460463	0.144789520154
89440	BURNT	4.44175878741	0.169778663046
7601	BURNT	4.96897218466	0.188882613558
5363388	BURNT	3.21359417882	0.124412892134
444539	BURNT	5.63327962577	0.212637649294
6054	BURNT	4.69296783499	0.17890913456
62374	BURNT	6.55885779142	0.245146865446
235414	BURNT	5.75055471366	0.216794636741
78925	BURNT	7.94882305264	0.292679406937
6549	BURNT	5.65482742598	0.213402267752
7194	BURNT	2.84251262626	0.110468553838
8857	BURNT	3.7928784498	0.145960767218
1136	BURNT	10.3803300043	0.372112699774
8467	BURNT	7.94636005151	0.292596546833
61209	BURNT	4.9516578694	0.188258748514
5365027	BURNT	6.15762229584	0.231138366898
22873	BURNT	2.20317592153	0.0861854432047
637776	BURNT	4.42278822578	0.169087106755
7795	BURNT	1.37495959832	0.0542421783741
565690	BURNT	3.34643344503	0.12937789108
24834	BURNT	4.71094734418	0.179560683815
5364729	BURNT	5.40153455585	0.204390752011
7916	BURNT	3.58505484733	0.13826114659
8038	BURNT	2.95093197404	0.114554079155
62572	BURNT	4.26371949029	0.163277058055
6386	BURNT	4.36026762402	0.166805931459
6826	BURNT	4.25084096792	0.162805779143
8175	BURNT	4.69797979214	0.179090786035
8452	BURNT	4.62124973419	0.176307609725
241	BURNT	4.53857369651	0.173303487381
4133	BURNT	4.77359284332	0.181828838279
8294	BURNT	3.00428255631	0.116561016781
18827	BURNT	6.60303700882	0.246681441257
1183	BURNT	8.40082414982	0.307803427434
61252	BURNT	15.7348725435	0.530360416157
7151	BURNT	8.62718751394	0.315316154797
61155	BURNT	3.28454676657	0.127066571678
7583	BURNT	10.3343781701	0.370655377939
10430	BURNT	3.5953595916	0.138643739427
8785	BURNT	4.08339145369	0.156666023842
1549778	BURNT	3.70768084516	0.142808474906
6140	BURNT	8.89252611244	0.324070236233
61659	BURNT	12.768870698	0.445537204359
61177	BURNT	4.23986258574	0.162403929531
69963	BURNT	5.36805400084	0.203195758531
9016	BURNT	3.13560187603	0.121491275391
12587	BURNT	4.25415077351	0.162926911419
2969	BURNT	5.56419571095	0.210183718874
8375	BURNT	6.4247975369	0.24048069212
15717	BURNT	4.48624943861	0.171399403934
18635	BURNT	7.32108874459	0.271404213621
526618	BURNT	8.53477425627	0.312254021609
660	BURNT	4.13473539146	0.158551000955
679	BURNT	5.07515765825	0.192703416228
24197	BURNT	3.83507738955	0.147519968148
6057	BURNT	8.43137800332	0.308819866119
196	BURNT	8.71119600259	0.318093865785
7635	BURNT	3.09481510368	0.119961451937
6998	BURNT	3.85655746211	0.148313084301
311	BURNT	11.8573450601	0.418055149653
7047	BURNT	8.89538654875	0.324164301209
5368076	BURNT	3.59258564364	0.138540757103
261	BURNT	2.85030971631	0.110762682461
61138	BURNT	4.63991239832	0.176984981107
7894	BURNT	2.89741663949	0.112538656307
170833	BURNT	3.25012592886	0.125779709733
228769	BURNT	2.51429075478	0.0980429669914
5960	BURNT	6.31658352881	0.236703650162
11980	ACID	5.95248846646	0.223926691081
650	ACID	8.04100911213	0.295777233469
89440	ACID	7.96290037585	0.293152902076
7601	ACID	5.56337751977	0.21015463302
5363388	ACID	3.53270744344	0.136316288985
444539	ACID	3.73688698724	0.143889749747
6054	ACID	6.4989608298	0.243063836445
62374	ACID	6.65532909655	0.248495801709
235414	ACID	9.20939607632	0.334450652617
78925	ACID	4.58459281633	0.174976316137
6549	ACID	6.10274060019	0.229212246874
7194	ACID	4.43371411784	0.169485436362
8857	ACID	9.76121389545	0.352336037133
1136	ACID	6.00655709291	0.225830792472
8467	ACID	2.84144066665	0.110428112641
61209	ACID	4.26069175222	0.163166272406
5365027	ACID	6.22417645966	0.233470909346
22873	ACID	2.4900951739	0.0971235773658
637776	ACID	4.45557279594	0.170282060261
7795	ACID	4.18699615312	0.16046747141
565690	ACID	8.47850022384	0.310386022535
24834	ACID	6.24625899753	0.234244059315
5364729	ACID	4.18190140302	0.160280736383
7916	ACID	8.87147978251	0.323377929888
8038	ACID	9.25665708194	0.335992003145
62572	ACID	3.59250847591	0.138537892177
6386	ACID	10.8704278114	0.387550632134
6826	ACID	4.90508474856	0.186579447386
8175	ACID	9.35853009135	0.339308369466
8452	ACID	11.0557911379	0.393339438441
241	ACID	7.23086907783	0.268320576065
4133	ACID	3.01494037972	0.116961668991
8294	ACID	5.46006970783	0.206477843828
18827	ACID	7.92380926501	0.291837669293
1183	ACID	4.77293475684	0.181805027797
61252	ACID	5.58678132895	0.210986402911
7151	ACID	6.82738868275	0.25445025282
61155	ACID	6.33701619495	0.237417538096
7583	ACID	9.51853220625	0.344500306105
10430	ACID	5.54404543869	0.209467241617
8785	ACID	6.6947132062	0.249860854283
1549778	ACID	5.1567555321	0.195633370237
6140	ACID	4.98235157698	0.189364532185
61659	ACID	6.11142771997	0.229517289288
61177	ACID	5.00036449874	0.190013121901
69963	ACID	5.76279876565	0.217228010781
9016	ACID	7.39639961272	0.273973293616
12587	ACID	6.6067244922	0.246809456282
2969	ACID	11.272250756	0.400064575399
8375	ACID	5.70341711794	0.215125097989
15717	ACID	4.32012877015	0.16533974577
18635	ACID	4.54577300957	0.173565299481
526618	ACID	5.63509817265	0.21270219434
660	ACID	4.83045158709	0.183884758469
679	ACID	5.2038742236	0.19732284617
24197	ACID	4.24617869311	0.162635134327
6057	ACID	4.2219176873	0.161746871909
196	ACID	5.71496471497	0.215534259922
7635	ACID	10.1759749519	0.365618811589
6998	ACID	3.50406639439	0.135251263257
311	ACID	9.87229979437	0.355907070483
7047	ACID	6.8924991888	0.256697349525
5368076	ACID	4.00808127259	0.153897364708
261	ACID	4.4159247427	0.168836833175
61138	ACID	5.03786097772	0.191362421817
7894	ACID	7.67615147156	0.283476738297
170833	ACID	9.28650669343	0.33696458511
228769	ACID	4.59063360129	0.175195777307
5960	ACID	6.22089373559	0.233355941876
11980	WARM	6.70942460031	0.250370432626
650	WARM	6.79140671956	0.25320698669
89440	WARM	8.82197157258	0.321747989932
7601	WARM	5.33201334554	0.201908387295
5363388	WARM	4.61175522193	0.175962894386
444539	WARM	6.04483666508	0.22717744648
6054	WARM	6.60674002416	0.246809995468
62374	WARM	6.39186398161	0.239332189201
235414	WARM	8.38853176078	0.307394284391
78925	WARM	6.69597742043	0.249904651371
6549	WARM	5.32017655178	0.201485350654
7194	WARM	4.22176480048	0.161741272807
8857	WARM	4.12276835396	0.158111846598
1136	WARM	6.68631370781	0.249569831913
8467	WARM	7.62558202636	0.281763480558
61209	WARM	10.0345323171	0.361104557156
5365027	WARM	3.85615167053	0.148298104539
22873	WARM	3.91376141548	0.150423445252
637776	WARM	7.84016027069	0.2890191656
7795	WARM	5.90516631276	0.222258256838
565690	WARM	8.88360661243	0.323776877919
24834	WARM	4.76960476509	0.181684538758
5364729	WARM	5.87408045288	0.221161289648
7916	WARM	3.84178156146	0.147767548232
8038	WARM	4.50808269972	0.172194184138
62572	WARM	5.43229879212	0.205488003618
6386	WARM	8.12432794584	0.298571236005
6826	WARM	4.08828834825	0.156845893283
8175	WARM	3.84274281847	0.147803043791
8452	WARM	5.41501536848	0.204871658163
241	WARM	3.87107033893	0.148848739329
4133	WARM	4.91588228021	0.186968931771
8294	WARM	6.68950688266	0.249680474373
18827	WARM	4.96434034378	0.188715743732
1183	WARM	7.07352813646	0.262927205339
61252	WARM	5.56333518698	0.210153128118
7151	WARM	6.64911213541	0.248280208541
61155	WARM	7.91002126661	0.291373476089
7583	WARM	6.39982006753	0.239609723942
10430	WARM	4.86663128453	0.185191611357
8785	WARM	5.25008407052	0.198978009722
1549778	WARM	5.80453350924	0.218704296666
6140	WARM	8.00497609726	0.294567186963
61659	WARM	8.2735402168	0.303561021584
61177	WARM	6.05489614449	0.227531138851
69963	WARM	5.58322649717	0.210860092639
9016	WARM	4.61182679238	0.17596549315
12587	WARM	5.18586094659	0.196677176361
2969	WARM	4.65594763015	0.177566765872
8375	WARM	6.15004533076	0.230872590202
15717	WARM	7.40885088299	0.274397606757
18635	WARM	6.45860593831	0.241658801266
526618	WARM	7.2755442244	0.269848351472
660	WARM	6.24548020377	0.234216798961
679	WARM	4.6944619199	0.178963287709
24197	WARM	4.71862227312	0.179838732462
6057	WARM	8.71854189832	0.3183364868
196	WARM	3.16481550515	0.122586197333
7635	WARM	6.04430589619	0.227158782341
6998	WARM	6.53981071445	0.244484778906
311	WARM	6.69091358245	0.249729213471
7047	WARM	7.44102769914	0.275493550678
5368076	WARM	4.82851421827	0.183814748908
261	WARM	6.16703383163	0.231468430753
61138	WARM	4.51959981739	0.172613279692
7894	WARM	5.24291152198	0.198721212388
170833	WARM	7.11186624286	0.264243193132
228769	WARM	4.34338809813	0.166189515857
5960	WARM	8.06277937987	0.296507810663
11980	MUSKY	9.22518904641	0.33496591668
650	MUSKY	6.06237427386	0.22779401822
89440	MUSKY	8.61566433609	0.314934704663
7601	MUSKY	11.5696380509	0.409242912184
5363388	MUSKY	4.57142733495	0.174497914247
444539	MUSKY	11.4948726338	0.406942066606
6054	MUSKY	12.1814792161	0.427903794286
62374	MUSKY	7.58435591258	0.28036525466
235414	MUSKY	8.53522469595	0.312268963594
78925	MUSKY	11.7488618885	0.414740173269
6549	MUSKY	7.08157527526	0.263203527659
7194	MUSKY	8.79753717815	0.320942822965
8857	MUSKY	4.3725026025	0.167252592496
1136	MUSKY	12.7190799787	0.444053200946
8467	MUSKY	6.07339353697	0.228181297857
61209	MUSKY	4.89022137787	0.186043149065
5365027	MUSKY	6.72797236688	0.251012649808
22873	MUSKY	7.57413501398	0.280018392075
637776	MUSKY	3.92383146522	0.150794677262
7795	MUSKY	5.13937432272	0.195009705537
565690	MUSKY	5.56234478798	0.210117919703
24834	MUSKY	6.25218902147	0.234451613835
5364729	MUSKY	7.50742134618	0.27775230374
7916	MUSKY	8.54860158641	0.312712627823
8038	MUSKY	6.83952787266	0.254869458298
62572	MUSKY	5.30975983473	0.201112973588
6386	MUSKY	10.1641585203	0.365242293443
6826	MUSKY	4.1005474177	0.157296101058
8175	MUSKY	8.67615274321	0.316935859159
8452	MUSKY	4.18283173062	0.16031483671
241	MUSKY	10.3587141016	0.371427380927
4133	MUSKY	5.29112261935	0.200446513345
8294	MUSKY	5.2616857236	0.199393294282
18827	MUSKY	10.8344739194	0.386424626731
1183	MUSKY	5.66125792627	0.213630380528
61252	MUSKY	5.73202686412	0.216138621776
7151	MUSKY	5.30779091264	0.201042578757
61155	MUSKY	5.56930259225	0.210365251145
7583	MUSKY	10.4093046705	0.37303073733
10430	MUSKY	16.3178673543	0.546205576176
8785	MUSKY	7.76104395831	0.286348237003
1549778	MUSKY	7.09539143436	0.263677825532
6140	MUSKY	10.1883519389	0.366013071464
61659	MUSKY	11.9961411089	0.422282683755
61177	MUSKY	8.08239843523	0.297165871623
69963	MUSKY	10.7239516759	0.382956811218
9016	MUSKY	5.0494862616	0.191780525862
12587	MUSKY	14.4390177908	0.494166617726
2969	MUSKY	17.1409855316	0.568114067265
8375	MUSKY	10.3106053459	0.369900780795
15717	MUSKY	8.3939099325	0.307573307718
18635	MUSKY	10.8185520087	0.385925653322
526618	MUSKY	10.3434734421	0.370943960544
660	MUSKY	8.36223356883	0.306518562649
679	MUSKY	10.1809515579	0.365777352467
24197	MUSKY	3.248864306	0.125732524529
6057	MUSKY	7.31428040132	0.271171736937
196	MUSKY	16.7737723992	0.558407119767
7635	MUSKY	4.21452578633	0.161476140412
6998	MUSKY	8.30530815029	0.304621068623
311	MUSKY	9.95916674425	0.358692668874
7047	MUSKY	10.7456476691	0.383638329233
5368076	MUSKY	6.09153582794	0.22881870962
261	MUSKY	8.01864440801	0.295026313063
61138	MUSKY	17.0294047998	0.565175940859
7894	MUSKY	9.78254644401	0.353022571789
170833	MUSKY	6.49001472767	0.242752472641
228769	MUSKY	9.05806381824	0.329503144675
5960	MUSKY	8.10492859636	0.297921196834
11980	SWEATY	2.6548692388	0.103375437282
650	SWEATY	4.68283047657	0.178541658554
89440	SWEATY	3.00792419541	0.11669792463
7601	SWEATY	5.91474070855	0.222595965282
5363388	SWEATY	2.80729579849	0.109139468059
444539	SWEATY	7.40710451872	0.274338101808
6054	SWEATY	8.80994249418	0.321351665067
62374	SWEATY	2.03640329859	0.0797973565856
235414	SWEATY	4.89413998433	0.186184556899
78925	SWEATY	6.53536039416	0.244330041574
6549	SWEATY	2.76940585025	0.107708390505
7194	SWEATY	5.86121503429	0.2207070647
8857	SWEATY	5.03503258589	0.191260682179
1136	SWEATY	5.07691434294	0.192766550019
8467	SWEATY	1.03869826727	0.0411163730545
61209	SWEATY	2.1087116079	0.082569798458
5365027	SWEATY	3.27034218323	0.126535632131
22873	SWEATY	4.59748882776	0.175444791702
637776	SWEATY	0.638645196999	0.0253826608049
7795	SWEATY	6.48240436512	0.242487548064
565690	SWEATY	3.57723531958	0.137970767771
24834	SWEATY	1.6457536527	0.0647467440737
5364729	SWEATY	3.549528861	0.136941492386
7916	SWEATY	5.78986757106	0.218185676246
8038	SWEATY	6.00630100663	0.225821779552
62572	SWEATY	4.69216314087	0.178879967659
6386	SWEATY	1.64162461778	0.0645870121571
6826	SWEATY	1.23447179294	0.0487693034746
8175	SWEATY	4.28467867669	0.164043758523
8452	SWEATY	3.41820175439	0.132054428882
241	SWEATY	3.83051149758	0.14735133257
4133	SWEATY	0.970228561122	0.0384326050605
8294	SWEATY	2.04651210804	0.0801851995981
18827	SWEATY	4.5188024218	0.172584266741
1183	SWEATY	1.28120916021	0.0505917676436
61252	SWEATY	5.2529039987	0.19907895978
7151	SWEATY	2.32974398238	0.0910186764857
61155	SWEATY	2.24117286215	0.0876377721666
7583	SWEATY	3.8588069585	0.148396121883
10430	SWEATY	9.81372994068	0.354025479488
8785	SWEATY	1.89983291015	0.0745495703715
1549778	SWEATY	3.51637090939	0.135708890627
6140	SWEATY	4.14139556096	0.158795359561
61659	SWEATY	3.33800996323	0.129063474323
61177	SWEATY	4.64359202384	0.1771185022
69963	SWEATY	5.77521814021	0.217667467782
9016	SWEATY	2.57921819538	0.100507781215
12587	SWEATY	11.1911413423	0.397548995873
2969	SWEATY	7.63527837525	0.282092144663
8375	SWEATY	2.06483843537	0.0808881143093
15717	SWEATY	5.3525318845	0.20264143635
18635	SWEATY	8.42609108801	0.308644039111
526618	SWEATY	6.38110097574	0.238956659165
660	SWEATY	3.05466943588	0.11845437529
679	SWEATY	3.32658556899	0.128636954141
24197	SWEATY	3.47869400656	0.134307235466
6057	SWEATY	3.47584539812	0.134201215432
196	SWEATY	9.64536567705	0.348601395464
7635	SWEATY	3.82208375549	0.147040020526
6998	SWEATY	1.23306146572	0.0487142823976
311	SWEATY	7.16017291757	0.265899686219
7047	SWEATY	2.25452622344	0.0881478935408
5368076	SWEATY	3.18337414423	0.123281417392
261	SWEATY	9.17835174392	0.333437213463
61138	SWEATY	10.4940234645	0.375711127189
7894	SWEATY	4.46251019591	0.170534808937
170833	SWEATY	2.27062153683	0.0887625726079
228769	SWEATY	2.31437801933	0.0904325825265
5960	SWEATY	6.59510289497	0.246405962921
11980	AMMONIA/URINOUS	4.01112660936	0.154009409704
650	AMMONIA/URINOUS	5.50669696833	0.208138394133
89440	AMMONIA/URINOUS	10.293073253	0.369343987325
7601	AMMONIA/URINOUS	8.87637487022	0.323538982474
5363388	AMMONIA/URINOUS	1.77749907236	0.0698361617133
444539	AMMONIA/URINOUS	3.28840367439	0.127210707485
6054	AMMONIA/URINOUS	6.32588055042	0.237028516121
62374	AMMONIA/URINOUS	5.6226328852	0.212259715183
235414	AMMONIA/URINOUS	6.3735267979	0.238692334378
78925	AMMONIA/URINOUS	4.09020054879	0.15691612574
6549	AMMONIA/URINOUS	6.00384587117	0.225735368749
7194	AMMONIA/URINOUS	5.23658160748	0.198494549526
8857	AMMONIA/URINOUS	8.21026654703	0.301447271172
1136	AMMONIA/URINOUS	5.0740285454	0.192662835544
8467	AMMONIA/URINOUS	5.93859114108	0.223436899747
61209	AMMONIA/URINOUS	7.74027260707	0.28564617627
5365027	AMMONIA/URINOUS	8.12944046871	0.298742497815
22873	AMMONIA/URINOUS	1.69937000673	0.0668196569012
637776	AMMONIA/URINOUS	2.34129379117	0.0914590890001
7795	AMMONIA/URINOUS	2.83872963542	0.110325831039
565690	AMMONIA/URINOUS	4.51300698171	0.172373386462
24834	AMMONIA/URINOUS	3.86764201679	0.148722218764
5364729	AMMONIA/URINOUS	5.00745837188	0.190268479137
7916	AMMONIA/URINOUS	5.2787951969	0.200005536384
8038	AMMONIA/URINOUS	4.93151418297	0.187532634464
62572	AMMONIA/URINOUS	4.99114789162	0.189681292754
6386	AMMONIA/URINOUS	3.37438605515	0.130420849706
6826	AMMONIA/URINOUS	2.99240453057	0.116114387273
8175	AMMONIA/URINOUS	6.56102703201	0.245222250995
8452	AMMONIA/URINOUS	11.738376374	0.414419263
241	AMMONIA/URINOUS	7.62821409168	0.281852703576
4133	AMMONIA/URINOUS	2.98229018912	0.115733985656
8294	AMMONIA/URINOUS	3.48148998526	0.134411290403
18827	AMMONIA/URINOUS	4.96006482303	0.188561695702
1183	AMMONIA/URINOUS	2.9176178375	0.113299715962
61252	AMMONIA/URINOUS	8.83517150316	0.32218275793
7151	AMMONIA/URINOUS	3.83045942208	0.14734940913
61155	AMMONIA/URINOUS	6.65252578707	0.248398591744
7583	AMMONIA/URINOUS	8.47239317549	0.310183148571
10430	AMMONIA/URINOUS	3.91196614376	0.150357254106
8785	AMMONIA/URINOUS	5.57038088336	0.21040357806
1549778	AMMONIA/URINOUS	4.03970749169	0.15506060502
6140	AMMONIA/URINOUS	5.44851887243	0.206066211736
61659	AMMONIA/URINOUS	5.95048468694	0.223856080274
61177	AMMONIA/URINOUS	3.04576011967	0.118119742904
69963	AMMONIA/URINOUS	7.44663924981	0.275684595546
9016	AMMONIA/URINOUS	7.63321031605	0.28202205275
12587	AMMONIA/URINOUS	5.26858471187	0.199640194528
2969	AMMONIA/URINOUS	9.45683901493	0.342500838935
8375	AMMONIA/URINOUS	5.0372725872	0.191341257441
15717	AMMONIA/URINOUS	9.13667005751	0.332075306404
18635	AMMONIA/URINOUS	6.98816713857	0.25999289356
526618	AMMONIA/URINOUS	7.47339806889	0.276595251277
660	AMMONIA/URINOUS	4.33194914068	0.165771652284
679	AMMONIA/URINOUS	4.15563000023	0.159317495729
24197	AMMONIA/URINOUS	1.56706673179	0.0617003900148
6057	AMMONIA/URINOUS	8.01490226261	0.294900627193
196	AMMONIA/URINOUS	4.72705464777	0.180144167653
7635	AMMONIA/URINOUS	4.45869284433	0.170395737021
6998	AMMONIA/URINOUS	2.93824202627	0.114076374569
311	AMMONIA/URINOUS	6.07914961243	0.228383560493
7047	AMMONIA/URINOUS	7.23667055998	0.268519062082
5368076	AMMONIA/URINOUS	2.36012213853	0.0921768149376
261	AMMONIA/URINOUS	5.06432135365	0.192313913837
61138	AMMONIA/URINOUS	4.2355017872	0.162244281332
7894	AMMONIA/URINOUS	6.20817617666	0.23291046649
170833	AMMONIA/URINOUS	10.1289208037	0.364118817488
228769	AMMONIA/URINOUS	3.91165862919	0.150345915875
5960	AMMONIA/URINOUS	4.00633395704	0.153833073572
11980	DECAYED	6.24001398423	0.23402544956
650	DECAYED	2.02194476252	0.0792424862516
89440	DECAYED	2.22693082537	0.0870935446543
7601	DECAYED	2.97624452842	0.11550656854
5363388	DECAYED	4.46648800471	0.17067971415
444539	DECAYED	3.78694030707	0.145741245527
6054	DECAYED	6.25580478109	0.23457815386
62374	DECAYED	1.41807616986	0.055918670785
235414	DECAYED	6.42166489925	0.240371483939
78925	DECAYED	17.4862878788	0.577143409639
6549	DECAYED	2.50618134604	0.0977348758659
7194	DECAYED	3.32311823897	0.128507483627
8857	DECAYED	4.21744917173	0.161583215863
1136	DECAYED	5.98139559662	0.224944986551
8467	DECAYED	3.02956922211	0.117511453016
61209	DECAYED	3.24493228824	0.125585457307
5365027	DECAYED	4.01732125208	0.154237302066
22873	DECAYED	6.89451131506	0.256766738093
637776	DECAYED	1.69354151571	0.0665944274821
7795	DECAYED	5.27749113164	0.199958880208
565690	DECAYED	3.03759243632	0.117812910329
24834	DECAYED	2.94545520069	0.114347925492
5364729	DECAYED	2.92295947047	0.113500901992
7916	DECAYED	2.96457222463	0.115067413595
8038	DECAYED	4.40677329468	0.168503071439
62572	DECAYED	2.8859028868	0.112104741283
6386	DECAYED	2.95534652172	0.114720231643
6826	DECAYED	1.97507929849	0.0774427966456
8175	DECAYED	4.56425517134	0.174237236746
8452	DECAYED	4.40441794833	0.168417158948
241	DECAYED	8.3906908284	0.307466156105
4133	DECAYED	2.04788205635	0.0802377538875
8294	DECAYED	3.18004477792	0.123156717201
18827	DECAYED	5.10714503102	0.193852629094
1183	DECAYED	3.69355165213	0.142285136562
61252	DECAYED	5.15031824805	0.1954024187
7151	DECAYED	4.86829393009	0.185251642888
61155	DECAYED	2.53948799902	0.0989999202419
7583	DECAYED	2.92702413388	0.113653977243
10430	DECAYED	4.32757845733	0.165611964171
8785	DECAYED	2.02359871049	0.0793059677232
1549778	DECAYED	2.69474164134	0.104885012648
6140	DECAYED	6.34131970409	0.237567853928
61659	DECAYED	11.266025797	0.399871696977
61177	DECAYED	6.27263290194	0.235166946669
69963	DECAYED	6.14622766028	0.23073866063
9016	DECAYED	3.52661635153	0.136089844905
12587	DECAYED	5.94153576926	0.223540691852
2969	DECAYED	3.90634070503	0.15014982912
8375	DECAYED	4.39775976845	0.168174274346
15717	DECAYED	4.22148229489	0.161730926689
18635	DECAYED	14.6343434404	0.499708134443
526618	DECAYED	8.02165176818	0.295127311891
660	DECAYED	2.99325283757	0.116146288483
679	DECAYED	6.25689802287	0.234616411767
24197	DECAYED	1.27369076748	0.0502987154308
6057	DECAYED	9.03565737626	0.328769053362
196	DECAYED	4.55105122352	0.173757222045
7635	DECAYED	4.97785598455	0.189202619301
6998	DECAYED	2.95424640644	0.114678827526
311	DECAYED	4.482680421	0.171269447337
7047	DECAYED	3.66141448996	0.141094197171
5368076	DECAYED	2.69374501521	0.104847295726
261	DECAYED	6.34380735064	0.237654737345
61138	DECAYED	10.8596701553	0.387213831859
7894	DECAYED	2.94827745784	0.114454162326
170833	DECAYED	3.60362929551	0.138950714181
228769	DECAYED	3.85882535871	0.148396801089
5960	DECAYED	5.26335034611	0.199452871098
11980	WOOD	1.53416600005	0.0604251738758
650	WOOD	4.34375285463	0.166202838641
89440	WOOD	7.05508055854	0.262293557667
7601	WOOD	4.70422205246	0.179317000051
5363388	WOOD	1.28728841382	0.0508286919688
444539	WOOD	2.88908126164	0.112224534251
6054	WOOD	2.69169878642	0.104769854514
62374	WOOD	2.61097884488	0.101712269584
235414	WOOD	3.83170304572	0.147395342536
78925	WOOD	4.47363439971	0.170940014091
6549	WOOD	4.10323696693	0.157394857235
7194	WOOD	3.1648028757	0.122585724131
8857	WOOD	3.44597475756	0.133089093491
1136	WOOD	3.23496694643	0.125212673399
8467	WOOD	3.55949631819	0.137311847112
61209	WOOD	2.95549140709	0.114725684501
5365027	WOOD	3.14865209682	0.121980479862
22873	WOOD	4.04433415136	0.155230710563
637776	WOOD	4.78036977019	0.182074016752
7795	WOOD	1.00340608029	0.0397335137066
565690	WOOD	6.68961157288	0.249684101717
24834	WOOD	1.50094230663	0.0591365611423
5364729	WOOD	1.60046506516	0.0629940072363
7916	WOOD	4.07050687621	0.156192664557
8038	WOOD	0.864384182575	0.0342765032969
62572	WOOD	0.88208004399	0.034971975678
6386	WOOD	4.75981303042	0.181330193183
6826	WOOD	2.51449824611	0.0980508492725
8175	WOOD	4.21785503649	0.161598081016
8452	WOOD	3.87443763711	0.148972998683
241	WOOD	3.6693450772	0.14138816577
4133	WOOD	2.5308667659	0.0986725560013
8294	WOOD	3.59074689511	0.138472490499
18827	WOOD	5.29309704185	0.200517131156
1183	WOOD	2.1522159757	0.0842358255855
61252	WOOD	4.38423255802	0.167680704272
7151	WOOD	2.9741721658	0.115428606603
61155	WOOD	4.64203156328	0.177061879717
7583	WOOD	1.71288080167	0.0673416478103
10430	WOOD	2.23218053042	0.0872941692487
8785	WOOD	1.36776360544	0.0539622333055
1549778	WOOD	5.96032116693	0.224202675312
6140	WOOD	2.52425287356	0.0984213739146
61659	WOOD	2.33609392791	0.0912608231805
61177	WOOD	1.87831892483	0.0737215241997
69963	WOOD	1.34705275535	0.0531562897639
9016	WOOD	2.60014254166	0.101301405171
12587	WOOD	3.95401619303	0.151906950099
2969	WOOD	2.8868406857	0.11214008777
8375	WOOD	2.986395035	0.115888379278
15717	WOOD	2.37859503525	0.0928807156734
18635	WOOD	3.86426648841	0.148597637339
526618	WOOD	4.76844535089	0.18164258561
660	WOOD	3.83296681321	0.147442018692
679	WOOD	3.73326922465	0.143755849344
24197	WOOD	2.33297757431	0.0911419892275
6057	WOOD	1.35482188042	0.0534586582857
196	WOOD	3.49508291605	0.134917074806
7635	WOOD	1.84576154764	0.0724677276294
6998	WOOD	1.81351778431	0.0712251726709
311	WOOD	4.26753721069	0.16341673889
7047	WOOD	4.28066818301	0.163897079283
5368076	WOOD	2.33833347342	0.0913462175637
261	WOOD	2.75335640516	0.107101867609
61138	WOOD	3.90927816501	0.150258144292
7894	WOOD	4.12600533395	0.158230645352
170833	WOOD	4.84955469196	0.184574915394
228769	WOOD	2.60731325975	0.101573297416
5960	WOOD	5.06061091678	0.192180523531
11980	GRASS	1.89567904656	0.0743897222435
650	GRASS	1.36877773152	0.0540016882694
89440	GRASS	1.78914377114	0.0702853366722
7601	GRASS	3.39281209517	0.131108014242
5363388	GRASS	24.1494174647	0.732698953033
444539	GRASS	1.58140307269	0.0622557886362
6054	GRASS	2.34135827801	0.0914615476859
62374	GRASS	4.19540275283	0.16077554841
235414	GRASS	4.66689481266	0.177963829629
78925	GRASS	2.41026730037	0.0940869366312
6549	GRASS	5.91906135385	0.22274833923
7194	GRASS	2.29983746771	0.0898777977572
8857	GRASS	2.2833782903	0.0892496050455
1136	GRASS	2.29716141145	0.0897756762378
8467	GRASS	1.9044780154	0.0747283060114
61209	GRASS	1.37466832025	0.0542308476137
5365027	GRASS	6.79217795188	0.253233645543
22873	GRASS	4.13069696446	0.158402815613
637776	GRASS	3.16710213328	0.122671870962
7795	GRASS	1.70440960852	0.0670143794954
565690	GRASS	7.66117173024	0.282969448297
24834	GRASS	3.82448923499	0.147128882236
5364729	GRASS	7.73649113921	0.28551832751
7916	GRASS	2.90996203133	0.113011329644
8038	GRASS	1.45081890359	0.0571908059472
62572	GRASS	2.28992072935	0.0894993343954
6386	GRASS	5.85637135445	0.220536020002
6826	GRASS	1.95969848507	0.0768517721417
8175	GRASS	2.99122495497	0.116070027506
8452	GRASS	1.06107242897	0.041992547279
241	GRASS	3.9595230054	0.152109791244
4133	GRASS	3.71883031733	0.143221333122
8294	GRASS	3.30065902789	0.127668621108
18827	GRASS	5.55329223356	0.20979606749
1183	GRASS	3.64584486262	0.1405169206
61252	GRASS	2.26298962005	0.0884711359939
7151	GRASS	2.04187174088	0.0800071735526
61155	GRASS	2.45157785261	0.0956590205175
7583	GRASS	3.89813110101	0.149847073608
10430	GRASS	1.22137021264	0.0482581104272
8785	GRASS	2.91156903881	0.113071867845
1549778	GRASS	2.79858986842	0.108810752636
6140	GRASS	1.41482142857	0.055792169273
61659	GRASS	6.20093746541	0.232656848436
61177	GRASS	2.70451221227	0.105254733968
69963	GRASS	5.58810079003	0.211033283425
9016	GRASS	3.21553355712	0.124485479862
12587	GRASS	1.82868747522	0.071809859856
2969	GRASS	0.995086796434	0.0394073927644
8375	GRASS	2.80199550721	0.108939348759
15717	GRASS	2.57669900069	0.100412208932
18635	GRASS	1.80744224209	0.0709909507001
526618	GRASS	3.17081812617	0.122811090011
660	GRASS	1.32652360489	0.0523570782459
679	GRASS	2.21800401431	0.0867523438495
24197	GRASS	1.84349427734	0.0723803826332
6057	GRASS	1.27907498781	0.0505085863826
196	GRASS	2.07256963231	0.08118456734
7635	GRASS	3.64144902555	0.14035390062
6998	GRASS	1.55156775123	0.0610997650547
311	GRASS	3.35056634804	0.12953213598
7047	GRASS	3.34832985985	0.129448669254
5368076	GRASS	3.24853928642	0.125720368458
261	GRASS	2.24003128813	0.0875941554563
61138	GRASS	2.68245642166	0.104420027885
7894	GRASS	2.78666512059	0.108360403826
170833	GRASS	5.98375518807	0.225028077063
228769	GRASS	3.11150996837	0.120587801021
5960	GRASS	3.01371119463	0.116915465719
11980	FLOWER	4.0341165779	0.15485502449
650	FLOWER	3.76908493428	0.145080996874
89440	FLOWER	3.95800499727	0.152053878467
7601	FLOWER	12.5318389704	0.438454763624
5363388	FLOWER	8.71671363692	0.318276106826
444539	FLOWER	9.55364271104	0.345636872821
6054	FLOWER	6.38862396595	0.239219152167
62374	FLOWER	4.12257837918	0.15810487417
235414	FLOWER	4.87558813987	0.185514981711
78925	FLOWER	0.639178088992	0.0254037041079
6549	FLOWER	7.16473312802	0.266055964802
7194	FLOWER	10.3173859425	0.370116056626
8857	FLOWER	3.32812091503	0.128694281071
1136	FLOWER	1.50743374731	0.0593884072913
8467	FLOWER	6.54580296414	0.244693103987
61209	FLOWER	6.48479284267	0.242570698422
5365027	FLOWER	6.73923345506	0.251402431178
22873	FLOWER	10.4091136329	0.373024686668
637776	FLOWER	5.88175388185	0.221432143783
7795	FLOWER	11.732306313	0.414233447951
565690	FLOWER	6.92092446608	0.257677300457
24834	FLOWER	8.56233949122	0.313168116624
5364729	FLOWER	1.80170203756	0.0707696294094
7916	FLOWER	4.76820921986	0.181634041129
8038	FLOWER	5.36435289534	0.203063603019
62572	FLOWER	5.70771869855	0.215277526845
6386	FLOWER	4.3420994511	0.166142446987
6826	FLOWER	14.0706288343	0.483632115054
8175	FLOWER	5.07048529594	0.192535483383
8452	FLOWER	3.13080774433	0.12131152692
241	FLOWER	2.23301680398	0.0873261265406
4133	FLOWER	12.7677124239	0.44550270474
8294	FLOWER	9.06216358617	0.329637419902
18827	FLOWER	4.56287390531	0.174187028902
1183	FLOWER	5.10713659355	0.193852326068
61252	FLOWER	3.68504668581	0.141970039802
7151	FLOWER	2.70994774722	0.105460383172
61155	FLOWER	7.59160688243	0.280611277274
7583	FLOWER	6.82273938243	0.254289666225
10430	FLOWER	5.06865236637	0.19246959993
8785	FLOWER	14.5330716949	0.496838798639
1549778	FLOWER	5.53387248517	0.209105401534
6140	FLOWER	4.99493961353	0.189817815844
61659	FLOWER	3.45784870239	0.133531261036
61177	FLOWER	4.89351789168	0.186162108725
69963	FLOWER	4.05863963919	0.155756563279
9016	FLOWER	9.73765102496	0.351577302005
12587	FLOWER	4.68802613717	0.178730009862
2969	FLOWER	7.40859506923	0.274388890409
8375	FLOWER	11.999732567	0.422391870008
15717	FLOWER	10.5776604008	0.378351656211
18635	FLOWER	2.01562820804	0.0790000254925
526618	FLOWER	1.74703304835	0.0686604721454
660	FLOWER	2.21455113421	0.0866203506779
679	FLOWER	2.47391060772	0.0965083308306
24197	FLOWER	7.40206245543	0.274166286779
6057	FLOWER	6.10228115741	0.229196112167
196	FLOWER	1.64699498239	0.0647947623068
7635	FLOWER	9.67809489552	0.349657587498
6998	FLOWER	7.29757272948	0.270601082083
311	FLOWER	2.62511778281	0.102248213963
7047	FLOWER	3.54865014407	0.136908838625
5368076	FLOWER	9.6881002497	0.349980295409
261	FLOWER	4.14160549596	0.158803061405
61138	FLOWER	3.07231515677	0.119116958102
7894	FLOWER	1.44313348745	0.0568922857929
170833	FLOWER	6.38909103779	0.239235447796
228769	FLOWER	11.502556717	0.407178744269
5960	FLOWER	3.31790287167	0.12831272308
11980	CHEMICAL	15.1359279416	0.513798591802
650	CHEMICAL	9.60802940992	0.34739548474
89440	CHEMICAL	20.6366135878	0.655116615362
7601	CHEMICAL	12.3716288956	0.43364227521
5363388	CHEMICAL	17.0055826908	0.56454737057
444539	CHEMICAL	11.5570105485	0.408854624814
6054	CHEMICAL	19.5788892904	0.629822409277
62374	CHEMICAL	16.4371130169	0.549413046945
235414	CHEMICAL	18.8439432953	0.611720052246
78925	CHEMICAL	11.5521039989	0.408703717236
6549	CHEMICAL	20.8330032446	0.659714520109
7194	CHEMICAL	13.3848490494	0.463732288347
8857	CHEMICAL	25.3680021708	0.757305873178
1136	CHEMICAL	10.4011501525	0.372772436302
8467	CHEMICAL	12.8592451573	0.448225731887
61209	CHEMICAL	11.7560928095	0.414961425121
5365027	CHEMICAL	23.1412840827	0.711443751709
22873	CHEMICAL	10.8196094198	0.385958797594
637776	CHEMICAL	14.8744203918	0.506477462876
7795	CHEMICAL	19.0053521862	0.615732722758
565690	CHEMICAL	18.9189229733	0.613586660344
24834	CHEMICAL	16.8664092069	0.560866064462
5364729	CHEMICAL	16.4453381929	0.549633868405
7916	CHEMICAL	21.1788291027	0.667736043243
8038	CHEMICAL	29.8839709964	0.83813815085
62572	CHEMICAL	19.063367879	0.617169917205
6386	CHEMICAL	25.3443743652	0.756840049823
6826	CHEMICAL	19.3384733139	0.623948312512
8175	CHEMICAL	25.4008901936	0.757953518693
8452	CHEMICAL	31.9397930877	0.869531570513
241	CHEMICAL	15.308708558	0.518605719235
4133	CHEMICAL	19.3453232674	0.624116317767
8294	CHEMICAL	12.5178499248	0.438035370296
18827	CHEMICAL	24.7499400401	0.744973788809
1183	CHEMICAL	14.4701933096	0.495053134618
61252	CHEMICAL	12.7258402867	0.444254807067
7151	CHEMICAL	14.5656926462	0.497763944943
61155	CHEMICAL	17.6162321746	0.580516632572
7583	CHEMICAL	28.4417290249	0.814096381026
10430	CHEMICAL	16.6915577898	0.556219071013
8785	CHEMICAL	14.0214228202	0.482216793648
1549778	CHEMICAL	22.833901171	0.704801229764
6140	CHEMICAL	12.951164678	0.450953520514
61659	CHEMICAL	13.2739555211	0.460479062775
61177	CHEMICAL	22.1891735744	0.690623173411
69963	CHEMICAL	24.0937467959	0.731546417971
9016	CHEMICAL	20.6430627388	0.655268093857
12587	CHEMICAL	19.0914901654	0.617865607921
2969	CHEMICAL	24.9292536851	0.748583071685
8375	CHEMICAL	26.2015294481	0.773453119755
15717	CHEMICAL	12.8322600423	0.447423642574
18635	CHEMICAL	11.4634405162	0.405973433259
526618	CHEMICAL	14.6071531921	0.498938557933
660	CHEMICAL	11.9080569985	0.419601551349
679	CHEMICAL	5.94680555556	0.223726423696
24197	CHEMICAL	11.3527909845	0.402557294124
6057	CHEMICAL	14.6277189637	0.499520693714
196	CHEMICAL	21.4372130266	0.673666880126
7635	CHEMICAL	20.5440639562	0.652939132714
6998	CHEMICAL	21.3208568224	0.671002698639
311	CHEMICAL	19.2084852362	0.620753047421
7047	CHEMICAL	19.9020184421	0.637644602457
5368076	CHEMICAL	15.3204534436	0.518931620257
261	CHEMICAL	15.1620854686	0.51452788444
61138	CHEMICAL	10.3417316202	0.370888699646
7894	CHEMICAL	10.6769012584	0.381477562142
170833	CHEMICAL	24.4230227921	0.738327294762
228769	CHEMICAL	14.973843746	0.509267351227
5960	CHEMICAL	19.3230644817	0.623570250882
