#oID	descriptor	value	sigma
11980	INTENSITY/STRENGTH	51.9795918367	0.998432486464
650	INTENSITY/STRENGTH	29.8058705549	0.836878854382
89440	INTENSITY/STRENGTH	26.9602932985	0.787668766043
7601	INTENSITY/STRENGTH	27.9693877551	0.805860849646
5363388	INTENSITY/STRENGTH	40.0444692941	0.960354963345
444539	INTENSITY/STRENGTH	67.0141441512	0.884207559522
6054	INTENSITY/STRENGTH	69.1030612245	0.854029220741
62374	INTENSITY/STRENGTH	63.2450340136	0.929827629591
235414	INTENSITY/STRENGTH	8.89591836735	0.324181789254
78925	INTENSITY/STRENGTH	36.2707697723	0.924603294942
6549	INTENSITY/STRENGTH	64.826921831	0.912064955607
7194	INTENSITY/STRENGTH	4.48673469388	0.17141707247
8857	INTENSITY/STRENGTH	31.3839077666	0.861376443983
1136	INTENSITY/STRENGTH	45.487983698	0.991856683556
8467	INTENSITY/STRENGTH	67.9217068645	0.871524969225
61209	INTENSITY/STRENGTH	56.987012987	0.980472659808
5365027	INTENSITY/STRENGTH	64.191522763	0.919440272667
22873	INTENSITY/STRENGTH	32.1285714286	0.872244816327
637776	INTENSITY/STRENGTH	24.3772679092	0.737390240082
7795	INTENSITY/STRENGTH	72.2153561995	0.802591179572
565690	INTENSITY/STRENGTH	32.1285714286	0.872244816327
24834	INTENSITY/STRENGTH	44.8972713391	0.989584864085
5364729	INTENSITY/STRENGTH	63.6714285714	0.925236816326
8038	INTENSITY/STRENGTH	61.9537394917	0.942843244866
62572	INTENSITY/STRENGTH	50.1731765213	0.999988003957
6386	INTENSITY/STRENGTH	31.8843330462	0.868729044327
6826	INTENSITY/STRENGTH	36.5795918367	0.927957057892
8175	INTENSITY/STRENGTH	51.1473447634	0.999473439998
8452	INTENSITY/STRENGTH	41.6886893674	0.972368846227
241	INTENSITY/STRENGTH	34.5859459134	0.904962774646
4133	INTENSITY/STRENGTH	59.7271461778	0.962153050894
8294	INTENSITY/STRENGTH	43.5974269574	0.983602823374
18827	INTENSITY/STRENGTH	67.831588259	0.872813784064
1183	INTENSITY/STRENGTH	42.7877551021	0.979193409413
61252	INTENSITY/STRENGTH	36.904205033	0.931400061673
7151	INTENSITY/STRENGTH	47.0138125462	0.996433073796
61155	INTENSITY/STRENGTH	40.2286748545	0.96180848196
7583	INTENSITY/STRENGTH	40.3734693877	0.962931963348
8785	INTENSITY/STRENGTH	66.6024248484	0.889743795661
1549778	INTENSITY/STRENGTH	43.3015473067	0.982052292606
6140	INTENSITY/STRENGTH	35.2334013606	0.912779025849
61659	INTENSITY/STRENGTH	20.0071428571	0.640171408163
61177	INTENSITY/STRENGTH	64.8195023464	0.912152940082
69963	INTENSITY/STRENGTH	55.7682942373	0.986690712637
2969	INTENSITY/STRENGTH	46.7631808061	0.995809200602
8375	INTENSITY/STRENGTH	71.8969737546	0.808209016156
660	INTENSITY/STRENGTH	56.4585387402	0.983314910937
679	INTENSITY/STRENGTH	31.3467511637	0.86082252314
24197	INTENSITY/STRENGTH	40.0183673469	0.960146803832
6057	INTENSITY/STRENGTH	43.9163090473	0.985195481757
196	INTENSITY/STRENGTH	64.7863945578	0.912545014392
7635	INTENSITY/STRENGTH	42.4621548482	0.977272356187
6998	INTENSITY/STRENGTH	66.8306122449	0.886692196585
311	INTENSITY/STRENGTH	55.3217270144	0.988671688634
7047	INTENSITY/STRENGTH	47.2489795918	0.996972754686
5368076	INTENSITY/STRENGTH	57.0077980557	0.980356306564
261	INTENSITY/STRENGTH	34.1256100646	0.899201497671
61138	INTENSITY/STRENGTH	29.3928407556	0.83013799515
170833	INTENSITY/STRENGTH	56.9619220594	0.980612656495
228769	INTENSITY/STRENGTH	27.0571428572	0.78945012245
5960	INTENSITY/STRENGTH	38.4074211503	0.946244846245
11980	VALENCE/PLEASANTNESS	46.6599982982	0.995537755453
650	VALENCE/PLEASANTNESS	46.7690726545	0.995824443395
89440	VALENCE/PLEASANTNESS	46.7476915552	0.995768995912
7601	VALENCE/PLEASANTNESS	46.7023723742	0.995650260817
5363388	VALENCE/PLEASANTNESS	47.6117291304	0.997718464901
444539	VALENCE/PLEASANTNESS	34.0237631535	0.89790394249
6054	VALENCE/PLEASANTNESS	45.366350415	0.991411716609
62374	VALENCE/PLEASANTNESS	46.1541809325	0.99408387028
235414	VALENCE/PLEASANTNESS	46.424248191	0.9948855996
78925	VALENCE/PLEASANTNESS	33.4654053098	0.890642871372
6549	VALENCE/PLEASANTNESS	46.6930336175	0.995625589338
7194	VALENCE/PLEASANTNESS	46.5953022117	0.995363213188
8857	VALENCE/PLEASANTNESS	47.4589382538	0.997417202081
1136	VALENCE/PLEASANTNESS	38.4080833598	0.946250987443
8467	VALENCE/PLEASANTNESS	56.8123603124	0.981436698789
61209	VALENCE/PLEASANTNESS	46.0953121838	0.993901365223
5365027	VALENCE/PLEASANTNESS	47.2517565243	0.996978863119
22873	VALENCE/PLEASANTNESS	48.1899047584	0.998689422087
637776	VALENCE/PLEASANTNESS	46.4506889061	0.994960956303
7795	VALENCE/PLEASANTNESS	47.3092713239	0.997103991677
565690	VALENCE/PLEASANTNESS	47.0608515042	0.996544562448
24834	VALENCE/PLEASANTNESS	55.8329784745	0.986390544846
5364729	VALENCE/PLEASANTNESS	47.4550959329	0.997409385316
7916	VALENCE/PLEASANTNESS	47.1220245652	0.996686902959
8038	VALENCE/PLEASANTNESS	46.8816938599	0.996110466727
62572	VALENCE/PLEASANTNESS	47.1635201174	0.99678175275
6386	VALENCE/PLEASANTNESS	45.5988333115	0.992251892712
6826	VALENCE/PLEASANTNESS	46.5544177692	0.995251185236
8175	VALENCE/PLEASANTNESS	46.8758690325	0.996095922279
8452	VALENCE/PLEASANTNESS	45.5313539595	0.992012481026
241	VALENCE/PLEASANTNESS	44.816260416	0.98925153757
4133	VALENCE/PLEASANTNESS	46.2641518722	0.994417375506
8294	VALENCE/PLEASANTNESS	47.343322676	0.997176826238
18827	VALENCE/PLEASANTNESS	46.658410931	0.995533512997
1183	VALENCE/PLEASANTNESS	56.9059823721	0.980922962991
61252	VALENCE/PLEASANTNESS	38.8145872438	0.949954616589
7151	VALENCE/PLEASANTNESS	46.2274965867	0.994307287199
61155	VALENCE/PLEASANTNESS	46.4881607566	0.995066794051
7583	VALENCE/PLEASANTNESS	45.5535745613	0.992091720327
10430	VALENCE/PLEASANTNESS	46.0394373264	0.993725577323
8785	VALENCE/PLEASANTNESS	46.5546979564	0.995251957531
1549778	VALENCE/PLEASANTNESS	47.6145377384	0.997723827919
6140	VALENCE/PLEASANTNESS	33.8703131439	0.89593328077
61659	VALENCE/PLEASANTNESS	21.9914407333	0.686208243121
61177	VALENCE/PLEASANTNESS	47.702435869	0.997888479626
69963	VALENCE/PLEASANTNESS	46.6546472439	0.995523445975
9016	VALENCE/PLEASANTNESS	46.0435747977	0.993738679847
12587	VALENCE/PLEASANTNESS	30.2985838994	0.844741681452
2969	VALENCE/PLEASANTNESS	26.1090438193	0.771688885109
8375	VALENCE/PLEASANTNESS	45.9743768235	0.993517743216
15717	VALENCE/PLEASANTNESS	46.7138844248	0.995680577771
18635	VALENCE/PLEASANTNESS	34.3877478126	0.902503032655
526618	VALENCE/PLEASANTNESS	33.7317188775	0.894137211728
660	VALENCE/PLEASANTNESS	45.8854257383	0.993228111458
679	VALENCE/PLEASANTNESS	39.0123797985	0.951708880923
24197	VALENCE/PLEASANTNESS	47.5609665086	0.997620446251
6057	VALENCE/PLEASANTNESS	33.1071215937	0.88585226366
196	VALENCE/PLEASANTNESS	30.8684207181	0.853593069672
7635	VALENCE/PLEASANTNESS	47.3981193888	0.997292086914
6998	VALENCE/PLEASANTNESS	54.7575913463	0.990946129833
311	VALENCE/PLEASANTNESS	46.7361437629	0.995738896986
7047	VALENCE/PLEASANTNESS	44.9890781705	0.989956264967
5368076	VALENCE/PLEASANTNESS	47.7073655148	0.997897530847
261	VALENCE/PLEASANTNESS	46.2367855195	0.994335286709
61138	VALENCE/PLEASANTNESS	26.8169947989	0.785019307938
7894	VALENCE/PLEASANTNESS	45.5884205887	0.992215186839
170833	VALENCE/PLEASANTNESS	46.5616035789	0.995270972021
228769	VALENCE/PLEASANTNESS	47.516671485	0.997533231795
5960	VALENCE/PLEASANTNESS	46.2329341036	0.994323685813
11980	BAKERY	5.11544757432	0.194150781419
650	BAKERY	0.679460006566	0.0269937339024
89440	BAKERY	3.59994483321	0.138813952208
7601	BAKERY	2.88574677251	0.112098857126
5363388	BAKERY	2.1643251593	0.0846992850139
444539	BAKERY	2.12439948124	0.0831707499874
6054	BAKERY	0.116073414316	0.00463754735765
62374	BAKERY	1.69607976228	0.0666925158673
235414	BAKERY	1.23996205599	0.0489834798794
78925	BAKERY	4.1679876161	0.159770656337
6549	BAKERY	2.71851064395	0.105784305709
7194	BAKERY	2.3155070597	0.0904756532106
8857	BAKERY	0.81094142336	0.0321746065376
1136	BAKERY	1.19224327811	0.0471211535106
8467	BAKERY	5.26190276223	0.199401062217
61209	BAKERY	5.09696372581	0.193486933344
5365027	BAKERY	0.7650310559	0.0303671332294
22873	BAKERY	2.11427576653	0.0827829658543
637776	BAKERY	5.23693939129	0.198507361976
7795	BAKERY	5.14995567376	0.195389409574
565690	BAKERY	2.74394615414	0.106746149967
24834	BAKERY	1.78483586214	0.0701191788638
5364729	BAKERY	2.48316591707	0.0968601914942
7916	BAKERY	0.664980241479	0.0264223301706
8038	BAKERY	0.761275348966	0.0302191978959
62572	BAKERY	5.31233708569	0.201205113303
6386	BAKERY	6.5467032967	0.244724402246
6826	BAKERY	5.2107674935	0.197569860592
8175	BAKERY	0.243988633849	0.00973573317258
8452	BAKERY	0.381534090909	0.0152031363314
241	BAKERY	1.85570945513	0.0728509151724
4133	BAKERY	2.18333333333	0.0854265555554
8294	BAKERY	1.94379026361	0.0762402823088
18827	BAKERY	1.42887471655	0.0563383154799
1183	BAKERY	15.0050490196	0.510141362351
61252	BAKERY	0.793904862086	0.0315040805114
7151	BAKERY	3.4803364973	0.134368363038
61155	BAKERY	16.3868752607	0.548063138105
7583	BAKERY	0.423944706087	0.016885896598
10430	BAKERY	1.68906553126	0.0664214443029
8785	BAKERY	1.48554964539	0.0585392427159
1549778	BAKERY	2.2715164951	0.0887967449291
6140	BAKERY	6.11524989167	0.229651483172
61659	BAKERY	2.2155448718	0.0866583392402
61177	BAKERY	4.11999231445	0.15800995791
69963	BAKERY	4.47417160831	0.1709595797
9016	BAKERY	8.26645546591	0.303324504248
12587	BAKERY	4.42693278796	0.169238217955
2969	BAKERY	0.586270823024	0.0233133475298
8375	BAKERY	2.8575	0.1110338775
15717	BAKERY	5.58352725858	0.210870779684
18635	BAKERY	1.37979390681	0.0544302237824
526618	BAKERY	4.09515381453	0.157098038675
660	BAKERY	1.74378162546	0.0685349552754
679	BAKERY	4.4403968254	0.169729023429
24197	BAKERY	14.6095304475	0.499005865943
6057	BAKERY	4.45566163698	0.17028529723
196	BAKERY	2.21273830064	0.0865510477109
7635	BAKERY	2.02875963537	0.0795040391515
6998	BAKERY	1.54567724046	0.0608714423657
311	BAKERY	4.02369942163	0.154471914051
7047	BAKERY	6.92376615746	0.257775231177
5368076	BAKERY	1.44270428819	0.0568756132624
261	BAKERY	4.29105397022	0.164276901139
61138	BAKERY	0.861538461539	0.0341646390533
7894	BAKERY	4.23122830385	0.16208781497
170833	BAKERY	0.892935483717	0.0353984858374
228769	BAKERY	1.75993667492	0.0691585161568
5960	BAKERY	2.65364357864	0.103329013449
11980	SWEET	4.64669030733	0.177230919968
650	SWEET	6.58502331003	0.246055919604
89440	SWEET	29.2822674419	0.82831022306
7601	SWEET	16.0837460185	0.539875086344
5363388	SWEET	10.3631066363	0.371566673789
444539	SWEET	24.4241699296	0.738350766485
6054	SWEET	4.69628810796	0.179029475521
62374	SWEET	11.5859158218	0.409743254701
235414	SWEET	6.46356073743	0.241831382534
78925	SWEET	8.00780602789	0.294662258163
6549	SWEET	8.51666666667	0.311653222222
7194	SWEET	19.4007428647	0.625474185106
8857	SWEET	21.1402721088	0.666846442419
1136	SWEET	9.34909735495	0.339001645657
8467	SWEET	23.9843340578	0.729274050233
61209	SWEET	8.2156066705	0.301625789634
5365027	SWEET	11.2180222814	0.398383281693
22873	SWEET	37.0812354313	0.933242208807
637776	SWEET	23.7286391558	0.723926239758
7795	SWEET	36.2866487879	0.924777599414
565690	SWEET	23.1969674756	0.712638978998
24834	SWEET	40.1427320566	0.961133707477
5364729	SWEET	4.37799898683	0.167453209422
7916	SWEET	6.17994297973	0.231921041096
8038	SWEET	28.7007374275	0.818536565547
62572	SWEET	38.7911337868	0.949744527286
6386	SWEET	9.33786299227	0.338636245586
6826	SWEET	19.8507408604	0.636408869333
8175	SWEET	10.3391500515	0.370806792545
8452	SWEET	9.21804576584	0.334732883537
241	SWEET	3.52962308901	0.1362016279
4133	SWEET	31.6498100554	0.865308211599
8294	SWEET	17.5138043479	0.57785883682
18827	SWEET	9.23489605732	0.335282520217
1183	SWEET	8.52444444444	0.311911316543
61252	SWEET	8.94102078661	0.325664090382
7151	SWEET	10.057751938	0.361846727901
61155	SWEET	19.8588564533	0.63660458628
7583	SWEET	25.7108680556	0.764015227754
10430	SWEET	6.64403583656	0.248104148583
8785	SWEET	31.4476657373	0.862324357362
1549778	SWEET	9.270887685	0.336455764013
6140	SWEET	19.6342917442	0.631169504849
61659	SWEET	9.32531823594	0.338228105357
61177	SWEET	12.4872463768	0.437117326243
69963	SWEET	5.66806526806	0.213871825169
9016	SWEET	12.4938628612	0.43731587077
12587	SWEET	13.7440904391	0.474203608766
2969	SWEET	13.8392695446	0.476960629172
8375	SWEET	22.4002087822	0.695300609892
15717	SWEET	6.85469010792	0.255392893726
18635	SWEET	8.09662990196	0.297643029771
526618	SWEET	4.97623420849	0.18914420558
660	SWEET	5.36391381533	0.203047924046
679	SWEET	28.9235476997	0.822313263373
24197	SWEET	6.53084093328	0.244172884013
6057	SWEET	25.2404490606	0.754785854913
196	SWEET	10.733250746	0.383248961208
7635	SWEET	34.918984059	0.909025183275
6998	SWEET	27.328503085	0.794401291052
311	SWEET	5.34244306418	0.20228104341
7047	SWEET	4.04827458302	0.155375572481
5368076	SWEET	23.9016491754	0.727550433695
261	SWEET	6.87783882783	0.256191686337
61138	SWEET	5.13055375996	0.194693117645
7894	SWEET	22.1604774169	0.689984392937
170833	SWEET	11.2779897754	0.400242369666
228769	SWEET	24.8730823477	0.747455203718
5960	SWEET	5.48488612836	0.207361854798
11980	FRUIT	11.8290932919	0.417192752431
650	FRUIT	20.1538961039	0.643684032889
89440	FRUIT	1.7487630052	0.0687272513888
7601	FRUIT	2.1950664346	0.0858753307231
5363388	FRUIT	3.45118583717	0.133283160014
444539	FRUIT	7.3488372093	0.27235132504
6054	FRUIT	1.2918445625	0.0510062375506
62374	FRUIT	5.53333041101	0.209086118265
235414	FRUIT	0.96284547626	0.038142990486
78925	FRUIT	2.24805974564	0.0879008807775
6549	FRUIT	5.90821818574	0.222365910577
7194	FRUIT	5.93311733859	0.223243941002
8857	FRUIT	15.9190917812	0.535396677994
1136	FRUIT	3.80576513729	0.14643706618
8467	FRUIT	4.80187269111	0.182851715108
61209	FRUIT	3.95743243243	0.152032788714
5365027	FRUIT	6.65259088581	0.248400849235
22873	FRUIT	17.1942949742	0.569514287105
637776	FRUIT	1.94282993842	0.0762033622691
7795	FRUIT	31.662658586	0.865496763947
565690	FRUIT	5.52246219434	0.208699452298
24834	FRUIT	4.01848404255	0.154280076102
5364729	FRUIT	9.03838937198	0.328858581903
7916	FRUIT	3.68270227073	0.141883172423
8038	FRUIT	8.52891067439	0.312059500059
62572	FRUIT	15.6336786855	0.527582383722
6386	FRUIT	2.04217256148	0.0800187149509
6826	FRUIT	5.02614862781	0.190941077101
8175	FRUIT	13.9362685014	0.479762908158
8452	FRUIT	0.971008448518	0.0384631949779
241	FRUIT	1.69178138767	0.0665264058014
4133	FRUIT	16.7766666667	0.558484048889
8294	FRUIT	11.7022275496	0.413312250134
18827	FRUIT	3.79853711635	0.146169930964
1183	FRUIT	2.20465116279	0.0862418518118
61252	FRUIT	0.947177529758	0.0375282430812
7151	FRUIT	6.69775628627	0.249966275743
61155	FRUIT	5.33906665927	0.202160413254
7583	FRUIT	2.67742002872	0.104229369945
10430	FRUIT	2.34047173866	0.0914277463627
8785	FRUIT	4.60877306526	0.175854606944
1549778	FRUIT	10.2800042611	0.368928775399
6140	FRUIT	2.63939215341	0.102789129761
61659	FRUIT	2.34277777778	0.0915156680247
61177	FRUIT	0.97236777168	0.0385165112338
69963	FRUIT	2.44418040293	0.0953776089804
9016	FRUIT	6.26704116718	0.234971324691
12587	FRUIT	2.99858499906	0.116346795164
2969	FRUIT	7.14730228981	0.265458519584
8375	FRUIT	11.0800799284	0.394095928647
15717	FRUIT	4.4225502364	0.169078429219
18635	FRUIT	3.60433947215	0.138977073674
526618	FRUIT	10.779959479	0.384715368612
660	FRUIT	1.26351262143	0.0499019191993
679	FRUIT	11.9374740026	0.42049764588
24197	FRUIT	9.2878299712	0.337007684619
6057	FRUIT	2.23614195678	0.0874455459309
196	FRUIT	1.60936392013	0.0633385359142
7635	FRUIT	15.8406266086	0.533254883804
6998	FRUIT	5.35705856237	0.202803111919
311	FRUIT	8.28483451537	0.303937987436
7047	FRUIT	1.62047475746	0.0637686149228
5368076	FRUIT	2.34664408774	0.0916630681199
261	FRUIT	17.1682226904	0.568829759477
61138	FRUIT	1.09126482644	0.0431742494892
7894	FRUIT	10.0376883117	0.36120545781
170833	FRUIT	0.737711640212	0.0292907782228
228769	FRUIT	3.01334281372	0.116901618584
5960	FRUIT	1.10394576727	0.043670352188
11980	FISH	0.24002136253	0.00957781039943
650	FISH	0.8082498802	0.0320686880605
89440	FISH	0.406252293061	0.0161840753522
7601	FISH	1.07470406322	0.0425261669996
5363388	FISH	0.333197300663	0.01328348385
444539	FISH	0.710017083527	0.0281990336375
6054	FISH	1.14513177368	0.0452807402354
62374	FISH	1.25233142893	0.049465923554
235414	FISH	0.423051948052	0.0168504887418
78925	FISH	5.67611347272	0.214157233247
6549	FISH	0.0962094994106	0.00384467746931
7194	FISH	0.874283342874	0.0346655851695
8857	FISH	0.773783215284	0.0307118324257
1136	FISH	2.09795918367	0.0821577942523
8467	FISH	0.257858489242	0.0102877431695
61209	FISH	0.341910097372	0.013629642889
5365027	FISH	0.209844763729	0.00837617661919
22873	FISH	1.70631545995	0.0670880134185
637776	FISH	1.99171893767	0.078081979776
7795	FISH	1.36970609	0.0540378056908
565690	FISH	0.553049095607	0.0219996185034
24834	FISH	1.86626053547	0.0732572500642
5364729	FISH	1.23530293589	0.0488017280984
7916	FISH	0.784721013346	0.0311425257063
8038	FISH	0.643763529921	0.0255847686039
62572	FISH	0.620733652313	0.0246752219857
6386	FISH	0.951679958963	0.0377049204608
6826	FISH	1.91895181558	0.0752851221949
8175	FISH	0.378408179631	0.0150790500851
8452	FISH	1.00284234963	0.0397114168741
241	FISH	1.3352004163	0.0526949125915
4133	FISH	1.08931388865	0.0430979136469
8294	FISH	0.469505577548	0.018692048907
18827	FISH	0.162788050369	0.00650092203503
1183	FISH	0.598474037772	0.0237956930413
61252	FISH	4.69733836624	0.179067539559
7151	FISH	0.772622608375	0.030666126057
61155	FISH	0.255206647146	0.0101822137127
7583	FISH	1.15546152005	0.0456844242723
10430	FISH	0.787027641838	0.0312333406699
8785	FISH	1.04205395349	0.0412478075629
1549778	FISH	0.0214102588306	0.000856226993553
6140	FISH	1.01808371904	0.0403087509781
61659	FISH	6.43172043011	0.240722006128
61177	FISH	1.6507513965	0.0649400637909
69963	FISH	2.60267366842	0.101397382647
9016	FISH	0.178927723744	0.00714430289762
12587	FISH	0.282768789685	0.011278768312
2969	FISH	0.109444444444	0.00437298654321
8375	FISH	1.50057771875	0.059122415354
15717	FISH	1.02234608522	0.0404757668015
18635	FISH	4.2433015873	0.162529820148
526618	FISH	5.97070852535	0.224568596896
660	FISH	1.77514106132	0.0697451921377
679	FISH	1.04450141196	0.0413436631987
24197	FISH	0.534827606717	0.0212786880411
6057	FISH	1.03322191884	0.0409018577401
196	FISH	0.548279237031	0.0218109254325
7635	FISH	5.57325210988	0.210505628763
6998	FISH	0.211677442502	0.00844917476422
311	FISH	2.33346219452	0.0911604694555
7047	FISH	0.230319643656	0.00919156689094
5368076	FISH	1.34023620838	0.0528909550974
261	FISH	0.820915455273	0.032567057337
61138	FISH	2.05658783784	0.0805716920997
7894	FISH	0.824202336364	0.032696369658
170833	FISH	0.578124891887	0.0229913043193
228769	FISH	2.79594197792	0.108710762499
5960	FISH	2.33486807082	0.0912140792695
11980	GARLIC	3.23654107542	0.125271563764
650	GARLIC	3.81221129664	0.146675269877
89440	GARLIC	2.57108936243	0.100199374293
7601	GARLIC	1.8470648165	0.0725179332854
5363388	GARLIC	2.72231141478	0.105928064815
444539	GARLIC	3.59818101114	0.13874847781
6054	GARLIC	1.90393789444	0.0747075239754
62374	GARLIC	3.28156112953	0.126954987802
235414	GARLIC	1.32688384958	0.0523711056832
78925	GARLIC	7.8208405709	0.288367403942
6549	GARLIC	1.43139604461	0.0564362839297
7194	GARLIC	1.76534553117	0.0693672433092
8857	GARLIC	3.6972999835	0.142423988473
1136	GARLIC	1.2387755102	0.0489371945023
8467	GARLIC	3.45723201877	0.133508299458
61209	GARLIC	2.01296791444	0.0788979006477
5365027	GARLIC	2.13625397922	0.0836247267433
22873	GARLIC	2.53522278403	0.0988379695354
637776	GARLIC	2.30448598671	0.0900551772033
7795	GARLIC	2.5457103054	0.0992361558322
565690	GARLIC	0.469011627907	0.0186724763534
24834	GARLIC	2.16752858288	0.084821871252
5364729	GARLIC	1.96984918238	0.0772418449745
7916	GARLIC	3.96186437147	0.15219602714
8038	GARLIC	2.59909481147	0.101261674923
62572	GARLIC	2.10710973665	0.0825084248891
6386	GARLIC	3.62108136242	0.139598362404
6826	GARLIC	2.25890746685	0.0883152334966
8175	GARLIC	2.10029403903	0.0822472675409
8452	GARLIC	3.40703118163	0.131638102676
241	GARLIC	2.20116872904	0.086108691652
4133	GARLIC	1.82693212765	0.0717422127065
8294	GARLIC	2.9226687211	0.113489951863
18827	GARLIC	2.14294575794	0.0838809437089
1183	GARLIC	4.68175748248	0.178502758049
61252	GARLIC	7.22500244379	0.268119833627
7151	GARLIC	4.93204760263	0.187551866683
61155	GARLIC	3.45545105762	0.1334419855
7583	GARLIC	1.88538115783	0.0739933814691
10430	GARLIC	3.42188180772	0.132191562266
8785	GARLIC	2.8186200514	0.109566954458
1549778	GARLIC	1.40505758085	0.0554126285118
6140	GARLIC	1.8784664624	0.073727203996
61659	GARLIC	15.4025683734	0.521207089936
61177	GARLIC	1.65595572766	0.0651413533576
69963	GARLIC	4.56282370593	0.174185204169
9016	GARLIC	0.235540035676	0.00939940978367
12587	GARLIC	1.10491458592	0.0437082489398
2969	GARLIC	3.84294685991	0.147810578169
8375	GARLIC	2.66065427802	0.103594538646
15717	GARLIC	2.79101443447	0.108524672749
18635	GARLIC	15.8876190476	0.534538186305
526618	GARLIC	14.3429166667	0.491428963264
660	GARLIC	3.34926726142	0.129483653982
679	GARLIC	3.35974324237	0.129874579833
24197	GARLIC	1.67317311156	0.0658071211579
6057	GARLIC	3.5253713539	0.136043556883
196	GARLIC	0.695436512466	0.0276240077215
7635	GARLIC	3.65791780415	0.140964567101
6998	GARLIC	0.253151357632	0.0101004200613
311	GARLIC	1.99698050744	0.0782840478386
7047	GARLIC	0.299248326422	0.0119341132325
5368076	GARLIC	3.30677227915	0.127896994003
261	GARLIC	3.19117633576	0.123573610868
61138	GARLIC	4.44666023165	0.16995729438
7894	GARLIC	2.87410595206	0.111660044073
170833	GARLIC	0.592335095512	0.0235530594743
228769	GARLIC	1.99093539117	0.0780518861539
5960	GARLIC	1.99749765191	0.0783039073286
11980	SPICES	5.35154418533	0.202606157346
650	SPICES	6.03359406608	0.226782059702
89440	SPICES	8.12346310482	0.298542263067
7601	SPICES	7.64629495793	0.282465467684
5363388	SPICES	5.4040030749	0.204478823303
444539	SPICES	5.92942504195	0.223113769147
6054	SPICES	6.58793397011	0.246157009206
62374	SPICES	5.97985007062	0.224890560078
235414	SPICES	6.0905827153	0.228785229487
78925	SPICES	4.30142857143	0.164656227755
6549	SPICES	9.51250944789	0.344305243517
7194	SPICES	5.33281179139	0.201936919014
8857	SPICES	7.84461451246	0.289169389759
1136	SPICES	4.8497620516	0.184582405281
8467	SPICES	7.45483506539	0.275963576275
61209	SPICES	7.26289194748	0.269415838123
5365027	SPICES	5.75652173913	0.217005852552
22873	SPICES	4.86212754444	0.185028988074
637776	SPICES	10.652782123	0.380718578135
7795	SPICES	6.60699210383	0.246818746289
565690	SPICES	6.54965277778	0.244826930507
24834	SPICES	5.37415374677	0.203413538473
5364729	SPICES	3.96913729952	0.15246387162
7916	SPICES	7.31356967458	0.271147466429
8038	SPICES	3.56424425596	0.137488235392
62572	SPICES	5.28872469719	0.200360744319
6386	SPICES	8.31338678483	0.30489051146
6826	SPICES	3.85692393979	0.148326612681
8175	SPICES	2.85003494936	0.110752318289
8452	SPICES	3.01163257576	0.116837330722
241	SPICES	13.4907160062	0.466828872903
4133	SPICES	7.43451797064	0.275271895843
8294	SPICES	6.39858945429	0.23956679937
18827	SPICES	6.36592261905	0.238426916445
1183	SPICES	10.2950827423	0.369407818224
61252	SPICES	3.06682738096	0.118910923164
7151	SPICES	5.20375926947	0.197318726565
61155	SPICES	7.59929852648	0.280872205821
7583	SPICES	10.0552516608	0.361766832046
10430	SPICES	6.25599175316	0.234584697
8785	SPICES	7.91124784098	0.291414776679
1549778	SPICES	3.17890781831	0.123114130765
6140	SPICES	4.70372474747	0.179298979299
61659	SPICES	6.55423923029	0.244986348456
61177	SPICES	4.00569971566	0.153809736541
69963	SPICES	5.03118707091	0.191122345499
9016	SPICES	4.46499057774	0.170625166766
12587	SPICES	4.87351966874	0.185440309165
2969	SPICES	3.30758189801	0.127927236715
8375	SPICES	6.63396744992	0.247754888346
15717	SPICES	6.56171866172	0.245246285751
18635	SPICES	8.14789012381	0.299360359565
526618	SPICES	7.79408779144	0.287464389857
660	SPICES	8.72711275271	0.318619511309
679	SPICES	7.43138888889	0.275165339228
24197	SPICES	7.70812786258	0.284559020445
6057	SPICES	3.58967618848	0.138432737484
196	SPICES	3.42926588648	0.132466689651
7635	SPICES	10.4037528287	0.37285488398
6998	SPICES	7.78939948547	0.287306081681
311	SPICES	2.91920182344	0.113359377223
7047	SPICES	10.69323812	0.381991388204
5368076	SPICES	4.99073863259	0.189666556464
261	SPICES	5.79647046163	0.21841919054
61138	SPICES	5.1064444038	0.193827466372
7894	SPICES	5.86982709751	0.221011135838
170833	SPICES	6.61209865088	0.246996006608
228769	SPICES	5.13502381299	0.194853564696
5960	SPICES	4.91670308799	0.186998535817
11980	COLD	3.19238719696	0.123618953472
650	COLD	3.45150261399	0.133294956442
89440	COLD	5.82578522021	0.219455499436
7601	COLD	3.80164611232	0.146284839227
5363388	COLD	3.59585724511	0.138662214073
444539	COLD	4.39603711246	0.168111427581
6054	COLD	5.90946465543	0.222409877212
62374	COLD	4.57449025135	0.17460922563
235414	COLD	6.07508967223	0.228240901079
78925	COLD	2.18202344768	0.0853764473766
6549	COLD	4.1574160079	0.159382997171
7194	COLD	1.91237476809	0.0750321198221
8857	COLD	3.97765957447	0.152777672703
1136	COLD	3.69152053071	0.142209891697
8467	COLD	2.4593111297	0.095953160695
61209	COLD	2.52603408669	0.0984890241846
5365027	COLD	4.17739075243	0.160115392698
22873	COLD	4.55071192832	0.173744885511
637776	COLD	4.87627834467	0.185539897589
7795	COLD	2.76365721274	0.107491168034
565690	COLD	6.2707942464	0.235102625664
24834	COLD	8.51664965986	0.311652657823
5364729	COLD	4.93578935315	0.187686767511
7916	COLD	5.24429862433	0.198770877749
8038	COLD	2.63358940356	0.102569258884
62572	COLD	4.90721452328	0.18665627918
6386	COLD	6.21066791723	0.232997758298
6826	COLD	3.63881198856	0.140256098467
8175	COLD	3.54845375873	0.136901540718
8452	COLD	6.89083321259	0.256639895558
241	COLD	8.38642857143	0.307324269184
4133	COLD	2.88258384469	0.111979637939
8294	COLD	3.33679361106	0.129018067801
18827	COLD	4.21197476436	0.161382698008
1183	COLD	3.15998943826	0.122405364231
61252	COLD	2.81161996689	0.10930271594
7151	COLD	4.01014126242	0.153973157319
61155	COLD	4.42468992248	0.169156444535
7583	COLD	6.50544146517	0.243289351144
10430	COLD	3.82218801159	0.147043871985
8785	COLD	8.8174659864	0.321599556887
1549778	COLD	5.57347826776	0.21051366671
6140	COLD	5.1102915155	0.19396562887
61659	COLD	1.05645569493	0.0418117883429
61177	COLD	5.34098705127	0.202229024978
69963	COLD	4.01772419417	0.154252124687
9016	COLD	8.10053713377	0.297774004609
12587	COLD	3.5654485011	0.137532970838
2969	COLD	1.8569047619	0.0728969523583
8375	COLD	3.64393778345	0.14044619831
15717	COLD	3.90460081585	0.150085669622
18635	COLD	1.89076180401	0.0742004800805
526618	COLD	2.81241900155	0.109332879806
660	COLD	5.70779704512	0.215280302962
679	COLD	3.35528296425	0.129708149062
24197	COLD	2.82671635768	0.109872524161
6057	COLD	4.19035714286	0.16059064852
196	COLD	2.85554951691	0.110960315459
7635	COLD	5.45522495048	0.206305206315
6998	COLD	3.80960047704	0.146578796764
311	COLD	3.763408985	0.144871060525
7047	COLD	4.67260721517	0.178170985332
5368076	COLD	5.50469550375	0.208067151114
261	COLD	5.67911772731	0.214263757828
61138	COLD	2.82692448284	0.109880378501
7894	COLD	7.82269813519	0.288430082962
170833	COLD	5.16893370857	0.196070198069
228769	COLD	5.12245143745	0.194402254006
5960	COLD	3.76714285715	0.145009168163
11980	SOUR	5.52244135297	0.20869871072
650	SOUR	5.06121739131	0.192202327059
89440	SOUR	5.14913645224	0.195360015608
7601	SOUR	7.59406191831	0.280694566165
5363388	SOUR	7.15334495604	0.265665660618
444539	SOUR	16.3336083566	0.546629629486
6054	SOUR	8.58160851854	0.313806738835
62374	SOUR	9.94380707835	0.35820056345
235414	SOUR	7.80976930221	0.287993773467
78925	SOUR	11.3902168325	0.403713857502
6549	SOUR	7.83426153187	0.288820199775
7194	SOUR	4.52365089474	0.172760668822
8857	SOUR	7.53192396293	0.278585007084
1136	SOUR	8.26295117601	0.303207502186
8467	SOUR	3.75596876721	0.144595830136
61209	SOUR	8.18187055576	0.300497619914
5365027	SOUR	5.27361513449	0.199820198745
22873	SOUR	6.21131127421	0.23302029587
637776	SOUR	8.12562724016	0.298614762388
7795	SOUR	7.93010163785	0.292049460719
565690	SOUR	8.14030401741	0.299106340898
24834	SOUR	2.79069767442	0.108512709573
5364729	SOUR	6.15258536586	0.230961691961
7916	SOUR	7.53192396293	0.278585007084
8038	SOUR	7.4870316358	0.277059008346
62572	SOUR	7.42722341088	0.275023477397
6386	SOUR	7.93764895909	0.292303449965
6826	SOUR	5.74938643715	0.216753279725
8175	SOUR	11.5415358387	0.40837861374
8452	SOUR	6.45219520432	0.241435478991
241	SOUR	8.73366737629	0.318835916716
4133	SOUR	5.4202716467	0.205059127978
8294	SOUR	7.08524118671	0.263329390399
18827	SOUR	6.60027339419	0.246585492216
1183	SOUR	2.79069767442	0.108512709573
61252	SOUR	23.5718911565	0.720622025181
7151	SOUR	5.50796776729	0.208183627122
61155	SOUR	6.97017537672	0.259373677156
7583	SOUR	5.13003703704	0.194674569481
10430	SOUR	10.672581187	0.381341651802
8785	SOUR	6.35922860023	0.238193228653
1549778	SOUR	8.83006062134	0.322014436623
6140	SOUR	10.72375	0.382950474375
61659	SOUR	3.78333671057	0.145608013757
61177	SOUR	6.36428987647	0.238369920806
69963	SOUR	8.97710773992	0.326848924247
9016	SOUR	5.77745451251	0.217746588243
12587	SOUR	20.4614475517	0.650989567704
2969	SOUR	14.0380758557	0.482696004736
8375	SOUR	5.27105978326	0.199728762835
15717	SOUR	4.07719563608	0.156438415741
18635	SOUR	21.0809803921	0.665476121968
526618	SOUR	7.66329787234	0.283041461182
660	SOUR	6.37279701772	0.238666863977
679	SOUR	20.4788333333	0.651400287456
24197	SOUR	11.4725996161	0.406255767863
6057	SOUR	10.5227235316	0.376617857056
196	SOUR	13.1226396883	0.456024118576
7635	SOUR	5.73674421919	0.216305675073
6998	SOUR	7.9050392097	0.291205710425
311	SOUR	15.5850134617	0.526243480628
7047	SOUR	8.19091662974	0.300800219096
5368076	SOUR	5.41687882965	0.204938122684
261	SOUR	17.553256461	0.578883533486
61138	SOUR	17.7673164122	0.584421643493
7894	SOUR	8.46066872258	0.30979358281
170833	SOUR	5.18734749455	0.19673047017
228769	SOUR	7.14921267864	0.265524010376
5960	SOUR	16.0441866975	0.538801097186
11980	BURNT	4.74244292662	0.1807014111
650	BURNT	8.14118401767	0.299135809823
89440	BURNT	5.08219791121	0.192956422205
7601	BURNT	6.79583305048	0.253359983279
5363388	BURNT	6.51231514345	0.243528506327
444539	BURNT	4.92028283339	0.187127640071
6054	BURNT	7.52865941018	0.278474091401
62374	BURNT	5.28620684735	0.200270680761
235414	BURNT	7.99978477998	0.294392768589
78925	BURNT	8.31855608097	0.30506289313
6549	BURNT	2.85027851328	0.11076150549
7194	BURNT	9.50226772692	0.343973472295
8857	BURNT	6.02236667394	0.226387106815
1136	BURNT	9.7097981927	0.350679855331
8467	BURNT	3.83534788976	0.147529958216
61209	BURNT	6.42017859908	0.240319666666
5365027	BURNT	2.95732434919	0.114794667045
22873	BURNT	5.66839037928	0.213883355374
637776	BURNT	2.74640056494	0.106838936173
7795	BURNT	3.60826727669	0.139122853972
565690	BURNT	5.96113865827	0.224231476689
24834	BURNT	4.70287218074	0.17926808453
5364729	BURNT	3.01851038892	0.117095853569
7916	BURNT	8.9379178744	0.325562164604
8038	BURNT	4.26938653336	0.163484396786
62572	BURNT	2.5379023624	0.0989397151356
6386	BURNT	7.62473079487	0.281734623917
6826	BURNT	5.66638104888	0.213812092279
8175	BURNT	6.55501370049	0.245013266174
8452	BURNT	4.64987935858	0.177346623123
241	BURNT	5.29354330377	0.200533091867
4133	BURNT	4.15966342486	0.159465417071
8294	BURNT	5.62406397292	0.212310520688
18827	BURNT	6.93755269167	0.258250252727
1183	BURNT	5.95921539886	0.224163716686
61252	BURNT	8.63628199198	0.315617133021
7151	BURNT	9.9322787267	0.357831084786
61155	BURNT	7.7909045203	0.287356903514
7583	BURNT	10.3167049735	0.370094438336
10430	BURNT	4.95268953046	0.188295927784
8785	BURNT	5.29373870423	0.200540080382
1549778	BURNT	7.55544402544	0.279383867249
6140	BURNT	11.825	0.417067749999
61659	BURNT	17.0473377691	0.565648820758
61177	BURNT	5.73495550788	0.216242334444
69963	BURNT	5.04270243126	0.191536558126
9016	BURNT	5.83644416099	0.219832134262
12587	BURNT	4.07828356628	0.156478383912
2969	BURNT	3.77254640867	0.145209013785
8375	BURNT	3.8780976102	0.149108047978
15717	BURNT	2.24870999801	0.0879257212585
18635	BURNT	14.3525760187	0.4917044654
526618	BURNT	4.33900980605	0.166029589803
660	BURNT	4.58836498488	0.175113362101
679	BURNT	7.21358321349	0.267729015428
24197	BURNT	4.79610026197	0.18264297939
6057	BURNT	9.95941459916	0.358700608303
196	BURNT	1.75493765304	0.0689655836552
7635	BURNT	2.62002558681	0.102055209842
6998	BURNT	5.08550170067	0.193075137008
311	BURNT	4.38776884765	0.167809747722
7047	BURNT	7.07624667909	0.263020560338
5368076	BURNT	3.9670946497	0.152388650004
261	BURNT	7.87195669934	0.290091187063
61138	BURNT	6.86556640026	0.255768255212
7894	BURNT	4.36203183095	0.16687034456
170833	BURNT	7.75340129193	0.28608995904
228769	BURNT	4.20986862861	0.161305547596
5960	BURNT	4.34920974451	0.16640213962
11980	ACID	6.09548206056	0.228957321802
650	ACID	5.38419089147	0.203771831037
89440	ACID	7.17417265907	0.266379405026
7601	ACID	6.37552398818	0.238762037078
5363388	ACID	3.2853166887	0.12709534525
444539	ACID	2.95407381209	0.114672331649
6054	ACID	6.40642653458	0.239840141006
62374	ACID	6.59805160701	0.246508350277
235414	ACID	4.46717058604	0.170704578224
78925	ACID	6.83299833679	0.254643986964
6549	ACID	9.34794037941	0.338964019441
7194	ACID	7.01762662609	0.261006231658
8857	ACID	5.81770424837	0.219169896846
1136	ACID	7.71508585699	0.284794414367
8467	ACID	4.51439881247	0.172424033844
61209	ACID	7.11769710856	0.264443239491
5365027	ACID	5.67650232912	0.214171021688
22873	ACID	4.42684903749	0.169235164539
637776	ACID	6.31184311023	0.23653797903
7795	ACID	8.50375066338	0.311224516397
565690	ACID	5.22898706752	0.1982225604
24834	ACID	8.49104681295	0.310802722126
5364729	ACID	5.55712679788	0.209932408616
7916	ACID	9.05597597598	0.329434758688
8038	ACID	7.83640064301	0.288892355705
62572	ACID	6.01343281321	0.226072762849
6386	ACID	7.67699788812	0.283505396895
6826	ACID	5.34775853502	0.202470932861
8175	ACID	10.558114249	0.377735059362
8452	ACID	8.80566522144	0.321210712861
241	ACID	6.45686083327	0.241598012603
4133	ACID	4.78821551809	0.182357817585
8294	ACID	5.58842019948	0.211044631849
18827	ACID	3.22672628098	0.124904346242
1183	ACID	4.56875097194	0.1744006447
61252	ACID	7.87000596688	0.290025441108
7151	ACID	5.53756894796	0.209236889977
61155	ACID	5.87070952096	0.221042288727
7583	ACID	9.12849809458	0.331808132798
10430	ACID	6.64252989348	0.248051914385
8785	ACID	5.60699477097	0.211704434694
1549778	ACID	2.91775621929	0.11330492823
6140	ACID	3.61256829088	0.139282471773
61659	ACID	7.61776984116	0.281498626705
61177	ACID	4.40666997959	0.16849930306
69963	ACID	5.6010620915	0.211493725039
9016	ACID	10.7211762243	0.38286960112
12587	ACID	6.76574282066	0.25231960246
2969	ACID	8.93441870506	0.325447213164
8375	ACID	5.832274475	0.219684808779
15717	ACID	4.44789286492	0.170002214222
18635	ACID	9.17948464863	0.333474210579
526618	ACID	8.58229977159	0.313829643116
660	ACID	3.6469062897	0.140556281394
679	ACID	6.2755602335	0.235269346842
24197	ACID	6.94099713049	0.258368908753
6057	ACID	5.00347176445	0.190124978699
196	ACID	6.88772933416	0.256532847214
7635	ACID	12.4635579285	0.436406206645
6998	ACID	4.92949809876	0.187459943348
311	ACID	6.02906731347	0.226622831471
7047	ACID	4.47201773246	0.170881132259
5368076	ACID	2.28935592044	0.0894777766056
261	ACID	3.26169698143	0.126212412378
61138	ACID	8.3225690276	0.305196699016
7894	ACID	5.74477427334	0.216589998353
170833	ACID	5.55798161528	0.209962800757
228769	ACID	5.98752915104	0.225160963908
5960	ACID	7.14560481663	0.265400325387
11980	WARM	3.83103928299	0.147370826525
650	WARM	6.69235467129	0.249779142433
89440	WARM	6.78289360234	0.252912685845
7601	WARM	4.38339802365	0.167650249652
5363388	WARM	3.63011567569	0.1399335311
444539	WARM	5.00167762046	0.190060393211
6054	WARM	7.01858464869	0.261039173759
62374	WARM	7.77236492028	0.286730734229
235414	WARM	5.73028643727	0.21607698443
78925	WARM	8.69528139842	0.317568088498
6549	WARM	6.01634595918	0.226175270887
7194	WARM	7.05848473883	0.26241050683
8857	WARM	4.84178423619	0.184294219612
1136	WARM	3.75071764286	0.14440155258
8467	WARM	8.52156124862	0.311815647499
61209	WARM	7.25108087728	0.269011965536
5365027	WARM	4.72998736723	0.180250382491
22873	WARM	3.9486811638	0.151710413379
637776	WARM	12.1255870054	0.426211536126
7795	WARM	6.09930449809	0.229091573779
565690	WARM	5.73821234978	0.216357661603
24834	WARM	5.51433472809	0.208410234126
5364729	WARM	4.73248889064	0.180340975185
7916	WARM	4.59090136054	0.175205504301
8038	WARM	5.2925973635	0.200499259799
62572	WARM	4.41056327658	0.168641303697
6386	WARM	8.34557099436	0.305963417686
6826	WARM	6.0280805504	0.226588119967
8175	WARM	7.29801728444	0.270616268864
8452	WARM	4.31665914228	0.165212947231
241	WARM	4.21006060148	0.161312579952
4133	WARM	4.98541666667	0.18947491493
8294	WARM	4.60226824746	0.17561838069
18827	WARM	2.96606683214	0.115123652304
1183	WARM	7.05601421189	0.262325633852
61252	WARM	6.86433621934	0.255725804081
7151	WARM	5.38627808699	0.203846326827
61155	WARM	9.03448309364	0.328730569838
7583	WARM	6.01857143125	0.226253576421
10430	WARM	5.39199173411	0.20405023942
8785	WARM	4.99439506978	0.189798209946
1549778	WARM	6.226834743	0.233564001353
6140	WARM	8.54995688626	0.312757570348
61659	WARM	5.4608419768	0.206505361034
61177	WARM	5.39306503053	0.204088541052
69963	WARM	4.28478968666	0.164047818403
9016	WARM	4.57960049581	0.174794923552
12587	WARM	3.88518646521	0.149369589061
2969	WARM	7.0950912128	0.263667520785
8375	WARM	8.61971088435	0.315068669082
15717	WARM	3.94083513956	0.151421332943
18635	WARM	6.85596155594	0.255436778695
526618	WARM	5.80811615948	0.21883096105
660	WARM	5.43988740968	0.205758546375
679	WARM	6.34884915628	0.237830812008
24197	WARM	5.84716050857	0.220210705938
6057	WARM	5.43485484216	0.205579134824
196	WARM	6.2675323767	0.234988510231
7635	WARM	4.50470494835	0.172071251265
6998	WARM	4.43919969151	0.1696853901
311	WARM	7.72390968094	0.285092874934
7047	WARM	5.81069727032	0.218922209706
5368076	WARM	5.12726678624	0.194575125571
261	WARM	7.31016444398	0.27103117608
61138	WARM	4.32250652814	0.165426636051
7894	WARM	1.86950757576	0.0733822796
170833	WARM	6.73899827402	0.251394291866
228769	WARM	4.30261122811	0.164699463772
5960	WARM	7.49415730811	0.277301334821
11980	MUSKY	6.88638713334	0.256486554234
650	MUSKY	6.48641357495	0.242627118572
89440	MUSKY	6.77898462157	0.252777531863
7601	MUSKY	7.18688449913	0.266814856444
5363388	MUSKY	6.33356884078	0.237297115927
444539	MUSKY	14.5555829998	0.497477321407
6054	MUSKY	7.36870465504	0.273029062884
62374	MUSKY	6.72901285214	0.2510486685
235414	MUSKY	6.73657489952	0.25131041943
78925	MUSKY	6.84043062516	0.254900628551
6549	MUSKY	6.55018589297	0.244845461626
7194	MUSKY	7.11055747696	0.264198288025
8857	MUSKY	6.37069249413	0.238593410623
1136	MUSKY	11.8147359674	0.416754244306
8467	MUSKY	6.82392586328	0.254330648856
61209	MUSKY	6.63240830013	0.247700796061
5365027	MUSKY	6.41931418806	0.240289529664
22873	MUSKY	6.35244423794	0.237956350399
637776	MUSKY	6.73064897434	0.251105304727
7795	MUSKY	6.50587420048	0.243304408374
565690	MUSKY	6.5014768709	0.243151394235
24834	MUSKY	6.81863399012	0.254147851808
5364729	MUSKY	6.52279772608	0.243893152973
7916	MUSKY	6.45095246968	0.241392183681
8038	MUSKY	6.45308575076	0.241466503748
62572	MUSKY	6.48433540831	0.242554774058
6386	MUSKY	6.71232060252	0.250470724952
6826	MUSKY	6.92885925707	0.257950734041
8175	MUSKY	11.2090379682	0.398104505858
8452	MUSKY	6.65091235689	0.248342640204
241	MUSKY	7.76757688699	0.286568975202
4133	MUSKY	7.0104013514	0.260757763213
8294	MUSKY	6.44115972182	0.241050973448
18827	MUSKY	6.51542291101	0.243636622157
1183	MUSKY	6.88448057381	0.256420793844
61252	MUSKY	6.63977680118	0.247956417659
7151	MUSKY	7.03764334315	0.261694364196
61155	MUSKY	6.85404110718	0.255370492488
7583	MUSKY	7.49077183371	0.277186208283
10430	MUSKY	10.3044286029	0.369704644582
8785	MUSKY	7.01819701354	0.261025844813
1549778	MUSKY	6.39691327111	0.239508331085
6140	MUSKY	12.5964691197	0.440390351076
61659	MUSKY	12.8138877186	0.446877221357
61177	MUSKY	6.29242523647	0.235859163316
69963	MUSKY	6.63447208796	0.247772395564
9016	MUSKY	6.8913718163	0.256658470448
12587	MUSKY	17.2056087983	0.569811162284
2969	MUSKY	17.8570026468	0.586731088461
8375	MUSKY	7.05705536593	0.262361402462
15717	MUSKY	7.1534231105	0.265668339541
18635	MUSKY	12.2516135405	0.430023727882
526618	MUSKY	12.4041934309	0.434622131369
660	MUSKY	7.16728157907	0.266143293069
679	MUSKY	6.49858252296	0.243050670995
24197	MUSKY	6.41504899779	0.240140818454
6057	MUSKY	12.7974417772	0.446387864672
196	MUSKY	18.3244315327	0.598663344909
7635	MUSKY	6.40378485336	0.239748009955
6998	MUSKY	7.23750857512	0.268547730855
311	MUSKY	14.2291250177	0.488177801201
7047	MUSKY	7.60162499583	0.280951118802
5368076	MUSKY	6.38768479362	0.239186384936
261	MUSKY	11.8155351121	0.41677865649
61138	MUSKY	17.7031857848	0.582766316619
7894	MUSKY	6.63647490809	0.247841876641
170833	MUSKY	6.56849923692	0.245481896587
228769	MUSKY	6.43293960428	0.24076449939
5960	MUSKY	9.9289503635	0.357724392412
11980	SWEATY	4.71103502503	0.179563860599
650	SWEATY	4.45835053757	0.170383265696
89440	SWEATY	0.665095009023	0.0264268598125
7601	SWEATY	5.93769005143	0.223405136798
5363388	SWEATY	3.20126310983	0.123951290194
444539	SWEATY	8.04677727365	0.295970841149
6054	SWEATY	6.60731444217	0.246829936032
62374	SWEATY	4.10936770879	0.157619947165
235414	SWEATY	2.58604651163	0.100766805841
78925	SWEATY	5.25291009493	0.199079178011
6549	SWEATY	1.80042865484	0.0707205288572
7194	SWEATY	2.45073866332	0.0956270985346
8857	SWEATY	4.53908744562	0.173322171889
1136	SWEATY	3.58889960324	0.138403903985
8467	SWEATY	3.79441701923	0.146017640563
61209	SWEATY	3.97598817613	0.152716134255
5365027	SWEATY	4.02350039682	0.154464593695
22873	SWEATY	10.4684399707	0.374902304661
637776	SWEATY	1.51808701489	0.0598016453217
7795	SWEATY	1.36069019412	0.0536870166431
565690	SWEATY	1.47341382012	0.0580681734907
24834	SWEATY	2.37245759362	0.0926468817313
5364729	SWEATY	3.58448147011	0.13823985584
7916	SWEATY	4.51138340927	0.172314304265
8038	SWEATY	4.47173918682	0.170870986931
62572	SWEATY	1.31857562278	0.0520475682421
6386	SWEATY	4.61708729985	0.17615649394
6826	SWEATY	3.18065153179	0.123179443605
8175	SWEATY	2.88790897184	0.112180351582
8452	SWEATY	3.88976129934	0.149538354787
241	SWEATY	4.34070806836	0.166091624121
4133	SWEATY	1.80084443939	0.0707365612977
8294	SWEATY	1.14961185514	0.0454558312387
18827	SWEATY	4.08257644887	0.15663608577
1183	SWEATY	0.79768793517	0.03165299499
61252	SWEATY	3.85946076417	0.148420255611
7151	SWEATY	3.54762443361	0.136870721696
61155	SWEATY	2.81721777404	0.109514024567
7583	SWEATY	4.34509682089	0.166251926282
10430	SWEATY	7.0379058328	0.261703385907
8785	SWEATY	3.06861662203	0.118978101692
1549778	SWEATY	3.6415424414	0.140357365115
6140	SWEATY	6.89226190475	0.256689166525
61659	SWEATY	4.71025329528	0.179535537369
61177	SWEATY	6.29005016456	0.235776114153
69963	SWEATY	4.18316976809	0.160327227
9016	SWEATY	2.57243895261	0.100250581239
12587	SWEATY	18.3302536232	0.598810865771
2969	SWEATY	7.28250506586	0.270086250621
8375	SWEATY	2.27409862094	0.0888953350225
15717	SWEATY	2.66732318309	0.103847082138
18635	SWEATY	5.004814486	0.190173312224
526618	SWEATY	4.66623959671	0.177940067079
660	SWEATY	1.50043612911	0.0591169217335
679	SWEATY	4.50683566426	0.172148799488
24197	SWEATY	3.06457907248	0.118826504943
6057	SWEATY	8.04345238095	0.295859244756
196	SWEATY	7.58612663905	0.280425338609
7635	SWEATY	4.27063829563	0.163530191244
6998	SWEATY	2.15362820482	0.0842898824148
311	SWEATY	6.38953208594	0.239250835327
7047	SWEATY	4.32946087327	0.16568074235
5368076	SWEATY	2.96178728917	0.114962617988
261	SWEATY	4.6677291163	0.177994086611
61138	SWEATY	15.3930737601	0.52094426249
7894	SWEATY	4.56683386081	0.174330965828
170833	SWEATY	1.53972631946	0.0606407499228
228769	SWEATY	9.82946274893	0.354531174784
5960	SWEATY	6.22423626824	0.23347300388
11980	AMMONIA/URINOUS	1.63114792566	0.0641816596042
650	AMMONIA/URINOUS	7.40737587671	0.274347348117
89440	AMMONIA/URINOUS	4.92925307839	0.187451108771
7601	AMMONIA/URINOUS	8.33591396529	0.305641573957
5363388	AMMONIA/URINOUS	3.24600806569	0.125625695282
444539	AMMONIA/URINOUS	4.68334756384	0.178560404792
6054	AMMONIA/URINOUS	5.111911327	0.194023798114
62374	AMMONIA/URINOUS	5.0922610153	0.193317991713
235414	AMMONIA/URINOUS	8.18505529392	0.300604159691
78925	AMMONIA/URINOUS	4.33952810079	0.166048522376
6549	AMMONIA/URINOUS	7.76393691546	0.286445990047
7194	AMMONIA/URINOUS	4.46602615615	0.170662890395
8857	AMMONIA/URINOUS	6.94115310633	0.258374281675
1136	AMMONIA/URINOUS	3.47607808858	0.134209875992
8467	AMMONIA/URINOUS	6.3384602567	0.237467978898
61209	AMMONIA/URINOUS	5.511443077	0.208307321164
5365027	AMMONIA/URINOUS	8.56688146848	0.313318675501
22873	AMMONIA/URINOUS	0.786105102385	0.0311970196026
637776	AMMONIA/URINOUS	3.02468833186	0.117328037472
7795	AMMONIA/URINOUS	2.06558549801	0.0809167625405
565690	AMMONIA/URINOUS	2.06639715709	0.0809478873992
24834	AMMONIA/URINOUS	2.10698184067	0.0825035246359
5364729	AMMONIA/URINOUS	3.20319270041	0.124023530626
7916	AMMONIA/URINOUS	6.71345826792	0.250510121951
8038	AMMONIA/URINOUS	3.68885854441	0.142111270832
62572	AMMONIA/URINOUS	4.42425845865	0.169140713183
6386	AMMONIA/URINOUS	2.69080532993	0.104736039868
6826	AMMONIA/URINOUS	3.06350218424	0.118786069116
8175	AMMONIA/URINOUS	4.96688804817	0.188807531173
8452	AMMONIA/URINOUS	7.15580183694	0.265749873506
241	AMMONIA/URINOUS	4.02317628923	0.154452672587
4133	AMMONIA/URINOUS	4.71372187576	0.179661205462
8294	AMMONIA/URINOUS	4.27643112009	0.163742099554
18827	AMMONIA/URINOUS	6.14257664299	0.230610566594
1183	AMMONIA/URINOUS	2.28051755716	0.0891403981548
61252	AMMONIA/URINOUS	8.01448882941	0.294886740698
7151	AMMONIA/URINOUS	7.17473144212	0.266398549178
61155	AMMONIA/URINOUS	6.35391262435	0.238007622719
7583	AMMONIA/URINOUS	4.07457291343	0.156342058766
10430	AMMONIA/URINOUS	5.11694679191	0.194204613888
8785	AMMONIA/URINOUS	5.5866175914	0.210980585211
1549778	AMMONIA/URINOUS	1.82930984565	0.0718338440213
6140	AMMONIA/URINOUS	6.76786130536	0.252392873555
61659	AMMONIA/URINOUS	5.73024190057	0.216075407127
61177	AMMONIA/URINOUS	4.7341300536	0.180400407198
69963	AMMONIA/URINOUS	5.86216964124	0.220740772489
9016	AMMONIA/URINOUS	3.59130751045	0.138493304564
12587	AMMONIA/URINOUS	3.04567750895	0.118116639762
2969	AMMONIA/URINOUS	8.76062943262	0.319725726083
8375	AMMONIA/URINOUS	5.22994226223	0.198256772063
15717	AMMONIA/URINOUS	8.87976119895	0.323650384378
18635	AMMONIA/URINOUS	7.15412491373	0.265692395237
526618	AMMONIA/URINOUS	3.07398138999	0.119179510965
660	AMMONIA/URINOUS	4.48893385578	0.171497143366
679	AMMONIA/URINOUS	3.54219512195	0.136668946365
24197	AMMONIA/URINOUS	6.32560941044	0.237019042652
6057	AMMONIA/URINOUS	5.67389469268	0.214078555314
196	AMMONIA/URINOUS	2.56347985348	0.0999106225556
7635	AMMONIA/URINOUS	3.90245281773	0.150006457511
6998	AMMONIA/URINOUS	3.94848735106	0.151703273098
311	AMMONIA/URINOUS	4.9141632327	0.186906929197
7047	AMMONIA/URINOUS	5.41640477175	0.204921214609
5368076	AMMONIA/URINOUS	1.50532806278	0.0593067174805
261	AMMONIA/URINOUS	5.56778257798	0.210311221985
61138	AMMONIA/URINOUS	9.4108051223	0.341006903672
7894	AMMONIA/URINOUS	4.9737323878	0.189054089966
170833	AMMONIA/URINOUS	6.05334610698	0.227476644643
228769	AMMONIA/URINOUS	3.20159173127	0.123963593405
5960	AMMONIA/URINOUS	5.43576317305	0.205611518413
11980	DECAYED	5.11286727457	0.194058126276
650	DECAYED	5.69470599291	0.214816369178
89440	DECAYED	2.6048736224	0.10148079826
7601	DECAYED	4.6556122449	0.177554599646
5363388	DECAYED	4.30880614657	0.164925921699
444539	DECAYED	1.93382867133	0.075857269521
6054	DECAYED	7.80314877367	0.287770298633
62374	DECAYED	2.46461173124	0.0961547448554
235414	DECAYED	8.99365945504	0.327392014044
78925	DECAYED	18.1975102041	0.595440657112
6549	DECAYED	9.27571362018	0.336612999542
7194	DECAYED	5.18186864015	0.196534040564
8857	DECAYED	5.28448067634	0.200208932646
1136	DECAYED	3.42337604771	0.132247240483
8467	DECAYED	3.77497497782	0.145298824679
61209	DECAYED	4.15968008825	0.159466028155
5365027	DECAYED	4.30451496931	0.164769059124
22873	DECAYED	4.65202380952	0.177424422171
637776	DECAYED	0.772738018483	0.0306706711212
7795	DECAYED	3.84315972223	0.147818438229
565690	DECAYED	4.12394651051	0.158155086492
24834	DECAYED	2.7791581705	0.108076838765
5364729	DECAYED	2.82880615353	0.10995138844
7916	DECAYED	3.07803475521	0.119331671027
8038	DECAYED	4.24385416548	0.162550047348
62572	DECAYED	2.02664387975	0.079422841024
6386	DECAYED	2.81722381278	0.109514252507
6826	DECAYED	4.25246436841	0.162865193454
8175	DECAYED	6.34161022889	0.237578001038
8452	DECAYED	2.52777777778	0.0985552469137
241	DECAYED	1.81435580236	0.0712574773032
4133	DECAYED	2.4912550642	0.0971676618502
8294	DECAYED	1.7161323301	0.0674672491344
18827	DECAYED	1.07760869565	0.0426398516257
1183	DECAYED	2.05346153846	0.0804517798225
61252	DECAYED	11.1832566404	0.397304173983
7151	DECAYED	4.50145879824	0.171953099405
61155	DECAYED	4.25246436841	0.162865193454
7583	DECAYED	2.06199817103	0.0807791922581
10430	DECAYED	5.51541996381	0.208448855602
8785	DECAYED	3.44534949057	0.133065806378
1549778	DECAYED	5.11286727457	0.194058126276
6140	DECAYED	4.86197652826	0.185023534826
61659	DECAYED	4.86965130023	0.185300650495
61177	DECAYED	3.2190617849	0.124617527886
69963	DECAYED	4.15968008825	0.159466028155
9016	DECAYED	2.53970326352	0.0990080934742
12587	DECAYED	3.76607035025	0.144969499657
2969	DECAYED	1.13991412691	0.0450768033899
8375	DECAYED	3.03453914262	0.117698194581
15717	DECAYED	2.83981909672	0.110366934868
18635	DECAYED	18.2539183673	0.596874520389
526618	DECAYED	3.67915576934	0.141751755903
660	DECAYED	3.18456223208	0.123325914639
679	DECAYED	7.36387031408	0.272864178162
24197	DECAYED	3.95957178555	0.152111587932
6057	DECAYED	7.26377860807	0.269446152456
196	DECAYED	2.79578148248	0.10870470166
7635	DECAYED	5.37144238748	0.203316738171
6998	DECAYED	4.40713604342	0.168516302495
311	DECAYED	7.05038153753	0.262132109571
7047	DECAYED	1.95779896205	0.0767787677716
5368076	DECAYED	1.18465214792	0.0468247256323
261	DECAYED	3.44988831539	0.13323484086
61138	DECAYED	2.0453770338	0.0801416544677
7894	DECAYED	4.34929108661	0.166405110282
170833	DECAYED	4.16346861167	0.159604956115
228769	DECAYED	1.76254507216	0.0692591768339
5960	DECAYED	4.56432069474	0.174239618428
11980	WOOD	0.986386824215	0.0390662893818
650	WOOD	2.01786017648	0.0790857031825
89440	WOOD	5.08410024672	0.193024779742
7601	WOOD	2.39839935889	0.0936350465617
5363388	WOOD	2.34581120641	0.0916313161698
444539	WOOD	5.86071594055	0.220689441088
6054	WOOD	2.80138405642	0.108916261204
62374	WOOD	3.7294608031	0.143614880971
235414	WOOD	2.59928087438	0.10126873055
78925	WOOD	3.45596082405	0.133460966875
6549	WOOD	4.18164301618	0.160271265321
7194	WOOD	4.17560189293	0.16004981525
8857	WOOD	3.65504765052	0.14085815669
1136	WOOD	2.32782571152	0.0909455194436
8467	WOOD	3.77986076415	0.145479491608
61209	WOOD	4.89360142119	0.1861651229
5365027	WOOD	3.10555604597	0.120364450497
22873	WOOD	4.62699314694	0.176516099645
637776	WOOD	4.70012706993	0.179168605008
7795	WOOD	2.46267316367	0.0960810229025
565690	WOOD	3.30472010211	0.127820334103
24834	WOOD	3.38043666115	0.130646525638
5364729	WOOD	1.88661818039	0.0740409959521
7916	WOOD	5.26691176471	0.199580326773
8038	WOOD	2.45805872272	0.0959055278352
62572	WOOD	1.3451850797	0.0530835940284
6386	WOOD	2.61746364044	0.101958099254
6826	WOOD	3.50281888654	0.135204859401
8175	WOOD	2.02949126562	0.079532116706
8452	WOOD	2.28169989096	0.0891855338815
241	WOOD	4.27716312057	0.163768875079
4133	WOOD	2.55880294351	0.099733128739
8294	WOOD	2.34985324302	0.0917854056154
18827	WOOD	1.6331547619	0.0642593126857
1183	WOOD	2.49762892882	0.0974098970465
61252	WOOD	2.1525064691	0.0842469451241
7151	WOOD	3.84108722736	0.147741908659
61155	WOOD	3.50281888654	0.135204859401
7583	WOOD	2.16452549654	0.0847069516116
10430	WOOD	1.07334632705	0.0424730241468
8785	WOOD	2.52469550897	0.0984381853936
1549778	WOOD	3.27802721089	0.126822903477
6140	WOOD	1.92141117544	0.0753797186556
61659	WOOD	3.43076336245	0.132522479598
61177	WOOD	4.05625770891	0.155669017716
69963	WOOD	2.78443627451	0.108276216834
9016	WOOD	3.22801739903	0.12495265743
12587	WOOD	3.28405183315	0.127048074749
2969	WOOD	2.07767897863	0.0813804591699
8375	WOOD	2.80549850961	0.10907161163
15717	WOOD	4.20961730761	0.161296341154
18635	WOOD	3.27078074286	0.126552027047
526618	WOOD	3.1788685165	0.123112658642
660	WOOD	4.00843644815	0.153910432823
679	WOOD	4.01107297464	0.154007436423
24197	WOOD	3.75381506951	0.14451615175
6057	WOOD	2.05268316813	0.0804219234497
196	WOOD	2.47274646201	0.0964640684543
7635	WOOD	3.36621413783	0.130116006465
6998	WOOD	2.59404274146	0.10107008656
311	WOOD	3.00351404915	0.116532123309
7047	WOOD	3.03388857638	0.117673751098
5368076	WOOD	1.51674800373	0.0597497103464
261	WOOD	5.76877144818	0.217439368319
61138	WOOD	3.75359477124	0.144508001367
7894	WOOD	2.48645392128	0.0969851756101
170833	WOOD	4.53171999955	0.17305420552
228769	WOOD	3.60879761905	0.13914253666
5960	WOOD	5.08180441706	0.192942282229
11980	GRASS	2.91015687976	0.113018669965
650	GRASS	1.90965624548	0.0749275350287
89440	GRASS	6.12295902377	0.229922110068
7601	GRASS	1.08584376863	0.0429621280694
5363388	GRASS	21.8422744805	0.682856997428
444539	GRASS	5.71349185008	0.215482078355
6054	GRASS	2.86311141155	0.11124549368
62374	GRASS	4.77618444835	0.18192260278
235414	GRASS	2.58057682806	0.100559322416
78925	GRASS	3.5880690245	0.13837306525
6549	GRASS	3.98046721772	0.152881041
7194	GRASS	1.305625	0.0515431373438
8857	GRASS	1.37466183575	0.0542305953648
1136	GRASS	2.81096392449	0.109277949706
8467	GRASS	4.11651565852	0.157882345874
61209	GRASS	2.40225094449	0.0937817139395
5365027	GRASS	5.59408641627	0.211245935518
22873	GRASS	2.91901339029	0.113352279943
637776	GRASS	3.60278186275	0.13891925965
7795	GRASS	1.59082377536	0.0626206629007
565690	GRASS	3.11210754632	0.120610216501
24834	GRASS	2.62127342959	0.102102507426
5364729	GRASS	2.72296668762	0.105952848472
7916	GRASS	3.61541950114	0.139388276778
8038	GRASS	3.65586579144	0.140888489783
62572	GRASS	1.89577086119	0.0743932555843
6386	GRASS	4.57579462896	0.174656626564
6826	GRASS	1.78595934375	0.070162513439
8175	GRASS	3.1024422728	0.12024763169
8452	GRASS	1.11544679828	0.0441201833075
241	GRASS	4.9055778323	0.186597235745
4133	GRASS	3.18789383881	0.123450686701
8294	GRASS	3.65562082505	0.140879407555
18827	GRASS	1.57453137017	0.0619895951925
1183	GRASS	2.06156746032	0.0807626742553
61252	GRASS	2.66993049166	0.103945808134
7151	GRASS	4.40595411532	0.168473191946
61155	GRASS	1.89570119802	0.0743905747081
7583	GRASS	1.20414656772	0.0475858751261
10430	GRASS	2.64129166173	0.102861097812
8785	GRASS	3.4248092653	0.13230064321
1549778	GRASS	1.0065248227	0.0398557560203
6140	GRASS	2.24331323438	0.0877195476683
61659	GRASS	2.76583424339	0.107573434111
61177	GRASS	3.59575551783	0.138658437615
69963	GRASS	2.8429294258	0.110484277944
9016	GRASS	2.49072948328	0.0971476859878
12587	GRASS	4.30655555556	0.164843653921
2969	GRASS	2.56824055554	0.100091278401
8375	GRASS	2.51172719675	0.0979455784656
15717	GRASS	1.13674600122	0.0449529634604
18635	GRASS	3.34651162791	0.129380809086
526618	GRASS	3.34412869708	0.129291869186
660	GRASS	3.40814290065	0.131679540814
679	GRASS	2.93227342282	0.113851645942
24197	GRASS	2.45818891254	0.0959104794096
6057	GRASS	1.04816326531	0.0414870721199
196	GRASS	2.59955660476	0.101279186374
7635	GRASS	2.45822249976	0.095911756847
6998	GRASS	1.77131029251	0.0695973956394
311	GRASS	1.74798557104	0.068697241419
7047	GRASS	2.71207573455	0.105540887466
5368076	GRASS	1.95745789149	0.076765659101
261	GRASS	0.382936507937	0.0152588041698
61138	GRASS	2.09145324796	0.0819084592432
7894	GRASS	1.59825990521	0.0629086223185
170833	GRASS	4.87138088039	0.185363094543
228769	GRASS	1.76805415058	0.0694717598316
5960	GRASS	4.12643484233	0.15824640789
11980	FLOWER	7.28661839957	0.270226812902
650	FLOWER	2.57403231071	0.100311035494
89440	FLOWER	13.9910510744	0.481342238911
7601	FLOWER	7.67946960218	0.283589082739
5363388	FLOWER	7.96196749606	0.293121529279
444539	FLOWER	9.56200548436	0.345907439821
6054	FLOWER	6.90697319429	0.257196416289
62374	FLOWER	7.5636384327	0.279662086772
235414	FLOWER	0.770737263944	0.0305918761857
78925	FLOWER	1.61024806474	0.0633727630578
6549	FLOWER	6.04421842326	0.227155706391
7194	FLOWER	11.4141281369	0.404452197027
8857	FLOWER	8.46118352842	0.309810690456
1136	FLOWER	5.29206922532	0.200480370339
8467	FLOWER	4.35851782144	0.166742041818
61209	FLOWER	1.83318158678	0.0719830415791
5365027	FLOWER	6.51681185117	0.243684939365
22873	FLOWER	9.14036284305	0.332196020561
637776	FLOWER	9.40423934109	0.34079368661
7795	FLOWER	10.138063871	0.36441041922
565690	FLOWER	11.5899130465	0.409866088089
24834	FLOWER	8.43166059678	0.308829263703
5364729	FLOWER	3.95893082207	0.152087979581
7916	FLOWER	7.65833333332	0.282873305555
8038	FLOWER	6.89605605285	0.25682000648
62572	FLOWER	7.92641837448	0.29192549168
6386	FLOWER	9.54034642764	0.345206573122
6826	FLOWER	4.79317644054	0.182537241465
8175	FLOWER	3.17232707366	0.122867619322
8452	FLOWER	3.26996965474	0.126521705573
241	FLOWER	3.05996023055	0.118653066577
4133	FLOWER	14.764673913	0.503388718218
8294	FLOWER	7.91343718602	0.291488492202
18827	FLOWER	3.66694104354	0.141299059095
1183	FLOWER	9.94705996704	0.358304797886
61252	FLOWER	3.77343099755	0.145241727305
7151	FLOWER	8.45554569654	0.309623326651
61155	FLOWER	4.93727959521	0.187740491888
7583	FLOWER	3.48883513289	0.134684617082
10430	FLOWER	4.75209597352	0.181050872484
8785	FLOWER	10.7786598996	0.384674592292
1549778	FLOWER	9.9806843686	0.359381750558
6140	FLOWER	7.37178287982	0.273134042062
61659	FLOWER	2.77494012496	0.10791748792
61177	FLOWER	5.99481464896	0.225417464888
69963	FLOWER	1.84943305374	0.0726091611016
9016	FLOWER	7.25053009353	0.268993129086
12587	FLOWER	1.63442497289	0.0643084609187
2969	FLOWER	6.6569660075	0.24855256173
8375	FLOWER	14.6574234694	0.50036091367
15717	FLOWER	4.420387414	0.168999566604
18635	FLOWER	2.51438439336	0.0980465241833
526618	FLOWER	4.76567353067	0.181542283547
660	FLOWER	4.83239844297	0.183955107834
679	FLOWER	7.22092219749	0.267980200947
24197	FLOWER	10.4767469445	0.375164987164
6057	FLOWER	13.6762220468	0.472233262083
196	FLOWER	5.88237547893	0.221454082647
7635	FLOWER	10.0863342503	0.362759714569
6998	FLOWER	8.51268984338	0.311521238387
311	FLOWER	1.96368993574	0.0770051661643
7047	FLOWER	2.68433179724	0.10449101701
5368076	FLOWER	10.1360544218	0.364346337174
261	FLOWER	2.33521825396	0.0912274324411
61138	FLOWER	2.90827638454	0.11294782677
7894	FLOWER	3.87310576352	0.148923851239
170833	FLOWER	4.00143610245	0.153652847745
228769	FLOWER	6.65033406295	0.248322585259
5960	FLOWER	1.71583036989	0.0674555852525
11980	CHEMICAL	14.9028548131	0.507276159891
650	CHEMICAL	20.7455924943	0.657671856595
89440	CHEMICAL	10.0957779543	0.363061225171
7601	CHEMICAL	6.8793498818	0.256243813353
5363388	CHEMICAL	17.4422164564	0.57599629229
444539	CHEMICAL	11.3511627907	0.402506952948
6054	CHEMICAL	11.4246340372	0.404776456335
62374	CHEMICAL	18.3432298845	0.599139562341
235414	CHEMICAL	23.7633581986	0.724655450794
78925	CHEMICAL	6.19022177291	0.232281332677
6549	CHEMICAL	14.9975546487	0.509931527773
7194	CHEMICAL	11.24875	0.399336249375
8857	CHEMICAL	9.61094206014	0.347489599492
1136	CHEMICAL	12.8308518565	0.447381770515
8467	CHEMICAL	21.8926045507	0.683989728423
61209	CHEMICAL	22.490935655	0.697300551546
5365027	CHEMICAL	21.7028670917	0.679708907668
22873	CHEMICAL	14.0244110959	0.482302801202
637776	CHEMICAL	9.12950980392	0.331841212453
7795	CHEMICAL	14.8380543231	0.505455030487
565690	CHEMICAL	21.819806905	0.682350686852
24834	CHEMICAL	18.4488208086	0.601809236653
5364729	CHEMICAL	13.6862205932	0.472523770078
7916	CHEMICAL	24.8178422531	0.746343572485
8038	CHEMICAL	19.9316136867	0.638356857806
62572	CHEMICAL	13.3413098449	0.462456174446
6386	CHEMICAL	11.170030104	0.39689337515
6826	CHEMICAL	16.1810558374	0.542511606292
8175	CHEMICAL	28.0325921646	0.806973197197
8452	CHEMICAL	37.3837667994	0.936332263931
241	CHEMICAL	19.1248965803	0.618691195528
4133	CHEMICAL	24.7992464539	0.745968808283
8294	CHEMICAL	6.34070979561	0.23754655154
18827	CHEMICAL	23.8886840545	0.727279671838
1183	CHEMICAL	18.3945352892	0.600437840166
61252	CHEMICAL	27.0050960997	0.788493757847
7151	CHEMICAL	14.0073222073	0.481810858125
61155	CHEMICAL	17.4950191099	0.577370486933
7583	CHEMICAL	11.2352237182	0.39891684793
10430	CHEMICAL	12.2888335653	0.431147170454
8785	CHEMICAL	14.9911451804	0.509752033689
1549778	CHEMICAL	20.3765727924	0.648981024191
6140	CHEMICAL	11.6814680711	0.412676044325
61659	CHEMICAL	6.17317798041	0.231683868665
61177	CHEMICAL	13.1467578819	0.456735418155
69963	CHEMICAL	17.7949891832	0.585134911316
9016	CHEMICAL	31.4732154081	0.862703301074
12587	CHEMICAL	22.4447498663	0.696283276027
2969	CHEMICAL	24.7482449745	0.744939547253
8375	CHEMICAL	36.4917741262	0.927011133497
15717	CHEMICAL	15.7741068995	0.53143529659
18635	CHEMICAL	12.8105149604	0.446776880995
526618	CHEMICAL	22.8345220003	0.704814722019
660	CHEMICAL	16.4180527211	0.548901126782
679	CHEMICAL	8.82750000001	0.3219300975
24197	CHEMICAL	8.13756601925	0.299014648483
6057	CHEMICAL	15.0482796273	0.511350897197
196	CHEMICAL	10.639732458	0.38030773561
7635	CHEMICAL	16.7764422655	0.558478084584
6998	CHEMICAL	39.4148149737	0.955181543183
311	CHEMICAL	13.9521581386	0.480221238855
7047	CHEMICAL	13.3455610061	0.462580840816
5368076	CHEMICAL	8.58779070711	0.314011568593
261	CHEMICAL	8.61483545172	0.314907262125
61138	CHEMICAL	21.0425028345	0.664585343163
7894	CHEMICAL	13.6782508614	0.472292215806
170833	CHEMICAL	24.4252165445	0.738372180483
228769	CHEMICAL	16.6574041042	0.555308519573
5960	CHEMICAL	15.1227167059	0.513430044009
