#oID	descriptor	value	sigma
11980	INTENSITY/STRENGTH	65.3010204082	0.906351509788
650	INTENSITY/STRENGTH	41.1265306123	0.96850461641
89440	INTENSITY/STRENGTH	40.8602040816	0.966585652228
7601	INTENSITY/STRENGTH	35.1448979592	0.911730377343
5363388	INTENSITY/STRENGTH	45.9918367347	0.993573850895
444539	INTENSITY/STRENGTH	27.7408163265	0.801811496876
6054	INTENSITY/STRENGTH	52.5959183674	0.997304483132
62374	INTENSITY/STRENGTH	60.7102040816	0.954116611412
235414	INTENSITY/STRENGTH	43.0836734694	0.980865770929
78925	INTENSITY/STRENGTH	51.2040816327	0.999420074969
6549	INTENSITY/STRENGTH	50.3673469388	0.999946022491
7194	INTENSITY/STRENGTH	20.9102040816	0.661513509371
8857	INTENSITY/STRENGTH	50.687755102	0.999810797168
1136	INTENSITY/STRENGTH	74.6816326531	0.756326803832
8467	INTENSITY/STRENGTH	52.8448979592	0.996762622241
61209	INTENSITY/STRENGTH	51.5969387755	0.998979914619
5365027	INTENSITY/STRENGTH	58.1183673469	0.973636844648
22873	INTENSITY/STRENGTH	25.9448979592	0.768540826323
637776	INTENSITY/STRENGTH	34.9326530612	0.909190022491
7795	INTENSITY/STRENGTH	57.1224489796	0.979708288213
565690	INTENSITY/STRENGTH	31.2428571429	0.859267836735
24834	INTENSITY/STRENGTH	59.7255102041	0.962165780508
5364729	INTENSITY/STRENGTH	47.3469387755	0.997184506456
8038	INTENSITY/STRENGTH	37.7979591837	0.940444079967
62572	INTENSITY/STRENGTH	60.2265306122	0.958167228655
6386	INTENSITY/STRENGTH	15.012244898	0.510342797168
6826	INTENSITY/STRENGTH	40.4489795918	0.963511203665
8175	INTENSITY/STRENGTH	61.6714285714	0.945511102041
8452	INTENSITY/STRENGTH	50.9397959184	0.999646713453
241	INTENSITY/STRENGTH	37.7183673469	0.93966459975
4133	INTENSITY/STRENGTH	61.5183673469	0.946930885465
8294	INTENSITY/STRENGTH	44.0571428571	0.985872979592
18827	INTENSITY/STRENGTH	68.1959183673	0.867563421908
1183	INTENSITY/STRENGTH	48.1693877551	0.998659543524
61252	INTENSITY/STRENGTH	32.2775510204	0.874365920866
7151	INTENSITY/STRENGTH	57.7295918367	0.976101364015
61155	INTENSITY/STRENGTH	39.9693877551	0.959754727197
7583	INTENSITY/STRENGTH	38.6571428572	0.948535836735
8785	INTENSITY/STRENGTH	63.6102040816	0.925904937943
1549778	INTENSITY/STRENGTH	30.4734693878	0.8474858409
6140	INTENSITY/STRENGTH	27.3397959184	0.794606060392
61659	INTENSITY/STRENGTH	43.5346938776	0.983279926697
61177	INTENSITY/STRENGTH	64.7571428571	0.912890693878
69963	INTENSITY/STRENGTH	31.187755102	0.85843977676
2969	INTENSITY/STRENGTH	47.993877551	0.998390189088
8375	INTENSITY/STRENGTH	67.1653061224	0.882140906289
660	INTENSITY/STRENGTH	51.0428571429	0.999564979592
679	INTENSITY/STRENGTH	30.9387755102	0.85466788838
24197	INTENSITY/STRENGTH	40.7520408163	0.965790100375
6057	INTENSITY/STRENGTH	33.5510204082	0.891772428155
196	INTENSITY/STRENGTH	21.5693877551	0.676680114952
7635	INTENSITY/STRENGTH	39.0551020408	0.952083683465
6998	INTENSITY/STRENGTH	32.3367346939	0.87520362349
311	INTENSITY/STRENGTH	20.9387755102	0.662178092462
7047	INTENSITY/STRENGTH	55.3959183673	0.988353625989
5368076	INTENSITY/STRENGTH	52.4367346939	0.997624929613
261	INTENSITY/STRENGTH	46.2591836735	0.994402517285
61138	INTENSITY/STRENGTH	30.2734693878	0.844345596002
170833	INTENSITY/STRENGTH	38.093877551	0.943297699292
228769	INTENSITY/STRENGTH	23.0693877551	0.709896849646
5960	INTENSITY/STRENGTH	15.4346938776	0.522095845065
11980	VALENCE/PLEASANTNESS	47.2962418128	0.997075876666
650	VALENCE/PLEASANTNESS	41.3469201837	0.970049683877
89440	VALENCE/PLEASANTNESS	52.572007999	0.997353909941
7601	VALENCE/PLEASANTNESS	41.3569651109	0.970119179162
5363388	VALENCE/PLEASANTNESS	56.144929078	0.98489593865
444539	VALENCE/PLEASANTNESS	49.1082607119	0.999681920417
6054	VALENCE/PLEASANTNESS	34.2745691057	0.901084329276
62374	VALENCE/PLEASANTNESS	45.7996668705	0.992942880641
235414	VALENCE/PLEASANTNESS	46.1007732986	0.993918412453
78925	VALENCE/PLEASANTNESS	24.0667189702	0.730985974012
6549	VALENCE/PLEASANTNESS	47.5773559994	0.997652318419
7194	VALENCE/PLEASANTNESS	45.1172831633	0.990463630517
8857	VALENCE/PLEASANTNESS	45.3320560105	0.991284119564
1136	VALENCE/PLEASANTNESS	37.3979307	0.936475139743
8467	VALENCE/PLEASANTNESS	54.8660014332	0.990528812021
61209	VALENCE/PLEASANTNESS	42.4421317371	0.977151450928
5365027	VALENCE/PLEASANTNESS	41.9885149673	0.974326443028
22873	VALENCE/PLEASANTNESS	48.6324795017	0.999251955075
637776	VALENCE/PLEASANTNESS	54.5856477753	0.991588733793
7795	VALENCE/PLEASANTNESS	55.4102874093	0.988291516059
565690	VALENCE/PLEASANTNESS	49.7549581034	0.999975981788
24834	VALENCE/PLEASANTNESS	52.1239221714	0.998195581844
5364729	VALENCE/PLEASANTNESS	46.6448825807	0.995497274841
7916	VALENCE/PLEASANTNESS	43.1099977402	0.981011147544
8038	VALENCE/PLEASANTNESS	46.309707375	0.994552696137
62572	VALENCE/PLEASANTNESS	44.756824577	0.989003644593
6386	VALENCE/PLEASANTNESS	38.9051162602	0.95076142192
6826	VALENCE/PLEASANTNESS	49.9586096892	0.999999314737
8175	VALENCE/PLEASANTNESS	35.9739918212	0.921308437828
8452	VALENCE/PLEASANTNESS	36.8647389616	0.930985966981
241	VALENCE/PLEASANTNESS	46.3739409149	0.994740678204
4133	VALENCE/PLEASANTNESS	60.4625360191	0.95621413602
8294	VALENCE/PLEASANTNESS	47.9623572172	0.998339204756
18827	VALENCE/PLEASANTNESS	39.5008553313	0.95590718449
1183	VALENCE/PLEASANTNESS	43.793431514	0.984591403051
61252	VALENCE/PLEASANTNESS	33.6320130801	0.892835601676
7151	VALENCE/PLEASANTNESS	51.4107075083	0.99920396173
61155	VALENCE/PLEASANTNESS	54.6334836167	0.99141233183
7583	VALENCE/PLEASANTNESS	38.405817797	0.946229975618
10430	VALENCE/PLEASANTNESS	44.4298983968	0.987589587252
8785	VALENCE/PLEASANTNESS	54.4116880681	0.992214803356
1549778	VALENCE/PLEASANTNESS	48.195670749	0.998697758382
6140	VALENCE/PLEASANTNESS	46.4802338435	0.995044498482
61659	VALENCE/PLEASANTNESS	28.4099961842	0.813548694093
61177	VALENCE/PLEASANTNESS	45.5027376143	0.991909852414
69963	VALENCE/PLEASANTNESS	39.5640963135	0.956436765698
9016	VALENCE/PLEASANTNESS	48.5877582222	0.999202229264
12587	VALENCE/PLEASANTNESS	26.6018474274	0.781010582475
2969	VALENCE/PLEASANTNESS	28.9324953117	0.822464098484
8375	VALENCE/PLEASANTNESS	45.632661996	0.992370543503
15717	VALENCE/PLEASANTNESS	49.7442294236	0.999973832565
18635	VALENCE/PLEASANTNESS	31.3492267574	0.860859462981
526618	VALENCE/PLEASANTNESS	24.062327517	0.730894858466
660	VALENCE/PLEASANTNESS	44.199005555	0.986539385379
679	VALENCE/PLEASANTNESS	40.4242936849	0.963322339427
24197	VALENCE/PLEASANTNESS	55.6920521251	0.987040217042
6057	VALENCE/PLEASANTNESS	48.6954739519	0.999319284716
196	VALENCE/PLEASANTNESS	30.3904503861	0.846186225577
7635	VALENCE/PLEASANTNESS	44.5326831804	0.988043378718
6998	VALENCE/PLEASANTNESS	47.4796613085	0.997459157152
311	VALENCE/PLEASANTNESS	49.6970746111	0.999963294484
7047	VALENCE/PLEASANTNESS	40.7659778424	0.965893133917
5368076	VALENCE/PLEASANTNESS	54.5862124213	0.991586662251
261	VALENCE/PLEASANTNESS	41.4667788845	0.970873654957
61138	VALENCE/PLEASANTNESS	36.8340740192	0.930663357228
7894	VALENCE/PLEASANTNESS	47.7761612221	0.998021816436
170833	VALENCE/PLEASANTNESS	51.8039539501	0.998698300058
228769	VALENCE/PLEASANTNESS	41.5093799104	0.971163748197
5960	VALENCE/PLEASANTNESS	40.1256913035	0.960999211106
11980	BAKERY	3.502588524	0.135196290413
650	BAKERY	9.94293309228	0.3581725563
89440	BAKERY	2.10834545577	0.0825557700064
7601	BAKERY	2.10221884663	0.0823210242335
5363388	BAKERY	2.76586868403	0.10757473553
444539	BAKERY	7.63753804684	0.282168726907
6054	BAKERY	2.17444925613	0.0850866784182
62374	BAKERY	3.18742934332	0.123433291405
235414	BAKERY	1.67107692112	0.0657260776141
78925	BAKERY	2.84079198266	0.110403639671
6549	BAKERY	2.37918322909	0.0929031240286
7194	BAKERY	2.08076376005	0.0814987192719
8857	BAKERY	1.95333240296	0.0766070931278
1136	BAKERY	5.50847497447	0.208201680361
8467	BAKERY	10.857881195	0.387157814183
61209	BAKERY	11.2727408739	0.400079760233
5365027	BAKERY	0.25612865544	0.0102189054624
22873	BAKERY	3.88718358817	0.149443265027
637776	BAKERY	10.0888253208	0.362839254291
7795	BAKERY	4.08891851853	0.156869038881
565690	BAKERY	1.40000062839	0.0552160244316
24834	BAKERY	4.57576628728	0.174655596645
5364729	BAKERY	1.0003617098	0.039614178972
7916	BAKERY	5.2318366998	0.198324621891
8038	BAKERY	3.8689155443	0.148769218777
62572	BAKERY	6.30156142643	0.236178586493
6386	BAKERY	1.28601607077	0.0507791078971
6826	BAKERY	3.28491161616	0.127080206916
8175	BAKERY	0.493590069819	0.01964615033
8452	BAKERY	1.27482929208	0.0503430957938
241	BAKERY	2.72338035951	0.105968494147
4133	BAKERY	2.39786077808	0.0936145365988
8294	BAKERY	3.42351965466	0.132252591456
18827	BAKERY	0.891176638266	0.0353293872104
1183	BAKERY	14.5927617856	0.49853099281
61252	BAKERY	2.65858854906	0.103516304733
7151	BAKERY	3.65377348979	0.140810915306
61155	BAKERY	17.5618857049	0.57910749639
7583	BAKERY	2.05618401767	0.0805562036211
10430	BAKERY	2.3564529436	0.0920369695537
8785	BAKERY	3.53676654262	0.136467174674
1549778	BAKERY	1.60494076941	0.0631672968271
6140	BAKERY	3.19686600979	0.123786659478
61659	BAKERY	3.14462525213	0.121829542895
61177	BAKERY	2.02978345585	0.0795433298828
69963	BAKERY	2.78245977312	0.108201557969
9016	BAKERY	0.918313933142	0.0363952371338
12587	BAKERY	3.33732113728	0.129037760542
2969	BAKERY	0.54097869853	0.0215220847603
8375	BAKERY	3.29674481879	0.127522382191
15717	BAKERY	1.58091365157	0.0622368308732
18635	BAKERY	5.67683782315	0.214182917858
526618	BAKERY	2.7630995707	0.107470095133
660	BAKERY	6.51467847572	0.243610724772
679	BAKERY	5.0254810197	0.190917056996
24197	BAKERY	3.882003367	0.149252154624
6057	BAKERY	4.98338263301	0.189401664334
196	BAKERY	1.34739127034	0.0531694655194
7635	BAKERY	1.84975237065	0.0726214612927
6998	BAKERY	6.88540938848	0.25645283056
311	BAKERY	6.43054286082	0.240680961839
7047	BAKERY	3.41772742252	0.132036752607
5368076	BAKERY	4.51152002469	0.172319275814
261	BAKERY	3.82790142308	0.147254925201
61138	BAKERY	0.689824263039	0.027402627516
7894	BAKERY	1.13947116242	0.0450594886849
170833	BAKERY	1.2651108921	0.0499642334562
228769	BAKERY	1.56128276695	0.0614762691267
5960	BAKERY	7.84361718801	0.289135755284
11980	SWEET	13.9396960521	0.479861791675
650	SWEET	18.1239711598	0.593567514152
89440	SWEET	4.86800932843	0.185241367209
7601	SWEET	13.1690159382	0.457391445215
5363388	SWEET	17.3298844244	0.573065419311
444539	SWEET	20.7886011155	0.658677670085
6054	SWEET	14.3817520578	0.49253616541
62374	SWEET	15.0089858554	0.510251571653
235414	SWEET	10.6929226008	0.381981466532
78925	SWEET	5.10626097571	0.193820878568
6549	SWEET	16.6599651154	0.555376829559
7194	SWEET	14.0803736215	0.483912176331
8857	SWEET	29.2954912367	0.828529326748
1136	SWEET	8.96416753501	0.326424181562
8467	SWEET	21.4246055531	0.673378732882
61209	SWEET	18.9045393679	0.61322893123
5365027	SWEET	13.1894612113	0.457993693635
22873	SWEET	18.7813951931	0.610159485565
637776	SWEET	25.5779799898	0.761425975448
7795	SWEET	19.8005995128	0.635198484086
565690	SWEET	11.5818471931	0.409618213963
24834	SWEET	17.8466805016	0.586465618093
5364729	SWEET	12.5355184623	0.438565049246
7916	SWEET	10.133164655	0.36425417583
8038	SWEET	8.46605091123	0.309972429237
62572	SWEET	35.2511444008	0.912988503406
6386	SWEET	7.59568319187	0.280749566414
6826	SWEET	22.7113960538	0.702132837868
8175	SWEET	6.25184259034	0.234439489304
8452	SWEET	11.5674202878	0.409174726667
241	SWEET	2.66817250231	0.103879242291
4133	SWEET	26.494482109	0.77899625147
8294	SWEET	21.3616936107	0.67193896286
18827	SWEET	6.56872448195	0.24548972275
1183	SWEET	25.5462077553	0.76080481794
61252	SWEET	7.87399619281	0.290159921295
7151	SWEET	15.1295756127	0.51362140122
61155	SWEET	27.811527132	0.803068668715
7583	SWEET	6.52549545531	0.243986981837
10430	SWEET	13.1823229881	0.45778346378
8785	SWEET	18.6612078343	0.607152042239
1549778	SWEET	11.8337940586	0.417336289616
6140	SWEET	14.346706519	0.491537065584
61659	SWEET	4.51359468125	0.172394772471
61177	SWEET	11.5390180989	0.408301148481
69963	SWEET	7.01857856736	0.261038964652
9016	SWEET	11.9302847167	0.4202787113
12587	SWEET	10.6585752688	0.380900920048
2969	SWEET	2.34596673702	0.0916372455082
8375	SWEET	12.8229902432	0.447147978218
15717	SWEET	14.7228095038	0.502207932278
18635	SWEET	4.14273654725	0.15884455545
526618	SWEET	4.80016251732	0.182789876616
660	SWEET	6.98110059857	0.259749717716
679	SWEET	14.7973725903	0.504310009382
24197	SWEET	34.0201986711	0.897858379795
6057	SWEET	14.0785278215	0.483859134611
196	SWEET	6.19128510378	0.232318599657
7635	SWEET	21.089640331	0.665676441524
6998	SWEET	11.3025399622	0.401002634649
311	SWEET	12.0412256791	0.423652580822
7047	SWEET	7.83472493476	0.288835831469
5368076	SWEET	28.4230257286	0.813773672517
261	SWEET	8.91744993324	0.324889632005
61138	SWEET	4.74975607971	0.180966170062
7894	SWEET	12.3740969881	0.433716569014
170833	SWEET	9.74771203972	0.351901325585
228769	SWEET	12.9027599491	0.449517912243
5960	SWEET	10.3079554865	0.369816640937
11980	FRUIT	14.4225728402	0.493698670676
650	FRUIT	1.73921291402	0.0683585719368
89440	FRUIT	2.33563705453	0.0912434020008
7601	FRUIT	0.84907620169	0.0336746759091
5363388	FRUIT	13.6936538693	0.472739692255
444539	FRUIT	6.4864244595	0.242627497473
6054	FRUIT	1.92279547155	0.0754329618917
62374	FRUIT	2.0423914704	0.0800271136487
235414	FRUIT	1.47856508965	0.0582681416962
78925	FRUIT	1.34045764582	0.0528995751529
6549	FRUIT	11.8932953818	0.419151625258
7194	FRUIT	1.7756685209	0.0697655413576
8857	FRUIT	27.9842677504	0.806123013406
1136	FRUIT	2.299725241	0.0898735151664
8467	FRUIT	6.04308556555	0.227115869361
61209	FRUIT	2.60872122361	0.101626678376
5365027	FRUIT	6.19958049887	0.23260930061
22873	FRUIT	9.63136235951	0.34814923802
637776	FRUIT	4.02311760665	0.154450514155
7795	FRUIT	11.582109278	0.40962626899
565690	FRUIT	6.04829117642	0.227298916595
24834	FRUIT	6.28540127157	0.235613543205
5364729	FRUIT	10.1790087241	0.365715461522
7916	FRUIT	3.67506150994	0.141600029557
8038	FRUIT	4.80560915329	0.182986814398
62572	FRUIT	15.1846530946	0.515156647944
6386	FRUIT	1.16575899262	0.0460867620933
6826	FRUIT	12.1756132556	0.427726306965
8175	FRUIT	5.08146757018	0.192930177741
8452	FRUIT	1.55709230463	0.061313877607
241	FRUIT	1.71192527959	0.0673047359183
4133	FRUIT	10.666257988	0.381142695735
8294	FRUIT	9.52257347065	0.344631176624
18827	FRUIT	6.28880914739	0.235732717699
1183	FRUIT	3.11697398112	0.120792748525
61252	FRUIT	1.53071419982	0.060291333608
7151	FRUIT	3.24844014141	0.125716660316
61155	FRUIT	5.80298974383	0.218649713767
7583	FRUIT	1.76669815041	0.0694194370745
10430	FRUIT	6.79669400526	0.25338974045
8785	FRUIT	10.4521712861	0.374387697608
1549778	FRUIT	11.3397349252	0.40215356174
6140	FRUIT	2.53724721819	0.098914839349
61659	FRUIT	1.22355273704	0.0483432769614
61177	FRUIT	6.59454007226	0.246386419385
69963	FRUIT	4.04344993951	0.155198202615
9016	FRUIT	4.61991682965	0.176259220581
12587	FRUIT	6.34389016457	0.237657629615
2969	FRUIT	7.6644441052	0.283080282831
8375	FRUIT	12.2471741022	0.429889654692
15717	FRUIT	7.75005088754	0.285976719998
18635	FRUIT	0.540019182136	0.0214841189986
526618	FRUIT	2.6688216106	0.103903820908
660	FRUIT	0.645939078626	0.0256706682277
679	FRUIT	1.64742460811	0.0648113811885
24197	FRUIT	16.8011329432	0.559134090458
6057	FRUIT	2.40651121404	0.0939439300721
196	FRUIT	3.32781947932	0.128683026178
7635	FRUIT	7.13586207169	0.265066271865
6998	FRUIT	5.88289403164	0.221472384391
311	FRUIT	3.67868403969	0.141734275082
7047	FRUIT	1.43817036717	0.056699481085
5368076	FRUIT	15.2467731205	0.516885288584
261	FRUIT	3.70434007595	0.142684748879
61138	FRUIT	1.60733328604	0.0632599233245
7894	FRUIT	4.24113133889	0.162450375542
170833	FRUIT	2.97824601861	0.115581861005
228769	FRUIT	6.68504636975	0.249525916804
5960	FRUIT	0.957733990148	0.0379424578476
11980	FISH	2.55988445669	0.0997741748951
650	FISH	0.82109140801	0.0325739798803
89440	FISH	0.320009418338	0.0127594143224
7601	FISH	1.21158678059	0.0478762942129
5363388	FISH	0.528173973082	0.0210153718249
444539	FISH	1.10440655445	0.043688376643
6054	FISH	15.2870406189	0.518004180403
62374	FISH	0.671765556527	0.0266901146759
235414	FISH	0.443963144947	0.0176796844883
78925	FISH	6.61169501133	0.246981996084
6549	FISH	0.268192797492	0.010698940949
7194	FISH	0.912423047231	0.0361639155624
8857	FISH	0.42306564972	0.0168510321712
1136	FISH	3.63731440087	0.140200553615
8467	FISH	0.672179010204	0.0267064305595
61209	FISH	0.426835621156	0.0170005493872
5365027	FISH	0.705067100947	0.0280038361911
22873	FISH	1.29941153697	0.0513010733419
637776	FISH	1.08837588686	0.0430612106461
7795	FISH	1.47976326707	0.0583146509522
565690	FISH	0.187887552322	0.00750138139994
24834	FISH	0.666451283578	0.0264803884178
5364729	FISH	0.80465912216	0.0319273743652
7916	FISH	0.43977161264	0.0175135048771
8038	FISH	0.723913298561	0.0287469117569
62572	FISH	0.637060310125	0.0253200740695
6386	FISH	0.827117414081	0.0328110472766
6826	FISH	1.18980649338	0.0470260039384
8175	FISH	0.238086805297	0.00950079808116
8452	FISH	1.00632577105	0.0398479542188
241	FISH	2.23711897299	0.0874828783997
4133	FISH	0.547561643042	0.0217825362205
8294	FISH	1.04363021599	0.0413095430285
18827	FISH	0.360212211879	0.0143565873401
1183	FISH	1.48656878834	0.0585787968284
61252	FISH	6.90977452807	0.257292987511
7151	FISH	0.88308645096	0.0350115213665
61155	FISH	1.41463426023	0.0557848943731
7583	FISH	0.710669449598	0.0282247575573
10430	FISH	0.805887864582	0.0319757324832
8785	FISH	0.900143700501	0.0356816445474
1549778	FISH	0.828372630427	0.0328604247312
6140	FISH	0.875242448331	0.0347032781959
61659	FISH	5.15015470141	0.195396550677
61177	FISH	1.07909995444	0.0426982154929
69963	FISH	1.68198075793	0.0661476066093
9016	FISH	0.751450876903	0.029832163708
12587	FISH	1.24237585497	0.0490776350928
2969	FISH	0.904354524896	0.0358470381532
8375	FISH	0.926472678574	0.0367155664933
15717	FISH	1.05990039493	0.0419466602583
18635	FISH	7.30736463133	0.270935554111
526618	FISH	3.9238803866	0.150796480549
660	FISH	0.423271072796	0.0168591795514
679	FISH	0.726238095238	0.0288385551011
24197	FISH	0.896593812629	0.0355422003192
6057	FISH	0.415990265478	0.0165703914587
196	FISH	2.211442867	0.0865015228584
7635	FISH	0.870049861863	0.0344991997697
6998	FISH	0.64252620559	0.0255359122537
311	FISH	1.67476974952	0.0658688484953
7047	FISH	0.972237810654	0.038511413882
5368076	FISH	0.351757093835	0.0140207905322
261	FISH	2.2298555374	0.087205319209
61138	FISH	1.88320705094	0.0739096945188
7894	FISH	0.774420495473	0.0307369289774
170833	FISH	0.141523167028	0.0056529151584
228769	FISH	1.05660297506	0.0418175550637
5960	FISH	2.06776884455	0.081000486584
11980	GARLIC	2.12601854974	0.0832327600399
650	GARLIC	2.73014595883	0.106224359571
89440	GARLIC	1.457573009	0.0574531127294
7601	GARLIC	3.67245848201	0.141503558759
5363388	GARLIC	0.462333429826	0.0184078363129
444539	GARLIC	2.69810820603	0.105012413085
6054	GARLIC	1.43812750193	0.0566978157925
62374	GARLIC	1.89020774771	0.0741791557767
235414	GARLIC	2.19469182222	0.0858610040111
78925	GARLIC	18.0484071678	0.591638286193
6549	GARLIC	1.25469245056	0.0495579967644
7194	GARLIC	3.61	0.13918716
8857	GARLIC	4.78532728208	0.182253348404
1136	GARLIC	5.61349433675	0.211935246002
8467	GARLIC	1.92464819166	0.0755042194019
61209	GARLIC	2.4718333707	0.0964293507431
5365027	GARLIC	1.78872041792	0.0702690084235
22873	GARLIC	2.95260534704	0.114617062548
637776	GARLIC	3.079684953	0.119393614356
7795	GARLIC	1.56728358793	0.0617087923794
565690	GARLIC	1.76166331438	0.0692251495219
24834	GARLIC	1.51047151208	0.0595062508078
5364729	GARLIC	2.13612410873	0.0836197538662
7916	GARLIC	5.30259138025	0.200856665072
8038	GARLIC	2.16832080619	0.0848521862
62572	GARLIC	2.0138755753	0.078932745079
6386	GARLIC	3.68860929198	0.142102036276
6826	GARLIC	0.784923723988	0.0311505068585
8175	GARLIC	1.21554229447	0.0480306745508
8452	GARLIC	7.80652388231	0.287884229242
241	GARLIC	5.23016195115	0.198264640432
4133	GARLIC	1.66812799451	0.0656120593781
8294	GARLIC	1.37386896961	0.054199752406
18827	GARLIC	4.4021260352	0.168333555956
1183	GARLIC	2.72626350108	0.106077534972
61252	GARLIC	9.93733242538	0.357993066722
7151	GARLIC	3.27436462023	0.126685999343
61155	GARLIC	1.21928224679	0.0481766301928
7583	GARLIC	5.43067630955	0.20543015431
10430	GARLIC	2.4584571057	0.0959206796916
8785	GARLIC	1.32830955879	0.0524266198378
1549778	GARLIC	2.36560141907	0.0923856287332
6140	GARLIC	2.33379350279	0.0911731032662
61659	GARLIC	12.7431421707	0.444770617875
61177	GARLIC	2.15019050773	0.0841582926214
69963	GARLIC	4.66404635686	0.177860522907
9016	GARLIC	0.485396864667	0.0193216305402
12587	GARLIC	2.47824197349	0.0966730056278
2969	GARLIC	3.33910846438	0.129104480441
8375	GARLIC	1.7013662912	0.0668967927452
15717	GARLIC	2.01274204684	0.0788892296547
18635	GARLIC	18.5671258504	0.604789769077
526618	GARLIC	6.86745426046	0.255833399211
660	GARLIC	1.79085202744	0.0703512207041
679	GARLIC	8.57475044327	0.313579479665
24197	GARLIC	2.99906939279	0.116365008822
6057	GARLIC	2.20451981935	0.0862368297205
196	GARLIC	2.96141111708	0.114948462361
7635	GARLIC	0.958907312925	0.0379884912231
6998	GARLIC	2.11305545691	0.0827362169307
311	GARLIC	4.12617183254	0.158236755705
7047	GARLIC	2.7479362899	0.106896990055
5368076	GARLIC	1.93225439701	0.0757967330586
261	GARLIC	4.32581583582	0.165547560375
61138	GARLIC	4.76553010497	0.181537093326
7894	GARLIC	1.16959690901	0.0462366935887
170833	GARLIC	1.39693750186	0.0550969263209
228769	GARLIC	2.8580400276	0.111054243984
5960	GARLIC	2.37116839614	0.0925977600206
11980	SPICES	6.07180255211	0.228125387592
650	SPICES	7.2888008833	0.270301388005
89440	SPICES	9.84458980995	0.355017212987
7601	SPICES	7.19137764542	0.266968740841
5363388	SPICES	4.93264260249	0.187573318882
444539	SPICES	7.60857921946	0.281186977683
6054	SPICES	6.99527237402	0.260237360726
62374	SPICES	11.1952641417	0.397676989988
235414	SPICES	4.68892318514	0.178762527151
78925	SPICES	11.6266263679	0.410993678437
6549	SPICES	5.97314768921	0.224654510242
7194	SPICES	5.84584562866	0.220164260701
8857	SPICES	5.65498164541	0.213407738852
1136	SPICES	7.23138293514	0.268338157744
8467	SPICES	6.22823127499	0.233612905074
61209	SPICES	8.26055251197	0.303127409358
5365027	SPICES	6.3267575001	0.237059155818
22873	SPICES	4.45984616706	0.170437755549
637776	SPICES	16.5015848138	0.551142472004
7795	SPICES	4.40717629459	0.168517770627
565690	SPICES	9.07511645963	0.330061562883
24834	SPICES	5.50592266387	0.208110832803
5364729	SPICES	4.78133190202	0.182108822178
7916	SPICES	7.25594412854	0.269178275063
8038	SPICES	6.73610689672	0.251294221419
62572	SPICES	4.48822297957	0.171471260977
6386	SPICES	5.93168514825	0.223193450451
6826	SPICES	5.9959511698	0.22545747462
8175	SPICES	4.13988707367	0.158740016954
8452	SPICES	5.60332411444	0.211574068125
241	SPICES	12.9673020962	0.451431714385
4133	SPICES	7.16000296595	0.265893861649
8294	SPICES	5.43322449622	0.205521008478
18827	SPICES	5.4920888733	0.207618338855
1183	SPICES	11.1015259779	0.394763487502
61252	SPICES	10.0945078412	0.363020678226
7151	SPICES	6.73200517901	0.251152249668
61155	SPICES	7.13707176355	0.265107753199
7583	SPICES	8.74544556825	0.319224695455
10430	SPICES	4.5057670303	0.1721099066
8785	SPICES	6.93101660583	0.258025067757
1549778	SPICES	5.52577874465	0.208817457492
6140	SPICES	5.34181863395	0.202258734831
61659	SPICES	8.58880058434	0.314045025183
61177	SPICES	4.20519143875	0.161134203536
69963	SPICES	8.13228643729	0.298837824412
9016	SPICES	8.70402431631	0.317856956933
12587	SPICES	3.7516261852	0.144435167795
2969	SPICES	4.31833693301	0.165274263774
8375	SPICES	6.78854291909	0.253107990778
15717	SPICES	6.66436590437	0.248809127012
18635	SPICES	10.6073639762	0.37928809084
526618	SPICES	8.02604351916	0.295274790938
660	SPICES	5.27764998137	0.199964563524
679	SPICES	6.71288801437	0.250490374378
24197	SPICES	6.19135475719	0.232321040796
6057	SPICES	5.90798640418	0.222357734826
196	SPICES	4.13237719725	0.15846447137
7635	SPICES	8.35680789208	0.306337820425
6998	SPICES	5.67261849748	0.214033299652
311	SPICES	4.56103206927	0.174120077356
7047	SPICES	6.81534111681	0.254034094857
5368076	SPICES	3.65411244592	0.14082348273
261	SPICES	6.63354721261	0.247740309056
61138	SPICES	4.19829464994	0.160881514811
7894	SPICES	5.59466848498	0.211266613217
170833	SPICES	8.27325978972	0.30355166057
228769	SPICES	5.03940555951	0.191417979023
5960	SPICES	7.05371980676	0.262246807025
11980	COLD	3.91706463638	0.150545227309
650	COLD	4.29268670854	0.164336604671
89440	COLD	4.18129561463	0.160258531379
7601	COLD	3.49698334404	0.134987776758
5363388	COLD	6.52067485606	0.243819314011
444539	COLD	3.10215996145	0.120237039888
6054	COLD	5.0764434634	0.192749627241
62374	COLD	2.84634743478	0.110613219903
235414	COLD	5.5510304949	0.209715643974
78925	COLD	2.43999460826	0.0952183548552
6549	COLD	4.55713435291	0.173978384712
7194	COLD	3.20684106242	0.124160110657
8857	COLD	4.60816338717	0.175832467566
1136	COLD	3.12512627304	0.121098485233
8467	COLD	3.21559004271	0.124487593979
61209	COLD	5.04990769333	0.191795680649
5365027	COLD	4.40591511524	0.168471769408
22873	COLD	4.84658633666	0.184467693819
637776	COLD	5.5492131682	0.209651020013
7795	COLD	5.07422470387	0.192669885617
565690	COLD	8.16420957492	0.299906655804
24834	COLD	5.84592910015	0.220167209188
5364729	COLD	5.12538379891	0.194507528322
7916	COLD	5.21126564015	0.197587709777
8038	COLD	3.08709222785	0.119671633745
62572	COLD	2.63725914827	0.102708311605
6386	COLD	4.94279755692	0.187939403201
6826	COLD	5.77409943261	0.217627887601
8175	COLD	4.86350185291	0.185078614007
8452	COLD	8.23466399694	0.30226268342
241	COLD	6.70859624121	0.250341744238
4133	COLD	5.85555555556	0.220507209877
8294	COLD	4.42675206252	0.169231628972
18827	COLD	3.72763030508	0.143547121127
1183	COLD	4.33732512558	0.165968049325
61252	COLD	4.42016983797	0.16899163296
7151	COLD	4.47809156969	0.171102341145
61155	COLD	4.10434718423	0.157435621046
7583	COLD	5.3316123383	0.201894057482
10430	COLD	2.62396042455	0.102204349658
8785	COLD	6.06436690957	0.227864057977
1549778	COLD	7.52697682797	0.278416921051
6140	COLD	2.65370122631	0.103331196973
61659	COLD	2.94302979906	0.114256622203
61177	COLD	6.58588320789	0.246085785265
69963	COLD	3.85242367041	0.148160479562
9016	COLD	7.14012690434	0.265212511289
12587	COLD	3.35030301313	0.129522308413
2969	COLD	5.2370926261	0.198512849374
8375	COLD	5.16119537618	0.195792639963
15717	COLD	4.7080702524	0.179456439895
18635	COLD	2.8285830874	0.109942970583
526618	COLD	1.45118292667	0.0572049443123
660	COLD	4.0217448814	0.1544000225
679	COLD	4.51544315512	0.17246203545
24197	COLD	5.06242362013	0.192245691641
6057	COLD	3.70594308873	0.142744117879
196	COLD	3.08510391179	0.119597010013
7635	COLD	6.2573951738	0.234633809208
6998	COLD	2.76503407342	0.107543197566
311	COLD	3.47140363582	0.134035888152
7047	COLD	4.92083117207	0.187147415113
5368076	COLD	4.80446331892	0.182945385644
261	COLD	2.73274144729	0.106322507565
61138	COLD	2.8562690656	0.110987453434
7894	COLD	3.88721276708	0.149444341445
170833	COLD	11.1656833388	0.396758339782
228769	COLD	5.32931557452	0.201811981184
5960	COLD	2.27540071522	0.088945049243
11980	SOUR	10.2864897275	0.369134840734
650	SOUR	12.7264169964	0.444272004029
89440	SOUR	6.37133557451	0.238615856179
7601	SOUR	10.1988861065	0.366348533134
5363388	SOUR	7.03267755671	0.261523680822
444539	SOUR	9.44841124369	0.342227459736
6054	SOUR	8.18763541851	0.300690467242
62374	SOUR	6.0023530055	0.225682823579
235414	SOUR	11.5929752791	0.409960180835
78925	SOUR	19.1897437343	0.620291243538
6549	SOUR	10.6478012639	0.380561781854
7194	SOUR	9.33582338716	0.33856989616
8857	SOUR	12.5433198398	0.438798844552
1136	SOUR	7.65921307702	0.282903105097
8467	SOUR	4.94194392343	0.18790863304
61209	SOUR	7.57235878927	0.279958104517
5365027	SOUR	6.66410509108	0.248800084977
22873	SOUR	8.85611279003	0.322872218101
637776	SOUR	5.85743493354	0.220573579741
7795	SOUR	6.86254289441	0.255663917785
565690	SOUR	7.23009662091	0.268294145977
24834	SOUR	3.88947539034	0.149527808089
5364729	SOUR	11.194369184	0.397649206788
7916	SOUR	10.216222199	0.366900409554
8038	SOUR	6.94706771671	0.258578008724
62572	SOUR	8.33403299652	0.305578877466
6386	SOUR	7.19840836486	0.2672095014
6826	SOUR	5.88039834391	0.221384299883
8175	SOUR	7.85047761982	0.289367105249
8452	SOUR	9.55249150475	0.345599622611
241	SOUR	12.2755263058	0.430745633798
4133	SOUR	5.61302277766	0.211918501226
8294	SOUR	9.088239687	0.330491147237
18827	SOUR	11.6380669453	0.411344836923
1183	SOUR	4.71717423263	0.179786276209
61252	SOUR	10.4963243429	0.37578384383
7151	SOUR	6.67520998255	0.249185027977
61155	SOUR	6.62450600254	0.247426608191
7583	SOUR	9.30839846577	0.337677425832
10430	SOUR	12.9799748194	0.45180709425
8785	SOUR	8.00015624632	0.294405249867
1549778	SOUR	11.1750743676	0.397050059855
6140	SOUR	10.8617604739	0.387279282718
61659	SOUR	8.53498535913	0.312261024333
61177	SOUR	9.2879458218	0.337011457837
69963	SOUR	9.70273473454	0.35045216485
9016	SOUR	5.61495511672	0.211987116284
12587	SOUR	18.8451311865	0.611749659686
2969	SOUR	10.5032270947	0.376001972026
8375	SOUR	5.66105171502	0.213623065993
15717	SOUR	10.6094365943	0.379353405831
18635	SOUR	13.7882387509	0.475483338894
526618	SOUR	11.4952081671	0.406952402361
660	SOUR	5.13105045308	0.194710946622
679	SOUR	16.309580874	0.545982263646
24197	SOUR	7.48984749899	0.277154773736
6057	SOUR	8.19436422146	0.300915526861
196	SOUR	15.06731512	0.51188301083
7635	SOUR	6.83984214815	0.254880309681
6998	SOUR	6.17497484451	0.231746868048
311	SOUR	13.142822879	0.456619397868
7047	SOUR	11.2283480573	0.398703602253
5368076	SOUR	5.70849326077	0.215304972308
261	SOUR	18.570258668	0.604868543921
61138	SOUR	15.2013247276	0.515620879714
7894	SOUR	6.04575810934	0.227209847927
170833	SOUR	4.90524916311	0.186585378784
228769	SOUR	9.60745871356	0.347377043369
5960	SOUR	15.6128522483	0.527009627802
11980	BURNT	7.35036802003	0.272403556789
650	BURNT	5.16955065236	0.196092324515
89440	BURNT	2.89126087424	0.112306679193
7601	BURNT	6.72697000335	0.250977949964
5363388	BURNT	2.67726286829	0.104223420145
444539	BURNT	6.46816433266	0.241991713373
6054	BURNT	3.73181555969	0.143702043439
62374	BURNT	6.43772954925	0.24093143727
235414	BURNT	5.33659595622	0.202072135689
78925	BURNT	9.91938070565	0.357417582792
6549	BURNT	4.55502422181	0.173901670608
7194	BURNT	3.71588416055	0.143112248384
8857	BURNT	6.04492389187	0.227180513731
1136	BURNT	10.5396895702	0.377153560313
8467	BURNT	5.68238421163	0.214379572334
61209	BURNT	4.48158726278	0.171229640754
5365027	BURNT	3.15777699217	0.122322457474
22873	BURNT	1.52435735563	0.060044828086
637776	BURNT	4.39381180226	0.168030239229
7795	BURNT	1.16006665639	0.0458643643966
565690	BURNT	3.51785496881	0.13576407732
24834	BURNT	4.72296636225	0.179996089987
5364729	BURNT	2.82905852559	0.109960912167
7916	BURNT	4.50899028564	0.172227214067
8038	BURNT	3.58442132025	0.13823762233
62572	BURNT	5.61430328017	0.211963970678
6386	BURNT	5.5502329483	0.20968728362
6826	BURNT	4.56271959661	0.174181419818
8175	BURNT	4.5420958064	0.17343157853
8452	BURNT	6.41576624265	0.240165827114
241	BURNT	5.54631729287	0.20954803751
4133	BURNT	5.07940844617	0.192856181782
8294	BURNT	3.5710023044	0.137739269193
18827	BURNT	5.60784436234	0.211734607137
1183	BURNT	8.82779666835	0.321939869127
61252	BURNT	16.0802055444	0.539779017637
7151	BURNT	8.67606829095	0.316933067242
61155	BURNT	3.56623222016	0.137562083907
7583	BURNT	7.47473145254	0.276640613987
10430	BURNT	3.48636507969	0.1345927066
8785	BURNT	3.24204021007	0.125477278513
1549778	BURNT	3.74780536198	0.144293796467
6140	BURNT	8.92402777776	0.325105802399
61659	BURNT	9.54907009124	0.345488907807
61177	BURNT	4.79413198565	0.182571798828
69963	BURNT	4.68857069662	0.178749749794
9016	BURNT	4.48061306245	0.171194165132
12587	BURNT	3.80738900454	0.146497075769
2969	BURNT	6.25616645889	0.234590810851
8375	BURNT	7.87349144144	0.290142910666
15717	BURNT	2.86073331648	0.111155814616
18635	BURNT	7.08997087311	0.263491760132
526618	BURNT	8.44982233961	0.309433094556
660	BURNT	5.08378228193	0.193013354361
679	BURNT	4.66047461473	0.177730975135
24197	BURNT	4.11715982564	0.157905991014
6057	BURNT	8.75376677967	0.319499298054
196	BURNT	10.8963869037	0.388362977125
7635	BURNT	3.33302402993	0.128877341524
6998	BURNT	5.50159202102	0.207956674935
311	BURNT	8.60253621234	0.31449999678
7047	BURNT	8.71705080605	0.31828724234
5368076	BURNT	2.70208225332	0.105162790731
261	BURNT	3.96542971807	0.152327335583
61138	BURNT	4.73177194568	0.180315011529
7894	BURNT	2.43171193424	0.0949031881973
170833	BURNT	2.74510694332	0.106790032881
228769	BURNT	2.28175640488	0.0891876912787
5960	BURNT	8.61590899788	0.314942804771
11980	ACID	6.46961606978	0.242042269955
650	ACID	6.40340858707	0.23973488687
89440	ACID	8.54320903247	0.31253379307
7601	ACID	5.52844381462	0.20891227618
5363388	ACID	4.8921565408	0.186112983384
444539	ACID	3.15559041295	0.122240516176
6054	ACID	7.64734931437	0.282501191961
62374	ACID	6.11945734396	0.229799190485
235414	ACID	9.62797067617	0.34803969931
78925	ACID	6.24631299071	0.234245949237
6549	ACID	6.16973441437	0.231563127477
7194	ACID	3.38705764679	0.130893442071
8857	ACID	10.9780725463	0.390915671118
1136	ACID	7.1105981132	0.264199682317
8467	ACID	3.72520603878	0.143457377539
61209	ACID	4.38382439159	0.167665809145
5365027	ACID	7.9713395839	0.293436681451
22873	ACID	3.32897177704	0.128726049845
637776	ACID	2.46851092552	0.0963030185451
7795	ACID	3.46667239487	0.133859768797
565690	ACID	8.58753568239	0.314003119657
24834	ACID	5.30975417649	0.201112771294
5364729	ACID	4.67048391919	0.178093988752
7916	ACID	7.62430861554	0.281720311876
8038	ACID	9.21591308678	0.334663301862
62572	ACID	3.38847283156	0.13094621401
6386	ACID	9.67531513557	0.349567916234
6826	ACID	4.35955164504	0.166779789583
8175	ACID	7.89079202142	0.290725841367
8452	ACID	10.907954797	0.388724800738
241	ACID	7.08066220761	0.263172177385
4133	ACID	3.97152593752	0.152551830192
8294	ACID	4.29947501329	0.164584806376
18827	ACID	10.3269488933	0.370419606354
1183	ACID	4.37634762718	0.167392937666
61252	ACID	5.43544883655	0.20560031184
7151	ACID	5.32379187841	0.201614571151
61155	ACID	6.97737108052	0.259621360343
7583	ACID	8.67671735519	0.316954524583
10430	ACID	5.98975752508	0.22523942292
8785	ACID	7.73671283273	0.285525823127
1549778	ACID	4.83886577484	0.184188782199
6140	ACID	5.37037878787	0.203278764185
61659	ACID	6.68156019415	0.249405109115
61177	ACID	5.29232961238	0.200489683405
69963	ACID	7.1283518834	0.264808715107
9016	ACID	6.51760113175	0.243712395465
12587	ACID	6.49083307349	0.242780957345
2969	ACID	11.1514917511	0.396317362735
8375	ACID	5.33505345369	0.202017020006
15717	ACID	3.02203455502	0.11722830506
18635	ACID	5.00384340824	0.190138356788
526618	ACID	6.55346682014	0.24495950186
660	ACID	4.43462122381	0.169518502793
679	ACID	5.07184503967	0.192584356744
24197	ACID	5.23053296844	0.198277928684
6057	ACID	4.61711194615	0.176157388757
196	ACID	4.65250174075	0.177441760651
7635	ACID	8.52674758002	0.311987733484
6998	ACID	3.21749849798	0.124559021285
311	ACID	9.89204753806	0.356540859724
7047	ACID	5.55297634136	0.209784835155
5368076	ACID	5.79362876305	0.218318696824
261	ACID	5.26261060932	0.199426396203
61138	ACID	4.93597828237	0.187693578653
7894	ACID	8.62659610939	0.315296580202
170833	ACID	8.55696957441	0.312990091658
228769	ACID	5.30026696111	0.200773546501
5960	ACID	6.70039855072	0.250057805733
11980	WARM	5.45728050185	0.206378455884
650	WARM	6.16886273679	0.231532562485
89440	WARM	8.08101001147	0.297119311336
7601	WARM	7.16087060992	0.26592359724
5363388	WARM	4.29112695159	0.164279569858
444539	WARM	5.64488139538	0.213049381428
6054	WARM	6.15504725198	0.23104804741
62374	WARM	6.89488286924	0.256779550857
235414	WARM	6.97909388534	0.259680654829
78925	WARM	6.09863728128	0.229068140576
6549	WARM	6.08533996649	0.228601053657
7194	WARM	8.09787634881	0.297684813408
8857	WARM	3.30679954028	0.127898012332
1136	WARM	6.4813199915	0.242449796127
8467	WARM	5.04105109406	0.191477165309
61209	WARM	8.97083435677	0.326643026648
5365027	WARM	4.01466056572	0.154139422846
22873	WARM	4.70191917339	0.17923354937
637776	WARM	9.35555124847	0.339211514274
7795	WARM	5.36098563064	0.202943358453
565690	WARM	8.87320048114	0.323434544534
24834	WARM	5.87614842204	0.22123428877
5364729	WARM	5.02320680864	0.190835229689
7916	WARM	3.45320931954	0.13335851094
8038	WARM	4.8950334851	0.186216798276
62572	WARM	6.79803976675	0.253436252802
6386	WARM	6.61447303133	0.24707841986
6826	WARM	4.05907297141	0.155772489501
8175	WARM	3.78858197303	0.145801937575
8452	WARM	6.03656766407	0.226886646898
241	WARM	4.23843712679	0.162351745361
4133	WARM	5.54651128525	0.209554936435
8294	WARM	5.47260478518	0.206924430153
18827	WARM	4.333268382	0.165819849332
1183	WARM	7.77909411637	0.286958042546
61252	WARM	5.07451281349	0.192680240422
7151	WARM	7.14199789355	0.265276662178
61155	WARM	10.3594825354	0.371451750057
7583	WARM	4.13539217116	0.158575099483
10430	WARM	4.55026321505	0.173728570472
8785	WARM	5.09873888215	0.193550700011
1549778	WARM	7.01316168328	0.260852692613
6140	WARM	9.28440063357	0.336895987293
61659	WARM	8.12054378824	0.298444458963
61177	WARM	5.48294277275	0.20729264633
69963	WARM	3.96567360019	0.152336317166
9016	WARM	5.99602635339	0.225460121323
12587	WARM	3.91586564766	0.150501024398
2969	WARM	3.90696852182	0.150172979661
8375	WARM	8.04548232221	0.29592737857
15717	WARM	6.89258297188	0.256700238865
18635	WARM	5.17820964608	0.196402843788
526618	WARM	5.7544959199	0.216934147479
660	WARM	8.34377868445	0.305903690284
679	WARM	5.29485981982	0.200580176588
24197	WARM	6.3111115693	0.236512411076
6057	WARM	9.306041869	0.337600708653
196	WARM	3.64511589387	0.140489887803
7635	WARM	6.15945857937	0.231202771178
6998	WARM	5.52801110221	0.20889688139
311	WARM	8.00716783531	0.294640818715
7047	WARM	8.70948221131	0.318037256297
5368076	WARM	4.395401054	0.16808822199
261	WARM	4.46286804131	0.170547845191
61138	WARM	4.15453661549	0.159277394824
7894	WARM	4.53334433909	0.173113289205
170833	WARM	7.47042912749	0.27649424056
228769	WARM	6.22497012562	0.233498703799
5960	WARM	7.28317410173	0.270109114071
11980	MUSKY	9.81356683662	0.354020235842
650	MUSKY	7.3208865567	0.271397310278
89440	MUSKY	9.7801963326	0.352946957182
7601	MUSKY	13.0799072356	0.454762700108
5363388	MUSKY	2.35841078452	0.0921115908095
444539	MUSKY	10.6969858026	0.382109229998
6054	MUSKY	10.0233438686	0.360746785822
62374	MUSKY	6.06835969331	0.228004391985
235414	MUSKY	8.23545973388	0.302289270544
78925	MUSKY	9.61970441081	0.347772691252
6549	MUSKY	6.2804814402	0.23544147876
7194	MUSKY	8.582818343	0.313846825437
8857	MUSKY	5.76665344903	0.217364421161
1136	MUSKY	12.1649887041	0.427404768095
8467	MUSKY	7.29760508125	0.270602187281
61209	MUSKY	5.97543412064	0.224735039653
5365027	MUSKY	7.77961302496	0.286975569471
22873	MUSKY	7.35147114938	0.272441194751
637776	MUSKY	4.78701157709	0.182314271148
7795	MUSKY	5.14768122292	0.195307800128
565690	MUSKY	8.28686915921	0.304005886184
24834	MUSKY	6.74158757924	0.251483901934
5364729	MUSKY	6.29340018988	0.235893253215
7916	MUSKY	8.23931283736	0.302418003082
8038	MUSKY	3.92726636109	0.150921286015
62572	MUSKY	2.28986573836	0.0894972354947
6386	MUSKY	7.95729560534	0.292964402873
6826	MUSKY	6.3028807527	0.236224707795
8175	MUSKY	9.52447036351	0.344692600258
8452	MUSKY	8.72273009913	0.318474795812
241	MUSKY	9.78069121657	0.352962880393
4133	MUSKY	5.73442688777	0.216223614818
8294	MUSKY	7.7416841685	0.285693897234
18827	MUSKY	8.17936045058	0.300413643071
1183	MUSKY	5.44433995051	0.205917263022
61252	MUSKY	8.84411511137	0.322477255613
7151	MUSKY	5.79100931109	0.218226056907
61155	MUSKY	4.85368631734	0.184724144347
7583	MUSKY	10.8539166062	0.387033661969
10430	MUSKY	14.1857661451	0.486936261354
8785	MUSKY	8.07124242766	0.296791715376
1549778	MUSKY	5.40384464441	0.204473171
6140	MUSKY	10.9809258947	0.391004742386
61659	MUSKY	11.89328654	0.419151355712
61177	MUSKY	5.05819362602	0.192093615938
69963	MUSKY	9.406730644	0.340874593196
9016	MUSKY	7.79396847201	0.287460361063
12587	MUSKY	15.5354353135	0.524877512388
2969	MUSKY	17.7703322482	0.584499406644
8375	MUSKY	9.50455429513	0.344047550866
15717	MUSKY	8.87693231766	0.323557321758
18635	MUSKY	12.8155510188	0.446926701585
526618	MUSKY	10.4192273966	0.373344976048
660	MUSKY	7.0094962516	0.260726634983
679	MUSKY	9.6386633949	0.34838500298
24197	MUSKY	2.88476823244	0.112061974195
6057	MUSKY	8.58182459868	0.31381389857
196	MUSKY	16.6397341632	0.554837065318
7635	MUSKY	4.47939304281	0.1711497369
6998	MUSKY	6.76175186605	0.252181559323
311	MUSKY	9.60145445358	0.347183007094
7047	MUSKY	9.73918988226	0.351626867465
5368076	MUSKY	6.74231985406	0.251509243357
261	MUSKY	9.31569531879	0.337914941043
61138	MUSKY	17.5468317525	0.578716748279
7894	MUSKY	7.81958544422	0.288325051161
170833	MUSKY	5.10305367898	0.193705684419
228769	MUSKY	8.05240188302	0.296159604886
5960	MUSKY	9.50007848603	0.343902542945
11980	SWEATY	2.90127093919	0.112683888342
650	SWEATY	5.4336333937	0.205535587005
89440	SWEATY	4.77859649123	0.182009865879
7601	SWEATY	8.24748437694	0.302690975658
5363388	SWEATY	3.37199558053	0.130331681543
444539	SWEATY	8.07356985085	0.296869781979
6054	SWEATY	6.90298999566	0.257059091474
62374	SWEATY	3.14518989847	0.12185070814
235414	SWEATY	8.73935967069	0.319023823846
78925	SWEATY	5.24888563574	0.198935105263
6549	SWEATY	1.56923543348	0.061784417401
7194	SWEATY	2.90608694153	0.112865341137
8857	SWEATY	3.0253013847	0.117351076001
1136	SWEATY	3.35802384226	0.12981042404
8467	SWEATY	1.55384243257	0.0611879267806
61209	SWEATY	3.28034574491	0.126909562514
5365027	SWEATY	3.0929191058	0.119890304794
22873	SWEATY	5.79222412698	0.218269020944
637776	SWEATY	0.888576770829	0.0352272433621
7795	SWEATY	3.36189219708	0.129954760225
565690	SWEATY	2.08362747573	0.0816084976463
24834	SWEATY	1.32608179769	0.0523398747339
5364729	SWEATY	3.77702080252	0.145374477644
7916	SWEATY	5.42118434901	0.205091678062
8038	SWEATY	5.56375790495	0.210168155388
62572	SWEATY	3.87712690831	0.149072231107
6386	SWEATY	2.33000523548	0.0910286396602
6826	SWEATY	1.78333089812	0.0700611282879
8175	SWEATY	4.97452516824	0.18908264647
8452	SWEATY	2.36304132277	0.0922880671936
241	SWEATY	3.85756230773	0.148350177526
4133	SWEATY	1.15052850518	0.0454916538708
8294	SWEATY	2.35346463859	0.0919230672217
18827	SWEATY	3.40428154498	0.131535608664
1183	SWEATY	0.807788120567	0.0320505161636
61252	SWEATY	3.0472064481	0.118174071069
7151	SWEATY	3.23940344328	0.125378643864
61155	SWEATY	1.63167536697	0.0642020688775
7583	SWEATY	4.73294809887	0.180357604872
10430	SWEATY	12.6438009256	0.441805756285
8785	SWEATY	2.91364825691	0.11315019181
1549778	SWEATY	4.38143774591	0.167578711148
6140	SWEATY	4.94801552795	0.188127478052
61659	SWEATY	5.16298728067	0.195856916163
61177	SWEATY	4.51799461237	0.172554874368
69963	SWEATY	6.50055997174	0.243119486891
9016	SWEATY	2.28438454729	0.0892880167877
12587	SWEATY	13.8596227978	0.477549254274
2969	SWEATY	7.68426608504	0.283751465295
8375	SWEATY	1.47049777042	0.0579549653397
15717	SWEATY	3.4304779343	0.132511845829
18635	SWEATY	7.90883970106	0.291333689876
526618	SWEATY	5.67955434141	0.214279238649
660	SWEATY	1.5810700148	0.0622428876352
679	SWEATY	3.80140123942	0.146275789024
24197	SWEATY	2.37086686659	0.092586270784
6057	SWEATY	3.75705650112	0.144636070624
196	SWEATY	12.8268072562	0.447261496494
7635	SWEATY	3.27682132737	0.12677782989
6998	SWEATY	1.56361978076	0.061566828503
311	SWEATY	4.86427818829	0.185106646614
7047	SWEATY	2.58333035582	0.100663775942
5368076	SWEATY	1.81556327576	0.0713040230271
261	SWEATY	7.08326578499	0.263261569727
61138	SWEATY	7.25671731011	0.269204713957
7894	SWEATY	2.49601337007	0.0973485017054
170833	SWEATY	0.659963244906	0.0262243092024
228769	SWEATY	2.44400036919	0.0953707596457
5960	SWEATY	9.64190310076	0.348489605869
11980	AMMONIA/URINOUS	4.01419740517	0.154122383884
650	AMMONIA/URINOUS	6.86425410234	0.255722970341
89440	AMMONIA/URINOUS	7.81825455755	0.288280140571
7601	AMMONIA/URINOUS	9.30082891824	0.337430989303
5363388	AMMONIA/URINOUS	1.46127267153	0.0575967797331
444539	AMMONIA/URINOUS	4.3960748469	0.168112804252
6054	AMMONIA/URINOUS	7.06343040185	0.262580396457
62374	AMMONIA/URINOUS	8.71408375271	0.318189247849
235414	AMMONIA/URINOUS	5.0308578278	0.191110500919
78925	AMMONIA/URINOUS	7.53134583836	0.27856536548
6549	AMMONIA/URINOUS	6.64837377116	0.248254601326
7194	AMMONIA/URINOUS	4.16100889196	0.159514757679
8857	AMMONIA/URINOUS	6.0289795735	0.226619745061
1136	AMMONIA/URINOUS	6.02568854534	0.226503972836
8467	AMMONIA/URINOUS	3.47338785546	0.13410974494
61209	AMMONIA/URINOUS	6.19602676486	0.232484771526
5365027	AMMONIA/URINOUS	8.55181578428	0.312819210088
22873	AMMONIA/URINOUS	1.73833097274	0.0683245210811
637776	AMMONIA/URINOUS	3.22290595202	0.124761388971
7795	AMMONIA/URINOUS	4.23901400018	0.16237286413
565690	AMMONIA/URINOUS	4.84794926377	0.184516925725
24834	AMMONIA/URINOUS	5.53041083172	0.208982255682
5364729	AMMONIA/URINOUS	4.0857914329	0.156754180663
7916	AMMONIA/URINOUS	6.85862987245	0.255528873407
8038	AMMONIA/URINOUS	6.7309895961	0.251117095467
62572	AMMONIA/URINOUS	1.68048453515	0.066089770097
6386	AMMONIA/URINOUS	8.32649359066	0.30532754542
6826	AMMONIA/URINOUS	1.88151901508	0.0738447150815
8175	AMMONIA/URINOUS	9.00964828256	0.327916426432
8452	AMMONIA/URINOUS	12.161592007	0.427301952223
241	AMMONIA/URINOUS	5.15001376505	0.19539149389
4133	AMMONIA/URINOUS	1.77192908237	0.0696212702257
8294	AMMONIA/URINOUS	4.80226889804	0.182866041294
18827	AMMONIA/URINOUS	6.26132041855	0.234771163388
1183	AMMONIA/URINOUS	3.703012851	0.14263559237
61252	AMMONIA/URINOUS	9.91274929459	0.357204932353
7151	AMMONIA/URINOUS	2.60829458806	0.101610503259
61155	AMMONIA/URINOUS	4.9332869602	0.187596550315
7583	AMMONIA/URINOUS	8.98572000769	0.327131534685
10430	AMMONIA/URINOUS	4.48011020531	0.171175853232
8785	AMMONIA/URINOUS	5.47101950187	0.206867958319
1549778	AMMONIA/URINOUS	4.97121456026	0.188963392729
6140	AMMONIA/URINOUS	5.87739795918	0.221278395659
61659	AMMONIA/URINOUS	5.6669667786	0.213832866156
61177	AMMONIA/URINOUS	5.01152923407	0.190414999257
69963	AMMONIA/URINOUS	6.3769100947	0.238810410846
9016	AMMONIA/URINOUS	7.06560246567	0.262655003346
12587	AMMONIA/URINOUS	4.49197283351	0.171607785366
2969	AMMONIA/URINOUS	10.2162718353	0.366901989326
8375	AMMONIA/URINOUS	5.09900003619	0.1935600809
15717	AMMONIA/URINOUS	6.75336014974	0.251891256665
18635	AMMONIA/URINOUS	6.6801590849	0.249356553236
526618	AMMONIA/URINOUS	6.66455816716	0.248815792461
660	AMMONIA/URINOUS	5.38188151249	0.203689401054
679	AMMONIA/URINOUS	4.06112899828	0.155848052435
24197	AMMONIA/URINOUS	3.54962113219	0.136944921215
6057	AMMONIA/URINOUS	6.26874356443	0.235030884227
196	AMMONIA/URINOUS	3.63657165788	0.140173004946
7635	AMMONIA/URINOUS	3.64769986397	0.14058570884
6998	AMMONIA/URINOUS	2.53248916821	0.0987341661736
311	AMMONIA/URINOUS	6.49144646829	0.242802307831
7047	AMMONIA/URINOUS	7.60069375479	0.28091953197
5368076	AMMONIA/URINOUS	2.41174976139	0.094143375691
261	AMMONIA/URINOUS	4.48998942652	0.171535575041
61138	AMMONIA/URINOUS	3.64502322462	0.140486451262
7894	AMMONIA/URINOUS	7.69683332432	0.284176835684
170833	AMMONIA/URINOUS	7.06023284625	0.262470558713
228769	AMMONIA/URINOUS	2.41789370613	0.0943772642556
5960	AMMONIA/URINOUS	3.97807256473	0.152792878057
11980	DECAYED	7.81930246063	0.288315502037
650	DECAYED	2.20083960535	0.0860961062265
89440	DECAYED	1.56956239671	0.0617970854217
7601	DECAYED	4.73290494389	0.180356042073
5363388	DECAYED	6.16499759404	0.231397025628
444539	DECAYED	6.11767474796	0.22973661219
6054	DECAYED	4.56616667543	0.174306715774
62374	DECAYED	1.22876881921	0.048546803644
235414	DECAYED	7.15262412691	0.265640952316
78925	DECAYED	17.0320531849	0.565245793118
6549	DECAYED	3.347501775	0.129417763747
7194	DECAYED	4.21363036954	0.161443342425
8857	DECAYED	2.8087396977	0.109193980432
1136	DECAYED	8.52347055982	0.311879002239
8467	DECAYED	2.57258627881	0.100256171087
61209	DECAYED	3.7976375704	0.14613668237
5365027	DECAYED	4.01014828694	0.153973415764
22873	DECAYED	7.48669406628	0.277047527434
637776	DECAYED	1.58404892594	0.0623582726377
7795	DECAYED	5.40080399576	0.20436468631
565690	DECAYED	4.73490586599	0.180428501216
24834	DECAYED	2.51207862226	0.0979589292887
5364729	DECAYED	5.2050893824	0.197366393104
7916	DECAYED	3.60272398815	0.138917111472
8038	DECAYED	3.81601812554	0.146815927288
62572	DECAYED	2.60387246368	0.101442837824
6386	DECAYED	4.67141650171	0.178127807216
6826	DECAYED	2.5345769671	0.098813446523
8175	DECAYED	3.85206241835	0.148147142784
8452	DECAYED	5.49457320163	0.207706794198
241	DECAYED	6.69701145809	0.249940473336
4133	DECAYED	1.82732683983	0.0717574242413
8294	DECAYED	4.26125755894	0.163186975964
18827	DECAYED	4.93626653826	0.187703970596
1183	DECAYED	3.23492918463	0.125211260653
61252	DECAYED	6.18363398089	0.232050427552
7151	DECAYED	5.36994720897	0.203263355148
61155	DECAYED	3.14939847017	0.122008454517
7583	DECAYED	5.07972795722	0.192867663841
10430	DECAYED	3.12224447325	0.12099041471
8785	DECAYED	1.64878015997	0.0648638159926
1549778	DECAYED	3.86517651611	0.148631224844
6140	DECAYED	7.67427444233	0.283413182407
61659	DECAYED	6.98431650853	0.259860389505
61177	DECAYED	6.14476080646	0.230687198111
69963	DECAYED	8.79407728573	0.320828773306
9016	DECAYED	2.79855603022	0.108809474867
12587	DECAYED	8.6786232106	0.317017528091
2969	DECAYED	4.25163529083	0.162834850575
8375	DECAYED	6.00886591355	0.225912048715
15717	DECAYED	3.22746630305	0.124932036627
18635	DECAYED	13.6644936695	0.471892391884
526618	DECAYED	13.0490706555	0.453851528232
660	DECAYED	4.0268698607	0.154588522078
679	DECAYED	7.44285985881	0.275555929201
24197	DECAYED	1.48751698058	0.0586155965163
6057	DECAYED	8.32990804787	0.30544137468
196	DECAYED	3.12739552761	0.12118357999
7635	DECAYED	3.81324345944	0.146713408105
6998	DECAYED	2.40716283025	0.0939687400534
311	DECAYED	5.0761069849	0.192737534547
7047	DECAYED	4.01515985708	0.154157790812
5368076	DECAYED	2.03706137589	0.0798226074158
261	DECAYED	7.60978651994	0.281227920446
61138	DECAYED	8.23365096886	0.302228835444
7894	DECAYED	3.89294432697	0.149655766866
170833	DECAYED	2.90785106274	0.112931803388
228769	DECAYED	2.60887954075	0.101632680647
5960	DECAYED	5.0892869833	0.193211142532
11980	WOOD	2.7502898961	0.106985958039
650	WOOD	5.36775857306	0.203185210083
89440	WOOD	4.95313873428	0.188312116043
7601	WOOD	3.90637477743	0.150151085536
5363388	WOOD	1.79957038716	0.070687434055
444539	WOOD	2.99629466581	0.116260673943
6054	WOOD	2.77675383505	0.107986008658
62374	WOOD	3.78579694031	0.145698974223
235414	WOOD	3.52107427756	0.135883785475
78925	WOOD	2.92944270016	0.113745054193
6549	WOOD	3.9595786542	0.152111840921
7194	WOOD	4.1197617665	0.158001495855
8857	WOOD	1.67611078798	0.0659206925697
1136	WOOD	3.98793326584	0.15315588594
8467	WOOD	3.08150306787	0.119461858252
61209	WOOD	3.93093567613	0.151056524929
5365027	WOOD	2.82815315981	0.109926746274
22873	WOOD	3.99503791168	0.153417385301
637776	WOOD	4.5033379857	0.172021498223
7795	WOOD	1.6017378121	0.0630432868764
565690	WOOD	6.96244767957	0.259107636107
24834	WOOD	1.33117286841	0.052538106254
5364729	WOOD	2.04041371768	0.0799512334516
7916	WOOD	4.23463768116	0.16221264473
8038	WOOD	1.04006297307	0.0411698265275
62572	WOOD	1.51806831291	0.0598009199552
6386	WOOD	3.48468457287	0.134530172286
6826	WOOD	3.18338275039	0.123281739722
8175	WOOD	4.24963506371	0.162761643279
8452	WOOD	3.65030827441	0.140682430777
241	WOOD	3.31459996518	0.128189369435
4133	WOOD	1.75832838529	0.0690964479273
8294	WOOD	2.44746523901	0.095502575122
18827	WOOD	4.88389750516	0.18581491827
1183	WOOD	3.14217577412	0.121737723527
61252	WOOD	1.96556321476	0.0770771530897
7151	WOOD	3.12069321207	0.120932238033
61155	WOOD	3.78654702506	0.145726705653
7583	WOOD	1.5601859581	0.0614337662345
10430	WOOD	2.31767236749	0.0905582526183
8785	WOOD	1.67727995758	0.0659658910808
1549778	WOOD	5.39996155556	0.204334628302
6140	WOOD	3.80348484848	0.146352795142
61659	WOOD	4.58742967829	0.17507938271
61177	WOOD	2.66679744863	0.103827174492
69963	WOOD	3.36742233796	0.130161080237
9016	WOOD	2.50685077391	0.0977603106353
12587	WOOD	2.64026709968	0.102822279844
2969	WOOD	3.20177671298	0.123970518871
8375	WOOD	3.08839912281	0.119720681256
15717	WOOD	2.62046907135	0.102072019592
18635	WOOD	4.48772742253	0.171453217934
526618	WOOD	4.13590299179	0.158593842248
660	WOOD	2.92995118872	0.113764201961
679	WOOD	4.48906349206	0.171501863268
24197	WOOD	2.42299072145	0.0945712752435
6057	WOOD	1.03403483864	0.0409337023265
196	WOOD	3.04339946937	0.118031066643
7635	WOOD	2.49186194395	0.0971907273788
6998	WOOD	3.22996962362	0.125025703437
311	WOOD	4.69602622793	0.179019984184
7047	WOOD	2.19775245044	0.0859780516844
5368076	WOOD	1.25315467538	0.0494980283589
261	WOOD	3.89788790948	0.149838104317
61138	WOOD	4.1806550557	0.16023505155
7894	WOOD	5.7530819706	0.21688409796
170833	WOOD	5.02075016266	0.190746833628
228769	WOOD	3.37798084529	0.130554931975
5960	WOOD	5.37199666013	0.203336527159
11980	GRASS	2.27163597152	0.0888013068661
650	GRASS	0.688909752688	0.0273665514486
89440	GRASS	2.61501965202	0.101865454969
7601	GRASS	3.33024211567	0.128773479607
5363388	GRASS	23.7539317807	0.724457561211
444539	GRASS	1.52649575916	0.0601277546455
6054	GRASS	2.44718264981	0.0954918248238
62374	GRASS	4.26683258669	0.163390959339
235414	GRASS	6.16545314656	0.231413000861
78925	GRASS	1.4398587191	0.0567650715115
6549	GRASS	5.79084230489	0.218220150356
7194	GRASS	4.14653146725	0.158983769406
8857	GRASS	1.84156985057	0.0723062422168
1136	GRASS	3.07503590248	0.119219097779
8467	GRASS	2.05752257932	0.0806075435069
61209	GRASS	3.80406787088	0.146374341889
5365027	GRASS	6.37808420641	0.238851384999
22873	GRASS	5.67581921702	0.214146799167
637776	GRASS	2.84546561066	0.11057995461
7795	GRASS	2.29306243063	0.089619243101
565690	GRASS	6.77085666864	0.252496466735
24834	GRASS	1.96982076204	0.0772407529477
5364729	GRASS	8.29488257546	0.304273272242
7916	GRASS	3.82282029479	0.147067229789
8038	GRASS	1.75748324161	0.0690638307267
62572	GRASS	1.52698163815	0.0601465963568
6386	GRASS	4.41038130726	0.16863466698
6826	GRASS	2.69570898702	0.104921620704
8175	GRASS	2.07680913896	0.0813471110786
8452	GRASS	1.74519937762	0.0685896867579
241	GRASS	3.36747032069	0.130162870283
4133	GRASS	4.74070800926	0.180638595399
8294	GRASS	4.49785828576	0.171822039767
18827	GRASS	4.64166595835	0.177048613186
1183	GRASS	2.84728740273	0.110648677888
61252	GRASS	1.18351708156	0.0467803981896
7151	GRASS	1.99965434978	0.0783867269836
61155	GRASS	2.56855246134	0.100103113755
7583	GRASS	2.62590902512	0.102278201721
10430	GRASS	0.999144802814	0.0395664759778
8785	GRASS	3.07641149477	0.119270736717
1549778	GRASS	2.78796996458	0.108409687974
6140	GRASS	1.3940068389	0.0549829715294
61659	GRASS	6.1639984956	0.231361988842
61177	GRASS	2.71526237992	0.10566143528
69963	GRASS	6.21187184881	0.233039933206
9016	GRASS	3.05302196831	0.118392501477
12587	GRASS	1.57078366592	0.0618444021066
2969	GRASS	1.11774945708	0.0442102327435
8375	GRASS	2.20285317601	0.0861731021944
15717	GRASS	2.33383488602	0.0911746813306
18635	GRASS	1.80157693932	0.0707648057855
526618	GRASS	2.67266657581	0.104049404382
660	GRASS	1.35119897959	0.0533176637107
679	GRASS	3.03673801228	0.117780809389
24197	GRASS	1.78337204113	0.0700627153104
6057	GRASS	0.679268135124	0.0269861633252
196	GRASS	2.5514159435	0.0994527484133
7635	GRASS	5.52319110661	0.208725388264
6998	GRASS	1.33689267182	0.0527607940666
311	GRASS	2.5241695882	0.0984182106842
7047	GRASS	2.27478071029	0.0889213774998
5368076	GRASS	5.73940496498	0.216399890858
261	GRASS	2.02469806549	0.0793481617171
61138	GRASS	1.40559755714	0.0554336204885
7894	GRASS	2.43916332672	0.0951867259752
170833	GRASS	7.2304403106	0.26830590559
228769	GRASS	2.91841371158	0.113329693027
5960	GRASS	4.84040913335	0.184244541103
11980	FLOWER	2.46459000053	0.0961539184727
650	FLOWER	3.24475387835	0.125578784041
89440	FLOWER	4.50520741163	0.172089538937
7601	FLOWER	13.7225311922	0.47357810276
5363388	FLOWER	8.42258076787	0.308527283998
444539	FLOWER	10.7694966691	0.384387043362
6054	FLOWER	7.66672454136	0.283157515577
62374	FLOWER	4.04481910152	0.155248539435
235414	FLOWER	5.48568338843	0.207390246642
78925	FLOWER	1.73896956218	0.068349176432
6549	FLOWER	4.48229829561	0.17125553262
7194	FLOWER	12.6222017189	0.441160078263
8857	FLOWER	4.31129347977	0.165016838603
1136	FLOWER	1.19405491361	0.0471918896895
8467	FLOWER	4.96501101096	0.188739906703
61209	FLOWER	7.25367464539	0.269100667471
5365027	FLOWER	7.86648522288	0.28990677301
22873	FLOWER	12.0804510442	0.424843122796
637776	FLOWER	4.22005243599	0.161678560415
7795	FLOWER	9.94962107059	0.358386859044
565690	FLOWER	3.56042877757	0.137346489871
24834	FLOWER	7.92256464982	0.291795773741
5364729	FLOWER	4.15803469808	0.159405686903
7916	FLOWER	6.48112244898	0.24244291868
8038	FLOWER	5.13914549863	0.195001493363
62572	FLOWER	4.66345961672	0.17783924243
6386	FLOWER	3.43636226355	0.1327310563
6826	FLOWER	11.5403861073	0.408343239689
8175	FLOWER	5.66099859415	0.213621181733
8452	FLOWER	2.96474040631	0.115073741982
241	FLOWER	1.63601621297	0.0643700288991
4133	FLOWER	14.557080454	0.497519781623
8294	FLOWER	7.3789574355	0.273378692286
18827	FLOWER	5.81779858397	0.219173231213
1183	FLOWER	5.19344187094	0.196948939451
61252	FLOWER	3.75226417816	0.144458772541
7151	FLOWER	2.76452582004	0.107523991598
61155	FLOWER	7.64909721586	0.282560413347
7583	FLOWER	6.52376309577	0.243926729859
10430	FLOWER	3.47782592818	0.134274927853
8785	FLOWER	14.2834690675	0.489731767258
1549778	FLOWER	6.41154004768	0.240018463594
6140	FLOWER	6.5103821666	0.243461256282
61659	FLOWER	3.09205058145	0.119857712539
61177	FLOWER	4.2007345915	0.160970915217
69963	FLOWER	3.78685794831	0.145738200684
9016	FLOWER	6.57552251615	0.245725902102
12587	FLOWER	2.45579117266	0.0958192827928
2969	FLOWER	6.92940935323	0.257969688535
8375	FLOWER	15.0231111593	0.510646898811
15717	FLOWER	12.4127180614	0.434878494588
18635	FLOWER	2.79006657735	0.108488874492
526618	FLOWER	1.30266907889	0.051427984464
660	FLOWER	4.08080748552	0.156571103527
679	FLOWER	1.51115794668	0.0595328785313
24197	FLOWER	6.85162599633	0.255287128336
6057	FLOWER	6.49280853781	0.242849716429
196	FLOWER	2.1015657105	0.0822959970457
7635	FLOWER	9.77238085992	0.352695463328
6998	FLOWER	6.55137355589	0.244886744048
311	FLOWER	2.3220145021	0.0907238795448
7047	FLOWER	3.04707750656	0.11816922773
5368076	FLOWER	6.11464922784	0.229630395042
261	FLOWER	3.96471780752	0.152301117383
61138	FLOWER	2.98139187894	0.115700196143
7894	FLOWER	3.6128300819	0.139292186796
170833	FLOWER	6.95605174974	0.258887407612
228769	FLOWER	9.35808770163	0.339293985893
5960	FLOWER	2.47955164818	0.0967227953768
11980	CHEMICAL	16.9590862058	0.563319206257
650	CHEMICAL	15.6634263938	0.528399885195
89440	CHEMICAL	23.651283518	0.7222980559
7601	CHEMICAL	13.9634794318	0.480547674136
5363388	CHEMICAL	14.0763919064	0.483797752616
444539	CHEMICAL	12.4338321888	0.435513214392
6054	CHEMICAL	23.1150504819	0.710879795763
62374	CHEMICAL	18.1552566312	0.594364927909
235414	CHEMICAL	20.1202449394	0.642880095008
78925	CHEMICAL	8.82866249233	0.321968387132
6549	CHEMICAL	21.4881085708	0.674828818852
7194	CHEMICAL	15.648233687	0.527982460472
8857	CHEMICAL	22.0804604347	0.688199724185
1136	CHEMICAL	9.51548491413	0.344401615305
8467	CHEMICAL	13.4087599808	0.464432461542
61209	CHEMICAL	10.8738874484	0.38765892664
5365027	CHEMICAL	21.7200978986	0.680098854853
22873	CHEMICAL	12.619144008	0.441068642121
637776	CHEMICAL	15.539606105	0.52499250104
7795	CHEMICAL	11.3626325354	0.402861534163
565690	CHEMICAL	16.5446843542	0.552296742017
24834	CHEMICAL	19.0935897338	0.617917521783
5364729	CHEMICAL	17.9439367567	0.588963523737
7916	CHEMICAL	25.6454011777	0.762741406481
8038	CHEMICAL	25.4654604	0.759222546646
62572	CHEMICAL	12.8301225296	0.447360083535
6386	CHEMICAL	17.7721107304	0.58454526129
6826	CHEMICAL	17.2000931373	0.56966644392
8175	CHEMICAL	24.4682503891	0.739251904722
8452	CHEMICAL	29.6994342551	0.835154812175
241	CHEMICAL	15.2416572303	0.516743043161
4133	CHEMICAL	17.8500258791	0.586551665609
8294	CHEMICAL	12.4934809382	0.437304411146
18827	CHEMICAL	18.4079479924	0.60077689998
1183	CHEMICAL	12.6880437247	0.443127167565
61252	CHEMICAL	11.8013198364	0.416344333505
7151	CHEMICAL	15.3112755102	0.518676957309
61155	CHEMICAL	16.4212058903	0.548985834454
7583	CHEMICAL	23.958865951	0.728743734977
10430	CHEMICAL	17.7617270353	0.584277502502
8785	CHEMICAL	16.672129865	0.555701228906
1549778	CHEMICAL	23.5404279092	0.719956417908
6140	CHEMICAL	15.5450529367	0.525142649147
61659	CHEMICAL	10.6376105199	0.380240917767
61177	CHEMICAL	18.1798582019	0.594991430379
69963	CHEMICAL	19.4500960547	0.626681347572
9016	CHEMICAL	21.8775274319	0.683650614663
12587	CHEMICAL	14.970632229	0.509177357426
2969	CHEMICAL	27.3954428802	0.795613598967
8375	CHEMICAL	24.2590650294	0.734961706737
15717	CHEMICAL	15.1447793039	0.51404543609
18635	CHEMICAL	13.2401533269	0.459485469029
526618	CHEMICAL	17.258806016	0.5712056866
660	CHEMICAL	12.4525553067	0.436075758801
679	CHEMICAL	5.41447012138	0.204852210177
24197	CHEMICAL	14.3266236128	0.490964086855
6057	CHEMICAL	11.9607843274	0.421207228404
196	CHEMICAL	16.1088352859	0.540555581728
7635	CHEMICAL	20.8357377136	0.659778322116
6998	CHEMICAL	22.125950047	0.689214935688
311	CHEMICAL	23.4625137638	0.718304729705
7047	CHEMICAL	22.6141576659	0.700006255861
5368076	CHEMICAL	13.9944762892	0.481440904925
261	CHEMICAL	22.8510760569	0.705174371493
61138	CHEMICAL	10.8215238876	0.386018803804
7894	CHEMICAL	15.2383858011	0.516652071316
170833	CHEMICAL	26.0054695285	0.769705002982
228769	CHEMICAL	15.207880397	0.515803365413
5960	CHEMICAL	14.9182213697	0.507707523254
