#oID	descriptor	value	sigma
11980	INTENSITY/STRENGTH	50.9220183989	0.999659952829
650	INTENSITY/STRENGTH	34.0287100594	0.897967159054
89440	INTENSITY/STRENGTH	50.072771985	0.999997881695
7601	INTENSITY/STRENGTH	47.590333717	0.997677403362
5363388	INTENSITY/STRENGTH	50.0384618531	0.999999408274
444539	INTENSITY/STRENGTH	49.3889690675	0.99985065648
6054	INTENSITY/STRENGTH	49.448230908	0.999878220348
62374	INTENSITY/STRENGTH	45.1789255059	0.990702896289
235414	INTENSITY/STRENGTH	49.4906116069	0.999896209386
78925	INTENSITY/STRENGTH	38.4078093535	0.946248446406
6549	INTENSITY/STRENGTH	50.8332003433	0.999722310875
7194	INTENSITY/STRENGTH	46.97400207	0.996337334611
8857	INTENSITY/STRENGTH	35.3882987155	0.914599274229
1136	INTENSITY/STRENGTH	43.0945202256	0.980925739634
8467	INTENSITY/STRENGTH	50.3427474596	0.999953009672
61209	INTENSITY/STRENGTH	44.9446634798	0.989777429067
5365027	INTENSITY/STRENGTH	48.213313971	0.998723101214
22873	INTENSITY/STRENGTH	46.3709024514	0.994731860393
637776	INTENSITY/STRENGTH	49.3611420226	0.999836744194
7795	INTENSITY/STRENGTH	49.5519103242	0.999919686257
565690	INTENSITY/STRENGTH	48.4568015876	0.999047415464
24834	INTENSITY/STRENGTH	50.7977229961	0.999745455209
5364729	INTENSITY/STRENGTH	50.3943260398	0.99993780279
8038	INTENSITY/STRENGTH	50.1753350803	0.999987703044
62572	INTENSITY/STRENGTH	50.9840111741	0.999612688804
6386	INTENSITY/STRENGTH	37.913953046	0.94157098761
6826	INTENSITY/STRENGTH	50.2337098034	0.999978151891
8175	INTENSITY/STRENGTH	45.5326329495	0.992017052655
8452	INTENSITY/STRENGTH	48.9619450462	0.999568976765
241	INTENSITY/STRENGTH	47.8249356104	0.99810763796
4133	INTENSITY/STRENGTH	50.0859709987	0.999997043595
8294	INTENSITY/STRENGTH	49.9596568542	0.999999348972
18827	INTENSITY/STRENGTH	50.2159169109	0.999981351955
1183	INTENSITY/STRENGTH	50.060908209	0.999998516076
61252	INTENSITY/STRENGTH	47.1429610605	0.996734931399
7151	INTENSITY/STRENGTH	51.3126951869	0.999310732539
61155	INTENSITY/STRENGTH	50.1628109859	0.999989397033
7583	INTENSITY/STRENGTH	47.9923638165	0.998387758782
8785	INTENSITY/STRENGTH	49.3545039131	0.999833333921
1549778	INTENSITY/STRENGTH	50.4232020035	0.999928360026
6140	INTENSITY/STRENGTH	49.2411668547	0.999769668903
61659	INTENSITY/STRENGTH	49.9618135227	0.999999416717
61177	INTENSITY/STRENGTH	48.3747229816	0.998943389845
69963	INTENSITY/STRENGTH	49.4783085684	0.99989113522
2969	INTENSITY/STRENGTH	45.6255087582	0.99234553055
8375	INTENSITY/STRENGTH	50.6698987525	0.999820494265
660	INTENSITY/STRENGTH	50.1047945142	0.999995607244
679	INTENSITY/STRENGTH	38.0392573291	0.942776253905
24197	INTENSITY/STRENGTH	50.2607042596	0.999972813316
6057	INTENSITY/STRENGTH	49.1097532062	0.999682984258
196	INTENSITY/STRENGTH	49.5640750372	0.999923987771
7635	INTENSITY/STRENGTH	49.6870447988	0.999960823617
6998	INTENSITY/STRENGTH	46.8200295072	0.995955115066
311	INTENSITY/STRENGTH	29.9480443064	0.839167629145
7047	INTENSITY/STRENGTH	50.7573256763	0.999770583128
5368076	INTENSITY/STRENGTH	48.7271273941	0.999351918132
261	INTENSITY/STRENGTH	38.7903351713	0.949737365771
61138	INTENSITY/STRENGTH	31.6243801097	0.864934637459
170833	INTENSITY/STRENGTH	50.359455939	0.999948316571
228769	INTENSITY/STRENGTH	45.9166758051	0.993330585408
5960	INTENSITY/STRENGTH	28.2028943918	0.809954474841
11980	VALENCE/PLEASANTNESS	45.6155085335	0.992310493832
650	VALENCE/PLEASANTNESS	45.4777261421	0.991819615662
89440	VALENCE/PLEASANTNESS	45.75706089	0.992798987084
7601	VALENCE/PLEASANTNESS	45.8863008114	0.993230991594
5363388	VALENCE/PLEASANTNESS	46.2417880428	0.994350337154
444539	VALENCE/PLEASANTNESS	45.0682701866	0.990271216419
6054	VALENCE/PLEASANTNESS	44.4718443281	0.987775797947
62374	VALENCE/PLEASANTNESS	45.1845806107	0.990724694442
235414	VALENCE/PLEASANTNESS	45.5669702283	0.992139298817
78925	VALENCE/PLEASANTNESS	43.2197245024	0.981611145671
6549	VALENCE/PLEASANTNESS	45.2418109068	0.990943854621
7194	VALENCE/PLEASANTNESS	45.7897823179	0.992909626828
8857	VALENCE/PLEASANTNESS	46.0534662688	0.993769948604
1136	VALENCE/PLEASANTNESS	43.7617903196	0.984433895993
8467	VALENCE/PLEASANTNESS	56.8123603124	0.981436698789
61209	VALENCE/PLEASANTNESS	45.0333884974	0.990133108073
5365027	VALENCE/PLEASANTNESS	45.4874580552	0.991854786078
22873	VALENCE/PLEASANTNESS	46.5764702273	0.995311777558
637776	VALENCE/PLEASANTNESS	45.7480442587	0.99276834895
7795	VALENCE/PLEASANTNESS	45.8927229436	0.993252110073
565690	VALENCE/PLEASANTNESS	45.7930631135	0.992920672813
24834	VALENCE/PLEASANTNESS	55.8329784745	0.986390544846
5364729	VALENCE/PLEASANTNESS	46.2301952424	0.994315428836
7916	VALENCE/PLEASANTNESS	45.8822408557	0.993217623852
8038	VALENCE/PLEASANTNESS	45.6540347178	0.992445034307
62572	VALENCE/PLEASANTNESS	45.7176178096	0.99266448111
6386	VALENCE/PLEASANTNESS	44.0466876996	0.985823229062
6826	VALENCE/PLEASANTNESS	45.6573391653	0.99245651875
8175	VALENCE/PLEASANTNESS	45.1950827992	0.990765108277
8452	VALENCE/PLEASANTNESS	44.5009398614	0.987904135037
241	VALENCE/PLEASANTNESS	44.240321219	0.986730440136
4133	VALENCE/PLEASANTNESS	45.3722164495	0.991433447764
8294	VALENCE/PLEASANTNESS	46.0902639419	0.993885585582
18827	VALENCE/PLEASANTNESS	44.9209607553	0.98968134414
1183	VALENCE/PLEASANTNESS	56.9059823721	0.980922962991
61252	VALENCE/PLEASANTNESS	44.9972176976	0.989988867694
7151	VALENCE/PLEASANTNESS	45.3068327566	0.99118967249
61155	VALENCE/PLEASANTNESS	45.6402729324	0.992397111959
7583	VALENCE/PLEASANTNESS	45.1444402849	0.990569415941
10430	VALENCE/PLEASANTNESS	44.3978967724	0.987446575771
8785	VALENCE/PLEASANTNESS	45.6742451823	0.992515138103
1549778	VALENCE/PLEASANTNESS	46.1875508814	0.994186092687
6140	VALENCE/PLEASANTNESS	44.7867488587	0.989128805015
61659	VALENCE/PLEASANTNESS	23.2297975747	0.713342504844
61177	VALENCE/PLEASANTNESS	46.1018474032	0.993921762533
69963	VALENCE/PLEASANTNESS	44.8905438989	0.98955738334
9016	VALENCE/PLEASANTNESS	45.3006489234	0.991166439783
12587	VALENCE/PLEASANTNESS	44.456615837	0.987708356809
2969	VALENCE/PLEASANTNESS	45.1485081649	0.99058521079
8375	VALENCE/PLEASANTNESS	45.0652043547	0.990259116776
15717	VALENCE/PLEASANTNESS	45.8617641576	0.993150001645
18635	VALENCE/PLEASANTNESS	44.0970992338	0.986062305018
526618	VALENCE/PLEASANTNESS	44.0565509764	0.985870165481
660	VALENCE/PLEASANTNESS	45.2754257199	0.991071359149
679	VALENCE/PLEASANTNESS	44.7478970367	0.988966165785
24197	VALENCE/PLEASANTNESS	46.1287948635	0.994005508316
6057	VALENCE/PLEASANTNESS	44.6062711587	0.988363075674
196	VALENCE/PLEASANTNESS	45.2674386575	0.991041145256
7635	VALENCE/PLEASANTNESS	45.9016351411	0.993281362193
6998	VALENCE/PLEASANTNESS	54.7575913463	0.990946129833
311	VALENCE/PLEASANTNESS	44.9906720372	0.989962653344
7047	VALENCE/PLEASANTNESS	44.5305097819	0.988033870701
5368076	VALENCE/PLEASANTNESS	46.1537197464	0.994082451284
261	VALENCE/PLEASANTNESS	44.6519962343	0.988559542289
61138	VALENCE/PLEASANTNESS	44.8786159797	0.989508570287
7894	VALENCE/PLEASANTNESS	44.0584124607	0.985879015005
170833	VALENCE/PLEASANTNESS	45.0703179677	0.990279294024
228769	VALENCE/PLEASANTNESS	46.0283206012	0.993690305101
5960	VALENCE/PLEASANTNESS	44.5146078399	0.98796418914
11980	BAKERY	6.01641337386	0.226177643
650	BAKERY	4.71345934841	0.179651694325
89440	BAKERY	2.51182396607	0.0979492547882
7601	BAKERY	1.55513546551	0.0612380400939
5363388	BAKERY	1.8201243273	0.0714798320652
444539	BAKERY	1.61049741602	0.0633824158701
6054	BAKERY	0.429464062165	0.0171047867343
62374	BAKERY	1.48998015873	0.0587111899999
235414	BAKERY	1.17219326987	0.0463381159699
78925	BAKERY	4.1679876161	0.159770656337
6549	BAKERY	2.753484383	0.107106704821
7194	BAKERY	1.15360410403	0.0456118431896
8857	BAKERY	1.9281007752	0.0756370019682
1136	BAKERY	2.69732229124	0.104982672632
8467	BAKERY	6.90695035461	0.257195628904
61209	BAKERY	6.17287397828	0.231673209871
5365027	BAKERY	1.24444444445	0.0491583209878
22873	BAKERY	2.96525147677	0.115092972542
637776	BAKERY	5.25316645807	0.199088355188
7795	BAKERY	2.51967961549	0.0982476704737
565690	BAKERY	1.31671672426	0.0519751717977
24834	BAKERY	0.96207513417	0.0381127699413
5364729	BAKERY	4.45748663102	0.170351790414
7916	BAKERY	1.60441694923	0.0631470164705
8038	BAKERY	4.5354568831	0.173190127669
62572	BAKERY	5.05684751053	0.192045217723
6386	BAKERY	3.86543694401	0.148640836653
6826	BAKERY	2.12307430604	0.083119994438
8175	BAKERY	5.07037818799	0.192531633532
8452	BAKERY	1.89493055555	0.074360917498
241	BAKERY	4.07425406308	0.156330344055
4133	BAKERY	2.2512572892	0.0880230278152
8294	BAKERY	2.18842063776	0.0856211515554
18827	BAKERY	1.0598005698	0.0419427518929
1183	BAKERY	15.2058823529	0.515747750864
61252	BAKERY	1.89493055555	0.074360917498
7151	BAKERY	2.94474669767	0.114321254662
61155	BAKERY	15.2058823529	0.515747750864
7583	BAKERY	2.52299561344	0.0983736217916
10430	BAKERY	2.02479094023	0.0793517262686
8785	BAKERY	2.68462153408	0.104501984251
1549778	BAKERY	2.28411174537	0.0892776032288
6140	BAKERY	5.39145828292	0.20403120235
61659	BAKERY	6.22545963264	0.233515846251
61177	BAKERY	2.753484383	0.107106704821
69963	BAKERY	3.10166164571	0.120218343843
9016	BAKERY	9.7338906899	0.351456176411
12587	BAKERY	5.43612169984	0.205624300339
2969	BAKERY	4.61309076262	0.176011387951
8375	BAKERY	2.85473583303	0.110929626651
15717	BAKERY	3.87397366665	0.148955877878
18635	BAKERY	1.81713517665	0.071364614966
526618	BAKERY	0.398924242424	0.0158933134765
660	BAKERY	6.02845680888	0.226601355757
679	BAKERY	2.05055663013	0.0803403522079
24197	BAKERY	17.6854255319	0.582307310778
6057	BAKERY	5.01587210939	0.190571295169
196	BAKERY	1.35647321429	0.053522920739
7635	BAKERY	1.2400413982	0.0489865748604
6998	BAKERY	2.40597247918	0.0939234177391
311	BAKERY	2.09981052764	0.0822287394047
7047	BAKERY	2.2020593732	0.0861427487349
5368076	BAKERY	3.52570699263	0.136056035786
261	BAKERY	3.56717090509	0.137596952897
61138	BAKERY	0.547960839029	0.0217983291287
7894	BAKERY	4.23122830385	0.16208781497
170833	BAKERY	1.26796522261	0.0500755145822
228769	BAKERY	1.70861283644	0.0671767703276
5960	BAKERY	4.12340886699	0.158135354406
11980	SWEET	13.5927763859	0.469805627484
650	SWEET	14.5714519928	0.497927194441
89440	SWEET	17.607271369	0.580284452734
7601	SWEET	14.4979741819	0.495842465126
5363388	SWEET	25.1182180543	0.752358770883
444539	SWEET	11.7029342871	0.413333903112
6054	SWEET	11.4669514828	0.406081668788
62374	SWEET	12.4723751948	0.436670950591
235414	SWEET	12.6411100385	0.441725336338
78925	SWEET	11.9062944243	0.419547838203
6549	SWEET	13.2232312253	0.458987711397
7194	SWEET	12.9691317346	0.451485918205
8857	SWEET	15.0044530513	0.510124677504
1136	SWEET	11.6960792282	0.413123861403
8467	SWEET	12.7976270487	0.446393378716
61209	SWEET	12.6670015019	0.442498889257
5365027	SWEET	22.2888625063	0.692837143523
22873	SWEET	18.5003228942	0.603108136893
637776	SWEET	20.4488639752	0.650692143858
7795	SWEET	24.3784249752	0.7374139573
565690	SWEET	36.1276575179	0.923023245624
24834	SWEET	26.2791752503	0.774928989277
5364729	SWEET	14.6289045423	0.499554242448
7916	SWEET	14.5454029425	0.497188618996
8038	SWEET	14.1310764989	0.485368130748
62572	SWEET	14.5506409268	0.497337176521
6386	SWEET	12.1214979395	0.426087632661
6826	SWEET	13.0997337314	0.455348139723
8175	SWEET	11.7902724449	0.416006688066
8452	SWEET	11.5132504261	0.407508042894
241	SWEET	10.4813039506	0.375309065024
4133	SWEET	12.874737485	0.448685953278
8294	SWEET	24.235169286	0.734469399311
18827	SWEET	13.7953740284	0.475690023303
1183	SWEET	12.3474790229	0.432915065629
61252	SWEET	12.1076356627	0.425667489972
7151	SWEET	12.7424827233	0.444750962551
61155	SWEET	12.8321284725	0.447419730446
7583	SWEET	31.2141402885	0.85883658996
10430	SWEET	6.14211965659	0.230594532713
8785	SWEET	18.9252968264	0.613745129068
1549778	SWEET	22.0903913482	0.688421497961
6140	SWEET	18.7173499401	0.608558322093
61659	SWEET	10.4192761905	0.373346521086
61177	SWEET	24.0340600205	0.730307984392
69963	SWEET	13.6907038881	0.472654006345
9016	SWEET	12.0237259977	0.423121045161
12587	SWEET	6.05652923412	0.227588550819
2969	SWEET	5.12616003262	0.194535394633
8375	SWEET	12.6944623974	0.443318745673
15717	SWEET	14.0986050776	0.484435937051
18635	SWEET	13.1226216663	0.456023586894
526618	SWEET	11.4069363529	0.404230175332
660	SWEET	11.803344122	0.416406191894
679	SWEET	13.6294093803	0.470872055189
24197	SWEET	20.8227886336	0.659476134752
6057	SWEET	30.904259966	0.854141085021
196	SWEET	4.26247938646	0.16323168325
7635	SWEET	25.323834668	0.756434745803
6998	SWEET	12.0470356205	0.423828997922
311	SWEET	4.38759423417	0.167803376101
7047	SWEET	10.6192790209	0.379663526066
5368076	SWEET	26.8614043706	0.78584215692
261	SWEET	14.2050472185	0.487488542147
61138	SWEET	5.89961052087	0.222062259116
7894	SWEET	12.566180612	0.439483666411
170833	SWEET	12.6537612109	0.442103379323
228769	SWEET	25.8985185168	0.767647436127
5960	SWEET	5.74220654989	0.216499087571
11980	FRUIT	4.24374454122	0.162546034556
650	FRUIT	18.2335885745	0.596358042059
89440	FRUIT	1.7880124981	0.0702417044468
7601	FRUIT	3.24078379178	0.125430279837
5363388	FRUIT	15.2012071904	0.515617607597
444539	FRUIT	7.3488372093	0.27235132504
6054	FRUIT	1.2918445625	0.0510062375506
62374	FRUIT	2.56647727273	0.100024368673
235414	FRUIT	0.96284547626	0.038142990486
78925	FRUIT	2.11132350569	0.0826698654492
6549	FRUIT	0.710834877429	0.028231280608
7194	FRUIT	5.31752182215	0.201390457554
8857	FRUIT	22.0040897992	0.686491604812
1136	FRUIT	3.80576513729	0.14643706618
8467	FRUIT	5.21914852473	0.19787013646
61209	FRUIT	3.95743243243	0.152032788714
5365027	FRUIT	5.74222769761	0.216499836332
22873	FRUIT	14.6572792984	0.500356837363
637776	FRUIT	2.28146616774	0.0891766115598
7795	FRUIT	26.8401499383	0.785448538048
565690	FRUIT	5.70595238095	0.215214938209
24834	FRUIT	4.30245143386	0.164693622018
5364729	FRUIT	10.6059184603	0.379242535858
7916	FRUIT	3.99498297248	0.153415363319
8038	FRUIT	8.72552196224	0.318566985084
62572	FRUIT	21.4466354466	0.673882149071
6386	FRUIT	3.40600952809	0.131600020761
6826	FRUIT	5.3796362123	0.203609254181
8175	FRUIT	15.0951300236	0.512660020773
8452	FRUIT	0.863500527391	0.0342417678313
241	FRUIT	1.69178138767	0.0665264058014
4133	FRUIT	16.7766666667	0.558484048889
8294	FRUIT	11.9434253247	0.420678849592
18827	FRUIT	3.15075552038	0.122059316676
1183	FRUIT	2.20465116279	0.0862418518118
61252	FRUIT	0.947177529758	0.0375282430812
7151	FRUIT	7.8103851916	0.288014560928
61155	FRUIT	5.06097308488	0.192193543969
7583	FRUIT	2.67742002872	0.104229369945
10430	FRUIT	3.34009819967	0.129141425594
8785	FRUIT	3.50507268846	0.135288693718
1549778	FRUIT	1.52281260914	0.0599849210685
6140	FRUIT	2.51859788976	0.0982065814583
61659	FRUIT	2.34277777778	0.0915156680247
61177	FRUIT	10.4297530374	0.373678222127
69963	FRUIT	1.79453042328	0.0704930811552
9016	FRUIT	5.55888056961	0.209994761509
12587	FRUIT	4.19390312702	0.160720595705
2969	FRUIT	12.790875419	0.446192419167
8375	FRUIT	10.3402667164	0.370842222351
15717	FRUIT	5.88890618693	0.221684561046
18635	FRUIT	2.68001850139	0.104327740388
526618	FRUIT	10.779959479	0.384715368612
660	FRUIT	1.26351262143	0.0499019191993
679	FRUIT	9.06019966081	0.329573099275
24197	FRUIT	2.86147266061	0.111183696109
6057	FRUIT	2.31781568769	0.0905637196826
196	FRUIT	7.78059893522	0.287008869493
7635	FRUIT	28.7685252616	0.819689792173
6998	FRUIT	5.36077266256	0.202935753086
311	FRUIT	13.0423643411	0.453653266601
7047	FRUIT	1.62047475746	0.0637686149228
5368076	FRUIT	26.9563442769	0.787595972365
261	FRUIT	6.90296027502	0.257058066777
61138	FRUIT	7.5646383302	0.279696031981
7894	FRUIT	10.0376883117	0.36120545781
170833	FRUIT	3.08284436746	0.119512202941
228769	FRUIT	2.9432414966	0.114264591661
5960	FRUIT	0.916563191668	0.036326492433
11980	FISH	1.12365386203	0.0444411152805
650	FISH	0.901970646248	0.0357534054312
89440	FISH	0.949654502714	0.0376254426387
7601	FISH	1.26802120744	0.0500776971844
5363388	FISH	0.958369313807	0.0379673838556
444539	FISH	1.25080288765	0.0494063123604
6054	FISH	1.51206098849	0.0595679081666
62374	FISH	0.965922734317	0.0382637066812
235414	FISH	1.23156912457	0.0486560599795
78925	FISH	5.73653496924	0.216298265388
6549	FISH	0.970076921193	0.0384266571545
7194	FISH	1.28579080791	0.0507703291156
8857	FISH	0.91401979689	0.0362266189999
1136	FISH	2.78338713733	0.108236587911
8467	FISH	1.09283728348	0.0432357740081
61209	FISH	0.989292606111	0.0391802243002
5365027	FISH	0.906312273585	0.0359239301685
22873	FISH	0.858607136643	0.0340494029797
637776	FISH	1.04675287095	0.0414318382091
7795	FISH	0.932047453995	0.0369344131772
565690	FISH	0.938946290913	0.0372052035816
24834	FISH	1.10776877749	0.043819890434
5364729	FISH	0.930846810884	0.0368872821212
7916	FISH	0.904071390163	0.0358359175751
8038	FISH	0.913087271916	0.0361899995302
62572	FISH	0.950159153931	0.0376452451901
6386	FISH	0.906252680729	0.0359215896606
6826	FISH	1.12853186513	0.0446318409369
8175	FISH	0.855275169894	0.0339184085493
8452	FISH	1.23739003417	0.0488831477282
241	FISH	1.54286173875	0.060762300612
4133	FISH	1.15651697373	0.0457256663451
8294	FISH	0.948904861295	0.0375960262775
18827	FISH	0.936319435327	0.0371020997791
1183	FISH	1.10492970751	0.0437088404369
61252	FISH	5.45097515654	0.206153754199
7151	FISH	1.11118926158	0.0439536738333
61155	FISH	1.12085747551	0.0443317704283
7583	FISH	1.37557439588	0.0542660938677
10430	FISH	0.965940975853	0.0382644222466
8785	FISH	1.24954132487	0.0493571115858
1549778	FISH	0.925794571021	0.0366889446057
6140	FISH	1.34865852772	0.053218789179
61659	FISH	5.56748107724	0.210300504871
61177	FISH	0.889296676993	0.0352555276478
69963	FISH	1.00879088993	0.0399445719735
9016	FISH	1.1222366495	0.0443856999411
12587	FISH	0.98943515316	0.0391858133575
2969	FISH	0.870331554345	0.034510271368
8375	FISH	1.16398111578	0.0460173038159
15717	FISH	1.28365855372	0.0506872304357
18635	FISH	5.59424624658	0.211251613436
526618	FISH	5.84016640081	0.219963638597
660	FISH	1.27546546572	0.0503678937671
679	FISH	2.29771571823	0.0897968297205
24197	FISH	0.948431281764	0.0375774425121
6057	FISH	1.19529179475	0.0472401828001
196	FISH	1.00063964273	0.0396250738315
7635	FISH	0.902583152527	0.0357774635622
6998	FISH	1.28733882037	0.0508306563196
311	FISH	1.07174105162	0.042410190512
7047	FISH	1.38261396084	0.0545399098878
5368076	FISH	0.88859092969	0.0352277996515
261	FISH	1.03305494984	0.0408953169819
61138	FISH	1.07497852987	0.042536909659
7894	FISH	1.07954342592	0.0427155714332
170833	FISH	0.957884192127	0.0379483508349
228769	FISH	0.8425374357	0.0334175496958
5960	FISH	1.06426216491	0.042117425014
11980	GARLIC	3.23654107542	0.125271563764
650	GARLIC	4.66851362971	0.178022537384
89440	GARLIC	4.65468548428	0.177520980588
7601	GARLIC	1.8470648165	0.0725179332854
5363388	GARLIC	2.72231141478	0.105928064815
444539	GARLIC	3.59818101114	0.13874847781
6054	GARLIC	1.90393789444	0.0747075239754
62374	GARLIC	3.11720984524	0.120801594922
235414	GARLIC	4.6360715449	0.176845598048
78925	GARLIC	5.63873034578	0.212831101866
6549	GARLIC	1.58031529424	0.0622136531978
7194	GARLIC	1.76534553117	0.0693672433092
8857	GARLIC	4.70258785793	0.179257781293
1136	GARLIC	1.96210315406	0.0769441866474
8467	GARLIC	3.45723201877	0.133508299458
61209	GARLIC	1.99630124777	0.0782579624421
5365027	GARLIC	2.13625397922	0.0836247267433
22873	GARLIC	2.61541068635	0.101880278231
637776	GARLIC	2.30448598671	0.0900551772033
7795	GARLIC	2.80044970796	0.108880980892
565690	GARLIC	0.979552168448	0.0387982777576
24834	GARLIC	2.16752858288	0.084821871252
5364729	GARLIC	1.96984918238	0.0772418449745
7916	GARLIC	4.82356354448	0.183635835672
8038	GARLIC	2.59909481147	0.101261674923
62572	GARLIC	3.26395355936	0.126296785239
6386	GARLIC	5.02266363493	0.190815685401
6826	GARLIC	2.25890746685	0.0883152334966
8175	GARLIC	2.10029403903	0.0822472675409
8452	GARLIC	2.6574542777	0.103473345813
241	GARLIC	2.20116872904	0.086108691652
4133	GARLIC	1.82693212765	0.0717422127065
8294	GARLIC	2.9226687211	0.113489951863
18827	GARLIC	2.94494699431	0.114328794653
1183	GARLIC	4.68175748248	0.178502758049
61252	GARLIC	2.66209435543	0.103649075674
7151	GARLIC	4.93204760263	0.187551866683
61155	GARLIC	3.45545105762	0.1334419855
7583	GARLIC	1.88538115783	0.0739933814691
10430	GARLIC	4.22020031241	0.161683976226
8785	GARLIC	2.8186200514	0.109566954458
1549778	GARLIC	1.40505758085	0.0554126285118
6140	GARLIC	1.8784664624	0.073727203996
61659	GARLIC	1.07808912865	0.0426586546783
61177	GARLIC	1.65595572766	0.0651413533576
69963	GARLIC	4.62533218253	0.176455808182
9016	GARLIC	0.235540035676	0.00939940978367
12587	GARLIC	1.10491458592	0.0437082489398
2969	GARLIC	4.08280193237	0.156644368647
8375	GARLIC	2.66065427802	0.103594538646
15717	GARLIC	2.79101443447	0.108524672749
18635	GARLIC	14.3761904762	0.492377678005
526618	GARLIC	2.78116738565	0.108152738615
660	GARLIC	2.85069117334	0.110777070867
679	GARLIC	4.98965279047	0.189627457631
24197	GARLIC	1.67317311156	0.0658071211579
6057	GARLIC	3.5253713539	0.136043556883
196	GARLIC	2.48821755747	0.0970522116533
7635	GARLIC	3.65791780415	0.140964567101
6998	GARLIC	0.253151357632	0.0101004200613
311	GARLIC	1.99698050744	0.0782840478386
7047	GARLIC	0.299248326422	0.0119341132325
5368076	GARLIC	3.03223664458	0.117611682156
261	GARLIC	4.27301311005	0.163617067986
61138	GARLIC	3.76594489019	0.144964859241
7894	GARLIC	4.20780446355	0.161229931181
170833	GARLIC	0.969255674378	0.0383944443502
228769	GARLIC	4.87227454887	0.185395358243
5960	GARLIC	1.99749765191	0.0783039073286
11980	SPICES	5.39340318325	0.204100608171
650	SPICES	4.13702139277	0.158634877309
89440	SPICES	10.4727468563	0.375038503566
7601	SPICES	7.61874439138	0.281531669215
5363388	SPICES	5.0867248062	0.193119084546
444539	SPICES	7.16856498441	0.266187269802
6054	SPICES	4.30865286252	0.164920318705
62374	SPICES	10.2620812143	0.368359124234
235414	SPICES	6.0905827153	0.228785229487
78925	SPICES	3.25045742435	0.125792107587
6549	SPICES	8.6018050829	0.314475783042
7194	SPICES	3.81183597846	0.146661401728
8857	SPICES	8.82591860855	0.321878008628
1136	SPICES	6.1575479798	0.231135760342
8467	SPICES	6.58512372223	0.246059407114
61209	SPICES	5.05537070875	0.191992119149
5365027	SPICES	4.32989371981	0.165696556942
22873	SPICES	5.0943073593	0.193391507384
637776	SPICES	8.57698545749	0.313653546484
7795	SPICES	10.4549294985	0.374474959613
565690	SPICES	6.78106625258	0.252849506294
24834	SPICES	10.7040697675	0.382331946864
5364729	SPICES	5.33163928048	0.201895020252
7916	SPICES	5.97541528239	0.224734376177
8038	SPICES	5.78317525301	0.217948963718
62572	SPICES	5.98855478199	0.225197075929
6386	SPICES	6.33567621474	0.237370731351
6826	SPICES	7.03761177923	0.261693279347
8175	SPICES	3.42055547602	0.132142139135
8452	SPICES	3.6440764652	0.140451341294
241	SPICES	13.4907160062	0.466828872903
4133	SPICES	7.22140850538	0.267996843895
8294	SPICES	4.57182539682	0.174512380889
18827	SPICES	8.58963767215	0.31407275675
1183	SPICES	7.92695806579	0.291943656961
61252	SPICES	2.91536217949	0.113214752525
7151	SPICES	5.087904143	0.193161458293
61155	SPICES	8.70320213192	0.317829794337
7583	SPICES	7.37797836265	0.273345308618
10430	SPICES	7.88968899482	0.290688682819
8785	SPICES	10.6566192889	0.380839357687
1549778	SPICES	5.02599037622	0.190935383344
6140	SPICES	4.6035326087	0.175664299356
61659	SPICES	7.74486468499	0.285801415804
61177	SPICES	4.01287257069	0.15407364432
69963	SPICES	5.30146031746	0.200816220099
9016	SPICES	6.73776845936	0.25135172885
12587	SPICES	5.17382071	0.196245460104
2969	SPICES	5.24544675096	0.198811985392
8375	SPICES	7.06180104842	0.262524428318
15717	SPICES	5.86803443747	0.220947846235
18635	SPICES	7.44007499776	0.275461113522
526618	SPICES	7.64824898508	0.282531674388
660	SPICES	4.26067293444	0.163165583836
679	SPICES	10.5920833333	0.378806441597
24197	SPICES	11.2674577295	0.399916067704
6057	SPICES	17.2687397709	0.571465841526
196	SPICES	3.95810542163	0.152057577454
7635	SPICES	6.84137623696	0.254933277952
6998	SPICES	7.76994784026	0.286649077834
311	SPICES	2.79202384623	0.108562794986
7047	SPICES	9.59697702969	0.347038293944
5368076	SPICES	4.3746639246	0.167331483203
261	SPICES	3.22459733893	0.124824682358
61138	SPICES	7.01780776278	0.261012460193
7894	SPICES	5.11327512166	0.194072771879
170833	SPICES	3.09825119237	0.120090383514
228769	SPICES	5.05537639086	0.191992323453
5960	SPICES	3.74110908084	0.144046004372
11980	COLD	1.9474222003	0.0763799067215
650	COLD	2.93734473982	0.114042591944
89440	COLD	7.27124753975	0.269701485276
7601	COLD	4.91153217372	0.186812027631
5363388	COLD	5.43796361657	0.205689965345
444539	COLD	3.77077785981	0.145143608125
6054	COLD	5.23594821134	0.198471866985
62374	COLD	1.98728049359	0.0779115062395
235414	COLD	4.75635812836	0.181205148076
78925	COLD	2.27542344873	0.0889459172008
6549	COLD	5.17649714196	0.196341436614
7194	COLD	4.97686064386	0.189166769007
8857	COLD	5.41170238743	0.204753486405
1136	COLD	3.23339942776	0.125154028367
8467	COLD	2.803666998	0.109002460466
61209	COLD	2.34092158464	0.0914448978395
5365027	COLD	5.6600592432	0.213587861473
22873	COLD	5.31668072815	0.20136039154
637776	COLD	6.31864368474	0.236775644184
7795	COLD	5.23954187276	0.198600555296
565690	COLD	5.32257102396	0.201570936036
24834	COLD	5.14504949454	0.195213366061
5364729	COLD	5.35744054454	0.202816754106
7916	COLD	5.48603497751	0.207402767191
8038	COLD	5.38756263425	0.203892172915
62572	COLD	2.97728521436	0.115545717675
6386	COLD	5.26029295976	0.199343445582
6826	COLD	2.31135284114	0.090317172863
8175	COLD	5.78318643754	0.217949359353
8452	COLD	8.47109384063	0.310139981282
241	COLD	8.16368158567	0.299888984614
4133	COLD	2.74355581894	0.106731393345
8294	COLD	5.33237990098	0.201921485876
18827	COLD	5.58295750968	0.210850534565
1183	COLD	2.69176207649	0.104772249829
61252	COLD	3.42749023533	0.132400533688
7151	COLD	1.08352321006	0.0428713193838
61155	COLD	3.69411720026	0.142306087255
7583	COLD	5.37405045018	0.203409850711
10430	COLD	3.64724782195	0.140568946208
8785	COLD	5.11447685512	0.194115924804
1549778	COLD	5.96962170956	0.22453031504
6140	COLD	3.6712684472	0.141459453083
61659	COLD	2.80350235636	0.10899624407
61177	COLD	5.3446693446	0.202360577623
69963	COLD	5.51495414966	0.208432278277
9016	COLD	6.42295540712	0.24041647382
12587	COLD	3.59384545593	0.138587528173
2969	COLD	3.3312640601	0.128811634309
8375	COLD	3.86246518862	0.148531152612
15717	COLD	4.91042318938	0.186772025216
18635	COLD	2.7227928266	0.105946272753
526618	COLD	4.09171433068	0.156971722762
660	COLD	4.78485377218	0.182236220639
679	COLD	3.35606949019	0.129737498639
24197	COLD	2.45054166667	0.0956196048826
6057	COLD	7.29209596438	0.270413973154
196	COLD	2.5227144126	0.0983629413008
7635	COLD	5.38577153734	0.203828247473
6998	COLD	3.8104010143	0.146608378216
311	COLD	3.08770276516	0.11969454726
7047	COLD	4.39179442201	0.167956633582
5368076	COLD	5.32753800295	0.201748455649
261	COLD	5.62861382229	0.212472035467
61138	COLD	3.65936366787	0.141018169733
7894	COLD	3.34093408366	0.129172627126
170833	COLD	6.04001612121	0.227007926951
228769	COLD	5.37793118968	0.203548390035
5960	COLD	4.09105263158	0.15694742061
11980	SOUR	8.29872643996	0.304401513388
650	SOUR	8.8074111739	0.321268250322
89440	SOUR	7.95885034995	0.293016694441
7601	SOUR	8.02330827994	0.295182940896
5363388	SOUR	8.60532634971	0.314592397354
444539	SOUR	16.6747021777	0.555769810023
6054	SOUR	7.95975327257	0.293047062039
62374	SOUR	7.91613785487	0.29157941878
235414	SOUR	7.48409119987	0.27695899956
78925	SOUR	9.36321800223	0.339460779546
6549	SOUR	8.60783197106	0.314675370346
7194	SOUR	7.96215711903	0.293127906366
8857	SOUR	8.74376263963	0.319169151546
1136	SOUR	8.32844503678	0.305392602779
8467	SOUR	7.84289079541	0.289111257405
61209	SOUR	7.7910224265	0.28736088488
5365027	SOUR	8.40769275756	0.3080319913
22873	SOUR	8.4937542978	0.310892627083
637776	SOUR	7.72995660365	0.285297372508
7795	SOUR	8.78622086181	0.32056976366
565690	SOUR	8.31041628135	0.304791443746
24834	SOUR	7.81399700014	0.288136460358
5364729	SOUR	8.66397147904	0.316533098446
7916	SOUR	8.74843092632	0.319323219584
8038	SOUR	8.65646544761	0.316284860286
62572	SOUR	8.6275366246	0.3153277097
6386	SOUR	8.40790892485	0.308039183999
6826	SOUR	8.00392261942	0.294531793858
8175	SOUR	12.1400727284	0.426650362796
8452	SOUR	7.49343917186	0.277276914626
241	SOUR	7.69049137731	0.283962192042
4133	SOUR	7.91060474059	0.291393122679
8294	SOUR	8.66443238291	0.316548339909
18827	SOUR	8.62412227099	0.315214696862
1183	SOUR	7.6559395255	0.282792217013
61252	SOUR	7.62673253041	0.28180248158
7151	SOUR	8.14217460725	0.299168981356
61155	SOUR	7.96194665859	0.293120828506
7583	SOUR	7.49883330995	0.277460331994
10430	SOUR	16.2440158767	0.544213414348
8785	SOUR	8.146350269	0.299308801678
1549778	SOUR	8.69968368378	0.317713548872
6140	SOUR	8.1046619969	0.297912261442
61659	SOUR	8.01316434249	0.294842252588
61177	SOUR	8.44986468807	0.309434502224
69963	SOUR	8.69949158688	0.317707201927
9016	SOUR	7.74564993886	0.285827960364
12587	SOUR	15.5851429951	0.526247046934
2969	SOUR	15.3535578435	0.519849618359
8375	SOUR	7.83080396549	0.288703562321
15717	SOUR	8.14029819617	0.299106145958
18635	SOUR	13.587201088	0.469643230159
526618	SOUR	8.20839746732	0.3013847831
660	SOUR	7.43849068202	0.27540716983
679	SOUR	8.6167142408	0.314969463909
24197	SOUR	8.68126542891	0.317104869378
6057	SOUR	7.99516830004	0.294237645543
196	SOUR	17.2378017856	0.570655347265
7635	SOUR	8.73290579202	0.318810774252
6998	SOUR	7.49164471037	0.277215892228
311	SOUR	17.3053662539	0.572424369684
7047	SOUR	7.39189986298	0.273819921085
5368076	SOUR	8.53327387642	0.312204249837
261	SOUR	13.5841624886	0.469554711339
61138	SOUR	15.7200312001	0.529953495631
7894	SOUR	8.77320398089	0.320140515999
170833	SOUR	8.10265364179	0.297844947256
228769	SOUR	8.4270125252	0.308674684968
5960	SOUR	14.951729393	0.508647490984
11980	BURNT	6.55226641998	0.244917778704
650	BURNT	4.78869503426	0.182375161318
89440	BURNT	3.47257311929	0.134079419144
7601	BURNT	5.5019615257	0.207969828776
5363388	BURNT	4.99523809524	0.189828562358
444539	BURNT	6.71195528174	0.250458073788
6054	BURNT	9.51760066751	0.344470137714
62374	BURNT	8.45871657172	0.309728708453
235414	BURNT	4.06531406184	0.156001851105
78925	BURNT	6.46412698412	0.241851104298
6549	BURNT	4.92484671829	0.187292222652
7194	BURNT	3.72129242655	0.143312490132
8857	BURNT	4.47154320062	0.170863848587
1136	BURNT	5.36005952381	0.202910285713
8467	BURNT	4.07732371691	0.1564431212
61209	BURNT	7.32168931783	0.271424718926
5365027	BURNT	1.39586527505	0.0550552350555
22873	BURNT	5.84961712997	0.220297476972
637776	BURNT	3.77238745428	0.145203135329
7795	BURNT	4.76452595024	0.181500754997
565690	BURNT	4.45617912281	0.170304151963
24834	BURNT	3.58529935675	0.138270225679
5364729	BURNT	2.25836434906	0.0882944901493
7916	BURNT	7.21425120773	0.267751880114
8038	BURNT	5.28471268752	0.200217232225
62572	BURNT	5.33133129456	0.201884014433
6386	BURNT	6.56444707258	0.245341096756
6826	BURNT	3.33246907113	0.128856622801
8175	BURNT	5.20891950311	0.197503643169
8452	BURNT	6.0168059939	0.226191458009
241	BURNT	5.13968028544	0.195020686043
4133	BURNT	3.08799074074	0.119705354904
8294	BURNT	6.49470213262	0.242915622988
18827	BURNT	3.47027711159	0.133993955171
1183	BURNT	8.48751156337	0.310685321519
61252	BURNT	6.09185728588	0.228830001358
7151	BURNT	7.32854166666	0.271658657483
61155	BURNT	7.79959300451	0.287650259766
7583	BURNT	10.511202779	0.376253957615
10430	BURNT	1.9137782131	0.0750861097046
8785	BURNT	7.60588112859	0.281095474047
1549778	BURNT	6.75383651725	0.251907737609
6140	BURNT	11.2291666667	0.398728993055
61659	BURNT	17.0744684586	0.566363749086
61177	BURNT	3.59120588558	0.138489531538
69963	BURNT	5.5800039362	0.210745579877
9016	BURNT	2.57721088435	0.100431628997
12587	BURNT	3.75451952457	0.144542214239
2969	BURNT	3.5790326648	0.138037516666
8375	BURNT	9.2398148148	0.335442921467
15717	BURNT	2.6590227578	0.103532749501
18635	BURNT	9.21357481805	0.334587008351
526618	BURNT	4.24406179138	0.16255764746
660	BURNT	5.05689814814	0.192047038373
679	BURNT	3.40820862824	0.131681990708
24197	BURNT	4.82996287243	0.183867098358
6057	BURNT	7.3196590909	0.271355399953
196	BURNT	1.61880854307	0.0637041252832
7635	BURNT	2.41311712422	0.0941954312667
6998	BURNT	1.86404478458	0.0731719261996
311	BURNT	3.93656802634	0.151264093923
7047	BURNT	7.33974164135	0.272040942709
5368076	BURNT	4.80210677664	0.182860179268
261	BURNT	6.52710749861	0.244043047025
61138	BURNT	7.2664893617	0.269538827411
7894	BURNT	2.8124464726	0.109333916839
170833	BURNT	7.39363437848	0.27387904341
228769	BURNT	1.96214792535	0.0769459072215
5960	BURNT	3.30712623951	0.127910215995
11980	ACID	6.02875203038	0.226611740798
650	ACID	7.06871328985	0.262761848564
89440	ACID	5.77536140368	0.21767253641
7601	ACID	6.05483962812	0.227529151956
5363388	ACID	4.81600241546	0.183362544912
444539	ACID	6.48342379506	0.24252303816
6054	ACID	6.38712900222	0.239166993332
62374	ACID	6.39166270715	0.239325167421
235414	ACID	5.44601425906	0.205976941838
78925	ACID	5.17079372842	0.196136906024
6549	ACID	4.75168487367	0.181035991291
7194	ACID	4.9743112245	0.189074940117
8857	ACID	7.02325952816	0.261199911366
1136	ACID	11.1679195702	0.396827811799
8467	ACID	2.59267857142	0.101018349987
61209	ACID	3.73694019239	0.143891718895
5365027	ACID	6.7400074664	0.251429218397
22873	ACID	8.32843033754	0.305392112747
637776	ACID	5.44857133379	0.20606808152
7795	ACID	7.48715277777	0.277063128424
565690	ACID	4.54467439122	0.17352534952
24834	ACID	4.40416666667	0.168407993056
5364729	ACID	3.73898955237	0.143967564946
7916	ACID	8.75109442229	0.319411115457
8038	ACID	8.72087188239	0.31841343274
62572	ACID	5.94308083602	0.223595149511
6386	ACID	6.72031651039	0.250747598816
6826	ACID	3.9546355108	0.151929763623
8175	ACID	7.23674516056	0.268521614215
8452	ACID	6.85617555737	0.255444164985
241	ACID	9.02057981807	0.328274848621
4133	ACID	3.34326086957	0.129259477486
8294	ACID	6.51555589681	0.243641248415
18827	ACID	6.58196711115	0.245949768025
1183	ACID	5.23695371307	0.198507874846
61252	ACID	2.97454141746	0.115442498041
7151	ACID	6.15628143931	0.231091337108
61155	ACID	5.21400797859	0.197685967463
7583	ACID	5.8937944664	0.221857053371
10430	ACID	8.64625801681	0.315947209595
8785	ACID	7.47527179958	0.276658996592
1549778	ACID	6.79057068374	0.253178087265
6140	ACID	4.46328571428	0.170563060824
61659	ACID	6.853051903	0.255336347966
61177	ACID	6.77405180388	0.252606961019
69963	ACID	4.16470588235	0.15965032526
9016	ACID	8.49226814059	0.310843278355
12587	ACID	7.76674231311	0.286540778061
2969	ACID	6.24720210949	0.234277070701
8375	ACID	6.73361678003	0.251208033225
15717	ACID	3.73184389545	0.143703092274
18635	ACID	8.96645511863	0.326499277788
526618	ACID	7.8354946267	0.28886179465
660	ACID	5.82897314591	0.219568154662
679	ACID	6.58977891155	0.246221082021
24197	ACID	7.55547668342	0.279384976171
6057	ACID	6.56737571132	0.245442858959
196	ACID	11.5593988353	0.408928072838
7635	ACID	10.8825707818	0.387930692544
6998	ACID	5.00330891129	0.190119116427
311	ACID	7.54380323262	0.27898854242
7047	ACID	4.93995115261	0.187836799148
5368076	ACID	6.70895733692	0.250354250057
261	ACID	3.89475385812	0.149722511279
61138	ACID	6.73681392557	0.251318692276
7894	ACID	8.60565862708	0.314603400921
170833	ACID	7.84044469464	0.289028758582
228769	ACID	7.13513060259	0.265041188617
5960	ACID	3.43686170213	0.132749660741
11980	WARM	3.78617933763	0.145713111915
650	WARM	6.97095740915	0.259400597486
89440	WARM	7.02677345538	0.261320720138
7601	WARM	3.9505109853	0.151777824594
5363388	WARM	4.52578349201	0.172838253194
444539	WARM	4.62523580181	0.176452309584
6054	WARM	5.91117603771	0.222470240649
62374	WARM	8.39008389522	0.307445952701
235414	WARM	4.83436836238	0.18402628751
78925	WARM	5.51601436851	0.208470008935
6549	WARM	6.31523992559	0.236656694897
7194	WARM	6.31284722222	0.236573072868
8857	WARM	4.91038865762	0.186770779597
1136	WARM	6.70273557004	0.250138757153
8467	WARM	6.19574468086	0.232474886374
61209	WARM	6.50232622075	0.243180950318
5365027	WARM	4.13614870509	0.158602857759
22873	WARM	4.52459183674	0.172794900954
637776	WARM	9.5164962241	0.344434368811
7795	WARM	6.12119872887	0.229860319604
565690	WARM	4.95389844946	0.188339494039
24834	WARM	4.8445534317	0.184394258087
5364729	WARM	6.34956447661	0.237855791447
7916	WARM	7.03156773718	0.26148553155
8038	WARM	6.05514576588	0.227539914537
62572	WARM	4.92810742085	0.187409799734
6386	WARM	9.20857796369	0.334423955302
6826	WARM	8.38308823529	0.307213062067
8175	WARM	7.52033135735	0.278191100804
8452	WARM	4.51127659574	0.17231041722
241	WARM	2.9331740723	0.113885558837
4133	WARM	7.15219629376	0.265626287021
8294	WARM	5.7013810715	0.215052944411
18827	WARM	3.57668683267	0.137950397827
1183	WARM	6.27369509044	0.235204103583
61252	WARM	7.5213000829	0.278224021341
7151	WARM	5.68354216074	0.214420625832
61155	WARM	8.67550872094	0.316914568211
7583	WARM	5.37498550651	0.203443232582
10430	WARM	6.17997998904	0.231922338496
8785	WARM	3.96620848592	0.152356015535
1549778	WARM	7.06060075879	0.262483197121
6140	WARM	8.39453870139	0.307594236052
61659	WARM	6.93888043583	0.258295992752
61177	WARM	5.49398588172	0.207685882921
69963	WARM	2.9959320667	0.116247039089
9016	WARM	4.30638297872	0.164837345405
12587	WARM	4.53868729932	0.173307619012
2969	WARM	9.22236975806	0.334873948741
8375	WARM	8.47783333333	0.310363870122
15717	WARM	3.99023102792	0.153240463654
18635	WARM	5.92840754484	0.223077895386
526618	WARM	6.35809941668	0.23815380539
660	WARM	7.38546778682	0.273600657701
679	WARM	4.80126984127	0.182829916815
24197	WARM	5.62299705126	0.212272643715
6057	WARM	7.71391877403	0.28475493382
196	WARM	5.59488484617	0.21127429927
7635	WARM	5.3050209	0.2009435373
6998	WARM	5.90230920774	0.222157466716
311	WARM	7.11850947902	0.26447110828
7047	WARM	5.34922290021	0.202523241754
5368076	WARM	7.50926973935	0.277815136767
261	WARM	6.16667775825	0.2314559445
61138	WARM	4.38779594161	0.167810736374
7894	WARM	3.1007693769	0.120184866784
170833	WARM	7.39677463775	0.273986075493
228769	WARM	7.25164277796	0.269031181927
5960	WARM	5.79056748411	0.218210430649
11980	MUSKY	7.45578375808	0.275995865744
650	MUSKY	7.01458508457	0.260901641819
89440	MUSKY	7.33442737984	0.271859565198
7601	MUSKY	7.73017623668	0.285304799607
5363388	MUSKY	6.78713554598	0.253059338271
444539	MUSKY	13.3189523904	0.461800298506
6054	MUSKY	8.08421738538	0.297226867122
62374	MUSKY	7.29704807277	0.27058315868
235414	MUSKY	7.13332485367	0.26497926476
78925	MUSKY	7.65996910616	0.282928713564
6549	MUSKY	7.05980205655	0.262455760231
7194	MUSKY	7.68361235954	0.283729334825
8857	MUSKY	6.88904726685	0.256578301776
1136	MUSKY	7.85185098416	0.289413413816
8467	MUSKY	7.38511853326	0.27358875103
61209	MUSKY	7.15922571622	0.265867223506
5365027	MUSKY	6.77962093559	0.252799533412
22873	MUSKY	6.69148371661	0.249748966932
637776	MUSKY	7.28354890956	0.270121922495
7795	MUSKY	6.95339719042	0.258795994622
565690	MUSKY	6.95466422663	0.258839627263
24834	MUSKY	7.39137795273	0.273802130893
5364729	MUSKY	6.96988993937	0.259363851268
7916	MUSKY	6.92744035559	0.257901842272
8038	MUSKY	6.9601178394	0.259027417441
62572	MUSKY	6.97330525836	0.259481415844
6386	MUSKY	7.2650835989	0.269490768076
6826	MUSKY	7.52719161515	0.278424219162
8175	MUSKY	11.2090379682	0.398104505858
8452	MUSKY	7.1220815798	0.26459364478
241	MUSKY	8.5080862632	0.311368437783
4133	MUSKY	7.58744674265	0.280470130477
8294	MUSKY	6.89571916122	0.256808389348
18827	MUSKY	6.94045796481	0.258350335888
1183	MUSKY	7.42301009647	0.274879972302
61252	MUSKY	7.19802779845	0.267196470263
7151	MUSKY	7.6311905996	0.281953595997
61155	MUSKY	7.4548688726	0.275964726941
7583	MUSKY	8.12313714844	0.298531343085
10430	MUSKY	14.3077986942	0.490426706379
8785	MUSKY	7.6415854449	0.282305886551
1549778	MUSKY	6.8434800278	0.255005913556
6140	MUSKY	7.92483471748	0.291872186579
61659	MUSKY	8.04166176854	0.295799141142
61177	MUSKY	6.66670714054	0.248890291983
69963	MUSKY	7.02990051983	0.261428220266
9016	MUSKY	7.47806677499	0.276754077923
12587	MUSKY	14.5120404168	0.496241889848
2969	MUSKY	16.2677371582	0.544853777429
8375	MUSKY	7.69742893993	0.284196992683
15717	MUSKY	7.72638266597	0.285176510998
18635	MUSKY	11.8460752879	0.417711211627
526618	MUSKY	7.85063561587	0.289372432805
660	MUSKY	7.80796651243	0.287932924073
679	MUSKY	7.10336514856	0.263951487369
24197	MUSKY	6.86582751601	0.255777265649
6057	MUSKY	7.67442952709	0.283418433657
196	MUSKY	15.175769782	0.514909195889
7635	MUSKY	6.83797812946	0.254815947219
6998	MUSKY	7.87735006901	0.290272945116
311	MUSKY	14.6898236789	0.501276579268
7047	MUSKY	8.30850402238	0.304727665259
5368076	MUSKY	6.75807091876	0.252054227733
261	MUSKY	11.8155351121	0.41677865649
61138	MUSKY	14.5145436923	0.496312956255
7894	MUSKY	7.32056214611	0.27138623379
170833	MUSKY	7.04143316192	0.261824614087
228769	MUSKY	6.77603726694	0.25267561826
5960	MUSKY	13.8799567702	0.47813699083
11980	SWEATY	4.71103502503	0.179563860599
650	SWEATY	4.45835053757	0.170383265696
89440	SWEATY	0.665095009023	0.0264268598125
7601	SWEATY	5.93769005143	0.223405136798
5363388	SWEATY	3.20126310983	0.123951290194
444539	SWEATY	7.64754257978	0.282507740187
6054	SWEATY	6.60731444217	0.246829936032
62374	SWEATY	4.10936770879	0.157619947165
235414	SWEATY	2.58604651163	0.100766805841
78925	SWEATY	5.25291009493	0.199079178011
6549	SWEATY	1.80042865484	0.0707205288572
7194	SWEATY	2.61035796758	0.101688731216
8857	SWEATY	4.53908744562	0.173322171889
1136	SWEATY	3.58889960324	0.138403903985
8467	SWEATY	3.79441701923	0.146017640563
61209	SWEATY	3.97598817613	0.152716134255
5365027	SWEATY	3.58230220634	0.138158932615
22873	SWEATY	10.4684399707	0.374902304661
637776	SWEATY	1.51808701489	0.0598016453217
7795	SWEATY	1.36069019412	0.0536870166431
565690	SWEATY	1.47341382012	0.0580681734907
24834	SWEATY	2.37245759362	0.0926468817313
5364729	SWEATY	3.58448147011	0.13823985584
7916	SWEATY	4.51138340927	0.172314304265
8038	SWEATY	4.47173918682	0.170870986931
62572	SWEATY	1.31857562278	0.0520475682421
6386	SWEATY	4.61708729985	0.17615649394
6826	SWEATY	3.18065153179	0.123179443605
8175	SWEATY	2.88790897184	0.112180351582
8452	SWEATY	3.88976129934	0.149538354787
241	SWEATY	4.34070806836	0.166091624121
4133	SWEATY	1.80084443939	0.0707365612977
8294	SWEATY	1.14961185514	0.0454558312387
18827	SWEATY	4.08257644887	0.15663608577
1183	SWEATY	0.79768793517	0.03165299499
61252	SWEATY	3.85946076417	0.148420255611
7151	SWEATY	3.54762443361	0.136870721696
61155	SWEATY	2.81721777404	0.109514024567
7583	SWEATY	4.34509682089	0.166251926282
10430	SWEATY	10.4798689252	0.375263695933
8785	SWEATY	3.06861662203	0.118978101692
1549778	SWEATY	3.6415424414	0.140357365115
6140	SWEATY	4.57964285714	0.174796462806
61659	SWEATY	4.71025329528	0.179535537369
61177	SWEATY	4.78408689392	0.182208480793
69963	SWEATY	4.18316976809	0.160327227
9016	SWEATY	2.57243895261	0.100250581239
12587	SWEATY	10.7308864021	0.383174686894
2969	SWEATY	9.57014833992	0.346170837898
8375	SWEATY	2.27409862094	0.0888953350225
15717	SWEATY	3.99988498598	0.153595767479
18635	SWEATY	5.004814486	0.190173312224
526618	SWEATY	4.66623959671	0.177940067079
660	SWEATY	1.50043612911	0.0591169217335
679	SWEATY	4.50683566426	0.172148799488
24197	SWEATY	3.06457907248	0.118826504943
6057	SWEATY	9.156122449	0.33271106664
196	SWEATY	5.72611791327	0.215929345988
7635	SWEATY	4.27063829563	0.163530191244
6998	SWEATY	2.15362820482	0.0842898824148
311	SWEATY	7.79547664681	0.287511283412
7047	SWEATY	4.32946087327	0.16568074235
5368076	SWEATY	2.96178728917	0.114962617988
261	SWEATY	4.6677291163	0.177994086611
61138	SWEATY	10.5451172221	0.377324889993
7894	SWEATY	4.56683386081	0.174330965828
170833	SWEATY	1.53972631946	0.0606407499228
228769	SWEATY	10.2791908369	0.368902927771
5960	SWEATY	10.3793402529	0.372081328481
11980	AMMONIA/URINOUS	7.46475861835	0.276301296242
650	AMMONIA/URINOUS	8.31260330487	0.304864382713
89440	AMMONIA/URINOUS	1.57694334651	0.0620830337331
7601	AMMONIA/URINOUS	8.67984180519	0.317057810702
5363388	AMMONIA/URINOUS	3.04713284132	0.118171306232
444539	AMMONIA/URINOUS	5.68798712106	0.214578205847
6054	AMMONIA/URINOUS	5.80487823568	0.218716484895
62374	AMMONIA/URINOUS	3.42947634083	0.132474530444
235414	AMMONIA/URINOUS	8.14866066606	0.299386158382
78925	AMMONIA/URINOUS	11.1784649342	0.397155366054
6549	AMMONIA/URINOUS	8.977427653	0.326859423214
7194	AMMONIA/URINOUS	7.10881503045	0.264138500763
8857	AMMONIA/URINOUS	7.18966481301	0.266910080471
1136	AMMONIA/URINOUS	5.21231041456	0.197625144639
8467	AMMONIA/URINOUS	3.96581010899	0.152341344431
61209	AMMONIA/URINOUS	4.35347242154	0.166557808011
5365027	AMMONIA/URINOUS	5.70575893601	0.215208083426
22873	AMMONIA/URINOUS	1.90564743692	0.0747733006154
637776	AMMONIA/URINOUS	1.82758152174	0.0717672391821
7795	AMMONIA/URINOUS	1.21079602118	0.0478454300454
565690	AMMONIA/URINOUS	2.51575	0.0980984007749
24834	AMMONIA/URINOUS	2.50660069882	0.0977508091275
5364729	AMMONIA/URINOUS	4.97004153373	0.18892113621
7916	AMMONIA/URINOUS	7.80291673737	0.287762465651
8038	AMMONIA/URINOUS	3.76459872939	0.144915067738
62572	AMMONIA/URINOUS	3.91003328948	0.150285987449
6386	AMMONIA/URINOUS	6.9679684582	0.259297704554
6826	AMMONIA/URINOUS	4.53521317982	0.173181263758
8175	AMMONIA/URINOUS	4.67242524917	0.178164386883
8452	AMMONIA/URINOUS	5.27846883596	0.199993860138
241	AMMONIA/URINOUS	4.1963976331	0.160812004086
4133	AMMONIA/URINOUS	5.6425	0.2129648775
8294	AMMONIA/URINOUS	6.79353565087	0.253280575379
18827	AMMONIA/URINOUS	4.73297052154	0.180358416879
1183	AMMONIA/URINOUS	4.57788220552	0.174732486026
61252	AMMONIA/URINOUS	4.8932863915	0.186153754976
7151	AMMONIA/URINOUS	3.57150629063	0.137757988752
61155	AMMONIA/URINOUS	5.62842873144	0.212465465264
7583	AMMONIA/URINOUS	5.44558482072	0.205961635213
10430	AMMONIA/URINOUS	4.72329810214	0.180008106101
8785	AMMONIA/URINOUS	3.37033465794	0.130269724035
1549778	AMMONIA/URINOUS	5.71263004395	0.21545154495
6140	AMMONIA/URINOUS	4.40631805807	0.168486466791
61659	AMMONIA/URINOUS	4.25433422621	0.162933625165
61177	AMMONIA/URINOUS	3.24771458269	0.125689523303
69963	AMMONIA/URINOUS	6.12065672423	0.229841293475
9016	AMMONIA/URINOUS	4.5152030564	0.1724532988
12587	AMMONIA/URINOUS	3.86853155362	0.148755047592
2969	AMMONIA/URINOUS	6.52762314046	0.244060980073
8375	AMMONIA/URINOUS	9.57432712217	0.34630598895
15717	AMMONIA/URINOUS	4.23477967674	0.162217843505
18635	AMMONIA/URINOUS	7.56555499683	0.279727150909
526618	AMMONIA/URINOUS	1.97099100268	0.077285717894
660	AMMONIA/URINOUS	1.70680555555	0.0671069481404
679	AMMONIA/URINOUS	6.44791526848	0.241286366215
24197	AMMONIA/URINOUS	2.77116115147	0.107774712408
6057	AMMONIA/URINOUS	3.65476332567	0.14084761504
196	AMMONIA/URINOUS	4.21482144538	0.161486969889
7635	AMMONIA/URINOUS	7.95489458497	0.292883644256
6998	AMMONIA/URINOUS	7.22666034688	0.268176565967
311	AMMONIA/URINOUS	3.48365417089	0.134491828283
7047	AMMONIA/URINOUS	7.99285028528	0.294159749138
5368076	AMMONIA/URINOUS	1.50533565224	0.0593070119193
261	AMMONIA/URINOUS	8.39772984461	0.307700447167
61138	AMMONIA/URINOUS	8.41959103003	0.308427835956
7894	AMMONIA/URINOUS	7.39204849265	0.273824987339
170833	AMMONIA/URINOUS	9.36509196774	0.339521699684
228769	AMMONIA/URINOUS	3.74123809524	0.144050778815
5960	AMMONIA/URINOUS	9.90519034539	0.356962495504
11980	DECAYED	4.96285714286	0.188662305306
650	DECAYED	8.10937924707	0.298070357174
89440	DECAYED	2.6048736224	0.10148079826
7601	DECAYED	4.6556122449	0.177554599646
5363388	DECAYED	4.30880614657	0.164925921699
444539	DECAYED	1.93382867133	0.075857269521
6054	DECAYED	6.93765637893	0.258253824744
62374	DECAYED	2.46461173124	0.0961547448554
235414	DECAYED	9.93127331989	0.357798856894
78925	DECAYED	6.38919532889	0.239239086375
6549	DECAYED	9.27571362018	0.336612999542
7194	DECAYED	5.18186864015	0.196534040564
8857	DECAYED	5.28448067634	0.200208932646
1136	DECAYED	3.35460857769	0.129682983624
8467	DECAYED	5.13804803313	0.194962106289
61209	DECAYED	7.92967058244	0.292034953079
5365027	DECAYED	4.30451496931	0.164769059124
22873	DECAYED	4.65202380952	0.177424422171
637776	DECAYED	0.772738018483	0.0306706711212
7795	DECAYED	3.84315972223	0.147818438229
565690	DECAYED	4.12394651051	0.158155086492
24834	DECAYED	2.7791581705	0.108076838765
5364729	DECAYED	3.0539025037	0.118425571947
7916	DECAYED	4.08031322127	0.156552946457
8038	DECAYED	4.24385416548	0.162550047348
62572	DECAYED	8.88394688792	0.323788070594
6386	DECAYED	2.81722381278	0.109514252507
6826	DECAYED	4.25246436841	0.162865193454
8175	DECAYED	6.34161022889	0.237578001038
8452	DECAYED	4.3903794038	0.167905003628
241	DECAYED	5.56726220489	0.210292724813
4133	DECAYED	2.4912550642	0.0971676618502
8294	DECAYED	1.7161323301	0.0674672491344
18827	DECAYED	0.636304347826	0.0252902206238
1183	DECAYED	2.05346153846	0.0804517798225
61252	DECAYED	4.60809136663	0.175829852248
7151	DECAYED	4.50145879824	0.171953099405
61155	DECAYED	4.25246436841	0.162865193454
7583	DECAYED	5.41314925013	0.204805096084
10430	DECAYED	7.41126819407	0.274479969265
8785	DECAYED	3.44534949057	0.133065806378
1549778	DECAYED	5.26761904762	0.199605637732
6140	DECAYED	4.86197652826	0.185023534826
61659	DECAYED	6.02206663157	0.226376550657
61177	DECAYED	4.58650990981	0.175045967131
69963	DECAYED	4.15968008825	0.159466028155
9016	DECAYED	2.53970326352	0.0990080934742
12587	DECAYED	3.76607035025	0.144969499657
2969	DECAYED	1.13991412691	0.0450768033899
8375	DECAYED	3.03453914262	0.117698194581
15717	DECAYED	2.83981909672	0.110366934868
18635	DECAYED	8.13786033606	0.299024505103
526618	DECAYED	4.69028694926	0.178811961304
660	DECAYED	3.18456223208	0.123325914639
679	DECAYED	2.02239633981	0.0792598188101
24197	DECAYED	5.56119976553	0.210077213488
6057	DECAYED	7.50861852178	0.277793000029
196	DECAYED	2.94604396289	0.114370088503
7635	DECAYED	5.37144238748	0.203316738171
6998	DECAYED	5.63019005805	0.212527986286
311	DECAYED	7.05038153753	0.262132109571
7047	DECAYED	5.14007933315	0.195035007106
5368076	DECAYED	1.18465214792	0.0468247256323
261	DECAYED	6.54492487969	0.244662578515
61138	DECAYED	2.0453770338	0.0801416544677
7894	DECAYED	6.66777091742	0.248927169094
170833	DECAYED	4.16346861167	0.159604956115
228769	DECAYED	1.76254507216	0.0692591768339
5960	DECAYED	4.56432069474	0.174239618428
11980	WOOD	3.26045392036	0.126165932908
650	WOOD	1.82763554827	0.0717693212518
89440	WOOD	3.32490482586	0.128574196194
7601	WOOD	3.9630684844	0.152240374651
5363388	WOOD	1.2854927025	0.0507587115049
444539	WOOD	2.06651914357	0.0809525651946
6054	WOOD	2.06816797043	0.0810157913158
62374	WOOD	3.65284330292	0.140776426438
235414	WOOD	2.02727641824	0.0794471168594
78925	WOOD	2.78102484472	0.108147354114
6549	WOOD	2.94806286973	0.114446084916
7194	WOOD	4.0651842375	0.155997080346
8857	WOOD	3.82222222223	0.147045135803
1136	WOOD	5.63999562064	0.212876004585
8467	WOOD	4.6657124054	0.177920947316
61209	WOOD	4.01010501355	0.153971823654
5365027	WOOD	3.04144881927	0.117957788403
22873	WOOD	5.33577394366	0.202042764315
637776	WOOD	8.22322793149	0.301880526214
7795	WOOD	2.81318118586	0.109361652081
565690	WOOD	2.20983187135	0.086439932094
24834	WOOD	2.28158877316	0.0891812919944
5364729	WOOD	1.29615127663	0.0511740478124
7916	WOOD	4.65177303792	0.177415324558
8038	WOOD	3.03136600047	0.117578968087
62572	WOOD	1.49389837812	0.0588632421792
6386	WOOD	3.68835053059	0.142092449369
6826	WOOD	3.50281888654	0.135204859401
8175	WOOD	2.40423882566	0.0938574072942
8452	WOOD	2.94300249709	0.114255594404
241	WOOD	3.30716312057	0.12791159366
4133	WOOD	3.12223320158	0.120989991997
8294	WOOD	3.06839985757	0.118969963229
18827	WOOD	2.44063665559	0.0952427833098
1183	WOOD	4.02218423007	0.154416182811
61252	WOOD	2.96821486784	0.115204474913
7151	WOOD	4.76685470007	0.18158502651
61155	WOOD	3.50281888654	0.135204859401
7583	WOOD	1.63089661957	0.0641719352694
10430	WOOD	1.39747364954	0.0551177729411
8785	WOOD	2.81330820657	0.109366447037
1549778	WOOD	3.58871679198	0.138397116394
6140	WOOD	2.37755376344	0.0928410457783
61659	WOOD	1.70169864974	0.0669096346716
61177	WOOD	4.55855058448	0.174029870007
69963	WOOD	4.61823380634	0.176198118858
9016	WOOD	4.45373919394	0.170215250634
12587	WOOD	3.25729541727	0.126047827317
2969	WOOD	2.08355568415	0.0816057456503
8375	WOOD	4.33009907996	0.165704059981
15717	WOOD	2.08974315575	0.0818429156471
18635	WOOD	2.76659544873	0.107602197798
526618	WOOD	3.1928605201	0.123636677484
660	WOOD	4.45530991814	0.170272482139
679	WOOD	4.06574984539	0.156017865094
24197	WOOD	2.85012131966	0.110755576172
6057	WOOD	0.495075757576	0.0197049903007
196	WOOD	5.43319638578	0.205520006245
7635	WOOD	4.38911734694	0.167858953444
6998	WOOD	2.41207513417	0.0941557627856
311	WOOD	4.55123940772	0.17376406425
7047	WOOD	5.62491385098	0.212340691707
5368076	WOOD	1.407118565	0.0554927495378
261	WOOD	7.16256807708	0.2659817705
61138	WOOD	4.36753710225	0.167071331954
7894	WOOD	1.98925113596	0.0779871974058
170833	WOOD	5.93073709972	0.22316002697
228769	WOOD	3.85237952759	0.148158849894
5960	WOOD	5.10598159954	0.193810844744
11980	GRASS	1.3471191084	0.0531588723789
650	GRASS	4.18056632548	0.160231799098
89440	GRASS	2.36247710388	0.0922665649287
7601	GRASS	1.62292704406	0.0638635248863
5363388	GRASS	3.22075377538	0.124680849063
444539	GRASS	1.54734299517	0.0609360116689
6054	GRASS	2.69975977074	0.105074909702
62374	GRASS	4.165961585	0.159696369029
235414	GRASS	3.03826675812	0.117838244367
78925	GRASS	3.38300329072	0.130742247123
6549	GRASS	2.86790009251	0.111426063324
7194	GRASS	3.43028312314	0.132504588004
8857	GRASS	3.30631017092	0.127879732058
1136	GRASS	2.33407579788	0.0911838679829
8467	GRASS	2.58777523573	0.100832377161
61209	GRASS	6.9979710961	0.260330204059
5365027	GRASS	3.99202898551	0.153306641252
22873	GRASS	3.41855978261	0.132067770909
637776	GRASS	3.56348073761	0.137459871518
7795	GRASS	3.51950921794	0.135825590663
565690	GRASS	9.92694703428	0.357660170403
24834	GRASS	1.3806462585	0.0544633767037
5364729	GRASS	2.05606930522	0.0805518038136
7916	GRASS	3.25787760992	0.126069597788
8038	GRASS	1.89484400802	0.0743575867948
62572	GRASS	1.15344423309	0.0456055958841
6386	GRASS	2.3286737738	0.090977862334
6826	GRASS	1.89488277467	0.0743590786947
8175	GRASS	4.19226781919	0.160660668981
8452	GRASS	1.9385620915	0.0760392744671
241	GRASS	4.5084754058	0.172208476038
4133	GRASS	3.036446448	0.117769855107
8294	GRASS	5.79690106364	0.218434417769
18827	GRASS	2.88461978166	0.112056378752
1183	GRASS	8.15744929706	0.299680380269
61252	GRASS	1.79840425532	0.0706424670665
7151	GRASS	4.98537234042	0.189473318668
61155	GRASS	2.00278487054	0.0785069359265
7583	GRASS	1.50961935869	0.0594731941042
10430	GRASS	1.44746453459	0.0570605199521
8785	GRASS	0.910958086298	0.0361063855979
1549778	GRASS	1.21753607467	0.0481084853497
6140	GRASS	1.72248348258	0.0677125595642
61659	GRASS	7.03815628816	0.261711993952
61177	GRASS	2.86790009251	0.111426063324
69963	GRASS	3.63173508484	0.139993603503
9016	GRASS	1.94386174672	0.0762430304726
12587	GRASS	1.86577845944	0.0732386866736
2969	GRASS	6.48975929054	0.242743581362
8375	GRASS	2.4004359594	0.0937126012581
15717	GRASS	8.23536197096	0.302286004121
18635	GRASS	2.08973436994	0.0818425789028
526618	GRASS	1.50023560876	0.0591091415976
660	GRASS	3.59118063231	0.138488593959
679	GRASS	5.26558858121	0.199532974006
24197	GRASS	3.76098484849	0.144781391127
6057	GRASS	3.25299532885	0.12588702171
196	GRASS	0.653	0.0259494364
7635	GRASS	2.50852163458	0.0978237930666
6998	GRASS	1.78693760528	0.0702002458091
311	GRASS	0.653	0.0259494364
7047	GRASS	1.34738095238	0.0531690639229
5368076	GRASS	4.23629012574	0.162273143418
261	GRASS	2.16255822723	0.0846316658547
61138	GRASS	0.821587301588	0.0325934897859
7894	GRASS	1.75743365044	0.0690619168033
170833	GRASS	6.01696355445	0.226197002012
228769	GRASS	2.8516531595	0.110813356083
5960	GRASS	2.66110923423	0.103611768427
11980	FLOWER	3.22806173267	0.124954316287
650	FLOWER	9.08454119943	0.330370092456
89440	FLOWER	18.0963653384	0.592863238152
7601	FLOWER	9.09137495977	0.330593758927
5363388	FLOWER	11.0139059171	0.392033787264
444539	FLOWER	9.29132607426	0.337121546883
6054	FLOWER	6.07252551987	0.228150794319
62374	FLOWER	5.97257617165	0.224634380416
235414	FLOWER	3.39797679839	0.131300573407
78925	FLOWER	6.53588435374	0.244348260435
6549	FLOWER	4.0846412768	0.156711933328
7194	FLOWER	10.6316433566	0.380052998081
8857	FLOWER	6.05283048667	0.227458516707
1136	FLOWER	8.21261851935	0.301525899596
8467	FLOWER	3.12448984503	0.121074619084
61209	FLOWER	1.85257985258	0.0727303732591
5365027	FLOWER	6.49031872845	0.242763054259
22873	FLOWER	10.3432109898	0.370935634161
637776	FLOWER	7.244375	0.268782612344
7795	FLOWER	10.409802642	0.373046509262
565690	FLOWER	11.5468073593	0.408540790295
24834	FLOWER	6.86410152637	0.255717705149
5364729	FLOWER	3.77167417417	0.145176756537
7916	FLOWER	3.24012801319	0.125405748711
8038	FLOWER	2.80087752525	0.108897135045
62572	FLOWER	7.26803321224	0.26959160578
6386	FLOWER	7.23799771165	0.268564464116
6826	FLOWER	4.07418023029	0.156327631392
8175	FLOWER	4.42560313825	0.169189740275
8452	FLOWER	1.47458509308	0.0581136432445
241	FLOWER	2.43822144787	0.0951508883831
4133	FLOWER	14.928125	0.507985433594
8294	FLOWER	5.1046969697	0.193764706327
18827	FLOWER	2.52052927383	0.0982799438251
1183	FLOWER	6.55541100823	0.245027074934
61252	FLOWER	1.42823547987	0.0563134765603
7151	FLOWER	9.04098924388	0.328943775152
61155	FLOWER	4.05259700904	0.155534463354
7583	FLOWER	3.21495310245	0.124463754718
10430	FLOWER	3.89698886067	0.149804945555
8785	FLOWER	15.2508691822	0.516999162963
1549778	FLOWER	7.27622186247	0.269871512662
6140	FLOWER	6.3845959596	0.239078612157
61659	FLOWER	2.38594977581	0.0931608884992
61177	FLOWER	6.11629835202	0.229688291868
69963	FLOWER	1.47957446809	0.0583073224808
9016	FLOWER	8.43396093243	0.308905758493
12587	FLOWER	3.7490942029	0.144341485179
2969	FLOWER	8.75237018418	0.319453213831
8375	FLOWER	9.7400859466	0.351655728165
15717	FLOWER	5.09212709893	0.1933131806
18635	FLOWER	2.15097710806	0.0841884033148
526618	FLOWER	5.10710293	0.193851117065
660	FLOWER	3.0577441539	0.118569846432
679	FLOWER	2.87205848026	0.111582851245
24197	FLOWER	8.75555765666	0.319558390315
6057	FLOWER	17.2674687042	0.571432557987
196	FLOWER	1.50849673203	0.0594296443248
7635	FLOWER	9.84029084914	0.354879104367
6998	FLOWER	8.64018984338	0.315746441523
311	FLOWER	2.20857142857	0.0863917420408
7047	FLOWER	2.54145677931	0.0990746701479
5368076	FLOWER	10.1360544218	0.364346337174
261	FLOWER	5.41348740865	0.204817157976
61138	FLOWER	4.04390512962	0.155214937706
7894	FLOWER	3.34943075269	0.129489755561
170833	FLOWER	6.45452279175	0.241516565882
228769	FLOWER	6.82499566105	0.254367600133
5960	FLOWER	1.65241754342	0.0650045082415
11980	CHEMICAL	15.8883792876	0.53455893295
650	CHEMICAL	36.2751184537	0.924651050616
89440	CHEMICAL	18.0491104043	0.591656261617
7601	CHEMICAL	12.2616304348	0.430326185024
5363388	CHEMICAL	13.1000004557	0.455356013452
444539	CHEMICAL	12.9673894558	0.451434302512
6054	CHEMICAL	19.8914650538	0.637390449357
62374	CHEMICAL	15.400224345	0.521142209851
235414	CHEMICAL	21.4608968914	0.674207837502
78925	CHEMICAL	13.9272102447	0.479501535707
6549	CHEMICAL	26.2781884058	0.774910261876
7194	CHEMICAL	9.97817709491	0.359301476541
8857	CHEMICAL	14.6840672026	0.501113956261
1136	CHEMICAL	15.9694132653	0.536767666597
8467	CHEMICAL	13.3010018032	0.461273412542
61209	CHEMICAL	32.2767406401	0.874354431065
5365027	CHEMICAL	20.3815206801	0.649098273111
22873	CHEMICAL	18.4992760618	0.603081756547
637776	CHEMICAL	18.3997106117	0.600568684231
7795	CHEMICAL	20.2605082992	0.646225053352
565690	CHEMICAL	12.2474537037	0.429898099259
24834	CHEMICAL	16.5046026921	0.551223343675
5364729	CHEMICAL	23.7074120549	0.72347992766
7916	CHEMICAL	25.4528907021	0.758975770047
8038	CHEMICAL	18.5029402178	0.603174090031
62572	CHEMICAL	13.8529369644	0.477355933561
6386	CHEMICAL	25.084751773	0.751692162315
6826	CHEMICAL	15.77289625	0.531402147555
8175	CHEMICAL	22.6590490829	0.70098896118
8452	CHEMICAL	43.2934220252	0.982008724747
241	CHEMICAL	11.227717807	0.39868405342
4133	CHEMICAL	47.0582214951	0.996538375691
8294	CHEMICAL	10.9590915033	0.390322985499
18827	CHEMICAL	29.3520183881	0.829464342141
1183	CHEMICAL	28.9499966345	0.822758943325
61252	CHEMICAL	43.2934220252	0.982008724747
7151	CHEMICAL	11.321784631	0.401598262346
61155	CHEMICAL	15.7595179548	0.531035755725
7583	CHEMICAL	37.5979119878	0.938475285175
10430	CHEMICAL	10.9492582839	0.39001582857
8785	CHEMICAL	22.3907142857	0.695090936939
1549778	CHEMICAL	39.3094934537	0.954285227914
6140	CHEMICAL	14.2431072128	0.488577847281
61659	CHEMICAL	11.321784631	0.401598262346
61177	CHEMICAL	26.3033416625	0.775387353455
69963	CHEMICAL	10.6541859327	0.380762766153
9016	CHEMICAL	16.4039077977	0.548521035494
12587	CHEMICAL	17.4996092487	0.577489840406
2969	CHEMICAL	13.002929086	0.452486697515
8375	CHEMICAL	38.946143617	0.951124903626
15717	CHEMICAL	21.5992463878	0.677358877704
18635	CHEMICAL	15.4453048734	0.522389217882
526618	CHEMICAL	10.9792780935	0.390953304757
660	CHEMICAL	14.6017149976	0.498784567557
679	CHEMICAL	12.4909108527	0.437227292536
24197	CHEMICAL	7.02730692988	0.261339060121
6057	CHEMICAL	39.7498453927	0.957973732211
196	CHEMICAL	22.9714859572	0.707783771455
7635	CHEMICAL	15.9945775978	0.537452498899
6998	CHEMICAL	38.946143617	0.951124903626
311	CHEMICAL	6.21533979995	0.233161412467
7047	CHEMICAL	14.3964709424	0.492955487457
5368076	CHEMICAL	8.61625508948	0.314954262872
261	CHEMICAL	13.5451546707	0.468417700805
61138	CHEMICAL	14.8604738073	0.506085479582
7894	CHEMICAL	21.8572512142	0.683194276311
170833	CHEMICAL	25.131886955	0.752630781432
228769	CHEMICAL	16.8139586015	0.559474662518
5960	CHEMICAL	9.08741611545	0.330464191956
