#oID	descriptor	value	sigma
11980	INTENSITY/STRENGTH	52.5040816326	0.997491830071
650	INTENSITY/STRENGTH	33.2030612245	0.887145139109
89440	INTENSITY/STRENGTH	42.3081632653	0.976334259059
7601	INTENSITY/STRENGTH	27.5755102041	0.798856902957
5363388	INTENSITY/STRENGTH	56.5469387755	0.982855037068
444539	INTENSITY/STRENGTH	49.5612244898	0.999922990421
6054	INTENSITY/STRENGTH	63.5530612245	0.926525812578
62374	INTENSITY/STRENGTH	57.1357142857	0.979632632653
235414	INTENSITY/STRENGTH	11.4163265306	0.404520056643
78925	INTENSITY/STRENGTH	44.7775510204	0.989090410662
6549	INTENSITY/STRENGTH	58.5755102041	0.970584249896
7194	INTENSITY/STRENGTH	17.1204081633	0.56757297626
8857	INTENSITY/STRENGTH	29.1479591837	0.826076957518
1136	INTENSITY/STRENGTH	65.6551020408	0.901967112036
8467	INTENSITY/STRENGTH	38.6489795918	0.948461734277
61209	INTENSITY/STRENGTH	60.5714285714	0.955297959184
5365027	INTENSITY/STRENGTH	59.4857142857	0.964008489796
22873	INTENSITY/STRENGTH	19.3632653061	0.624556194919
637776	INTENSITY/STRENGTH	31.593877551	0.864485862557
7795	INTENSITY/STRENGTH	54.093877551	0.993296066639
565690	INTENSITY/STRENGTH	43.6428571429	0.983834693878
24834	INTENSITY/STRENGTH	45.3020408164	0.991171671804
5364729	INTENSITY/STRENGTH	64.1755102041	0.919621964182
8038	INTENSITY/STRENGTH	51.1244897959	0.99949420908
62572	INTENSITY/STRENGTH	65.6163265306	0.902452138276
6386	INTENSITY/STRENGTH	15.8142857143	0.532534775511
6826	INTENSITY/STRENGTH	40.0448979592	0.960358377343
8175	INTENSITY/STRENGTH	47.5918367347	0.997680299875
8452	INTENSITY/STRENGTH	38.0612244898	0.942986255727
241	INTENSITY/STRENGTH	26.0367346939	0.770304766348
4133	INTENSITY/STRENGTH	53.7714285714	0.994310530612
8294	INTENSITY/STRENGTH	55.2387755102	0.989022092461
18827	INTENSITY/STRENGTH	33.1642857143	0.886623489796
1183	INTENSITY/STRENGTH	44.3	0.987004
61252	INTENSITY/STRENGTH	58.0959183673	0.973782442316
7151	INTENSITY/STRENGTH	55.2469387755	0.988987853394
61155	INTENSITY/STRENGTH	49.1020408164	0.999677467722
7583	INTENSITY/STRENGTH	49.6714285714	0.999956816327
8785	INTENSITY/STRENGTH	56.481632653	0.98319537526
1549778	INTENSITY/STRENGTH	62.5673469388	0.936824716368
6140	INTENSITY/STRENGTH	25.2948979592	0.755863173261
61659	INTENSITY/STRENGTH	50.5346938776	0.999885640983
61177	INTENSITY/STRENGTH	63.1	0.931356
69963	INTENSITY/STRENGTH	45.5836734694	0.99219842399
2969	INTENSITY/STRENGTH	32.4540816327	0.876856299459
8375	INTENSITY/STRENGTH	66.087755102	0.896473654311
660	INTENSITY/STRENGTH	47.2408163265	0.996954762182
679	INTENSITY/STRENGTH	18.4857142857	0.602739918367
24197	INTENSITY/STRENGTH	25.0020408163	0.750040814661
6057	INTENSITY/STRENGTH	28.9020408163	0.821950447314
196	INTENSITY/STRENGTH	53.1244897959	0.996095025406
7635	INTENSITY/STRENGTH	51.7020408163	0.998841222824
6998	INTENSITY/STRENGTH	41.6959183673	0.972416891295
311	INTENSITY/STRENGTH	46.4142857143	0.994857061225
7047	INTENSITY/STRENGTH	64.2163265306	0.91915842399
5368076	INTENSITY/STRENGTH	58.7693877551	0.96923913536
261	INTENSITY/STRENGTH	30.6612244898	0.850404704706
61138	INTENSITY/STRENGTH	48.1918367347	0.998692218242
170833	INTENSITY/STRENGTH	23.7397959184	0.724160672636
228769	INTENSITY/STRENGTH	48.1775510204	0.998671471887
5960	INTENSITY/STRENGTH	19.5244897959	0.62849731112
11980	VALENCE/PLEASANTNESS	62.8589349376	0.933859116908
650	VALENCE/PLEASANTNESS	32.2075224467	0.873371097006
89440	VALENCE/PLEASANTNESS	40.5191566399	0.964045443672
7601	VALENCE/PLEASANTNESS	42.6622259514	0.978462828805
5363388	VALENCE/PLEASANTNESS	39.1482516859	0.952895823411
444539	VALENCE/PLEASANTNESS	40.0551268116	0.960439798907
6054	VALENCE/PLEASANTNESS	32.4791834387	0.877208394811
62374	VALENCE/PLEASANTNESS	43.0422460718	0.98063586411
235414	VALENCE/PLEASANTNESS	32.1020981864	0.871866044268
78925	VALENCE/PLEASANTNESS	29.2564096098	0.82788138309
6549	VALENCE/PLEASANTNESS	40.2289934995	0.961810972787
7194	VALENCE/PLEASANTNESS	43.3036094327	0.982063341348
8857	VALENCE/PLEASANTNESS	44.0422395227	0.985802036038
1136	VALENCE/PLEASANTNESS	36.2319658678	0.924176494454
8467	VALENCE/PLEASANTNESS	54.8028655859	0.990772992865
61209	VALENCE/PLEASANTNESS	37.0621267104	0.933044573897
5365027	VALENCE/PLEASANTNESS	37.0927185293	0.933360834015
22873	VALENCE/PLEASANTNESS	54.5956960607	0.991551831087
637776	VALENCE/PLEASANTNESS	53.1985859929	0.995907619058
7795	VALENCE/PLEASANTNESS	54.6062583154	0.991512953733
565690	VALENCE/PLEASANTNESS	53.6238862665	0.994746979331
24834	VALENCE/PLEASANTNESS	68.7368992248	0.859571442976
5364729	VALENCE/PLEASANTNESS	44.6149220465	0.988400374174
7916	VALENCE/PLEASANTNESS	40.3158148856	0.962486623468
8038	VALENCE/PLEASANTNESS	39.7485842129	0.957963389744
62572	VALENCE/PLEASANTNESS	53.4651578645	0.99519707239
6386	VALENCE/PLEASANTNESS	46.0946168831	0.993899193084
6826	VALENCE/PLEASANTNESS	49.4106038325	0.999861044863
8175	VALENCE/PLEASANTNESS	38.7642112937	0.949502820859
8452	VALENCE/PLEASANTNESS	43.8054522864	0.98465103145
241	VALENCE/PLEASANTNESS	45.107485751	0.990425321729
4133	VALENCE/PLEASANTNESS	50.7132867495	0.999796488805
8294	VALENCE/PLEASANTNESS	48.5564941302	0.999166516322
18827	VALENCE/PLEASANTNESS	39.8323206567	0.958647318709
1183	VALENCE/PLEASANTNESS	46.2782480661	0.994459425017
61252	VALENCE/PLEASANTNESS	26.414647936	0.777492467207
7151	VALENCE/PLEASANTNESS	38.5257658103	0.947336779904
61155	VALENCE/PLEASANTNESS	45.1878524526	0.990737294393
7583	VALENCE/PLEASANTNESS	54.7022490348	0.991155541606
10430	VALENCE/PLEASANTNESS	38.2802493707	0.945058978074
8785	VALENCE/PLEASANTNESS	49.3189389934	0.999814462362
1549778	VALENCE/PLEASANTNESS	47.6709165687	0.997830148148
6140	VALENCE/PLEASANTNESS	38.7533669772	0.94940529826
61659	VALENCE/PLEASANTNESS	30.9466813207	0.854788418922
61177	VALENCE/PLEASANTNESS	41.324060559	0.969891229927
69963	VALENCE/PLEASANTNESS	34.770057915	0.907219545636
9016	VALENCE/PLEASANTNESS	34.6871595333	0.906206766736
12587	VALENCE/PLEASANTNESS	37.890882285	0.941347707265
2969	VALENCE/PLEASANTNESS	28.4437056738	0.814130469968
8375	VALENCE/PLEASANTNESS	43.6898049645	0.984072575446
15717	VALENCE/PLEASANTNESS	39.6929164245	0.957505611267
18635	VALENCE/PLEASANTNESS	35.6825095438	0.918003786814
526618	VALENCE/PLEASANTNESS	33.1462013666	0.886379788649
660	VALENCE/PLEASANTNESS	43.8189128586	0.9847176647
679	VALENCE/PLEASANTNESS	38.3729815423	0.945924976713
24197	VALENCE/PLEASANTNESS	45.5048022948	0.991917279036
6057	VALENCE/PLEASANTNESS	50.8779065839	0.999691712012
196	VALENCE/PLEASANTNESS	34.8758977028	0.908504611881
7635	VALENCE/PLEASANTNESS	52.707594452	0.997067572913
6998	VALENCE/PLEASANTNESS	53.0051183479	0.996387705486
311	VALENCE/PLEASANTNESS	36.9589209097	0.931972102464
7047	VALENCE/PLEASANTNESS	46.5927759958	0.995356329834
5368076	VALENCE/PLEASANTNESS	63.4067794048	0.928103306397
261	VALENCE/PLEASANTNESS	40.4459373605	0.963487954832
61138	VALENCE/PLEASANTNESS	36.3529133844	0.925502810762
7894	VALENCE/PLEASANTNESS	49.4491350849	0.999878619138
170833	VALENCE/PLEASANTNESS	39.302639986	0.954226595492
228769	VALENCE/PLEASANTNESS	48.4580151788	0.999048913124
5960	VALENCE/PLEASANTNESS	40.887670068	0.966786177284
11980	BAKERY	1.76235319338	0.0692517722239
650	BAKERY	2.87835144927	0.111820095145
89440	BAKERY	2.54303821307	0.0991347111816
7601	BAKERY	6.23894132818	0.233987897568
5363388	BAKERY	3.00280278232	0.116505381473
444539	BAKERY	2.24449940802	0.0877648652837
6054	BAKERY	0.546556523526	0.0217427713277
62374	BAKERY	7.35275081038	0.272484854623
235414	BAKERY	8.10323090364	0.297864295715
78925	BAKERY	4.76152159538	0.181392028654
6549	BAKERY	2.4161240722	0.094309900675
7194	BAKERY	2.72826158495	0.106153098887
8857	BAKERY	0.886614155375	0.0351501323508
1136	BAKERY	2.93808169581	0.114070338212
8467	BAKERY	4.7638806287	0.18147740169
61209	BAKERY	11.1839032421	0.397324252994
5365027	BAKERY	0.134377061224	0.00536785957112
22873	BAKERY	3.32499075726	0.128577404876
637776	BAKERY	5.04199774905	0.191511213441
7795	BAKERY	3.25664781647	0.126023610659
565690	BAKERY	2.97088328107	0.115304872255
24834	BAKERY	2.62549188964	0.102262392521
5364729	BAKERY	2.06034861383	0.0807159299889
7916	BAKERY	2.05859713437	0.0806487565101
8038	BAKERY	0.967533908341	0.0383269075881
62572	BAKERY	3.30204887952	0.12772054446
6386	BAKERY	6.40099496563	0.239650704005
6826	BAKERY	1.70156958229	0.0669046476744
8175	BAKERY	0.741892671874	0.0294555449803
8452	BAKERY	1.130680833	0.0447158576617
241	BAKERY	2.15063141215	0.0841751702977
4133	BAKERY	1.92087915416	0.0753592554764
8294	BAKERY	1.15891268497	0.0458192759542
18827	BAKERY	1.31651209513	0.0519672021664
1183	BAKERY	17.6180952381	0.580564897596
61252	BAKERY	1.29436696361	0.0511045242096
7151	BAKERY	4.17439252839	0.160005479943
61155	BAKERY	19.5921212121	0.630144363048
7583	BAKERY	1.9385581189	0.0760391217238
10430	BAKERY	0.828644337585	0.0328711129281
8785	BAKERY	2.30351683497	0.0900181974754
1549778	BAKERY	3.12336677666	0.121032503058
6140	BAKERY	4.55088678227	0.173751243089
61659	BAKERY	3.23309457347	0.12514262273
61177	BAKERY	1.6978268496	0.0667600275795
69963	BAKERY	3.80411096646	0.14637593456
9016	BAKERY	0.844861723521	0.0335089524081
12587	BAKERY	2.16177283171	0.084601608558
2969	BAKERY	2.15506296544	0.0843448000637
8375	BAKERY	3.89234809769	0.149633774422
15717	BAKERY	5.11986660618	0.194309450621
18635	BAKERY	1.07798850027	0.042654716328
526618	BAKERY	2.80781932968	0.109159233432
660	BAKERY	6.19506135947	0.23245094028
679	BAKERY	2.10738477209	0.0825189626526
24197	BAKERY	12.7014095037	0.443526058795
6057	BAKERY	4.51639253617	0.17249658083
196	BAKERY	3.91320876519	0.150403069472
7635	BAKERY	1.78851946923	0.0702612580124
6998	BAKERY	4.97788513788	0.189203669337
311	BAKERY	1.49555130386	0.0589273826732
7047	BAKERY	5.22582191368	0.198109190678
5368076	BAKERY	3.29129695112	0.127318823796
261	BAKERY	1.98471258703	0.0778128698601
61138	BAKERY	0.470471521942	0.0187303234965
7894	BAKERY	1.95372779017	0.0766222906956
170833	BAKERY	2.98718915806	0.115918246696
228769	BAKERY	3.13840225765	0.121596262814
5960	BAKERY	3.21015507513	0.124284164763
11980	SWEET	12.8006980839	0.446484774783
650	SWEET	8.75088297506	0.319404137865
89440	SWEET	13.5182955622	0.467634096525
7601	SWEET	14.3551342413	0.491777418017
5363388	SWEET	14.2094649915	0.487615041523
444539	SWEET	29.0909456136	0.825124577867
6054	SWEET	8.72533756013	0.31856089619
62374	SWEET	28.7603271096	0.819550518203
235414	SWEET	18.8738349678	0.612464740157
78925	SWEET	9.62067380798	0.347804006511
6549	SWEET	4.40557962074	0.168459532112
7194	SWEET	18.7162083088	0.608529750967
8857	SWEET	35.0406459055	0.91048709003
1136	SWEET	11.8526165128	0.417910853234
8467	SWEET	8.23046718687	0.302122451429
61209	SWEET	21.7610815603	0.681025394142
5365027	SWEET	11.4949334181	0.406943939009
22873	SWEET	31.4192569918	0.861902395706
637776	SWEET	21.4249726087	0.673387123834
7795	SWEET	25.4022262955	0.757979811513
565690	SWEET	30.4676924232	0.84739558429
24834	SWEET	22.4179054348	0.695691223758
5364729	SWEET	8.28611006102	0.303980554463
7916	SWEET	27.8268325899	0.803340258801
8038	SWEET	11.8851125129	0.418902140737
62572	SWEET	39.9518170243	0.959613607555
6386	SWEET	5.18284338814	0.196568989291
6826	SWEET	10.895355125	0.388330699681
8175	SWEET	10.2833450939	0.369034929228
8452	SWEET	11.4325727883	0.40502142331
241	SWEET	5.22291266692	0.198004979986
4133	SWEET	31.8147150856	0.867718165033
8294	SWEET	15.5086027261	0.524137405638
18827	SWEET	7.31448579544	0.271178750837
1183	SWEET	26.466377206	0.778467439276
61252	SWEET	8.95306001041	0.326059486996
7151	SWEET	16.0432003845	0.538774303949
61155	SWEET	19.8582926605	0.636590991464
7583	SWEET	16.0982426304	0.540268338901
10430	SWEET	6.06865384615	0.228014730044
8785	SWEET	20.3026273634	0.647226423393
1549778	SWEET	12.9126656296	0.449811851719
6140	SWEET	19.6606730769	0.631810096742
61659	SWEET	10.0631536403	0.362019321135
61177	SWEET	11.4901162791	0.40679554232
69963	SWEET	3.85136494669	0.148121393087
9016	SWEET	18.1384092582	0.593935614161
12587	SWEET	5.54856777265	0.209628069175
2969	SWEET	11.8684159288	0.418392918489
8375	SWEET	19.2550808367	0.621899978257
15717	SWEET	16.3132953267	0.546082371301
18635	SWEET	9.51706035603	0.344452639113
526618	SWEET	5.97170771093	0.224603791243
660	SWEET	23.8423635595	0.726311222338
679	SWEET	10.2291418161	0.367311535727
24197	SWEET	13.4077705245	0.464403496804
6057	SWEET	19.3704340627	0.624731876197
196	SWEET	4.59946583851	0.17551659914
7635	SWEET	26.8275980487	0.785215915123
6998	SWEET	27.7409112482	0.801813187176
311	SWEET	9.20896221532	0.334436494579
7047	SWEET	4.58643431492	0.175043220707
5368076	SWEET	21.5963708962	0.677293541493
261	SWEET	9.14652404615	0.332397400995
61138	SWEET	5.75688568352	0.217018734231
7894	SWEET	20.3180314666	0.647592297594
170833	SWEET	10.634004719	0.380127366215
228769	SWEET	16.0971039754	0.540237456457
5960	SWEET	8.71246735791	0.318135859331
11980	FRUIT	12.4901101667	0.437203265877
650	FRUIT	2.51913757373	0.098227081303
89440	FRUIT	3.21004146722	0.1242799122
7601	FRUIT	6.86729395562	0.255827867716
5363388	FRUIT	5.18522767145	0.196654472456
444539	FRUIT	8.20899308539	0.301404696425
6054	FRUIT	1.27797784239	0.0504658227492
62374	FRUIT	5.90802473264	0.222359086809
235414	FRUIT	0.718693375201	0.028541126941
78925	FRUIT	1.70450680272	0.0670181347326
6549	FRUIT	5.18194424111	0.196536751197
7194	FRUIT	1.24106268588	0.0490264127992
8857	FRUIT	13.5011577037	0.467133804412
1136	FRUIT	2.43408910666	0.0949936483548
8467	FRUIT	3.65591129488	0.140890176837
61209	FRUIT	1.66229964767	0.0653866898594
5365027	FRUIT	10.3443162113	0.3709706973
22873	FRUIT	15.8716643068	0.534102681125
637776	FRUIT	1.50163267295	0.0591633466441
7795	FRUIT	31.2184556875	0.858901437295
565690	FRUIT	16.9420914502	0.562869872925
24834	FRUIT	5.71763175676	0.215628745108
5364729	FRUIT	4.93000961392	0.18747838664
7916	FRUIT	3.20792316927	0.124200618347
8038	FRUIT	7.79836095693	0.287608664831
62572	FRUIT	20.2415477382	0.645773807593
6386	FRUIT	1.16582485319	0.0460893350921
6826	FRUIT	5.46737997925	0.206738301635
8175	FRUIT	10.4924790261	0.375662314599
8452	FRUIT	0.907535020217	0.0359719528835
241	FRUIT	4.2821209318	0.163950213402
4133	FRUIT	17.9984496124	0.590360309116
8294	FRUIT	7.76795025219	0.286581589639
18827	FRUIT	7.00930905341	0.260720196774
1183	FRUIT	8.56750506586	0.313339345413
61252	FRUIT	0.956983083699	0.037912996699
7151	FRUIT	7.98512022397	0.293899950962
61155	FRUIT	6.59548957881	0.246419390039
7583	FRUIT	1.02015860132	0.040390054624
10430	FRUIT	2.89373025711	0.112399740364
8785	FRUIT	12.5350414675	0.438550752864
1549778	FRUIT	12.1181459517	0.425986053546
6140	FRUIT	2.8617243519	0.11119318757
61659	FRUIT	1.9596371958	0.0768494166564
61177	FRUIT	7.24361045585	0.26875646126
69963	FRUIT	1.89823072022	0.0744879168619
9016	FRUIT	4.72792517007	0.180175696237
12587	FRUIT	2.74325644759	0.106720075529
2969	FRUIT	12.5771131596	0.439811016211
8375	FRUIT	10.6598688894	0.380941633681
15717	FRUIT	5.82221103479	0.219329184858
18635	FRUIT	2.27962291969	0.0891062445251
526618	FRUIT	1.11090327026	0.04394248838
660	FRUIT	0.848625342705	0.0336569477193
679	FRUIT	2.35957675716	0.0921560292972
24197	FRUIT	14.5671214479	0.497804447004
6057	FRUIT	5.82637892011	0.219476480276
196	FRUIT	0.81415980035	0.0323012495418
7635	FRUIT	15.8004644819	0.532156708139
6998	FRUIT	10.0452214839	0.361446269493
311	FRUIT	7.51155605797	0.277892852554
7047	FRUIT	3.36122810826	0.129929982572
5368076	FRUIT	8.99020434043	0.327278663984
261	FRUIT	3.30925938003	0.127989896143
61138	FRUIT	2.7977314404	0.108778337131
7894	FRUIT	8.65524386723	0.316244456129
170833	FRUIT	2.95001236837	0.114519465545
228769	FRUIT	9.86181763503	0.355570526575
5960	FRUIT	1.5041283029	0.0592601713355
11980	FISH	2.01668354349	0.0790405367337
650	FISH	0.692151764651	0.0274944409599
89440	FISH	1.77345804989	0.0696802606136
7601	FISH	0.47570112093	0.0189375282146
5363388	FISH	1.66580806094	0.0655223558393
444539	FISH	0.513981947683	0.0204536069303
6054	FISH	0.705240974433	0.0280106930445
62374	FISH	0.696586599007	0.0276693708043
235414	FISH	0.714341442631	0.0283695442266
78925	FISH	5.59257535873	0.211192254692
6549	FISH	0.583496203603	0.0232036610163
7194	FISH	1.43793792517	0.0566904508161
8857	FISH	0.816474364728	0.0323923224338
1136	FISH	0.682471901803	0.0271125689134
8467	FISH	2.753549572	0.107109168782
61209	FISH	1.08756766845	0.0430295853647
5365027	FISH	0.337393449196	0.013450204232
22873	FISH	1.1412684641	0.0451297410812
637776	FISH	0.737310219185	0.0292749582237
7795	FISH	0.972902244595	0.0385374742728
565690	FISH	0.537726407004	0.0213933964047
24834	FISH	1.76083475988	0.0691931747747
5364729	FISH	0.37836792297	0.0150774520047
7916	FISH	1.07746611627	0.042634271358
8038	FISH	0.202872213594	0.00809842568973
62572	FISH	1.95062058517	0.0765028551398
6386	FISH	1.14041666667	0.0450964465972
6826	FISH	2.3507879598	0.0918210367793
8175	FISH	0.508140362261	0.0202223318394
8452	FISH	2.34696314501	0.0916752313989
241	FISH	0.844168456856	0.0334816901208
4133	FISH	0.75798071657	0.0300894147561
8294	FISH	0.702437651791	0.0279001386098
18827	FISH	0.0219859049891	0.000879242847558
1183	FISH	1.93686586337	0.0759740547856
61252	FISH	3.19129277254	0.123577971078
7151	FISH	0.744633520652	0.0295635491941
61155	FISH	1.06543538617	0.0421633544218
7583	FISH	0.943745903345	0.0373935736018
10430	FISH	0.25160753431	0.0100389788319
8785	FISH	0.387252252252	0.0154301043673
1549778	FISH	0.293707788022	0.011713805815
6140	FISH	1.35238372093	0.0533637721457
61659	FISH	4.89502685238	0.186216558941
61177	FISH	0.457719243907	0.0182249669938
69963	FISH	1.24772274763	0.0492861850834
9016	FISH	0.940842088455	0.037279610004
12587	FISH	1.08083880832	0.0427662673209
2969	FISH	0.177376959715	0.00708249335428
8375	FISH	0.518045235908	0.0206144610897
15717	FISH	1.01383928571	0.0401424233897
18635	FISH	5.50947608367	0.20823731266
526618	FISH	7.88813146998	0.290636211564
660	FISH	2.10588037092	0.0824613219823
679	FISH	1.00244866787	0.0396959853821
24197	FISH	0.340474567087	0.0135726135111
6057	FISH	3.01322224883	0.116897086625
196	FISH	0.296441331621	0.0118225022796
7635	FISH	0.398011231904	0.0158570840999
6998	FISH	0.834069523575	0.0330845121549
311	FISH	0.734025114816	0.029145487445
7047	FISH	0.78655573218	0.0312147613193
5368076	FISH	0.960933566364	0.038067985327
261	FISH	3.13418394502	0.1214381142
61138	FISH	0.957353424668	0.0379275267548
7894	FISH	0.828738859182	0.0328748311286
170833	FISH	0.221411069297	0.00883683362725
228769	FISH	0.555183838172	0.0220840618892
5960	FISH	0.56245344695	0.022371596326
11980	GARLIC	3.05038229694	0.118293359014
650	GARLIC	2.05114198545	0.0803628060403
89440	GARLIC	3.01612244898	0.117006100108
7601	GARLIC	2.45252840498	0.0956951779683
5363388	GARLIC	0.793298374159	0.0314802060422
444539	GARLIC	3.69376050143	0.1422928734
6054	GARLIC	2.67099815458	0.103986233727
62374	GARLIC	2.07089648956	0.0811204146743
235414	GARLIC	3.99811609561	0.153530670899
78925	GARLIC	11.6179436994	0.410727101656
6549	GARLIC	3.70376920804	0.142663605783
7194	GARLIC	2.50509353742	0.0976935440441
8857	GARLIC	2.51213487223	0.0979610662428
1136	GARLIC	5.92631755681	0.223004206359
8467	GARLIC	2.21623592653	0.0866847563885
61209	GARLIC	1.60918264055	0.0633315181139
5365027	GARLIC	2.33313177223	0.0911478693426
22873	GARLIC	1.90995765927	0.0749391310667
637776	GARLIC	2.05966725256	0.0806897984259
7795	GARLIC	1.38875578104	0.054778774194
565690	GARLIC	1.98254423436	0.0777295767179
24834	GARLIC	1.91806384092	0.0752509660776
5364729	GARLIC	4.93186142874	0.187545154289
7916	GARLIC	5.16690333023	0.1959973772
8038	GARLIC	1.97643309334	0.0774948086247
62572	GARLIC	1.86212569378	0.0730980229116
6386	GARLIC	2.95324066158	0.114640974301
6826	GARLIC	0.525340374423	0.0209032219733
8175	GARLIC	1.77982165503	0.0699257601519
8452	GARLIC	0.931091326555	0.0368968806388
241	GARLIC	8.47958663979	0.310422109759
4133	GARLIC	1.22480558752	0.0483921640101
8294	GARLIC	1.83973290598	0.0722354693732
18827	GARLIC	4.0200340243	0.15433709155
1183	GARLIC	2.61127669672	0.101723561474
61252	GARLIC	6.38344419271	0.239038423804
7151	GARLIC	2.12841870832	0.0833246818535
61155	GARLIC	1.59219640559	0.0626738204659
7583	GARLIC	5.6181006361	0.212098803541
10430	GARLIC	2.36908774073	0.0925184789397
8785	GARLIC	2.02597477687	0.0793971615561
1549778	GARLIC	1.48303290636	0.0584415616139
6140	GARLIC	1.9590015015	0.076824985307
61659	GARLIC	10.3670663265	0.371692227374
61177	GARLIC	1.90161961786	0.0746183218461
69963	GARLIC	5.50465038543	0.208065545071
9016	GARLIC	3.53765899884	0.136500347477
12587	GARLIC	0.775942331478	0.0307968586584
2969	GARLIC	2.5298378926	0.098633483799
8375	GARLIC	1.63782141048	0.0644398728302
15717	GARLIC	2.10864140427	0.0825671087421
18635	GARLIC	8.04649703285	0.295961435514
526618	GARLIC	12.0702439024	0.424533440952
660	GARLIC	1.35617483613	0.0535113093707
679	GARLIC	5.55918182018	0.210005471803
24197	GARLIC	4.06790278892	0.156096978317
6057	GARLIC	1.47132011264	0.0579868913562
196	GARLIC	1.26356407117	0.0499039251818
7635	GARLIC	2.17354946449	0.0850522516697
6998	GARLIC	1.40077801469	0.0552462489692
311	GARLIC	1.86890526036	0.0733590876656
7047	GARLIC	0.801928726036	0.0318199131688
5368076	GARLIC	2.32746708407	0.0909318421518
261	GARLIC	2.22346771284	0.0869611850457
61138	GARLIC	5.4508362813	0.206148804786
7894	GARLIC	1.28285617277	0.0506559589269
170833	GARLIC	0.882303249365	0.0349807463651
228769	GARLIC	2.09552912867	0.0820646682153
5960	GARLIC	2.03291160726	0.0796633724492
11980	SPICES	5.44038969398	0.20577645175
650	SPICES	6.29919345663	0.236095802984
89440	SPICES	7.6546047662	0.282747000997
7601	SPICES	4.97701015803	0.189172154276
5363388	SPICES	4.07339803813	0.156298892894
444539	SPICES	6.15208338771	0.230944083505
6054	SPICES	6.38699813857	0.239162427454
62374	SPICES	8.15983136499	0.299760115437
235414	SPICES	6.41098332865	0.23999905025
78925	SPICES	4.01025210084	0.153977235269
6549	SPICES	6.69777546586	0.249966940158
7194	SPICES	4.86185219542	0.185019045109
8857	SPICES	7.66507936506	0.283101797933
1136	SPICES	5.11218632026	0.194033673221
8467	SPICES	8.92722250892	0.325210779667
61209	SPICES	9.46035021265	0.342614718048
5365027	SPICES	6.75752933057	0.252035492161
22873	SPICES	4.74615351846	0.18083575145
637776	SPICES	16.9666091709	0.563518036133
7795	SPICES	3.80149593525	0.146279288872
565690	SPICES	8.56741578996	0.313336386271
24834	SPICES	4.51604852548	0.172484063305
5364729	SPICES	4.17545558545	0.160044451679
7916	SPICES	8.19103482697	0.300804172464
8038	SPICES	5.89013090682	0.221727779433
62572	SPICES	5.0781442356	0.192810749873
6386	SPICES	8.32278119477	0.305203773064
6826	SPICES	3.98747680891	0.153139083836
8175	SPICES	2.99338433191	0.116151233373
8452	SPICES	2.81814481352	0.109549016465
241	SPICES	13.4907160062	0.466828872903
4133	SPICES	6.36218790708	0.238296542297
8294	SPICES	6.88318295739	0.256376035246
18827	SPICES	8.12423304068	0.298568056627
1183	SPICES	9.20444223496	0.334288986656
61252	SPICES	2.6375503046	0.10271934354
7151	SPICES	7.86576918811	0.289882637556
61155	SPICES	6.6577922078	0.248581209479
7583	SPICES	11.7918574914	0.416055138417
10430	SPICES	4.97859363936	0.189229187724
8785	SPICES	8.4384890072	0.309056321598
1549778	SPICES	2.99004580084	0.116025682477
6140	SPICES	6.48115572316	0.242444077123
61659	SPICES	5.69916716446	0.214974484031
61177	SPICES	3.61974593155	0.139548813019
69963	SPICES	3.67270262394	0.141512607132
9016	SPICES	3.83375272777	0.14747104512
12587	SPICES	4.44159118357	0.169772554446
2969	SPICES	3.12338039359	0.121033013711
8375	SPICES	6.3171472247	0.236723349365
15717	SPICES	6.64246769794	0.24804975707
18635	SPICES	8.54241444003	0.312507439815
526618	SPICES	6.78654220574	0.253038826186
660	SPICES	8.83704220742	0.322244362306
679	SPICES	6.7832825766	0.252926134058
24197	SPICES	7.64393448684	0.282385485698
6057	SPICES	5.28026192628	0.200058010647
196	SPICES	4.87395034954	0.185455857178
7635	SPICES	8.15972407941	0.299756524356
6998	SPICES	5.00523466983	0.190188437153
311	SPICES	5.13579780008	0.194881344386
7047	SPICES	10.5090829473	0.376186988135
5368076	SPICES	3.20240500177	0.123994040953
261	SPICES	7.55658197889	0.279422506674
61138	SPICES	3.3665238024	0.130127559091
7894	SPICES	6.21405159611	0.233116288949
170833	SPICES	5.97117325882	0.224584966318
228769	SPICES	4.94920739225	0.188170434165
5960	SPICES	5.74034123471	0.216433042392
11980	COLD	2.59437599014	0.101082724894
650	COLD	2.61954333383	0.102036930442
89440	COLD	3.59284580499	0.138550415808
7601	COLD	3.69982908021	0.142517669119
5363388	COLD	6.38581555271	0.239121165999
444539	COLD	4.65328229145	0.177470077224
6054	COLD	4.05999133794	0.155806241652
62374	COLD	4.16515886651	0.159666935307
235414	COLD	7.18826089146	0.266861997801
78925	COLD	4.26720488397	0.16340458035
6549	COLD	4.63603216032	0.176844168736
7194	COLD	3.05553542202	0.118486898195
8857	COLD	4.52693082296	0.172879991848
1136	COLD	1.12010041251	0.0443021665266
8467	COLD	5.41759953441	0.20496382749
61209	COLD	2.6195703365	0.102037953961
5365027	COLD	6.39368898161	0.239395855747
22873	COLD	3.1763669779	0.123018956245
637776	COLD	5.51444357303	0.208414107753
7795	COLD	4.06255404837	0.155900423776
565690	COLD	6.36494177379	0.238392677438
24834	COLD	6.21559556693	0.233170371377
5364729	COLD	6.14610557045	0.230734377345
7916	COLD	5.04277047699	0.191539005446
8038	COLD	3.11241526392	0.120621759047
62572	COLD	4.59977697938	0.175527899871
6386	COLD	4.39667033617	0.168134529429
6826	COLD	4.56673050899	0.174327209343
8175	COLD	6.67513791848	0.249182530247
8452	COLD	7.22596420696	0.26815274479
241	COLD	6.38383411716	0.239052029472
4133	COLD	3.5597904651	0.137322775342
8294	COLD	3.43206262129	0.132570883317
18827	COLD	5.5849254898	0.210920462501
1183	COLD	4.25955616899	0.163124719257
61252	COLD	4.25226107122	0.162857753162
7151	COLD	2.29559759843	0.0897159966035
61155	COLD	3.71282228891	0.142998871817
7583	COLD	7.08051588294	0.26316715325
10430	COLD	3.61568205377	0.139398019465
8785	COLD	6.27535531085	0.235262178723
1549778	COLD	4.74293452905	0.180719209983
6140	COLD	3.55453592199	0.137127546631
61659	COLD	1.52461811997	0.0600549406343
61177	COLD	4.27528563544	0.163700198512
69963	COLD	4.39036543165	0.167904493817
9016	COLD	7.10045722135	0.263851691753
12587	COLD	3.77438393743	0.145276967854
2969	COLD	2.41554280773	0.0942877734868
8375	COLD	4.05059118571	0.155460731847
15717	COLD	3.95926733124	0.15210037413
18635	COLD	1.93617525283	0.0759475002694
526618	COLD	1.80414585261	0.0708638572012
660	COLD	6.46219888799	0.241783949732
679	COLD	3.67755923443	0.141692592608
24197	COLD	3.89990987165	0.149912676063
6057	COLD	2.62520304257	0.102251445297
196	COLD	4.60182524361	0.175602291515
7635	COLD	4.58549541269	0.175009109236
6998	COLD	4.15500352361	0.159294519232
311	COLD	3.58830830297	0.138381949528
7047	COLD	6.08524536232	0.228597730045
5368076	COLD	3.77758251839	0.145395248862
261	COLD	5.66385384381	0.213722457607
61138	COLD	4.01879191393	0.154291401178
7894	COLD	7.15168021699	0.265608596709
170833	COLD	7.25976089384	0.269308784459
228769	COLD	3.42056235108	0.132142395324
5960	COLD	3.17082758779	0.122811444475
11980	SOUR	7.34047332035	0.272065913387
650	SOUR	11.1535074492	0.396380006601
89440	SOUR	4.18649802308	0.160449214644
7601	SOUR	7.1435090463	0.265328473254
5363388	SOUR	6.61785982951	0.247195965691
444539	SOUR	10.6843047545	0.381710442945
6054	SOUR	6.86431460911	0.255725058343
62374	SOUR	4.84795587454	0.184517164517
235414	SOUR	6.82134413066	0.254241470927
78925	SOUR	19.8789415573	0.637088735315
6549	SOUR	8.89438790498	0.324131461718
7194	SOUR	7.3567985746	0.272622948877
8857	SOUR	10.4044920838	0.372878301143
1136	SOUR	10.3349227244	0.370672657889
8467	SOUR	7.88199343771	0.290429409288
61209	SOUR	6.44138085759	0.241058679363
5365027	SOUR	6.33896472519	0.237485599493
22873	SOUR	8.14550576135	0.299280524811
637776	SOUR	4.36189901864	0.166865495526
7795	SOUR	10.9206578747	0.389122007623
565690	SOUR	6.07840113137	0.228357261129
24834	SOUR	4.78591595054	0.182274641427
5364729	SOUR	5.88787568324	0.221648195305
7916	SOUR	10.8875818159	0.388087497516
8038	SOUR	7.70901931876	0.284589181208
62572	SOUR	9.60180645429	0.347194383297
6386	SOUR	4.224000594	0.161823151353
6826	SOUR	4.56506247272	0.174266580757
8175	SOUR	7.3575132831	0.27264733064
8452	SOUR	9.35394647334	0.339159333083
241	SOUR	5.62877443546	0.21247773676
4133	SOUR	6.83095117452	0.254573289401
8294	SOUR	5.21547327377	0.197738466363
18827	SOUR	8.44784990237	0.309367528906
1183	SOUR	7.75940786935	0.286292950581
61252	SOUR	11.9644343278	0.421318297597
7151	SOUR	5.83039965987	0.219618562317
61155	SOUR	10.3635681294	0.371581307426
7583	SOUR	7.58505393375	0.280388940079
10430	SOUR	14.8085447248	0.504624590246
8785	SOUR	8.26196689569	0.303174637033
1549778	SOUR	4.71004691094	0.179528059676
6140	SOUR	9.94767669374	0.358324559108
61659	SOUR	6.96375832473	0.259152760987
61177	SOUR	7.46601706068	0.276344118127
69963	SOUR	5.37086409873	0.203296091482
9016	SOUR	7.32004952407	0.271368730949
12587	SOUR	16.5944704477	0.553628238133
2969	SOUR	13.7168051334	0.473411908109
8375	SOUR	4.85100448333	0.184627281534
15717	SOUR	8.06004825405	0.296416179019
18635	SOUR	19.7154667867	0.633138819222
526618	SOUR	9.43866962545	0.341911391299
660	SOUR	6.19482967639	0.232442821168
679	SOUR	18.3517252771	0.599354682825
24197	SOUR	8.19244327501	0.300851280275
6057	SOUR	12.7234064933	0.444182230613
196	SOUR	16.6476984127	0.555049591532
7635	SOUR	5.80704157411	0.218792970227
6998	SOUR	3.80111766932	0.146265308559
311	SOUR	11.5922121999	0.40993673452
7047	SOUR	4.02126984127	0.154382549196
5368076	SOUR	7.61079361092	0.281262072682
261	SOUR	13.1110231384	0.455681354441
61138	SOUR	18.9094634078	0.613351413765
7894	SOUR	5.31235309945	0.201205685797
170833	SOUR	5.13245114962	0.194761224064
228769	SOUR	8.4071070908	0.308012503778
5960	SOUR	15.4564909954	0.52269839426
11980	BURNT	7.73467773142	0.285457013413
650	BURNT	5.79981325132	0.218537396553
89440	BURNT	6.51752597532	0.243709781077
7601	BURNT	5.34640916888	0.202422730355
5363388	BURNT	5.03709750567	0.191334959714
444539	BURNT	2.3733986285	0.0926827367202
6054	BURNT	3.72073573194	0.143291879523
62374	BURNT	3.45352594995	0.133370301403
235414	BURNT	9.14251948274	0.332266514313
78925	BURNT	8.2289636433	0.302072208675
6549	BURNT	4.60091459751	0.175569217847
7194	BURNT	6.98663466241	0.259940160934
8857	BURNT	4.08735088441	0.156811460475
1136	BURNT	13.4606597631	0.465950646021
8467	BURNT	9.58359629022	0.346605724467
61209	BURNT	4.77787054216	0.181983602919
5365027	BURNT	4.93471127483	0.187647900847
22873	BURNT	1.68749417707	0.0663607124439
637776	BURNT	4.16115392234	0.159520076107
7795	BURNT	2.57501932591	0.100348483225
565690	BURNT	1.48371558948	0.0584680587992
24834	BURNT	3.90595015965	0.150135427726
5364729	BURNT	4.08929715084	0.156882945558
7916	BURNT	10.3008433111	0.369590783275
8038	BURNT	4.6786845866	0.17839134768
62572	BURNT	3.27133847399	0.126572876795
6386	BURNT	4.50405512696	0.172047600044
6826	BURNT	6.87271752827	0.256015002641
8175	BURNT	6.02139508737	0.226352923976
8452	BURNT	2.56760033677	0.100066984875
241	BURNT	3.14952075756	0.122013037901
4133	BURNT	6.62089805459	0.247301405764
8294	BURNT	2.4396932032	0.0952068869577
18827	BURNT	3.95087419114	0.151791204896
1183	BURNT	7.77581945133	0.286847430797
61252	BURNT	14.2061047417	0.487518824894
7151	BURNT	6.46039879148	0.241721250641
61155	BURNT	5.48062318254	0.207210035114
7583	BURNT	7.92361239952	0.291831042598
10430	BURNT	4.59288415242	0.175277532162
8785	BURNT	4.10154642251	0.157332783678
1549778	BURNT	5.67104933941	0.213977653332
6140	BURNT	11.6095277426	0.410468655942
61659	BURNT	18.3936489972	0.600415430515
61177	BURNT	2.25946969697	0.0883367065541
69963	BURNT	4.24289557349	0.162514957801
9016	BURNT	3.8940341882	0.149695966625
12587	BURNT	4.55305103887	0.17382993205
2969	BURNT	1.99202114462	0.0780935864887
8375	BURNT	5.45865963406	0.206427599362
15717	BURNT	1.80263536532	0.0708056169085
18635	BURNT	9.22880221517	0.335083772476
526618	BURNT	8.0912398219	0.297462328134
660	BURNT	2.75055021525	0.106995798015
679	BURNT	5.41962422653	0.205036038359
24197	BURNT	5.93685122817	0.223375568125
6057	BURNT	7.87809196921	0.290297945538
196	BURNT	4.91946916592	0.187098295887
7635	BURNT	3.49873941347	0.135053105546
6998	BURNT	4.30832658756	0.164908392308
311	BURNT	10.7517887661	0.383831165976
7047	BURNT	6.90724688676	0.257205851649
5368076	BURNT	3.83309533321	0.147446765395
261	BURNT	3.55444935484	0.137124330107
61138	BURNT	4.58121014886	0.174853411383
7894	BURNT	2.65347125462	0.103322486305
170833	BURNT	6.46351249441	0.24182970227
228769	BURNT	4.54481864235	0.173530595097
5960	BURNT	5.05406482593	0.191945164531
11980	ACID	4.48099280292	0.171207993517
650	ACID	6.70802368615	0.250321914736
89440	ACID	7.68512418648	0.283780513955
7601	ACID	6.08867954497	0.228718374358
5363388	ACID	5.4176135227	0.204964326396
444539	ACID	3.43865633673	0.132816510508
6054	ACID	8.13545376121	0.298943907288
62374	ACID	8.41869276647	0.3083979555
235414	ACID	7.51151422765	0.277891430709
78925	ACID	5.4467880731	0.206004522799
6549	ACID	6.50389165241	0.243235423446
7194	ACID	6.44297315258	0.241114164885
8857	ACID	6.27096535544	0.235108611622
1136	ACID	9.06503584942	0.329731483996
8467	ACID	5.34938589257	0.202529063932
61209	ACID	4.15677993086	0.159359669477
5365027	ACID	6.07298814754	0.228167051886
22873	ACID	6.08000759085	0.228413706712
637776	ACID	5.00440110646	0.190158432085
7795	ACID	5.06972062355	0.192507998062
565690	ACID	9.18606919685	0.333689220958
24834	ACID	5.69286850956	0.214751239636
5364729	ACID	6.3310664807	0.237209698115
7916	ACID	8.71398510493	0.318185989634
8038	ACID	8.37356665229	0.306896018699
62572	ACID	6.32997134145	0.237171438784
6386	ACID	7.98636091607	0.29394165237
6826	ACID	4.64269855953	0.177086082415
8175	ACID	6.70008983	0.250047111708
8452	ACID	13.7305408432	0.47381053299
241	ACID	9.91537857407	0.357289250056
4133	ACID	5.50038468088	0.20791369458
8294	ACID	3.72370609146	0.143401848836
18827	ACID	6.55910035127	0.245155295084
1183	ACID	5.82971874608	0.21959450158
61252	ACID	7.68533486441	0.283787645785
7151	ACID	5.28800170586	0.200334883418
61155	ACID	4.26101786013	0.163178205123
7583	ACID	7.68982717139	0.283939710085
10430	ACID	5.83146100352	0.219656065166
8785	ACID	5.40249490155	0.204425015597
1549778	ACID	8.83646064682	0.322225211168
6140	ACID	2.59815245478	0.10122593972
61659	ACID	7.8805444049	0.290380584149
61177	ACID	4.35675914214	0.166677825597
69963	ACID	5.94094598226	0.223519903625
9016	ACID	7.774702284	0.286809693118
12587	ACID	6.67995055753	0.249349326521
2969	ACID	9.22859577842	0.33507703912
8375	ACID	5.41383170659	0.204829438765
15717	ACID	5.01524907241	0.190548873593
18635	ACID	7.82162396874	0.288393838146
526618	ACID	6.40479351197	0.239783188506
660	ACID	4.08244410167	0.15663122413
679	ACID	6.07927289847	0.228387892349
24197	ACID	5.06642010975	0.192389359299
6057	ACID	4.03584859747	0.154918714338
196	ACID	5.90416823844	0.222223048502
7635	ACID	10.8201985105	0.385977262096
6998	ACID	4.80341503993	0.182907483179
311	ACID	9.40016449507	0.340661342789
7047	ACID	5.95620479432	0.224057641552
5368076	ACID	1.53784228197	0.060567707725
261	ACID	3.89098819313	0.149583612077
61138	ACID	5.45732656796	0.206380097411
7894	ACID	8.2560768117	0.30297795074
170833	ACID	7.28637831565	0.270218609043
228769	ACID	4.2128661796	0.161415350605
5960	ACID	5.44446670661	0.205921781177
11980	WARM	4.48507942104	0.171356801876
650	WARM	6.11219370156	0.229544183324
89440	WARM	9.88150985501	0.356202699395
7601	WARM	5.45458105642	0.206282260456
5363388	WARM	2.96847760342	0.115214360424
444539	WARM	4.87132051677	0.18536091524
6054	WARM	4.68561537311	0.178642618354
62374	WARM	7.10255834023	0.263923799619
235414	WARM	6.56105129976	0.245223094327
78925	WARM	6.15399678761	0.231011200919
6549	WARM	7.1427528455	0.265302546535
7194	WARM	8.23779833441	0.302367404817
8857	WARM	4.31654961085	0.165208944217
1136	WARM	6.36924249685	0.238542799881
8467	WARM	9.16508081883	0.333003750187
61209	WARM	8.04581853245	0.295938662955
5365027	WARM	7.04352040606	0.261896344358
22873	WARM	5.14692893607	0.195280806454
637776	WARM	7.93657392923	0.292267274875
7795	WARM	5.91702736075	0.222676609315
565690	WARM	8.5236408391	0.311884652302
24834	WARM	5.38398091676	0.203764336465
5364729	WARM	3.89858900932	0.149863961867
7916	WARM	4.47963565746	0.171158572049
8038	WARM	4.26133755415	0.163189903066
62572	WARM	5.42540008125	0.205242016833
6386	WARM	8.21518517125	0.301611699891
6826	WARM	4.27225219246	0.16358923218
8175	WARM	4.98789053573	0.189564000631
8452	WARM	4.79188067595	0.182490378873
241	WARM	3.99166779214	0.153293346981
4133	WARM	4.9008489594	0.186426630167
8294	WARM	5.85616809992	0.220528842071
18827	WARM	5.34567834226	0.202396622915
1183	WARM	7.50775810325	0.277763751435
61252	WARM	5.91813167828	0.222715554107
7151	WARM	7.0170268686	0.260985608314
61155	WARM	7.08391123035	0.263283729886
7583	WARM	5.16326024078	0.195866707105
10430	WARM	6.19160379041	0.232329768617
8785	WARM	6.05863544977	0.227662592586
1549778	WARM	7.1272742651	0.264771755224
6140	WARM	8.5201004003	0.311767171679
61659	WARM	5.7468560497	0.216663700206
61177	WARM	4.22783343351	0.161963507124
69963	WARM	5.73468809669	0.216232864841
9016	WARM	5.88911887764	0.221692066643
12587	WARM	6.39433893762	0.239418529325
2969	WARM	4.15776694664	0.159395867473
8375	WARM	8.22973259937	0.302097904512
15717	WARM	5.699718629	0.21499402818
18635	WARM	4.1768634927	0.160096064253
526618	WARM	6.59614539344	0.246442162117
660	WARM	5.87316751759	0.221129062028
679	WARM	6.47471746335	0.242219912042
24197	WARM	5.2176352217	0.197815921945
6057	WARM	6.79328204184	0.253271809314
196	WARM	5.50539739015	0.208092135437
7635	WARM	4.25726718563	0.163040957869
6998	WARM	3.09183357064	0.119849568894
311	WARM	6.90477146881	0.257120511138
7047	WARM	5.38032725677	0.203633921715
5368076	WARM	3.85813640568	0.148371369617
261	WARM	5.58277769921	0.210844145233
61138	WARM	3.43624088321	0.132726534765
7894	WARM	4.42164589904	0.169045454979
170833	WARM	9.39863069941	0.340611524367
228769	WARM	6.11879852458	0.22977606283
5960	WARM	6.96588246349	0.259225891142
11980	MUSKY	4.76799823757	0.181626406626
650	MUSKY	8.72534937888	0.318561286442
89440	MUSKY	9.58015490714	0.346494449068
7601	MUSKY	12.8836184221	0.448949687426
5363388	MUSKY	5.7585376562	0.217077203873
444539	MUSKY	11.8555431925	0.418000165943
6054	MUSKY	10.4063220215	0.372936265653
62374	MUSKY	3.59482246477	0.13862379917
235414	MUSKY	4.20107135182	0.160983253872
78925	MUSKY	4.0746389407	0.156344484629
6549	MUSKY	7.81580293428	0.288197407168
7194	MUSKY	4.80872606524	0.183099504062
8857	MUSKY	7.40961688221	0.274423706352
1136	MUSKY	16.405446582	0.548562392258
8467	MUSKY	5.59950470988	0.211438407197
61209	MUSKY	2.74317771806	0.106717099125
5365027	MUSKY	10.5288664631	0.376811846926
22873	MUSKY	7.64370664728	0.282377765367
637776	MUSKY	2.7678962704	0.10765135091
7795	MUSKY	4.88090698441	0.18570697818
565690	MUSKY	5.78006253008	0.217838852062
24834	MUSKY	6.63327831393	0.247730980081
5364729	MUSKY	4.58047237888	0.17482660427
7916	MUSKY	5.21380198219	0.197678586844
8038	MUSKY	7.49034363746	0.277171646375
62572	MUSKY	2.11444648461	0.0827895058101
6386	MUSKY	5.58843426077	0.211045131436
6826	MUSKY	7.07496358875	0.262976499637
8175	MUSKY	11.1915127529	0.397560527037
8452	MUSKY	4.8550872093	0.184774739648
241	MUSKY	8.86132078219	0.323043628886
4133	MUSKY	4.32483322165	0.165511655908
8294	MUSKY	5.04484710569	0.1916136913
18827	MUSKY	6.55942972934	0.245166741824
1183	MUSKY	7.74401030311	0.285772533894
61252	MUSKY	4.89053067788	0.186054310991
7151	MUSKY	7.60585723728	0.281094663766
61155	MUSKY	11.2461555632	0.399255816546
7583	MUSKY	8.95125140591	0.326000095544
10430	MUSKY	15.8061457278	0.532312132004
8785	MUSKY	5.17211691115	0.196184359109
1549778	MUSKY	7.43091345223	0.275149148195
6140	MUSKY	11.5185292813	0.40767056453
61659	MUSKY	10.4559251717	0.37450645839
61177	MUSKY	7.8580046584	0.289620891451
69963	MUSKY	8.8226671547	0.321770903899
9016	MUSKY	7.78907235337	0.287295034884
12587	MUSKY	15.4288092773	0.521933108807
2969	MUSKY	18.3389530564	0.599031242574
8375	MUSKY	8.92340009408	0.325085176068
15717	MUSKY	11.9903977799	0.422108055627
18635	MUSKY	14.0476055406	0.482970133054
526618	MUSKY	13.9951231045	0.481459535897
660	MUSKY	8.54112220213	0.312464580697
679	MUSKY	6.05520408164	0.227541964677
24197	MUSKY	5.41388609248	0.20483137865
6057	MUSKY	10.987095644	0.391197317484
196	MUSKY	13.2925659938	0.461025715472
7635	MUSKY	5.47848050536	0.207133720755
6998	MUSKY	7.94838223603	0.292664577373
311	MUSKY	11.783231539	0.415791443359
7047	MUSKY	10.0644277115	0.362060026395
5368076	MUSKY	6.90171896814	0.25701526884
261	MUSKY	9.63004495928	0.348106692004
61138	MUSKY	19.4640164268	0.627021482887
7894	MUSKY	10.3849391018	0.372258780013
170833	MUSKY	4.7324381026	0.180339135946
228769	MUSKY	5.83492965004	0.219778624393
5960	MUSKY	13.116127287	0.455831973475
11980	SWEATY	1.11404983879	0.0440655507342
650	SWEATY	7.33229710489	0.271786851862
89440	SWEATY	4.08388683756	0.156684220822
7601	SWEATY	6.58336879433	0.2459984539
5363388	SWEATY	3.01527220658	0.116974141671
444539	SWEATY	5.79216521486	0.218266937444
6054	SWEATY	7.57630932897	0.28009218794
62374	SWEATY	1.10911143033	0.0438724059472
235414	SWEATY	4.97154084481	0.188975146444
78925	SWEATY	6.02545626009	0.226495801147
6549	SWEATY	1.43402056404	0.0565382565702
7194	SWEATY	5.13652398334	0.194907407881
8857	SWEATY	2.83977378186	0.110365225221
1136	SWEATY	3.01094580109	0.116811514197
8467	SWEATY	1.51717483908	0.0597662657663
61209	SWEATY	1.9518611705	0.0765505420083
5365027	SWEATY	4.12730679801	0.158278407358
22873	SWEATY	2.98176681201	0.115714299152
637776	SWEATY	1.39072419212	0.0548553221732
7795	SWEATY	3.50548546865	0.135304047398
565690	SWEATY	3.02509556884	0.117343341474
24834	SWEATY	0.741428461511	0.029437251995
5364729	SWEATY	5.22183192223	0.19796626544
7916	SWEATY	3.94704464677	0.151650121293
8038	SWEATY	1.43241786986	0.056475986413
62572	SWEATY	1.85317548925	0.0727533158123
6386	SWEATY	6.38857721207	0.239217520965
6826	SWEATY	1.77711329535	0.0698212791482
8175	SWEATY	8.15052077907	0.299448435575
8452	SWEATY	4.48101196956	0.171208691474
241	SWEATY	4.97494396118	0.18909773148
4133	SWEATY	2.53048780488	0.0986581647829
8294	SWEATY	1.69574111975	0.0666794296121
18827	SWEATY	3.18466943288	0.123329929557
1183	SWEATY	1.88432249966	0.0739526314732
61252	SWEATY	7.50706084123	0.27774004866
7151	SWEATY	5.79300280981	0.218296559771
61155	SWEATY	2.71651450782	0.105708799884
7583	SWEATY	2.93869723804	0.114093512939
10430	SWEATY	7.58362517443	0.280340458663
8785	SWEATY	2.60783685793	0.101593149086
1549778	SWEATY	2.07734794023	0.0813677678233
6140	SWEATY	5.58706705022	0.210996554719
61659	SWEATY	4.34328633345	0.166185798868
61177	SWEATY	6.16358931307	0.231347639235
69963	SWEATY	4.30167425078	0.164665209487
9016	SWEATY	1.69776193344	0.0667575191045
12587	SWEATY	15.5242634288	0.524569435148
2969	SWEATY	7.38209979737	0.273485832927
8375	SWEATY	2.46398799782	0.0961310251714
15717	SWEATY	3.44196820709	0.132939870228
18635	SWEATY	8.10614376602	0.297961923939
526618	SWEATY	5.17721955132	0.19636734114
660	SWEATY	1.72285885251	0.0677270570502
679	SWEATY	8.29189460724	0.304173577818
24197	SWEATY	0.385316511934	0.0153532729516
6057	SWEATY	7.42155409419	0.274830377698
196	SWEATY	10.9562401253	0.390233925937
7635	SWEATY	3.62300249374	0.139669640922
6998	SWEATY	3.11484048897	0.12071272705
311	SWEATY	4.45543661519	0.170277098435
7047	SWEATY	5.08060175663	0.192899064581
5368076	SWEATY	3.10815292191	0.120461871042
261	SWEATY	7.16215570211	0.265967638364
61138	SWEATY	12.0951733899	0.425289647863
7894	SWEATY	3.65010632642	0.140674942579
170833	SWEATY	0.465225054834	0.0185224284527
228769	SWEATY	1.70196736761	0.0669200175363
5960	SWEATY	7.28278146641	0.270095696301
11980	AMMONIA/URINOUS	2.92003871121	0.113390898018
650	AMMONIA/URINOUS	7.72444604074	0.285111014975
89440	AMMONIA/URINOUS	4.3710278422	0.167198759929
7601	AMMONIA/URINOUS	6.57329802574	0.245648622255
5363388	AMMONIA/URINOUS	2.854403404	0.110917088643
444539	AMMONIA/URINOUS	8.41917093127	0.308413861583
6054	AMMONIA/URINOUS	7.39245032845	0.273838684395
62374	AMMONIA/URINOUS	6.88816976336	0.256548037459
235414	AMMONIA/URINOUS	7.04561819664	0.261968433557
78925	AMMONIA/URINOUS	11.0123856772	0.391986371765
6549	AMMONIA/URINOUS	7.49163982514	0.277215726098
7194	AMMONIA/URINOUS	5.12260863082	0.194407897559
8857	AMMONIA/URINOUS	4.49393753784	0.171679311676
1136	AMMONIA/URINOUS	4.45485735569	0.170255992604
8467	AMMONIA/URINOUS	1.81981966722	0.0714680892404
61209	AMMONIA/URINOUS	6.84842698688	0.255176698597
5365027	AMMONIA/URINOUS	7.6496064344	0.282577665936
22873	AMMONIA/URINOUS	0.809134082862	0.0321034841289
637776	AMMONIA/URINOUS	2.56219551282	0.0998618821745
7795	AMMONIA/URINOUS	1.70581662219	0.0670687407481
565690	AMMONIA/URINOUS	3.22340432895	0.124780038971
24834	AMMONIA/URINOUS	3.71677450504	0.143145215113
5364729	AMMONIA/URINOUS	1.80481268394	0.070889567828
7916	AMMONIA/URINOUS	6.40564988302	0.239813055151
8038	AMMONIA/URINOUS	6.32308727505	0.236930917927
62572	AMMONIA/URINOUS	2.93831003204	0.114078934944
6386	AMMONIA/URINOUS	3.41991104134	0.132118125041
6826	AMMONIA/URINOUS	2.27261266855	0.0888385994055
8175	AMMONIA/URINOUS	6.50718864853	0.243350144298
8452	AMMONIA/URINOUS	6.76307612693	0.252227365598
241	AMMONIA/URINOUS	4.21085059779	0.161341518809
4133	AMMONIA/URINOUS	1.66640388893	0.0655453947886
8294	AMMONIA/URINOUS	2.9274645746	0.11367056345
18827	AMMONIA/URINOUS	6.12760228681	0.230085087558
1183	AMMONIA/URINOUS	2.61117209614	0.10171959596
61252	AMMONIA/URINOUS	10.0065698117	0.360210216708
7151	AMMONIA/URINOUS	4.08035132658	0.156554346284
61155	AMMONIA/URINOUS	6.64314302682	0.248073181363
7583	AMMONIA/URINOUS	6.5279792205	0.244073363739
10430	AMMONIA/URINOUS	6.53635872749	0.244364754934
8785	AMMONIA/URINOUS	7.59205467035	0.280626469167
1549778	AMMONIA/URINOUS	5.35249972561	0.202640287699
6140	AMMONIA/URINOUS	3.62671067203	0.139807214762
61659	AMMONIA/URINOUS	8.55689758577	0.312987704913
61177	AMMONIA/URINOUS	1.59647149422	0.062839371276
69963	AMMONIA/URINOUS	5.78280020704	0.217935696988
9016	AMMONIA/URINOUS	7.16858790184	0.266188055071
12587	AMMONIA/URINOUS	4.87918645605	0.185644874053
2969	AMMONIA/URINOUS	7.90594837619	0.291236327157
8375	AMMONIA/URINOUS	3.500739615	0.135127513459
15717	AMMONIA/URINOUS	7.48152107253	0.276871579878
18635	AMMONIA/URINOUS	8.37772821209	0.307034596485
526618	AMMONIA/URINOUS	4.60754770145	0.17581010973
660	AMMONIA/URINOUS	5.52682624748	0.208854726551
679	AMMONIA/URINOUS	10.7525086536	0.383853769205
24197	AMMONIA/URINOUS	4.69754025119	0.179074856283
6057	AMMONIA/URINOUS	15.4703754579	0.523082011593
196	AMMONIA/URINOUS	5.17387693491	0.196247476381
7635	AMMONIA/URINOUS	3.34104574374	0.129176795085
6998	AMMONIA/URINOUS	3.82595416982	0.147182996669
311	AMMONIA/URINOUS	7.17541281442	0.266421892954
7047	AMMONIA/URINOUS	7.04899831441	0.262084581682
5368076	AMMONIA/URINOUS	2.27821224012	0.0890523892003
261	AMMONIA/URINOUS	6.13574884747	0.230370988331
61138	AMMONIA/URINOUS	1.11968570859	0.044285949909
7894	AMMONIA/URINOUS	5.42982771212	0.205399896891
170833	AMMONIA/URINOUS	6.3592732991	0.238194789207
228769	AMMONIA/URINOUS	3.02055129503	0.117172559751
5960	AMMONIA/URINOUS	4.0510190743	0.155476460756
11980	DECAYED	1.86235827664	0.0731069797255
650	DECAYED	8.36135085711	0.306489159022
89440	DECAYED	7.01568189118	0.260939358688
7601	DECAYED	1.83765125404	0.0721552653089
5363388	DECAYED	3.19056855151	0.123550850988
444539	DECAYED	6.9529333486	0.258780021084
6054	DECAYED	10.7260761999	0.383023563737
62374	DECAYED	2.17849863845	0.0852416030107
235414	DECAYED	8.49508254011	0.310936730659
78925	DECAYED	14.7781598639	0.503768790972
6549	DECAYED	2.64626572544	0.103049540102
7194	DECAYED	4.35983899821	0.166790281492
8857	DECAYED	5.0184159811	0.19066283966
1136	DECAYED	5.74476506816	0.216589672451
8467	DECAYED	3.58647680537	0.138313945865
61209	DECAYED	2.75486783912	0.10715899484
5365027	DECAYED	4.41999431094	0.168985232554
22873	DECAYED	5.7288323844	0.21602548718
637776	DECAYED	0.50021907136	0.0199086752067
7795	DECAYED	4.79365179259	0.1825544327
565690	DECAYED	2.8660413917	0.111355978364
24834	DECAYED	3.48162214346	0.134416208639
5364729	DECAYED	1.58292701863	0.0623148175668
7916	DECAYED	2.4662398374	0.0962166579218
8038	DECAYED	6.75460749035	0.251934410674
62572	DECAYED	3.46437993715	0.133774426147
6386	DECAYED	4.162141664	0.159556297268
6826	DECAYED	4.14803309591	0.15903885241
8175	DECAYED	4.79368527893	0.182555643736
8452	DECAYED	2.59076730567	0.100945862134
241	DECAYED	7.89276595745	0.290792336514
4133	DECAYED	2.43136724387	0.0948900710849
8294	DECAYED	1.74825092664	0.0687074845447
18827	DECAYED	6.22069222859	0.233348884422
1183	DECAYED	2.01476389371	0.0789668463295
61252	DECAYED	12.1333236972	0.426445930311
7151	DECAYED	3.64669202769	0.14054833601
61155	DECAYED	3.09258536296	0.119877780828
7583	DECAYED	4.07369880034	0.156309943247
10430	DECAYED	3.73505662176	0.143822005683
8785	DECAYED	2.70149903955	0.105140722758
1549778	DECAYED	5.83673469388	0.219842399
6140	DECAYED	9.04050022183	0.328927751169
61659	DECAYED	9.51591205837	0.344415449414
61177	DECAYED	3.36992509508	0.130254445745
69963	DECAYED	2.36339478787	0.0923015375453
9016	DECAYED	2.30134926806	0.089935487341
12587	DECAYED	15.2338035092	0.516524632626
2969	DECAYED	2.58838103865	0.100855354985
8375	DECAYED	3.01476222603	0.116954972529
15717	DECAYED	4.74120212215	0.180656485861
18635	DECAYED	12.0517127396	0.423970997602
526618	DECAYED	8.3307834419	0.305470556574
660	DECAYED	1.90173214749	0.0746226518352
679	DECAYED	10.3734069692	0.371893249907
24197	DECAYED	2.83070419664	0.110023013366
6057	DECAYED	12.4249071676	0.435244959455
196	DECAYED	10.7074659864	0.382438708316
7635	DECAYED	4.42959869219	0.169335409858
6998	DECAYED	5.03106238661	0.191117859969
311	DECAYED	5.26612759512	0.199552263865
7047	DECAYED	2.20421260458	0.0862250829007
5368076	DECAYED	0.860845464185	0.0341373966021
261	DECAYED	1.98825325585	0.0779488698302
61138	DECAYED	6.48673092958	0.242638165922
7894	DECAYED	6.14643860734	0.230746061272
170833	DECAYED	4.47002223288	0.17080844981
228769	DECAYED	2.13469193905	0.0835649136921
5960	DECAYED	2.41562775858	0.0942910073561
11980	WOOD	2.69477209928	0.104886165304
650	WOOD	3.32986880732	0.128759541783
89440	WOOD	4.09385397776	0.157050302954
7601	WOOD	3.39107246377	0.131043149569
5363388	WOOD	0.493774141234	0.0196534404883
444539	WOOD	3.21084245672	0.124309894556
6054	WOOD	3.02394465152	0.117300089559
62374	WOOD	4.00005308392	0.153601953487
235414	WOOD	1.55217477559	0.0611232924098
78925	WOOD	2.87210531284	0.111584616943
6549	WOOD	3.0095953154	0.116760747031
7194	WOOD	3.74673913044	0.144254343573
8857	WOOD	1.77143631437	0.0696022579283
1136	WOOD	3.38469408348	0.130805301724
8467	WOOD	2.85808258579	0.111055849005
61209	WOOD	6.59585111789	0.246431943928
5365027	WOOD	2.18549872986	0.0855093873152
22873	WOOD	3.00854192031	0.116721147018
637776	WOOD	3.44560394971	0.133075283357
7795	WOOD	2.03980183147	0.0799277566543
565690	WOOD	2.72702463352	0.10610632
24834	WOOD	3.51412081551	0.135625214578
5364729	WOOD	2.91809293839	0.113317610977
7916	WOOD	3.83516172498	0.147523082816
8038	WOOD	0.513923219152	0.020451281936
62572	WOOD	2.05994008844	0.0807002622705
6386	WOOD	3.51446344614	0.13563795652
6826	WOOD	3.55796377395	0.137254908471
8175	WOOD	5.27214277558	0.199767515245
8452	WOOD	1.32736363636	0.0523897877653
241	WOOD	4.06946089012	0.15615423083
4133	WOOD	2.11420901626	0.0827804087448
8294	WOOD	2.60889933166	0.101633430977
18827	WOOD	3.32770321788	0.128678685233
1183	WOOD	3.80085846209	0.146255728464
61252	WOOD	0.995636363636	0.039428937838
7151	WOOD	3.75729939684	0.14464505637
61155	WOOD	3.3552811336	0.12970808075
7583	WOOD	2.08394030578	0.0816204893519
10430	WOOD	4.28494188963	0.164053384786
8785	WOOD	3.34899848178	0.129473622939
1549778	WOOD	3.47126598465	0.134030764372
6140	WOOD	2.00906819775	0.0787481859009
61659	WOOD	1.58934818472	0.0625635163279
61177	WOOD	5.54919350956	0.20965032094
69963	WOOD	3.74371401459	0.144142402734
9016	WOOD	3.45521359178	0.133433143285
12587	WOOD	2.62683076524	0.102313134662
2969	WOOD	3.66644944889	0.141280837331
8375	WOOD	2.85995728562	0.111126549155
15717	WOOD	4.58435381301	0.174967632567
18635	WOOD	2.49034914711	0.0971332303347
526618	WOOD	4.01548051753	0.154169587187
660	WOOD	5.05142427645	0.19185021617
679	WOOD	3.3680194748	0.130183356919
24197	WOOD	2.98267777512	0.115748564321
6057	WOOD	1.29363938059	0.0510761740848
196	WOOD	3.92676483967	0.150902800744
7635	WOOD	2.28957718194	0.0894862218086
6998	WOOD	2.15678531878	0.0844107235866
311	WOOD	3.28995502249	0.12726867928
7047	WOOD	4.49949498349	0.171881617297
5368076	WOOD	1.32931844888	0.0524659029399
261	WOOD	6.49583333333	0.242954993056
61138	WOOD	5.02187208216	0.190787203603
7894	WOOD	2.60124996639	0.1013433981
170833	WOOD	3.96922153654	0.152466973619
228769	WOOD	3.63341401736	0.140055881726
5960	WOOD	4.90412605322	0.186544861191
11980	GRASS	2.89281071468	0.112365087055
650	GRASS	1.72644569309	0.067865581831
89440	GRASS	3.91097216245	0.150320605196
7601	GRASS	1.71597971301	0.0674613539704
5363388	GRASS	25.7479469952	0.76473517002
444539	GRASS	3.33512992406	0.128955960318
6054	GRASS	3.09435370007	0.119944138074
62374	GRASS	6.06390473168	0.227847813029
235414	GRASS	1.55597129222	0.0612704330237
78925	GRASS	2.09008580705	0.0818560488097
6549	GRASS	4.14237827942	0.158831412053
7194	GRASS	1.21342391304	0.0479479974846
8857	GRASS	1.54590535875	0.0608802849988
1136	GRASS	3.05267477438	0.118379461664
8467	GRASS	4.17168561264	0.159906240165
61209	GRASS	1.90477248909	0.0747396362695
5365027	GRASS	4.26148233332	0.163195200662
22873	GRASS	0.731222167243	0.0290350123466
637776	GRASS	3.62644143523	0.139797226416
7795	GRASS	2.85400615198	0.110902105633
565690	GRASS	1.77287436559	0.069657741217
24834	GRASS	4.27274562654	0.163607282986
5364729	GRASS	5.69815188188	0.214938501328
7916	GRASS	4.20552692624	0.161146494359
8038	GRASS	1.72850197661	0.0679449914311
62572	GRASS	1.86963145014	0.0733870493018
6386	GRASS	1.9725238074	0.0773446122275
6826	GRASS	1.26316642467	0.0498884212203
8175	GRASS	3.06420262316	0.11881236984
8452	GRASS	1.53385274364	0.06041302805
241	GRASS	1.26338831976	0.0498970727716
4133	GRASS	2.97597468807	0.115496417385
8294	GRASS	2.50752640302	0.0977859806562
18827	GRASS	3.39961492566	0.131361644369
1183	GRASS	2.88053517103	0.111902413692
61252	GRASS	1.62441896917	0.0639212639718
7151	GRASS	4.65904506673	0.177679122296
61155	GRASS	2.02304990616	0.0792849038771
7583	GRASS	3.4150742115	0.131937875712
10430	GRASS	1.8072068809	0.0709818765519
8785	GRASS	3.08179662825	0.119472876947
1549778	GRASS	3.580647237	0.138097475626
6140	GRASS	1.58387122291	0.062351389696
61659	GRASS	2.14145227788	0.0838237639719
61177	GRASS	2.49661864173	0.0973715038125
69963	GRASS	3.69270829991	0.142253894161
9016	GRASS	2.02869445651	0.0795015377811
12587	GRASS	1.74852272727	0.0687179763997
2969	GRASS	3.40948654142	0.131729622266
8375	GRASS	2.40514355095	0.0938918558376
15717	GRASS	2.53892150543	0.0989784112531
18635	GRASS	3.03698377636	0.117790042871
526618	GRASS	3.28744085918	0.127174727406
660	GRASS	3.39865436448	0.131325833983
679	GRASS	3.28717461985	0.127164778001
24197	GRASS	1.37236105786	0.0541410923652
6057	GRASS	2.04100419958	0.0799738887262
196	GRASS	3.09811543672	0.120085289765
7635	GRASS	4.04830285596	0.155376611833
6998	GRASS	1.70215693551	0.0669273421273
311	GRASS	1.59473922902	0.0627722918775
7047	GRASS	4.69784604558	0.179085938836
5368076	GRASS	6.59216778124	0.246304040827
261	GRASS	1.32834356725	0.052427944037
61138	GRASS	1.85602360193	0.0728630146329
7894	GRASS	1.75158556506	0.0688362018055
170833	GRASS	4.50723042719	0.172163166638
228769	GRASS	4.77385487528	0.181838318863
5960	GRASS	2.57406326502	0.100312209924
11980	FLOWER	4.96004562892	0.1885610041
650	FLOWER	2.51341779119	0.0980098040502
89440	FLOWER	7.51528434408	0.278019574254
7601	FLOWER	15.6179526787	0.527149928799
5363388	FLOWER	7.65033365166	0.282602304074
444539	FLOWER	8.37464944203	0.306932076371
6054	FLOWER	7.52398049646	0.278315106854
62374	FLOWER	5.23696807548	0.19850838917
235414	FLOWER	8.52097415796	0.311796166078
78925	FLOWER	3.11780770501	0.120824018246
6549	FLOWER	2.34608587359	0.0916417873731
7194	FLOWER	12.3479305725	0.432928667131
8857	FLOWER	7.36738197579	0.272983952161
1136	FLOWER	2.74026030625	0.106606801632
8467	FLOWER	4.83566289559	0.184073061568
61209	FLOWER	2.02348782187	0.0793017116887
5365027	FLOWER	6.24216478554	0.234100742938
22873	FLOWER	7.9562024928	0.292927636469
637776	FLOWER	6.74910734061	0.251744113666
7795	FLOWER	5.25452380953	0.199136944195
565690	FLOWER	9.61324601416	0.347564040995
24834	FLOWER	8.69006927891	0.317395849527
5364729	FLOWER	3.07859262126	0.119352611839
7916	FLOWER	4.20408913565	0.161093819242
8038	FLOWER	4.12194127651	0.158081491106
62572	FLOWER	4.36548992826	0.166996596205
6386	FLOWER	3.24669746104	0.12565148068
6826	FLOWER	8.26115214023	0.303147431736
8175	FLOWER	5.3011076729	0.200803609892
8452	FLOWER	3.44068594104	0.132892109744
241	FLOWER	2.27403578038	0.0888929357232
4133	FLOWER	14.3326684397	0.491136583748
8294	FLOWER	7.56090214455	0.279569189286
18827	FLOWER	3.05550870348	0.118485894764
1183	FLOWER	6.94781533034	0.258603758068
61252	FLOWER	3.52640808788	0.136082101914
7151	FLOWER	3.54614440345	0.136815720086
61155	FLOWER	10.1000530436	0.363197693149
7583	FLOWER	5.91705285596	0.222677508438
10430	FLOWER	1.97727935146	0.0775273206048
8785	FLOWER	21.8314677177	0.682613515625
1549778	FLOWER	4.42767896971	0.169265422365
6140	FLOWER	6.74482786358	0.251596033379
61659	FLOWER	2.51408995679	0.0980353389471
61177	FLOWER	7.41837243135	0.274721997442
69963	FLOWER	3.01161320551	0.116836602581
9016	FLOWER	7.48416919958	0.27696165254
12587	FLOWER	2.91530173791	0.113212475827
2969	FLOWER	2.61692744813	0.101937774218
8375	FLOWER	13.2815188172	0.460701255851
15717	FLOWER	11.1752198924	0.397054579839
18635	FLOWER	2.13154367304	0.0834443555495
526618	FLOWER	2.61197690012	0.101750106674
660	FLOWER	3.0562778982	0.118514782092
679	FLOWER	1.81620203503	0.0713286454682
24197	FLOWER	4.36987038358	0.167156508475
6057	FLOWER	6.91635496764	0.25751981229
196	FLOWER	1.58993665582	0.0625863068051
7635	FLOWER	5.32307546537	0.201588965651
6998	FLOWER	3.85259206539	0.148166696367
311	FLOWER	2.93544117397	0.113970921004
7047	FLOWER	4.07332074899	0.15629605319
5368076	FLOWER	10.8522058556	0.386980085452
261	FLOWER	2.13001115998	0.0833856673826
61138	FLOWER	1.65130535193	0.064961490331
7894	FLOWER	3.86678713224	0.148690668199
170833	FLOWER	4.57987220845	0.17480479656
228769	FLOWER	9.86565174287	0.35569363599
5960	FLOWER	2.43518351343	0.0950352930396
11980	CHEMICAL	12.1473524582	0.426870829632
650	CHEMICAL	14.0465587495	0.482940024899
89440	CHEMICAL	23.2649295149	0.714094402463
7601	CHEMICAL	11.5507764495	0.408662883345
5363388	CHEMICAL	8.79103174603	0.320728374177
444539	CHEMICAL	12.9456237576	0.450789280514
6054	CHEMICAL	14.0891103651	0.484163202253
62374	CHEMICAL	14.9066137205	0.507381695774
235414	CHEMICAL	17.716759622	0.583116956279
78925	CHEMICAL	8.56330667726	0.313200178591
6549	CHEMICAL	22.6288197189	0.700327396008
7194	CHEMICAL	10.5973701519	0.37897310442
8857	CHEMICAL	16.6695305029	0.555631921242
1136	CHEMICAL	9.56339439106	0.345952370731
8467	CHEMICAL	19.6346745518	0.631178804171
61209	CHEMICAL	14.9929826379	0.509803494165
5365027	CHEMICAL	23.0390741152	0.709243390173
22873	CHEMICAL	15.7258202429	0.530112240792
637776	CHEMICAL	7.29335034014	0.270456829932
7795	CHEMICAL	13.5425813298	0.468342649562
565690	CHEMICAL	18.4186345112	0.601046941546
24834	CHEMICAL	12.8480001595	0.44789156314
5364729	CHEMICAL	16.0895416938	0.540032326986
7916	CHEMICAL	13.2900396825	0.460951525396
8038	CHEMICAL	14.1860648772	0.486944820409
62572	CHEMICAL	14.0703693795	0.483624657389
6386	CHEMICAL	18.1870672143	0.595174923028
6826	CHEMICAL	15.2392171278	0.516675189646
8175	CHEMICAL	26.388093334	0.776991145439
8452	CHEMICAL	34.973693967	0.909684050801
241	CHEMICAL	26.7594328601	0.783950415606
4133	CHEMICAL	21.7303090207	0.680329828774
8294	CHEMICAL	7.86896922242	0.289990498247
18827	CHEMICAL	23.9105958543	0.727737196529
1183	CHEMICAL	21.3060115983	0.670662011842
61252	CHEMICAL	11.2759936191	0.400180531926
7151	CHEMICAL	13.5571210039	0.468766628191
61155	CHEMICAL	18.210256645	0.595764886969
7583	CHEMICAL	23.1399052284	0.711414123544
10430	CHEMICAL	13.4354153557	0.465212459916
8785	CHEMICAL	15.1907037953	0.515325159095
1549778	CHEMICAL	24.0223274376	0.730064211296
6140	CHEMICAL	12.6797885028	0.442880725521
61659	CHEMICAL	9.32831422345	0.338325590437
61177	CHEMICAL	15.2730144484	0.5176145898
69963	CHEMICAL	18.7820394018	0.610175574436
9016	CHEMICAL	27.990925067	0.806240248237
12587	CHEMICAL	12.2724341338	0.430652309526
2969	CHEMICAL	22.1511212271	0.689775980437
8375	CHEMICAL	21.9167641057	0.684532744683
15717	CHEMICAL	12.5881665633	0.440141887561
18635	CHEMICAL	15.3792363792	0.520561090526
526618	CHEMICAL	12.6498055467	0.441985189719
660	CHEMICAL	8.22553346895	0.301957578419
679	CHEMICAL	5.64410072166	0.213021679684
24197	CHEMICAL	11.9545037175	0.421016085046
6057	CHEMICAL	13.0833368321	0.454863992218
196	CHEMICAL	11.0174263039	0.39214357921
7635	CHEMICAL	19.4608985261	0.626945312467
6998	CHEMICAL	21.3087498632	0.670724866235
311	CHEMICAL	8.82692955733	0.321911308129
7047	CHEMICAL	20.2495354455	0.645963943516
5368076	CHEMICAL	13.3952864753	0.46403797911
261	CHEMICAL	12.2602470091	0.430284417675
61138	CHEMICAL	16.7025402031	0.556511668431
7894	CHEMICAL	15.9082763572	0.535101751625
170833	CHEMICAL	28.740600693	0.819215176442
228769	CHEMICAL	13.1574344465	0.457050145375
5960	CHEMICAL	17.7755987395	0.584635185361
