#oID	descriptor	value	sigma
23235	INTENSITY/STRENGTH	28.487755102	0.81488932778
7824	INTENSITY/STRENGTH	62.6510204082	0.935980673053
6276	INTENSITY/STRENGTH	65.5530612245	0.903240914619
14104	INTENSITY/STRENGTH	56.7530612245	0.981758465639
8030	INTENSITY/STRENGTH	22.2836734694	0.692722097459
61185	INTENSITY/STRENGTH	20.393877551	0.649391005414
13216	INTENSITY/STRENGTH	59.4183673469	0.964517742607
14514	INTENSITY/STRENGTH	75.1897959184	0.746189672636
12810	INTENSITY/STRENGTH	51.0734693878	0.999539065389
7519	INTENSITY/STRENGTH	62.8346938776	0.934108253228
170833	INTENSITY/STRENGTH	34.8387755102	0.908054908788
8091	INTENSITY/STRENGTH	55.0775510204	0.989687390254
93375	INTENSITY/STRENGTH	63.9387755102	0.922284214911
62572	INTENSITY/STRENGTH	72.3510204082	0.800172754686
325	INTENSITY/STRENGTH	60.9183673469	0.952315701791
12580	INTENSITY/STRENGTH	53.3530612245	0.99550279217
22386	INTENSITY/STRENGTH	58.5755102041	0.970584249896
61918	INTENSITY/STRENGTH	69.7387755102	0.844152296543
7151	INTENSITY/STRENGTH	73.7295918367	0.774762588505
159055	INTENSITY/STRENGTH	53.7244897959	0.994451270304
62374	INTENSITY/STRENGTH	74.7265306122	0.755439473553
8078	INTENSITY/STRENGTH	59.2551020408	0.965737234486
62444	INTENSITY/STRENGTH	73.1816326531	0.785044763015
8918	INTENSITY/STRENGTH	42.0102040816	0.974465264473
61138	INTENSITY/STRENGTH	61.2693877551	0.94920035985
379	INTENSITY/STRENGTH	50.5714285714	0.999869387755
6114390	INTENSITY/STRENGTH	16.106122449	0.540482025823
8077	INTENSITY/STRENGTH	59.8571428572	0.961134693877
8892	INTENSITY/STRENGTH	70.3530612245	0.834301159517
6826	INTENSITY/STRENGTH	58.7530612245	0.96935356768
2346	INTENSITY/STRENGTH	65.5326530612	0.903494675552
6943	INTENSITY/STRENGTH	64.7653061225	0.912794294044
8697	INTENSITY/STRENGTH	64.3448979592	0.917689561016
637776	INTENSITY/STRENGTH	22.4071428572	0.695453693878
6057	INTENSITY/STRENGTH	23.4204081633	0.717410119117
14228	INTENSITY/STRENGTH	15.7551020408	0.530914785506
89440	INTENSITY/STRENGTH	43.7918367347	0.984583483549
61337	INTENSITY/STRENGTH	67.7632653061	0.873786562266
8193	INTENSITY/STRENGTH	29.0295918368	0.824096792587
241	INTENSITY/STRENGTH	25.8408163265	0.766533537693
61204	INTENSITY/STRENGTH	45.4224489796	0.991618410662
61177	INTENSITY/STRENGTH	58.7510204082	0.969367856726
6213	INTENSITY/STRENGTH	42.6836734694	0.978588546439
31249	INTENSITY/STRENGTH	39.7612244898	0.958066990421
8093	INTENSITY/STRENGTH	63.1428571428	0.930906122449
165675	INTENSITY/STRENGTH	58.0489795918	0.974085571012
61192	INTENSITY/STRENGTH	48.893877551	0.999510597251
519539	INTENSITY/STRENGTH	76.9367346939	0.709764929613
565690	INTENSITY/STRENGTH	20.7510204082	0.657798877135
7463	INTENSITY/STRENGTH	72.1836734694	0.803153852561
8857	INTENSITY/STRENGTH	43.837755102	0.984810695127
5363491	INTENSITY/STRENGTH	61.6653061225	0.945568253228
61151	INTENSITY/STRENGTH	59.2408163265	0.965842925448
6050	INTENSITY/STRENGTH	8.76122448979	0.319745357767
1001	INTENSITY/STRENGTH	37.9489795918	0.941909162849
5541	INTENSITY/STRENGTH	16.6224489796	0.554375635152
6997	INTENSITY/STRENGTH	64.1326530612	0.92010724698
440967	INTENSITY/STRENGTH	34.3173469388	0.901621757185
239	INTENSITY/STRENGTH	40.4469387755	0.963495608496
10882	INTENSITY/STRENGTH	67.2571428571	0.880876408163
78925	INTENSITY/STRENGTH	61.5428571429	0.946704979592
23235	VALENCE/PLEASANTNESS	47.2549874029	0.996985962337
7824	VALENCE/PLEASANTNESS	53.2520697305	0.995769616987
6276	VALENCE/PLEASANTNESS	44.7022014384	0.98877333216
14104	VALENCE/PLEASANTNESS	48.6546353714	0.999275997606
8030	VALENCE/PLEASANTNESS	43.6799387509	0.984022730323
61185	VALENCE/PLEASANTNESS	50.6988569386	0.999804639592
13216	VALENCE/PLEASANTNESS	58.6501952085	0.970069649142
14514	VALENCE/PLEASANTNESS	35.0541080419	0.910648125431
12810	VALENCE/PLEASANTNESS	61.45123505	0.947547686332
7519	VALENCE/PLEASANTNESS	38.4220535652	0.946380462541
170833	VALENCE/PLEASANTNESS	42.6763254292	0.978545516313
8091	VALENCE/PLEASANTNESS	55.4020251849	0.988327249561
93375	VALENCE/PLEASANTNESS	41.8248688478	0.973266892258
62572	VALENCE/PLEASANTNESS	53.1629458064	0.99599830953
325	VALENCE/PLEASANTNESS	46.9854288327	0.996364944271
12580	VALENCE/PLEASANTNESS	46.6109768926	0.995405808951
6501	VALENCE/PLEASANTNESS	50.7863652862	0.999752651855
22386	VALENCE/PLEASANTNESS	41.4954375633	0.971068967104
61918	VALENCE/PLEASANTNESS	44.2134949298	0.986606543629
7151	VALENCE/PLEASANTNESS	46.4601912112	0.994987901496
8063	VALENCE/PLEASANTNESS	37.8898331679	0.941337543719
159055	VALENCE/PLEASANTNESS	38.9903601238	0.951515131918
62374	VALENCE/PLEASANTNESS	36.1386559979	0.923145256982
8078	VALENCE/PLEASANTNESS	27.3327035573	0.794477468792
62444	VALENCE/PLEASANTNESS	28.7745972877	0.819792911881
8918	VALENCE/PLEASANTNESS	46.2280430631	0.994308936346
7991	VALENCE/PLEASANTNESS	29.3630536517	0.829646578167
61138	VALENCE/PLEASANTNESS	27.9384644582	0.805315459816
379	VALENCE/PLEASANTNESS	43.5307618803	0.98325958326
6114390	VALENCE/PLEASANTNESS	51.6375682919	0.998927348036
8077	VALENCE/PLEASANTNESS	26.128185469	0.772054588398
556940	VALENCE/PLEASANTNESS	29.5505095463	0.832727336074
8892	VALENCE/PLEASANTNESS	48.9646480462	0.999571218533
6826	VALENCE/PLEASANTNESS	47.969227555	0.998350385311
2346	VALENCE/PLEASANTNESS	26.570530002	0.780423974246
6943	VALENCE/PLEASANTNESS	34.8382689246	0.908048764319
61199	VALENCE/PLEASANTNESS	32.924986003	0.883377558802
8697	VALENCE/PLEASANTNESS	47.039700155	0.996494649931
637776	VALENCE/PLEASANTNESS	50.7771559104	0.999758411476
6057	VALENCE/PLEASANTNESS	49.210330877	0.99975056907
14228	VALENCE/PLEASANTNESS	46.7882206503	0.995873789364
89440	VALENCE/PLEASANTNESS	41.0814968273	0.968184120463
61337	VALENCE/PLEASANTNESS	37.2723462664	0.935202732175
8193	VALENCE/PLEASANTNESS	43.1284164855	0.981112536001
241	VALENCE/PLEASANTNESS	43.57303266	0.983477636324
176	VALENCE/PLEASANTNESS	36.2417266318	0.924283965571
61204	VALENCE/PLEASANTNESS	61.1417766965	0.950344324819
61177	VALENCE/PLEASANTNESS	41.5615541294	0.971517052516
6213	VALENCE/PLEASANTNESS	35.9835209802	0.921415326355
31249	VALENCE/PLEASANTNESS	51.7580460622	0.998763709617
8093	VALENCE/PLEASANTNESS	55.8843543293	0.986149749651
165675	VALENCE/PLEASANTNESS	49.7464169622	0.999974278257
61192	VALENCE/PLEASANTNESS	56.5821467641	0.98267013759
519539	VALENCE/PLEASANTNESS	31.1314162028	0.857590618196
565690	VALENCE/PLEASANTNESS	51.2298986801	0.999394939695
7463	VALENCE/PLEASANTNESS	47.4986507628	0.997497300798
8857	VALENCE/PLEASANTNESS	44.5654338757	0.988186196416
5363491	VALENCE/PLEASANTNESS	60.5027662651	0.955876760312
61151	VALENCE/PLEASANTNESS	44.526774201	0.988017519741
6050	VALENCE/PLEASANTNESS	41.2307682638	0.969240229903
263	VALENCE/PLEASANTNESS	48.3028116194	0.99884782064
1001	VALENCE/PLEASANTNESS	45.1877664293	0.990736963224
5541	VALENCE/PLEASANTNESS	46.0745030264	0.993836189404
6997	VALENCE/PLEASANTNESS	34.5775085034	0.904858702415
440967	VALENCE/PLEASANTNESS	40.6521114561	0.965046791908
239	VALENCE/PLEASANTNESS	31.2713857999	0.859695604058
61130	VALENCE/PLEASANTNESS	35.6228137632	0.917318606365
10882	VALENCE/PLEASANTNESS	57.3851830395	0.978183628589
78925	VALENCE/PLEASANTNESS	26.4555744449	0.778264010113
23235	BAKERY	1.79573170555	0.0705394072788
7824	BAKERY	2.30660713675	0.0901361108769
6276	BAKERY	2.48959734498	0.0971046558233
14104	BAKERY	3.13673965685	0.121533932004
8030	BAKERY	7.46634907662	0.276355415651
61185	BAKERY	1.90141702755	0.074610526417
13216	BAKERY	2.35736539878	0.0920717473018
14514	BAKERY	4.6100202243	0.175899894385
12810	BAKERY	8.36496778098	0.306609636848
7519	BAKERY	2.30280463749	0.0899910218201
170833	BAKERY	2.2324812017	0.0873056591416
8091	BAKERY	3.51072687492	0.135498993721
93375	BAKERY	3.89530627248	0.149742886517
62572	BAKERY	3.50728036637	0.135370808428
325	BAKERY	2.5824258138	0.100629463319
12580	BAKERY	1.81291037053	0.0712017572167
6501	BAKERY	1.90415430357	0.0747158506979
22386	BAKERY	0.842755157105	0.0334261117823
61918	BAKERY	7.38012792073	0.273418601579
7151	BAKERY	5.48269944341	0.207283980462
8063	BAKERY	3.32063440581	0.12841473109
159055	BAKERY	1.31140721551	0.0517683730665
62374	BAKERY	12.0517784773	0.423972993306
8078	BAKERY	0.716847826087	0.0284683647212
62444	BAKERY	1.17437583488	0.0464233699547
8918	BAKERY	2.2871346604	0.0893929924341
7991	BAKERY	4.78015298781	0.182066174477
61138	BAKERY	1.46955901659	0.0579185191823
379	BAKERY	3.16789455468	0.122701559823
6114390	BAKERY	3.69725637166	0.142422372995
8077	BAKERY	2.24564318652	0.0878085621322
556940	BAKERY	3.15713930058	0.122298560598
8892	BAKERY	3.36060409345	0.129906699789
6826	BAKERY	1.88114950883	0.0738304909634
2346	BAKERY	5.88731292517	0.221628335615
6943	BAKERY	1.22440190831	0.0483764123191
61199	BAKERY	15.7668077869	0.531235420361
8697	BAKERY	4.04798773001	0.155365027335
637776	BAKERY	4.26289505238	0.163246892404
6057	BAKERY	4.85248720219	0.184680835269
14228	BAKERY	3.43911603999	0.132833633945
89440	BAKERY	5.38386776874	0.203760297889
61337	BAKERY	5.78905760262	0.218157028934
8193	BAKERY	1.51708831201	0.0597629097019
241	BAKERY	5.25029282195	0.198985482992
176	BAKERY	4.10522004868	0.157467669288
61204	BAKERY	3.82702158137	0.147222425581
61177	BAKERY	1.23048986487	0.0486139524718
6213	BAKERY	3.22210337072	0.124731354776
31249	BAKERY	3.084307561	0.119567121188
8093	BAKERY	2.91824008596	0.113323153359
165675	BAKERY	1.51490207267	0.0596781115908
61192	BAKERY	1.97883154534	0.0775869520996
519539	BAKERY	3.49813458507	0.135030605173
565690	BAKERY	2.5840181289	0.10068986528
7463	BAKERY	1.81179638547	0.0711588129618
8857	BAKERY	1.1873965721	0.0469318986364
5363491	BAKERY	2.71670090094	0.105715850524
61151	BAKERY	2.1447204789	0.0839488887831
6050	BAKERY	2.30683638565	0.090144857782
263	BAKERY	2.97881524341	0.115603273635
1001	BAKERY	1.7039788188	0.066997735226
5541	BAKERY	4.00329797934	0.153721361289
6997	BAKERY	1.65094967263	0.0649477329764
440967	BAKERY	0.980311260621	0.0388280463578
239	BAKERY	1.47166793952	0.0580003949713
61130	BAKERY	3.06430317291	0.118816145342
10882	BAKERY	6.82115027829	0.254234774684
78925	BAKERY	4.48423045945	0.171325889253
23235	SWEET	10.8995216779	0.388461037994
7824	SWEET	38.3104049542	0.945341347066
6276	SWEET	10.8187531946	0.385931959511
14104	SWEET	15.3024491907	0.518431987134
8030	SWEET	5.95287814428	0.223940422491
61185	SWEET	16.4597178258	0.550019788671
13216	SWEET	4.14321274849	0.158862025188
14514	SWEET	9.84877178913	0.355151549263
12810	SWEET	21.3112032494	0.670781176401
7519	SWEET	4.12271687276	0.158109957145
170833	SWEET	16.8339856803	0.560006197658
8091	SWEET	31.5821109765	0.864312545568
93375	SWEET	14.1180685742	0.48499479886
62572	SWEET	34.4800440509	0.903652386935
325	SWEET	5.54889511578	0.209639709829
12580	SWEET	13.846359769	0.477165719219
6501	SWEET	19.5087184506	0.628112699791
22386	SWEET	5.59108620399	0.211139350183
61918	SWEET	7.90865656392	0.291327523098
7151	SWEET	15.1381544742	0.513860690615
8063	SWEET	5.25711908999	0.199229843149
159055	SWEET	8.71986718638	0.318380253956
62374	SWEET	22.7363718214	0.702677831417
8078	SWEET	1.48413776545	0.0584844446552
62444	SWEET	10.1346809603	0.364302535146
8918	SWEET	16.3406896301	0.54682033017
7991	SWEET	15.0094783981	0.510265359211
61138	SWEET	7.78373688125	0.287114851315
379	SWEET	23.1293380967	0.711187011552
6114390	SWEET	14.3150425064	0.490633523471
8077	SWEET	3.31104849172	0.128056722823
556940	SWEET	19.7439404521	0.633828344253
8892	SWEET	16.5672108122	0.552899442851
6826	SWEET	19.5926064405	0.630156166768
2346	SWEET	21.2553613946	0.669498300577
6943	SWEET	4.19564204513	0.160784316937
61199	SWEET	21.1235174258	0.666459501657
8697	SWEET	12.0830417529	0.424921710916
637776	SWEET	18.2879415618	0.597738139844
6057	SWEET	16.1260084002	0.541021077239
14228	SWEET	14.3337817382	0.491168349961
89440	SWEET	11.287165301	0.400526571827
61337	SWEET	16.7965691562	0.559012872081
8193	SWEET	8.83778062415	0.322268678422
241	SWEET	4.04492544734	0.155252449144
176	SWEET	6.68539104563	0.249537860452
61204	SWEET	21.9685228545	0.685694515617
61177	SWEET	14.2868822717	0.489829288849
6213	SWEET	8.49980829707	0.311093635448
31249	SWEET	37.3369351899	0.935858715847
8093	SWEET	22.2217888701	0.691348394569
165675	SWEET	10.9191554301	0.389075035081
61192	SWEET	16.7763229881	0.558474914324
519539	SWEET	7.6352136551	0.28208995118
565690	SWEET	16.4686951032	0.550260636768
7463	SWEET	5.56983339742	0.210384118267
8857	SWEET	23.2167699507	0.713063435251
5363491	SWEET	23.6207573361	0.721654222593
61151	SWEET	17.4496242652	0.576189215811
6050	SWEET	5.7305279515	0.216085537819
263	SWEET	8.04828619909	0.296021483667
1001	SWEET	11.9420593165	0.420637260372
5541	SWEET	16.6761666706	0.555808852895
6997	SWEET	3.8968755703	0.149800767128
440967	SWEET	8.66902444361	0.316700183823
239	SWEET	5.60558560797	0.211654388315
61130	SWEET	5.17093347484	0.196141917793
10882	SWEET	51.3946204579	0.999222013511
78925	SWEET	8.5110256846	0.311466004102
23235	FRUIT	4.14711633836	0.159005223965
7824	FRUIT	24.8292656916	0.74657365375
6276	FRUIT	4.30754907453	0.16487997137
14104	FRUIT	0.482069701146	0.0191898315671
8030	FRUIT	3.42677092576	0.132373733439
61185	FRUIT	9.86365151591	0.355629412145
13216	FRUIT	1.31637058388	0.0519616907496
14514	FRUIT	4.10030018724	0.15728702284
12810	FRUIT	11.9335846919	0.420379210236
7519	FRUIT	2.06697787054	0.0809701558146
170833	FRUIT	2.63758840537	0.102720787176
8091	FRUIT	20.9927871201	0.663432640377
93375	FRUIT	2.09895557288	0.0821959771164
62572	FRUIT	26.5862313392	0.780718174839
325	FRUIT	2.15227614015	0.0842381285725
12580	FRUIT	1.74037578859	0.0684034683895
6501	FRUIT	4.96911293063	0.188887683898
22386	FRUIT	3.44430964842	0.133027078355
61918	FRUIT	2.33553187407	0.091239391309
7151	FRUIT	3.38219311997	0.130712032679
8063	FRUIT	7.35105176741	0.272426885862
159055	FRUIT	2.50135927485	0.0975516517053
62374	FRUIT	2.96860643655	0.115219207792
8078	FRUIT	0.386522692601	0.0154011477873
62444	FRUIT	1.84229607046	0.072334220894
8918	FRUIT	4.46619332759	0.170668979968
7991	FRUIT	10.0471190947	0.361506922946
61138	FRUIT	3.86351162439	0.148569776147
379	FRUIT	17.22165549	0.570232052473
6114390	FRUIT	2.65797431387	0.103493041574
8077	FRUIT	0.941370965408	0.0373003668985
556940	FRUIT	6.78504129793	0.252986937751
8892	FRUIT	12.8171198374	0.446973369125
6826	FRUIT	3.20513112774	0.124096098891
2346	FRUIT	5.1520543257	0.195464707518
6943	FRUIT	1.78680467274	0.0701951185342
61199	FRUIT	2.92219609353	0.113472151738
8697	FRUIT	17.1181487843	0.567513544251
637776	FRUIT	1.0313058011	0.040826795382
6057	FRUIT	4.67948715068	0.17842044603
14228	FRUIT	9.54900699092	0.345486865832
89440	FRUIT	4.39029220495	0.16790182194
61337	FRUIT	7.07269466644	0.26289858272
8193	FRUIT	6.66142224537	0.248707071282
241	FRUIT	4.42356215213	0.16911532524
176	FRUIT	1.03698022634	0.0410490778575
61204	FRUIT	13.4361761229	0.465234713395
61177	FRUIT	9.60625375341	0.347338105666
6213	FRUIT	1.46713456869	0.0578243892107
31249	FRUIT	12.0071732536	0.422618046329
8093	FRUIT	17.752140975	0.584030235321
165675	FRUIT	2.49427739181	0.0972825277895
61192	FRUIT	4.69529327653	0.17899341948
519539	FRUIT	1.33381195448	0.0526408564471
565690	FRUIT	7.29824121935	0.270623918816
7463	FRUIT	2.8596162891	0.111113689436
8857	FRUIT	18.3926710146	0.600390701763
5363491	FRUIT	16.7936541064	0.558935436957
61151	FRUIT	2.75518865589	0.107171120424
6050	FRUIT	2.36846834931	0.0924948770438
263	FRUIT	1.66256802721	0.0653970681104
1001	FRUIT	3.90091162798	0.149949620508
5541	FRUIT	3.73680317474	0.143886647803
6997	FRUIT	1.44831569664	0.0570935805228
440967	FRUIT	3.72810237965	0.143564596245
239	FRUIT	1.02084629499	0.0404170009364
61130	FRUIT	4.96362665217	0.18869003027
10882	FRUIT	34.5682736601	0.904744728868
78925	FRUIT	1.15433605593	0.0456404455452
23235	FISH	0.915914855072	0.0363010341942
7824	FISH	0.877587658872	0.0347954423153
6276	FISH	0.602283160979	0.0239462284368
14104	FISH	0.378683926238	0.0150899964431
8030	FISH	4.45047720042	0.170096389092
61185	FISH	0.545814315682	0.0217134073204
13216	FISH	0.737200424973	0.0292706312123
14514	FISH	0.613106637845	0.0243739056141
12810	FISH	0.307717183957	0.0122708114122
7519	FISH	2.10773831692	0.0825325083519
170833	FISH	0.35284795478	0.0140641175195
8091	FISH	0.215963418588	0.00861988066424
93375	FISH	0.443336455748	0.0176548393447
62572	FISH	0.843826219512	0.033468231705
325	FISH	0.769587657283	0.0305466002264
12580	FISH	0.639031152997	0.0253979017941
6501	FISH	0.770582793709	0.0305857926116
22386	FISH	0.44886775823	0.0178741174235
61918	FISH	0.629343709647	0.0250153189839
7151	FISH	0.662331741207	0.0263177963141
8063	FISH	4.03976989702	0.155062899552
159055	FISH	0.168947616996	0.00674648736094
62374	FISH	0.487850634726	0.0194188260923
8078	FISH	4.65578337725	0.177560807548
62444	FISH	6.52425170067	0.243943723925
8918	FISH	0.37394047619	0.0149016864557
7991	FISH	1.0846828019	0.0429166973636
61138	FISH	1.54399041945	0.060806054212
379	FISH	0.50925082956	0.0202662986194
6114390	FISH	0.887033656635	0.0351666147822
8077	FISH	8.8878942486	0.323917904274
556940	FISH	4.44135180256	0.169763829769
8892	FISH	0.417876768116	0.0166452223273
6826	FISH	0.33311923219	0.0132803819184
2346	FISH	9.37860789031	0.339961001228
6943	FISH	0.699842961082	0.0277978063752
61199	FISH	0.483467828259	0.019245216674
8697	FISH	1.57601499485	0.0620470704884
637776	FISH	0.544431392712	0.0216586934919
6057	FISH	0.715479447098	0.0284144135482
14228	FISH	0.489233837971	0.0194736136195
89440	FISH	0.669699501848	0.0266085811048
61337	FISH	0.593823793029	0.0236119010423
8193	FISH	0.168128479877	0.00671383232077
241	FISH	2.16107174247	0.0845747772685
176	FISH	1.95047399829	0.0764972204046
61204	FISH	0.25670401572	0.0102418018481
61177	FISH	0.807186368019	0.0320268347877
6213	FISH	2.71367552055	0.10560140689
31249	FISH	0.868779918973	0.0344492853399
8093	FISH	0.267159820019	0.010657843053
165675	FISH	0.23650343211	0.00943776373503
61192	FISH	4.65536659108	0.177545688404
519539	FISH	2.82573445343	0.109835468057
565690	FISH	0.643965318759	0.0255927362176
7463	FISH	0.380275553201	0.0151531783295
8857	FISH	0.806065831362	0.0319827364047
5363491	FISH	0.452022872033	0.0179991850106
61151	FISH	0.790283328634	0.0313615140495
6050	FISH	0.435956093956	0.0173622206719
263	FISH	1.62593270093	0.0639798451782
1001	FISH	0.648905211084	0.0257877772542
5541	FISH	1.32458900542	0.0522817458034
6997	FISH	1.74031269326	0.0684010324222
440967	FISH	0.326497887034	0.0130172751332
239	FISH	1.02375076657	0.0405308044098
61130	FISH	1.2868131532	0.0508101708917
10882	FISH	0.303210084715	0.0120916288464
78925	FISH	7.53195509699	0.278586064846
23235	GARLIC	2.25301252828	0.0880900749501
7824	GARLIC	0.715237759135	0.0284048843446
6276	GARLIC	2.23250713487	0.0873066501517
14104	GARLIC	2.73083954766	0.106250588052
8030	GARLIC	10.5210837703	0.37656606933
61185	GARLIC	3.29585459986	0.127489120977
13216	GARLIC	2.23599135875	0.0874397914076
14514	GARLIC	2.76720413595	0.107625197946
12810	GARLIC	0.927196419305	0.0367439794922
7519	GARLIC	2.85901849526	0.111091145108
170833	GARLIC	1.05768345124	0.0418598603362
8091	GARLIC	2.31832016847	0.0905829633774
93375	GARLIC	0.420054401675	0.0167315977868
62572	GARLIC	1.92085207448	0.0753582139024
325	GARLIC	1.46545998319	0.0577593701425
12580	GARLIC	1.26892238714	0.0501128298757
6501	GARLIC	2.15103500713	0.0841906196443
22386	GARLIC	1.07173742892	0.0424100487102
61918	GARLIC	1.07314518179	0.0424651510391
7151	GARLIC	2.28592643381	0.0893468734882
8063	GARLIC	3.35337889674	0.129637095859
159055	GARLIC	1.00330261506	0.0397294581473
62374	GARLIC	2.91987795652	0.113384843349
8078	GARLIC	3.27145084141	0.126577077413
62444	GARLIC	12.1907794074	0.428185135271
8918	GARLIC	2.33021304101	0.091036564514
7991	GARLIC	2.68163374587	0.104388886016
61138	GARLIC	4.17991526786	0.160207934056
379	GARLIC	1.59219968676	0.0626739475332
6114390	GARLIC	2.92952822763	0.113748274851
8077	GARLIC	10.7284302968	0.383097525217
556940	GARLIC	5.39312585034	0.204090711439
8892	GARLIC	2.84341356385	0.110502542276
6826	GARLIC	1.2694741814	0.050134341377
2346	GARLIC	6.4997057044	0.243089758479
6943	GARLIC	0.909504920955	0.0360493171577
61199	GARLIC	2.14880203253	0.0841051412312
8697	GARLIC	1.46748806835	0.0578381142417
637776	GARLIC	2.93232248273	0.113853493252
6057	GARLIC	0.748429744494	0.0297131309468
14228	GARLIC	3.16248656737	0.122498934179
89440	GARLIC	5.0682722145	0.192455935284
61337	GARLIC	4.23648867925	0.162280412638
8193	GARLIC	1.70108534394	0.0668859372188
241	GARLIC	7.39771825397	0.274018236013
176	GARLIC	3.91998824755	0.150653006758
61204	GARLIC	0.875283934896	0.0347049086092
61177	GARLIC	1.3869572623	0.0547088303129
6213	GARLIC	3.08016502835	0.119411634493
31249	GARLIC	2.2735578705	0.0888746886639
8093	GARLIC	1.62588509317	0.0639780027922
165675	GARLIC	0.829697058671	0.0329125234632
61192	GARLIC	5.6376870684	0.212794076544
519539	GARLIC	4.44404066702	0.169861827701
565690	GARLIC	1.1929235882	0.047147716853
7463	GARLIC	1.06606886141	0.0421881533297
8857	GARLIC	3.56884793988	0.137659247348
5363491	GARLIC	1.75564347521	0.0689928254035
61151	GARLIC	1.26850305562	0.050096482224
6050	GARLIC	4.49500066076	0.171718014054
263	GARLIC	5.08096383544	0.192912076019
1001	GARLIC	0.791678004536	0.0314164185563
5541	GARLIC	3.77886249096	0.145442578948
6997	GARLIC	1.07181473634	0.0424130747222
440967	GARLIC	1.08844156787	0.0430637806961
239	GARLIC	5.3180114054	0.201407958093
61130	GARLIC	2.78740152068	0.108388217932
10882	GARLIC	1.65991826597	0.0652945991789
78925	GARLIC	13.683144992	0.472434416932
23235	SPICES	6.29638523884	0.235997622723
7824	SPICES	2.69033855475	0.104718373574
6276	SPICES	8.07971000405	0.297075714662
14104	SPICES	18.5015658145	0.603139457544
8030	SPICES	15.2566992014	0.517161219847
61185	SPICES	4.89407565827	0.186182235711
13216	SPICES	4.5639047152	0.174224498108
14514	SPICES	9.50467900292	0.344051590937
12810	SPICES	4.66806697292	0.178006339211
7519	SPICES	6.2033364877	0.232740906076
170833	SPICES	8.36547463498	0.306626519052
8091	SPICES	3.42218868354	0.132202997187
93375	SPICES	7.39097266122	0.273788315697
62572	SPICES	3.84721165486	0.147968051188
325	SPICES	20.8569056665	0.660272021068
12580	SPICES	9.9759853099	0.359231299235
6501	SPICES	5.51388426265	0.208394202641
22386	SPICES	2.84206386455	0.110451623778
61918	SPICES	6.54460662526	0.244651514659
7151	SPICES	7.23404736379	0.268429318047
8063	SPICES	4.34905991418	0.166396667712
159055	SPICES	6.34322201752	0.237634294475
62374	SPICES	9.48710241936	0.343482051848
8078	SPICES	3.93853315353	0.151336508781
62444	SPICES	7.57640271352	0.28009535731
8918	SPICES	4.59611480251	0.175394883589
7991	SPICES	6.48887932932	0.242712951193
61138	SPICES	6.49705981676	0.242997678165
379	SPICES	4.32767243169	0.165615397797
6114390	SPICES	6.48392978581	0.242540653245
8077	SPICES	8.91148585178	0.324693602037
556940	SPICES	5.6807768638	0.214322584241
8892	SPICES	3.43808703978	0.132795304594
6826	SPICES	5.96084752368	0.224221219667
2346	SPICES	9.98107142857	0.359394142398
6943	SPICES	15.6707240556	0.528600325253
61199	SPICES	6.63211860467	0.247690745312
8697	SPICES	4.79648558385	0.182656913771
637776	SPICES	12.200529366	0.428480007916
6057	SPICES	5.44238870987	0.205847710447
14228	SPICES	4.5812857958	0.174856160015
89440	SPICES	9.29136080256	0.337122677877
61337	SPICES	6.41036195077	0.239977381895
8193	SPICES	2.02544799293	0.0793769438883
241	SPICES	9.69848484849	0.350315150597
176	SPICES	5.57339486859	0.210510702599
61204	SPICES	4.55177935916	0.173783696233
61177	SPICES	2.85873831307	0.111080578626
6213	SPICES	5.12940545293	0.194651897997
31249	SPICES	3.80280805781	0.146327782663
8093	SPICES	3.37074825999	0.130285152867
165675	SPICES	10.5390521129	0.377133436741
61192	SPICES	7.65260554282	0.282679273075
519539	SPICES	7.13636105958	0.265083382714
565690	SPICES	7.51829166667	0.278121782833
7463	SPICES	19.6305803119	0.631079339124
8857	SPICES	11.9913425121	0.422136782388
5363491	SPICES	6.91458333333	0.257458748264
61151	SPICES	6.77273496469	0.252561423027
6050	SPICES	4.81863669735	0.183457764046
263	SPICES	7.50043846385	0.277514907694
1001	SPICES	5.92548965139	0.222975015012
5541	SPICES	6.7623635026	0.252202716047
6997	SPICES	5.65866668495	0.213538463938
440967	SPICES	7.5929405232	0.280656522612
239	SPICES	6.1884454256	0.23221907431
61130	SPICES	7.07096132121	0.262839055246
10882	SPICES	5.31249476372	0.201210750303
78925	SPICES	12.1218197279	0.426097383709
23235	COLD	4.00994722459	0.153966018286
7824	COLD	5.79969806443	0.218533323522
6276	COLD	4.66466936977	0.177883118659
14104	COLD	4.69280485598	0.178903227273
8030	COLD	3.57826344204	0.138008949977
61185	COLD	3.86817301734	0.148741815697
13216	COLD	7.77292196029	0.286749552091
14514	COLD	5.24962512665	0.198961579478
12810	COLD	4.06158292393	0.155864734618
7519	COLD	6.08165399312	0.228471553608
170833	COLD	10.4201278569	0.373373488455
8091	COLD	5.27456629044	0.199854231797
93375	COLD	4.95960474308	0.18854511804
62572	COLD	5.08467833177	0.193045551776
325	COLD	3.41306019822	0.131862815962
12580	COLD	5.88807637737	0.221655277724
6501	COLD	2.8078107914	0.10915891108
22386	COLD	5.10919231227	0.193926154057
61918	COLD	3.64203373934	0.14037558567
7151	COLD	3.30624897601	0.127877446124
8063	COLD	3.02402302384	0.117303034854
159055	COLD	11.349108292	0.402443428069
62374	COLD	4.26395452572	0.16328565775
8078	COLD	7.02827284482	0.26137226612
62444	COLD	2.73386025119	0.106364813298
8918	COLD	4.42222718541	0.169066650105
7991	COLD	3.59255482072	0.138539612773
61138	COLD	2.50038327526	0.0975145644012
379	COLD	4.27374139768	0.163643709693
6114390	COLD	3.87385742755	0.148951588555
8077	COLD	1.7867991215	0.0701949044197
556940	COLD	3.55271931853	0.137060046919
8892	COLD	2.72794420698	0.106141096441
6826	COLD	3.4823087387	0.134441759887
2346	COLD	2.42727647085	0.0947343904075
6943	COLD	4.31548901315	0.165170182357
61199	COLD	4.05587621074	0.155654995695
8697	COLD	5.24366119195	0.1987480546
637776	COLD	4.26883328973	0.163464156527
6057	COLD	4.61042984673	0.175914768521
14228	COLD	4.12013909737	0.158015345422
89440	COLD	7.1815223732	0.266631189489
61337	COLD	2.83203571617	0.110073258128
8193	COLD	6.85748964091	0.255489519966
241	COLD	6.29316558442	0.235885050147
176	COLD	3.04397169124	0.118052562187
61204	COLD	5.05259176163	0.191892197061
61177	COLD	4.37089872794	0.167194046842
6213	COLD	5.06644628693	0.192390300286
31249	COLD	4.83587635019	0.184080773978
8093	COLD	5.33539558041	0.202029244817
165675	COLD	9.88828246002	0.356420046397
61192	COLD	3.1444459354	0.12182282132
519539	COLD	2.11766755584	0.0829128958827
565690	COLD	7.76262926116	0.286401805228
7463	COLD	5.04564091697	0.191642239774
8857	COLD	5.12962893716	0.194659920273
5363491	COLD	5.01713224895	0.190616643557
61151	COLD	4.22672166739	0.161922796274
6050	COLD	5.00338484645	0.190121849889
263	COLD	4.81509152095	0.183329618296
1001	COLD	3.79641886567	0.146091636145
5541	COLD	4.90924863575	0.186729656563
6997	COLD	6.46133484301	0.241753854539
440967	COLD	7.86072801182	0.289712702523
239	COLD	2.18475572344	0.0854809659093
61130	COLD	9.94107967328	0.358113160903
10882	COLD	4.39441564827	0.168052270375
78925	COLD	3.56559543585	0.137538429109
23235	SOUR	8.38503299558	0.307277808488
7824	SOUR	7.14154634886	0.265261180253
6276	SOUR	7.69693060326	0.284180127846
14104	SOUR	5.53030669468	0.208978550932
8030	SOUR	8.99110205947	0.327308115881
61185	SOUR	7.01572902395	0.260940979463
13216	SOUR	7.67440393965	0.283417567255
14514	SOUR	6.63948462781	0.247946282663
12810	SOUR	5.87685699426	0.221259300518
7519	SOUR	6.98198040689	0.259779996115
170833	SOUR	4.02229719786	0.154420338015
8091	SOUR	6.87874631069	0.256222992105
93375	SOUR	9.0309118641	0.328613526925
62572	SOUR	8.79183221161	0.320754763009
325	SOUR	4.53543536757	0.173189345113
12580	SOUR	5.03769818903	0.191356566344
6501	SOUR	5.72361954097	0.215840853379
22386	SOUR	6.56698574408	0.245429309058
61918	SOUR	11.1276143436	0.395575053353
7151	SOUR	7.72295526472	0.28506059538
8063	SOUR	16.8480257417	0.56037864111
159055	SOUR	5.10379817892	0.193732424816
62374	SOUR	8.76132621654	0.319748713832
8078	SOUR	10.2069324922	0.366604711329
62444	SOUR	21.5548521333	0.676349425136
8918	SOUR	6.95319692165	0.258789097893
7991	SOUR	13.7532903752	0.474470416549
61138	SOUR	16.6131663368	0.554127735177
379	SOUR	8.18394619868	0.300567057794
6114390	SOUR	5.68286674406	0.21439667999
8077	SOUR	13.8978801416	0.478654776691
556940	SOUR	9.41828580427	0.341249789175
8892	SOUR	13.3881543435	0.463829103049
6826	SOUR	5.74660933754	0.21665496595
2346	SOUR	9.05738637481	0.329480955816
6943	SOUR	6.34632049551	0.237742506288
61199	SOUR	5.570028671	0.210391059082
8697	SOUR	7.27134398561	0.269704782081
637776	SOUR	7.77699462886	0.286887126972
6057	SOUR	7.6275272746	0.281829422054
14228	SOUR	6.84733062273	0.255138850246
89440	SOUR	6.90195806352	0.257023512497
61337	SOUR	12.5678793256	0.439534536728
8193	SOUR	4.35959581584	0.166781402363
241	SOUR	10.0078618992	0.360251556049
176	SOUR	18.27838385	0.597495627533
61204	SOUR	5.14186084158	0.195098940498
61177	SOUR	8.48779345627	0.310694683148
6213	SOUR	16.8356423297	0.560050152126
31249	SOUR	8.16842100193	0.300047599411
8093	SOUR	8.19719846117	0.301010313402
165675	SOUR	4.99001194455	0.189640390099
61192	SOUR	7.03105861604	0.261468030537
519539	SOUR	9.51945607048	0.344530225268
565690	SOUR	5.16195865087	0.19582001919
7463	SOUR	8.17705509769	0.300336511879
8857	SOUR	10.6983554036	0.382152292808
5363491	SOUR	9.25790988203	0.336032837128
61151	SOUR	5.96798863162	0.224472789942
6050	SOUR	13.7713795284	0.474994823489
263	SOUR	6.56962325549	0.245520950332
1001	SOUR	6.55627719072	0.245057179388
5541	SOUR	12.0094501633	0.422687249242
6997	SOUR	5.35200081205	0.202622467405
440967	SOUR	7.14729664206	0.265458325967
239	SOUR	10.7945656943	0.385173568361
61130	SOUR	8.3273592479	0.305356405098
10882	SOUR	6.12678067337	0.230056250367
78925	SOUR	18.8004058681	0.610634130402
23235	BURNT	3.73592129181	0.143854008513
7824	BURNT	3.00650976999	0.116644750401
6276	BURNT	3.75960858875	0.144730480854
14104	BURNT	6.2861332565	0.235639141733
8030	BURNT	8.51582631137	0.311625333349
61185	BURNT	7.54736709566	0.279109583796
13216	BURNT	5.51312032955	0.208367014875
14514	BURNT	5.25185916084	0.199041556575
12810	BURNT	3.21329441835	0.124401672326
7519	BURNT	2.13182977736	0.0834553118146
170833	BURNT	3.25021007363	0.125782856736
8091	BURNT	2.79598270317	0.108712300416
93375	BURNT	2.96189960497	0.114966844491
62572	BURNT	2.90095971992	0.112672161878
325	BURNT	3.35247152003	0.129603234684
12580	BURNT	5.58923797966	0.211073686709
6501	BURNT	3.76323884975	0.144864767334
22386	BURNT	4.24176448172	0.162473552901
61918	BURNT	10.7878794046	0.384963839364
7151	BURNT	7.89983250877	0.291030358884
8063	BURNT	5.13061204981	0.19469520999
159055	BURNT	4.41742876041	0.168891679675
62374	BURNT	5.4797165054	0.207177743024
8078	BURNT	4.04197286695	0.155143896815
62444	BURNT	7.23400329835	0.268427810446
8918	BURNT	2.84496634557	0.11056112042
7991	BURNT	3.61183632019	0.139255308166
61138	BURNT	4.76293464343	0.18144316717
379	BURNT	3.81706680343	0.146854672545
6114390	BURNT	5.02621283343	0.190943387158
8077	BURNT	6.56786799826	0.245459963914
556940	BURNT	13.9329229518	0.47966638128
8892	BURNT	6.56135541114	0.245233662513
6826	BURNT	4.53999801534	0.173355287822
2346	BURNT	22.2259718413	0.691441343936
6943	BURNT	8.52670421278	0.311986294618
61199	BURNT	5.75658982658	0.21700826249
8697	BURNT	2.15846796126	0.0844751248745
637776	BURNT	3.4882366053	0.134662346366
6057	BURNT	6.94601774432	0.258541844771
14228	BURNT	8.10835181648	0.298035924987
89440	BURNT	4.0099492455	0.153966092639
61337	BURNT	3.5102057244	0.135479611285
8193	BURNT	9.41058926338	0.340999894421
241	BURNT	6.40363994127	0.239742955852
176	BURNT	4.86763763859	0.185227947071
61204	BURNT	3.83040470168	0.147347387996
61177	BURNT	3.98952907417	0.153214626073
6213	BURNT	4.1788819629	0.160170056732
31249	BURNT	1.37003668741	0.0540506672865
8093	BURNT	2.61478613874	0.101856602929
165675	BURNT	6.74884722553	0.251735113472
61192	BURNT	12.849453627	0.447934761674
519539	BURNT	12.5656177819	0.439466811179
565690	BURNT	5.24401997443	0.19876090078
7463	BURNT	6.05478880204	0.227527365107
8857	BURNT	3.13860969954	0.121604039643
5363491	BURNT	2.03989938806	0.0799314997172
61151	BURNT	5.07551461771	0.192716245255
6050	BURNT	5.3236161408	0.201608290106
263	BURNT	2.91710378938	0.113280353768
1001	BURNT	3.36854393608	0.130202922143
5541	BURNT	3.57402012475	0.137851357049
6997	BURNT	8.04575013832	0.295936367417
440967	BURNT	3.59395613295	0.138591637044
239	BURNT	3.50395840792	0.135247246507
61130	BURNT	4.36098428566	0.166832097851
10882	BURNT	2.4274952298	0.0947427159557
78925	BURNT	7.12414961823	0.264664581616
23235	ACID	5.27622819855	0.199913694341
7824	ACID	5.1521055795	0.195466546419
6276	ACID	9.60905694193	0.347428687552
14104	ACID	7.52843306677	0.278466400894
8030	ACID	5.00136443593	0.190049118949
61185	ACID	3.67601454674	0.14163534869
13216	ACID	7.16932745329	0.266213395679
14514	ACID	7.74180326386	0.285697923444
12810	ACID	4.55187823307	0.173787291143
7519	ACID	9.42634612539	0.341511444505
170833	ACID	8.66273137931	0.316492089192
8091	ACID	4.25772128281	0.163057575104
93375	ACID	8.10280111823	0.297849890344
62572	ACID	3.97323317797	0.152614694364
325	ACID	7.55925693904	0.279513331373
12580	ACID	4.07398009001	0.156320278091
6501	ACID	5.99307771393	0.225356316363
22386	ACID	10.3278374825	0.370447808474
61918	ACID	5.7278023129	0.215989004782
7151	ACID	5.46395700054	0.20661634958
8063	ACID	7.47188408856	0.276543742809
159055	ACID	6.67852112258	0.249299787149
62374	ACID	5.38363851574	0.203752115162
8078	ACID	4.90961478669	0.186742864526
62444	ACID	7.6700229159	0.283269216024
8918	ACID	3.64947363686	0.140651482344
7991	ACID	7.24795679415	0.26890512069
61138	ACID	6.28098242897	0.23545900105
379	ACID	6.25403288873	0.2345161446
6114390	ACID	5.92503843636	0.222959105266
8077	ACID	9.03775896723	0.328837923829
556940	ACID	6.65384132278	0.248444211172
8892	ACID	9.01915265973	0.328228060509
6826	ACID	7.31063760552	0.271047335341
2346	ACID	5.56705999956	0.210285537167
6943	ACID	7.27238663967	0.269740422612
61199	ACID	7.25255854731	0.2690624997
8697	ACID	7.99130658114	0.294107870896
637776	ACID	5.66549354553	0.213780614976
6057	ACID	3.8922397254	0.149629776984
14228	ACID	4.3376345176	0.165979351421
89440	ACID	5.48866920437	0.207496572321
61337	ACID	6.07332922049	0.228179037692
8193	ACID	12.7051494738	0.443637649692
241	ACID	8.61436688311	0.314891748606
176	ACID	6.15856274542	0.231171351781
61204	ACID	4.6397721158	0.176979890517
61177	ACID	5.20492231166	0.197360405958
6213	ACID	10.1454694959	0.364646559319
31249	ACID	6.95531566285	0.258862060126
8093	ACID	8.13983429861	0.299090610981
165675	ACID	5.99706975773	0.225496852037
61192	ACID	4.21204495346	0.161385269062
519539	ACID	5.11166514478	0.19401495757
565690	ACID	7.24913468471	0.268945405918
7463	ACID	7.23986730911	0.268628420903
8857	ACID	6.56462216914	0.245347181076
5363491	ACID	5.12648362714	0.194547011334
61151	ACID	8.29160237305	0.304163826957
6050	ACID	6.70770264998	0.250310796063
263	ACID	8.81861704456	0.321637479151
1001	ACID	5.29492581547	0.200582536862
5541	ACID	5.01204280674	0.190433483031
6997	ACID	5.98229223697	0.224976561315
440967	ACID	7.41827086369	0.274718537505
239	ACID	5.84032018141	0.219969071328
61130	ACID	5.24363444012	0.198747096748
10882	ACID	4.93271298609	0.187575856482
78925	ACID	5.45618790634	0.206339521666
23235	WARM	5.64600511964	0.213089255261
7824	WARM	5.16729090563	0.196011278104
6276	WARM	2.48077420423	0.0967692719081
14104	WARM	6.93218679138	0.258065386171
8030	WARM	2.68429408501	0.104489589507
61185	WARM	5.27217492571	0.19976866565
13216	WARM	5.50049929437	0.20791777478
14514	WARM	5.07004380635	0.192519614575
12810	WARM	6.05497077854	0.22753376269
7519	WARM	7.31258141471	0.27111371781
170833	WARM	6.5128515109	0.243547166515
8091	WARM	5.20459364459	0.197348627782
93375	WARM	7.76954227421	0.286635376108
62572	WARM	8.29837387853	0.30438975153
325	WARM	6.10660844058	0.229348070964
12580	WARM	5.54889226815	0.209639608565
6501	WARM	7.69144506287	0.283994471653
22386	WARM	4.4271795393	0.169247214103
61918	WARM	8.49329648527	0.310877425336
7151	WARM	7.43148865758	0.275168736836
8063	WARM	5.93285541105	0.223234707111
159055	WARM	8.61665120596	0.314967377036
62374	WARM	8.16679462455	0.299993171206
8078	WARM	6.44835526316	0.241301696286
62444	WARM	7.47618412772	0.276690033464
8918	WARM	3.41060648703	0.131771364837
7991	WARM	5.55632818523	0.209904014248
61138	WARM	5.19982849225	0.197177853151
379	WARM	7.10213688667	0.263909336124
6114390	WARM	9.3746550018	0.339832537511
8077	WARM	6.31329109216	0.236588585921
556940	WARM	4.88593994921	0.185888634294
8892	WARM	6.40236400779	0.239698454356
6826	WARM	6.32418035207	0.236969111233
2346	WARM	6.35205520595	0.237942766102
6943	WARM	6.42033395176	0.24032508285
61199	WARM	7.73848371802	0.285585696619
8697	WARM	7.53125051764	0.278562126962
637776	WARM	6.78714574357	0.253059690805
6057	WARM	7.1140288569	0.264317391645
14228	WARM	6.58393460854	0.24601810637
89440	WARM	8.14335419656	0.299208480834
61337	WARM	8.03281788767	0.29550225022
8193	WARM	2.82797810544	0.109920140152
241	WARM	6.56037419326	0.245199563908
176	WARM	5.34853491386	0.202498666265
61204	WARM	6.3584368085	0.238165584881
61177	WARM	6.61695810896	0.247164670512
6213	WARM	4.31884690061	0.165292900604
31249	WARM	4.73071794028	0.180276840719
8093	WARM	6.1083849103	0.229410449927
165675	WARM	7.15694694281	0.265789121896
61192	WARM	4.88853900283	0.18598243468
519539	WARM	7.57745774833	0.280131163562
565690	WARM	8.26989749901	0.303439418103
7463	WARM	6.6886297896	0.249650084199
8857	WARM	4.16006053203	0.159479979829
5363491	WARM	3.44707911143	0.133130222697
61151	WARM	5.77209859121	0.21755709479
6050	WARM	5.00934715725	0.190336462713
263	WARM	3.26671828385	0.126400152016
1001	WARM	5.15340451711	0.195513149438
5541	WARM	4.04247656541	0.155162415904
6997	WARM	5.33228357679	0.201918043814
440967	WARM	6.46198361943	0.241776451858
239	WARM	5.04093228896	0.191472892222
61130	WARM	10.2291760342	0.367312624431
10882	WARM	5.26535263908	0.199524530198
78925	WARM	5.62255350259	0.212256896948
23235	MUSKY	9.10637316335	0.331084513658
7824	MUSKY	7.62725465094	0.281820180634
6276	MUSKY	6.16266570057	0.231315248608
14104	MUSKY	5.51014533809	0.208261132865
8030	MUSKY	10.7183847592	0.38278188163
61185	MUSKY	10.0391424498	0.36125194554
13216	MUSKY	5.43945196342	0.205743023472
14514	MUSKY	10.1382152901	0.364415247897
12810	MUSKY	4.43545382497	0.169548852745
7519	MUSKY	6.5527140126	0.244933336132
170833	MUSKY	6.01787772841	0.226229168195
8091	MUSKY	6.4868843482	0.242643506509
93375	MUSKY	5.26622908456	0.199555895874
62572	MUSKY	4.15303902049	0.159222467577
325	MUSKY	8.47138687772	0.310149716856
12580	MUSKY	4.55576079677	0.173928449296
6501	MUSKY	2.5489723831	0.0993599912399
22386	MUSKY	10.7610681686	0.384122491493
61918	MUSKY	13.2353504768	0.459344218175
7151	MUSKY	6.21638121027	0.23319789027
8063	MUSKY	14.9415213809	0.508361230766
159055	MUSKY	7.07389624442	0.262939846546
62374	MUSKY	3.26158437438	0.126208201923
8078	MUSKY	15.1748283753	0.514882968524
62444	MUSKY	11.3020096575	0.40098621738
8918	MUSKY	4.73450782726	0.180414087344
7991	MUSKY	15.2501761931	0.516979898156
61138	MUSKY	16.1346359558	0.541254847263
379	MUSKY	11.1652805524	0.396745826169
6114390	MUSKY	12.1771948492	0.427774164209
8077	MUSKY	11.5721707449	0.409320775496
556940	MUSKY	10.7935829972	0.38514274632
8892	MUSKY	12.2561408346	0.430160438122
6826	MUSKY	5.85483932846	0.220481915714
2346	MUSKY	8.48172535239	0.310493148114
6943	MUSKY	10.2903858745	0.369258618402
61199	MUSKY	10.7599179522	0.384086384352
8697	MUSKY	11.5969159804	0.410081255112
637776	MUSKY	5.04367166272	0.191571416972
6057	MUSKY	10.6362151137	0.38019697577
14228	MUSKY	7.51561284588	0.278030739256
89440	MUSKY	7.88820555321	0.290638707389
61337	MUSKY	9.94777622915	0.358327748404
8193	MUSKY	6.90686115061	0.257192553643
241	MUSKY	9.75930752733	0.352274667728
176	MUSKY	10.1991586552	0.3663572113
61204	MUSKY	3.23414597293	0.125181958847
61177	MUSKY	8.08340589364	0.297199655409
6213	MUSKY	7.58386615197	0.280348635755
31249	MUSKY	5.58342559166	0.210867167131
8093	MUSKY	4.89638396404	0.186265528192
165675	MUSKY	6.22385284968	0.233459576269
61192	MUSKY	7.19224629278	0.266998489017
519539	MUSKY	10.6573983668	0.380863878693
565690	MUSKY	6.07800590606	0.228343373925
7463	MUSKY	7.59722950725	0.280802021816
8857	MUSKY	4.5177006902	0.172544179798
5363491	MUSKY	5.98084408465	0.224925565
61151	MUSKY	7.58400237495	0.280353258189
6050	MUSKY	10.9202360226	0.389108818987
263	MUSKY	6.89735240997	0.256864708292
1001	MUSKY	10.2348541065	0.367493268827
5541	MUSKY	4.47829865774	0.171109882762
6997	MUSKY	7.63762902015	0.282171809986
440967	MUSKY	6.20212011419	0.232698287003
239	MUSKY	12.6067313387	0.44069738353
61130	MUSKY	7.85252681068	0.289436201502
10882	MUSKY	6.79581195749	0.253359254235
78925	MUSKY	12.3334334854	0.4324919068
23235	SWEATY	3.36860862395	0.130205335333
7824	SWEATY	1.76859423041	0.0694925989958
6276	SWEATY	2.56289834838	0.0998885547575
14104	SWEATY	1.72418766088	0.0677783771992
8030	SWEATY	5.61803907824	0.212096617896
61185	SWEATY	3.43168623659	0.132556861293
13216	SWEATY	7.2225952419	0.268037456865
14514	SWEATY	3.20730375711	0.124177431328
12810	SWEATY	1.60747351591	0.0632653521946
7519	SWEATY	1.98407924811	0.0777885417393
170833	SWEATY	3.3959195491	0.13122387413
8091	SWEATY	2.6898933493	0.10470152348
93375	SWEATY	8.16905749428	0.300068899633
62572	SWEATY	1.34673632112	0.0531439733573
325	SWEATY	0.587655497482	0.0233680843058
12580	SWEATY	3.48917662921	0.134697323749
6501	SWEATY	1.59870251547	0.0629257607257
22386	SWEATY	2.36245713733	0.0922658040028
61918	SWEATY	3.70823873151	0.142829135464
7151	SWEATY	3.003538976	0.116533060488
8063	SWEATY	6.01445344625	0.226108677747
159055	SWEATY	1.974483154	0.0774198926697
62374	SWEATY	3.06971695899	0.119019413476
8078	SWEATY	11.0427686063	0.392933648855
62444	SWEATY	5.87631707206	0.22124024195
8918	SWEATY	4.26652519448	0.163379712885
7991	SWEATY	8.97626688355	0.326821328476
61138	SWEATY	9.49673826444	0.343794315512
379	SWEATY	7.00528930444	0.260581940882
6114390	SWEATY	4.68484843716	0.178614815535
8077	SWEATY	4.48741681455	0.171441908715
556940	SWEATY	3.6877635838	0.142070703252
8892	SWEATY	6.34581651139	0.237724905577
6826	SWEATY	1.61023642958	0.0633723126394
2346	SWEATY	5.43037855002	0.205419537522
6943	SWEATY	3.49478712255	0.134906070089
61199	SWEATY	2.51835635256	0.0981974066151
8697	SWEATY	5.42483918666	0.205222015386
637776	SWEATY	2.66489201595	0.103755020855
6057	SWEATY	6.76617494825	0.252334548558
14228	SWEATY	2.82809298156	0.109924475297
89440	SWEATY	4.04333646101	0.155194030546
61337	SWEATY	3.82404357005	0.147112419112
8193	SWEATY	5.03830958132	0.191378557878
241	SWEATY	3.32803362573	0.128691021904
176	SWEATY	6.25764147622	0.234642428311
61204	SWEATY	2.61595933471	0.101901076092
61177	SWEATY	2.74073830432	0.106624873592
6213	SWEATY	8.47753780235	0.310354053218
31249	SWEATY	2.8134362836	0.109371281855
8093	SWEATY	3.11011801242	0.120535586876
165675	SWEATY	4.20490350323	0.161123654741
61192	SWEATY	3.73418047588	0.143789577505
519539	SWEATY	4.15148173176	0.159165349043
565690	SWEATY	1.69820424667	0.0667746108014
7463	SWEATY	1.81269733078	0.0711935445858
8857	SWEATY	2.80274969052	0.10896782529
5363491	SWEATY	2.55512795633	0.099593646704
61151	SWEATY	1.62884018349	0.0640923592022
6050	SWEATY	5.21669735107	0.197782321542
263	SWEATY	4.57991620561	0.174806395244
1001	SWEATY	2.72285410183	0.105948590289
5541	SWEATY	4.02775909013	0.15462122629
6997	SWEATY	2.1966510887	0.0859359331457
440967	SWEATY	1.94236412382	0.0761854535969
239	SWEATY	9.32574733546	0.338242068072
61130	SWEATY	6.45444725788	0.241513934553
10882	SWEATY	4.21500676687	0.161493757857
78925	SWEATY	7.42327452625	0.274888979173
23235	AMMONIA/URINOUS	3.16822730907	0.12271402665
7824	AMMONIA/URINOUS	2.19434822673	0.0858478634132
6276	AMMONIA/URINOUS	11.7975743039	0.416229868372
14104	AMMONIA/URINOUS	6.97455923264	0.25952457871
8030	AMMONIA/URINOUS	3.49718622111	0.134995324259
61185	AMMONIA/URINOUS	2.54994167503	0.0993967859829
13216	AMMONIA/URINOUS	13.8050256138	0.475969531672
14514	AMMONIA/URINOUS	7.99880912882	0.294359986161
12810	AMMONIA/URINOUS	3.83275647675	0.147434250186
7519	AMMONIA/URINOUS	5.17230933232	0.196191259761
170833	AMMONIA/URINOUS	9.14666208502	0.332401912482
8091	AMMONIA/URINOUS	2.32525359665	0.0908474221504
93375	AMMONIA/URINOUS	2.85126913345	0.110798871069
62572	AMMONIA/URINOUS	4.70362257633	0.179295276917
325	AMMONIA/URINOUS	3.53295360106	0.136325439583
12580	AMMONIA/URINOUS	7.66956997484	0.283253877554
6501	AMMONIA/URINOUS	2.32167726126	0.0907110163282
22386	AMMONIA/URINOUS	10.7519246199	0.383835431582
61918	AMMONIA/URINOUS	4.51550930375	0.172464442441
7151	AMMONIA/URINOUS	2.77608435697	0.107960716536
8063	AMMONIA/URINOUS	7.43102174001	0.27515283596
159055	AMMONIA/URINOUS	7.63609826101	0.28211993178
62374	AMMONIA/URINOUS	9.43339219268	0.341740132403
8078	AMMONIA/URINOUS	15.4521643783	0.522578821543
62444	AMMONIA/URINOUS	7.59393376444	0.28069021857
8918	AMMONIA/URINOUS	5.704468895	0.21516236965
7991	AMMONIA/URINOUS	5.82048670493	0.219268242004
61138	AMMONIA/URINOUS	5.70539092331	0.215195042697
379	AMMONIA/URINOUS	5.96386027779	0.224327359347
6114390	AMMONIA/URINOUS	9.12679871305	0.331752566623
8077	AMMONIA/URINOUS	8.72856246478	0.318667377511
556940	AMMONIA/URINOUS	6.19649713773	0.232501254798
8892	AMMONIA/URINOUS	3.20720633985	0.124173784592
6826	AMMONIA/URINOUS	3.5976967773	0.138730502251
2346	AMMONIA/URINOUS	8.51012955644	0.311436260231
6943	AMMONIA/URINOUS	3.88411439042	0.149330037778
61199	AMMONIA/URINOUS	5.38798800644	0.203907354355
8697	AMMONIA/URINOUS	3.0394306312	0.117881969823
637776	AMMONIA/URINOUS	5.39108300929	0.204017809966
6057	AMMONIA/URINOUS	9.63996832483	0.348427137272
14228	AMMONIA/URINOUS	2.89182114369	0.112327793937
89440	AMMONIA/URINOUS	7.25314521537	0.269082562409
61337	AMMONIA/URINOUS	6.35613601888	0.238085254719
8193	AMMONIA/URINOUS	9.23984609285	0.335443941386
241	AMMONIA/URINOUS	7.7783580533	0.28693318053
176	AMMONIA/URINOUS	4.05998952477	0.155806175014
61204	AMMONIA/URINOUS	4.26377059678	0.16327892799
61177	AMMONIA/URINOUS	5.20375098416	0.197318429644
6213	AMMONIA/URINOUS	4.32058677687	0.165356483036
31249	AMMONIA/URINOUS	2.21223179198	0.0865316838786
8093	AMMONIA/URINOUS	5.07707074282	0.192772170782
165675	AMMONIA/URINOUS	9.51260345332	0.344308288349
61192	AMMONIA/URINOUS	5.80402085618	0.218686171008
519539	AMMONIA/URINOUS	4.53165878948	0.173051979025
565690	AMMONIA/URINOUS	4.62272667805	0.176361226346
7463	AMMONIA/URINOUS	8.10860043663	0.298044257049
8857	AMMONIA/URINOUS	5.71022547584	0.21536634904
5363491	AMMONIA/URINOUS	4.35084246131	0.166461766403
61151	AMMONIA/URINOUS	4.03669671092	0.154949900302
6050	AMMONIA/URINOUS	6.87701823794	0.256163377579
263	AMMONIA/URINOUS	10.4513596396	0.374362018257
1001	AMMONIA/URINOUS	7.76414703154	0.286453089611
5541	AMMONIA/URINOUS	6.42250613145	0.240400811255
6997	AMMONIA/URINOUS	10.1930512422	0.366162732238
440967	AMMONIA/URINOUS	9.83244092088	0.35462687905
239	AMMONIA/URINOUS	6.31624328194	0.236691759599
61130	AMMONIA/URINOUS	9.57203618547	0.346231896725
10882	AMMONIA/URINOUS	5.59927069311	0.211430094806
78925	AMMONIA/URINOUS	10.5093971735	0.37619691536
23235	DECAYED	3.27723135009	0.126793155875
7824	DECAYED	4.0192526932	0.154308350843
6276	DECAYED	4.92842217408	0.187421148913
14104	DECAYED	1.70412071846	0.0670032177692
8030	DECAYED	2.3547114507	0.0919705916215
61185	DECAYED	3.46325800625	0.133732657843
13216	DECAYED	2.10224026475	0.0823218449376
14514	DECAYED	5.06026414411	0.192168056481
12810	DECAYED	1.90594142775	0.0747846120196
7519	DECAYED	2.90788641214	0.112933135131
170833	DECAYED	3.58207502867	0.138150496543
8091	DECAYED	2.41569438823	0.0942935437782
93375	DECAYED	2.80443030095	0.109031280313
62572	DECAYED	4.01510716555	0.154155852402
325	DECAYED	3.43069053795	0.132519766491
12580	DECAYED	4.29324036959	0.164356849635
6501	DECAYED	3.52674618321	0.136094671872
22386	DECAYED	2.91994169107	0.113387243851
61918	DECAYED	6.85252946692	0.255318314639
7151	DECAYED	5.25743699931	0.199241222452
8063	DECAYED	10.5503789199	0.377490958653
159055	DECAYED	2.40882539905	0.0940320400406
62374	DECAYED	4.28342950332	0.163998072809
8078	DECAYED	8.80222826087	0.321097441492
62444	DECAYED	12.6811427914	0.442921158658
8918	DECAYED	4.59486708208	0.175349561882
7991	DECAYED	7.04814092622	0.262055120842
61138	DECAYED	4.34369794393	0.166200833026
379	DECAYED	1.94651935523	0.0763451991693
6114390	DECAYED	1.90460330286	0.074733126618
8077	DECAYED	13.0834875235	0.45486844263
556940	DECAYED	10.8554634696	0.387082103927
8892	DECAYED	3.85925052467	0.148412495142
6826	DECAYED	2.36825680584	0.0924868161142
2346	DECAYED	8.1735991078	0.300220875362
6943	DECAYED	4.80849520758	0.183091157839
61199	DECAYED	4.19470856524	0.160750110631
8697	DECAYED	3.35099335189	0.129548071498
637776	DECAYED	1.02041994147	0.0404002949159
6057	DECAYED	3.00148257684	0.11645574401
14228	DECAYED	3.32823058455	0.128698375853
89440	DECAYED	1.96907164667	0.0772119686068
61337	DECAYED	3.05481914229	0.118459997695
8193	DECAYED	2.60180666838	0.101364507559
241	DECAYED	1.95676811368	0.0767391479669
176	DECAYED	3.42573129796	0.132334997948
61204	DECAYED	2.03585549771	0.0797763368655
61177	DECAYED	4.12308890288	0.158123611275
6213	DECAYED	5.42547662567	0.205244746381
31249	DECAYED	2.58255456449	0.100634347348
8093	DECAYED	3.57629104675	0.13793569881
165675	DECAYED	3.6324905254	0.140021626049
61192	DECAYED	7.61412975373	0.281375201386
519539	DECAYED	7.93972257459	0.292373225159
565690	DECAYED	4.34251862086	0.166157757645
7463	DECAYED	4.80333715773	0.182904667169
8857	DECAYED	2.79270556048	0.10858854068
5363491	DECAYED	3.95311504416	0.151873754345
61151	DECAYED	2.81221190958	0.109325062054
6050	DECAYED	3.91122730103	0.150330012441
263	DECAYED	2.76978173866	0.107722593195
1001	DECAYED	4.70057591219	0.179184870925
5541	DECAYED	1.89832427921	0.0744915171407
6997	DECAYED	6.47679073081	0.242292101964
440967	DECAYED	2.41769219868	0.0943695937203
239	DECAYED	9.92622451985	0.357637007507
61130	DECAYED	2.56931852028	0.100132181748
10882	DECAYED	3.38462073011	0.13080256621
78925	DECAYED	16.7133078231	0.556798449569
23235	WOOD	7.51856159439	0.278130956396
7824	WOOD	1.71198101531	0.0673068890138
6276	WOOD	2.79071993745	0.10851355039
14104	WOOD	6.62367123359	0.247397641099
8030	WOOD	1.95739875824	0.0767633863701
61185	WOOD	2.89900517974	0.112598514777
13216	WOOD	2.70262469356	0.105183315649
14514	WOOD	5.59624675908	0.211322679248
12810	WOOD	4.08264888689	0.156638746702
7519	WOOD	2.08988293339	0.0818482730653
170833	WOOD	4.08137962866	0.156592121277
8091	WOOD	2.36446426865	0.0923422942347
93375	WOOD	4.00287477467	0.153705788402
62572	WOOD	1.07315831917	0.0424656652557
325	WOOD	3.83359864964	0.147465354543
12580	WOOD	1.28467095131	0.0507266862711
6501	WOOD	2.11002717766	0.08262020123
22386	WOOD	1.00748152211	0.0398932532776
61918	WOOD	7.67070636845	0.283292360262
7151	WOOD	5.13523107488	0.194861003718
8063	WOOD	3.19221715066	0.123612585892
159055	WOOD	6.00448894499	0.225758002804
62374	WOOD	4.17125458934	0.159890437634
8078	WOOD	2.09507396208	0.0820472245206
62444	WOOD	1.46599952122	0.0577803190104
8918	WOOD	2.10618545143	0.082473011195
7991	WOOD	1.5926937068	0.0626930789745
61138	WOOD	1.81382631822	0.0712370663639
379	WOOD	4.95002394499	0.188199862977
6114390	WOOD	4.32158180124	0.165392844344
8077	WOOD	2.46239597932	0.0960704815893
556940	WOOD	7.05971794729	0.262452870893
8892	WOOD	2.12828430751	0.083319534663
6826	WOOD	5.78601661268	0.21804946921
2346	WOOD	1.50021415757	0.0591083092952
6943	WOOD	4.44448645884	0.1698780744
61199	WOOD	3.22164297759	0.124714125714
8697	WOOD	4.18843004073	0.160520023147
637776	WOOD	2.69333347211	0.104831720808
6057	WOOD	3.00874730328	0.116728867997
14228	WOOD	3.9558410923	0.151974172193
89440	WOOD	7.056875806	0.262355233784
61337	WOOD	2.63512680665	0.102627514951
8193	WOOD	3.65952268001	0.141024064702
241	WOOD	2.43114099426	0.094881461157
176	WOOD	2.51440052886	0.0980471371464
61204	WOOD	3.07566673608	0.119242779095
61177	WOOD	3.94662403145	0.15163462476
6213	WOOD	2.1889208582	0.0856402845186
31249	WOOD	1.33650935348	0.0527458712383
8093	WOOD	4.23468683626	0.16221444441
165675	WOOD	5.45757862831	0.206389079339
61192	WOOD	3.59212297795	0.138523580123
519539	WOOD	5.20412225705	0.197331734896
565690	WOOD	5.00902931471	0.190325022718
7463	WOOD	5.19453915464	0.196988271374
8857	WOOD	1.77755700868	0.0698383967797
5363491	WOOD	2.103097314	0.082354685235
61151	WOOD	5.70789598108	0.215283808631
6050	WOOD	3.33258299064	0.12886087587
263	WOOD	4.47765881255	0.171086581125
1001	WOOD	3.10459171946	0.12032827288
5541	WOOD	2.83545507998	0.110202280995
6997	WOOD	1.01758394847	0.040289167102
440967	WOOD	4.72953114506	0.180233859862
239	WOOD	3.82690997107	0.147218302872
61130	WOOD	3.87369179937	0.148945476712
10882	WOOD	0.45182080342	0.0179911753214
78925	WOOD	2.84677930804	0.11062951135
23235	GRASS	1.73897423004	0.0683493566526
7824	GRASS	3.74732568156	0.144276047357
6276	GRASS	14.936415794	0.508218025051
14104	GRASS	5.07369156796	0.192650724268
8030	GRASS	4.86571731556	0.185158610624
61185	GRASS	1.64822189157	0.0648422215011
13216	GRASS	3.73612514125	0.143861553222
14514	GRASS	3.12942934975	0.121259842768
12810	GRASS	2.43785076612	0.0951367841015
7519	GRASS	3.49308271216	0.134842657753
170833	GRASS	4.07306755153	0.15628675035
8091	GRASS	2.22366461006	0.0869687106831
93375	GRASS	2.64583370007	0.103033173615
62572	GRASS	2.29580061181	0.0897237442929
325	GRASS	2.59407199437	0.10107119597
12580	GRASS	2.11500738377	0.0828109928574
6501	GRASS	0.802540106951	0.0318439760287
22386	GRASS	2.4006464075	0.0937206150304
61918	GRASS	6.89670370663	0.256842339458
7151	GRASS	2.82555019237	0.109828514139
8063	GRASS	1.53439903004	0.0604342090482
159055	GRASS	5.98703278209	0.22514348667
62374	GRASS	3.35464241306	0.129684246235
8078	GRASS	1.57291127983	0.0619268312355
62444	GRASS	0.599166349396	0.0238230538501
8918	GRASS	2.55979960928	0.0997709547552
7991	GRASS	0.954526737074	0.0378166209663
61138	GRASS	3.26167041154	0.126211418912
379	GRASS	2.95851395324	0.114839436205
6114390	GRASS	1.75417537638	0.0689361625549
8077	GRASS	2.83846014674	0.110315663468
556940	GRASS	3.0652308819	0.118850979132
8892	GRASS	3.51107059485	0.135511777105
6826	GRASS	4.89900696391	0.186360170863
2346	GRASS	0.726443259122	0.0288466424414
6943	GRASS	2.43355496454	0.0949733226753
61199	GRASS	1.96815578165	0.0771767763938
8697	GRASS	3.53026393435	0.136225451996
637776	GRASS	4.13634146512	0.158609930318
6057	GRASS	1.94196040373	0.0761699320652
14228	GRASS	0.944001225905	0.0374035937104
89440	GRASS	4.00080785855	0.153629728934
61337	GRASS	2.66332520496	0.10369568774
8193	GRASS	3.18224034126	0.123238952215
241	GRASS	2.22560795262	0.0870429858012
176	GRASS	1.2123412148	0.0479057401037
61204	GRASS	2.51537057851	0.0980839874815
61177	GRASS	2.2037680675	0.086208085222
6213	GRASS	4.06302865777	0.155917865561
31249	GRASS	3.73854115124	0.143950970074
8093	GRASS	1.8326572994	0.0719628388651
165675	GRASS	4.22026182711	0.161686229129
61192	GRASS	3.81555050505	0.146798649939
519539	GRASS	1.89104993284	0.0742115693744
565690	GRASS	3.07309177138	0.119146113641
7463	GRASS	2.60775043813	0.101589872586
8857	GRASS	3.31652671505	0.128261328822
5363491	GRASS	3.88044262251	0.149194570922
61151	GRASS	3.84287839699	0.14780805013
6050	GRASS	2.12581699062	0.0832250404738
263	GRASS	9.01578762783	0.328117734493
1001	GRASS	1.9040880043	0.0747132997209
5541	GRASS	4.76239808676	0.181423749256
6997	GRASS	1.56597496215	0.0616580874533
440967	GRASS	5.61412213499	0.211957538461
239	GRASS	0.622635291398	0.0247503417735
61130	GRASS	3.38798464486	0.130928009813
10882	GRASS	2.26086515915	0.0883900018587
78925	GRASS	1.311224675	0.0517612629407
23235	FLOWER	8.74958695157	0.319361369333
7824	FLOWER	7.21228535353	0.267684590133
6276	FLOWER	7.89947615708	0.291018356861
14104	FLOWER	4.38211881625	0.167603566522
8030	FLOWER	5.5875760348	0.211014639014
61185	FLOWER	9.20422280053	0.334281825076
13216	FLOWER	6.05658898171	0.227590651231
14514	FLOWER	2.95700507075	0.114782651235
12810	FLOWER	10.5280264481	0.376785321566
7519	FLOWER	6.17275285229	0.231668962982
170833	FLOWER	8.89542258271	0.324165486138
8091	FLOWER	10.9973203025	0.391516390567
93375	FLOWER	4.76719430958	0.181597315749
62572	FLOWER	5.43611388982	0.205624021904
325	FLOWER	7.45963971932	0.276127098876
12580	FLOWER	9.07291768213	0.329989573178
6501	FLOWER	8.32011228075	0.305114783884
22386	FLOWER	2.9128314857	0.113119424522
61918	FLOWER	2.57458001853	0.100331815832
7151	FLOWER	5.31458640586	0.201285524768
8063	FLOWER	3.04195871442	0.117976943449
159055	FLOWER	5.12844269848	0.194617338135
62374	FLOWER	4.29667191408	0.164482320748
8078	FLOWER	6.81268923106	0.253942475419
62444	FLOWER	5.01181956008	0.190425448282
8918	FLOWER	6.21605378495	0.233186421535
7991	FLOWER	3.77640438644	0.145351683422
61138	FLOWER	4.21804126146	0.161604901625
379	FLOWER	8.62419233355	0.31521701598
6114390	FLOWER	11.2734594031	0.400102021359
8077	FLOWER	1.97038974613	0.0772626155444
556940	FLOWER	7.75340310258	0.286090020235
8892	FLOWER	6.85354243351	0.255353279785
6826	FLOWER	8.70747148654	0.317970835586
2346	FLOWER	3.88820623661	0.149480990369
6943	FLOWER	2.1054841876	0.0824461420384
61199	FLOWER	2.29666792168	0.08975684345
8697	FLOWER	3.17541563315	0.122983319549
637776	FLOWER	5.38553395038	0.203819767643
6057	FLOWER	4.56482580322	0.174257978283
14228	FLOWER	8.44785850391	0.309367814836
89440	FLOWER	5.36472404043	0.203076856005
61337	FLOWER	5.55025961768	0.209688231978
8193	FLOWER	6.30950547281	0.236456275188
241	FLOWER	1.63358948002	0.0642761333651
176	FLOWER	1.31800528703	0.0520253563065
61204	FLOWER	9.07618102431	0.330096416178
61177	FLOWER	7.34018395251	0.272056037918
6213	FLOWER	5.18168300834	0.196527384814
31249	FLOWER	11.0401727698	0.392852744878
8093	FLOWER	8.64770134637	0.315994958424
165675	FLOWER	10.7599180934	0.384086388784
61192	FLOWER	10.08063226	0.362577631694
519539	FLOWER	2.25577160638	0.0881954620392
565690	FLOWER	12.824206772	0.447184159149
7463	FLOWER	5.65775201878	0.213506017589
8857	FLOWER	5.02708422151	0.190974738552
5363491	FLOWER	6.03746925995	0.226918356372
61151	FLOWER	7.36991019113	0.273070177155
6050	FLOWER	11.1922363434	0.397582991989
263	FLOWER	6.96262280382	0.259113665629
1001	FLOWER	13.1097824711	0.455644740269
5541	FLOWER	5.46220710179	0.206554001503
6997	FLOWER	5.2838797221	0.200187434917
440967	FLOWER	5.07005549415	0.192520034681
239	FLOWER	0.858385588741	0.0340406932221
61130	FLOWER	3.93934163059	0.151366300231
10882	FLOWER	7.71508049138	0.28479423286
78925	FLOWER	0.68239881857	0.0271096854838
23235	CHEMICAL	11.0967293293	0.394614212448
7824	CHEMICAL	13.2606083064	0.460086839194
6276	CHEMICAL	22.9436212071	0.707180946646
14104	CHEMICAL	22.1282313801	0.689265805599
8030	CHEMICAL	12.0599914454	0.424222300352
61185	CHEMICAL	15.107615539	0.51300860265
13216	CHEMICAL	25.8506658193	0.766723863452
14514	CHEMICAL	14.9124512997	0.50754557048
12810	CHEMICAL	11.7674202128	0.415307937125
7519	CHEMICAL	31.9771258503	0.870070402954
170833	CHEMICAL	25.2786824114	0.755542582674
8091	CHEMICAL	11.6751876247	0.412483502559
93375	CHEMICAL	22.1848283738	0.690526490963
62572	CHEMICAL	13.6493379025	0.471451746029
325	CHEMICAL	14.1011824036	0.484509958072
12580	CHEMICAL	15.5911879763	0.526413462046
6501	CHEMICAL	22.6464065364	0.700712369851
22386	CHEMICAL	32.3965425532	0.876047314367
61918	CHEMICAL	16.5144391452	0.551486885697
7151	CHEMICAL	20.6389965724	0.655172591091
8063	CHEMICAL	22.374884209	0.694741191013
159055	CHEMICAL	29.1440343942	0.82601147946
62374	CHEMICAL	19.3020671311	0.623054767029
8078	CHEMICAL	25.5950573865	0.761759510413
62444	CHEMICAL	19.8977735696	0.637542385573
8918	CHEMICAL	10.9239851432	0.389226025166
7991	CHEMICAL	10.6994674063	0.382187255139
61138	CHEMICAL	13.7186454576	0.473465325027
379	CHEMICAL	19.6289083244	0.631038716174
6114390	CHEMICAL	12.8514462571	0.447993981923
8077	CHEMICAL	11.0243928271	0.3923608182
556940	CHEMICAL	13.4796726793	0.466506276955
8892	CHEMICAL	11.3129557016	0.401325041382
6826	CHEMICAL	16.5243809507	0.551753171706
2346	CHEMICAL	15.1698158705	0.514743309403
6943	CHEMICAL	26.8778720917	0.786146880397
61199	CHEMICAL	6.52653977641	0.244023302475
8697	CHEMICAL	11.1438755738	0.396080637831
637776	CHEMICAL	9.42054926476	0.341323271211
6057	CHEMICAL	10.2516146264	0.368026344076
14228	CHEMICAL	13.1703052854	0.457429434893
89440	CHEMICAL	22.5245566119	0.698040004251
61337	CHEMICAL	23.6554284804	0.72238542058
8193	CHEMICAL	36.1996762257	0.92382042549
241	CHEMICAL	21.7725058771	0.681283430217
176	CHEMICAL	12.2046799041	0.428605511538
61204	CHEMICAL	11.0163196992	0.392109068082
61177	CHEMICAL	12.2324362434	0.429444451158
6213	CHEMICAL	17.0746391298	0.566368244627
31249	CHEMICAL	13.1231427269	0.456038959065
8093	CHEMICAL	17.8646586204	0.586927933766
165675	CHEMICAL	26.5749516186	0.780506843331
61192	CHEMICAL	7.72851325554	0.285248563365
519539	CHEMICAL	16.1711773505	0.542244303261
565690	CHEMICAL	19.2930536621	0.622833378641
7463	CHEMICAL	31.6839404445	0.865808784943
8857	CHEMICAL	27.3460941536	0.794720219961
5363491	CHEMICAL	14.7698400316	0.503534331442
61151	CHEMICAL	17.6142555079	0.580465421478
6050	CHEMICAL	9.29041321601	0.337091817551
263	CHEMICAL	21.4911204867	0.674897515558
1001	CHEMICAL	16.8190751826	0.559610491305
5541	CHEMICAL	15.9237045919	0.535522436504
6997	CHEMICAL	25.9055665617	0.767783310916
440967	CHEMICAL	26.0966453711	0.771451854994
239	CHEMICAL	11.6969960282	0.413151954695
61130	CHEMICAL	17.5633939726	0.579146635769
10882	CHEMICAL	13.9954130592	0.481467887688
78925	CHEMICAL	11.7808234521	0.415717817601
