#oID	descriptor	value	sigma
2879	INTENSITY/STRENGTH	51.3592066361	0.999261022928
16255	INTENSITY/STRENGTH	16.3859513379	0.548038293016
15606	INTENSITY/STRENGTH	33.1709701314	0.886713501473
11527	INTENSITY/STRENGTH	63.2651687868	0.929614118823
7151	INTENSITY/STRENGTH	57.594551649	0.9769291141
5367698	INTENSITY/STRENGTH	51.3895832501	0.999227623356
641423	INTENSITY/STRENGTH	46.3164738604	0.994572654072
6943	INTENSITY/STRENGTH	62.3002742642	0.93948130121
61204	INTENSITY/STRENGTH	39.5654006994	0.956447654975
6137	INTENSITY/STRENGTH	59.2614927563	0.96568990077
660	INTENSITY/STRENGTH	62.2321184892	0.940150110906
8193	INTENSITY/STRENGTH	26.1388850649	0.772258877621
10882	INTENSITY/STRENGTH	76.462951985	0.719884868895
11124	INTENSITY/STRENGTH	36.5533564267	0.927675110645
8363	INTENSITY/STRENGTH	9.5518848591	0.345579992619
8375	INTENSITY/STRENGTH	63.8820045769	0.922915979571
8785	INTENSITY/STRENGTH	73.5350053997	0.778441408335
31404	INTENSITY/STRENGTH	19.682393175	0.632337086563
5780	INTENSITY/STRENGTH	15.1602941716	0.514477959117
6997	INTENSITY/STRENGTH	75.2173338698	0.745634428999
24197	INTENSITY/STRENGTH	39.3474030976	0.954608871694
12580	INTENSITY/STRENGTH	36.0780995372	0.922472275001
7997	INTENSITY/STRENGTH	66.672213681	0.88881491639
7601	INTENSITY/STRENGTH	42.6356437989	0.978306503097
650	INTENSITY/STRENGTH	33.106512902	0.885844037467
6569	INTENSITY/STRENGTH	31.2306353597	0.8590843804
22386	INTENSITY/STRENGTH	50.1163797532	0.999994582301
14104	INTENSITY/STRENGTH	57.6760449622	0.976431333495
14296	INTENSITY/STRENGTH	75.5037172223	0.739824163139
244	INTENSITY/STRENGTH	68.6539104129	0.860812650523
24473	INTENSITY/STRENGTH	55.3572452387	0.988519969381
11525	INTENSITY/STRENGTH	65.1582568203	0.908090900068
61027	INTENSITY/STRENGTH	26.4852389806	0.77882240568
228769	INTENSITY/STRENGTH	13.4439198147	0.465461200595
62902	INTENSITY/STRENGTH	71.9713256232	0.806904340144
326	INTENSITY/STRENGTH	48.4279121639	0.999011415934
8180	INTENSITY/STRENGTH	38.793836953	0.949768763906
5280450	INTENSITY/STRENGTH	14.4796908752	0.495323055871
8163	INTENSITY/STRENGTH	37.6855218418	0.939341451076
9256	INTENSITY/STRENGTH	43.0687266742	0.980782980033
24834	INTENSITY/STRENGTH	69.96238755	0.840601233322
2682	INTENSITY/STRENGTH	13.6957291997	0.472799968664
520191	INTENSITY/STRENGTH	73.0148101232	0.788127405997
16324	INTENSITY/STRENGTH	82.9356347104	0.566097586488
10400	INTENSITY/STRENGTH	39.2561510996	0.953827884322
8294	INTENSITY/STRENGTH	35.7331319003	0.91858258985
8918	INTENSITY/STRENGTH	24.5638251058	0.741200402701
14286	INTENSITY/STRENGTH	80.5104847052	0.627644129221
31272	INTENSITY/STRENGTH	51.813421057	0.998684601628
7463	INTENSITY/STRENGTH	38.607174071	0.94808140694
11980	INTENSITY/STRENGTH	55.9173886644	0.985993804558
6584	INTENSITY/STRENGTH	16.2223578702	0.54362835686
61024	INTENSITY/STRENGTH	12.0556469363	0.424090428232
8186	INTENSITY/STRENGTH	48.4812443181	0.999077352472
31249	INTENSITY/STRENGTH	51.4506846104	0.999158205664
4133	INTENSITY/STRENGTH	51.2216129266	0.999403064743
519539	INTENSITY/STRENGTH	72.98166837	0.788737167572
6998	INTENSITY/STRENGTH	53.9846259882	0.993649102294
1060	INTENSITY/STRENGTH	15.595412987	0.526529756987
2879	VALENCE/PLEASANTNESS	34.1334890975	0.899301532713
16255	VALENCE/PLEASANTNESS	46.1610014249	0.994104835976
15606	VALENCE/PLEASANTNESS	51.8010699377	0.998702458832
11527	VALENCE/PLEASANTNESS	39.2862165442	0.954085937625
10430	VALENCE/PLEASANTNESS	29.1209286403	0.825625751662
7151	VALENCE/PLEASANTNESS	41.5300856667	0.971304220474
5367698	VALENCE/PLEASANTNESS	41.0507934457	0.96796468082
641423	VALENCE/PLEASANTNESS	46.014242211	0.993645493939
6943	VALENCE/PLEASANTNESS	33.8643620123	0.895856474692
61204	VALENCE/PLEASANTNESS	56.3369427072	0.98393726285
6137	VALENCE/PLEASANTNESS	28.429356421	0.813882934234
660	VALENCE/PLEASANTNESS	47.0748047589	0.996577293121
8193	VALENCE/PLEASANTNESS	37.990009411	0.942304050421
10882	VALENCE/PLEASANTNESS	61.5048199405	0.947055647255
11124	VALENCE/PLEASANTNESS	40.1043611241	0.960830532495
8363	VALENCE/PLEASANTNESS	47.9027908017	0.998240685431
10448	VALENCE/PLEASANTNESS	30.758711305	0.851909123742
8375	VALENCE/PLEASANTNESS	42.045819457	0.974692404756
8785	VALENCE/PLEASANTNESS	57.66661109	0.976489229758
31404	VALENCE/PLEASANTNESS	47.6138830984	0.997722578453
5780	VALENCE/PLEASANTNESS	62.9402311439	0.933020167177
7991	VALENCE/PLEASANTNESS	21.0500692734	0.664760604371
61653	VALENCE/PLEASANTNESS	30.5361811112	0.848463901706
6997	VALENCE/PLEASANTNESS	34.0070713066	0.897690492723
24197	VALENCE/PLEASANTNESS	58.3085127797	0.972387446156
12580	VALENCE/PLEASANTNESS	35.8830474669	0.920284660472
7997	VALENCE/PLEASANTNESS	43.1423743452	0.981189188151
7601	VALENCE/PLEASANTNESS	45.0433529666	0.990172660074
650	VALENCE/PLEASANTNESS	39.6497977033	0.957149324967
6569	VALENCE/PLEASANTNESS	43.8479976761	0.984861146963
22386	VALENCE/PLEASANTNESS	42.0123023888	0.974478674748
14104	VALENCE/PLEASANTNESS	40.3911674589	0.963068134879
14296	VALENCE/PLEASANTNESS	38.1285839851	0.94362779272
244	VALENCE/PLEASANTNESS	38.318403351	0.945416119892
24473	VALENCE/PLEASANTNESS	56.792448008	0.981545060023
11525	VALENCE/PLEASANTNESS	45.6380087454	0.992389212918
61027	VALENCE/PLEASANTNESS	39.2128746958	0.953455171069
15380	VALENCE/PLEASANTNESS	23.6872979566	0.72305668447
228769	VALENCE/PLEASANTNESS	41.8817499484	0.97363760644
62902	VALENCE/PLEASANTNESS	60.4074788536	0.956673753565
326	VALENCE/PLEASANTNESS	59.1241925642	0.96669964402
8180	VALENCE/PLEASANTNESS	30.0547298158	0.840874478912
5280450	VALENCE/PLEASANTNESS	23.3568295213	0.716056586738
8163	VALENCE/PLEASANTNESS	43.4429125593	0.982801841718
9256	VALENCE/PLEASANTNESS	30.4923853233	0.847781187851
101010	VALENCE/PLEASANTNESS	26.5425077411	0.77989842277
27458	VALENCE/PLEASANTNESS	37.190500816	0.934366692262
24834	VALENCE/PLEASANTNESS	66.7474047423	0.887809773759
2682	VALENCE/PLEASANTNESS	33.3121022244	0.888605627132
520191	VALENCE/PLEASANTNESS	29.5549937181	0.832800687253
16324	VALENCE/PLEASANTNESS	47.8386600974	0.99813144393
10400	VALENCE/PLEASANTNESS	47.9533055249	0.99832441669
8294	VALENCE/PLEASANTNESS	49.901428014	0.999996113425
8918	VALENCE/PLEASANTNESS	47.7627889923	0.997997954763
14286	VALENCE/PLEASANTNESS	32.9223835686	0.883342006808
31272	VALENCE/PLEASANTNESS	55.6298616975	0.987321862907
10285	VALENCE/PLEASANTNESS	33.2754103459	0.888115240361
7463	VALENCE/PLEASANTNESS	40.1235087742	0.960981968426
11980	VALENCE/PLEASANTNESS	43.2588624521	0.981822825824
6584	VALENCE/PLEASANTNESS	47.2422806593	0.996957993615
61024	VALENCE/PLEASANTNESS	43.5741281191	0.983483268228
62725	VALENCE/PLEASANTNESS	26.6727843391	0.782336403804
61527	VALENCE/PLEASANTNESS	33.6421928096	0.892968857569
8186	VALENCE/PLEASANTNESS	30.0192660497	0.840308108322
31249	VALENCE/PLEASANTNESS	56.7768828263	0.981629543663
4133	VALENCE/PLEASANTNESS	54.4657773613	0.992022733024
519539	VALENCE/PLEASANTNESS	25.6647731408	0.763118693484
6998	VALENCE/PLEASANTNESS	51.8113977745	0.998687535241
1060	VALENCE/PLEASANTNESS	44.603031339	0.988349091709
2879	BAKERY	0.0	0.0
16255	BAKERY	2.05491046805	0.0805073559091
15606	BAKERY	1.06078524558	0.0419813036883
11527	BAKERY	0.922540278035	0.0365611788956
10430	BAKERY	5.27432544016	0.199845614067
7151	BAKERY	5.21521365694	0.197729164882
5367698	BAKERY	0.797487573457	0.0316451083663
641423	BAKERY	5.30554989571	0.20096245195
6943	BAKERY	0.70400367111	0.0279618983768
61204	BAKERY	5.14432729184	0.195187450359
6137	BAKERY	5.18377607242	0.196602429149
660	BAKERY	4.10987317393	0.157638503955
8193	BAKERY	1.11108391875	0.0439495537601
10882	BAKERY	8.35119509525	0.306150820002
11124	BAKERY	1.60777131142	0.0632768810209
8363	BAKERY	4.43381566332	0.169489137998
10448	BAKERY	1.82049846023	0.0714942525516
8375	BAKERY	3.88265427749	0.149276169404
8785	BAKERY	2.34223833115	0.091495101086
31404	BAKERY	0.0	0.0
5780	BAKERY	11.1779282559	0.397138698198
7991	BAKERY	0.558829594202	0.0222282675619
61653	BAKERY	6.6668042828	0.248893659574
6997	BAKERY	1.97600356703	0.0774783066425
24197	BAKERY	11.1351752912	0.395810160142
12580	BAKERY	0.772613005816	0.03066574789
7997	BAKERY	2.40644528263	0.093941419746
7601	BAKERY	0.497659166178	0.0198073007888
650	BAKERY	4.96055454037	0.188579341076
6569	BAKERY	1.79308185457	0.0704372171681
22386	BAKERY	4.53483237782	0.173167413235
14104	BAKERY	0.0	0.0
14296	BAKERY	7.3453945414	0.272233853268
244	BAKERY	2.53273688983	0.098743573132
24473	BAKERY	1.19936555406	0.0473992310693
11525	BAKERY	0.913928243392	0.0362230238021
61027	BAKERY	2.50736356758	0.0977797938791
15380	BAKERY	2.35943484863	0.0921506208233
228769	BAKERY	2.60887865418	0.101632647034
62902	BAKERY	5.62600920644	0.212379576421
326	BAKERY	9.28353076613	0.336867653251
8180	BAKERY	0.0	0.0
5280450	BAKERY	0.0	0.0
8163	BAKERY	1.62569813444	0.063970767608
9256	BAKERY	1.39311492326	0.0549482892546
101010	BAKERY	1.77086877849	0.0695803606473
27458	BAKERY	9.52768158285	0.344796576776
24834	BAKERY	12.4374280049	0.435621274046
2682	BAKERY	1.8196322131	0.0714608639675
520191	BAKERY	3.87808701979	0.149107657218
16324	BAKERY	6.47597101431	0.242263560341
10400	BAKERY	1.2728466939	0.0502658122734
8294	BAKERY	1.7041890908	0.0670058594489
8918	BAKERY	3.13063691754	0.121305121698
14286	BAKERY	3.78930173088	0.145828546192
31272	BAKERY	3.80052736622	0.146243491344
10285	BAKERY	5.03848096695	0.191384722496
7463	BAKERY	0.0	0.0
11980	BAKERY	4.37984586395	0.167520614641
6584	BAKERY	0.889631669474	0.035268688976
61024	BAKERY	1.4191852331	0.0559617746336
62725	BAKERY	6.54444399675	0.244645860979
61527	BAKERY	1.26579033242	0.0499907232305
8186	BAKERY	0.109514725074	0.00437579161295
31249	BAKERY	6.03474799981	0.226822646624
4133	BAKERY	5.6533683043	0.213350502898
519539	BAKERY	7.65389533173	0.28272296777
6998	BAKERY	11.3312312474	0.401890529263
1060	BAKERY	6.59314933273	0.24633812606
2879	SWEET	0.531660944251	0.0211533724262
16255	SWEET	17.0571779334	0.565908189715
15606	SWEET	19.742615277	0.633796267889
11527	SWEET	9.03468867408	0.328737307188
10430	SWEET	8.69958496084	0.317710287037
7151	SWEET	10.901736093	0.388530303784
5367698	SWEET	9.94531486549	0.35824887951
641423	SWEET	13.2959753064	0.461125828516
6943	SWEET	0.0175895940429	0.000703460004188
61204	SWEET	27.3069376542	0.794009968547
6137	SWEET	8.0506091016	0.296099441301
660	SWEET	17.0498426571	0.56571485243
8193	SWEET	3.09916215027	0.120124563597
10882	SWEET	46.8199625111	0.995954944628
11124	SWEET	9.51249435458	0.344304754645
8363	SWEET	14.9394859173	0.508304140902
10448	SWEET	0.758481065306	0.0301091252017
8375	SWEET	11.2501057604	0.399378278566
8785	SWEET	23.6107932969	0.721443907832
31404	SWEET	8.04625595902	0.295953344377
5780	SWEET	28.7876011731	0.820013654404
7991	SWEET	1.52321324489	0.06000045836
61653	SWEET	0.515981916918	0.0205327817413
6997	SWEET	7.36130259948	0.272776593595
24197	SWEET	26.013747363	0.769863873773
12580	SWEET	12.0838516021	0.424946276267
7997	SWEET	19.0890436254	0.617805110402
7601	SWEET	15.2358696334	0.516582095943
650	SWEET	7.02290841791	0.261187839658
6569	SWEET	12.2553246641	0.430135793514
22386	SWEET	7.29834209452	0.270627364849
14104	SWEET	0.969390407565	0.0383997291977
14296	SWEET	3.32249677417	0.128484277041
244	SWEET	11.9579977074	0.421122424627
24473	SWEET	20.126008489	0.64301785248
11525	SWEET	10.8092992368	0.385635589475
61027	SWEET	4.28246114864	0.16396265655
15380	SWEET	1.07491852801	0.0425345611836
228769	SWEET	10.2488218795	0.367937535214
62902	SWEET	34.0096893824	0.897723986541
326	SWEET	31.5560335597	0.863928040779
8180	SWEET	3.13402451131	0.121432136597
5280450	SWEET	0.0	0.0
8163	SWEET	10.3803329093	0.372112791848
9256	SWEET	1.23964525998	0.0489711222508
101010	SWEET	4.61627826727	0.176127120674
27458	SWEET	7.4762885362	0.276693585338
24834	SWEET	38.6988187902	0.948913321305
2682	SWEET	0.0	0.0
520191	SWEET	5.70894640008	0.215321028403
16324	SWEET	30.6540545072	0.850293757196
10400	SWEET	8.68562023444	0.317248809835
8294	SWEET	15.4365744378	0.522147845362
8918	SWEET	16.7485457465	0.55773631601
14286	SWEET	9.42991943823	0.341627425284
31272	SWEET	28.7485158919	0.819349769282
10285	SWEET	6.85726107438	0.255481631198
7463	SWEET	0.0	0.0
11980	SWEET	16.1464719564	0.541575455601
6584	SWEET	15.4193483935	0.521671413788
61024	SWEET	13.7216804271	0.473553411585
62725	SWEET	4.00202672546	0.153674581854
61527	SWEET	5.94106692807	0.223524166625
8186	SWEET	0.0	0.0
31249	SWEET	29.8165368427	0.837051125992
4133	SWEET	27.7954324615	0.802782872172
519539	SWEET	1.61788583441	0.0636684115472
6998	SWEET	30.4690456972	0.847416729609
1060	SWEET	9.09453748771	0.330697254662
2879	FRUIT	2.00846817249	0.0787251491397
16255	FRUIT	10.4737911257	0.375071524809
15606	FRUIT	14.518639204	0.496429214424
11527	FRUIT	4.93074238424	0.187504807186
10430	FRUIT	0.0	0.0
7151	FRUIT	6.51722659302	0.243699366735
5367698	FRUIT	6.15818401491	0.231158068452
641423	FRUIT	5.35080754607	0.202579845285
6943	FRUIT	0.0	0.0
61204	FRUIT	13.7205815759	0.473521519523
6137	FRUIT	4.18251493909	0.160303225077
660	FRUIT	3.94228591008	0.151474789125
8193	FRUIT	0.788416826263	0.0312880326137
10882	FRUIT	28.8648241487	0.821321736693
11124	FRUIT	3.26250396684	0.12624258582
8363	FRUIT	3.33658474435	0.129010270671
10448	FRUIT	0.0	0.0
8375	FRUIT	2.08155233762	0.0815289494511
8785	FRUIT	9.99968425134	0.359989896003
31404	FRUIT	1.21063309695	0.0478390708797
5780	FRUIT	0.0	0.0
7991	FRUIT	0.0	0.0
61653	FRUIT	0.0	0.0
6997	FRUIT	0.37964531977	0.0151281605633
24197	FRUIT	11.3026738194	0.401006778588
12580	FRUIT	0.529118852818	0.0210527674086
7997	FRUIT	9.76170797217	0.352351941873
7601	FRUIT	1.08492232561	0.0429260704432
650	FRUIT	0.769203817559	0.0305314828972
6569	FRUIT	4.75475012742	0.181146945587
22386	FRUIT	0.500017510637	0.0199006934211
14104	FRUIT	1.12996155546	0.0446877369715
14296	FRUIT	0.0	0.0
244	FRUIT	5.66174417828	0.213647628275
24473	FRUIT	5.06301833478	0.192267071528
11525	FRUIT	3.94412316512	0.151542483588
61027	FRUIT	1.36177702041	0.0537293061551
15380	FRUIT	2.03877152987	0.0798882254544
228769	FRUIT	4.40528853234	0.168448914472
62902	FRUIT	24.7961852579	0.745907088978
326	FRUIT	9.29908462354	0.337374195007
8180	FRUIT	3.26181167493	0.126216700836
5280450	FRUIT	0.0	0.0
8163	FRUIT	5.6580983087	0.213518301759
9256	FRUIT	0.111447910227	0.0044529481544
101010	FRUIT	2.90854027675	0.112957768453
27458	FRUIT	0.000254782124565	1.0191259017e-05
24834	FRUIT	9.22858448227	0.335076670672
2682	FRUIT	0.0	0.0
520191	FRUIT	1.15301256008	0.0455887272179
16324	FRUIT	21.6331775213	0.678129352984
10400	FRUIT	2.8672699117	0.111402301769
8294	FRUIT	10.4243472545	0.373507083906
8918	FRUIT	11.5799681876	0.409560462213
14286	FRUIT	2.35629905612	0.0920311041481
31272	FRUIT	15.9450939176	0.536105348687
10285	FRUIT	0.794623402314	0.031532365552
7463	FRUIT	0.966968877516	0.0383047435766
11980	FRUIT	6.35118131882	0.237912251095
6584	FRUIT	8.16195849459	0.299831313196
61024	FRUIT	10.2792849904	0.368905919651
62725	FRUIT	1.39886051994	0.0551716964957
61527	FRUIT	2.39446306259	0.0934851411602
8186	FRUIT	1.08845786989	0.043064418582
31249	FRUIT	22.7886324722	0.703816590908
4133	FRUIT	9.71872237709	0.350967469226
519539	FRUIT	0.48980158866	0.0194961013079
6998	FRUIT	12.149888743	0.426947631133
1060	FRUIT	5.37811588203	0.203554983105
2879	FISH	1.48459600267	0.0585022299901
16255	FISH	0.586894779994	0.0233380130066
15606	FISH	0.939933278884	0.0372439413279
11527	FISH	0.814453371141	0.0323128011281
10430	FISH	1.49056694833	0.0587339620024
7151	FISH	0.0	0.0
5367698	FISH	2.02880122502	0.0795056352366
641423	FISH	0.329247191958	0.013126526193
6943	FISH	1.66767080628	0.0655943818841
61204	FISH	0.302735292647	0.0120727522429
6137	FISH	6.82975197355	0.254531874134
660	FISH	1.39407321818	0.054985552672
8193	FISH	0.0	0.0
10882	FISH	0.420184636452	0.0167367634066
11124	FISH	0.924044125607	0.0366202220059
8363	FISH	1.44067175732	0.0567966562479
10448	FISH	6.21840175384	0.233268662005
8375	FISH	0.64111602952	0.0254802292755
8785	FISH	1.61214686801	0.0634462677107
31404	FISH	0.7018347191	0.0278763599748
5780	FISH	0.0	0.0
7991	FISH	1.81841760383	0.0714140471206
61653	FISH	4.2043752123	0.161104300122
6997	FISH	1.80097256032	0.0707415015475
24197	FISH	0.207306200816	0.00827505768828
12580	FISH	1.23694093403	0.0488656282116
7997	FISH	1.8392918676	0.0722184768741
7601	FISH	0.550929720108	0.0219157793817
650	FISH	0.815905626319	0.0323699442563
6569	FISH	0.834908895352	0.0331175266687
22386	FISH	0.718209630996	0.0285220552102
14104	FISH	1.83234956556	0.0719509806501
14296	FISH	2.91939393148	0.113366612888
244	FISH	1.9079897727	0.0748634209189
24473	FISH	0.523134765523	0.0208159226278
11525	FISH	0.731503620858	0.0290461058154
61027	FISH	1.62505307412	0.0639458039673
15380	FISH	8.54623861337	0.31263426676
228769	FISH	0.634590629904	0.0252225430891
62902	FISH	0.294881021181	0.0117604589206
326	FISH	0.220342957153	0.00879429787861
8180	FISH	1.0665157827	0.0422056489421
5280450	FISH	0.908344179647	0.0360037315264
8163	FISH	1.18120180627	0.046689977168
9256	FISH	5.36019093401	0.202914978621
101010	FISH	6.13012283102	0.230173550871
27458	FISH	3.26458988343	0.126320576494
24834	FISH	0.523577421788	0.0208334435449
2682	FISH	0.446895907301	0.0177959499112
520191	FISH	3.57543899946	0.137904054363
16324	FISH	1.32876109545	0.0524442013985
10400	FISH	0.0	0.0
8294	FISH	1.28792241765	0.0508533990444
8918	FISH	0.967357120887	0.0383199729157
14286	FISH	0.0	0.0
31272	FISH	0.467016686175	0.0185934256129
10285	FISH	1.93299243283	0.075825113415
7463	FISH	2.18727705479	0.085577409826
11980	FISH	1.68175299822	0.0661388026698
6584	FISH	1.31522553754	0.0519170942156
61024	FISH	0.284002761349	0.0113278474266
62725	FISH	4.63020860505	0.176632811511
61527	FISH	1.19553556265	0.0472497003932
8186	FISH	1.64156589975	0.0645847405486
31249	FISH	0.210309692346	0.00839469562715
4133	FISH	0.828495357472	0.0328652524759
519539	FISH	4.45276966252	0.170179923434
6998	FISH	0.444414438601	0.0176975758667
1060	FISH	0.641638491156	0.0255008596649
2879	GARLIC	1.61733717681	0.0636471752549
16255	GARLIC	1.72576375921	0.0678392461474
15606	GARLIC	2.07337283522	0.0812153634433
11527	GARLIC	1.19918346721	0.0473921222933
10430	GARLIC	4.65535923545	0.177545421574
7151	GARLIC	1.54300979223	0.0607680400017
5367698	GARLIC	2.90738054906	0.1129140773
641423	GARLIC	3.41750614734	0.132028506587
6943	GARLIC	1.83415929377	0.0720207156249
61204	GARLIC	0.678244499926	0.0269457737564
6137	GARLIC	8.45546283889	0.309620572828
660	GARLIC	1.48663549432	0.0585813857355
8193	GARLIC	0.879560712581	0.0348729776844
10882	GARLIC	1.1001453757	0.0435216870889
11124	GARLIC	3.1235070001	0.121037761612
8363	GARLIC	1.16025289416	0.0458716410552
10448	GARLIC	10.2434198199	0.367765732954
8375	GARLIC	1.26395318152	0.0499190962028
8785	GARLIC	1.63584110948	0.0643632539248
31404	GARLIC	2.50540680913	0.0977054470536
5780	GARLIC	2.21075467722	0.0864752125917
7991	GARLIC	3.98773536437	0.15314860124
61653	GARLIC	7.36707381213	0.272973441864
6997	GARLIC	1.71485419744	0.0674178779301
24197	GARLIC	2.0354801762	0.0797619352289
12580	GARLIC	1.67625942499	0.0659264387358
7997	GARLIC	2.38636309569	0.0931766322979
7601	GARLIC	3.25022364595	0.125783364338
650	GARLIC	3.30685216074	0.127899977945
6569	GARLIC	2.4670882786	0.0962489213143
22386	GARLIC	1.4859859004	0.0585561743775
14104	GARLIC	2.20242779477	0.0861568365144
14296	GARLIC	3.87126543084	0.148855938819
244	GARLIC	1.59771396412	0.0628874826005
24473	GARLIC	1.91501437344	0.0751336629173
11525	GARLIC	0.0	0.0
61027	GARLIC	3.99820953168	0.153534109483
15380	GARLIC	13.9389791568	0.479841110299
228769	GARLIC	2.14651275569	0.0840175034233
62902	GARLIC	0.58866844601	0.0234081256247
326	GARLIC	0.0	0.0
8180	GARLIC	3.47585959627	0.134201743878
5280450	GARLIC	4.0678455201	0.156094873934
8163	GARLIC	2.34892758975	0.0917501192612
9256	GARLIC	20.5251157579	0.652492479567
101010	GARLIC	7.12609582952	0.264731336472
27458	GARLIC	3.13417276726	0.121437695116
24834	GARLIC	0.452896624933	0.0180338188562
2682	GARLIC	2.58353364522	0.10067148737
520191	GARLIC	3.90586693089	0.150132358643
16324	GARLIC	2.27676536832	0.0889971505159
10400	GARLIC	0.0	0.0
8294	GARLIC	3.54111228655	0.136628700972
8918	GARLIC	2.27545201842	0.0889470079814
14286	GARLIC	1.99452662565	0.078189810442
31272	GARLIC	2.20984699522	0.086440510312
10285	GARLIC	3.1958761329	0.123749595613
7463	GARLIC	0.992737867549	0.0393153033125
11980	GARLIC	1.1818853986	0.0467166747059
6584	GARLIC	3.43942333085	0.132845080094
61024	GARLIC	1.13208314344	0.0447706808401
62725	GARLIC	7.38771992895	0.273677434859
61527	GARLIC	2.06636992948	0.0809468433051
8186	GARLIC	1.58737071251	0.0624869301889
31249	GARLIC	1.94476594301	0.0762777918913
4133	GARLIC	0.662051741092	0.0263067446405
519539	GARLIC	6.62312039568	0.247378526317
6998	GARLIC	2.1795330087	0.0852811746936
1060	GARLIC	5.31767928162	0.201396086088
2879	SPICES	8.57044822026	0.313436895732
16255	SPICES	5.67728386036	0.214198733602
15606	SPICES	2.82568015929	0.109833419027
11527	SPICES	4.87114169993	0.185354459413
10430	SPICES	7.22375511224	0.268077149321
7151	SPICES	5.86336591404	0.220783012625
5367698	SPICES	4.55812574153	0.174014425551
641423	SPICES	8.84229872521	0.32241745031
6943	SPICES	11.1227437758	0.395423579392
61204	SPICES	5.29762579559	0.200679096196
6137	SPICES	5.77533840405	0.21767172269
660	SPICES	8.04742047169	0.295992428368
8193	SPICES	2.14223229394	0.0838536280773
10882	SPICES	4.62534571337	0.176456299348
11124	SPICES	3.39022081317	0.131011393662
8363	SPICES	7.10544634607	0.264022906732
10448	SPICES	7.40577643534	0.27429284757
8375	SPICES	7.91155633866	0.291425164067
8785	SPICES	6.22199228667	0.233394416261
31404	SPICES	9.65053024407	0.348768116166
5780	SPICES	9.7951609548	0.35342836694
7991	SPICES	3.65093109729	0.140705524741
61653	SPICES	10.4475987755	0.374243022949
6997	SPICES	7.91497148047	0.291540149804
24197	SPICES	7.88829362642	0.290641674522
12580	SPICES	9.91246052147	0.357195671423
7997	SPICES	2.98346312702	0.115778104189
7601	SPICES	7.4562886588	0.276013050127
650	SPICES	4.79217235042	0.182500927682
6569	SPICES	4.20153010671	0.161000062173
22386	SPICES	4.14510658787	0.158931500065
14104	SPICES	13.5027349909	0.467179858742
14296	SPICES	2.26106402534	0.088397596803
244	SPICES	7.47087212081	0.276509312734
24473	SPICES	10.1870425537	0.365971367751
11525	SPICES	5.63017086232	0.212527304917
61027	SPICES	7.08084148954	0.263178333102
15380	SPICES	9.35308513053	0.339131324638
228769	SPICES	4.82652593373	0.183742896314
62902	SPICES	4.20465443221	0.161114529731
326	SPICES	15.183133751	0.515114329841
8180	SPICES	2.13599077922	0.0836146485253
5280450	SPICES	6.24444573658	0.23418058844
8163	SPICES	2.70137137233	0.105135891977
9256	SPICES	16.7960441786	0.558998927125
101010	SPICES	6.68634585339	0.249570945787
27458	SPICES	4.37824964885	0.167462357959
24834	SPICES	5.06518293831	0.192344886253
2682	SPICES	3.41704070817	0.132011161446
520191	SPICES	5.65703717391	0.213480659122
16324	SPICES	4.7576590965	0.181252235828
10400	SPICES	2.78494730185	0.108295519484
8294	SPICES	8.4388554428	0.309068505238
8918	SPICES	3.69619945458	0.14238322202
14286	SPICES	3.88383688009	0.149319799639
31272	SPICES	4.00864102189	0.153917959739
10285	SPICES	6.3341599413	0.237317764787
7463	SPICES	13.9861996161	0.481202472764
11980	SPICES	5.1859087072	0.19667888864
6584	SPICES	4.4833123431	0.171292457898
61024	SPICES	4.91116049584	0.186798620867
62725	SPICES	11.0140853542	0.392039383692
61527	SPICES	3.84058990021	0.147723543696
8186	SPICES	2.55762435443	0.0996883972417
31249	SPICES	6.18354783764	0.232047407961
4133	SPICES	9.99090226018	0.359708839218
519539	SPICES	9.76879948867	0.352580202167
6998	SPICES	10.5738435404	0.378231274728
1060	SPICES	7.07566766716	0.263000677512
2879	COLD	4.84761308346	0.184504782295
16255	COLD	3.2555405153	0.125982202993
15606	COLD	4.35047406014	0.166448312587
11527	COLD	7.60100902299	0.280930225653
10430	COLD	2.48726686801	0.0970160761315
7151	COLD	4.38290505834	0.167632259634
5367698	COLD	4.43711883391	0.169609543938
641423	COLD	3.82191644027	0.1470338395
6943	COLD	5.02071794845	0.190745674451
61204	COLD	4.10167723668	0.157337587006
6137	COLD	4.52045895026	0.172644538362
660	COLD	3.60465363288	0.13898873419
8193	COLD	8.04554838667	0.29592959593
10882	COLD	4.74799262205	0.180902331306
11124	COLD	2.57281532178	0.100264861399
8363	COLD	4.34708086407	0.166324389747
10448	COLD	2.16050789906	0.0845531982097
8375	COLD	5.03015741165	0.191085303032
8785	COLD	6.8248387659	0.254362180964
31404	COLD	4.94571369314	0.188044514152
5780	COLD	6.4534821079	0.241480311789
7991	COLD	1.1615421003	0.0459220119916
61653	COLD	2.34196302241	0.0914846045772
6997	COLD	4.70794167549	0.179451781092
24197	COLD	3.77143371406	0.145167863659
12580	COLD	3.62698267894	0.139817305816
7997	COLD	5.37674928486	0.203506198245
7601	COLD	2.93672838829	0.114019386081
650	COLD	3.54909895776	0.136925516946
6569	COLD	3.44734421384	0.133140095702
22386	COLD	4.44833739173	0.170018413449
14104	COLD	4.03123161702	0.154748933341
14296	COLD	4.47224559941	0.170889431696
244	COLD	2.75923602837	0.107324087751
24473	COLD	11.5505073664	0.408654606488
11525	COLD	9.04326791313	0.329018438706
61027	COLD	4.38930929324	0.167865957301
15380	COLD	1.91571786911	0.0751607247829
228769	COLD	4.54388737819	0.173496730125
62902	COLD	4.7898665487	0.182417533326
326	COLD	6.73794112693	0.251357704825
8180	COLD	5.13525321563	0.19486179839
5280450	COLD	2.36818717632	0.092484162852
8163	COLD	4.25949947788	0.163122644794
9256	COLD	1.71543846828	0.067440447076
101010	COLD	4.70611377595	0.179385548289
27458	COLD	3.96573092803	0.152338428404
24834	COLD	5.83746608	0.219868239106
2682	COLD	7.02055879281	0.261107053407
520191	COLD	2.38661545987	0.0931862450534
16324	COLD	4.33897073064	0.166028162425
10400	COLD	10.4166432872	0.373263148539
8294	COLD	3.7927815293	0.14595718448
8918	COLD	5.77547030982	0.217676389473
14286	COLD	3.40942546443	0.131727345778
31272	COLD	6.01968587422	0.226292787759
10285	COLD	3.3628108316	0.129989034588
7463	COLD	6.99596975444	0.260261353056
11980	COLD	4.78477344285	0.182233314954
6584	COLD	4.2813602915	0.163922393282
61024	COLD	5.81018663485	0.218904157901
62725	COLD	1.78361858074	0.070072225133
61527	COLD	4.38590147149	0.167741606173
8186	COLD	5.11407814327	0.194101607629
31249	COLD	4.79051652749	0.182441041659
4133	COLD	5.0530680202	0.191909322241
519539	COLD	2.17739578061	0.0851994102703
6998	COLD	4.12140876547	0.158061946534
1060	COLD	3.42503888098	0.132309198705
2879	SOUR	7.13945699356	0.265189541277
16255	SOUR	7.35813406598	0.272668507866
15606	SOUR	8.55939333317	0.313070447634
11527	SOUR	8.93782649013	0.325559162658
10430	SOUR	14.0733933512	0.48371157388
7151	SOUR	4.57700675937	0.174700674025
5367698	SOUR	7.83894336007	0.288978121202
641423	SOUR	8.35649037566	0.306327242467
6943	SOUR	4.74766464336	0.180890457908
61204	SOUR	5.25213012396	0.199051256623
6137	SOUR	16.6188671553	0.554279988003
660	SOUR	3.57763483701	0.137985605069
8193	SOUR	5.42156617816	0.205105295197
10882	SOUR	8.00717829973	0.29464117026
11124	SOUR	13.8696791147	0.477839965091
8363	SOUR	6.20315043531	0.232734387283
10448	SOUR	15.8758349107	0.534216542784
8375	SOUR	4.86656653635	0.185189273513
8785	SOUR	5.96242156567	0.224276674256
31404	SOUR	2.81496646429	0.109429044094
5780	SOUR	3.9162882581	0.150516604836
7991	SOUR	25.7142468825	0.764080878207
61653	SOUR	10.2917425864	0.369301717272
6997	SOUR	6.51946483008	0.243777224535
24197	SOUR	7.19830903142	0.267206100092
12580	SOUR	6.18854136285	0.232222436834
7997	SOUR	9.26632089682	0.336306954688
7601	SOUR	5.70501216814	0.21518162119
650	SOUR	11.7642234212	0.415210155767
6569	SOUR	11.423475438	0.404740701088
22386	SOUR	6.95424115976	0.258825058347
14104	SOUR	7.65673953796	0.282819317378
14296	SOUR	10.5266870499	0.376743025898
244	SOUR	8.36168050287	0.306500139782
24473	SOUR	4.15557663728	0.159315538616
11525	SOUR	4.4895134851	0.171518246871
61027	SOUR	10.3070687079	0.369788482175
15380	SOUR	18.2298600078	0.596263281951
228769	SOUR	9.1746092374	0.333314987632
62902	SOUR	5.31409680813	0.201268022371
326	SOUR	1.71968454761	0.067604455927
8180	SOUR	10.6020067978	0.379119252656
5280450	SOUR	13.923574197	0.479396600511
8163	SOUR	6.65610571002	0.248522731112
9256	SOUR	11.6435029533	0.411511653721
101010	SOUR	14.8085821203	0.504625643046
27458	SOUR	8.89156329665	0.324038572723
24834	SOUR	1.95803492378	0.0767878366461
2682	SOUR	6.89548616095	0.25680035468
520191	SOUR	11.1136763974	0.395141534668
16324	SOUR	14.5922550767	0.498516639778
10400	SOUR	4.52690144327	0.17287892306
8294	SOUR	9.39705896932	0.340560471864
8918	SOUR	9.18775679391	0.333744321795
14286	SOUR	9.02739431155	0.328498233239
31272	SOUR	8.6543103387	0.316213578573
10285	SOUR	8.78227066041	0.320439515235
7463	SOUR	6.62679661795	0.247506091352
11980	SOUR	6.50711845822	0.243347702077
6584	SOUR	12.9012738343	0.449473806752
61024	SOUR	9.06974951622	0.329885838134
62725	SOUR	13.1889662466	0.457979117603
61527	SOUR	10.9862166305	0.391169882881
8186	SOUR	10.7450491958	0.383619534945
31249	SOUR	4.42032294913	0.168997215975
4133	SOUR	5.41858813916	0.204999086598
519539	SOUR	13.8471093489	0.477187399028
6998	SOUR	4.06824475978	0.156109544221
1060	SOUR	15.7315754928	0.530270032718
2879	BURNT	8.6628525992	0.316496097906
16255	BURNT	2.11786828691	0.0829205850442
15606	BURNT	2.2380033889	0.0875166718885
11527	BURNT	5.90114096377	0.222116252681
10430	BURNT	6.02187189205	0.226369699248
7151	BURNT	9.86402267616	0.355641329704
5367698	BURNT	2.63261121981	0.102532192058
641423	BURNT	2.7124821065	0.105556260589
6943	BURNT	9.98396783061	0.359486867767
61204	BURNT	4.94593773925	0.188052589522
6137	BURNT	12.7587694503	0.445236298859
660	BURNT	6.30443286263	0.236278965017
8193	BURNT	5.32108087224	0.20151767423
10882	BURNT	1.56010123492	0.0614304830516
11124	BURNT	2.39599688524	0.0935435549799
8363	BURNT	3.32171619684	0.128455128477
10448	BURNT	5.30372008913	0.200897024852
8375	BURNT	9.32758795742	0.338301959456
8785	BURNT	2.64937059882	0.103167158125
31404	BURNT	5.34198975027	0.202264848214
5780	BURNT	8.94790082054	0.325890061184
7991	BURNT	3.8335997128	0.147465393809
61653	BURNT	8.7654140275	0.319883567871
6997	BURNT	9.23980208092	0.335442506239
24197	BURNT	4.10824546741	0.157578746368
12580	BURNT	10.0619106216	0.361979606722
7997	BURNT	3.74873775424	0.14432829627
7601	BURNT	2.66046748118	0.10358746436
650	BURNT	16.3095737691	0.545982072153
6569	BURNT	3.23948496565	0.125381693489
22386	BURNT	4.11782117381	0.157930266465
14104	BURNT	8.49407640907	0.310903322746
14296	BURNT	7.90228239159	0.291112868865
244	BURNT	5.59094578605	0.211134361529
24473	BURNT	4.62895478733	0.176587302524
11525	BURNT	7.35049318908	0.272407827514
61027	BURNT	3.28523106737	0.127092145428
15380	BURNT	4.97639307688	0.189149927853
228769	BURNT	3.79488672415	0.146035002866
62902	BURNT	3.04749755688	0.118185005732
326	BURNT	0.940394569581	0.0372620460046
8180	BURNT	8.43253594139	0.308858372694
5280450	BURNT	14.0084515496	0.481843376058
8163	BURNT	5.29491925785	0.200582302335
9256	BURNT	9.55956018926	0.345828331166
101010	BURNT	14.184888704	0.486911121142
27458	BURNT	12.628540925	0.441349618643
24834	BURNT	0.974099516071	0.0385844326959
2682	BURNT	8.91304366567	0.324744807672
520191	BURNT	10.7510883102	0.383809172466
16324	BURNT	1.7026178719	0.0669451518288
10400	BURNT	4.26385525941	0.163282025707
8294	BURNT	2.0083153105	0.0787192802656
8918	BURNT	4.61752466948	0.17617237315
14286	BURNT	14.1291061521	0.48531158982
31272	BURNT	3.10010678522	0.120160006577
10285	BURNT	9.82447212283	0.354370783916
7463	BURNT	6.42952189486	0.240645375076
11980	BURNT	7.44833486524	0.275742317704
6584	BURNT	2.20651140989	0.0863129793548
61024	BURNT	3.42475008089	0.132298437989
62725	BURNT	17.3041396904	0.572392287447
61527	BURNT	7.22313807669	0.268056033597
8186	BURNT	4.86868600676	0.185265798897
31249	BURNT	3.16778123658	0.122697314278
4133	BURNT	4.56743242815	0.174352721532
519539	BURNT	16.6687513168	0.555611144489
6998	BURNT	2.9141388233	0.113168670899
1060	BURNT	11.1167955667	0.395238565199
2879	ACID	6.09697115153	0.229009623172
16255	ACID	4.26666840356	0.163384952436
15606	ACID	5.38537225099	0.203813996327
11527	ACID	10.9607519382	0.390374844306
10430	ACID	4.86385747931	0.185091455341
7151	ACID	6.51456373062	0.243606732985
5367698	ACID	4.07876486025	0.156496065296
641423	ACID	3.82717087689	0.147227940307
6943	ACID	8.64130932095	0.315783482126
61204	ACID	3.73667279267	0.143881822283
6137	ACID	6.00661318778	0.225832766716
660	ACID	5.49393440104	0.207684049961
8193	ACID	9.84547543841	0.355045662893
10882	ACID	4.63583179403	0.176836897192
11124	ACID	7.18123849796	0.266621465373
8363	ACID	3.34769390279	0.129424934325
10448	ACID	4.81758422081	0.183419721743
8375	ACID	6.14554265029	0.230714628225
8785	ACID	5.28779199772	0.200327382224
31404	ACID	7.72365487559	0.285084257169
5780	ACID	8.45527280843	0.309614257031
7991	ACID	8.2121116799	0.301508955899
61653	ACID	8.54865822946	0.312714506169
6997	ACID	7.22024189102	0.267956918455
24197	ACID	2.63854916553	0.102757189942
12580	ACID	7.38776821032	0.273679080761
7997	ACID	9.89511386961	0.356639243387
7601	ACID	5.50536205773	0.208090877754
650	ACID	9.36776262056	0.339608514216
6569	ACID	8.26742121815	0.303356747287
22386	ACID	9.01206110954	0.327995546205
14104	ACID	8.20103428765	0.301138586151
14296	ACID	11.7302650821	0.414170955726
244	ACID	7.60244559522	0.280978952198
24473	ACID	8.0496458792	0.296067115656
11525	ACID	11.6296571885	0.411086717012
61027	ACID	4.51133198203	0.172312432781
15380	ACID	5.78315670195	0.217948307502
228769	ACID	5.53504296901	0.209147038493
62902	ACID	7.24450213633	0.268786960972
326	ACID	5.12633069069	0.194541521087
8180	ACID	11.684528322	0.412769852038
5280450	ACID	10.9837157447	0.391091825165
8163	ACID	8.81307953126	0.321455032921
9256	ACID	3.80010829218	0.146228002474
101010	ACID	7.29236443569	0.270423145803
27458	ACID	6.2303622976	0.23368752616
24834	ACID	4.8125883256	0.183239130467
2682	ACID	8.30619806372	0.304650752039
520191	ACID	9.55817216326	0.345783424489
16324	ACID	4.98223071483	0.189360179435
10400	ACID	12.0159951139	0.422886149126
8294	ACID	4.38880333857	0.167847495645
8918	ACID	6.27050044944	0.235092347623
14286	ACID	9.4635888755	0.342719749258
31272	ACID	6.31368100426	0.236602213041
10285	ACID	12.5984916742	0.440450869981
7463	ACID	8.21290359749	0.301535429699
11980	ACID	8.59102061751	0.3141185706
6584	ACID	4.5366249889	0.17323261304
61024	ACID	5.97573048941	0.224745477624
62725	ACID	8.10385896267	0.297885346472
61527	ACID	11.8986284312	0.419314193831
8186	ACID	8.41982798329	0.308435718024
31249	ACID	4.77792785031	0.181985676195
4133	ACID	3.27195457701	0.126595908379
519539	ACID	7.10398950946	0.263972913598
6998	ACID	2.50984902951	0.09787422432
1060	ACID	4.01246206451	0.154058541853
2879	WARM	2.4394667515	0.0951982708472
16255	WARM	3.84165359276	0.14776282278
15606	WARM	5.08540786775	0.193071765437
11527	WARM	3.66872800321	0.141365294064
10430	WARM	7.49045676418	0.277175493553
7151	WARM	5.25747806678	0.199242692422
5367698	WARM	6.5654120264	0.245374627026
641423	WARM	7.00437929172	0.260550639964
6943	WARM	6.76316195764	0.252230334439
61204	WARM	6.49000686203	0.242752198854
6137	WARM	7.76357266278	0.286433682315
660	WARM	7.96948061482	0.293374176085
8193	WARM	3.50728589204	0.13537101395
10882	WARM	6.34850008735	0.23781862215
11124	WARM	4.04800739958	0.155365750421
8363	WARM	9.05908997183	0.329536754426
10448	WARM	6.65046359925	0.248327077536
8375	WARM	8.37350761559	0.306894052708
8785	WARM	7.26988818996	0.26965501788
31404	WARM	5.90158751213	0.22213200642
5780	WARM	9.22956059923	0.335108508427
7991	WARM	4.94694790329	0.188088998708
61653	WARM	7.39151265262	0.273806722387
6997	WARM	5.48898404082	0.207507783313
24197	WARM	8.15417774332	0.299570863865
12580	WARM	4.25948847174	0.163122242053
7997	WARM	4.52995187966	0.172989889574
7601	WARM	5.66860517309	0.21389097308
650	WARM	6.1444154419	0.230675081227
6569	WARM	3.13673736734	0.121533846169
22386	WARM	5.69504901195	0.214828527179
14104	WARM	6.58099982534	0.245916169533
14296	WARM	5.37633892935	0.203491549061
244	WARM	7.49007210034	0.277162411986
24473	WARM	4.95517777825	0.188385596404
11525	WARM	5.27962538216	0.200035237616
61027	WARM	5.82746176311	0.219514746284
15380	WARM	4.98723743029	0.189540482337
228769	WARM	4.91832036446	0.187056864496
62902	WARM	6.04583104875	0.227212412722
326	WARM	5.14089825024	0.195064396082
8180	WARM	7.64483023636	0.282415837717
5280450	WARM	9.67909157021	0.349689737359
8163	WARM	4.9386346085	0.187789339621
9256	WARM	6.02075649433	0.226330456268
101010	WARM	5.70180567829	0.215067991934
27458	WARM	8.13422652107	0.298902804404
24834	WARM	5.74291166685	0.216524052909
2682	WARM	6.13690142077	0.230411433212
520191	WARM	6.11732682666	0.229724398065
16324	WARM	6.99424603928	0.260202050508
10400	WARM	3.44384785805	0.133009879094
8294	WARM	6.26700075203	0.234969910711
8918	WARM	4.09758700213	0.157187392389
14286	WARM	7.28500559954	0.270171701347
31272	WARM	4.52002574827	0.172628776825
10285	WARM	6.09030200746	0.228775368881
7463	WARM	3.11703039515	0.120794864412
11980	WARM	5.76820040081	0.217419161687
6584	WARM	3.06961944368	0.119015752335
61024	WARM	4.59450808456	0.175336521567
62725	WARM	8.8160853861	0.32155407083
61527	WARM	6.17153485315	0.231626257148
8186	WARM	4.8105048245	0.183163810314
31249	WARM	5.60604277652	0.211670624816
4133	WARM	8.41963284778	0.308429226995
519539	WARM	8.72376540795	0.318508983161
6998	WARM	7.62269965973	0.281665766348
1060	WARM	6.00628207661	0.225821113311
2879	MUSKY	9.95789681541	0.358651989022
16255	MUSKY	9.54188776755	0.345256461835
15606	MUSKY	5.19719875433	0.197083600216
11527	MUSKY	8.9124966967	0.324726828921
10430	MUSKY	18.0983436193	0.592913728068
7151	MUSKY	6.7746125044	0.252626350342
5367698	MUSKY	11.4714745965	0.406221092093
641423	MUSKY	8.91450684975	0.32479290104
6943	MUSKY	9.19466350653	0.333969805462
61204	MUSKY	5.83554182575	0.21980025367
6137	MUSKY	13.6227955312	0.470679598015
660	MUSKY	7.1934184759	0.267038631288
8193	MUSKY	7.28633805796	0.2702172334
10882	MUSKY	2.65743873109	0.103472757
11124	MUSKY	8.44322324744	0.309213722375
8363	MUSKY	7.24944061871	0.268955869035
10448	MUSKY	10.7522639185	0.383846084992
8375	MUSKY	8.02008081219	0.295074553994
8785	MUSKY	7.0763426956	0.263023857446
31404	MUSKY	7.45191945672	0.275864336833
5780	MUSKY	0.0	0.0
7991	MUSKY	21.6409307006	0.678305275389
61653	MUSKY	8.58231063364	0.313830003021
6997	MUSKY	7.89735151762	0.290946796308
24197	MUSKY	2.7839336482	0.108257231305
12580	MUSKY	6.89070853261	0.256635595672
7997	MUSKY	6.31875646503	0.236779585295
7601	MUSKY	9.3389000047	0.338669978869
650	MUSKY	7.36257216752	0.272819899132
6569	MUSKY	5.55099695112	0.209714451184
22386	MUSKY	6.01115572864	0.225992631868
14104	MUSKY	6.90689841983	0.25719383848
14296	MUSKY	10.8059515255	0.385530625672
244	MUSKY	9.40463679287	0.340806594432
24473	MUSKY	1.97540116064	0.0774551625275
11525	MUSKY	5.47647808709	0.207062398588
61027	MUSKY	9.90590370994	0.356985377073
15380	MUSKY	11.2786677555	0.400263371685
228769	MUSKY	9.64674761764	0.348646008866
62902	MUSKY	2.39137042359	0.0933673559426
326	MUSKY	2.11511957354	0.0828152906174
8180	MUSKY	12.6977308011	0.443416285045
5280450	MUSKY	16.5390267897	0.552145308727
8163	MUSKY	4.53523809805	0.17318217008
9256	MUSKY	8.54343977229	0.312541445634
101010	MUSKY	10.9487677327	0.390000503363
27458	MUSKY	13.3257068371	0.461998488401
24834	MUSKY	3.66823317218	0.141346953045
2682	MUSKY	10.2323516541	0.367413658014
520191	MUSKY	12.1091520042	0.425713455265
16324	MUSKY	6.57442447118	0.245687755996
10400	MUSKY	3.63371257206	0.14006695606
8294	MUSKY	5.31843901361	0.201423243128
8918	MUSKY	6.90310808668	0.257063162965
14286	MUSKY	12.4046011405	0.434634393839
31272	MUSKY	3.99779937115	0.153519014921
10285	MUSKY	10.6011078619	0.379090919317
7463	MUSKY	8.06747663125	0.296665393572
11980	MUSKY	9.0264053026	0.328465815029
6584	MUSKY	6.57297398759	0.245637364687
61024	MUSKY	8.28338432844	0.303889590765
62725	MUSKY	14.2175959178	0.48784782324
61527	MUSKY	10.5933331746	0.378845843885
8186	MUSKY	12.8865473649	0.449036653402
31249	MUSKY	3.14075052592	0.12168429549
4133	MUSKY	2.86338626606	0.111255858279
519539	MUSKY	13.8622360394	0.47762480637
6998	MUSKY	4.67747957967	0.178347657099
1060	MUSKY	8.10013674444	0.297760583666
2879	SWEATY	4.15022491889	0.159119250005
16255	SWEATY	3.43848945435	0.132810294283
15606	SWEATY	2.62417668245	0.102212545994
11527	SWEATY	3.06871936247	0.118981959089
10430	SWEATY	12.6220454419	0.441155405222
7151	SWEATY	0.938576141017	0.0371906755717
5367698	SWEATY	5.6414086753	0.212926150275
641423	SWEATY	5.50508927609	0.208081167869
6943	SWEATY	3.54132785769	0.136636713109
61204	SWEATY	1.63347725139	0.0642717908834
6137	SWEATY	7.65000166423	0.282591056384
660	SWEATY	1.35309403339	0.0533914159504
8193	SWEATY	3.59106994774	0.138484484562
10882	SWEATY	2.07286232532	0.081195789725
11124	SWEATY	1.74290503126	0.0685011140713
8363	SWEATY	2.09083587936	0.0818847973047
10448	SWEATY	9.00825248481	0.32787065426
8375	SWEATY	3.35537474715	0.129711574009
8785	SWEATY	3.90439922276	0.150078235594
31404	SWEATY	0.866550733465	0.0343616652692
5780	SWEATY	0.0	0.0
7991	SWEATY	18.8414838933	0.611658749611
61653	SWEATY	3.5628864933	0.137437795666
6997	SWEATY	2.17864732054	0.0852472911626
24197	SWEATY	4.20539466257	0.161141648796
12580	SWEATY	3.57990942675	0.138070076469
7997	SWEATY	3.84244619433	0.147792090671
7601	SWEATY	5.58968222819	0.211089470163
650	SWEATY	1.1734276395	0.0463863326099
6569	SWEATY	1.57709099275	0.0620887533104
22386	SWEATY	2.69535035218	0.104908048679
14104	SWEATY	1.36389175789	0.0538115900246
14296	SWEATY	4.74544918791	0.180810252318
244	SWEATY	5.23787199445	0.198540758566
24473	SWEATY	0.78553434781	0.0311745482278
11525	SWEATY	3.65327455114	0.140792416067
61027	SWEATY	6.86766741157	0.255840754192
15380	SWEATY	9.77984636216	0.35293569654
228769	SWEATY	3.9823545167	0.152950521669
62902	SWEATY	0.9647184629	0.0382164658309
326	SWEATY	1.24145326762	0.0490416482184
8180	SWEATY	7.14066816433	0.26523106984
5280450	SWEATY	10.2335788136	0.367452698411
8163	SWEATY	3.41441611383	0.131913349594
9256	SWEATY	4.43696172201	0.169603817151
101010	SWEATY	5.37350279535	0.203390298897
27458	SWEATY	7.41421612884	0.274580404832
24834	SWEATY	1.76870425153	0.0694968441696
2682	SWEATY	7.29805250743	0.270617472137
520191	SWEATY	3.35067056998	0.129536025492
16324	SWEATY	4.08135233661	0.156591118706
10400	SWEATY	1.76822560819	0.0694783756072
8294	SWEATY	2.02599347269	0.0793978790871
8918	SWEATY	2.46606378948	0.0962099633337
14286	SWEATY	2.80367446293	0.109002742319
31272	SWEATY	1.62278757226	0.0638581270886
10285	SWEATY	3.24455944959	0.125571511575
7463	SWEATY	2.05070668004	0.0803461080464
11980	SWEATY	1.51444612894	0.0596604263267
6584	SWEATY	2.08251525305	0.0815658622102
61024	SWEATY	2.76831613082	0.107667215553
62725	SWEATY	6.15763964914	0.231138975546
61527	SWEATY	4.156734433	0.159358000861
8186	SWEATY	4.89200413703	0.18610748369
31249	SWEATY	4.403069335	0.168367965572
4133	SWEATY	1.65373695258	0.0650555397398
519539	SWEATY	4.90478857851	0.18656876274
6998	SWEATY	1.00207517232	0.0396813450326
1060	SWEATY	2.57554474763	0.100368417606
2879	AMMONIA/URINOUS	8.81213458465	0.321423897011
16255	AMMONIA/URINOUS	2.69675362888	0.104961153101
15606	AMMONIA/URINOUS	3.54924746709	0.136931035651
11527	AMMONIA/URINOUS	7.78538567236	0.287170534868
10430	AMMONIA/URINOUS	4.68949449364	0.178783236303
7151	AMMONIA/URINOUS	2.7892347336	0.108457457184
5367698	AMMONIA/URINOUS	7.91094245027	0.29140449383
641423	AMMONIA/URINOUS	5.83502557504	0.219782013617
6943	AMMONIA/URINOUS	5.05009828949	0.191802534486
61204	AMMONIA/URINOUS	3.68336484582	0.141907723198
6137	AMMONIA/URINOUS	6.93134684375	0.258036446123
660	AMMONIA/URINOUS	5.85770465011	0.220583104497
8193	AMMONIA/URINOUS	9.78548560845	0.353117132901
10882	AMMONIA/URINOUS	1.13205979995	0.0447697682417
11124	AMMONIA/URINOUS	5.08013536916	0.192882304619
8363	AMMONIA/URINOUS	2.78784066148	0.108404804238
10448	AMMONIA/URINOUS	8.58772201385	0.314009292799
8375	AMMONIA/URINOUS	3.79520957785	0.146046936818
8785	AMMONIA/URINOUS	5.90943087909	0.222408685838
31404	AMMONIA/URINOUS	5.24183698535	0.198682737422
5780	AMMONIA/URINOUS	3.81202871089	0.146668523279
7991	AMMONIA/URINOUS	9.62442962152	0.347925326645
61653	AMMONIA/URINOUS	8.4872712372	0.310677340266
6997	AMMONIA/URINOUS	5.39002208009	0.203979947994
24197	AMMONIA/URINOUS	1.85704193116	0.0729022353527
12580	AMMONIA/URINOUS	6.86272714733	0.255670276334
7997	AMMONIA/URINOUS	6.02812513212	0.226589688241
7601	AMMONIA/URINOUS	7.92948523994	0.292028715129
650	AMMONIA/URINOUS	5.78158078436	0.217892560828
6569	AMMONIA/URINOUS	5.23809143223	0.198548616548
22386	AMMONIA/URINOUS	7.65306467432	0.282694827409
14104	AMMONIA/URINOUS	5.365948817	0.203120589997
14296	AMMONIA/URINOUS	8.13761957256	0.299016441979
244	AMMONIA/URINOUS	10.3324512097	0.370594229188
24473	AMMONIA/URINOUS	4.78504180748	0.182243022259
11525	AMMONIA/URINOUS	9.31096366179	0.337760928747
61027	AMMONIA/URINOUS	0.646475821786	0.0256918604762
15380	AMMONIA/URINOUS	5.02981635408	0.191073033141
228769	AMMONIA/URINOUS	5.12213216652	0.194390791488
62902	AMMONIA/URINOUS	2.13879259319	0.0837219302248
326	AMMONIA/URINOUS	3.71684696584	0.143147898087
8180	AMMONIA/URINOUS	7.5372014452	0.278764295558
5280450	AMMONIA/URINOUS	4.46401929209	0.170589784388
8163	AMMONIA/URINOUS	6.28854305672	0.235723412758
9256	AMMONIA/URINOUS	3.66319279232	0.141160119119
101010	AMMONIA/URINOUS	8.32486549003	0.30527326543
27458	AMMONIA/URINOUS	6.03890031829	0.22696868591
24834	AMMONIA/URINOUS	2.07140387614	0.0811398694384
2682	AMMONIA/URINOUS	6.83901426975	0.254851724317
520191	AMMONIA/URINOUS	8.02531149402	0.29525020993
16324	AMMONIA/URINOUS	2.63844402969	0.102753206428
10400	AMMONIA/URINOUS	10.5091865207	0.376190260298
8294	AMMONIA/URINOUS	3.90213904709	0.149994886226
8918	AMMONIA/URINOUS	6.84828312836	0.255171732412
14286	AMMONIA/URINOUS	9.35947971249	0.339339244304
31272	AMMONIA/URINOUS	3.67635498769	0.141647965109
10285	AMMONIA/URINOUS	11.80740837	0.416530377835
7463	AMMONIA/URINOUS	2.73849659919	0.106540118518
11980	AMMONIA/URINOUS	2.27146694761	0.0887948530667
6584	AMMONIA/URINOUS	5.02990036471	0.191076055517
61024	AMMONIA/URINOUS	5.9881587066	0.225183130386
62725	AMMONIA/URINOUS	3.63448475576	0.140095598454
61527	AMMONIA/URINOUS	8.49389159504	0.31089718603
8186	AMMONIA/URINOUS	5.76539166724	0.217319770259
31249	AMMONIA/URINOUS	1.188645516	0.0469806693749
4133	AMMONIA/URINOUS	0.558177813087	0.0222024875351
519539	AMMONIA/URINOUS	4.27276595775	0.163608026738
6998	AMMONIA/URINOUS	0.201539848246	0.00804534660567
1060	AMMONIA/URINOUS	2.09085888518	0.081885679056
2879	DECAYED	5.20985204543	0.197537058483
16255	DECAYED	5.4223824626	0.205134405876
15606	DECAYED	3.61572544408	0.139399629568
11527	DECAYED	3.90951840835	0.15026700266
10430	DECAYED	9.64318318589	0.348530934653
7151	DECAYED	6.49401106082	0.24289157057
5367698	DECAYED	6.60984146014	0.246917656754
641423	DECAYED	4.49219941526	0.171616034376
6943	DECAYED	4.77459083799	0.181864946452
61204	DECAYED	2.75391739682	0.107123071461
6137	DECAYED	16.5796603481	0.553232359021
660	DECAYED	3.96374995819	0.152265472835
8193	DECAYED	3.95437412099	0.151920134964
10882	DECAYED	2.68595302997	0.104552383727
11124	DECAYED	2.95753393214	0.114802554502
8363	DECAYED	1.93586488915	0.0759355664184
10448	DECAYED	12.8632365165	0.448344319189
8375	DECAYED	4.8856846929	0.185879421749
8785	DECAYED	3.38187400131	0.130700131348
31404	DECAYED	2.68390746722	0.104474954972
5780	DECAYED	2.98505834189	0.115838104354
7991	DECAYED	15.6007464993	0.526676543438
61653	DECAYED	5.81524203333	0.219082865371
6997	DECAYED	5.34254805848	0.202284794436
24197	DECAYED	1.985944272	0.0778601810194
12580	DECAYED	4.57281280448	0.174548265401
7997	DECAYED	8.54110438852	0.31246398987
7601	DECAYED	3.87030659237	0.148820554447
650	DECAYED	2.06505972385	0.0808966002887
6569	DECAYED	1.4409109108	0.0568059467309
22386	DECAYED	3.08795659813	0.119704073544
14104	DECAYED	2.67594391973	0.104173486445
14296	DECAYED	5.42507793426	0.205230529133
244	DECAYED	5.56759641935	0.210304604819
24473	DECAYED	1.31491974417	0.0519051841933
11525	DECAYED	3.61277246496	0.139290048645
61027	DECAYED	3.21455430812	0.124448828565
15380	DECAYED	19.9037956248	0.637687392883
228769	DECAYED	7.04436147497	0.261925247563
62902	DECAYED	0.0	0.0
326	DECAYED	2.56162100238	0.0998400792311
8180	DECAYED	3.85361280821	0.148204379658
5280450	DECAYED	2.30377459478	0.0900280328377
8163	DECAYED	4.16223596993	0.15955975549
9256	DECAYED	9.38821995496	0.340273328629
101010	DECAYED	17.4718019368	0.576766532304
27458	DECAYED	7.96306465681	0.293158426781
24834	DECAYED	2.45776323636	0.095894289404
2682	DECAYED	3.42627235428	0.132355157273
520191	DECAYED	8.82287390353	0.321777714574
16324	DECAYED	7.92675781273	0.291936916741
10400	DECAYED	2.32843345127	0.0909686971158
8294	DECAYED	1.96349777064	0.0769977814276
8918	DECAYED	7.04082017669	0.261803547563
14286	DECAYED	7.7981088619	0.287600153747
31272	DECAYED	4.85934584805	0.184928537094
10285	DECAYED	4.21618216523	0.161536809789
7463	DECAYED	4.78023598428	0.182069176945
11980	DECAYED	7.59700983787	0.280794570124
6584	DECAYED	1.15541451885	0.04568258767
61024	DECAYED	5.5979724344	0.211383979225
62725	DECAYED	11.9256159153	0.420136510628
61527	DECAYED	3.97050427134	0.152514209186
8186	DECAYED	3.8160460543	0.146816959177
31249	DECAYED	0.19355633379	0.00772726772987
4133	DECAYED	3.86111046164	0.148481148867
519539	DECAYED	10.2152176504	0.366868437357
6998	DECAYED	2.84482710307	0.110555867624
1060	DECAYED	3.46958753397	0.133968286296
2879	WOOD	2.7853843057	0.108312025936
16255	WOOD	3.73089924222	0.143668126027
15606	WOOD	2.51921300465	0.0982299465209
11527	WOOD	3.33748115351	0.12904373396
10430	WOOD	1.34493017876	0.0530736722761
7151	WOOD	7.64907242738	0.282559573496
5367698	WOOD	3.16849339564	0.122723995666
641423	WOOD	2.03152214575	0.0796100529385
6943	WOOD	4.58631769496	0.175038983799
61204	WOOD	4.9474421103	0.188106811038
6137	WOOD	3.38771609666	0.130917995726
660	WOOD	3.25043560744	0.125791291642
8193	WOOD	1.89793489141	0.0744765329155
10882	WOOD	0.945658039355	0.0374686139232
11124	WOOD	2.51712624421	0.0981506799565
8363	WOOD	1.56958551152	0.0617979809897
10448	WOOD	2.80917929638	0.109210576528
8375	WOOD	4.41096290077	0.168655878546
8785	WOOD	1.58475742076	0.0623857143973
31404	WOOD	5.05038932445	0.191813000047
5780	WOOD	4.4838548152	0.171312211006
7991	WOOD	2.65863214604	0.103517955886
61653	WOOD	7.16813356773	0.266172487171
6997	WOOD	3.22231213923	0.12473916736
24197	WOOD	2.89435352785	0.112423228176
12580	WOOD	1.49780658735	0.0590148936649
7997	WOOD	0.352911705437	0.0140666495488
7601	WOOD	2.59944393048	0.10127491372
650	WOOD	3.44159602819	0.132926007839
6569	WOOD	2.17374384555	0.0850596888997
22386	WOOD	2.45207521435	0.0956779394312
14104	WOOD	5.41142755472	0.204743682917
14296	WOOD	8.62027333676	0.31508728851
244	WOOD	2.92575935602	0.113606347117
24473	WOOD	3.56756733675	0.137611678789
11525	WOOD	4.50233435233	0.171984968245
61027	WOOD	4.28913650098	0.16420678327
15380	WOOD	1.4663488553	0.0577938826259
228769	WOOD	3.30288649045	0.12775183595
62902	WOOD	1.80522079732	0.0709053030419
326	WOOD	1.73338013767	0.0681333628262
8180	WOOD	8.65236586655	0.316149260627
5280450	WOOD	11.5015988221	0.407149242698
8163	WOOD	3.43781327538	0.132785106969
9256	WOOD	3.08531780933	0.119605037979
101010	WOOD	3.30290990505	0.127752710666
27458	WOOD	8.23774935888	0.302365768555
24834	WOOD	0.740536304848	0.0294020945864
2682	WOOD	2.6477205661	0.103104652966
520191	WOOD	6.76318238635	0.252231041057
16324	WOOD	0.444722561113	0.017709791182
10400	WOOD	1.65663903083	0.0651677800818
8294	WOOD	2.89755772277	0.112543972608
8918	WOOD	2.16946495376	0.0848959668763
14286	WOOD	9.34529998658	0.338878146728
31272	WOOD	0.747700963038	0.0296844158295
10285	WOOD	4.39712349451	0.16815106177
7463	WOOD	4.50760197823	0.172176688892
11980	WOOD	3.05300679603	0.118391931643
6584	WOOD	2.00776525602	0.0786981617114
61024	WOOD	3.75131498363	0.144423653703
62725	WOOD	4.00772500289	0.153884256236
61527	WOOD	5.79552831196	0.218385873113
8186	WOOD	6.06420105899	0.227858228566
31249	WOOD	1.35354152577	0.0534088311661
4133	WOOD	3.71167207502	0.142956279164
519539	WOOD	4.75888738865	0.181296691875
6998	WOOD	1.07643454662	0.0425938973316
1060	WOOD	3.64841047896	0.140612059549
2879	GRASS	0.771402200138	0.0306180634638
16255	GRASS	3.80717892566	0.146489312477
15606	GRASS	3.63123333527	0.139974991197
11527	GRASS	3.15069933154	0.122057210751
10430	GRASS	1.01457285102	0.0401711708127
7151	GRASS	2.78216954407	0.108190594814
5367698	GRASS	10.3258156521	0.370383638532
641423	GRASS	3.11648622067	0.120774454281
6943	GRASS	3.09818239789	0.120087802247
61204	GRASS	1.4619678552	0.0576237742041
6137	GRASS	2.97939661391	0.115625142883
660	GRASS	0.645697812748	0.0256611422438
8193	GRASS	2.89728633626	0.112533746205
10882	GRASS	1.472503907	0.0580328491776
11124	GRASS	3.48732511704	0.134628430093
8363	GRASS	1.25387738851	0.0495262121381
10448	GRASS	5.59388294627	0.211238707284
8375	GRASS	2.22623474986	0.0870669415299
8785	GRASS	3.48598260522	0.134578474319
31404	GRASS	4.41170929116	0.168683100098
5780	GRASS	3.39138811243	0.131054919166
7991	GRASS	0.166450369171	0.00664693247668
61653	GRASS	0.0	0.0
6997	GRASS	3.08925759298	0.119752898729
24197	GRASS	4.09043201275	0.156924626889
12580	GRASS	1.82647057191	0.0717244249762
7997	GRASS	4.26158331838	0.163198895783
7601	GRASS	2.7728751403	0.107839470994
650	GRASS	0.843995358605	0.0334748830781
6569	GRASS	1.41445067598	0.0557777587532
22386	GRASS	1.82196775658	0.0715508836607
14104	GRASS	3.95958429021	0.152112048508
14296	GRASS	1.67189381674	0.0657576610959
244	GRASS	2.13872105011	0.0837191909124
24473	GRASS	4.61807677671	0.176192417822
11525	GRASS	2.19766261358	0.0859746161579
61027	GRASS	6.19006320064	0.232275775054
15380	GRASS	3.43231404369	0.13258024987
228769	GRASS	2.98395656397	0.115796663849
62902	GRASS	4.26675478802	0.163388112952
326	GRASS	3.67581106882	0.141627807947
8180	GRASS	1.21758160759	0.0481102623151
5280450	GRASS	8.93656815744	0.325517826125
8163	GRASS	0.0836438549918	0.00334295568188
9256	GRASS	2.40708749302	0.0939658716412
101010	GRASS	5.54936685041	0.20965648504
27458	GRASS	3.29623053617	0.127503167148
24834	GRASS	3.51405790933	0.135622875177
2682	GRASS	2.51523224529	0.0980787325124
520191	GRASS	3.79460375991	0.146024543319
16324	GRASS	1.59826030718	0.0629086378835
10400	GRASS	0.633922357133	0.0251961512634
8294	GRASS	6.38413123736	0.239062396832
8918	GRASS	1.53399177647	0.0604184187507
14286	GRASS	4.3282067796	0.165634921613
31272	GRASS	4.21739025955	0.161581058142
10285	GRASS	1.15358721428	0.0456111831869
7463	GRASS	4.13831927821	0.158682496549
11980	GRASS	1.6712137151	0.0657313664914
6584	GRASS	3.98270926914	0.152963581517
61024	GRASS	3.00721395717	0.116671223973
62725	GRASS	2.56778314978	0.100073921869
61527	GRASS	4.20187914425	0.161012850433
8186	GRASS	0.403652450066	0.0160809238825
31249	GRASS	4.28536122075	0.164068720513
4133	GRASS	1.94722787051	0.0763724362687
519539	GRASS	2.01709519805	0.0790563387068
6998	GRASS	2.06409860292	0.0808597428998
1060	GRASS	0.607420514439	0.024149236705
2879	FLOWER	4.79618818757	0.18264615905
16255	FLOWER	8.22189422035	0.301835950986
15606	FLOWER	9.98576047031	0.359544253944
11527	FLOWER	6.32059094252	0.236843689756
10430	FLOWER	0.635152793083	0.0252447440951
7151	FLOWER	7.50599657639	0.277703869214
5367698	FLOWER	10.9356069636	0.38958927868
641423	FLOWER	5.93316934555	0.223245774429
6943	FLOWER	0.845691338176	0.0335415759913
61204	FLOWER	9.35118807741	0.339069635713
6137	FLOWER	1.25378377051	0.0495225613231
660	FLOWER	9.93372881934	0.357877565471
8193	FLOWER	6.91393976361	0.257436565322
10882	FLOWER	8.33407750877	0.305580361182
11124	FLOWER	5.86220326133	0.220741959622
8363	FLOWER	10.2414359477	0.367702633799
10448	FLOWER	3.41161183778	0.131808835379
8375	FLOWER	5.51573217164	0.20845996631
8785	FLOWER	11.3640450949	0.40290519543
31404	FLOWER	11.492587658	0.40687167789
5780	FLOWER	8.126201222	0.29863399036
7991	FLOWER	0.985180749187	0.039018997524
61653	FLOWER	0.976270310459	0.0386695709307
6997	FLOWER	3.14677119292	0.121909980141
24197	FLOWER	8.97601826442	0.326813169024
12580	FLOWER	6.32872687477	0.237127961449
7997	FLOWER	6.44931568027	0.241335158113
7601	FLOWER	18.2265743827	0.596179769818
650	FLOWER	1.66579130421	0.0655217079007
6569	FLOWER	3.79319812157	0.145972584067
22386	FLOWER	4.58050478573	0.174827781792
14104	FLOWER	2.9509957416	0.114556479317
14296	FLOWER	1.08767217946	0.0430336748703
244	FLOWER	11.4424264517	0.405325408828
24473	FLOWER	5.6174550665	0.21207588209
11525	FLOWER	3.68454924429	0.141951608518
61027	FLOWER	6.23149361895	0.233727139669
15380	FLOWER	1.03965426938	0.0411538183753
228769	FLOWER	4.13834098044	0.15868329279
62902	FLOWER	9.73525934778	0.351500264084
326	FLOWER	7.60271564319	0.280988111667
8180	FLOWER	2.28266274571	0.0892222901442
5280450	FLOWER	0.0	0.0
8163	FLOWER	6.67503810694	0.249179070786
9256	FLOWER	0.834546257566	0.0331032633202
101010	FLOWER	4.53981480291	0.173348624739
27458	FLOWER	0.0	0.0
24834	FLOWER	10.2145123114	0.366845987753
2682	FLOWER	1.51286379484	0.0595990490487
520191	FLOWER	3.35784903909	0.129803901496
16324	FLOWER	5.62474283721	0.212334620694
10400	FLOWER	4.31315129996	0.165084742344
8294	FLOWER	11.8651250614	0.418292525367
8918	FLOWER	7.14223433117	0.26528476875
14286	FLOWER	4.47807153017	0.171101611355
31272	FLOWER	8.10881421196	0.298051421309
10285	FLOWER	2.67782749733	0.104244795851
7463	FLOWER	3.36727101057	0.1301554348
11980	FLOWER	5.2932547557	0.200522771864
6584	FLOWER	6.31657501704	0.236703352703
61024	FLOWER	7.8959211776	0.290898618607
62725	FLOWER	0.0	0.0
61527	FLOWER	6.0239687917	0.226443471667
8186	FLOWER	2.118178458	0.082932466328
31249	FLOWER	7.06564919561	0.262656608402
4133	FLOWER	6.90680754829	0.257190705728
519539	FLOWER	0.0	0.0
6998	FLOWER	8.13054293792	0.298779426131
1060	FLOWER	3.10904223973	0.12049523213
2879	CHEMICAL	18.7318353777	0.60892075246
16255	CHEMICAL	9.80376326206	0.353705020843
15606	CHEMICAL	14.5334812493	0.496850419082
11527	CHEMICAL	30.3258048508	0.845170418093
10430	CHEMICAL	13.0971672589	0.455272374272
7151	CHEMICAL	7.29794667252	0.270613856647
5367698	CHEMICAL	5.94469948621	0.223652198656
641423	CHEMICAL	9.15093468428	0.332541545133
6943	CHEMICAL	29.4650220807	0.831325872742
61204	CHEMICAL	10.1657324195	0.365292450529
6137	CHEMICAL	7.91495652644	0.291539646332
660	CHEMICAL	17.783991063	0.584851507269
8193	CHEMICAL	32.9841324773	0.88418410098
10882	CHEMICAL	14.5753944736	0.498038929321
11124	CHEMICAL	20.0884821333	0.642120439564
8363	CHEMICAL	18.2344923646	0.596381009865
10448	CHEMICAL	3.3568748321	0.129767549828
8375	CHEMICAL	26.2948288124	0.775225943586
8785	CHEMICAL	24.0069630903	0.729744812883
31404	CHEMICAL	25.6383534313	0.762604070585
5780	CHEMICAL	16.5480511432	0.552386847072
7991	CHEMICAL	13.8308314413	0.476716498309
61653	CHEMICAL	17.544635286	0.578659720512
6997	CHEMICAL	32.6139565272	0.879090196945
24197	CHEMICAL	6.8279128732	0.254468357247
12580	CHEMICAL	16.389161843	0.548124623354
7997	CHEMICAL	31.5036347233	0.86315378862
7601	CHEMICAL	8.7496956514	0.319364956459
650	CHEMICAL	18.4470988697	0.601765772103
6569	CHEMICAL	23.7358402728	0.72407756553
22386	CHEMICAL	29.138439087	0.82591811051
14104	CHEMICAL	23.8747601598	0.726988737317
14296	CHEMICAL	27.3670473093	0.795099780999
244	CHEMICAL	23.9191226508	0.727915134678
24473	CHEMICAL	27.2122946637	0.792288194202
11525	CHEMICAL	33.7074473987	0.893821091894
61027	CHEMICAL	5.28190633617	0.200116839629
15380	CHEMICAL	8.42403464084	0.308575641782
228769	CHEMICAL	21.5934969152	0.677228232998
62902	CHEMICAL	20.6681033681	0.655855935991
326	CHEMICAL	13.470943498	0.466251212431
8180	CHEMICAL	29.6838353852	0.834901382138
5280450	CHEMICAL	18.516509549	0.603515931608
8163	CHEMICAL	24.8157580026	0.746301582006
9256	CHEMICAL	0.833143236111	0.0330480783837
101010	CHEMICAL	11.3725814391	0.403169014128
27458	CHEMICAL	17.8623016515	0.586867337945
24834	CHEMICAL	18.5524876764	0.604421587463
2682	CHEMICAL	32.9554363363	0.883793139806
520191	CHEMICAL	21.7197587101	0.680091181033
16324	CHEMICAL	12.4961595192	0.437384779677
10400	CHEMICAL	39.5386721828	0.956224248121
8294	CHEMICAL	9.65412668383	0.348884202542
8918	CHEMICAL	25.3707175201	0.75735937781
14286	CHEMICAL	25.4876152509	0.759657197566
31272	CHEMICAL	20.0226586788	0.640543602925
10285	CHEMICAL	32.020447809	0.870694281204
7463	CHEMICAL	21.1834121323	0.667841705466
11980	CHEMICAL	19.9701803999	0.639283973915
6584	CHEMICAL	11.1584290667	0.396532946974
61024	CHEMICAL	25.247685549	0.754929171728
62725	CHEMICAL	13.3616792106	0.463053379892
61527	CHEMICAL	30.6839532283	0.850756134845
8186	CHEMICAL	30.5271800693	0.848323713579
31249	CHEMICAL	12.0835691472	0.424937708555
4133	CHEMICAL	11.4568186104	0.405769267348
519539	CHEMICAL	12.5830762078	0.439989525571
6998	CHEMICAL	15.0989646614	0.512767092916
1060	CHEMICAL	5.40676267167	0.204577273832
