#oID	descriptor	value	sigma
2879	INTENSITY/STRENGTH	44.9227255482	0.989688513656
16255	INTENSITY/STRENGTH	46.9438590087	0.996264000897
15606	INTENSITY/STRENGTH	48.7862052359	0.999410680908
11527	INTENSITY/STRENGTH	51.301783953	0.999322143416
7151	INTENSITY/STRENGTH	51.4228254046	0.999190227147
5367698	INTENSITY/STRENGTH	49.8837714168	0.999994596367
641423	INTENSITY/STRENGTH	49.9565352848	0.999999244327
6943	INTENSITY/STRENGTH	50.6203933547	0.999846044834
61204	INTENSITY/STRENGTH	48.4445840744	0.999032272519
6137	INTENSITY/STRENGTH	52.5859230311	0.997325200831
660	INTENSITY/STRENGTH	50.1940374499	0.999984939787
8193	INTENSITY/STRENGTH	45.9299813147	0.993373979161
10882	INTENSITY/STRENGTH	53.5714236269	0.994897973311
11124	INTENSITY/STRENGTH	32.7335417669	0.880747768034
8363	INTENSITY/STRENGTH	47.9124669214	0.998256882258
8375	INTENSITY/STRENGTH	50.4785982601	0.999908377482
8785	INTENSITY/STRENGTH	50.1563203459	0.99999022558
31404	INTENSITY/STRENGTH	48.6899640872	0.999313522363
5780	INTENSITY/STRENGTH	49.3415532423	0.999826579147
6997	INTENSITY/STRENGTH	51.5824827271	0.998998299367
24197	INTENSITY/STRENGTH	49.8977439227	0.999995817478
12580	INTENSITY/STRENGTH	50.1530573686	0.999990629377
7997	INTENSITY/STRENGTH	58.9527588845	0.967939243343
7601	INTENSITY/STRENGTH	48.310996653	0.998858907077
650	INTENSITY/STRENGTH	30.1658876743	0.8426431953
6569	INTENSITY/STRENGTH	32.9978941806	0.884371359082
22386	INTENSITY/STRENGTH	32.7845929665	0.881451904269
14104	INTENSITY/STRENGTH	50.2061681773	0.999982997873
14296	INTENSITY/STRENGTH	52.1259013632	0.998192217358
244	INTENSITY/STRENGTH	44.2560430856	0.986802783586
24473	INTENSITY/STRENGTH	49.55220169	0.999919790669
11525	INTENSITY/STRENGTH	48.6715580695	0.999294096815
61027	INTENSITY/STRENGTH	46.9970581258	0.99639293604
228769	INTENSITY/STRENGTH	47.2797582902	0.997040114016
62902	INTENSITY/STRENGTH	52.2534538737	0.997968778256
326	INTENSITY/STRENGTH	50.0716109633	0.999997948748
8180	INTENSITY/STRENGTH	47.4317933941	0.997361725932
5280450	INTENSITY/STRENGTH	47.4799363258	0.997459711631
8163	INTENSITY/STRENGTH	48.4192221768	0.999000456589
9256	INTENSITY/STRENGTH	48.4005937369	0.998976759842
24834	INTENSITY/STRENGTH	51.1981055603	0.999425817227
2682	INTENSITY/STRENGTH	44.8552439555	0.989412594097
520191	INTENSITY/STRENGTH	50.8690806703	0.999697879515
16324	INTENSITY/STRENGTH	55.5151105469	0.987833422262
10400	INTENSITY/STRENGTH	49.5222867418	0.999908716017
8294	INTENSITY/STRENGTH	50.7720998628	0.999761544721
8918	INTENSITY/STRENGTH	47.8884754142	0.998216585569
14286	INTENSITY/STRENGTH	52.0970756925	0.998240909416
31272	INTENSITY/STRENGTH	53.2279690212	0.995832086399
7463	INTENSITY/STRENGTH	50.5673591574	0.999871241435
11980	INTENSITY/STRENGTH	50.7166607304	0.999794558959
6584	INTENSITY/STRENGTH	31.6061759155	0.864666894219
61024	INTENSITY/STRENGTH	47.6850730566	0.997856445299
8186	INTENSITY/STRENGTH	47.5379614991	0.997575346568
31249	INTENSITY/STRENGTH	50.6744811619	0.999818030065
4133	INTENSITY/STRENGTH	50.0746795474	0.999997769186
519539	INTENSITY/STRENGTH	52.5486755985	0.997401701077
6998	INTENSITY/STRENGTH	45.7737889892	0.992855656197
1060	INTENSITY/STRENGTH	28.4286465243	0.813870683691
2879	VALENCE/PLEASANTNESS	44.6767553322	0.988665226483
16255	VALENCE/PLEASANTNESS	46.5768148668	0.995312721417
15606	VALENCE/PLEASANTNESS	46.7513294667	0.995778455906
11527	VALENCE/PLEASANTNESS	45.4353321764	0.991665523064
10430	VALENCE/PLEASANTNESS	44.7112254842	0.988811545648
7151	VALENCE/PLEASANTNESS	45.5997196524	0.992255013145
5367698	VALENCE/PLEASANTNESS	46.1992791581	0.994221808433
641423	VALENCE/PLEASANTNESS	45.98678473	0.993557641279
6943	VALENCE/PLEASANTNESS	44.7483487249	0.988968063554
61204	VALENCE/PLEASANTNESS	46.5499973284	0.995238992626
6137	VALENCE/PLEASANTNESS	27.2014974793	0.792091313125
660	VALENCE/PLEASANTNESS	45.4454943967	0.991702591484
8193	VALENCE/PLEASANTNESS	45.4043375057	0.991551954495
10882	VALENCE/PLEASANTNESS	46.8301162735	0.995980734864
11124	VALENCE/PLEASANTNESS	46.2003672821	0.994225116484
8363	VALENCE/PLEASANTNESS	45.9193924879	0.993339456933
10448	VALENCE/PLEASANTNESS	44.3248959572	0.987117277641
8375	VALENCE/PLEASANTNESS	45.5549065207	0.992096457584
8785	VALENCE/PLEASANTNESS	45.9982339251	0.993594347313
31404	VALENCE/PLEASANTNESS	45.5189079755	0.991967925707
5780	VALENCE/PLEASANTNESS	43.8057923292	0.984652716532
7991	VALENCE/PLEASANTNESS	45.2426512204	0.990947053036
61653	VALENCE/PLEASANTNESS	44.9600829082	0.989839694283
6997	VALENCE/PLEASANTNESS	44.8740447238	0.989489833003
24197	VALENCE/PLEASANTNESS	46.4710563894	0.995018622797
12580	VALENCE/PLEASANTNESS	45.1300427471	0.990513406542
7997	VALENCE/PLEASANTNESS	46.4822460295	0.995050162801
7601	VALENCE/PLEASANTNESS	45.9913133955	0.993572172683
650	VALENCE/PLEASANTNESS	45.9082001783	0.993302869688
6569	VALENCE/PLEASANTNESS	45.7478787446	0.992767785932
22386	VALENCE/PLEASANTNESS	44.6273381276	0.988453801762
14104	VALENCE/PLEASANTNESS	45.6183139214	0.992320330844
14296	VALENCE/PLEASANTNESS	45.2416542863	0.990943258428
244	VALENCE/PLEASANTNESS	44.5557187792	0.988143920796
24473	VALENCE/PLEASANTNESS	46.1628873859	0.994110626715
11525	VALENCE/PLEASANTNESS	45.3267161891	0.991264167369
61027	VALENCE/PLEASANTNESS	46.5916838204	0.995353352328
15380	VALENCE/PLEASANTNESS	44.0090247961	0.985643286443
228769	VALENCE/PLEASANTNESS	46.5137676698	0.995138473656
62902	VALENCE/PLEASANTNESS	46.3538878725	0.994682346541
326	VALENCE/PLEASANTNESS	58.0740576806	0.973923837028
8180	VALENCE/PLEASANTNESS	45.5410345452	0.992047050829
5280450	VALENCE/PLEASANTNESS	45.7530342062	0.992785312619
8163	VALENCE/PLEASANTNESS	46.3330481755	0.994621385727
9256	VALENCE/PLEASANTNESS	43.0080625345	0.980445124192
101010	VALENCE/PLEASANTNESS	30.9165730807	0.854329126807
27458	VALENCE/PLEASANTNESS	44.7259776907	0.988873875472
24834	VALENCE/PLEASANTNESS	58.8356211051	0.968772719875
2682	VALENCE/PLEASANTNESS	45.362071021	0.991395845914
520191	VALENCE/PLEASANTNESS	29.414947771	0.830502249891
16324	VALENCE/PLEASANTNESS	46.4898217762	0.995071459535
10400	VALENCE/PLEASANTNESS	44.7588977781	0.989012339
8294	VALENCE/PLEASANTNESS	46.7879090446	0.995872988678
8918	VALENCE/PLEASANTNESS	46.7572019582	0.995793704344
14286	VALENCE/PLEASANTNESS	45.2764892272	0.991075378392
31272	VALENCE/PLEASANTNESS	46.6499130316	0.995510766922
10285	VALENCE/PLEASANTNESS	44.7646220984	0.989036327291
7463	VALENCE/PLEASANTNESS	44.9978022175	0.989991206938
11980	VALENCE/PLEASANTNESS	45.9296071139	0.993372760701
6584	VALENCE/PLEASANTNESS	46.3339656949	0.99462407699
61024	VALENCE/PLEASANTNESS	46.4889149577	0.99506891273
62725	VALENCE/PLEASANTNESS	28.523423551	0.815502665612
61527	VALENCE/PLEASANTNESS	46.11809688	0.993972331267
8186	VALENCE/PLEASANTNESS	33.8742418786	0.895983970004
31249	VALENCE/PLEASANTNESS	46.8233369759	0.995963524813
4133	VALENCE/PLEASANTNESS	45.8312968164	0.993048765507
519539	VALENCE/PLEASANTNESS	28.5829103008	0.816523307526
6998	VALENCE/PLEASANTNESS	56.5770062984	0.98269719526
1060	VALENCE/PLEASANTNESS	45.1619858642	0.990637447689
2879	BAKERY	4.79117584597	0.182464887444
16255	BAKERY	3.19107187504	0.123569699117
15606	BAKERY	3.14256733965	0.121752401792
11527	BAKERY	3.15413094274	0.122185820908
10430	BAKERY	3.67706710655	0.141674355259
7151	BAKERY	4.15967877021	0.15946597982
5367698	BAKERY	3.77768429559	0.145399012369
641423	BAKERY	4.14687975798	0.158996545628
6943	BAKERY	4.73686782436	0.18049954626
61204	BAKERY	3.38712314911	0.130895884673
6137	BAKERY	4.02647871298	0.154574136189
660	BAKERY	4.32978872119	0.165692720699
8193	BAKERY	2.84177953819	0.11044089715
10882	BAKERY	3.5753747416	0.137901667847
11124	BAKERY	3.73066292214	0.14365937855
8363	BAKERY	4.13548537723	0.158578519367
10448	BAKERY	3.26823261012	0.126456766647
8375	BAKERY	5.0877857764	0.193157205413
8785	BAKERY	4.12742060582	0.15828258389
31404	BAKERY	4.41330493539	0.168741293235
5780	BAKERY	3.51812273369	0.13577403432
7991	BAKERY	3.40194536093	0.131448521542
61653	BAKERY	4.27227118814	0.163589927083
6997	BAKERY	5.41356467363	0.204819913955
24197	BAKERY	5.78595860249	0.21804741732
12580	BAKERY	4.67070293698	0.178101931109
7997	BAKERY	3.63726048673	0.14019855393
7601	BAKERY	3.54821008406	0.136892485442
650	BAKERY	3.74490797866	0.144186584839
6569	BAKERY	3.66221543249	0.14112388855
22386	BAKERY	3.49633467962	0.134963644708
14104	BAKERY	5.05850371414	0.192104764635
14296	BAKERY	4.28083257652	0.163903092041
244	BAKERY	3.9247961817	0.150830237241
24473	BAKERY	3.78881021793	0.14581037557
11525	BAKERY	3.9031892942	0.150033617101
61027	BAKERY	3.22316773376	0.124771185255
15380	BAKERY	3.47536907249	0.134183486824
228769	BAKERY	3.19910103837	0.123870342553
62902	BAKERY	3.62384648235	0.139700953963
326	BAKERY	6.21348182749	0.233096330531
8180	BAKERY	3.01086250564	0.116808383014
5280450	BAKERY	3.09859758781	0.120103380708
8163	BAKERY	3.06925732368	0.11900215674
9256	BAKERY	4.61541199783	0.176095668749
101010	BAKERY	3.47635714603	0.134220262239
27458	BAKERY	4.13398919079	0.15852362098
24834	BAKERY	8.56682782839	0.313316897519
2682	BAKERY	2.8845519341	0.11205382142
520191	BAKERY	4.30375507633	0.164741279951
16324	BAKERY	3.65020148195	0.140678470934
10400	BAKERY	3.868397146	0.148750087248
8294	BAKERY	3.59329052567	0.138566926306
8918	BAKERY	3.18525772411	0.123351962257
14286	BAKERY	4.10896161608	0.157605038418
31272	BAKERY	3.52652245684	0.136086354018
10285	BAKERY	4.26686277119	0.163392063684
7463	BAKERY	4.13907632735	0.158710271957
11980	BAKERY	4.63124412266	0.176670396057
6584	BAKERY	3.72176406801	0.143329951609
61024	BAKERY	3.17477076473	0.122959162826
62725	BAKERY	4.04468540016	0.155243624012
61527	BAKERY	4.34597459778	0.166283985829
8186	BAKERY	3.03226766898	0.117612847873
31249	BAKERY	3.64847857033	0.140614584462
4133	BAKERY	5.11292670646	0.194060260456
519539	BAKERY	4.04754578003	0.155348780465
6998	BAKERY	6.17107363497	0.231610085476
1060	BAKERY	4.23283245405	0.162146549928
2879	SWEET	13.0962184931	0.455244364195
16255	SWEET	17.0022091369	0.564458319262
15606	SWEET	17.1253325085	0.567702494929
11527	SWEET	14.9513981017	0.50863820199
10430	SWEET	14.2887145924	0.489881637815
7151	SWEET	14.266134858	0.489236352805
5367698	SWEET	15.0990258589	0.512768801602
641423	SWEET	15.0130281446	0.510364720156
6943	SWEET	13.3149279307	0.461682194909
61204	SWEET	16.2933556927	0.545544851816
6137	SWEET	13.9584452722	0.48040253312
660	SWEET	13.2508366421	0.459799596997
8193	SWEET	14.7648677616	0.503394182457
10882	SWEET	16.7269390617	0.557161366318
11124	SWEET	15.9854174485	0.53720326954
8363	SWEET	14.6518778983	0.500204105554
10448	SWEET	13.6132818135	0.470402695847
8375	SWEET	14.5391584832	0.497011487569
8785	SWEET	19.8187127133	0.635635959086
31404	SWEET	13.8066790175	0.476017406503
5780	SWEET	13.6020772813	0.470076488705
7991	SWEET	14.9978305728	0.509939254155
61653	SWEET	13.8951530147	0.478576009667
6997	SWEET	14.1003827749	0.484486993235
24197	SWEET	16.475520048	0.550443697578
12580	SWEET	14.1570704072	0.486113759283
7997	SWEET	15.8604074473	0.533795288134
7601	SWEET	14.8495530263	0.505778431021
650	SWEET	15.3501287491	0.519754568918
6569	SWEET	15.2927490915	0.51816269375
22386	SWEET	14.0994715882	0.484460823903
14104	SWEET	14.2419134599	0.488543698796
14296	SWEET	14.0859690745	0.484072953072
244	SWEET	12.2624010336	0.4303494497
24473	SWEET	14.8298671729	0.505224702769
11525	SWEET	13.8648930646	0.477701618707
61027	SWEET	16.333693367	0.546631919077
15380	SWEET	13.7169689377	0.473416662772
228769	SWEET	16.8301785992	0.559905179296
62902	SWEET	16.0747889802	0.539632022905
326	SWEET	30.8413937998	0.853179123387
8180	SWEET	15.6081873685	0.526881289567
5280450	SWEET	15.2991976744	0.518341727184
8163	SWEET	16.5598211144	0.552701774438
9256	SWEET	11.1725787698	0.396972544245
101010	SWEET	14.8206857613	0.504966339878
27458	SWEET	13.8525718937	0.477345376519
24834	SWEET	34.715743071	0.906556596051
2682	SWEET	14.722353749	0.502195069995
520191	SWEET	14.9587671107	0.508844799041
16324	SWEET	16.394676042	0.54827288067
10400	SWEET	13.4638457312	0.466043772498
8294	SWEET	18.1732753458	0.594823839114
8918	SWEET	16.6375495788	0.554778760759
14286	SWEET	13.6482904589	0.471421285376
31272	SWEET	16.024833864	0.538275234412
10285	SWEET	12.530664609	0.438419562143
7463	SWEET	13.1062743397	0.455541202761
11980	SWEET	15.2731889937	0.517619438933
6584	SWEET	15.7517512854	0.530822983994
61024	SWEET	16.8580223009	0.560643725676
62725	SWEET	13.1046509683	0.455493287932
61527	SWEET	15.015977205	0.510447259632
8186	SWEET	15.1193948428	0.513337353547
31249	SWEET	16.9437614407	0.562914036925
4133	SWEET	15.007352856	0.510205858343
519539	SWEET	13.5218532625	0.467737924238
6998	SWEET	29.8754261626	0.838000611146
1060	SWEET	14.6186216568	0.499263226613
2879	FRUIT	4.3425448008	0.166158713893
16255	FRUIT	9.22533853589	0.334970792995
15606	FRUIT	8.96919201941	0.326589118584
11527	FRUIT	8.33035705289	0.305456342664
10430	FRUIT	2.28951780677	0.0894839555556
7151	FRUIT	6.08149388623	0.228465928294
5367698	FRUIT	6.9425916403	0.258423834138
641423	FRUIT	6.27954557996	0.235408746122
6943	FRUIT	4.79539247436	0.182617383381
61204	FRUIT	7.5555996918	0.279389152991
6137	FRUIT	7.07917302883	0.263121044844
660	FRUIT	4.68779191322	0.17872151932
8193	FRUIT	7.63327753934	0.282024331177
10882	FRUIT	11.7605664819	0.415098289685
11124	FRUIT	9.2945946453	0.337227989964
8363	FRUIT	5.66777758663	0.213861622356
10448	FRUIT	6.34349626532	0.237643872665
8375	FRUIT	5.56420328322	0.210183988058
8785	FRUIT	6.37006564922	0.238571531419
31404	FRUIT	4.97898872815	0.189243417624
5780	FRUIT	5.9227544296	0.222878569171
7991	FRUIT	4.84369035792	0.184363079804
61653	FRUIT	5.36014396964	0.202913301435
6997	FRUIT	5.01898451906	0.190683298522
24197	FRUIT	10.4663712782	0.374836880033
12580	FRUIT	5.4671138984	0.206728822185
7997	FRUIT	10.3761195986	0.371979240775
7601	FRUIT	6.08144325294	0.228464149302
650	FRUIT	7.59153021669	0.280608676255
6569	FRUIT	8.72175104807	0.318442465385
22386	FRUIT	7.51310505075	0.277945503029
14104	FRUIT	5.34840265409	0.202493941784
14296	FRUIT	5.39862179363	0.204286824837
244	FRUIT	4.49855386802	0.17184735996
24473	FRUIT	6.22909102855	0.233643011125
11525	FRUIT	5.32619738583	0.201700543996
61027	FRUIT	8.59715366386	0.314321726106
15380	FRUIT	6.09676797069	0.229002486952
228769	FRUIT	9.06184134549	0.329626866391
62902	FRUIT	17.3347666278	0.573193011495
326	FRUIT	9.38269242308	0.340093730081
8180	FRUIT	4.25567473388	0.162982682379
5280450	FRUIT	4.74639467306	0.180844481966
8163	FRUIT	8.56496264866	0.313255071877
9256	FRUIT	3.47368584789	0.134120836568
101010	FRUIT	6.7840297142	0.252951964903
27458	FRUIT	6.01090387263	0.225983768759
24834	FRUIT	9.32770617219	0.338305805914
2682	FRUIT	7.60936860964	0.281213748131
520191	FRUIT	6.57998116151	0.245880785626
16324	FRUIT	9.3828413733	0.340098570037
10400	FRUIT	4.86136246498	0.185001360593
8294	FRUIT	8.05419367559	0.296219732718
8918	FRUIT	8.92698648252	0.325203024237
14286	FRUIT	5.67434684057	0.214094588796
31272	FRUIT	10.0825806743	0.36263985375
10285	FRUIT	4.42638228886	0.169218147487
7463	FRUIT	4.97461651286	0.189085936734
11980	FRUIT	7.76323333746	0.286422216758
6584	FRUIT	8.3553978803	0.306290845717
61024	FRUIT	9.44504575175	0.342118274369
62725	FRUIT	5.37655931611	0.203499416613
61527	FRUIT	6.56501299737	0.245360761632
8186	FRUIT	7.90691631345	0.291268922303
31249	FRUIT	10.0211242015	0.360675795954
4133	FRUIT	5.89158639784	0.2217791398
519539	FRUIT	6.03094947666	0.226689038431
6998	FRUIT	9.26730795623	0.336339119547
1060	FRUIT	6.9072766461	0.257206877578
2879	FISH	1.49994260076	0.0590977729083
16255	FISH	1.06906179574	0.0423053145802
15606	FISH	1.05998114521	0.041949821797
11527	FISH	1.45834046839	0.0574829159667
10430	FISH	1.26419973814	0.0499287091346
7151	FISH	1.35497629941	0.0534646676677
5367698	FISH	1.37202087357	0.0541278584319
641423	FISH	1.4049829984	0.0554097290455
6943	FISH	1.44772726141	0.0570707247669
61204	FISH	1.18071319545	0.0466708943581
6137	FISH	4.45508645353	0.170264340018
660	FISH	1.54825900348	0.0609715177623
8193	FISH	1.00803038674	0.0399147653652
10882	FISH	1.16023637917	0.0458709957844
11124	FISH	1.2314798491	0.0486525769166
8363	FISH	1.41800393955	0.0559158635131
10448	FISH	4.5608822355	0.174114630714
8375	FISH	1.37025842634	0.0540592937915
8785	FISH	1.40002667619	0.0552170371699
31404	FISH	1.36480301382	0.0538470456463
5780	FISH	1.37707829945	0.0543245941209
7991	FISH	1.21856027936	0.0481484555125
61653	FISH	2.76898915686	0.107692645894
6997	FISH	1.47566171212	0.0581554374893
24197	FISH	1.22218639787	0.0482899600785
12580	FISH	1.43034059127	0.0563952739682
7997	FISH	1.21558712137	0.0480324240351
7601	FISH	1.40284334026	0.0553265458355
650	FISH	1.19074176467	0.0470625242068
6569	FISH	1.24209493694	0.0490666775445
22386	FISH	1.47419405692	0.0580984630298
14104	FISH	1.40161917406	0.0552789524389
14296	FISH	1.38440961844	0.054609748741
244	FISH	1.60931005885	0.0633364508077
24473	FISH	1.31169796905	0.0517796981371
11525	FISH	1.45296102447	0.0572740026833
61027	FISH	1.08220420171	0.0428197016945
15380	FISH	7.86238225909	0.289768468449
228769	FISH	1.0544945635	0.0417349990262
62902	FISH	1.19871504455	0.0473738346788
326	FISH	1.37567199574	0.0542698904537
8180	FISH	1.04452535846	0.0413446010486
5280450	FISH	1.10807933825	0.0438320376022
8163	FISH	1.03960483532	0.0411518821275
9256	FISH	2.75627240864	0.107212081309
101010	FISH	4.12063030566	0.15803337458
27458	FISH	1.41066961828	0.0556307892223
24834	FISH	1.3642567192	0.0538257902098
2682	FISH	1.01928473568	0.0403558128782
520191	FISH	2.74701581396	0.106862194205
16324	FISH	1.20543758945	0.0476362716652
10400	FISH	1.68009815612	0.0660748343192
8294	FISH	1.2202447872	0.0482141925518
8918	FISH	1.03453281723	0.0409532094291
14286	FISH	1.38531921257	0.0546451247744
31272	FISH	1.15679570049	0.0457365575026
10285	FISH	1.5405898045	0.0606742254018
7463	FISH	1.44201547859	0.0568488556874
11980	FISH	1.36564655325	0.0538798659267
6584	FISH	1.19313040144	0.0471557919956
61024	FISH	1.05143205501	0.0416150784539
62725	FISH	2.89113197924	0.112301821521
61527	FISH	1.24694830672	0.0492559802371
8186	FISH	1.09620588648	0.0433675685209
31249	FISH	1.1888769196	0.0469897054521
4133	FISH	1.37344039479	0.0541830803845
519539	FISH	2.92077641602	0.113418682692
6998	FISH	1.51848922048	0.0598172450141
1060	FISH	1.19879849298	0.0473770925884
2879	GARLIC	2.29845104833	0.0898248910446
16255	GARLIC	2.24097368175	0.087630162053
15606	GARLIC	2.24343656017	0.0877242593668
11527	GARLIC	2.35068449496	0.0918170927604
10430	GARLIC	2.56479577266	0.0999605599644
7151	GARLIC	2.36767290663	0.0924645662683
5367698	GARLIC	2.25970900148	0.0883458461507
641423	GARLIC	2.32046937713	0.0906649438333
6943	GARLIC	2.28366516632	0.0892605560162
61204	GARLIC	2.31982420606	0.0906403345036
6137	GARLIC	11.0528913475	0.393249091044
660	GARLIC	2.27636549907	0.0889818840087
8193	GARLIC	2.30903029116	0.0902285632921
10882	GARLIC	2.2936990784	0.0896435409513
11124	GARLIC	2.38793020848	0.0932363240668
8363	GARLIC	2.28089232539	0.0891547050956
10448	GARLIC	14.6326329415	0.499659738939
8375	GARLIC	2.31582339754	0.0904877206982
8785	GARLIC	2.3034332646	0.0900150086621
31404	GARLIC	2.36952844174	0.0925352716551
5780	GARLIC	2.63520264361	0.102630388555
7991	GARLIC	2.6149933842	0.101864459208
61653	GARLIC	9.0600408441	0.329567897725
6997	GARLIC	2.32022418339	0.0906555912311
24197	GARLIC	2.34890479627	0.0917492503542
12580	GARLIC	2.31988343249	0.0906425936433
7997	GARLIC	2.41026253199	0.0940867550903
7601	GARLIC	2.27867262971	0.0890699656071
650	GARLIC	2.51952034707	0.0982416207712
6569	GARLIC	2.48152723372	0.0967978983841
22386	GARLIC	2.6559533286	0.103416497911
14104	GARLIC	2.24437125527	0.0877599692783
14296	GARLIC	2.42165133508	0.0945202953277
244	GARLIC	2.38170376493	0.0929991454678
24473	GARLIC	2.60814911931	0.101604988041
11525	GARLIC	2.88622860035	0.1121170178
61027	GARLIC	2.30070686681	0.0899109738375
15380	GARLIC	3.26935516575	0.12649873335
228769	GARLIC	2.25130307907	0.0880247769413
62902	GARLIC	2.30705190724	0.0901530808884
326	GARLIC	2.2230719511	0.0869460584841
8180	GARLIC	2.33297276126	0.0911418056884
5280450	GARLIC	2.34227321169	0.0914964309482
8163	GARLIC	2.27268668206	0.0888414253805
9256	GARLIC	8.28495742894	0.303942089318
101010	GARLIC	10.746180799	0.383655071255
27458	GARLIC	2.40761505538	0.0939859581134
24834	GARLIC	2.20563431646	0.0862794435633
2682	GARLIC	2.30249398074	0.0899791678172
520191	GARLIC	8.80631849144	0.321232241509
16324	GARLIC	2.35004230558	0.0917926126878
10400	GARLIC	2.57675320197	0.100414265253
8294	GARLIC	2.40569674153	0.0939129189363
8918	GARLIC	2.25819892781	0.0882881721533
14286	GARLIC	2.3972885843	0.0935927463493
31272	GARLIC	2.3588450015	0.0921281401634
10285	GARLIC	2.33767848399	0.0913212430819
7463	GARLIC	2.24721561498	0.0878686333913
11980	GARLIC	2.32664020308	0.0909003062695
6584	GARLIC	2.44876032612	0.095551842191
61024	GARLIC	2.24149063205	0.0876499131804
62725	GARLIC	8.9170604667	0.324876831721
61527	GARLIC	2.34201657319	0.0914866462758
8186	GARLIC	2.26310612511	0.0884755852709
31249	GARLIC	2.3076663232	0.0901765233841
4133	GARLIC	2.278843446	0.0890764868596
519539	GARLIC	9.04225496451	0.328985248643
6998	GARLIC	2.27545192989	0.0889470046013
1060	GARLIC	2.6549246892	0.103377537526
2879	SPICES	8.86722254704	0.323237847602
16255	SPICES	4.72213963642	0.179966144358
15606	SPICES	4.75521461854	0.181163758314
11527	SPICES	5.62293697351	0.212270510857
10430	SPICES	6.34211102003	0.237595491925
7151	SPICES	6.44512564128	0.241189167839
5367698	SPICES	6.07252073925	0.228150626319
641423	SPICES	6.2678530671	0.234999729856
6943	SPICES	10.3536221818	0.371265890359
61204	SPICES	5.17336220182	0.196229017484
6137	SPICES	6.24064814854	0.234047650216
660	SPICES	7.30866298306	0.270979897483
8193	SPICES	4.68652685593	0.178675660649
10882	SPICES	5.0484139438	0.191741964413
11124	SPICES	5.76904367063	0.217449000876
8363	SPICES	6.23761215938	0.233941364195
10448	SPICES	6.71839033854	0.250680906045
8375	SPICES	6.9511076106	0.258717145618
8785	SPICES	6.25244781391	0.23446067109
31404	SPICES	7.46626019324	0.27635239122
5780	SPICES	5.17606738941	0.196326026129
7991	SPICES	5.09073620392	0.193263210117
61653	SPICES	7.98305940142	0.293830681094
6997	SPICES	8.56776580324	0.313347987786
24197	SPICES	4.62940848233	0.176603770135
12580	SPICES	7.58460673774	0.280373765763
7997	SPICES	5.46145931927	0.206527357612
7601	SPICES	6.0877588611	0.228686031264
650	SPICES	6.21103546812	0.23301063409
6569	SPICES	6.20522068932	0.232806922051
22386	SPICES	5.92822972426	0.223071625905
14104	SPICES	11.0255790572	0.392397804869
14296	SPICES	7.63812462658	0.282188605939
244	SPICES	7.65718897461	0.282834541787
24473	SPICES	6.75302791274	0.251879762113
11525	SPICES	6.93178674566	0.258051602832
61027	SPICES	4.68951912841	0.178784129274
15380	SPICES	7.16118654949	0.265934424861
228769	SPICES	4.80095497095	0.182818531385
62902	SPICES	5.4754269152	0.207024956646
326	SPICES	9.08411597698	0.330356173846
8180	SPICES	4.48663145547	0.171413313492
5280450	SPICES	4.35941479067	0.1667747927
8163	SPICES	4.81209152274	0.18322117098
9256	SPICES	8.13517432853	0.298934548599
101010	SPICES	6.06309615043	0.227819392046
27458	SPICES	7.22916550565	0.268262286663
24834	SPICES	7.13946791823	0.265189915867
2682	SPICES	4.41553445513	0.168822600395
520191	SPICES	7.38126455715	0.273457355701
16324	SPICES	5.40071334359	0.204361451896
10400	SPICES	6.61990914132	0.247267086837
8294	SPICES	5.79398815881	0.218331406838
8918	SPICES	4.70867729078	0.1794784349
14286	SPICES	6.77082707142	0.252495443164
31272	SPICES	5.44219222363	0.205840706466
10285	SPICES	7.66684381416	0.283161554938
7463	SPICES	9.93655838263	0.357968258309
11980	SPICES	6.22434762919	0.233476903804
6584	SPICES	6.12006786407	0.229820622299
61024	SPICES	4.949637141	0.188185922509
62725	SPICES	7.44057154319	0.275478019772
61527	SPICES	7.37461437378	0.273230600086
8186	SPICES	4.84157241051	0.184286567058
31249	SPICES	4.74733228544	0.180878425886
4133	SPICES	6.73404807823	0.251222961721
519539	SPICES	7.37444158481	0.273224707917
6998	SPICES	8.37458166896	0.306929819506
1060	SPICES	5.75129944313	0.216820999611
2879	COLD	4.49171427196	0.171598372038
16255	COLD	4.86517727409	0.185139111
15606	COLD	4.87496855206	0.185492614729
11527	COLD	5.07709723543	0.192773122882
10430	COLD	4.59030027303	0.175183668283
7151	COLD	3.94086566209	0.151422457617
5367698	COLD	4.50868366503	0.172216055245
641423	COLD	4.33848938529	0.166010579353
6943	COLD	4.91726509389	0.187018805354
61204	COLD	5.01756456703	0.190632201008
6137	COLD	4.21272329941	0.161410116937
660	COLD	4.39929578496	0.168230310037
8193	COLD	5.18469972221	0.196635544405
10882	COLD	4.56532719608	0.17427620288
11124	COLD	4.3533882389	0.166554733893
8363	COLD	4.30425597523	0.164759591209
10448	COLD	4.29760986336	0.164516614319
8375	COLD	4.44140341413	0.16976571085
8785	COLD	4.34172398505	0.166128732537
31404	COLD	4.99432441743	0.189795666142
5780	COLD	4.70220496674	0.17924390605
7991	COLD	4.42328830578	0.169105340457
61653	COLD	4.47487681151	0.170985263469
6997	COLD	4.64394357033	0.177131258059
24197	COLD	4.4601715016	0.170449608135
12580	COLD	4.57010472097	0.174449845975
7997	COLD	4.4617832647	0.170508326628
7601	COLD	4.40271553951	0.168355059932
650	COLD	4.54898021852	0.173681920329
6569	COLD	4.51439317753	0.172423828797
22386	COLD	4.84723965045	0.184491293127
14104	COLD	4.90843192446	0.186700195396
14296	COLD	5.04578842625	0.191647544713
244	COLD	4.33114106349	0.165742129375
24473	COLD	6.42904930479	0.240628902206
11525	COLD	5.58492649584	0.210920498248
61027	COLD	4.82697379329	0.183759081331
15380	COLD	4.33030089678	0.165711433528
228769	COLD	4.90860828254	0.186706557193
62902	COLD	4.71632464318	0.179755498471
326	COLD	4.85763009431	0.184866575719
8180	COLD	4.89529174817	0.186226117407
5280450	COLD	4.89333368244	0.186155461486
8163	COLD	5.04980776598	0.19179208725
9256	COLD	3.75287299286	0.144481297434
101010	COLD	5.22900644919	0.198223254589
27458	COLD	4.58555417513	0.175011244168
24834	COLD	4.43428069655	0.169506089744
2682	COLD	5.16941393521	0.196087421235
520191	COLD	4.43349724177	0.169477530554
16324	COLD	4.41048586183	0.168638480258
10400	COLD	5.76784892246	0.217406724422
8294	COLD	5.12041873614	0.194329274232
8918	COLD	4.99761907919	0.189914284583
14286	COLD	4.09542094607	0.157107848753
31272	COLD	4.58521748794	0.174999011753
10285	COLD	4.52917142664	0.172961499541
7463	COLD	5.22333765389	0.198020203657
11980	COLD	4.10460839998	0.157445211952
6584	COLD	4.44785340916	0.170000776387
61024	COLD	4.85879527195	0.18490865428
62725	COLD	4.27221317802	0.163587804946
61527	COLD	4.53989456906	0.173351525683
8186	COLD	5.01164442458	0.190419145048
31249	COLD	4.43922646069	0.1696863658
4133	COLD	4.22156269524	0.161733871174
519539	COLD	4.44018392642	0.169721263737
6998	COLD	4.18607237994	0.160433614409
1060	COLD	4.20804824107	0.161238861643
2879	SOUR	7.71486098062	0.284786807245
16255	SOUR	8.49947373585	0.31108252792
15606	SOUR	8.63549218084	0.315590997151
11527	SOUR	8.64004731637	0.315741725603
10430	SOUR	13.2637856014	0.460180220665
7151	SOUR	8.19835456379	0.30104897553
5367698	SOUR	8.21232660766	0.301516140982
641423	SOUR	8.23960819174	0.302427870408
6943	SOUR	7.82280355424	0.28843363999
61204	SOUR	8.09590098246	0.297618594211
6137	SOUR	9.57525478211	0.346335989627
660	SOUR	7.55762562675	0.279457943024
8193	SOUR	8.34112276678	0.305815179067
10882	SOUR	8.96955230157	0.326600944667
11124	SOUR	9.09158604448	0.330600667057
8363	SOUR	7.90206003395	0.291105380246
10448	SOUR	9.25949263992	0.336084424017
8375	SOUR	7.98544196637	0.293910765295
8785	SOUR	8.14840141504	0.299377478353
31404	SOUR	7.95606769657	0.292923102586
5780	SOUR	9.05010054109	0.329242293722
7991	SOUR	14.3771874068	0.49240608918
61653	SOUR	8.28640954969	0.303990548697
6997	SOUR	7.93094123116	0.292077717722
24197	SOUR	8.72124139096	0.318425635079
12580	SOUR	8.08111115304	0.297122703134
7997	SOUR	9.02552560421	0.328436979195
7601	SOUR	8.02766414381	0.29532920911
650	SOUR	8.98227690471	0.327018556831
6569	SOUR	9.15517532729	0.332680118982
22386	SOUR	8.81428040431	0.321494600554
14104	SOUR	7.84941765023	0.28933136303
14296	SOUR	8.21901373679	0.301739674749
244	SOUR	7.93985969153	0.292377838893
24473	SOUR	8.14436107519	0.299242196078
11525	SOUR	7.8480220875	0.289284303226
61027	SOUR	8.77164253267	0.320089016219
15380	SOUR	9.41791239321	0.34123766619
228769	SOUR	8.420924148	0.308472180517
62902	SOUR	8.74873583658	0.319333281968
326	SOUR	7.76600556204	0.286515885526
8180	SOUR	11.6022567005	0.410245323804
5280450	SOUR	11.1673435095	0.396809915955
8163	SOUR	8.53998537945	0.312426875065
9256	SOUR	7.9587890724	0.293014633497
101010	SOUR	8.51829545648	0.311707275266
27458	SOUR	8.36766805462	0.306699574716
24834	SOUR	7.858724688	0.289645166031
2682	SOUR	8.330614918	0.305464938755
520191	SOUR	8.29923219283	0.304418385717
16324	SOUR	10.0744096753	0.362378894891
10400	SOUR	7.66506484015	0.283101306004
8294	SOUR	9.10216989965	0.330946997233
8918	SOUR	8.404541164	0.307927121689
14286	SOUR	8.16215577909	0.299837916379
31272	SOUR	8.87557204022	0.323512569992
10285	SOUR	7.72224969152	0.285036731541
7463	SOUR	7.81329225988	0.28811267602
11980	SOUR	8.31324699705	0.304885849628
6584	SOUR	8.9087412014	0.324603380139
61024	SOUR	8.41529113775	0.308284795537
62725	SOUR	8.37669327145	0.307000134792
61527	SOUR	8.26457454572	0.30326170486
8186	SOUR	12.7606718138	0.445292974496
31249	SOUR	8.83384448753	0.322139056129
4133	SOUR	8.00898824994	0.294701972883
519539	SOUR	8.3916259812	0.307497284605
6998	SOUR	7.70052484599	0.284301760678
1060	SOUR	9.36851765418	0.339633056953
2879	BURNT	5.952543003	0.223928612839
16255	BURNT	4.47873437595	0.171125750394
15606	BURNT	4.52148556428	0.172681889888
11527	BURNT	4.596969751	0.175425937683
10430	BURNT	4.82305165316	0.183617335227
7151	BURNT	5.62209389669	0.212240579954
5367698	BURNT	4.85475933808	0.184762898231
641423	BURNT	5.07069917179	0.192543170835
6943	BURNT	5.58695114274	0.210992436481
61204	BURNT	5.22285132026	0.198002782445
6137	BURNT	13.1241306701	0.456068104467
660	BURNT	6.05798274833	0.227639647942
8193	BURNT	4.82301836157	0.183616132016
10882	BURNT	4.38328013415	0.167645947472
11124	BURNT	4.61570660235	0.176106365118
8363	BURNT	5.15372088679	0.19552449988
10448	BURNT	4.71644209245	0.179759753293
8375	BURNT	5.60732856859	0.211716289273
8785	BURNT	5.18964763745	0.196812928458
31404	BURNT	5.73195312045	0.216136010188
5780	BURNT	4.99846550033	0.18994475707
7991	BURNT	4.59309583589	0.175285221693
61653	BURNT	5.90749906114	0.222340544382
6997	BURNT	5.643376004	0.212995963071
24197	BURNT	4.56470771139	0.174253685859
12580	BURNT	5.44994444658	0.206117020075
7997	BURNT	4.5402158164	0.173363208792
7601	BURNT	4.94158783134	0.187895797136
650	BURNT	4.8870462731	0.185928562414
6569	BURNT	4.71766114559	0.17980391515
22386	BURNT	4.68230948024	0.178522770382
14104	BURNT	5.61691557037	0.212056726605
14296	BURNT	5.83589877726	0.219812865275
244	BURNT	5.51326736043	0.208372247622
24473	BURNT	6.23798449182	0.233954399465
11525	BURNT	7.18078907778	0.2666060704
61027	BURNT	4.51172454721	0.172326718532
15380	BURNT	4.88349539348	0.185800404836
228769	BURNT	4.5473432644	0.17362239827
62902	BURNT	4.50020607155	0.171907500988
326	BURNT	5.52275424586	0.20870984405
8180	BURNT	4.73802480134	0.180541440446
5280450	BURNT	4.73380919514	0.180388788007
8163	BURNT	4.62064685972	0.176285723428
9256	BURNT	7.28865066885	0.270296255325
101010	BURNT	12.6999851068	0.443483555586
27458	BURNT	5.66433133722	0.21373939369
24834	BURNT	5.40992199066	0.204689977248
2682	BURNT	4.95593586737	0.188412914566
520191	BURNT	12.6249961884	0.441243636034
16324	BURNT	4.39829082416	0.168193648097
10400	BURNT	5.79090378954	0.218222324902
8294	BURNT	4.57083075809	0.174476232796
8918	BURNT	4.58749354284	0.175081702911
14286	BURNT	5.72382574248	0.215848157247
31272	BURNT	4.47445142067	0.17096977062
10285	BURNT	5.91445171734	0.222585773047
7463	BURNT	5.60439070906	0.211611950274
11980	BURNT	6.06498818348	0.227885894673
6584	BURNT	4.77234898638	0.181783833516
61024	BURNT	4.54821123976	0.173653959398
62725	BURNT	14.6998809743	0.501560638708
61527	BURNT	5.4050582227	0.204516467152
8186	BURNT	4.73056388536	0.180271261545
31249	BURNT	4.45525193844	0.170270369604
4133	BURNT	5.43431848215	0.20556001234
519539	BURNT	14.2305295165	0.488217992531
6998	BURNT	5.9026011114	0.222167764504
1060	BURNT	5.03434983078	0.191236121944
2879	ACID	6.28132324461	0.235470921103
16255	ACID	6.33223001436	0.237250345793
15606	ACID	6.34820621871	0.23780835987
11527	ACID	6.69585922163	0.249900556579
10430	ACID	6.50537091618	0.243286896344
7151	ACID	6.21335704199	0.233091959387
5367698	ACID	6.10879308764	0.229424782311
641423	ACID	6.10071508773	0.229141113676
6943	ACID	6.46169764529	0.241766491228
61204	ACID	6.64994868014	0.248309220226
6137	ACID	6.37157326445	0.238624152232
660	ACID	6.52405900331	0.243937021781
8193	ACID	6.65720936018	0.248560999821
10882	ACID	6.26112932587	0.234764476861
11124	ACID	6.33667135043	0.237405492496
8363	ACID	6.1523289541	0.23095269754
10448	ACID	6.44988964791	0.241355155328
8375	ACID	6.25455215215	0.234534317036
8785	ACID	6.28370914531	0.235554365563
31404	ACID	6.33151058162	0.237225212767
5780	ACID	6.73185689417	0.25114711687
7991	ACID	6.42073447154	0.2403390464
61653	ACID	6.46548919295	0.241898547516
6997	ACID	6.38674950029	0.23915375234
24197	ACID	6.38867597826	0.239220966828
12580	ACID	6.32332135499	0.236939097016
7997	ACID	6.4930669757	0.242858711528
7601	ACID	6.15060034903	0.2308920601
650	ACID	6.5075138705	0.24336146011
6569	ACID	6.46483454576	0.241875747549
22386	ACID	6.72012459747	0.250740954057
14104	ACID	6.34370136983	0.237651035965
14296	ACID	6.45243149919	0.241443711067
244	ACID	6.42374002826	0.24044382675
24473	ACID	6.66179015489	0.248719826969
11525	ACID	8.56383346148	0.313217641037
61027	ACID	6.17017494412	0.231578574229
15380	ACID	6.51355491967	0.24357163771
228769	ACID	6.39528528208	0.239451541748
62902	ACID	6.45218663742	0.241435180535
326	ACID	6.29939950091	0.236103006407
8180	ACID	6.50006615728	0.243102302272
5280450	ACID	6.33551620416	0.237365141937
8163	ACID	6.48501362954	0.242578384471
9256	ACID	6.1048802216	0.229287383856
101010	ACID	6.55364407962	0.244965662896
27458	ACID	6.40220810197	0.239693016646
24834	ACID	6.1389969623	0.230484965011
2682	ACID	6.58732711768	0.246135933285
520191	ACID	6.25522028186	0.234557698965
16324	ACID	6.15569313171	0.231070702096
10400	ACID	13.8794785502	0.478123172077
8294	ACID	6.3734455196	0.238689497668
8918	ACID	6.38763813415	0.239184756993
14286	ACID	6.31590713642	0.236680012275
31272	ACID	6.41322997001	0.240077391341
10285	ACID	6.40850054108	0.239912469969
7463	ACID	6.50923869096	0.243421472304
11980	ACID	6.22318991524	0.233436359521
6584	ACID	6.37810458777	0.238852096258
61024	ACID	6.42462972174	0.240474842045
62725	ACID	6.53719196386	0.244393727046
61527	ACID	6.25553255242	0.234568627091
8186	ACID	6.52919482928	0.244115639124
31249	ACID	6.29848349697	0.236070982134
4133	ACID	6.20732191734	0.232880538539
519539	ACID	6.55155278083	0.244892973697
6998	ACID	6.22730912598	0.233580613459
1060	ACID	6.38119867705	0.238960068459
2879	WARM	6.38519486495	0.239099509213
16255	WARM	5.58750252568	0.211012027238
15606	WARM	5.57353240471	0.210515590802
11527	WARM	5.46678254265	0.206717017159
10430	WARM	5.85257283764	0.220401869978
7151	WARM	6.21395363045	0.23311285733
5367698	WARM	6.09917048781	0.229086867257
641423	WARM	6.23339655546	0.233793769171
6943	WARM	6.44342258565	0.241129825579
61204	WARM	5.86247060585	0.220751399592
6137	WARM	5.82118501761	0.219292922701
660	WARM	6.52251749838	0.243883406129
8193	WARM	5.39742771338	0.204244218167
10882	WARM	5.69357637524	0.214776330233
11124	WARM	5.80208801262	0.218617830382
8363	WARM	6.3068053237	0.236361895592
10448	WARM	5.60695964702	0.211703187288
8375	WARM	6.52807001579	0.244076521379
8785	WARM	6.25045076806	0.234390776801
31404	WARM	6.29087300234	0.235804886841
5780	WARM	5.74511378378	0.216602018396
7991	WARM	5.66476464678	0.21375476247
61653	WARM	6.15157564783	0.230926272733
6997	WARM	6.57904381478	0.245848225585
24197	WARM	5.82887660408	0.219564743177
12580	WARM	6.25813055222	0.234659542885
7997	WARM	5.70411300129	0.215149757999
7601	WARM	6.11839374595	0.229761853026
650	WARM	5.80135004588	0.218591736893
6569	WARM	5.73157792568	0.21612272282
22386	WARM	5.6515414877	0.213285691033
14104	WARM	6.52624918931	0.24401319618
14296	WARM	6.16654417917	0.231451260321
244	WARM	6.32713913861	0.237072489673
24473	WARM	6.33153361129	0.237226017303
11525	WARM	6.62485307933	0.247438651844
61027	WARM	5.61099192824	0.211846384962
15380	WARM	5.71103274042	0.215394951632
228769	WARM	5.57653293164	0.210622229451
62902	WARM	5.73641474984	0.216294008321
326	WARM	6.71939214903	0.25071559362
8180	WARM	5.55369925098	0.209810539891
5280450	WARM	5.63054807486	0.212540694345
8163	WARM	5.51213283058	0.208331869886
9256	WARM	6.46702283947	0.241951959816
101010	WARM	5.87308138563	0.22112602144
27458	WARM	6.07793079073	0.228340734551
24834	WARM	7.22333977132	0.268062935872
2682	WARM	5.48786011036	0.207467760978
520191	WARM	6.1657984466	0.23142510967
16324	WARM	5.77763459254	0.217752959107
10400	WARM	6.15504231664	0.231047874298
8294	WARM	5.80898405982	0.21886164407
8918	WARM	5.50768830568	0.208173680038
14286	WARM	6.23208081094	0.233747699944
31272	WARM	5.62751891242	0.212433168853
10285	WARM	6.35642048685	0.238095186912
7463	WARM	6.20365915207	0.232752211333
11980	WARM	6.50983687569	0.243442284568
6584	WARM	5.80172011251	0.218604821995
61024	WARM	5.55336356416	0.209798603816
62725	WARM	6.095159681	0.228945998625
61527	WARM	6.18577817653	0.232125586401
8186	WARM	5.50346495107	0.208023347456
31249	WARM	5.75012664638	0.216779483275
4133	WARM	6.51818285762	0.243732631199
519539	WARM	6.03179740359	0.226718864176
6998	WARM	6.90942033447	0.257280777636
1060	WARM	5.86665606013	0.220899181074
2879	MUSKY	7.99660624034	0.294285965068
16255	MUSKY	7.04607194684	0.261984025921
15606	MUSKY	7.01397110628	0.260880527979
11527	MUSKY	7.20664750836	0.267491593011
10430	MUSKY	11.4009383296	0.404044975267
7151	MUSKY	7.7844623036	0.287139350802
5367698	MUSKY	7.63669709049	0.282140226639
641423	MUSKY	7.84038034769	0.289026588309
6943	MUSKY	7.92723061611	0.291952830548
61204	MUSKY	7.04107341438	0.261812250645
6137	MUSKY	10.7537416489	0.383892482174
660	MUSKY	7.947280991	0.29262752958
8193	MUSKY	7.21203703287	0.267676090049
10882	MUSKY	7.14663804679	0.265435747723
11124	MUSKY	7.26648502582	0.269538679181
8363	MUSKY	7.8465102235	0.289233319865
10448	MUSKY	7.71369525936	0.284747372553
8375	MUSKY	7.79347899821	0.28744383397
8785	MUSKY	7.74791469251	0.285904514868
31404	MUSKY	7.66982952991	0.283262667189
5780	MUSKY	7.73757678993	0.285555033765
7991	MUSKY	12.3203866318	0.432098694568
61653	MUSKY	7.69590257203	0.284145336322
6997	MUSKY	7.94974595841	0.292710454015
24197	MUSKY	7.07424969307	0.262951984235
12580	MUSKY	7.75779916252	0.286238587362
7997	MUSKY	7.21146904171	0.267656647373
7601	MUSKY	7.85929943555	0.289664542375
650	MUSKY	7.18568938596	0.266773922658
6569	MUSKY	7.3711973918	0.273114075276
22386	MUSKY	7.44903704576	0.275766220667
14104	MUSKY	7.62470693679	0.281733815123
14296	MUSKY	7.69734044743	0.284193997912
244	MUSKY	8.31121164504	0.304817970198
24473	MUSKY	7.07294227492	0.262907086027
11525	MUSKY	7.22922933092	0.268264470549
61027	MUSKY	7.20429752437	0.267411139847
15380	MUSKY	7.7746834454	0.286809056745
228769	MUSKY	7.00370573054	0.260527471637
62902	MUSKY	7.10861018363	0.264131471848
326	MUSKY	7.60237281479	0.280976483626
8180	MUSKY	10.7715165681	0.384450435055
5280450	MUSKY	10.2994122671	0.369545333466
8163	MUSKY	7.0126169778	0.260833960361
9256	MUSKY	8.91846211759	0.324922898086
101010	MUSKY	7.22362474208	0.268072687917
27458	MUSKY	7.92147431354	0.291759070422
24834	MUSKY	7.49889495376	0.27746242794
2682	MUSKY	7.25321915651	0.269085091008
520191	MUSKY	7.40956284537	0.274421865191
16324	MUSKY	7.89178727621	0.290759368483
10400	MUSKY	7.37835537143	0.273358163662
8294	MUSKY	7.25817005853	0.269254389302
8918	MUSKY	6.9285406155	0.257939754596
14286	MUSKY	7.93984935704	0.292377491157
31272	MUSKY	7.0991182593	0.263805738348
10285	MUSKY	8.26854102062	0.303394132581
7463	MUSKY	7.8319991092	0.288743880349
11980	MUSKY	7.61316373005	0.28134244441
6584	MUSKY	7.16816689373	0.266173629103
61024	MUSKY	6.98790262236	0.259983791671
62725	MUSKY	8.00107447317	0.294436101837
61527	MUSKY	7.40096826845	0.274128998214
8186	MUSKY	13.1813172297	0.457753839625
31249	MUSKY	7.06377828141	0.262592345813
4133	MUSKY	7.69755451209	0.284201242297
519539	MUSKY	7.86504950605	0.289858378749
6998	MUSKY	7.99420271586	0.29420519781
1060	MUSKY	10.4253303614	0.373538209199
2879	SWEATY	4.48234402675	0.17125719788
16255	SWEATY	3.49016610096	0.134734140274
15606	SWEATY	3.78921727873	0.145825424115
11527	SWEATY	3.49275378794	0.134830419908
10430	SWEATY	5.54983860917	0.209673260932
7151	SWEATY	3.22213635246	0.124732589029
5367698	SWEATY	4.18423405743	0.160366236438
641423	SWEATY	4.05314682289	0.155554673248
6943	SWEATY	2.26808793462	0.0886658282332
61204	SWEATY	3.65066032394	0.140695484637
6137	SWEATY	7.00452148533	0.260555530918
660	SWEATY	3.68496615769	0.141967056074
8193	SWEATY	4.07879301477	0.156497099608
10882	SWEATY	4.12311576978	0.158124597331
11124	SWEATY	4.68602580082	0.17865749691
8363	SWEATY	3.69217636825	0.142234188196
10448	SWEATY	5.11951054317	0.194296666446
8375	SWEATY	2.30461124217	0.0900599564956
8785	SWEATY	3.56158929089	0.137389604325
31404	SWEATY	2.8787824222	0.111836341594
5780	SWEATY	4.23507553214	0.162228675381
7991	SWEATY	9.95818133992	0.358661103357
61653	SWEATY	4.25558411356	0.162979366083
6997	SWEATY	2.41966221706	0.0944445825846
24197	SWEATY	3.74478303004	0.144181961225
12580	SWEATY	3.33115075681	0.128807404127
7997	SWEATY	4.72085140985	0.17991948118
7601	SWEATY	4.02391283605	0.154479763637
650	SWEATY	4.62602326778	0.176480894202
6569	SWEATY	4.77354953693	0.181827271405
22386	SWEATY	4.76836520873	0.181639685644
14104	SWEATY	2.84979564324	0.110743291646
14296	SWEATY	4.18246803381	0.160301505811
244	SWEATY	2.58655425174	0.100786064911
24473	SWEATY	2.71751242072	0.105746547326
11525	SWEATY	4.20268657248	0.161042433129
61027	SWEATY	4.05136996116	0.155489359021
15380	SWEATY	4.98481835183	0.189453368473
228769	SWEATY	3.75576168678	0.144588169132
62902	SWEATY	4.16235662222	0.159564179829
326	SWEATY	1.81003255395	0.0710908150196
8180	SWEATY	7.25632188845	0.269191192598
5280450	SWEATY	6.94892824736	0.25864208838
8163	SWEATY	3.79641096644	0.146091344167
9256	SWEATY	4.20110880856	0.160984626254
101010	SWEATY	3.22423054252	0.124810956664
27458	SWEATY	3.39558721434	0.131211483561
24834	SWEATY	2.99121016555	0.11606947132
2682	SWEATY	4.08327101988	0.156661599907
520191	SWEATY	4.37756667168	0.167437430881
16324	SWEATY	4.81900017508	0.183470901928
10400	SWEATY	4.12504975548	0.158195576025
8294	SWEATY	3.3693862016	0.130234342714
8918	SWEATY	3.75982055718	0.144738322038
14286	SWEATY	2.51586359642	0.0981027160025
31272	SWEATY	3.10631294032	0.12039284558
10285	SWEATY	3.81266337682	0.146691974263
7463	SWEATY	1.82606550991	0.071708814298
11980	SWEATY	3.79789379478	0.146146152881
6584	SWEATY	4.49751602303	0.17180958077
61024	SWEATY	3.65708129067	0.1409335542
62725	SWEATY	3.30720899811	0.127913307382
61527	SWEATY	4.36588047703	0.167010854145
8186	SWEATY	4.09926078869	0.157248855942
31249	SWEATY	3.78929632102	0.145828346198
4133	SWEATY	3.38334021012	0.130754812014
519539	SWEATY	3.29972507087	0.127633728618
6998	SWEATY	2.41776050847	0.0943721939882
1060	SWEATY	5.10443461011	0.193755283329
2879	AMMONIA/URINOUS	6.04959476321	0.227344751809
16255	AMMONIA/URINOUS	4.32466975139	0.165505682672
15606	AMMONIA/URINOUS	4.40519088107	0.168445352563
11527	AMMONIA/URINOUS	5.78257458028	0.2179277157
10430	AMMONIA/URINOUS	6.19219094377	0.232350346277
7151	AMMONIA/URINOUS	4.64618444361	0.177212565791
5367698	AMMONIA/URINOUS	4.79878658142	0.182740122195
641423	AMMONIA/URINOUS	4.73048334276	0.180268344648
6943	AMMONIA/URINOUS	6.10991350473	0.229464122975
61204	AMMONIA/URINOUS	4.65552359794	0.177551383929
6137	AMMONIA/URINOUS	5.90130363221	0.222121991465
660	AMMONIA/URINOUS	5.36783073616	0.203187786722
8193	AMMONIA/URINOUS	5.78701868032	0.21808491313
10882	AMMONIA/URINOUS	4.29186722268	0.164306639204
11124	AMMONIA/URINOUS	4.49225509464	0.171618061452
8363	AMMONIA/URINOUS	5.03762729322	0.191354016231
10448	AMMONIA/URINOUS	6.04585303562	0.227213185854
8375	AMMONIA/URINOUS	5.57098922689	0.210425200689
8785	AMMONIA/URINOUS	5.03416226032	0.191229374547
31404	AMMONIA/URINOUS	5.42266683106	0.205144547018
5780	AMMONIA/URINOUS	5.69868416923	0.214957366265
7991	AMMONIA/URINOUS	5.84419429834	0.220105929135
61653	AMMONIA/URINOUS	5.60965991886	0.211799082992
6997	AMMONIA/URINOUS	6.03871703129	0.226962239898
24197	AMMONIA/URINOUS	3.48186069716	0.134425086321
12580	AMMONIA/URINOUS	6.04985252415	0.227353814741
7997	AMMONIA/URINOUS	4.36653401048	0.167034712713
7601	AMMONIA/URINOUS	5.13047129583	0.194690157546
650	AMMONIA/URINOUS	5.4569858897	0.206367957588
6569	AMMONIA/URINOUS	5.7565643219	0.217007359759
22386	AMMONIA/URINOUS	5.928996191	0.223098649307
14104	AMMONIA/URINOUS	5.50507019805	0.208080488768
14296	AMMONIA/URINOUS	5.48041816306	0.207202733225
244	AMMONIA/URINOUS	6.23113606942	0.23371462009
24473	AMMONIA/URINOUS	6.09850603694	0.229063531125
11525	AMMONIA/URINOUS	6.45046803842	0.241375306371
61027	AMMONIA/URINOUS	4.37449937092	0.167325476938
15380	AMMONIA/URINOUS	7.88057801714	0.290381716732
228769	AMMONIA/URINOUS	4.46715108993	0.170703868053
62902	AMMONIA/URINOUS	4.43236492468	0.169436253457
326	AMMONIA/URINOUS	5.98887481776	0.225208344077
8180	AMMONIA/URINOUS	5.64229429486	0.21295757783
5280450	AMMONIA/URINOUS	5.44288004458	0.205865224511
8163	AMMONIA/URINOUS	5.58559713654	0.210944327313
9256	AMMONIA/URINOUS	5.44734761689	0.206024466252
101010	AMMONIA/URINOUS	6.03813141743	0.226941644292
27458	AMMONIA/URINOUS	5.70744580106	0.215267857014
24834	AMMONIA/URINOUS	5.49863959417	0.207851568812
2682	AMMONIA/URINOUS	5.67701957922	0.214189362648
520191	AMMONIA/URINOUS	5.40527143549	0.204524073703
16324	AMMONIA/URINOUS	4.41712273035	0.168880519928
10400	AMMONIA/URINOUS	6.77153632972	0.252519971483
8294	AMMONIA/URINOUS	4.53744486855	0.173262432368
8918	AMMONIA/URINOUS	4.43985940865	0.169709435718
14286	AMMONIA/URINOUS	5.63857330615	0.212825528675
31272	AMMONIA/URINOUS	4.41255341916	0.168713885696
10285	AMMONIA/URINOUS	6.05439983359	0.227513690405
7463	AMMONIA/URINOUS	6.03746614807	0.226918246927
11980	AMMONIA/URINOUS	4.46442851962	0.170604691982
6584	AMMONIA/URINOUS	4.57800868046	0.174737081827
61024	AMMONIA/URINOUS	4.41709989674	0.16887968727
62725	AMMONIA/URINOUS	6.12691041469	0.230060804096
61527	AMMONIA/URINOUS	5.31275661651	0.201220111514
8186	AMMONIA/URINOUS	5.67212190641	0.214015689488
31249	AMMONIA/URINOUS	3.43198194154	0.132567877643
4133	AMMONIA/URINOUS	4.85914156008	0.184921159723
519539	AMMONIA/URINOUS	6.44113527536	0.24105012156
6998	AMMONIA/URINOUS	5.5934208417	0.211222290983
1060	AMMONIA/URINOUS	5.40324449248	0.204451759281
2879	DECAYED	4.49487466327	0.171713427236
16255	DECAYED	4.51409937613	0.172413137774
15606	DECAYED	4.77298624459	0.181806890707
11527	DECAYED	4.7533387377	0.181095857846
10430	DECAYED	6.18959187029	0.232259255803
7151	DECAYED	4.55866901648	0.174034175379
5367698	DECAYED	4.5130139323	0.172373639391
641423	DECAYED	4.58971446402	0.175162387016
6943	DECAYED	4.56091078748	0.174115668615
61204	DECAYED	4.39820118887	0.168190378076
6137	DECAYED	6.13479954413	0.230337675587
660	DECAYED	4.4584247447	0.170385969306
8193	DECAYED	4.28162662138	0.163932134245
10882	DECAYED	5.88723781182	0.221625684852
11124	DECAYED	6.01702253678	0.226199077388
8363	DECAYED	4.3207381884	0.165362016139
10448	DECAYED	5.54202957454	0.209395546259
8375	DECAYED	4.55192905961	0.173789139119
8785	DECAYED	4.50842692821	0.172206711781
31404	DECAYED	4.3258031797	0.165547097928
5780	DECAYED	5.04149639117	0.191493181302
7991	DECAYED	8.35500489294	0.306277753013
61653	DECAYED	4.61508104419	0.17608365255
6997	DECAYED	4.61312379233	0.176012587244
24197	DECAYED	4.67382491375	0.17821514082
12580	DECAYED	4.66328572358	0.177832935447
7997	DECAYED	6.59029166464	0.246238888895
7601	DECAYED	4.35106178007	0.166469775757
650	DECAYED	5.07428607101	0.192672091188
6569	DECAYED	6.62800560312	0.247548040815
22386	DECAYED	5.61703747465	0.212061054989
14104	DECAYED	4.30918467261	0.164939757887
14296	DECAYED	4.49902595825	0.171864544501
244	DECAYED	4.62294796278	0.176369259365
24473	DECAYED	4.49244665997	0.171625035602
11525	DECAYED	4.65685538944	0.17759969473
61027	DECAYED	4.4924109611	0.171623735947
15380	DECAYED	6.05695979514	0.227603687022
228769	DECAYED	4.41150549037	0.168675667338
62902	DECAYED	5.30585078576	0.200973210406
326	DECAYED	4.44754908446	0.169989686235
8180	DECAYED	4.85087343489	0.184622548163
5280450	DECAYED	4.48771005272	0.171452585502
8163	DECAYED	4.76251043846	0.181427815268
9256	DECAYED	4.90772559281	0.186674715515
101010	DECAYED	4.87876509187	0.185629664146
27458	DECAYED	4.87357305141	0.185442236341
24834	DECAYED	4.38799030005	0.167817828453
2682	DECAYED	4.25268143197	0.162873137534
520191	DECAYED	4.55910205849	0.174049917708
16324	DECAYED	6.7649992331	0.252293883475
10400	DECAYED	4.87842360151	0.185617337326
8294	DECAYED	4.73762114291	0.180526824079
8918	DECAYED	4.4425470564	0.169807392517
14286	DECAYED	4.64637089362	0.177219330752
31272	DECAYED	5.86708832775	0.220914442932
10285	DECAYED	4.50009160451	0.171903334401
7463	DECAYED	4.46849483177	0.170752814846
11980	DECAYED	4.75936088658	0.181313829044
6584	DECAYED	5.22390625571	0.198040571601
61024	DECAYED	4.46868096614	0.170759594815
62725	DECAYED	4.84339190255	0.184352298053
61527	DECAYED	4.50443716475	0.172061504922
8186	DECAYED	4.39648870142	0.168127902896
31249	DECAYED	4.83390629311	0.184009591704
4133	DECAYED	4.47300531786	0.170917102085
519539	DECAYED	4.81614740333	0.183367785809
6998	DECAYED	4.53421724945	0.173145039552
1060	DECAYED	5.17931417152	0.196442448746
2879	WOOD	3.65949347474	0.141022981993
16255	WOOD	3.09164669994	0.119842556271
15606	WOOD	3.12221790447	0.120989418322
11527	WOOD	3.04429142693	0.11806457296
10430	WOOD	3.16325176603	0.122527605947
7151	WOOD	3.38029463113	0.130641228528
5367698	WOOD	3.05583281524	0.118498066932
641423	WOOD	3.03996424481	0.117902016749
6943	WOOD	3.9798209604	0.152857248465
61204	WOOD	3.26285982487	0.1262558913
6137	WOOD	3.09793372196	0.12007847154
660	WOOD	3.37317634295	0.130375726262
8193	WOOD	3.27022205927	0.126531141444
10882	WOOD	2.90925871925	0.112984834252
11124	WOOD	2.97281996762	0.115377735281
8363	WOOD	3.10506209686	0.120345919624
10448	WOOD	2.98134568343	0.115698458504
8375	WOOD	3.47451322782	0.134151632245
8785	WOOD	3.10536420327	0.120357253397
31404	WOOD	3.67962012425	0.141768963267
5780	WOOD	2.99195331059	0.116097418579
7991	WOOD	3.04922125153	0.118249749965
61653	WOOD	4.04996196966	0.155437602004
6997	WOOD	3.51936930931	0.135820388238
24197	WOOD	2.93967280248	0.114130241625
12580	WOOD	3.32725483898	0.128661943654
7997	WOOD	2.92171149372	0.113453900528
7601	WOOD	2.99297144263	0.116135706483
650	WOOD	3.13457538099	0.121452790112
6569	WOOD	3.0595914176	0.118639216847
22386	WOOD	3.04420174719	0.118061204176
14104	WOOD	4.13546986337	0.158577950139
14296	WOOD	3.99715145119	0.153495170158
244	WOOD	3.19825488426	0.123838661649
24473	WOOD	3.34564677492	0.12934853006
11525	WOOD	3.41667700548	0.131997607515
61027	WOOD	3.12676799989	0.121160048746
15380	WOOD	2.98196509379	0.115721757423
228769	WOOD	3.10367536962	0.120293894465
62902	WOOD	2.97189914533	0.115343092001
326	WOOD	3.80140028498	0.146275753749
8180	WOOD	3.28894526836	0.127230946343
5280450	WOOD	3.29095850607	0.127306177087
8163	WOOD	3.22751875027	0.124933999097
9256	WOOD	3.74429125978	0.144163763576
101010	WOOD	3.15099317376	0.122068223758
27458	WOOD	4.30778161182	0.164888471507
24834	WOOD	3.19980958889	0.123896870994
2682	WOOD	3.30985608589	0.128012184512
520191	WOOD	3.7394067665	0.143983005474
16324	WOOD	2.87244034165	0.111597248259
10400	WOOD	3.38013052668	0.130635108116
8294	WOOD	3.07987968995	0.119400924036
8918	WOOD	3.11635242883	0.120769436169
14286	WOOD	3.458146154	0.133542336231
31272	WOOD	2.93405711808	0.113918808254
10285	WOOD	3.59499482813	0.138630197999
7463	WOOD	4.35798998527	0.166722768726
11980	WOOD	3.14517338901	0.121850089302
6584	WOOD	3.0498353702	0.118272816494
61024	WOOD	3.11793727692	0.120828877932
62725	WOOD	3.68773911112	0.142069796544
61527	WOOD	3.71979112358	0.143256906542
8186	WOOD	3.30686467245	0.127900445313
31249	WOOD	2.91837433607	0.113328209937
4133	WOOD	3.37717264566	0.130524787795
519539	WOOD	3.61664470345	0.139433740574
6998	WOOD	3.41837907808	0.132061036915
1060	WOOD	3.18807405324	0.123457435662
2879	GRASS	3.04175213632	0.117969183029
16255	GRASS	3.60939028566	0.139164532133
15606	GRASS	3.49165580622	0.134789568141
11527	GRASS	3.47325594373	0.134104835009
10430	GRASS	3.23300676431	0.125139337477
7151	GRASS	3.08030891742	0.119417035486
5367698	GRASS	6.96296628504	0.259125491607
641423	GRASS	3.21187642055	0.124348596766
6943	GRASS	3.06216794847	0.118735968921
61204	GRASS	3.39050191363	0.131021875255
6137	GRASS	3.17738579368	0.123057119555
660	GRASS	2.9751198104	0.115464257261
8193	GRASS	3.34738364739	0.129413354982
10882	GRASS	4.20959214812	0.161295419504
11124	GRASS	4.19803324212	0.160871936444
8363	GRASS	3.01778719604	0.117068672017
10448	GRASS	3.45476115848	0.133416296474
8375	GRASS	3.03050589121	0.117546649266
8785	GRASS	3.17176497716	0.122846561858
31404	GRASS	3.35199617015	0.129585495476
5780	GRASS	3.36183561966	0.129952649293
7991	GRASS	3.41727048252	0.132019724281
61653	GRASS	3.32982942587	0.128758071433
6997	GRASS	3.09201798733	0.1198564894
24197	GRASS	3.66486891062	0.141222250772
12580	GRASS	3.09721979769	0.120051683717
7997	GRASS	4.18708057863	0.160470565636
7601	GRASS	3.14336707411	0.121782380339
650	GRASS	3.24312474875	0.125517846696
6569	GRASS	3.68313097613	0.14189905753
22386	GRASS	3.3266026285	0.128637591121
14104	GRASS	3.14705792025	0.121920727389
14296	GRASS	3.39325069024	0.131124367511
244	GRASS	3.09778617097	0.120072935174
24473	GRASS	3.52784987736	0.136135705191
11525	GRASS	3.38607980377	0.130856977576
61027	GRASS	3.58051431335	0.138092539435
15380	GRASS	3.31273344929	0.128119656809
228769	GRASS	3.63139381208	0.139980944076
62902	GRASS	3.8615528104	0.148497476373
326	GRASS	3.08455338499	0.119576347566
8180	GRASS	3.18467963417	0.123330311618
5280450	GRASS	3.50665698309	0.135347622045
8163	GRASS	3.30434697089	0.127806395274
9256	GRASS	2.98521783163	0.115844103064
101010	GRASS	3.59958643526	0.138800648409
27458	GRASS	3.29929287444	0.127617581589
24834	GRASS	3.15347883202	0.122161381783
2682	GRASS	3.34281466625	0.129242822693
520191	GRASS	3.20419364034	0.12406100286
16324	GRASS	3.89018401972	0.149553948106
10400	GRASS	2.94586867256	0.114363490008
8294	GRASS	3.85196449196	0.1481435275
8918	GRASS	3.58249350475	0.138166036305
14286	GRASS	3.05325750111	0.118401347497
31272	GRASS	4.19581868017	0.160790789448
10285	GRASS	3.0029374414	0.116510444345
7463	GRASS	3.12705865246	0.121170947772
11980	GRASS	3.24009157637	0.125404385686
6584	GRASS	3.39213715079	0.131082848252
61024	GRASS	3.57361877472	0.13783645053
62725	GRASS	3.17397791711	0.122929462357
61527	GRASS	3.20560081367	0.124113681916
8186	GRASS	3.3215329667	0.128448286168
31249	GRASS	3.78495031277	0.145667672963
4133	GRASS	3.0483760013	0.118218001554
519539	GRASS	3.18710274434	0.123421060212
6998	GRASS	3.0130288508	0.11688981689
1060	GRASS	3.13166708885	0.121343748052
2879	FLOWER	6.86592822451	0.255780740827
16255	FLOWER	6.57095816821	0.245567330229
15606	FLOWER	6.61728768691	0.247176108944
11527	FLOWER	6.08107753635	0.228451299853
10430	FLOWER	5.7682722547	0.217421704266
7151	FLOWER	7.10558555211	0.264027683669
5367698	FLOWER	7.74203919088	0.285705899302
641423	FLOWER	7.61088383482	0.281265132294
6943	FLOWER	6.87003638921	0.255922495573
61204	FLOWER	6.44835034742	0.241301525016
6137	FLOWER	5.79077822016	0.218217883848
660	FLOWER	7.38283979663	0.27351106248
8193	FLOWER	6.34188866173	0.23758772575
10882	FLOWER	6.51174148033	0.24350854837
11124	FLOWER	6.28747041977	0.235685903079
8363	FLOWER	9.60220354867	0.347207216751
10448	FLOWER	5.84842312409	0.220255303748
8375	FLOWER	7.43271356685	0.275210450287
8785	FLOWER	7.83146533507	0.288725873685
31404	FLOWER	9.51955105099	0.344533301155
5780	FLOWER	5.84276235715	0.220055345501
7991	FLOWER	6.05414608369	0.227504769426
61653	FLOWER	5.67580512511	0.214146299477
6997	FLOWER	7.00754275642	0.260659448064
24197	FLOWER	6.42992945258	0.240659580997
12580	FLOWER	7.04990828416	0.26211584864
7997	FLOWER	6.4189552684	0.240277016041
7601	FLOWER	9.78478021064	0.353094438917
650	FLOWER	6.10245339049	0.229202160666
6569	FLOWER	6.07514602664	0.228242881367
22386	FLOWER	5.70048603445	0.215021224966
14104	FLOWER	8.00984737463	0.294730832999
14296	FLOWER	5.82976756294	0.219596226583
244	FLOWER	7.72112172123	0.284998580596
24473	FLOWER	6.24557367019	0.23422007062
11525	FLOWER	5.9532376115	0.223953089236
61027	FLOWER	6.67983867737	0.249345449193
15380	FLOWER	5.45733185392	0.206380285771
228769	FLOWER	6.5828453348	0.245980272311
62902	FLOWER	6.3729732286	0.238673014035
326	FLOWER	8.06297408968	0.296514343119
8180	FLOWER	6.32275437378	0.236919285803
5280450	FLOWER	6.39332443331	0.239383138409
8163	FLOWER	6.50736312003	0.243356214891
9256	FLOWER	5.73383565405	0.216202677639
101010	FLOWER	6.02687371517	0.226545665896
27458	FLOWER	5.82088495935	0.21928231769
24834	FLOWER	7.30599872326	0.270888901993
2682	FLOWER	6.30850095579	0.236421164508
520191	FLOWER	7.06093116155	0.262494546915
16324	FLOWER	6.47999207063	0.242403563931
10400	FLOWER	6.11748119321	0.229729817269
8294	FLOWER	6.65471506982	0.248474509729
8918	FLOWER	6.668786548	0.248962376311
14286	FLOWER	6.56749908987	0.245447145877
31272	FLOWER	6.4919822311	0.242820955928
10285	FLOWER	8.5432546602	0.312535306332
7463	FLOWER	7.86907164853	0.289993950497
11980	FLOWER	6.50132737225	0.243146191849
6584	FLOWER	6.34077476879	0.237548820884
61024	FLOWER	6.55737543673	0.245095348422
62725	FLOWER	5.61288345246	0.211913553838
61527	FLOWER	7.12378686698	0.264652138949
8186	FLOWER	6.30757386712	0.236388759449
31249	FLOWER	6.53872471863	0.244447020367
4133	FLOWER	7.49478253316	0.277322595239
519539	FLOWER	5.68670828486	0.214532870947
6998	FLOWER	7.17158896345	0.266290883234
1060	FLOWER	5.94089809725	0.223518215809
2879	CHEMICAL	18.3018013509	0.598089680961
16255	CHEMICAL	17.8185383306	0.585741409928
15606	CHEMICAL	18.1008864666	0.592978622314
11527	CHEMICAL	19.5930355158	0.630166604344
10430	CHEMICAL	17.2470207848	0.570896941011
7151	CHEMICAL	13.3850224557	0.463737367772
5367698	CHEMICAL	13.8757272113	0.478014766195
641423	CHEMICAL	12.1951504632	0.428317340601
6943	CHEMICAL	18.7417399005	0.609168470222
61204	CHEMICAL	18.9645290517	0.614719817206
6137	CHEMICAL	14.0239557355	0.482289695631
660	CHEMICAL	18.2767446711	0.597454028536
8193	CHEMICAL	26.59507357	0.780883767522
10882	CHEMICAL	16.8041639146	0.559214586638
11124	CHEMICAL	16.407488606	0.548617271296
8363	CHEMICAL	18.2924699383	0.597853014954
10448	CHEMICAL	14.3684288293	0.492156454364
8375	CHEMICAL	17.1383205514	0.568044009527
8785	CHEMICAL	18.1357358433	0.593867467902
31404	CHEMICAL	20.8746226157	0.66068495689
5780	CHEMICAL	18.3936410279	0.600415229009
7991	CHEMICAL	15.9143509928	0.535267412704
61653	CHEMICAL	18.332181967	0.598859720411
6997	CHEMICAL	17.4178501455	0.575361404344
24197	CHEMICAL	16.9172096203	0.562211592276
12580	CHEMICAL	16.9639057596	0.563446590935
7997	CHEMICAL	16.1695442709	0.542200106065
7601	CHEMICAL	18.6091491742	0.605845793772
650	CHEMICAL	19.6564215861	0.631706899616
6569	CHEMICAL	16.9659064722	0.563499465919
22386	CHEMICAL	18.3461218901	0.59921280024
14104	CHEMICAL	18.0404354101	0.59143449249
14296	CHEMICAL	17.7523518454	0.5840356754
244	CHEMICAL	19.3646498398	0.624590128225
24473	CHEMICAL	17.6378304901	0.581075993846
11525	CHEMICAL	19.5229175195	0.628458977391
61027	CHEMICAL	16.4489207057	0.549730031275
15380	CHEMICAL	18.5907129456	0.605382674694
228769	CHEMICAL	18.2193145329	0.595995212497
62902	CHEMICAL	17.9773870923	0.589820905025
326	CHEMICAL	16.8559692299	0.560589289723
8180	CHEMICAL	25.0700245131	0.75139852889
5280450	CHEMICAL	19.263109309	0.622097420259
8163	CHEMICAL	18.7880730888	0.610326247396
9256	CHEMICAL	13.6024727523	0.470088004102
101010	CHEMICAL	18.0272431006	0.591097126502
27458	CHEMICAL	14.6912489083	0.501316838536
24834	CHEMICAL	15.4894982882	0.523610108641
2682	CHEMICAL	26.234082119	0.77407245891
520191	CHEMICAL	19.1928688562	0.620368268274
16324	CHEMICAL	14.0380981574	0.482696646346
10400	CHEMICAL	23.0506776648	0.70949361027
8294	CHEMICAL	14.4911747081	0.495649330556
8918	CHEMICAL	18.538935602	0.604080570778
14286	CHEMICAL	14.051854329	0.483092329127
31272	CHEMICAL	16.5736632851	0.553072005529
10285	CHEMICAL	15.8176519016	0.532626831393
7463	CHEMICAL	19.6530668812	0.631625460113
11980	CHEMICAL	15.7778659252	0.531538215747
6584	CHEMICAL	16.869907151	0.560958779126
61024	CHEMICAL	18.6995995177	0.608113971858
62725	CHEMICAL	15.308988489	0.518613488138
61527	CHEMICAL	19.2187090779	0.621004851668
8186	CHEMICAL	18.6583429028	0.60708021216
31249	CHEMICAL	17.7383000087	0.583673085469
4133	CHEMICAL	16.713043945	0.556791422638
519539	CHEMICAL	15.1372070745	0.513834267774
6998	CHEMICAL	15.5065708244	0.524081337483
1060	CHEMICAL	15.1768656055	0.514939724377
