#oID	descriptor	value	sigma
2879	INTENSITY/STRENGTH	45.0229337778	0.990091524728
16255	INTENSITY/STRENGTH	46.5726609453	0.995301338802
15606	INTENSITY/STRENGTH	48.7371989413	0.999362133394
11527	INTENSITY/STRENGTH	51.4308214487	0.999181099993
7151	INTENSITY/STRENGTH	51.5629859699	0.999022829943
5367698	INTENSITY/STRENGTH	49.9283030475	0.999997943819
641423	INTENSITY/STRENGTH	49.7627536474	0.999977485667
6943	INTENSITY/STRENGTH	50.7430381953	0.999779157696
61204	INTENSITY/STRENGTH	48.2860861131	0.998824999675
6137	INTENSITY/STRENGTH	50.8729332894	0.999695194989
660	INTENSITY/STRENGTH	50.2634347318	0.999972240857
8193	INTENSITY/STRENGTH	45.5136876458	0.991949200584
10882	INTENSITY/STRENGTH	53.7459631302	0.994387104091
11124	INTENSITY/STRENGTH	33.0780525625	0.885459077968
8363	INTENSITY/STRENGTH	48.0332153708	0.998452703289
8375	INTENSITY/STRENGTH	50.653934112	0.999828948071
8785	INTENSITY/STRENGTH	50.3314127804	0.999956066228
31404	INTENSITY/STRENGTH	48.7500974812	0.999375097477
5780	INTENSITY/STRENGTH	49.4525728122	0.99988012939
6997	INTENSITY/STRENGTH	51.7177788226	0.998819694367
24197	INTENSITY/STRENGTH	50.0006657409	0.999999999823
12580	INTENSITY/STRENGTH	50.3562699804	0.99994922868
7997	INTENSITY/STRENGTH	59.2321126128	0.965907238682
7601	INTENSITY/STRENGTH	48.3838154035	0.99895517894
650	INTENSITY/STRENGTH	30.5025672264	0.847940046096
6569	INTENSITY/STRENGTH	33.3403400191	0.888982291729
22386	INTENSITY/STRENGTH	33.0399390291	0.884942532745
14104	INTENSITY/STRENGTH	50.2953726355	0.999965102002
14296	INTENSITY/STRENGTH	52.1699455213	0.998116534574
244	INTENSITY/STRENGTH	44.3792747394	0.987362979018
24473	INTENSITY/STRENGTH	49.3128295006	0.999811118682
11525	INTENSITY/STRENGTH	48.7102367974	0.999334604352
61027	INTENSITY/STRENGTH	44.2655864323	0.986846600414
228769	INTENSITY/STRENGTH	46.9320747985	0.996235133983
62902	INTENSITY/STRENGTH	52.4418363531	0.99761497409
326	INTENSITY/STRENGTH	50.1935952048	0.999985008359
8180	INTENSITY/STRENGTH	47.0872825036	0.996606430714
5280450	INTENSITY/STRENGTH	46.7095593158	0.995669200042
8163	INTENSITY/STRENGTH	48.2236821496	0.998737877958
9256	INTENSITY/STRENGTH	48.4052887012	0.998982758349
24834	INTENSITY/STRENGTH	51.3187454003	0.999304364228
2682	INTENSITY/STRENGTH	43.6645369095	0.983944762971
520191	INTENSITY/STRENGTH	51.0137635088	0.999588913419
16324	INTENSITY/STRENGTH	55.0413356372	0.989833973997
10400	INTENSITY/STRENGTH	49.5161525968	0.999906356676
8294	INTENSITY/STRENGTH	50.5657427966	0.999871974035
8918	INTENSITY/STRENGTH	47.5394246704	0.997578227619
14286	INTENSITY/STRENGTH	52.250237973	0.997974571626
31272	INTENSITY/STRENGTH	53.4416304095	0.99526207205
7463	INTENSITY/STRENGTH	50.6688488101	0.999821056508
11980	INTENSITY/STRENGTH	50.8967276286	0.999678351824
6584	INTENSITY/STRENGTH	31.8754679534	0.868600535237
61024	INTENSITY/STRENGTH	47.5031593874	0.997506314782
8186	INTENSITY/STRENGTH	47.2586338875	0.996993964735
31249	INTENSITY/STRENGTH	50.7170067717	0.999794360516
4133	INTENSITY/STRENGTH	50.2396419803	0.999977028689
519539	INTENSITY/STRENGTH	52.6741210378	0.99713963067
6998	INTENSITY/STRENGTH	45.8903708484	0.993244379294
1060	INTENSITY/STRENGTH	28.8857780586	0.821675852723
2879	VALENCE/PLEASANTNESS	45.0201244907	0.990080335965
16255	VALENCE/PLEASANTNESS	46.7602543294	0.995801619196
15606	VALENCE/PLEASANTNESS	46.9647935967	0.996315008836
11527	VALENCE/PLEASANTNESS	45.7534240599	0.992786637114
10430	VALENCE/PLEASANTNESS	45.0605191432	0.990240611546
7151	VALENCE/PLEASANTNESS	45.8626885361	0.99315306154
5367698	VALENCE/PLEASANTNESS	46.4126523353	0.994852374693
641423	VALENCE/PLEASANTNESS	46.1654648508	0.994118536076
6943	VALENCE/PLEASANTNESS	45.0879825901	0.990348833986
61204	VALENCE/PLEASANTNESS	46.8390687742	0.996003405514
6137	VALENCE/PLEASANTNESS	25.9685480363	0.768995726607
660	VALENCE/PLEASANTNESS	45.718501565	0.99266750846
8193	VALENCE/PLEASANTNESS	45.5707907692	0.992152842236
10882	VALENCE/PLEASANTNESS	47.1358942707	0.996718759349
11124	VALENCE/PLEASANTNESS	46.5957667111	0.995364478286
8363	VALENCE/PLEASANTNESS	46.0950568659	0.993900567648
10448	VALENCE/PLEASANTNESS	39.5236626737	0.95609854249
8375	VALENCE/PLEASANTNESS	45.8282957505	0.993038753462
8785	VALENCE/PLEASANTNESS	46.2377003498	0.994338040537
31404	VALENCE/PLEASANTNESS	45.8628950923	0.993153745193
5780	VALENCE/PLEASANTNESS	44.0443407631	0.985812049222
7991	VALENCE/PLEASANTNESS	45.5171531042	0.991961633483
61653	VALENCE/PLEASANTNESS	40.961367557	0.967321249424
6997	VALENCE/PLEASANTNESS	45.2030663083	0.990795770863
24197	VALENCE/PLEASANTNESS	46.7619393083	0.995805985183
12580	VALENCE/PLEASANTNESS	45.4653700116	0.991774852347
7997	VALENCE/PLEASANTNESS	46.8650618902	0.996068865219
7601	VALENCE/PLEASANTNESS	46.1716150362	0.994137387428
650	VALENCE/PLEASANTNESS	46.2626967322	0.994413025714
6569	VALENCE/PLEASANTNESS	46.1798638846	0.994162624024
22386	VALENCE/PLEASANTNESS	45.090931675	0.990360419272
14104	VALENCE/PLEASANTNESS	45.9377948104	0.993399395599
14296	VALENCE/PLEASANTNESS	45.6430978395	0.992406961425
244	VALENCE/PLEASANTNESS	44.79131276	0.989147830895
24473	VALENCE/PLEASANTNESS	46.5960020652	0.995365119224
11525	VALENCE/PLEASANTNESS	45.7995393669	0.992942452188
61027	VALENCE/PLEASANTNESS	46.7371070803	0.995741411918
15380	VALENCE/PLEASANTNESS	32.6940831862	0.880202097293
228769	VALENCE/PLEASANTNESS	46.6977134377	0.995637961384
62902	VALENCE/PLEASANTNESS	46.6665700222	0.995555297833
326	VALENCE/PLEASANTNESS	58.1335086146	0.973538415046
8180	VALENCE/PLEASANTNESS	45.6981050648	0.992597479986
5280450	VALENCE/PLEASANTNESS	45.886375556	0.993231237574
8163	VALENCE/PLEASANTNESS	46.5353335193	0.995198434471
9256	VALENCE/PLEASANTNESS	40.7875562794	0.966052352278
101010	VALENCE/PLEASANTNESS	29.0253897258	0.824026289537
27458	VALENCE/PLEASANTNESS	45.1872738813	0.990735066923
24834	VALENCE/PLEASANTNESS	58.8879777319	0.968401540735
2682	VALENCE/PLEASANTNESS	45.5044293506	0.991915937815
520191	VALENCE/PLEASANTNESS	28.2506672195	0.810786609441
16324	VALENCE/PLEASANTNESS	46.7514699633	0.99577882104
10400	VALENCE/PLEASANTNESS	45.0275390255	0.990109852743
8294	VALENCE/PLEASANTNESS	47.0612259755	0.996545442893
8918	VALENCE/PLEASANTNESS	46.9553019243	0.996291925451
14286	VALENCE/PLEASANTNESS	45.575954045	0.992171126955
31272	VALENCE/PLEASANTNESS	46.9671265993	0.996320671574
10285	VALENCE/PLEASANTNESS	45.063253421	0.990251413286
7463	VALENCE/PLEASANTNESS	45.3480132472	0.991343607701
11980	VALENCE/PLEASANTNESS	46.2223815681	0.994291839593
6584	VALENCE/PLEASANTNESS	46.7191490764	0.995694406887
61024	VALENCE/PLEASANTNESS	46.6809474933	0.995593556183
62725	VALENCE/PLEASANTNESS	27.9637388782	0.805761278308
61527	VALENCE/PLEASANTNESS	46.4780888225	0.995038456663
8186	VALENCE/PLEASANTNESS	34.0813236931	0.898638297855
31249	VALENCE/PLEASANTNESS	47.107715117	0.996653875262
4133	VALENCE/PLEASANTNESS	46.0885307729	0.993880163394
519539	VALENCE/PLEASANTNESS	27.9649136341	0.805781987539
6998	VALENCE/PLEASANTNESS	56.6191022067	0.982474994391
1060	VALENCE/PLEASANTNESS	45.4062605085	0.991559022994
2879	BAKERY	4.75649928999	0.181210257401
16255	BAKERY	3.20982019812	0.124271629643
15606	BAKERY	3.1101500628	0.120536789147
11527	BAKERY	3.14623988552	0.121890065254
10430	BAKERY	4.39407196687	0.168039731295
7151	BAKERY	4.10636823242	0.157509825273
5367698	BAKERY	3.73251291382	0.143727855492
641423	BAKERY	4.09463897633	0.157079131715
6943	BAKERY	4.6951917605	0.178989740153
61204	BAKERY	3.27960010667	0.126881693523
6137	BAKERY	4.06603424045	0.15602831584
660	BAKERY	4.32522249629	0.165525879995
8193	BAKERY	2.67450960084	0.104119183392
10882	BAKERY	4.70127904907	0.179210352084
11124	BAKERY	4.25910304983	0.163108138478
8363	BAKERY	4.07582021199	0.156387884319
10448	BAKERY	3.12758898858	0.12119083439
8375	BAKERY	5.0503511115	0.19181162592
8785	BAKERY	4.11047685136	0.157660666076
31404	BAKERY	4.36543496683	0.166994589693
5780	BAKERY	3.32769724188	0.128678462102
7991	BAKERY	3.60545541562	0.139018493123
61653	BAKERY	4.22203661603	0.161751227366
6997	BAKERY	5.36797215875	0.203192836311
24197	BAKERY	7.34101822096	0.27208450943
12580	BAKERY	4.61194051999	0.175969622656
7997	BAKERY	4.2389461676	0.162370380859
7601	BAKERY	3.47474289441	0.134160180503
650	BAKERY	3.68255932648	0.141877875782
6569	BAKERY	3.91284258873	0.150389568699
22386	BAKERY	4.42863842015	0.169300401504
14104	BAKERY	5.00100150025	0.190036053608
14296	BAKERY	4.23811160893	0.162339828353
244	BAKERY	3.89781254228	0.149835324645
24473	BAKERY	3.70395065277	0.142670325936
11525	BAKERY	3.85234353064	0.148157520955
61027	BAKERY	3.06674495816	0.118907828471
15380	BAKERY	3.32986986953	0.128759581442
228769	BAKERY	3.38823880834	0.130937487445
62902	BAKERY	4.56593996726	0.174298475577
326	BAKERY	6.16899040597	0.231537039187
8180	BAKERY	2.87121848712	0.111551181245
5280450	BAKERY	2.9478286861	0.114437269859
8163	BAKERY	2.94422665406	0.114301677926
9256	BAKERY	4.6161244539	0.176121536166
101010	BAKERY	3.34885536139	0.129468281563
27458	BAKERY	4.06291430991	0.155913663321
24834	BAKERY	8.53908448688	0.312396993925
2682	BAKERY	2.73727607808	0.106493970992
520191	BAKERY	4.23932082683	0.162384096644
16324	BAKERY	3.87573167921	0.149020748749
10400	BAKERY	3.84421863117	0.147857538493
8294	BAKERY	3.50722845325	0.135368877561
8918	BAKERY	3.11213875696	0.120611387221
14286	BAKERY	4.05894392831	0.155767746807
31272	BAKERY	3.92816185994	0.150954292158
10285	BAKERY	4.26283020111	0.163244519515
7463	BAKERY	4.07568050343	0.156382751511
11980	BAKERY	4.82574941111	0.183714833493
6584	BAKERY	3.79434321278	0.146014912345
61024	BAKERY	3.19574362164	0.123744633948
62725	BAKERY	3.9646414807	0.1522983064
61527	BAKERY	4.28616464134	0.16409810272
8186	BAKERY	2.88177208165	0.111949039134
31249	BAKERY	4.06597118963	0.156025998899
4133	BAKERY	5.08343247132	0.193000784577
519539	BAKERY	3.98723272306	0.153130099007
6998	BAKERY	6.14883227956	0.230830035822
1060	BAKERY	4.17833958298	0.160150174651
2879	SWEET	12.9341215812	0.450448262818
16255	SWEET	17.1592932291	0.568595191514
15606	SWEET	16.823451788	0.559726659496
11527	SWEET	15.0003570655	0.510009997782
10430	SWEET	15.2911397823	0.518118008956
7151	SWEET	13.9252976658	0.4794463406
5367698	SWEET	14.7349067085	0.502549278056
641423	SWEET	14.6500845064	0.500153389838
6943	SWEET	13.0387832833	0.453547383529
61204	SWEET	15.7317932942	0.530276003667
6137	SWEET	13.826106862	0.476579782097
660	SWEET	13.1348761725	0.456385058073
8193	SWEET	14.0938726797	0.484300008343
10882	SWEET	19.9323125031	0.638373667437
11124	SWEET	17.2410492639	0.570740458668
8363	SWEET	14.3096103339	0.490478434192
10448	SWEET	12.9964748103	0.452295649415
8375	SWEET	14.2020836203	0.487403673148
8785	SWEET	19.9008512107	0.637616496864
31404	SWEET	13.5517417944	0.468609789513
5780	SWEET	13.1193843986	0.455928077146
7991	SWEET	15.3000245872	0.518364682542
61653	SWEET	13.5519875007	0.468616953941
6997	SWEET	13.7770904883	0.475160330604
24197	SWEET	18.9035314928	0.613203858552
12580	SWEET	13.7622372052	0.47472981905
7997	SWEET	18.1434193211	0.59406330698
7601	SWEET	14.4182313455	0.493575095768
650	SWEET	15.1077821677	0.513013253898
6569	SWEET	16.3226211034	0.546333660261
22386	SWEET	14.662492203	0.500504217079
14104	SWEET	14.0471139829	0.482955994817
14296	SWEET	13.7657772558	0.474832440849
244	SWEET	12.0859470612	0.425009835902
24473	SWEET	14.4211816388	0.493659073608
11525	SWEET	13.5793399168	0.469414207642
61027	SWEET	15.6236506249	0.527306641457
15380	SWEET	13.1490977073	0.456804400085
228769	SWEET	17.0043001867	0.564513517533
62902	SWEET	27.0832225769	0.789928525017
326	SWEET	30.9235222806	0.854435199129
8180	SWEET	14.959090809	0.508853873226
5280450	SWEET	14.6379505047	0.499810182197
8163	SWEET	16.0982800948	0.540269354989
9256	SWEET	11.1618267236	0.39663851862
101010	SWEET	14.3164398096	0.490673412855
27458	SWEET	13.5573922035	0.468774534797
24834	SWEET	34.9632299656	0.909558218772
2682	SWEET	14.1413978365	0.485664260351
520191	SWEET	14.7464704789	0.502875462521
16324	SWEET	16.827661464	0.559838382421
10400	SWEET	13.3266313969	0.462025614119
8294	SWEET	18.1070160602	0.593135030167
8918	SWEET	16.3916163921	0.548190620506
14286	SWEET	13.283654724	0.460763995831
31272	SWEET	17.5725681304	0.579384664937
10285	SWEET	12.4107116695	0.434818161122
7463	SWEET	12.897756019	0.44936939663
11980	SWEET	16.1615739342	0.541984368556
6584	SWEET	16.0693265854	0.539483760651
61024	SWEET	17.6203690133	0.580623798865
62725	SWEET	12.7327482582	0.444460779045
61527	SWEET	14.8171912653	0.504867987816
8186	SWEET	14.4229624996	0.493709761077
31249	SWEET	18.0345909127	0.591285048754
4133	SWEET	14.7036033599	0.501665753691
519539	SWEET	13.4867186526	0.466712114098
6998	SWEET	29.8048666564	0.836862635693
1060	SWEET	14.1524311554	0.485980723171
2879	FRUIT	4.26845477381	0.16345030849
16255	FRUIT	9.14379040981	0.332308055169
15606	FRUIT	9.0502746239	0.329247996649
11527	FRUIT	8.12462675191	0.298581246133
10430	FRUIT	2.23373008714	0.0873533834448
7151	FRUIT	5.91559603577	0.222626130847
5367698	FRUIT	6.9398224516	0.2583284438
641423	FRUIT	6.11115019107	0.22950754498
6943	FRUIT	4.66158891257	0.177771392027
61204	FRUIT	7.27855178127	0.269951144838
6137	FRUIT	6.87759139826	0.256183150554
660	FRUIT	4.62899217207	0.176588659471
8193	FRUIT	7.27796174874	0.269930979063
10882	FRUIT	14.1612540551	0.486233715639
11124	FRUIT	9.90432915534	0.356934871807
8363	FRUIT	5.51232993181	0.208338884761
10448	FRUIT	6.10552426881	0.229310000113
8375	FRUIT	5.41019220412	0.20469961629
8785	FRUIT	6.31481724588	0.236641923096
31404	FRUIT	4.8606628055	0.184976095056
5780	FRUIT	5.72827262729	0.216005662175
7991	FRUIT	5.16751471024	0.196019305097
61653	FRUIT	5.19010876561	0.196829459025
6997	FRUIT	4.874203182	0.185464984616
24197	FRUIT	14.0485896143	0.48299843651
12580	FRUIT	5.28263029127	0.200142738533
7997	FRUIT	11.0149370771	0.392065947559
7601	FRUIT	5.95672966654	0.224076135333
650	FRUIT	8.0942453169	0.297563089776
6569	FRUIT	8.90140118969	0.324362070332
22386	FRUIT	7.23637717307	0.268509025086
14104	FRUIT	5.16912499023	0.196077058343
14296	FRUIT	5.24386375492	0.198755307365
244	FRUIT	4.42296459249	0.169093537385
24473	FRUIT	6.02207874971	0.226376977001
11525	FRUIT	5.18164709047	0.196526096991
61027	FRUIT	8.34132804353	0.305822020329
15380	FRUIT	5.83289969499	0.219706900259
228769	FRUIT	8.9960414347	0.32747015279
62902	FRUIT	17.8140613429	0.585626141105
326	FRUIT	9.3313297701	0.338423704693
8180	FRUIT	4.0397744684	0.155063067634
5280450	FRUIT	4.43635609093	0.169581741491
8163	FRUIT	8.40176040238	0.307834584951
9256	FRUIT	3.46969488587	0.133972282394
101010	FRUIT	6.53320367058	0.244255046743
27458	FRUIT	5.87021967152	0.221024995264
24834	FRUIT	9.41049458317	0.340996820007
2682	FRUIT	7.27818720373	0.26993868456
520191	FRUIT	6.38025319356	0.238927075417
16324	FRUIT	9.96458025105	0.35886606621
10400	FRUIT	4.78880144702	0.182379010161
8294	FRUIT	7.97382513309	0.293520250422
8918	FRUIT	8.89896321865	0.324281910199
14286	FRUIT	5.50890074326	0.208216834771
31272	FRUIT	10.8741283737	0.387666467792
10285	FRUIT	4.36816758336	0.16709434812
7463	FRUIT	4.8289022231	0.183828770252
11980	FRUIT	8.05479882236	0.296240039267
6584	FRUIT	8.32870252352	0.305401186651
61024	FRUIT	9.30468125782	0.337556412989
62725	FRUIT	5.17020697561	0.196115862956
61527	FRUIT	6.37018143033	0.238575572631
8186	FRUIT	7.5642678013	0.279683453104
31249	FRUIT	15.1374949429	0.513842296457
4133	FRUIT	5.7452279473	0.216606060225
519539	FRUIT	5.78825089029	0.218128496264
6998	FRUIT	9.23295306833	0.335219153788
1060	FRUIT	7.16605299832	0.266101193703
2879	FISH	1.49987544567	0.0590951672859
16255	FISH	1.0690387964	0.0423044142768
15606	FISH	1.05995322601	0.0419487287039
11527	FISH	1.45834155254	0.0574829580679
10430	FISH	1.26412095864	0.0499256376264
7151	FISH	1.35486134687	0.0534601941671
5367698	FISH	1.37198182007	0.0541263391571
641423	FISH	1.40492854788	0.0554076122253
6943	FISH	1.44768295284	0.0570690037409
61204	FISH	1.18159404441	0.0467052959821
6137	FISH	4.45497579228	0.170260307967
660	FISH	1.54984329787	0.0610329262156
8193	FISH	1.0080292391	0.0399147203852
10882	FISH	1.16019855767	0.0458695180297
11124	FISH	1.23141097446	0.0486498897832
8363	FISH	1.41795776322	0.0559140688415
10448	FISH	4.56088483239	0.174114725114
8375	FISH	1.37014581826	0.0540549129049
8785	FISH	1.39995211083	0.0552141380681
31404	FISH	1.36473972731	0.0538445832831
5780	FISH	1.37707106718	0.0543243127976
7991	FISH	1.21850102158	0.0481461429674
61653	FISH	2.76932080983	0.107705177294
6997	FISH	1.47561967356	0.0581538055739
24197	FISH	1.22215033375	0.0482885527746
12580	FISH	1.43030373328	0.0563938418234
7997	FISH	1.21553129729	0.0480302453579
7601	FISH	1.40280818709	0.0553251791596
650	FISH	1.19061985711	0.0470577640267
6569	FISH	1.24201088465	0.0490633989712
22386	FISH	1.47419633556	0.0580985514881
14104	FISH	1.40157972865	0.0552774188518
14296	FISH	1.38431718476	0.0546061537633
244	FISH	1.6092713219	0.0633349512008
24473	FISH	1.31435303821	0.0518831119649
11525	FISH	1.4597851767	0.0575390179633
61027	FISH	1.08218498843	0.0428189497976
15380	FISH	7.86238577584	0.289768586998
228769	FISH	1.05447010522	0.0417340413275
62902	FISH	1.19867606081	0.047372312713
326	FISH	1.37556644865	0.054265784724
8180	FISH	1.04449319364	0.041343341333
5280450	FISH	1.10805917472	0.043831248935
8163	FISH	1.03957476285	0.041150704239
9256	FISH	2.7569566003	0.107237940134
101010	FISH	4.12464775536	0.158180822572
27458	FISH	1.41062569155	0.0556290817253
24834	FISH	1.36416955957	0.0538223989477
2682	FISH	1.01928379412	0.0403557759836
520191	FISH	2.74713109863	0.106866552236
16324	FISH	1.20539303069	0.0476345322844
10400	FISH	1.68155352299	0.0661310920194
8294	FISH	1.22020208911	0.048212526309
8918	FISH	1.03450443818	0.0409520977543
14286	FISH	1.38518815174	0.0546400275833
31272	FISH	1.15674765957	0.0457346803236
10285	FISH	1.54055398548	0.0606728367863
7463	FISH	1.44196817957	0.0568470182904
11980	FISH	1.36554614814	0.0538759594125
6584	FISH	1.19301834504	0.0471514166928
61024	FISH	1.05140539956	0.0416140346568
62725	FISH	2.89126865852	0.112306972559
61527	FISH	1.24676158949	0.0492486977952
8186	FISH	1.09617980328	0.0433665480666
31249	FISH	1.18884263711	0.046988366758
4133	FISH	1.37334490015	0.0541793655201
519539	FISH	2.9209268356	0.113424347993
6998	FISH	1.51836852291	0.059812563728
1060	FISH	1.1986530703	0.0473714151386
2879	GARLIC	2.02290497653	0.0792793412436
16255	GARLIC	2.13935136571	0.0837433249222
15606	GARLIC	2.14047103122	0.0837861947547
11527	GARLIC	2.15392805924	0.084301359936
10430	GARLIC	2.34927170781	0.0917632372895
7151	GARLIC	2.16942766991	0.0848945402302
5367698	GARLIC	2.08565447159	0.0816861970335
641423	GARLIC	2.13939918524	0.08374515586
6943	GARLIC	1.99872578842	0.0783510696258
61204	GARLIC	2.18370010052	0.085440585569
6137	GARLIC	9.70988096799	0.350682523355
660	GARLIC	2.08667427216	0.0817252870791
8193	GARLIC	2.16355343487	0.0846697520086
10882	GARLIC	2.16711165323	0.0848059169623
11124	GARLIC	2.22775802476	0.0871251586638
8363	GARLIC	2.0932770446	0.08197835827
10448	GARLIC	12.710543659	0.443798578317
8375	GARLIC	2.10510343844	0.0824315533429
8785	GARLIC	2.09888213535	0.0821931629267
31404	GARLIC	2.15843648423	0.0844739201465
5780	GARLIC	2.41801738502	0.0943819721712
7991	GARLIC	2.44201158758	0.0952950952657
61653	GARLIC	9.89916980042	0.356769366922
6997	GARLIC	2.05189479533	0.0803916829128
24197	GARLIC	2.21330898133	0.0865728645945
12580	GARLIC	2.08115459149	0.0815137018862
7997	GARLIC	2.24990029369	0.0879711912149
7601	GARLIC	2.10175848866	0.0823033840485
650	GARLIC	2.33917229243	0.0913782008916
6569	GARLIC	2.27725032309	0.0890156653099
22386	GARLIC	2.36735034101	0.0924522745857
14104	GARLIC	2.04856274304	0.0802638659969
14296	GARLIC	3.66646139535	0.141281280149
244	GARLIC	2.07159409102	0.0811471628097
24473	GARLIC	2.42151563334	0.0945151301486
11525	GARLIC	2.66168764688	0.103633673423
61027	GARLIC	2.20623164259	0.0863022824794
15380	GARLIC	6.29137357887	0.235822390551
228769	GARLIC	2.14841702762	0.0840904028149
62902	GARLIC	2.16720633987	0.0848095402671
326	GARLIC	2.01274218092	0.0788892348021
8180	GARLIC	2.224455139	0.086998925294
5280450	GARLIC	2.24189625691	0.0876654107456
8163	GARLIC	2.15974265291	0.0845239107856
9256	GARLIC	9.21722359519	0.334706059486
101010	GARLIC	9.79792084815	0.353517132747
27458	GARLIC	3.9713864966	0.152546695582
24834	GARLIC	2.0271239752	0.0794412663639
2682	GARLIC	2.16624817162	0.0847728744082
520191	GARLIC	8.23792463923	0.302371624625
16324	GARLIC	2.21898936154	0.086790008947
10400	GARLIC	2.41046392932	0.094094422631
8294	GARLIC	2.2725354856	0.0888356524108
8918	GARLIC	2.15709221813	0.0844224699902
14286	GARLIC	2.15996462871	0.0845324062696
31272	GARLIC	2.21947293887	0.0868084935043
10285	GARLIC	3.81425323097	0.146750718155
7463	GARLIC	3.83260293047	0.14742857913
11980	GARLIC	2.17048777395	0.0849351040874
6584	GARLIC	2.27977664426	0.0891121131514
61024	GARLIC	2.13435347867	0.0835519532381
62725	GARLIC	9.913635958	0.357233367157
61527	GARLIC	2.19725537523	0.0859590425355
8186	GARLIC	2.14776663016	0.0840655046072
31249	GARLIC	2.1913170211	0.0857319327293
4133	GARLIC	2.09104726984	0.0818928993199
519539	GARLIC	10.0282086633	0.360902358934
6998	GARLIC	2.05575997998	0.0805399395611
1060	GARLIC	2.46338921233	0.0961082539288
2879	SPICES	8.76552646967	0.319887277071
16255	SPICES	4.68202268136	0.178512372699
15606	SPICES	4.73809617017	0.18054402468
11527	SPICES	5.56904327778	0.210356033899
10430	SPICES	6.3009235956	0.236156288561
7151	SPICES	6.47060062949	0.242076556177
5367698	SPICES	6.08321465397	0.228526385948
641423	SPICES	6.34490967983	0.237693235655
6943	SPICES	10.2580474952	0.368230884442
61204	SPICES	5.12975145654	0.194664318259
6137	SPICES	6.18281643861	0.232021769899
660	SPICES	7.21797171316	0.267879222266
8193	SPICES	4.65569733464	0.177557686317
10882	SPICES	5.03140268892	0.19113010235
11124	SPICES	5.81321670796	0.219011272921
8363	SPICES	6.21450984377	0.233132340712
10448	SPICES	6.67595628738	0.249210894555
8375	SPICES	7.03281368058	0.261528359917
8785	SPICES	6.5120356777	0.243518783641
31404	SPICES	7.35259865856	0.272479663529
5780	SPICES	5.15580109681	0.195599129893
7991	SPICES	5.05202008991	0.191871640801
61653	SPICES	7.87814850797	0.290299850753
6997	SPICES	8.50365121413	0.311221214976
24197	SPICES	4.61402168603	0.176045188994
12580	SPICES	7.60537898671	0.281078443656
7997	SPICES	5.55473320099	0.209847303666
7601	SPICES	6.03143122692	0.226705984019
650	SPICES	6.16242956551	0.23130696736
6569	SPICES	6.2188213855	0.23328335965
22386	SPICES	5.86711383637	0.220915343547
14104	SPICES	11.2298209359	0.398749286134
14296	SPICES	7.53050574594	0.278536823122
244	SPICES	7.58828624789	0.280498614644
24473	SPICES	6.70169621177	0.250102755625
11525	SPICES	6.88266482427	0.256358162937
61027	SPICES	4.67733899062	0.178342559612
15380	SPICES	7.09911235826	0.26380553582
228769	SPICES	4.7563136265	0.181203537335
62902	SPICES	5.43987859025	0.205758231979
326	SPICES	9.05689599335	0.32946489372
8180	SPICES	4.44703983444	0.169971128062
5280450	SPICES	4.32262083537	0.16543081306
8163	SPICES	4.78042808808	0.182076126441
9256	SPICES	8.05670251222	0.296303918341
101010	SPICES	6.01662425865	0.226185063358
27458	SPICES	7.15249591188	0.265636557367
24834	SPICES	7.16180676873	0.265955680272
2682	SPICES	4.39018547133	0.167897927464
520191	SPICES	7.43100945036	0.275152417434
16324	SPICES	5.49331831042	0.207662113993
10400	SPICES	6.58251226954	0.24596870367
8294	SPICES	5.86536285087	0.220853521486
8918	SPICES	4.70477946434	0.17933719865
14286	SPICES	6.77796811319	0.25274238383
31272	SPICES	5.50848661026	0.208202094516
10285	SPICES	7.56684389783	0.279770905283
7463	SPICES	9.84410176403	0.355001534745
11980	SPICES	6.27393690168	0.235212562369
6584	SPICES	6.23434251802	0.233826890068
61024	SPICES	4.90371251933	0.186529942184
62725	SPICES	7.35634575142	0.272607500931
61527	SPICES	7.42387281054	0.274909357419
8186	SPICES	4.79579244244	0.182631847637
31249	SPICES	4.73365902784	0.180383349997
4133	SPICES	6.83798925551	0.254816331397
519539	SPICES	7.29279476342	0.270437848352
6998	SPICES	8.3000693214	0.30444631256
1060	SPICES	5.6996766838	0.214992541632
2879	COLD	4.69591670253	0.17901601463
16255	COLD	4.92520710753	0.18730521828
15606	COLD	4.94895220598	0.188161237064
11527	COLD	5.14115611656	0.195073650177
10430	COLD	4.70082525081	0.179193906817
7151	COLD	4.23040639814	0.162057720608
5367698	COLD	4.65751361746	0.17762357146
641423	COLD	4.53183447081	0.173058369364
6943	COLD	5.05725831608	0.192059987973
61204	COLD	5.12685767746	0.19456043924
6137	COLD	2.9054111198	0.112839879282
660	COLD	4.66282577268	0.177816253233
8193	COLD	5.23111701576	0.198298846537
10882	COLD	4.6815135993	0.17849391614
11124	COLD	4.51818365243	0.17256175269
8363	COLD	4.50754744804	0.172174704323
10448	COLD	2.93698705211	0.114029124907
8375	COLD	4.66135114518	0.177762768008
8785	COLD	4.56965078598	0.174433348117
31404	COLD	5.10017806014	0.193602395907
5780	COLD	4.78037016451	0.182074031016
7991	COLD	4.54409509839	0.17350428383
61653	COLD	3.05336020312	0.118405204713
6997	COLD	4.8193545085	0.183483709189
24197	COLD	4.5999825146	0.17553536493
12580	COLD	4.72027584769	0.179898632276
7997	COLD	4.62375026421	0.176398383966
7601	COLD	4.56478995106	0.174256675123
650	COLD	4.70388200889	0.179304677974
6569	COLD	4.64803299303	0.177279635439
22386	COLD	4.94251631822	0.187929265707
14104	COLD	5.0144653749	0.190520669797
14296	COLD	5.18732588679	0.196729695529
244	COLD	4.55803911444	0.17401127635
24473	COLD	6.50475957205	0.243265624046
11525	COLD	5.75676244286	0.217014372185
61027	COLD	4.8850384329	0.18585609712
15380	COLD	2.99612201154	0.116254181618
228769	COLD	4.97062470582	0.188942144246
62902	COLD	4.81723401438	0.183407063156
326	COLD	4.98168326085	0.18934046319
8180	COLD	4.95483563262	0.188373266846
5280450	COLD	4.94203194328	0.18791180584
8163	COLD	5.09785462945	0.193518936449
9256	COLD	2.80395281649	0.109013252101
101010	COLD	3.62413200713	0.139711547163
27458	COLD	4.75057288997	0.180995738486
24834	COLD	4.64246166948	0.177077486638
2682	COLD	5.20945067245	0.197522676375
520191	COLD	2.91347919356	0.113143823338
16324	COLD	4.54147119101	0.173408863409
10400	COLD	5.92967855316	0.223122707029
8294	COLD	5.2017548907	0.197246894051
8918	COLD	5.06821707434	0.192453953248
14286	COLD	4.40916329794	0.168590243522
31272	COLD	4.71336977466	0.179648449133
10285	COLD	4.72616794875	0.180112052558
7463	COLD	5.29037332385	0.200419712992
11980	COLD	4.37258417204	0.167255569945
6584	COLD	4.61497890517	0.176079944089
61024	COLD	4.92664519149	0.187357074522
62725	COLD	3.05430293528	0.118440610843
61527	COLD	4.70801693128	0.179454507881
8186	COLD	5.06978858604	0.192510440919
31249	COLD	4.58939544458	0.175150797564
4133	COLD	4.47671108466	0.171052066532
519539	COLD	3.15562812584	0.122241929486
6998	COLD	4.45877128404	0.170398594816
1060	COLD	4.35814547588	0.16672844624
2879	SOUR	7.74882252382	0.285935200751
16255	SOUR	8.12453438026	0.298578151652
15606	SOUR	8.12108259985	0.298462510956
11527	SOUR	8.50300995262	0.311199926803
10430	SOUR	13.454033181	0.465756923706
7151	SOUR	8.1267199061	0.298651365671
5367698	SOUR	8.17045668332	0.300115722367
641423	SOUR	8.06895482592	0.296714980244
6943	SOUR	8.06557105443	0.296601467604
61204	SOUR	7.91532120318	0.291551924227
6137	SOUR	11.3211791832	0.40157952809
660	SOUR	7.537847432	0.278786239717
8193	SOUR	7.8749960457	0.29019361674
10882	SOUR	8.61054363607	0.314765160759
11124	SOUR	9.21278489925	0.33456123373
8363	SOUR	7.62184638184	0.281636838366
10448	SOUR	10.2377938547	0.367586784985
8375	SOUR	8.01342054359	0.29485085822
8785	SOUR	7.96531980169	0.29323426425
31404	SOUR	7.55992928266	0.279536159003
5780	SOUR	8.96787443694	0.326545868711
7991	SOUR	14.2435884176	0.488591612299
61653	SOUR	8.35344481088	0.306225776352
6997	SOUR	8.11877057794	0.298385048839
24197	SOUR	8.58573130225	0.313943339292
12580	SOUR	7.88406725918	0.290499283748
7997	SOUR	8.82329350875	0.321791537013
7601	SOUR	7.92802312747	0.291979504815
650	SOUR	9.43608386376	0.341827483077
6569	SOUR	9.35289817058	0.339125245148
22386	SOUR	8.84057598181	0.322360725796
14104	SOUR	7.6332131592	0.282022149115
14296	SOUR	8.1140819445	0.298227947459
244	SOUR	7.96526744831	0.293232503723
24473	SOUR	8.09433214824	0.297566000759
11525	SOUR	7.77803114002	0.286922138235
61027	SOUR	8.30645282217	0.304659249492
15380	SOUR	11.5451933972	0.408491139656
228769	SOUR	8.34245649801	0.305859627752
62902	SOUR	8.99837442315	0.327546680022
326	SOUR	7.67979401444	0.283600066136
8180	SOUR	11.0622891169	0.393541868474
5280450	SOUR	11.030441977	0.392549418997
8163	SOUR	7.91251028426	0.291457283771
9256	SOUR	7.66849810783	0.283217579021
101010	SOUR	9.62102582912	0.347815377963
27458	SOUR	8.6240418175	0.315212033792
24834	SOUR	7.80543729247	0.287847551168
2682	SOUR	7.89038628778	0.290712173203
520191	SOUR	8.8635793239	0.323117957584
16324	SOUR	9.79642211915	0.353468930231
10400	SOUR	7.51852459567	0.278129698989
8294	SOUR	9.52333103751	0.34465570788
8918	SOUR	7.88467499169	0.290519759778
14286	SOUR	8.27445462758	0.30359154535
31272	SOUR	8.57255322172	0.313506661373
10285	SOUR	7.66419590743	0.283071876734
7463	SOUR	7.64169092405	0.282309460891
11980	SOUR	8.16453160685	0.29991743373
6584	SOUR	9.49044243428	0.343590298332
61024	SOUR	7.95515507015	0.29289240593
62725	SOUR	10.2109182023	0.366731587877
61527	SOUR	8.47494482493	0.310267917083
8186	SOUR	12.2598717789	0.430273088743
31249	SOUR	8.43225150893	0.308848914153
4133	SOUR	8.05164013269	0.296134041777
519539	SOUR	10.6494505173	0.380613702164
6998	SOUR	7.72750940028	0.285214615399
1060	SOUR	10.0522438249	0.361670710631
2879	BURNT	5.9318048313	0.223197669829
16255	BURNT	4.45610088283	0.170301301282
15606	BURNT	4.49376044409	0.171672864592
11527	BURNT	4.58323216851	0.174926879896
10430	BURNT	4.80005399854	0.182785952586
7151	BURNT	5.58598607523	0.210958146836
5367698	BURNT	4.82788604737	0.18379204842
641423	BURNT	5.04773750583	0.191717638662
6943	BURNT	5.56865557356	0.210342252984
61204	BURNT	5.20285410312	0.197286287797
6137	BURNT	14.2778432936	0.489571008099
660	BURNT	6.03548065533	0.226848415517
8193	BURNT	4.81369558354	0.183279157273
10882	BURNT	4.34046212542	0.166082640432
11124	BURNT	4.57362525965	0.17457779118
8363	BURNT	5.13304215103	0.194782437352
10448	BURNT	5.21001123845	0.197542762696
8375	BURNT	5.57766063216	0.210662306035
8785	BURNT	5.15786626946	0.195673216997
31404	BURNT	5.71486802549	0.2155308344
5780	BURNT	4.98332768228	0.189399685376
7991	BURNT	4.56308861614	0.174194833558
61653	BURNT	5.88430962143	0.221522344969
6997	BURNT	5.61989208152	0.212162408458
24197	BURNT	4.5269761873	0.172881642132
12580	BURNT	5.4257417426	0.205254200321
7997	BURNT	4.4999142819	0.171896879858
7601	BURNT	4.91654619486	0.1869928772
650	BURNT	4.86019579776	0.184959230634
6569	BURNT	4.68748402959	0.178710358573
22386	BURNT	4.66547463412	0.17791232394
14104	BURNT	5.59695942485	0.211347995073
14296	BURNT	5.81981534217	0.21924451344
244	BURNT	5.49630109906	0.207768313654
24473	BURNT	6.21254740441	0.233063598075
11525	BURNT	7.15954147484	0.265878045342
61027	BURNT	4.4878829342	0.171458880076
15380	BURNT	4.85159985789	0.184648785843
228769	BURNT	4.52688784209	0.17287842827
62902	BURNT	4.46885672048	0.170765996664
326	BURNT	5.50168010471	0.207959810599
8180	BURNT	4.72002717393	0.179889624348
5280450	BURNT	4.71804695632	0.17981789142
8163	BURNT	4.60098428979	0.175571749018
9256	BURNT	7.26041551355	0.26933116717
101010	BURNT	12.4153225264	0.434956807681
27458	BURNT	5.63781781217	0.212798716613
24834	BURNT	5.38055835737	0.203642171
2682	BURNT	4.94750086637	0.188108928726
520191	BURNT	12.7239609918	0.444198766343
16324	BURNT	4.35800277012	0.166723235547
10400	BURNT	5.774570407	0.217644550926
8294	BURNT	4.54304574471	0.173466123933
8918	BURNT	4.56391441319	0.174224850619
14286	BURNT	5.68912142341	0.214618415908
31272	BURNT	4.43900762708	0.169678389598
10285	BURNT	5.8949083921	0.221896357703
7463	BURNT	5.58677397274	0.210986141541
11980	BURNT	5.99888379942	0.225560709241
6584	BURNT	4.73400709441	0.180395954508
61024	BURNT	4.52875763728	0.172946447196
62725	BURNT	14.5207099611	0.496487991335
61527	BURNT	5.37223923898	0.203345187783
8186	BURNT	4.71871055034	0.17984193031
31249	BURNT	4.40961711215	0.168606795256
4133	BURNT	5.40306477112	0.204445347277
519539	BURNT	14.0096114852	0.481876773823
6998	BURNT	5.87924461277	0.221343577624
1060	BURNT	5.00696977787	0.190250892572
2879	ACID	6.27910813845	0.235393445932
16255	ACID	6.31863439859	0.236775319678
15606	ACID	6.33149414593	0.237224638589
11527	ACID	6.68055731098	0.249370354045
10430	ACID	6.49417934902	0.242897427794
7151	ACID	6.21121099428	0.233016782965
5367698	ACID	6.10234748471	0.229198441459
641423	ACID	6.09842445763	0.229060665959
6943	ACID	6.45433284723	0.241509948888
61204	ACID	6.64435668546	0.248115277113
6137	ACID	6.36325583702	0.238333823542
660	ACID	6.52442479576	0.243949744264
8193	ACID	6.6779371156	0.249279546976
10882	ACID	6.24973164217	0.234365607447
11124	ACID	6.33225948753	0.237251375414
8363	ACID	6.1544070141	0.231025590286
10448	ACID	6.44050274362	0.241028079509
8375	ACID	6.25015839565	0.234380543838
8785	ACID	6.28377171614	0.235556553853
31404	ACID	6.34388979084	0.237657616562
5780	ACID	6.72013118879	0.250741182274
7991	ACID	6.41149298234	0.240016822389
61653	ACID	6.46199012001	0.241776678276
6997	ACID	6.38357875963	0.239043119273
24197	ACID	6.40149755384	0.239668233781
12580	ACID	6.31884617684	0.236782720271
7997	ACID	6.48570734361	0.242602533846
7601	ACID	6.15515846128	0.231051948178
650	ACID	6.50243561888	0.243184757164
6569	ACID	6.45916600766	0.241678310101
22386	ACID	6.71058077505	0.250410473267
14104	ACID	6.33954205228	0.237505764718
14296	ACID	6.44736214665	0.241267094406
244	ACID	6.42029982155	0.240323892942
24473	ACID	6.66123353671	0.248700528576
11525	ACID	8.5628855494	0.313186218403
61027	ACID	6.15087955429	0.230901854455
15380	ACID	6.51016446467	0.243453682044
228769	ACID	6.38951374113	0.239250195306
62902	ACID	6.44492118042	0.241182043608
326	ACID	6.29169947972	0.235833786251
8180	ACID	6.48641233667	0.242627075466
5280450	ACID	6.62189575153	0.247336028723
8163	ACID	6.47814457316	0.242339240082
9256	ACID	6.10475554594	0.229283005727
101010	ACID	6.55106235361	0.24487592696
27458	ACID	6.39782119667	0.239540001441
24834	ACID	6.13541194481	0.230359165899
2682	ACID	6.64434344102	0.248114817736
520191	ACID	6.24919354589	0.234346773846
16324	ACID	6.14768104761	0.230789648999
10400	ACID	13.8794508401	0.478122371356
8294	ACID	6.40705345148	0.239862004487
8918	ACID	6.37323480429	0.238682143423
14286	ACID	6.31252706311	0.236561883356
31272	ACID	6.40323468712	0.239728821701
10285	ACID	6.40804869991	0.23989671274
7463	ACID	6.50547091157	0.24329037575
11980	ACID	6.22090922248	0.233356484278
6584	ACID	6.37343187693	0.238689021521
61024	ACID	6.41144614201	0.240015189028
62725	ACID	6.52830477453	0.244084685689
61527	ACID	6.24962164374	0.234361757474
8186	ACID	6.51585281164	0.24365157732
31249	ACID	6.28758219124	0.235689811725
4133	ACID	6.20443210859	0.232779293228
519539	ACID	6.54592900131	0.244697485456
6998	ACID	6.22516682021	0.233505592033
1060	ACID	6.37634851274	0.238790812367
2879	WARM	6.44791758932	0.241286447077
16255	WARM	5.55897760469	0.209998211384
15606	WARM	5.54568642701	0.209525601902
11527	WARM	5.44192367791	0.20583113379
10430	WARM	5.81774454677	0.219171321226
7151	WARM	6.24053213628	0.234043588914
5367698	WARM	6.06387245812	0.22784667865
641423	WARM	6.19840481597	0.232568103734
6943	WARM	6.53711971477	0.244391214925
61204	WARM	5.83727431141	0.219861463902
6137	WARM	5.78713929109	0.218089179174
660	WARM	6.4821653814	0.242479228043
8193	WARM	5.38230830316	0.203704635058
10882	WARM	5.65569598129	0.213433080438
11124	WARM	5.77666365195	0.217718608899
8363	WARM	6.29637638591	0.235997313199
10448	WARM	5.58103687546	0.210782285976
8375	WARM	6.68540330148	0.249538285138
8785	WARM	6.24811770039	0.234309118096
31404	WARM	6.24499120435	0.234199682117
5780	WARM	5.73132272109	0.21611368479
7991	WARM	5.63647974126	0.212751228101
61653	WARM	6.08562120809	0.228610934128
6997	WARM	6.65290437346	0.248411720298
24197	WARM	5.78748471143	0.218101396743
12580	WARM	6.28300347176	0.23552968582
7997	WARM	5.6613397282	0.213633282121
7601	WARM	6.05897624213	0.227674572444
650	WARM	5.75525663732	0.216961073908
6569	WARM	5.68279624584	0.214394180565
22386	WARM	5.61934062889	0.212142829514
14104	WARM	6.82927687481	0.254515465939
14296	WARM	6.09610147086	0.228979077577
244	WARM	6.2864446188	0.235650030374
24473	WARM	6.29111393279	0.235813311506
11525	WARM	6.59107170596	0.246265977745
61027	WARM	5.58404407336	0.210889143649
15380	WARM	5.67849379009	0.214241634914
228769	WARM	5.5468624225	0.209567423806
62902	WARM	5.69462550437	0.214813516321
326	WARM	6.98319249897	0.259821708968
8180	WARM	5.53043236971	0.20898302191
5280450	WARM	5.60646206385	0.211685515805
8163	WARM	5.48463983299	0.20735308368
9256	WARM	6.37542235548	0.238758490135
101010	WARM	5.85155351943	0.220365869341
27458	WARM	6.02554370189	0.226498877314
24834	WARM	7.34122598249	0.272091599729
2682	WARM	5.47515761213	0.207015364134
520191	WARM	6.15810008545	0.231155124753
16324	WARM	5.7459502278	0.216631631504
10400	WARM	6.12392366005	0.229955970004
8294	WARM	5.76466427281	0.217294029241
8918	WARM	5.47555486657	0.207029514224
14286	WARM	6.20841289074	0.232918759381
31272	WARM	5.58817350066	0.211035866797
10285	WARM	6.30818177749	0.236410008164
7463	WARM	6.18145559623	0.231974066534
11980	WARM	6.47398462404	0.242194394197
6584	WARM	5.78587364824	0.21804441238
61024	WARM	5.52257127689	0.208703333672
62725	WARM	6.04055495076	0.227026876385
61527	WARM	6.1772327923	0.231826029704
8186	WARM	5.48257194167	0.207279439629
31249	WARM	5.70873273046	0.215313457463
4133	WARM	6.75311581263	0.251882803234
519539	WARM	5.97573774212	0.22474573306
6998	WARM	7.15998465897	0.265893234232
1060	WARM	5.83144191511	0.219655390681
2879	MUSKY	7.9476545736	0.292640097656
16255	MUSKY	6.96000122014	0.259023402012
15606	MUSKY	6.93535647879	0.258174591356
11527	MUSKY	7.13198959977	0.26493347373
10430	MUSKY	10.157120149	0.365017970072
7151	MUSKY	7.72967796742	0.285287950105
5367698	MUSKY	7.57128232087	0.279921566442
641423	MUSKY	7.77204050587	0.286719774785
6943	MUSKY	7.85993681669	0.289686029963
61204	MUSKY	6.98784867023	0.259981935194
6137	MUSKY	12.2204859393	0.429083326936
660	MUSKY	7.90234415701	0.29111494901
8193	MUSKY	7.13319027494	0.264974649598
10882	MUSKY	7.0613463092	0.262508807689
11124	MUSKY	7.18752089379	0.266836653112
8363	MUSKY	7.77890235847	0.286951565578
10448	MUSKY	7.63936172285	0.282230529901
8375	MUSKY	7.7293603589	0.285277209733
8785	MUSKY	7.68229566761	0.283684760015
31404	MUSKY	7.62338959427	0.281689156208
5780	MUSKY	7.62871795922	0.281869783288
7991	MUSKY	13.7608182777	0.474688683239
61653	MUSKY	7.66505895276	0.283101106611
6997	MUSKY	7.89272011017	0.290790792112
24197	MUSKY	7.00189844972	0.260465305229
12580	MUSKY	7.69778711587	0.284209114042
7997	MUSKY	7.12357920002	0.264645015753
7601	MUSKY	7.79767461134	0.287585492716
650	MUSKY	7.11427775934	0.264325931159
6569	MUSKY	7.27631429721	0.269874671988
22386	MUSKY	7.35491844345	0.272558807614
14104	MUSKY	7.57394527525	0.280011952197
14296	MUSKY	7.66881566311	0.283228333055
244	MUSKY	8.24086494391	0.302469855747
24473	MUSKY	7.02262916115	0.261178238312
11525	MUSKY	7.19214534006	0.266995031766
61027	MUSKY	7.11256914465	0.264267309851
15380	MUSKY	7.71665797204	0.284847594779
228769	MUSKY	6.92646569474	0.257868256981
62902	MUSKY	7.02632488036	0.261305298685
326	MUSKY	7.53941488038	0.27883948452
8180	MUSKY	12.1158927647	0.425917767595
5280450	MUSKY	11.5962963849	0.410062219457
8163	MUSKY	6.92610588941	0.25785585846
9256	MUSKY	8.89993571515	0.324313886313
101010	MUSKY	7.17542229192	0.26642221765
27458	MUSKY	7.87304594917	0.29012789696
24834	MUSKY	7.44904406623	0.275766459649
2682	MUSKY	7.17435011187	0.266385484664
520191	MUSKY	7.35029013883	0.272400899503
16324	MUSKY	7.7349548701	0.285466384067
10400	MUSKY	7.34749565209	0.272305549141
8294	MUSKY	7.16716788285	0.26613939713
8918	MUSKY	6.85981288091	0.255569702132
14286	MUSKY	7.88052827831	0.290380040754
31272	MUSKY	7.02226998921	0.261165889248
10285	MUSKY	8.22554684594	0.301958025472
7463	MUSKY	7.77360337081	0.286772571086
11980	MUSKY	7.55486095369	0.279364068536
6584	MUSKY	7.09671121714	0.263723124646
61024	MUSKY	6.91239178133	0.257383207198
62725	MUSKY	7.91931237156	0.291686291487
61527	MUSKY	7.342813958	0.272145791591
8186	MUSKY	13.1737737825	0.457531625031
31249	MUSKY	6.99813392793	0.260335805728
4133	MUSKY	7.63672840405	0.282141287875
519539	MUSKY	7.8037526458	0.287790683689
6998	MUSKY	7.93580977789	0.292241560383
1060	MUSKY	9.65344632739	0.348862242697
2879	SWEATY	4.41462190469	0.168789321563
16255	SWEATY	3.40626818784	0.131609662327
15606	SWEATY	3.69395481332	0.142300071668
11527	SWEATY	3.42249837643	0.132214537003
10430	SWEATY	6.68167219364	0.249408990424
7151	SWEATY	3.13938700255	0.121633179801
5367698	SWEATY	4.11096494897	0.157678584834
641423	SWEATY	3.95880655063	0.152083402303
6943	SWEATY	2.21690427344	0.0867103051147
61204	SWEATY	3.5827586797	0.138175883285
6137	SWEATY	7.45327520439	0.275910483667
660	SWEATY	3.64167796201	0.140362391129
8193	SWEATY	4.00548626309	0.153801882442
10882	SWEATY	4.00723621873	0.153866271904
11124	SWEATY	4.48952203461	0.171518558145
8363	SWEATY	3.61186468773	0.1392563609
10448	SWEATY	5.01812015523	0.190652194252
8375	SWEATY	2.23754417001	0.0874991252353
8785	SWEATY	3.48324217643	0.134476496633
31404	SWEATY	2.83389764666	0.110143515518
5780	SWEATY	4.07763129294	0.156454420933
7991	SWEATY	10.1924620648	0.366143969416
61653	SWEATY	4.20004192773	0.160945536231
6997	SWEATY	2.36342893305	0.0923028387935
24197	SWEATY	3.61043713647	0.139203382932
12580	SWEATY	3.27474041591	0.12670004672
7997	SWEATY	4.54430008415	0.173511738064
7601	SWEATY	3.96254830109	0.152221216428
650	SWEATY	4.34196733212	0.16613762116
6569	SWEATY	4.54824499566	0.17365518681
22386	SWEATY	4.61994204816	0.176260136115
14104	SWEATY	2.81073962433	0.109269482079
14296	SWEATY	4.13299553253	0.158487160472
244	SWEATY	2.50514475978	0.0976954902841
24473	SWEATY	2.65015587736	0.103196904625
11525	SWEATY	4.09632185705	0.157140933179
61027	SWEATY	3.94235150014	0.151477205865
15380	SWEATY	4.88902884577	0.186000112609
228769	SWEATY	3.66281010278	0.141145932972
62902	SWEATY	4.0265129005	0.154575393565
326	SWEATY	1.79472550491	0.0705006043411
8180	SWEATY	7.71506391077	0.284793671972
5280450	SWEATY	7.5155151282	0.278027418071
8163	SWEATY	3.6958479723	0.142370201998
9256	SWEATY	4.19641841989	0.160812765774
101010	SWEATY	3.16876400347	0.122734134015
27458	SWEATY	3.3556253748	0.12972092633
24834	SWEATY	2.94641843276	0.114384184678
2682	SWEATY	4.00949313855	0.153949311451
520191	SWEATY	4.2139051068	0.161453405772
16324	SWEATY	4.62567770726	0.17646835059
10400	SWEATY	4.04856196478	0.155386136998
8294	SWEATY	3.25364799289	0.125911429611
8918	SWEATY	3.67179276475	0.141478885747
14286	SWEATY	2.45381940908	0.0957442844861
31272	SWEATY	3.02345534902	0.117281701062
10285	SWEATY	3.78873767708	0.145807693809
7463	SWEATY	1.80695508057	0.0709721685575
11980	SWEATY	3.70419860722	0.14267950936
6584	SWEATY	4.26440797256	0.16330224876
61024	SWEATY	3.56047723543	0.13734829016
62725	SWEATY	3.24743602436	0.125679104682
61527	SWEATY	4.20686488791	0.161195510642
8186	SWEATY	4.0241649723	0.154489037402
31249	SWEATY	3.66724856213	0.141310457678
4133	SWEATY	3.28643596015	0.127137173878
519539	SWEATY	3.24760025873	0.125685247373
6998	SWEATY	2.35085876375	0.0918237357791
1060	SWEATY	6.22386456784	0.23345998665
2879	AMMONIA/URINOUS	6.00160551667	0.225656513156
16255	AMMONIA/URINOUS	4.29504030781	0.164422663814
15606	AMMONIA/URINOUS	4.37698165924	0.167416078991
11527	AMMONIA/URINOUS	5.77300559661	0.217589186417
10430	AMMONIA/URINOUS	6.17438416038	0.231726158511
7151	AMMONIA/URINOUS	4.58672536932	0.175053794927
5367698	AMMONIA/URINOUS	5.20502163643	0.197363965363
641423	AMMONIA/URINOUS	4.80149903635	0.182838204256
6943	AMMONIA/URINOUS	6.09572995713	0.228966028801
61204	AMMONIA/URINOUS	4.63572345304	0.176832965348
6137	AMMONIA/URINOUS	5.87943284681	0.221350221632
660	AMMONIA/URINOUS	5.30093370031	0.200797388775
8193	AMMONIA/URINOUS	5.77941728911	0.217816025884
10882	AMMONIA/URINOUS	4.25914567811	0.163109698361
11124	AMMONIA/URINOUS	4.45030089384	0.170089964535
8363	AMMONIA/URINOUS	5.67578650886	0.214145639357
10448	AMMONIA/URINOUS	6.03286980683	0.226756585031
8375	AMMONIA/URINOUS	5.66378461165	0.213720002015
8785	AMMONIA/URINOUS	5.54790182236	0.209604387042
31404	AMMONIA/URINOUS	5.37243481049	0.203352170102
5780	AMMONIA/URINOUS	5.69073675285	0.214675676198
7991	AMMONIA/URINOUS	5.82874977504	0.219560261426
61653	AMMONIA/URINOUS	5.58011038402	0.210749362602
6997	AMMONIA/URINOUS	6.05688628444	0.227601102792
24197	AMMONIA/URINOUS	3.44176143861	0.132932168824
12580	AMMONIA/URINOUS	6.07040425426	0.228076247046
7997	AMMONIA/URINOUS	4.33560179335	0.16590509457
7601	AMMONIA/URINOUS	6.55263915632	0.244930734287
650	AMMONIA/URINOUS	5.43226256265	0.205486711886
6569	AMMONIA/URINOUS	5.73353045519	0.216191869616
22386	AMMONIA/URINOUS	5.91901123918	0.222746571947
14104	AMMONIA/URINOUS	5.41591272847	0.204903664866
14296	AMMONIA/URINOUS	5.4520082209	0.20619057138
244	AMMONIA/URINOUS	6.56662272768	0.245416695488
24473	AMMONIA/URINOUS	6.07848925753	0.22836035764
11525	AMMONIA/URINOUS	6.43841487412	0.240955320528
61027	AMMONIA/URINOUS	4.34063364915	0.166088905776
15380	AMMONIA/URINOUS	7.86993017947	0.290022886767
228769	AMMONIA/URINOUS	4.4372421843	0.169614040091
62902	AMMONIA/URINOUS	4.40132208454	0.168304228945
326	AMMONIA/URINOUS	5.96334084855	0.224309060312
8180	AMMONIA/URINOUS	5.62764358874	0.212437594605
5280450	AMMONIA/URINOUS	5.42595578216	0.205261832826
8163	AMMONIA/URINOUS	5.570017363	0.21039065715
9256	AMMONIA/URINOUS	5.35028362169	0.202561130935
101010	AMMONIA/URINOUS	6.02750648171	0.226567925514
27458	AMMONIA/URINOUS	5.66264962951	0.21367974485
24834	AMMONIA/URINOUS	5.48071702689	0.207213377424
2682	AMMONIA/URINOUS	5.6700020906	0.213940514141
520191	AMMONIA/URINOUS	5.35850184212	0.202854656888
16324	AMMONIA/URINOUS	4.37101542674	0.167198306725
10400	AMMONIA/URINOUS	6.76571155718	0.252318521137
8294	AMMONIA/URINOUS	4.50034080798	0.171912405364
8918	AMMONIA/URINOUS	4.41342947305	0.168745835037
14286	AMMONIA/URINOUS	5.63926926027	0.212850227295
31272	AMMONIA/URINOUS	4.38071392418	0.167552295173
10285	AMMONIA/URINOUS	6.03169194947	0.22671515487
7463	AMMONIA/URINOUS	5.99555402115	0.225443493638
11980	AMMONIA/URINOUS	4.43179359317	0.169415425946
6584	AMMONIA/URINOUS	4.54003926571	0.173356788015
61024	AMMONIA/URINOUS	4.38998565169	0.167890636459
62725	AMMONIA/URINOUS	6.08260028717	0.228504800985
61527	AMMONIA/URINOUS	5.26536110817	0.199524833287
8186	AMMONIA/URINOUS	5.65962275502	0.213572378309
31249	AMMONIA/URINOUS	3.39069097228	0.131028924783
4133	AMMONIA/URINOUS	4.91026405937	0.186766285122
519539	AMMONIA/URINOUS	6.39939648149	0.239594949129
6998	AMMONIA/URINOUS	5.58250755256	0.210834545873
1060	AMMONIA/URINOUS	5.37996600172	0.203621026397
2879	DECAYED	4.18877400406	0.1605326291
16255	DECAYED	4.3559504197	0.166648295165
15606	DECAYED	4.58401245567	0.174955230149
11527	DECAYED	4.50841994327	0.172206457577
10430	DECAYED	5.93996809914	0.223485435558
7151	DECAYED	4.29588848509	0.164453676253
5367698	DECAYED	4.24896360571	0.162737067539
641423	DECAYED	4.36262561027	0.166892023525
6943	DECAYED	4.19174554322	0.160641529449
61204	DECAYED	4.19430058462	0.160735160427
6137	DECAYED	8.88454097909	0.3238076118
660	DECAYED	4.16022454719	0.159485994574
8193	DECAYED	4.156276217	0.159341195883
10882	DECAYED	5.61270808871	0.211907326713
11124	DECAYED	5.66946007785	0.213921292084
8363	DECAYED	4.06326741196	0.155926639654
10448	DECAYED	8.23230897692	0.30218399464
8375	DECAYED	4.24057997449	0.162430191572
8785	DECAYED	4.18100096449	0.160247730954
31404	DECAYED	4.11664215281	0.157886989067
5780	DECAYED	4.88791520978	0.185959922352
7991	DECAYED	8.13944980611	0.299077734986
61653	DECAYED	6.55693650552	0.245080093686
6997	DECAYED	4.23508530443	0.162229033163
24197	DECAYED	4.46924764137	0.170780235863
12580	DECAYED	4.33063987034	0.165723818139
7997	DECAYED	6.2415895975	0.234080607619
7601	DECAYED	4.08340024894	0.15666634692
650	DECAYED	4.8308298365	0.183898426696
6569	DECAYED	6.25212708217	0.234449446066
22386	DECAYED	5.24539785095	0.198810234592
14104	DECAYED	4.03585850518	0.154919078658
14296	DECAYED	4.27846592488	0.163816528727
244	DECAYED	4.24871638181	0.162728018915
24473	DECAYED	4.25041419271	0.162790159385
11525	DECAYED	4.39910986525	0.168223527567
61027	DECAYED	4.38459037594	0.167693761932
15380	DECAYED	12.2247191427	0.429211262459
228769	DECAYED	4.25954946215	0.163124473838
62902	DECAYED	5.04128138539	0.191485448213
326	DECAYED	4.15605839878	0.159333207386
8180	DECAYED	4.72051075732	0.179907141569
5280450	DECAYED	4.39066475174	0.167915415285
8163	DECAYED	4.58776473368	0.175091555246
9256	DECAYED	5.91660911428	0.222661859207
101010	DECAYED	7.56046628339	0.279554391167
27458	DECAYED	4.53245297106	0.173080866868
24834	DECAYED	4.10805428165	0.157571727274
2682	DECAYED	4.15164559474	0.159171359332
520191	DECAYED	6.85817664186	0.255513230934
16324	DECAYED	6.5516272653	0.244895562683
10400	DECAYED	4.7407746021	0.180641006553
8294	DECAYED	4.56923306966	0.174418166448
8918	DECAYED	4.28443305668	0.16403477562
14286	DECAYED	4.33233091369	0.165785600089
31272	DECAYED	5.58935261155	0.211077759415
10285	DECAYED	4.16421323272	0.15963226057
7463	DECAYED	4.15473145638	0.159284540865
11980	DECAYED	4.47686714877	0.171057750164
6584	DECAYED	4.94330403546	0.187957659503
61024	DECAYED	4.30807128699	0.164899060194
62725	DECAYED	6.89901150212	0.256921916202
61527	DECAYED	4.26902028665	0.163470997783
8186	DECAYED	4.25516913667	0.162964179714
31249	DECAYED	4.6210474247	0.176300265268
4133	DECAYED	4.17360242009	0.159976513939
519539	DECAYED	6.98287234431	0.259810691302
6998	DECAYED	4.23822612875	0.162344020863
1060	DECAYED	5.02337575631	0.190841308657
2879	WOOD	3.65839879537	0.140982399116
16255	WOOD	3.04427138707	0.118063820172
15606	WOOD	3.05766907766	0.118567027031
11527	WOOD	3.01637009597	0.117015408416
10430	WOOD	3.14892389218	0.121990667016
7151	WOOD	3.37694596752	0.130516333074
5367698	WOOD	3.04875436672	0.118232213393
641423	WOOD	3.03757909268	0.117812409009
6943	WOOD	3.97931478199	0.152838612826
61204	WOOD	3.23357691741	0.125160668824
6137	WOOD	3.08278467769	0.11950996256
660	WOOD	3.37290382684	0.130365560984
8193	WOOD	3.16913148622	0.122747901698
10882	WOOD	2.88625196485	0.112117898432
11124	WOOD	2.96331984025	0.11502028782
8363	WOOD	3.10210565031	0.120235002226
10448	WOOD	2.96739988725	0.115173810654
8375	WOOD	3.47064706376	0.134007726134
8785	WOOD	3.10173513762	0.120221101159
31404	WOOD	3.67848637777	0.141726950298
5780	WOOD	2.98609060366	0.115876929309
7991	WOOD	3.00625810154	0.116635288952
61653	WOOD	4.04949671534	0.155420499155
6997	WOOD	3.5164704066	0.135712590616
24197	WOOD	2.92754704729	0.113673669206
12580	WOOD	3.32112732433	0.128433138292
7997	WOOD	2.90879016399	0.112967182472
7601	WOOD	2.98923564873	0.115995214044
650	WOOD	3.12811805588	0.121210673207
6569	WOOD	3.04909102036	0.118244858394
22386	WOOD	3.03373861101	0.117668116456
14104	WOOD	4.13533124141	0.158572863866
14296	WOOD	3.99670082226	0.153478585905
244	WOOD	3.19714355608	0.123797051476
24473	WOOD	3.34293674378	0.129247379322
11525	WOOD	3.41477426545	0.131926697305
61027	WOOD	3.06297590167	0.118766307517
15380	WOOD	2.9791917252	0.115617435674
228769	WOOD	3.05204640661	0.118355861357
62902	WOOD	2.95912422331	0.114862402465
326	WOOD	3.80083257112	0.146254771552
8180	WOOD	7.20166924703	0.267321153904
5280450	WOOD	6.40676222619	0.239851848158
8163	WOOD	3.13920114568	0.121626212294
9256	WOOD	3.74429125978	0.144163763576
101010	WOOD	3.14361039518	0.12179150128
27458	WOOD	4.30505730933	0.164788884998
24834	WOOD	3.19685966557	0.123786421934
2682	WOOD	3.2167841995	0.124532287745
520191	WOOD	3.73595507947	0.143855259036
16324	WOOD	2.85479952543	0.110932028885
10400	WOOD	3.37944320985	0.13060947383
8294	WOOD	3.07313924775	0.119147895976
8918	WOOD	3.04839272446	0.118218629697
14286	WOOD	3.45474520095	0.133415702277
31272	WOOD	2.91526136994	0.113210955255
10285	WOOD	3.59476368427	0.138621616993
7463	WOOD	4.35787908823	0.16671871947
11980	WOOD	3.13896071292	0.121617198774
6584	WOOD	3.04390635407	0.118050107806
61024	WOOD	3.06698642785	0.118916894814
62725	WOOD	3.68665159493	0.142029503804
61527	WOOD	3.71641090632	0.143131752243
8186	WOOD	3.22015419476	0.124658410575
31249	WOOD	2.90328651862	0.112759831701
4133	WOOD	3.37346692295	0.130386565286
519539	WOOD	3.61437351563	0.139349462261
6998	WOOD	3.41734252456	0.13202240901
1060	WOOD	3.17441001032	0.122945648847
2879	GRASS	3.01410883911	0.116930412727
16255	GRASS	3.77512883312	0.145304514242
15606	GRASS	3.43500779518	0.132680600386
11527	GRASS	3.38991817633	0.131000108956
10430	GRASS	3.42306766498	0.132235749704
7151	GRASS	3.00749341708	0.116681730022
5367698	GRASS	7.6376027164	0.282170918554
641423	GRASS	3.15136533284	0.122082171929
6943	GRASS	3.02958362796	0.117511994335
61204	GRASS	3.29152857374	0.127327478809
6137	GRASS	3.12818547613	0.121213201296
660	GRASS	2.95169765603	0.11458289862
8193	GRASS	3.23977944698	0.125392709533
10882	GRASS	4.26273052587	0.16324087242
11124	GRASS	4.16048036817	0.159495375969
8363	GRASS	2.94625723266	0.114378116634
10448	GRASS	3.34982658137	0.129504528005
8375	GRASS	2.95855784153	0.11484108786
8785	GRASS	3.1292169839	0.121251879783
31404	GRASS	3.2974231147	0.127547724909
5780	GRASS	3.26986902517	0.12651794363
7991	GRASS	3.45562353676	0.133448407859
61653	GRASS	3.25697065191	0.126035682945
6997	GRASS	3.03095096624	0.117563373146
24197	GRASS	3.78124327746	0.145530610809
12580	GRASS	3.02682647606	0.117408387636
7997	GRASS	4.51522716457	0.172454176044
7601	GRASS	3.06883756963	0.118986397174
650	GRASS	3.13800222465	0.121581265801
6569	GRASS	3.68272473868	0.141884004947
22386	GRASS	3.34868193728	0.129461809204
14104	GRASS	3.13327066	0.121403872388
14296	GRASS	3.32228530145	0.128476380208
244	GRASS	3.06858323447	0.118976848152
24473	GRASS	3.43354362852	0.132626056401
11525	GRASS	3.32787167469	0.128684975034
61027	GRASS	3.50035085941	0.135113051921
15380	GRASS	3.19895220569	0.123864770142
228769	GRASS	3.80172311144	0.146287685011
62902	GRASS	4.47871291326	0.171124968787
326	GRASS	3.07747818183	0.119310778489
8180	GRASS	3.0838685717	0.119550644721
5280450	GRASS	3.4214367576	0.132174978509
8163	GRASS	3.22843130598	0.12496814476
9256	GRASS	2.98370999986	0.115787389849
101010	GRASS	3.49781733426	0.135018802929
27458	GRASS	3.20727827235	0.124176477328
24834	GRASS	3.0921089676	0.119859903557
2682	GRASS	3.24114137171	0.125443655912
520191	GRASS	3.14277559385	0.121760208381
16324	GRASS	4.00957374329	0.153952277091
10400	GRASS	2.91593816225	0.113236448343
8294	GRASS	3.93330163592	0.151143720733
8918	GRASS	3.58203024529	0.13814883354
14286	GRASS	2.97600152458	0.115497426953
31272	GRASS	4.54126222991	0.17340126414
10285	GRASS	2.97883491886	0.115604013765
7463	GRASS	3.10988883972	0.120526990151
11980	GRASS	3.22774050382	0.124942296649
6584	GRASS	3.34818927244	0.129443422336
61024	GRASS	4.53165294468	0.173051766423
62725	GRASS	3.13124381944	0.121327877635
61527	GRASS	3.14684817659	0.121912865685
8186	GRASS	3.21720956711	0.124548207725
31249	GRASS	3.74313242656	0.144120880917
4133	GRASS	2.98355906735	0.115781712811
519539	GRASS	3.13550841942	0.121487771557
6998	GRASS	2.96582540423	0.115114568038
1060	GRASS	3.00944699511	0.116755171318
2879	FLOWER	6.72157054328	0.250791017504
16255	FLOWER	7.45417787581	0.275941207911
15606	FLOWER	7.04832944164	0.262061598499
11527	FLOWER	6.15902787503	0.231187665255
10430	FLOWER	5.45339457426	0.206239978017
7151	FLOWER	7.98063965014	0.293749342315
5367698	FLOWER	9.48649353682	0.343462317623
641423	FLOWER	8.80944574765	0.321335296154
6943	FLOWER	7.38484602863	0.273579460799
61204	FLOWER	7.17316104952	0.266344746204
6137	FLOWER	5.78631458577	0.218060008837
660	FLOWER	8.41854698497	0.308393106064
8193	FLOWER	6.0788589119	0.228373346208
10882	FLOWER	6.90847483527	0.257248183591
11124	FLOWER	6.03986876596	0.227002744755
8363	FLOWER	11.641790276	0.411459098709
10448	FLOWER	5.30092174879	0.200796961397
8375	FLOWER	8.30993145741	0.304775273966
8785	FLOWER	8.24825629414	0.302716759008
31404	FLOWER	10.5257175128	0.376712408847
5780	FLOWER	5.87334393844	0.22113528993
7991	FLOWER	5.7014592565	0.215055715199
61653	FLOWER	4.18491600397	0.160391231375
6997	FLOWER	7.30743018161	0.270937792921
24197	FLOWER	7.03365966293	0.261557439216
12580	FLOWER	7.02052116076	0.261105759483
7997	FLOWER	6.18954446018	0.232257594157
7601	FLOWER	11.6526796806	0.411793209727
650	FLOWER	5.70880789699	0.215316120838
6569	FLOWER	5.71811654771	0.215645919167
22386	FLOWER	5.35765378009	0.202824369593
14104	FLOWER	6.44165073724	0.241068083801
14296	FLOWER	4.45675399654	0.170325097387
244	FLOWER	7.1668603785	0.266128860066
24473	FLOWER	7.14936681335	0.265529294201
11525	FLOWER	6.33011891197	0.237176594303
61027	FLOWER	7.42963464179	0.275105597307
15380	FLOWER	2.99583810985	0.116243506002
228769	FLOWER	7.41479376019	0.274600083805
62902	FLOWER	7.15279362186	0.265646762236
326	FLOWER	8.2714297672	0.303490570531
8180	FLOWER	6.33534085731	0.237359016781
5280450	FLOWER	6.48326559338	0.242517530633
8163	FLOWER	6.84235913588	0.254967214017
9256	FLOWER	3.96383990761	0.152268785579
101010	FLOWER	5.07387253827	0.192657228517
27458	FLOWER	3.93277599853	0.151124349119
24834	FLOWER	7.57796265994	0.280148299168
2682	FLOWER	6.11663208073	0.229700008025
520191	FLOWER	7.76374532389	0.286439516374
16324	FLOWER	6.80056178861	0.253523415288
10400	FLOWER	6.4983449997	0.243042404894
8294	FLOWER	7.20526172901	0.267444150527
8918	FLOWER	6.82643707799	0.254417385848
14286	FLOWER	7.367953812	0.27300345513
31272	FLOWER	6.39301472661	0.239372334146
10285	FLOWER	5.91981933197	0.22277506891
7463	FLOWER	4.33366254296	0.165834249304
11980	FLOWER	7.40740015953	0.274348175532
6584	FLOWER	5.6742674367	0.214091773091
61024	FLOWER	7.31846134429	0.271314503192
62725	FLOWER	3.77513476422	0.145304733574
61527	FLOWER	7.7569143487	0.286208685863
8186	FLOWER	6.22886069954	0.233634945736
31249	FLOWER	7.00041316878	0.260414212938
4133	FLOWER	8.57850098935	0.313703767884
519539	FLOWER	3.86097229827	0.148476049096
6998	FLOWER	7.31212330024	0.271098073146
1060	FLOWER	5.34979285833	0.202543600882
2879	CHEMICAL	18.2229901757	0.596088658651
16255	CHEMICAL	17.6243554942	0.580727057133
15606	CHEMICAL	17.8748942423	0.587191032023
11527	CHEMICAL	25.0843001696	0.751683160785
10430	CHEMICAL	17.2853104003	0.571899633757
7151	CHEMICAL	13.3478497552	0.462647952974
5367698	CHEMICAL	13.8016783524	0.475872603958
641423	CHEMICAL	12.1702208819	0.427563124752
6943	CHEMICAL	18.6620660579	0.607173558495
61204	CHEMICAL	18.7473272504	0.609308178401
6137	CHEMICAL	14.082393628	0.483970221004
660	CHEMICAL	18.2780874997	0.59748810693
8193	CHEMICAL	26.4103231699	0.777410858821
10882	CHEMICAL	17.1907396375	0.569420973787
11124	CHEMICAL	16.2972855972	0.545650816753
8363	CHEMICAL	18.2430190308	0.596597663888
10448	CHEMICAL	14.3068627187	0.490399980406
8375	CHEMICAL	17.0451751587	0.565591807872
8785	CHEMICAL	18.0413596943	0.591458123924
31404	CHEMICAL	20.7379446369	0.65749284637
5780	CHEMICAL	17.9163849812	0.588256658931
7991	CHEMICAL	16.6408212084	0.55486607614
61653	CHEMICAL	18.241887521	0.596568916708
6997	CHEMICAL	17.3418940426	0.57337924611
24197	CHEMICAL	17.1483494805	0.568307623258
12580	CHEMICAL	16.969476311	0.563593801932
7997	CHEMICAL	16.4766721373	0.550474595605
7601	CHEMICAL	18.5266519946	0.603771346133
650	CHEMICAL	19.3764236919	0.624878629641
6569	CHEMICAL	16.9686287401	0.563571405075
22386	CHEMICAL	23.1464936163	0.711555677959
14104	CHEMICAL	17.931913304	0.588655126262
14296	CHEMICAL	17.7197130873	0.583193230733
244	CHEMICAL	19.295291584	0.622888352436
24473	CHEMICAL	17.542515589	0.578604682284
11525	CHEMICAL	19.4967704878	0.627821195731
61027	CHEMICAL	16.1857111807	0.542637548658
15380	CHEMICAL	18.2749199841	0.597407719194
228769	CHEMICAL	17.9630969326	0.58945473674
62902	CHEMICAL	19.3360020603	0.623887692142
326	CHEMICAL	16.7805022217	0.558585986942
8180	CHEMICAL	24.884801591	0.747690723551
5280450	CHEMICAL	19.2589531969	0.621995216579
8163	CHEMICAL	18.5607952402	0.604630561629
9256	CHEMICAL	13.60067063	0.470035528565
101010	CHEMICAL	17.8757597362	0.58721327499
27458	CHEMICAL	14.9999246795	0.509997891025
24834	CHEMICAL	15.4037437215	0.521239620604
2682	CHEMICAL	26.0078535261	0.76975076303
520191	CHEMICAL	19.0386199188	0.616557177388
16324	CHEMICAL	14.0990421546	0.484448490312
10400	CHEMICAL	23.066012387	0.709824124505
8294	CHEMICAL	14.3681407672	0.492148243047
8918	CHEMICAL	18.2843409695	0.597646788905
14286	CHEMICAL	14.0105919926	0.481905004511
31272	CHEMICAL	16.9267155142	0.562463141329
10285	CHEMICAL	15.8000270986	0.532144741417
7463	CHEMICAL	19.5389153186	0.628848928014
11980	CHEMICAL	15.6313709102	0.527518933794
6584	CHEMICAL	16.6328371651	0.554652977741
61024	CHEMICAL	18.4934102514	0.602933920966
62725	CHEMICAL	15.2653629176	0.517401994702
61527	CHEMICAL	19.0687353522	0.617302746915
8186	CHEMICAL	18.4795496563	0.602584484051
31249	CHEMICAL	17.5586947876	0.579024686447
4133	CHEMICAL	16.6281528722	0.554527927712
519539	CHEMICAL	15.3343012234	0.519315731332
6998	CHEMICAL	15.4713715888	0.523109528015
1060	CHEMICAL	14.9282653337	0.507989370999
